         1  1.2340980E-04 -4.2249939E-09
         2  1.2402840E-04 -4.2814741E-09
         3  1.2465009E-04 -4.3387118E-09
         4  1.2527490E-04 -4.3967173E-09
         5  1.2590285E-04 -4.4555009E-09
         6  1.2653394E-04 -4.5150732E-09
         7  1.2716819E-04 -4.5754446E-09
         8  1.2780563E-04 -4.6366262E-09
         9  1.2844625E-04 -4.6986286E-09
        10  1.2909009E-04 -4.7614631E-09
        11  1.2973716E-04 -4.8251408E-09
        12  1.3038747E-04 -4.8896730E-09
        13  1.3104104E-04 -4.9550714E-09
        14  1.3169789E-04 -5.0213475E-09
        15  1.3235802E-04 -5.0885133E-09
        16  1.3302147E-04 -5.1565806E-09
        17  1.3368824E-04 -5.2255617E-09
        18  1.3435836E-04 -5.2954689E-09
        19  1.3503183E-04 -5.3663146E-09
        20  1.3570868E-04 -5.4381117E-09
        21  1.3638893E-04 -5.5108728E-09
        22  1.3707258E-04 -5.5846109E-09
        23  1.3775966E-04 -5.6593394E-09
        24  1.3845018E-04 -5.7350714E-09
        25  1.3914417E-04 -5.8118206E-09
        26  1.3984163E-04 -5.8896007E-09
        27  1.4054259E-04 -5.9684256E-09
        28  1.4124706E-04 -6.0483093E-09
        29  1.4195506E-04 -6.1292663E-09
        30  1.4266662E-04 -6.2113110E-09
        31  1.4338174E-04 -6.2944580E-09
        32  1.4410044E-04 -6.3787223E-09
        33  1.4482275E-04 -6.4641189E-09
        34  1.4554867E-04 -6.5506632E-09
        35  1.4627824E-04 -6.6383705E-09
        36  1.4701146E-04 -6.7272567E-09
        37  1.4774836E-04 -6.8173376E-09
        38  1.4848895E-04 -6.9086294E-09
        39  1.4923326E-04 -7.0011485E-09
        40  1.4998129E-04 -7.0949115E-09
        41  1.5073308E-04 -7.1899350E-09
        42  1.5148863E-04 -7.2862363E-09
        43  1.5224797E-04 -7.3838325E-09
        44  1.5301111E-04 -7.4827411E-09
        45  1.5377809E-04 -7.5829798E-09
        46  1.5454890E-04 -7.6845668E-09
        47  1.5532358E-04 -7.7875201E-09
        48  1.5610214E-04 -7.8918582E-09
        49  1.5688461E-04 -7.9976000E-09
        50  1.5767100E-04 -8.1047643E-09
        51  1.5846133E-04 -8.2133705E-09
        52  1.5925562E-04 -8.3234379E-09
        53  1.6005389E-04 -8.4349864E-09
        54  1.6085616E-04 -8.5480359E-09
        55  1.6166246E-04 -8.6626069E-09
        56  1.6247279E-04 -8.7787198E-09
        57  1.6328719E-04 -8.8963956E-09
        58  1.6410567E-04 -9.0156554E-09
        59  1.6492825E-04 -9.1365206E-09
        60  1.6575496E-04 -9.2590130E-09
        61  1.6658581E-04 -9.3831546E-09
        62  1.6742083E-04 -9.5089677E-09
        63  1.6826003E-04 -9.6364749E-09
        64  1.6910343E-04 -9.7656991E-09
        65  1.6995107E-04 -9.8966637E-09
        66  1.7080295E-04 -1.0029392E-08
        67  1.7165910E-04 -1.0163909E-08
        68  1.7251955E-04 -1.0300237E-08
        69  1.7338431E-04 -1.0438402E-08
        70  1.7425340E-04 -1.0578428E-08
        71  1.7512685E-04 -1.0720341E-08
        72  1.7600468E-04 -1.0864166E-08
        73  1.7688690E-04 -1.1009929E-08
        74  1.7777355E-04 -1.1157656E-08
        75  1.7866465E-04 -1.1307375E-08
        76  1.7956021E-04 -1.1459111E-08
        77  1.8046025E-04 -1.1612893E-08
        78  1.8136482E-04 -1.1768748E-08
        79  1.8227391E-04 -1.1926704E-08
        80  1.8318756E-04 -1.2086790E-08
        81  1.8410579E-04 -1.2249034E-08
        82  1.8502863E-04 -1.2413466E-08
        83  1.8595609E-04 -1.2580115E-08
        84  1.8688820E-04 -1.2749013E-08
        85  1.8782498E-04 -1.2920188E-08
        86  1.8876645E-04 -1.3093672E-08
        87  1.8971265E-04 -1.3269496E-08
        88  1.9066359E-04 -1.3447693E-08
        89  1.9161929E-04 -1.3628293E-08
        90  1.9257979E-04 -1.3811331E-08
        91  1.9354510E-04 -1.3996838E-08
        92  1.9451525E-04 -1.4184849E-08
        93  1.9549026E-04 -1.4375398E-08
        94  1.9647016E-04 -1.4568518E-08
        95  1.9745497E-04 -1.4764246E-08
        96  1.9844472E-04 -1.4962615E-08
        97  1.9943943E-04 -1.5163663E-08
        98  2.0043912E-04 -1.5367425E-08
        99  2.0144382E-04 -1.5573939E-08
       100  2.0245357E-04 -1.5783241E-08
       101  2.0346837E-04 -1.5995370E-08
       102  2.0448826E-04 -1.6210364E-08
       103  2.0551326E-04 -1.6428262E-08
       104  2.0654340E-04 -1.6649104E-08
       105  2.0757870E-04 -1.6872929E-08
       106  2.0861920E-04 -1.7099779E-08
       107  2.0966490E-04 -1.7329693E-08
       108  2.1071585E-04 -1.7562714E-08
       109  2.1177207E-04 -1.7798885E-08
       110  2.1283358E-04 -1.8038247E-08
       111  2.1390042E-04 -1.8280845E-08
       112  2.1497260E-04 -1.8526722E-08
       113  2.1605015E-04 -1.8775923E-08
       114  2.1713311E-04 -1.9028494E-08
       115  2.1822149E-04 -1.9284479E-08
       116  2.1931533E-04 -1.9543926E-08
       117  2.2041465E-04 -1.9806882E-08
       118  2.2151949E-04 -2.0073394E-08
       119  2.2262986E-04 -2.0343511E-08
       120  2.2374579E-04 -2.0617282E-08
       121  2.2486732E-04 -2.0894757E-08
       122  2.2599448E-04 -2.1175985E-08
       123  2.2712728E-04 -2.1461019E-08
       124  2.2826576E-04 -2.1749910E-08
       125  2.2940995E-04 -2.2042711E-08
       126  2.3055987E-04 -2.2339475E-08
       127  2.3171555E-04 -2.2640255E-08
       128  2.3287703E-04 -2.2945107E-08
       129  2.3404433E-04 -2.3254086E-08
       130  2.3521749E-04 -2.3567249E-08
       131  2.3639652E-04 -2.3884652E-08
       132  2.3758146E-04 -2.4206353E-08
       133  2.3877234E-04 -2.4532411E-08
       134  2.3996919E-04 -2.4862885E-08
       135  2.4117204E-04 -2.5197836E-08
       136  2.4238092E-04 -2.5537324E-08
       137  2.4359586E-04 -2.5881412E-08
       138  2.4481689E-04 -2.6230162E-08
       139  2.4604404E-04 -2.6583637E-08
       140  2.4727734E-04 -2.6941903E-08
       141  2.4851683E-04 -2.7305025E-08
       142  2.4976252E-04 -2.7673068E-08
       143  2.5101446E-04 -2.8046100E-08
       144  2.5227268E-04 -2.8424190E-08
       145  2.5353720E-04 -2.8807406E-08
       146  2.5480806E-04 -2.9195818E-08
       147  2.5608529E-04 -2.9589497E-08
       148  2.5736892E-04 -2.9988516E-08
       149  2.5865899E-04 -3.0392946E-08
       150  2.5995552E-04 -3.0802863E-08
       151  2.6125856E-04 -3.1218340E-08
       152  2.6256812E-04 -3.1639455E-08
       153  2.6388425E-04 -3.2066283E-08
       154  2.6520697E-04 -3.2498904E-08
       155  2.6653633E-04 -3.2937396E-08
       156  2.6787235E-04 -3.3381839E-08
       157  2.6921506E-04 -3.3832315E-08
       158  2.7056451E-04 -3.4288907E-08
       159  2.7192072E-04 -3.4751698E-08
       160  2.7328373E-04 -3.5220772E-08
       161  2.7465357E-04 -3.5696216E-08
       162  2.7603028E-04 -3.6178118E-08
       163  2.7741388E-04 -3.6666564E-08
       164  2.7880443E-04 -3.7161646E-08
       165  2.8020194E-04 -3.7663452E-08
       166  2.8160646E-04 -3.8172077E-08
       167  2.8301802E-04 -3.8687613E-08
       168  2.8443665E-04 -3.9210154E-08
       169  2.8586239E-04 -3.9739797E-08
       170  2.8729529E-04 -4.0276638E-08
       171  2.8873536E-04 -4.0820777E-08
       172  2.9018265E-04 -4.1372314E-08
       173  2.9163720E-04 -4.1931349E-08
       174  2.9309904E-04 -4.2497985E-08
       175  2.9456820E-04 -4.3072327E-08
       176  2.9604473E-04 -4.3654481E-08
       177  2.9752866E-04 -4.4244552E-08
       178  2.9902003E-04 -4.4842650E-08
       179  3.0051887E-04 -4.5448885E-08
       180  3.0202523E-04 -4.6063368E-08
       181  3.0353914E-04 -4.6686213E-08
       182  3.0506063E-04 -4.7317534E-08
       183  3.0658976E-04 -4.7957448E-08
       184  3.0812654E-04 -4.8606071E-08
       185  3.0967104E-04 -4.9263525E-08
       186  3.1122327E-04 -4.9929929E-08
       187  3.1278328E-04 -5.0605407E-08
       188  3.1435111E-04 -5.1290083E-08
       189  3.1592681E-04 -5.1984084E-08
       190  3.1751040E-04 -5.2687537E-08
       191  3.1910192E-04 -5.3400573E-08
       192  3.2070143E-04 -5.4123322E-08
       193  3.2230895E-04 -5.4855919E-08
       194  3.2392453E-04 -5.5598498E-08
       195  3.2554821E-04 -5.6351197E-08
       196  3.2718003E-04 -5.7114155E-08
       197  3.2882002E-04 -5.7887512E-08
       198  3.3046824E-04 -5.8671412E-08
       199  3.3212472E-04 -5.9465999E-08
       200  3.3378950E-04 -6.0271421E-08
       201  3.3546263E-04 -6.1087826E-08
       202  3.3714414E-04 -6.1915365E-08
       203  3.3883408E-04 -6.2754192E-08
       204  3.4053250E-04 -6.3604461E-08
       205  3.4223942E-04 -6.4466330E-08
       206  3.4395490E-04 -6.5339958E-08
       207  3.4567899E-04 -6.6225508E-08
       208  3.4741171E-04 -6.7123144E-08
       209  3.4915312E-04 -6.8033031E-08
       210  3.5090325E-04 -6.8955338E-08
       211  3.5266216E-04 -6.9890236E-08
       212  3.5442989E-04 -7.0837900E-08
       213  3.5620648E-04 -7.1798503E-08
       214  3.5799197E-04 -7.2772225E-08
       215  3.5978641E-04 -7.3759246E-08
       216  3.6158985E-04 -7.4759749E-08
       217  3.6340233E-04 -7.5773921E-08
       218  3.6522389E-04 -7.6801949E-08
       219  3.6705458E-04 -7.7844024E-08
       220  3.6889445E-04 -7.8900340E-08
       221  3.7074354E-04 -7.9971093E-08
       222  3.7260190E-04 -8.1056483E-08
       223  3.7446957E-04 -8.2156710E-08
       224  3.7634661E-04 -8.3271980E-08
       225  3.7823306E-04 -8.4402500E-08
       226  3.8012896E-04 -8.5548480E-08
       227  3.8203436E-04 -8.6710134E-08
       228  3.8394932E-04 -8.7887677E-08
       229  3.8587387E-04 -8.9081330E-08
       230  3.8780807E-04 -9.0291314E-08
       231  3.8975197E-04 -9.1517854E-08
       232  3.9170561E-04 -9.2761180E-08
       233  3.9366904E-04 -9.4021522E-08
       234  3.9564231E-04 -9.5299116E-08
       235  3.9762548E-04 -9.6594201E-08
       236  3.9961859E-04 -9.7907017E-08
       237  4.0162168E-04 -9.9237809E-08
       238  4.0363482E-04 -1.0058683E-07
       239  4.0565805E-04 -1.0195432E-07
       240  4.0769142E-04 -1.0334055E-07
       241  4.0973498E-04 -1.0474576E-07
       242  4.1178878E-04 -1.0617023E-07
       243  4.1385288E-04 -1.0761422E-07
       244  4.1592733E-04 -1.0907800E-07
       245  4.1801217E-04 -1.1056184E-07
       246  4.2010747E-04 -1.1206602E-07
       247  4.2221327E-04 -1.1359083E-07
       248  4.2432962E-04 -1.1513654E-07
       249  4.2645658E-04 -1.1670344E-07
       250  4.2859420E-04 -1.1829184E-07
       251  4.3074254E-04 -1.1990202E-07
       252  4.3290165E-04 -1.2153429E-07
       253  4.3507158E-04 -1.2318895E-07
       254  4.3725238E-04 -1.2486632E-07
       255  4.3944412E-04 -1.2656671E-07
       256  4.4164684E-04 -1.2829043E-07
       257  4.4386060E-04 -1.3003782E-07
       258  4.4608546E-04 -1.3180919E-07
       259  4.4832148E-04 -1.3360488E-07
       260  4.5056870E-04 -1.3542523E-07
       261  4.5282718E-04 -1.3727058E-07
       262  4.5509699E-04 -1.3914127E-07
       263  4.5737817E-04 -1.4103766E-07
       264  4.5967079E-04 -1.4296010E-07
       265  4.6197490E-04 -1.4490896E-07
       266  4.6429056E-04 -1.4688460E-07
       267  4.6661782E-04 -1.4888738E-07
       268  4.6895676E-04 -1.5091770E-07
       269  4.7130741E-04 -1.5297593E-07
       270  4.7366985E-04 -1.5506245E-07
       271  4.7604413E-04 -1.5717767E-07
       272  4.7843031E-04 -1.5932197E-07
       273  4.8082845E-04 -1.6149577E-07
       274  4.8323861E-04 -1.6369946E-07
       275  4.8566086E-04 -1.6593347E-07
       276  4.8809524E-04 -1.6819822E-07
       277  4.9054183E-04 -1.7049414E-07
       278  4.9300068E-04 -1.7282165E-07
       279  4.9547186E-04 -1.7518119E-07
       280  4.9795542E-04 -1.7757322E-07
       281  5.0045143E-04 -1.7999818E-07
       282  5.0295996E-04 -1.8245653E-07
       283  5.0548105E-04 -1.8494873E-07
       284  5.0801479E-04 -1.8747526E-07
       285  5.1056122E-04 -1.9003659E-07
       286  5.1312042E-04 -1.9263321E-07
       287  5.1569245E-04 -1.9526560E-07
       288  5.1827737E-04 -1.9793427E-07
       289  5.2087524E-04 -2.0063971E-07
       290  5.2348614E-04 -2.0338245E-07
       291  5.2611013E-04 -2.0616299E-07
       292  5.2874727E-04 -2.0898187E-07
       293  5.3139762E-04 -2.1183962E-07
       294  5.3406126E-04 -2.1473678E-07
       295  5.3673826E-04 -2.1767389E-07
       296  5.3942867E-04 -2.2065152E-07
       297  5.4213257E-04 -2.2367023E-07
       298  5.4485002E-04 -2.2673059E-07
       299  5.4758109E-04 -2.2983318E-07
       300  5.5032585E-04 -2.3297859E-07
       301  5.5308437E-04 -2.3616742E-07
       302  5.5585672E-04 -2.3940027E-07
       303  5.5864296E-04 -2.4267775E-07
       304  5.6144317E-04 -2.4600049E-07
       305  5.6425742E-04 -2.4936912E-07
       306  5.6708577E-04 -2.5278427E-07
       307  5.6992830E-04 -2.5624660E-07
       308  5.7278507E-04 -2.5975677E-07
       309  5.7565617E-04 -2.6331544E-07
       310  5.7854166E-04 -2.6692328E-07
       311  5.8144161E-04 -2.7058099E-07
       312  5.8435610E-04 -2.7428926E-07
       313  5.8728520E-04 -2.7804879E-07
       314  5.9022898E-04 -2.8186031E-07
       315  5.9318751E-04 -2.8572453E-07
       316  5.9616088E-04 -2.8964220E-07
       317  5.9914915E-04 -2.9361405E-07
       318  6.0215239E-04 -2.9764085E-07
       319  6.0517069E-04 -3.0172336E-07
       320  6.0820413E-04 -3.0586237E-07
       321  6.1125276E-04 -3.1005865E-07
       322  6.1431668E-04 -3.1431302E-07
       323  6.1739595E-04 -3.1862628E-07
       324  6.2049066E-04 -3.2299925E-07
       325  6.2360089E-04 -3.2743278E-07
       326  6.2672670E-04 -3.3192770E-07
       327  6.2986818E-04 -3.3648488E-07
       328  6.3302541E-04 -3.4110518E-07
       329  6.3619846E-04 -3.4578950E-07
       330  6.3938742E-04 -3.5053871E-07
       331  6.4259236E-04 -3.5535375E-07
       332  6.4581337E-04 -3.6023551E-07
       333  6.4905052E-04 -3.6518494E-07
       334  6.5230390E-04 -3.7020299E-07
       335  6.5557359E-04 -3.7529062E-07
       336  6.5885966E-04 -3.8044879E-07
       337  6.6216221E-04 -3.8567850E-07
       338  6.6548131E-04 -3.9098074E-07
       339  6.6881705E-04 -3.9635655E-07
       340  6.7216951E-04 -4.0180693E-07
       341  6.7553878E-04 -4.0733295E-07
       342  6.7892493E-04 -4.1293566E-07
       343  6.8232805E-04 -4.1861613E-07
       344  6.8574824E-04 -4.2437546E-07
       345  6.8918556E-04 -4.3021474E-07
       346  6.9264012E-04 -4.3613511E-07
       347  6.9611199E-04 -4.4213769E-07
       348  6.9960127E-04 -4.4822364E-07
       349  7.0310804E-04 -4.5439414E-07
       350  7.0663238E-04 -4.6065035E-07
       351  7.1017439E-04 -4.6699350E-07
       352  7.1373415E-04 -4.7342479E-07
       353  7.1731176E-04 -4.7994547E-07
       354  7.2090730E-04 -4.8655679E-07
       355  7.2452086E-04 -4.9326001E-07
       356  7.2815254E-04 -5.0005644E-07
       357  7.3180242E-04 -5.0694738E-07
       358  7.3547059E-04 -5.1393416E-07
       359  7.3915716E-04 -5.2101811E-07
       360  7.4286220E-04 -5.2820062E-07
       361  7.4658581E-04 -5.3548306E-07
       362  7.5032809E-04 -5.4286683E-07
       363  7.5408912E-04 -5.5035336E-07
       364  7.5786901E-04 -5.5794410E-07
       365  7.6166784E-04 -5.6564050E-07
       366  7.6548572E-04 -5.7344406E-07
       367  7.6932273E-04 -5.8135628E-07
       368  7.7317898E-04 -5.8937868E-07
       369  7.7705455E-04 -5.9751283E-07
       370  7.8094956E-04 -6.0576028E-07
       371  7.8486408E-04 -6.1412263E-07
       372  7.8879823E-04 -6.2260150E-07
       373  7.9275210E-04 -6.3119854E-07
       374  7.9672578E-04 -6.3991539E-07
       375  8.0071939E-04 -6.4875375E-07
       376  8.0473301E-04 -6.5771532E-07
       377  8.0876675E-04 -6.6680185E-07
       378  8.1282071E-04 -6.7601509E-07
       379  8.1689499E-04 -6.8535682E-07
       380  8.2098970E-04 -6.9482886E-07
       381  8.2510492E-04 -7.0443303E-07
       382  8.2924078E-04 -7.1417121E-07
       383  8.3339737E-04 -7.2404528E-07
       384  8.3757479E-04 -7.3405714E-07
       385  8.4177315E-04 -7.4420876E-07
       386  8.4599255E-04 -7.5450209E-07
       387  8.5023311E-04 -7.6493912E-07
       388  8.5449492E-04 -7.7552190E-07
       389  8.5877809E-04 -7.8625247E-07
       390  8.6308274E-04 -7.9713292E-07
       391  8.6740896E-04 -8.0816535E-07
       392  8.7175686E-04 -8.1935192E-07
       393  8.7612656E-04 -8.3069479E-07
       394  8.8051816E-04 -8.4219618E-07
       395  8.8493178E-04 -8.5385831E-07
       396  8.8936752E-04 -8.6568347E-07
       397  8.9382549E-04 -8.7767394E-07
       398  8.9830581E-04 -8.8983206E-07
       399  9.0280859E-04 -9.0216019E-07
       400  9.0733394E-04 -9.1466075E-07
       401  9.1188197E-04 -9.2733615E-07
       402  9.1645279E-04 -9.4018888E-07
       403  9.2104653E-04 -9.5322143E-07
       404  9.2566330E-04 -9.6643635E-07
       405  9.3030320E-04 -9.7983621E-07
       406  9.3496637E-04 -9.9342363E-07
       407  9.3965291E-04 -1.0072012E-06
       408  9.4436294E-04 -1.0211718E-06
       409  9.4909657E-04 -1.0353379E-06
       410  9.5385394E-04 -1.0497024E-06
       411  9.5863515E-04 -1.0642681E-06
       412  9.6344033E-04 -1.0790378E-06
       413  9.6826960E-04 -1.0940145E-06
       414  9.7312307E-04 -1.1092010E-06
       415  9.7800087E-04 -1.1246003E-06
       416  9.8290312E-04 -1.1402154E-06
       417  9.8782994E-04 -1.1560494E-06
       418  9.9278146E-04 -1.1721054E-06
       419  9.9775780E-04 -1.1883864E-06
       420  1.0027591E-03 -1.2048958E-06
       421  1.0077854E-03 -1.2216367E-06
       422  1.0128370E-03 -1.2386124E-06
       423  1.0179138E-03 -1.2558263E-06
       424  1.0230162E-03 -1.2732816E-06
       425  1.0281440E-03 -1.2909819E-06
       426  1.0332976E-03 -1.3089306E-06
       427  1.0384771E-03 -1.3271311E-06
       428  1.0436825E-03 -1.3455872E-06
       429  1.0489139E-03 -1.3643023E-06
       430  1.0541716E-03 -1.3832802E-06
       431  1.0594557E-03 -1.4025246E-06
       432  1.0647662E-03 -1.4220392E-06
       433  1.0701034E-03 -1.4418280E-06
       434  1.0754673E-03 -1.4618947E-06
       435  1.0808581E-03 -1.4822434E-06
       436  1.0862759E-03 -1.5028780E-06
       437  1.0917209E-03 -1.5238025E-06
       438  1.0971932E-03 -1.5450211E-06
       439  1.1026929E-03 -1.5665380E-06
       440  1.1082202E-03 -1.5883574E-06
       441  1.1137751E-03 -1.6104835E-06
       442  1.1193580E-03 -1.6329208E-06
       443  1.1249688E-03 -1.6556736E-06
       444  1.1306077E-03 -1.6787465E-06
       445  1.1362749E-03 -1.7021439E-06
       446  1.1419705E-03 -1.7258704E-06
       447  1.1476947E-03 -1.7499309E-06
       448  1.1534475E-03 -1.7743299E-06
       449  1.1592292E-03 -1.7990722E-06
       450  1.1650398E-03 -1.8241629E-06
       451  1.1708796E-03 -1.8496067E-06
       452  1.1767487E-03 -1.8754088E-06
       453  1.1826472E-03 -1.9015742E-06
       454  1.1885752E-03 -1.9281081E-06
       455  1.1945330E-03 -1.9550156E-06
       456  1.2005206E-03 -1.9823022E-06
       457  1.2065382E-03 -2.0099732E-06
       458  1.2125860E-03 -2.0380341E-06
       459  1.2186641E-03 -2.0664903E-06
       460  1.2247727E-03 -2.0953476E-06
       461  1.2309119E-03 -2.1246116E-06
       462  1.2370819E-03 -2.1542882E-06
       463  1.2432828E-03 -2.1843831E-06
       464  1.2495148E-03 -2.2149023E-06
       465  1.2557780E-03 -2.2458519E-06
       466  1.2620726E-03 -2.2772379E-06
       467  1.2683988E-03 -2.3090667E-06
       468  1.2747566E-03 -2.3413444E-06
       469  1.2811464E-03 -2.3740775E-06
       470  1.2875681E-03 -2.4072725E-06
       471  1.2940221E-03 -2.4409358E-06
       472  1.3005084E-03 -2.4750743E-06
       473  1.3070272E-03 -2.5096946E-06
       474  1.3135787E-03 -2.5448036E-06
       475  1.3201631E-03 -2.5804083E-06
       476  1.3267804E-03 -2.6165157E-06
       477  1.3334309E-03 -2.6531330E-06
       478  1.3401148E-03 -2.6902674E-06
       479  1.3468321E-03 -2.7279263E-06
       480  1.3535832E-03 -2.7661172E-06
       481  1.3603680E-03 -2.8048476E-06
       482  1.3671869E-03 -2.8441252E-06
       483  1.3740400E-03 -2.8839579E-06
       484  1.3809274E-03 -2.9243535E-06
       485  1.3878493E-03 -2.9653201E-06
       486  1.3948059E-03 -3.0068657E-06
       487  1.4017974E-03 -3.0489987E-06
       488  1.4088240E-03 -3.0917274E-06
       489  1.4158857E-03 -3.1350603E-06
       490  1.4229829E-03 -3.1790060E-06
       491  1.4301156E-03 -3.2235733E-06
       492  1.4372841E-03 -3.2687709E-06
       493  1.4444885E-03 -3.3146080E-06
       494  1.4517290E-03 -3.3610936E-06
       495  1.4590058E-03 -3.4082369E-06
       496  1.4663191E-03 -3.4560474E-06
       497  1.4736691E-03 -3.5045345E-06
       498  1.4810559E-03 -3.5537079E-06
       499  1.4884797E-03 -3.6035774E-06
       500  1.4959408E-03 -3.6541530E-06
       501  1.5034392E-03 -3.7054446E-06
       502  1.5109752E-03 -3.7574626E-06
       503  1.5185490E-03 -3.8102172E-06
       504  1.5261608E-03 -3.8637190E-06
       505  1.5338107E-03 -3.9179787E-06
       506  1.5414989E-03 -3.9730070E-06
       507  1.5492257E-03 -4.0288150E-06
       508  1.5569913E-03 -4.0854138E-06
       509  1.5647957E-03 -4.1428146E-06
       510  1.5726393E-03 -4.2010289E-06
       511  1.5805222E-03 -4.2600683E-06
       512  1.5884446E-03 -4.3199447E-06
       513  1.5964067E-03 -4.3806698E-06
       514  1.6044087E-03 -4.4422560E-06
       515  1.6124508E-03 -4.5047154E-06
       516  1.6205333E-03 -4.5680606E-06
       517  1.6286562E-03 -4.6323042E-06
       518  1.6368199E-03 -4.6974590E-06
       519  1.6450245E-03 -4.7635380E-06
       520  1.6532702E-03 -4.8305545E-06
       521  1.6615573E-03 -4.8985218E-06
       522  1.6698859E-03 -4.9674536E-06
       523  1.6782562E-03 -5.0373635E-06
       524  1.6866685E-03 -5.1082657E-06
       525  1.6951230E-03 -5.1801742E-06
       526  1.7036198E-03 -5.2531035E-06
       527  1.7121592E-03 -5.3270681E-06
       528  1.7207415E-03 -5.4020828E-06
       529  1.7293667E-03 -5.4781627E-06
       530  1.7380352E-03 -5.5553230E-06
       531  1.7467471E-03 -5.6335791E-06
       532  1.7555027E-03 -5.7129466E-06
       533  1.7643022E-03 -5.7934416E-06
       534  1.7731458E-03 -5.8750800E-06
       535  1.7820338E-03 -5.9578784E-06
       536  1.7909663E-03 -6.0418531E-06
       537  1.7999435E-03 -6.1270211E-06
       538  1.8089658E-03 -6.2133995E-06
       539  1.8180332E-03 -6.3010054E-06
       540  1.8271462E-03 -6.3898566E-06
       541  1.8363048E-03 -6.4799708E-06
       542  1.8455093E-03 -6.5713661E-06
       543  1.8547599E-03 -6.6640608E-06
       544  1.8640570E-03 -6.7580735E-06
       545  1.8734006E-03 -6.8534230E-06
       546  1.8827911E-03 -6.9501285E-06
       547  1.8922286E-03 -7.0482095E-06
       548  1.9017134E-03 -7.1476854E-06
       549  1.9112458E-03 -7.2485765E-06
       550  1.9208260E-03 -7.3509028E-06
       551  1.9304541E-03 -7.4546849E-06
       552  1.9401306E-03 -7.5599437E-06
       553  1.9498555E-03 -7.6667003E-06
       554  1.9596292E-03 -7.7749761E-06
       555  1.9694519E-03 -7.8847929E-06
       556  1.9793238E-03 -7.9961727E-06
       557  1.9892452E-03 -8.1091380E-06
       558  1.9992164E-03 -8.2237114E-06
       559  2.0092375E-03 -8.3399159E-06
       560  2.0193088E-03 -8.4577749E-06
       561  2.0294306E-03 -8.5773121E-06
       562  2.0396032E-03 -8.6985515E-06
       563  2.0498268E-03 -8.8215175E-06
       564  2.0601016E-03 -8.9462349E-06
       565  2.0704279E-03 -9.0727285E-06
       566  2.0808059E-03 -9.2010241E-06
       567  2.0912360E-03 -9.3311472E-06
       568  2.1017184E-03 -9.4631242E-06
       569  2.1122533E-03 -9.5969815E-06
       570  2.1228410E-03 -9.7327461E-06
       571  2.1334818E-03 -9.8704454E-06
       572  2.1441759E-03 -1.0010107E-05
       573  2.1549236E-03 -1.0151759E-05
       574  2.1657252E-03 -1.0295430E-05
       575  2.1765810E-03 -1.0441149E-05
       576  2.1874911E-03 -1.0588945E-05
       577  2.1984560E-03 -1.0738847E-05
       578  2.2094758E-03 -1.0890887E-05
       579  2.2205508E-03 -1.1045095E-05
       580  2.2316814E-03 -1.1201502E-05
       581  2.2428677E-03 -1.1360139E-05
       582  2.2541101E-03 -1.1521038E-05
       583  2.2654089E-03 -1.1684232E-05
       584  2.2767643E-03 -1.1849754E-05
       585  2.2881767E-03 -1.2017636E-05
       586  2.2996462E-03 -1.2187913E-05
       587  2.3111732E-03 -1.2360619E-05
       588  2.3227580E-03 -1.2535789E-05
       589  2.3344009E-03 -1.2713459E-05
       590  2.3461021E-03 -1.2893663E-05
       591  2.3578620E-03 -1.3076438E-05
       592  2.3696808E-03 -1.3261822E-05
       593  2.3815589E-03 -1.3449851E-05
       594  2.3934965E-03 -1.3640564E-05
       595  2.4054940E-03 -1.3833999E-05
       596  2.4175516E-03 -1.4030194E-05
       597  2.4296696E-03 -1.4229190E-05
       598  2.4418484E-03 -1.4431027E-05
       599  2.4540882E-03 -1.4635745E-05
       600  2.4663893E-03 -1.4843386E-05
       601  2.4787522E-03 -1.5053991E-05
       602  2.4911770E-03 -1.5267603E-05
       603  2.5036641E-03 -1.5484265E-05
       604  2.5162137E-03 -1.5704021E-05
       605  2.5288263E-03 -1.5926915E-05
       606  2.5415021E-03 -1.6152993E-05
       607  2.5542414E-03 -1.6382299E-05
       608  2.5670446E-03 -1.6614880E-05
       609  2.5799120E-03 -1.6850783E-05
       610  2.5928438E-03 -1.7090056E-05
       611  2.6058405E-03 -1.7332746E-05
       612  2.6189023E-03 -1.7578904E-05
       613  2.6320297E-03 -1.7828578E-05
       614  2.6452228E-03 -1.8081819E-05
       615  2.6584820E-03 -1.8338678E-05
       616  2.6718077E-03 -1.8599207E-05
       617  2.6852002E-03 -1.8863458E-05
       618  2.6986598E-03 -1.9131486E-05
       619  2.7121869E-03 -1.9403343E-05
       620  2.7257818E-03 -1.9679086E-05
       621  2.7394448E-03 -1.9958769E-05
       622  2.7531763E-03 -2.0242449E-05
       623  2.7669767E-03 -2.0530183E-05
       624  2.7808462E-03 -2.0822030E-05
       625  2.7947853E-03 -2.1118048E-05
       626  2.8087942E-03 -2.1418297E-05
       627  2.8228733E-03 -2.1722838E-05
       628  2.8370230E-03 -2.2031733E-05
       629  2.8512437E-03 -2.2345043E-05
       630  2.8655356E-03 -2.2662832E-05
       631  2.8798992E-03 -2.2985164E-05
       632  2.8943347E-03 -2.3312105E-05
       633  2.9088426E-03 -2.3643720E-05
       634  2.9234233E-03 -2.3980076E-05
       635  2.9380770E-03 -2.4321241E-05
       636  2.9528042E-03 -2.4667285E-05
       637  2.9676051E-03 -2.5018276E-05
       638  2.9824803E-03 -2.5374286E-05
       639  2.9974301E-03 -2.5735387E-05
       640  3.0124548E-03 -2.6101652E-05
       641  3.0275547E-03 -2.6473155E-05
       642  3.0427304E-03 -2.6849970E-05
       643  3.0579822E-03 -2.7232175E-05
       644  3.0733104E-03 -2.7619845E-05
       645  3.0887154E-03 -2.8013060E-05
       646  3.1041977E-03 -2.8411899E-05
       647  3.1197575E-03 -2.8816442E-05
       648  3.1353954E-03 -2.9226771E-05
       649  3.1511116E-03 -2.9642969E-05
       650  3.1669066E-03 -3.0065120E-05
       651  3.1827808E-03 -3.0493309E-05
       652  3.1987346E-03 -3.0927623E-05
       653  3.2147683E-03 -3.1368150E-05
       654  3.2308824E-03 -3.1814978E-05
       655  3.2470772E-03 -3.2268197E-05
       656  3.2633533E-03 -3.2727900E-05
       657  3.2797109E-03 -3.3194179E-05
       658  3.2961505E-03 -3.3667128E-05
       659  3.3126725E-03 -3.4146843E-05
       660  3.3292774E-03 -3.4633420E-05
       661  3.3459655E-03 -3.5126958E-05
       662  3.3627372E-03 -3.5627557E-05
       663  3.3795930E-03 -3.6135317E-05
       664  3.3965332E-03 -3.6650341E-05
       665  3.4135584E-03 -3.7172733E-05
       666  3.4306690E-03 -3.7702598E-05
       667  3.4478653E-03 -3.8240044E-05
       668  3.4651478E-03 -3.8785179E-05
       669  3.4825169E-03 -3.9338113E-05
       670  3.4999731E-03 -3.9898957E-05
       671  3.5175168E-03 -4.0467825E-05
       672  3.5351484E-03 -4.1044832E-05
       673  3.5528684E-03 -4.1630094E-05
       674  3.5706772E-03 -4.2223728E-05
       675  3.5885753E-03 -4.2825856E-05
       676  3.6065631E-03 -4.3436597E-05
       677  3.6246411E-03 -4.4056077E-05
       678  3.6428097E-03 -4.4684419E-05
       679  3.6610694E-03 -4.5321750E-05
       680  3.6794205E-03 -4.5968199E-05
       681  3.6978637E-03 -4.6623896E-05
       682  3.7163993E-03 -4.7288974E-05
       683  3.7350279E-03 -4.7963566E-05
       684  3.7537498E-03 -4.8647809E-05
       685  3.7725655E-03 -4.9341841E-05
       686  3.7914756E-03 -5.0045801E-05
       687  3.8104804E-03 -5.0759831E-05
       688  3.8295805E-03 -5.1484076E-05
       689  3.8487764E-03 -5.2218681E-05
       690  3.8680685E-03 -5.2963794E-05
       691  3.8874572E-03 -5.3719566E-05
       692  3.9069432E-03 -5.4486149E-05
       693  3.9265268E-03 -5.5263697E-05
       694  3.9462086E-03 -5.6052367E-05
       695  3.9659891E-03 -5.6852318E-05
       696  3.9858687E-03 -5.7663711E-05
       697  4.0058479E-03 -5.8486710E-05
       698  4.0259273E-03 -5.9321479E-05
       699  4.0461074E-03 -6.0168188E-05
       700  4.0663886E-03 -6.1027006E-05
       701  4.0867714E-03 -6.1898107E-05
       702  4.1072565E-03 -6.2781666E-05
       703  4.1278442E-03 -6.3677861E-05
       704  4.1485351E-03 -6.4586871E-05
       705  4.1693297E-03 -6.5508881E-05
       706  4.1902285E-03 -6.6444076E-05
       707  4.2112322E-03 -6.7392643E-05
       708  4.2323410E-03 -6.8354773E-05
       709  4.2535557E-03 -6.9330661E-05
       710  4.2748768E-03 -7.0320502E-05
       711  4.2963047E-03 -7.1324495E-05
       712  4.3178400E-03 -7.2342842E-05
       713  4.3394833E-03 -7.3375748E-05
       714  4.3612350E-03 -7.4423420E-05
       715  4.3830958E-03 -7.5486070E-05
       716  4.4050662E-03 -7.6563910E-05
       717  4.4271466E-03 -7.7657157E-05
       718  4.4493378E-03 -7.8766030E-05
       719  4.4716402E-03 -7.9890753E-05
       720  4.4940544E-03 -8.1031551E-05
       721  4.5165809E-03 -8.2188653E-05
       722  4.5392204E-03 -8.3362292E-05
       723  4.5619733E-03 -8.4552703E-05
       724  4.5848403E-03 -8.5760125E-05
       725  4.6078219E-03 -8.6984800E-05
       726  4.6309187E-03 -8.8226974E-05
       727  4.6541313E-03 -8.9486896E-05
       728  4.6774602E-03 -9.0764819E-05
       729  4.7009061E-03 -9.2060999E-05
       730  4.7244695E-03 -9.3375696E-05
       731  4.7481510E-03 -9.4709173E-05
       732  4.7719512E-03 -9.6061697E-05
       733  4.7958707E-03 -9.7433541E-05
       734  4.8199101E-03 -9.8824977E-05
       735  4.8440700E-03 -1.0023629E-04
       736  4.8683510E-03 -1.0166775E-04
       737  4.8927537E-03 -1.0311966E-04
       738  4.9172788E-03 -1.0459229E-04
       739  4.9419267E-03 -1.0608596E-04
       740  4.9666982E-03 -1.0760095E-04
       741  4.9915939E-03 -1.0913756E-04
       742  5.0166144E-03 -1.1069612E-04
       743  5.0417603E-03 -1.1227692E-04
       744  5.0670322E-03 -1.1388029E-04
       745  5.0924308E-03 -1.1550654E-04
       746  5.1179567E-03 -1.1715600E-04
       747  5.1436106E-03 -1.1882899E-04
       748  5.1693930E-03 -1.2052587E-04
       749  5.1953047E-03 -1.2224695E-04
       750  5.2213463E-03 -1.2399259E-04
       751  5.2475184E-03 -1.2576313E-04
       752  5.2738217E-03 -1.2755893E-04
       753  5.3002568E-03 -1.2938035E-04
       754  5.3268245E-03 -1.3122775E-04
       755  5.3535253E-03 -1.3310149E-04
       756  5.3803600E-03 -1.3500196E-04
       757  5.4073291E-03 -1.3692952E-04
       758  5.4344335E-03 -1.3888457E-04
       759  5.4616737E-03 -1.4086750E-04
       760  5.4890504E-03 -1.4287869E-04
       761  5.5165644E-03 -1.4491855E-04
       762  5.5442163E-03 -1.4698749E-04
       763  5.5720068E-03 -1.4908592E-04
       764  5.5999366E-03 -1.5121425E-04
       765  5.6280064E-03 -1.5337291E-04
       766  5.6562169E-03 -1.5556233E-04
       767  5.6845688E-03 -1.5778294E-04
       768  5.7130628E-03 -1.6003518E-04
       769  5.7416997E-03 -1.6231951E-04
       770  5.7704801E-03 -1.6463638E-04
       771  5.7994047E-03 -1.6698624E-04
       772  5.8284744E-03 -1.6936956E-04
       773  5.8576897E-03 -1.7178682E-04
       774  5.8870515E-03 -1.7423850E-04
       775  5.9165605E-03 -1.7672507E-04
       776  5.9462174E-03 -1.7924705E-04
       777  5.9760229E-03 -1.8180492E-04
       778  6.0059778E-03 -1.8439919E-04
       779  6.0360829E-03 -1.8703038E-04
       780  6.0663389E-03 -1.8969901E-04
       781  6.0967466E-03 -1.9240560E-04
       782  6.1273066E-03 -1.9515070E-04
       783  6.1580199E-03 -1.9793484E-04
       784  6.1888871E-03 -2.0075858E-04
       785  6.2199090E-03 -2.0362248E-04
       786  6.2510864E-03 -2.0652709E-04
       787  6.2824201E-03 -2.0947301E-04
       788  6.3139109E-03 -2.1246080E-04
       789  6.3455595E-03 -2.1549106E-04
       790  6.3773668E-03 -2.1856438E-04
       791  6.4093334E-03 -2.2168138E-04
       792  6.4414604E-03 -2.2484267E-04
       793  6.4737483E-03 -2.2804887E-04
       794  6.5061981E-03 -2.3130062E-04
       795  6.5388106E-03 -2.3459855E-04
       796  6.5715865E-03 -2.3794332E-04
       797  6.6045267E-03 -2.4133558E-04
       798  6.6376320E-03 -2.4477601E-04
       799  6.6709033E-03 -2.4826528E-04
       800  6.7043413E-03 -2.5180407E-04
       801  6.7379470E-03 -2.5539309E-04
       802  6.7717211E-03 -2.5903303E-04
       803  6.8056645E-03 -2.6272463E-04
       804  6.8397780E-03 -2.6646859E-04
       805  6.8740626E-03 -2.7026566E-04
       806  6.9085189E-03 -2.7411658E-04
       807  6.9431480E-03 -2.7802210E-04
       808  6.9779507E-03 -2.8198300E-04
       809  7.0129278E-03 -2.8600006E-04
       810  7.0480803E-03 -2.9007405E-04
       811  7.0834089E-03 -2.9420578E-04
       812  7.1189147E-03 -2.9839605E-04
       813  7.1545984E-03 -3.0264569E-04
       814  7.1904609E-03 -3.0695553E-04
       815  7.2265033E-03 -3.1132642E-04
       816  7.2627263E-03 -3.1575920E-04
       817  7.2991308E-03 -3.2025475E-04
       818  7.3357179E-03 -3.2481394E-04
       819  7.3724883E-03 -3.2943766E-04
       820  7.4094431E-03 -3.3412682E-04
       821  7.4465831E-03 -3.3888233E-04
       822  7.4839092E-03 -3.4370513E-04
       823  7.5214225E-03 -3.4859614E-04
       824  7.5591238E-03 -3.5355633E-04
       825  7.5970140E-03 -3.5858666E-04
       826  7.6350942E-03 -3.6368811E-04
       827  7.6733653E-03 -3.6886167E-04
       828  7.7118282E-03 -3.7410836E-04
       829  7.7504839E-03 -3.7942918E-04
       830  7.7893334E-03 -3.8482518E-04
       831  7.8283775E-03 -3.9029741E-04
       832  7.8676175E-03 -3.9584692E-04
       833  7.9070541E-03 -4.0147480E-04
       834  7.9466883E-03 -4.0718214E-04
       835  7.9865213E-03 -4.1297004E-04
       836  8.0265539E-03 -4.1883963E-04
       837  8.0667871E-03 -4.2479205E-04
       838  8.1072221E-03 -4.3082844E-04
       839  8.1478597E-03 -4.3694998E-04
       840  8.1887010E-03 -4.4315785E-04
       841  8.2297470E-03 -4.4945325E-04
       842  8.2709988E-03 -4.5583740E-04
       843  8.3124574E-03 -4.6231153E-04
       844  8.3541237E-03 -4.6887690E-04
       845  8.3959990E-03 -4.7553476E-04
       846  8.4380841E-03 -4.8228642E-04
       847  8.4803802E-03 -4.8913316E-04
       848  8.5228882E-03 -4.9607630E-04
       849  8.5656094E-03 -5.0311719E-04
       850  8.6085447E-03 -5.1025718E-04
       851  8.6516952E-03 -5.1749765E-04
       852  8.6950620E-03 -5.2483998E-04
       853  8.7386462E-03 -5.3228559E-04
       854  8.7824488E-03 -5.3983591E-04
       855  8.8264710E-03 -5.4749239E-04
       856  8.8707139E-03 -5.5525650E-04
       857  8.9151785E-03 -5.6312972E-04
       858  8.9598661E-03 -5.7111358E-04
       859  9.0047776E-03 -5.7920959E-04
       860  9.0499142E-03 -5.8741930E-04
       861  9.0952771E-03 -5.9574430E-04
       862  9.1408674E-03 -6.0418617E-04
       863  9.1866862E-03 -6.1274652E-04
       864  9.2327346E-03 -6.2142700E-04
       865  9.2790139E-03 -6.3022925E-04
       866  9.3255251E-03 -6.3915496E-04
       867  9.3722695E-03 -6.4820584E-04
       868  9.4192482E-03 -6.5738360E-04
       869  9.4664624E-03 -6.6668999E-04
       870  9.5139132E-03 -6.7612679E-04
       871  9.5616019E-03 -6.8569579E-04
       872  9.6095297E-03 -6.9539882E-04
       873  9.6576976E-03 -7.0523771E-04
       874  9.7061070E-03 -7.1521434E-04
       875  9.7547591E-03 -7.2533059E-04
       876  9.8036550E-03 -7.3558840E-04
       877  9.8527961E-03 -7.4598969E-04
       878  9.9021834E-03 -7.5653645E-04
       879  9.9518183E-03 -7.6723067E-04
       880  1.0001702E-02 -7.7807437E-04
       881  1.0051836E-02 -7.8906960E-04
       882  1.0102221E-02 -8.0021845E-04
       883  1.0152858E-02 -8.1152301E-04
       884  1.0203750E-02 -8.2298543E-04
       885  1.0254896E-02 -8.3460785E-04
       886  1.0306299E-02 -8.4639248E-04
       887  1.0357960E-02 -8.5834153E-04
       888  1.0409879E-02 -8.7045726E-04
       889  1.0462059E-02 -8.8274193E-04
       890  1.0514500E-02 -8.9519786E-04
       891  1.0567204E-02 -9.0782739E-04
       892  1.0620173E-02 -9.2063289E-04
       893  1.0673407E-02 -9.3361676E-04
       894  1.0726907E-02 -9.4678144E-04
       895  1.0780676E-02 -9.6012939E-04
       896  1.0834714E-02 -9.7366311E-04
       897  1.0889024E-02 -9.8738512E-04
       898  1.0943605E-02 -1.0012980E-03
       899  1.0998460E-02 -1.0154044E-03
       900  1.1053590E-02 -1.0297068E-03
       901  1.1108997E-02 -1.0442080E-03
       902  1.1164681E-02 -1.0589107E-03
       903  1.1220644E-02 -1.0738176E-03
       904  1.1276888E-02 -1.0889314E-03
       905  1.1333413E-02 -1.1042551E-03
       906  1.1390222E-02 -1.1197914E-03
       907  1.1447316E-02 -1.1355432E-03
       908  1.1504696E-02 -1.1515134E-03
       909  1.1562363E-02 -1.1677050E-03
       910  1.1620320E-02 -1.1841211E-03
       911  1.1678567E-02 -1.2007646E-03
       912  1.1737106E-02 -1.2176386E-03
       913  1.1795939E-02 -1.2347462E-03
       914  1.1855066E-02 -1.2520907E-03
       915  1.1914490E-02 -1.2696751E-03
       916  1.1974211E-02 -1.2875028E-03
       917  1.2034232E-02 -1.3055770E-03
       918  1.2094554E-02 -1.3239010E-03
       919  1.2155178E-02 -1.3424783E-03
       920  1.2216106E-02 -1.3613122E-03
       921  1.2277340E-02 -1.3804062E-03
       922  1.2338880E-02 -1.3997637E-03
       923  1.2400729E-02 -1.4193884E-03
       924  1.2462888E-02 -1.4392839E-03
       925  1.2525359E-02 -1.4594537E-03
       926  1.2588142E-02 -1.4799015E-03
       927  1.2651241E-02 -1.5006312E-03
       928  1.2714655E-02 -1.5216464E-03
       929  1.2778388E-02 -1.5429511E-03
       930  1.2842440E-02 -1.5645490E-03
       931  1.2906813E-02 -1.5864442E-03
       932  1.2971508E-02 -1.6086406E-03
       933  1.3036528E-02 -1.6311421E-03
       934  1.3101874E-02 -1.6539531E-03
       935  1.3167547E-02 -1.6770774E-03
       936  1.3233550E-02 -1.7005195E-03
       937  1.3299884E-02 -1.7242834E-03
       938  1.3366549E-02 -1.7483735E-03
       939  1.3433550E-02 -1.7727941E-03
       940  1.3500886E-02 -1.7975497E-03
       941  1.3568559E-02 -1.8226447E-03
       942  1.3636572E-02 -1.8480836E-03
       943  1.3704925E-02 -1.8738711E-03
       944  1.3773622E-02 -1.9000117E-03
       945  1.3842662E-02 -1.9265101E-03
       946  1.3912049E-02 -1.9533712E-03
       947  1.3981783E-02 -1.9805997E-03
       948  1.4051867E-02 -2.0082004E-03
       949  1.4122302E-02 -2.0361784E-03
       950  1.4193091E-02 -2.0645387E-03
       951  1.4264234E-02 -2.0932862E-03
       952  1.4335734E-02 -2.1224262E-03
       953  1.4407592E-02 -2.1519638E-03
       954  1.4479810E-02 -2.1819043E-03
       955  1.4552391E-02 -2.2122530E-03
       956  1.4625335E-02 -2.2430152E-03
       957  1.4698645E-02 -2.2741966E-03
       958  1.4772322E-02 -2.3058025E-03
       959  1.4846368E-02 -2.3378387E-03
       960  1.4920786E-02 -2.3703107E-03
       961  1.4995577E-02 -2.4032243E-03
       962  1.5070742E-02 -2.4365852E-03
       963  1.5146285E-02 -2.4703995E-03
       964  1.5222206E-02 -2.5046731E-03
       965  1.5298508E-02 -2.5394119E-03
       966  1.5375192E-02 -2.5746220E-03
       967  1.5452260E-02 -2.6103098E-03
       968  1.5529715E-02 -2.6464814E-03
       969  1.5607558E-02 -2.6831431E-03
       970  1.5685791E-02 -2.7203015E-03
       971  1.5764416E-02 -2.7579629E-03
       972  1.5843436E-02 -2.7961339E-03
       973  1.5922852E-02 -2.8348213E-03
       974  1.6002665E-02 -2.8740317E-03
       975  1.6082879E-02 -2.9137720E-03
       976  1.6163495E-02 -2.9540490E-03
       977  1.6244514E-02 -2.9948698E-03
       978  1.6325940E-02 -3.0362415E-03
       979  1.6407775E-02 -3.0781712E-03
       980  1.6490019E-02 -3.1206661E-03
       981  1.6572675E-02 -3.1637337E-03
       982  1.6655746E-02 -3.2073812E-03
       983  1.6739234E-02 -3.2516164E-03
       984  1.6823139E-02 -3.2964467E-03
       985  1.6907466E-02 -3.3418798E-03
       986  1.6992215E-02 -3.3879237E-03
       987  1.7077389E-02 -3.4345861E-03
       988  1.7162989E-02 -3.4818751E-03
       989  1.7249019E-02 -3.5297988E-03
       990  1.7335480E-02 -3.5783653E-03
       991  1.7422375E-02 -3.6275829E-03
       992  1.7509705E-02 -3.6774600E-03
       993  1.7597472E-02 -3.7280051E-03
       994  1.7685680E-02 -3.7792269E-03
       995  1.7774330E-02 -3.8311339E-03
       996  1.7863424E-02 -3.8837349E-03
       997  1.7952965E-02 -3.9370390E-03
       998  1.8042955E-02 -3.9910551E-03
       999  1.8133395E-02 -4.0457923E-03
      1000  1.8224289E-02 -4.1012598E-03
      1001  1.8315639E-02 -4.1574670E-03
      1002  1.8407446E-02 -4.2144234E-03
      1003  1.8499714E-02 -4.2721384E-03
      1004  1.8592444E-02 -4.3306219E-03
      1005  1.8685639E-02 -4.3898834E-03
      1006  1.8779301E-02 -4.4499331E-03
      1007  1.8873433E-02 -4.5107809E-03
      1008  1.8968037E-02 -4.5724369E-03
      1009  1.9063114E-02 -4.6349114E-03
      1010  1.9158669E-02 -4.6982148E-03
      1011  1.9254702E-02 -4.7623576E-03
      1012  1.9351216E-02 -4.8273504E-03
      1013  1.9448215E-02 -4.8932041E-03
      1014  1.9545699E-02 -4.9599294E-03
      1015  1.9643673E-02 -5.0275374E-03
      1016  1.9742137E-02 -5.0960392E-03
      1017  1.9841095E-02 -5.1654461E-03
      1018  1.9940549E-02 -5.2357696E-03
      1019  2.0040501E-02 -5.3070210E-03
      1020  2.0140954E-02 -5.3792122E-03
      1021  2.0241911E-02 -5.4523549E-03
      1022  2.0343374E-02 -5.5264610E-03
      1023  2.0445346E-02 -5.6015426E-03
      1024  2.0547829E-02 -5.6776121E-03
      1025  2.0650825E-02 -5.7546816E-03
      1026  2.0754338E-02 -5.8327637E-03
      1027  2.0858369E-02 -5.9118711E-03
      1028  2.0962922E-02 -5.9920166E-03
      1029  2.1068000E-02 -6.0732131E-03
      1030  2.1173603E-02 -6.1554737E-03
      1031  2.1279736E-02 -6.2388116E-03
      1032  2.1386402E-02 -6.3232402E-03
      1033  2.1493601E-02 -6.4087731E-03
      1034  2.1601338E-02 -6.4954239E-03
      1035  2.1709616E-02 -6.5832065E-03
      1036  2.1818436E-02 -6.6721350E-03
      1037  2.1927801E-02 -6.7622234E-03
      1038  2.2037714E-02 -6.8534862E-03
      1039  2.2148179E-02 -6.9459378E-03
      1040  2.2259197E-02 -7.0395928E-03
      1041  2.2370772E-02 -7.1344661E-03
      1042  2.2482906E-02 -7.2305727E-03
      1043  2.2595602E-02 -7.3279277E-03
      1044  2.2708863E-02 -7.4265465E-03
      1045  2.2822691E-02 -7.5264444E-03
      1046  2.2937091E-02 -7.6276373E-03
      1047  2.3052063E-02 -7.7301409E-03
      1048  2.3167612E-02 -7.8339712E-03
      1049  2.3283740E-02 -7.9391445E-03
      1050  2.3400451E-02 -8.0456772E-03
      1051  2.3517746E-02 -8.1535857E-03
      1052  2.3635629E-02 -8.2628868E-03
      1053  2.3754103E-02 -8.3735974E-03
      1054  2.3873171E-02 -8.4857347E-03
      1055  2.3992836E-02 -8.5993159E-03
      1056  2.4113100E-02 -8.7143585E-03
      1057  2.4233968E-02 -8.8308802E-03
      1058  2.4355441E-02 -8.9488988E-03
      1059  2.4477523E-02 -9.0684325E-03
      1060  2.4600217E-02 -9.1894994E-03
      1061  2.4723526E-02 -9.3121180E-03
      1062  2.4847454E-02 -9.4363070E-03
      1063  2.4972002E-02 -9.5620852E-03
      1064  2.5097175E-02 -9.6894717E-03
      1065  2.5222975E-02 -9.8184858E-03
      1066  2.5349406E-02 -9.9491468E-03
      1067  2.5476470E-02 -1.0081475E-02
      1068  2.5604171E-02 -1.0215489E-02
      1069  2.5732513E-02 -1.0351210E-02
      1070  2.5861497E-02 -1.0488658E-02
      1071  2.5991129E-02 -1.0627853E-02
      1072  2.6121410E-02 -1.0768817E-02
      1073  2.6252344E-02 -1.0911569E-02
      1074  2.6383934E-02 -1.1056133E-02
      1075  2.6516184E-02 -1.1202528E-02
      1076  2.6649097E-02 -1.1350776E-02
      1077  2.6782676E-02 -1.1500900E-02
      1078  2.6916925E-02 -1.1652920E-02
      1079  2.7051847E-02 -1.1806861E-02
      1080  2.7187445E-02 -1.1962744E-02
      1081  2.7323722E-02 -1.2120591E-02
      1082  2.7460683E-02 -1.2280427E-02
      1083  2.7598330E-02 -1.2442274E-02
      1084  2.7736668E-02 -1.2606155E-02
      1085  2.7875698E-02 -1.2772095E-02
      1086  2.8015426E-02 -1.2940117E-02
      1087  2.8155854E-02 -1.3110246E-02
      1088  2.8296985E-02 -1.3282506E-02
      1089  2.8438825E-02 -1.3456921E-02
      1090  2.8581375E-02 -1.3633517E-02
      1091  2.8724640E-02 -1.3812320E-02
      1092  2.8868623E-02 -1.3993353E-02
      1093  2.9013327E-02 -1.4176643E-02
      1094  2.9158757E-02 -1.4362217E-02
      1095  2.9304916E-02 -1.4550099E-02
      1096  2.9451807E-02 -1.4740318E-02
      1097  2.9599435E-02 -1.4932898E-02
      1098  2.9747803E-02 -1.5127869E-02
      1099  2.9896914E-02 -1.5325256E-02
      1100  3.0046773E-02 -1.5525087E-02
      1101  3.0197383E-02 -1.5727390E-02
      1102  3.0348748E-02 -1.5932194E-02
      1103  3.0500872E-02 -1.6139526E-02
      1104  3.0653758E-02 -1.6349415E-02
      1105  3.0807411E-02 -1.6561890E-02
      1106  3.0961834E-02 -1.6776981E-02
      1107  3.1117031E-02 -1.6994716E-02
      1108  3.1273005E-02 -1.7215126E-02
      1109  3.1429762E-02 -1.7438240E-02
      1110  3.1587304E-02 -1.7664089E-02
      1111  3.1745636E-02 -1.7892703E-02
      1112  3.1904762E-02 -1.8124114E-02
      1113  3.2064685E-02 -1.8358353E-02
      1114  3.2225410E-02 -1.8595450E-02
      1115  3.2386941E-02 -1.8835438E-02
      1116  3.2549281E-02 -1.9078349E-02
      1117  3.2712435E-02 -1.9324215E-02
      1118  3.2876407E-02 -1.9573069E-02
      1119  3.3041200E-02 -1.9824943E-02
      1120  3.3206820E-02 -2.0079872E-02
      1121  3.3373270E-02 -2.0337888E-02
      1122  3.3540554E-02 -2.0599026E-02
      1123  3.3708677E-02 -2.0863320E-02
      1124  3.3877642E-02 -2.1130804E-02
      1125  3.4047455E-02 -2.1401512E-02
      1126  3.4218118E-02 -2.1675481E-02
      1127  3.4389637E-02 -2.1952746E-02
      1128  3.4562016E-02 -2.2233341E-02
      1129  3.4735259E-02 -2.2517304E-02
      1130  3.4909370E-02 -2.2804671E-02
      1131  3.5084354E-02 -2.3095478E-02
      1132  3.5260215E-02 -2.3389763E-02
      1133  3.5436958E-02 -2.3687562E-02
      1134  3.5614586E-02 -2.3988914E-02
      1135  3.5793105E-02 -2.4293856E-02
      1136  3.5972519E-02 -2.4602426E-02
      1137  3.6152832E-02 -2.4914665E-02
      1138  3.6334049E-02 -2.5230609E-02
      1139  3.6516174E-02 -2.5550299E-02
      1140  3.6699212E-02 -2.5873775E-02
      1141  3.6883167E-02 -2.6201076E-02
      1142  3.7068045E-02 -2.6532242E-02
      1143  3.7253849E-02 -2.6867314E-02
      1144  3.7440585E-02 -2.7206334E-02
      1145  3.7628257E-02 -2.7549342E-02
      1146  3.7816869E-02 -2.7896380E-02
      1147  3.8006427E-02 -2.8247490E-02
      1148  3.8196935E-02 -2.8602714E-02
      1149  3.8388398E-02 -2.8962096E-02
      1150  3.8580821E-02 -2.9325678E-02
      1151  3.8774208E-02 -2.9693503E-02
      1152  3.8968564E-02 -3.0065615E-02
      1153  3.9163895E-02 -3.0442059E-02
      1154  3.9360205E-02 -3.0822878E-02
      1155  3.9557499E-02 -3.1208117E-02
      1156  3.9755782E-02 -3.1597822E-02
      1157  3.9955058E-02 -3.1992038E-02
      1158  4.0155334E-02 -3.2390810E-02
      1159  4.0356613E-02 -3.2794185E-02
      1160  4.0558902E-02 -3.3202209E-02
      1161  4.0762204E-02 -3.3614929E-02
      1162  4.0966525E-02 -3.4032392E-02
      1163  4.1171871E-02 -3.4454646E-02
      1164  4.1378246E-02 -3.4881738E-02
      1165  4.1585655E-02 -3.5313718E-02
      1166  4.1794104E-02 -3.5750632E-02
      1167  4.2003598E-02 -3.6192531E-02
      1168  4.2214142E-02 -3.6639464E-02
      1169  4.2425741E-02 -3.7091479E-02
      1170  4.2638401E-02 -3.7548628E-02
      1171  4.2852127E-02 -3.8010961E-02
      1172  4.3066924E-02 -3.8478528E-02
      1173  4.3282798E-02 -3.8951379E-02
      1174  4.3499754E-02 -3.9429568E-02
      1175  4.3717797E-02 -3.9913145E-02
      1176  4.3936934E-02 -4.0402162E-02
      1177  4.4157168E-02 -4.0896672E-02
      1178  4.4378507E-02 -4.1396728E-02
      1179  4.4600955E-02 -4.1902382E-02
      1180  4.4824519E-02 -4.2413689E-02
      1181  4.5049202E-02 -4.2930702E-02
      1182  4.5275012E-02 -4.3453475E-02
      1183  4.5501954E-02 -4.3982063E-02
      1184  4.5730034E-02 -4.4516520E-02
      1185  4.5959257E-02 -4.5056902E-02
      1186  4.6189628E-02 -4.5603265E-02
      1187  4.6421155E-02 -4.6155663E-02
      1188  4.6653842E-02 -4.6714154E-02
      1189  4.6887695E-02 -4.7278794E-02
      1190  4.7122721E-02 -4.7849640E-02
      1191  4.7358924E-02 -4.8426748E-02
      1192  4.7596312E-02 -4.9010178E-02
      1193  4.7834889E-02 -4.9599985E-02
      1194  4.8074663E-02 -5.0196230E-02
      1195  4.8315638E-02 -5.0798969E-02
      1196  4.8557821E-02 -5.1408263E-02
      1197  4.8801218E-02 -5.2024169E-02
      1198  4.9045835E-02 -5.2646749E-02
      1199  4.9291679E-02 -5.3276061E-02
      1200  4.9538754E-02 -5.3912166E-02
      1201  4.9787068E-02 -5.4555123E-02
      1202  5.0036627E-02 -5.5204995E-02
      1203  5.0287437E-02 -5.5861841E-02
      1204  5.0539504E-02 -5.6525724E-02
      1205  5.0792834E-02 -5.7196704E-02
      1206  5.1047434E-02 -5.7874844E-02
      1207  5.1303310E-02 -5.8560206E-02
      1208  5.1560469E-02 -5.9252853E-02
      1209  5.1818917E-02 -5.9952847E-02
      1210  5.2078661E-02 -6.0660252E-02
      1211  5.2339706E-02 -6.1375130E-02
      1212  5.2602060E-02 -6.2097546E-02
      1213  5.2865729E-02 -6.2827563E-02
      1214  5.3130719E-02 -6.3565246E-02
      1215  5.3397038E-02 -6.4310658E-02
      1216  5.3664692E-02 -6.5063866E-02
      1217  5.3933687E-02 -6.5824932E-02
      1218  5.4204031E-02 -6.6593924E-02
      1219  5.4475730E-02 -6.7370906E-02
      1220  5.4748791E-02 -6.8155944E-02
      1221  5.5023220E-02 -6.8949103E-02
      1222  5.5299025E-02 -6.9750450E-02
      1223  5.5576213E-02 -7.0560052E-02
      1224  5.5854790E-02 -7.1377974E-02
      1225  5.6134763E-02 -7.2204284E-02
      1226  5.6416140E-02 -7.3039048E-02
      1227  5.6698927E-02 -7.3882333E-02
      1228  5.6983131E-02 -7.4734208E-02
      1229  5.7268760E-02 -7.5594739E-02
      1230  5.7555821E-02 -7.6463994E-02
      1231  5.7844321E-02 -7.7342041E-02
      1232  5.8134267E-02 -7.8228948E-02
      1233  5.8425666E-02 -7.9124783E-02
      1234  5.8718526E-02 -8.0029614E-02
      1235  5.9012854E-02 -8.0943510E-02
      1236  5.9308657E-02 -8.1866540E-02
      1237  5.9605943E-02 -8.2798772E-02
      1238  5.9904719E-02 -8.3740275E-02
      1239  6.0204992E-02 -8.4691118E-02
      1240  6.0506771E-02 -8.5651369E-02
      1241  6.0810063E-02 -8.6621099E-02
      1242  6.1114874E-02 -8.7600376E-02
      1243  6.1421214E-02 -8.8589269E-02
      1244  6.1729089E-02 -8.9587848E-02
      1245  6.2038507E-02 -9.0596181E-02
      1246  6.2349477E-02 -9.1614340E-02
      1247  6.2662005E-02 -9.2642392E-02
      1248  6.2976099E-02 -9.3680407E-02
      1249  6.3291768E-02 -9.4728455E-02
      1250  6.3609020E-02 -9.5786605E-02
      1251  6.3927861E-02 -9.6854926E-02
      1252  6.4248301E-02 -9.7933489E-02
      1253  6.4570347E-02 -9.9022362E-02
      1254  6.4894007E-02 -1.0012161E-01
      1255  6.5219290E-02 -1.0123132E-01
      1256  6.5546203E-02 -1.0235154E-01
      1257  6.5874754E-02 -1.0348234E-01
      1258  6.6204953E-02 -1.0462381E-01
      1259  6.6536807E-02 -1.0577599E-01
      1260  6.6870324E-02 -1.0693898E-01
      1261  6.7205513E-02 -1.0811282E-01
      1262  6.7542382E-02 -1.0929760E-01
      1263  6.7880939E-02 -1.1049337E-01
      1264  6.8221194E-02 -1.1170021E-01
      1265  6.8563154E-02 -1.1291819E-01
      1266  6.8906828E-02 -1.1414737E-01
      1267  6.9252225E-02 -1.1538783E-01
      1268  6.9599354E-02 -1.1663962E-01
      1269  6.9948222E-02 -1.1790281E-01
      1270  7.0298839E-02 -1.1917748E-01
      1271  7.0651213E-02 -1.2046369E-01
      1272  7.1005354E-02 -1.2176150E-01
      1273  7.1361270E-02 -1.2307098E-01
      1274  7.1718969E-02 -1.2439220E-01
      1275  7.2078462E-02 -1.2572523E-01
      1276  7.2439757E-02 -1.2707012E-01
      1277  7.2802863E-02 -1.2842694E-01
      1278  7.3167789E-02 -1.2979575E-01
      1279  7.3534544E-02 -1.3117663E-01
      1280  7.3903137E-02 -1.3256963E-01
      1281  7.4273578E-02 -1.3397481E-01
      1282  7.4645876E-02 -1.3539224E-01
      1283  7.5020040E-02 -1.3682199E-01
      1284  7.5396080E-02 -1.3826410E-01
      1285  7.5774004E-02 -1.3971865E-01
      1286  7.6153823E-02 -1.4118569E-01
      1287  7.6535545E-02 -1.4266529E-01
      1288  7.6919181E-02 -1.4415749E-01
      1289  7.7304740E-02 -1.4566237E-01
      1290  7.7692232E-02 -1.4717998E-01
      1291  7.8081666E-02 -1.4871037E-01
      1292  7.8473052E-02 -1.5025361E-01
      1293  7.8866400E-02 -1.5180975E-01
      1294  7.9261719E-02 -1.5337884E-01
      1295  7.9659020E-02 -1.5496095E-01
      1296  8.0058313E-02 -1.5655612E-01
      1297  8.0459607E-02 -1.5816440E-01
      1298  8.0862912E-02 -1.5978586E-01
      1299  8.1268239E-02 -1.6142054E-01
      1300  8.1675598E-02 -1.6306849E-01
      1301  8.2084999E-02 -1.6472977E-01
      1302  8.2496451E-02 -1.6640441E-01
      1303  8.2909967E-02 -1.6809248E-01
      1304  8.3325555E-02 -1.6979402E-01
      1305  8.3743226E-02 -1.7150907E-01
      1306  8.4162990E-02 -1.7323768E-01
      1307  8.4584859E-02 -1.7497989E-01
      1308  8.5008842E-02 -1.7673575E-01
      1309  8.5434951E-02 -1.7850531E-01
      1310  8.5863195E-02 -1.8028859E-01
      1311  8.6293586E-02 -1.8208565E-01
      1312  8.6726135E-02 -1.8389651E-01
      1313  8.7160851E-02 -1.8572123E-01
      1314  8.7597747E-02 -1.8755984E-01
      1315  8.8036833E-02 -1.8941236E-01
      1316  8.8478119E-02 -1.9127884E-01
      1317  8.8921617E-02 -1.9315932E-01
      1318  8.9367339E-02 -1.9505381E-01
      1319  8.9815295E-02 -1.9696236E-01
      1320  9.0265496E-02 -1.9888499E-01
      1321  9.0717953E-02 -2.0082173E-01
      1322  9.1172679E-02 -2.0277260E-01
      1323  9.1629684E-02 -2.0473764E-01
      1324  9.2088980E-02 -2.0671686E-01
      1325  9.2550578E-02 -2.0871030E-01
      1326  9.3014489E-02 -2.1071796E-01
      1327  9.3480726E-02 -2.1273987E-01
      1328  9.3949300E-02 -2.1477604E-01
      1329  9.4420223E-02 -2.1682650E-01
      1330  9.4893507E-02 -2.1889125E-01
      1331  9.5369162E-02 -2.2097031E-01
      1332  9.5847202E-02 -2.2306370E-01
      1333  9.6327638E-02 -2.2517141E-01
      1334  9.6810483E-02 -2.2729346E-01
      1335  9.7295747E-02 -2.2942986E-01
      1336  9.7783444E-02 -2.3158061E-01
      1337  9.8273586E-02 -2.3374570E-01
      1338  9.8766184E-02 -2.3592515E-01
      1339  9.9261252E-02 -2.3811895E-01
      1340  9.9758801E-02 -2.4032710E-01
      1341  1.0025884E-01 -2.4254958E-01
      1342  1.0076139E-01 -2.4478640E-01
      1343  1.0126646E-01 -2.4703755E-01
      1344  1.0177406E-01 -2.4930301E-01
      1345  1.0228421E-01 -2.5158277E-01
      1346  1.0279691E-01 -2.5387682E-01
      1347  1.0331218E-01 -2.5618513E-01
      1348  1.0383003E-01 -2.5850769E-01
      1349  1.0435048E-01 -2.6084448E-01
      1350  1.0487354E-01 -2.6319547E-01
      1351  1.0539922E-01 -2.6556063E-01
      1352  1.0592754E-01 -2.6793994E-01
      1353  1.0645850E-01 -2.7033336E-01
      1354  1.0699213E-01 -2.7274086E-01
      1355  1.0752843E-01 -2.7516241E-01
      1356  1.0806742E-01 -2.7759796E-01
      1357  1.0860911E-01 -2.8004748E-01
      1358  1.0915351E-01 -2.8251092E-01
      1359  1.0970065E-01 -2.8498824E-01
      1360  1.1025053E-01 -2.8747938E-01
      1361  1.1080316E-01 -2.8998430E-01
      1362  1.1135856E-01 -2.9250294E-01
      1363  1.1191675E-01 -2.9503524E-01
      1364  1.1247773E-01 -2.9758115E-01
      1365  1.1304153E-01 -3.0014061E-01
      1366  1.1360815E-01 -3.0271354E-01
      1367  1.1417762E-01 -3.0529988E-01
      1368  1.1474993E-01 -3.0789956E-01
      1369  1.1532512E-01 -3.1051250E-01
      1370  1.1590319E-01 -3.1313864E-01
      1371  1.1648416E-01 -3.1577788E-01
      1372  1.1706804E-01 -3.1843015E-01
      1373  1.1765484E-01 -3.2109536E-01
      1374  1.1824459E-01 -3.2377343E-01
      1375  1.1883729E-01 -3.2646425E-01
      1376  1.1943297E-01 -3.2916775E-01
      1377  1.2003163E-01 -3.3188381E-01
      1378  1.2063329E-01 -3.3461233E-01
      1379  1.2123797E-01 -3.3735322E-01
      1380  1.2184567E-01 -3.4010636E-01
      1381  1.2245643E-01 -3.4287165E-01
      1382  1.2307024E-01 -3.4564896E-01
      1383  1.2368714E-01 -3.4843818E-01
      1384  1.2430712E-01 -3.5123919E-01
      1385  1.2493021E-01 -3.5405187E-01
      1386  1.2555643E-01 -3.5687608E-01
      1387  1.2618578E-01 -3.5971169E-01
      1388  1.2681829E-01 -3.6255857E-01
      1389  1.2745397E-01 -3.6541659E-01
      1390  1.2809284E-01 -3.6828558E-01
      1391  1.2873490E-01 -3.7116542E-01
      1392  1.2938019E-01 -3.7405595E-01
      1393  1.3002871E-01 -3.7695702E-01
      1394  1.3068048E-01 -3.7986847E-01
      1395  1.3133552E-01 -3.8279013E-01
      1396  1.3199384E-01 -3.8572185E-01
      1397  1.3265547E-01 -3.8866345E-01
      1398  1.3332040E-01 -3.9161477E-01
      1399  1.3398867E-01 -3.9457562E-01
      1400  1.3466030E-01 -3.9754583E-01
      1401  1.3533528E-01 -4.0052521E-01
      1402  1.3601365E-01 -4.0351357E-01
      1403  1.3669543E-01 -4.0651072E-01
      1404  1.3738061E-01 -4.0951646E-01
      1405  1.3806924E-01 -4.1253060E-01
      1406  1.3876131E-01 -4.1555293E-01
      1407  1.3945686E-01 -4.1858324E-01
      1408  1.4015589E-01 -4.2162132E-01
      1409  1.4085842E-01 -4.2466695E-01
      1410  1.4156448E-01 -4.2771991E-01
      1411  1.4227407E-01 -4.3077997E-01
      1412  1.4298722E-01 -4.3384691E-01
      1413  1.4370395E-01 -4.3692049E-01
      1414  1.4442427E-01 -4.4000048E-01
      1415  1.4514820E-01 -4.4308663E-01
      1416  1.4587576E-01 -4.4617869E-01
      1417  1.4660696E-01 -4.4927642E-01
      1418  1.4734183E-01 -4.5237956E-01
      1419  1.4808039E-01 -4.5548785E-01
      1420  1.4882264E-01 -4.5860103E-01
      1421  1.4956862E-01 -4.6171883E-01
      1422  1.5031834E-01 -4.6484097E-01
      1423  1.5107181E-01 -4.6796718E-01
      1424  1.5182906E-01 -4.7109718E-01
      1425  1.5259011E-01 -4.7423069E-01
      1426  1.5335497E-01 -4.7736740E-01
      1427  1.5412366E-01 -4.8050703E-01
      1428  1.5489621E-01 -4.8364928E-01
      1429  1.5567263E-01 -4.8679385E-01
      1430  1.5645294E-01 -4.8994042E-01
      1431  1.5723717E-01 -4.9308868E-01
      1432  1.5802532E-01 -4.9623833E-01
      1433  1.5881743E-01 -4.9938902E-01
      1434  1.5961350E-01 -5.0254045E-01
      1435  1.6041357E-01 -5.0569228E-01
      1436  1.6121764E-01 -5.0884417E-01
      1437  1.6202575E-01 -5.1199578E-01
      1438  1.6283791E-01 -5.1514678E-01
      1439  1.6365414E-01 -5.1829680E-01
      1440  1.6447446E-01 -5.2144551E-01
      1441  1.6529889E-01 -5.2459253E-01
      1442  1.6612745E-01 -5.2773752E-01
      1443  1.6696017E-01 -5.3088010E-01
      1444  1.6779706E-01 -5.3401990E-01
      1445  1.6863815E-01 -5.3715654E-01
      1446  1.6948345E-01 -5.4028965E-01
      1447  1.7033299E-01 -5.4341885E-01
      1448  1.7118679E-01 -5.4654373E-01
      1449  1.7204486E-01 -5.4966392E-01
      1450  1.7290724E-01 -5.5277901E-01
      1451  1.7377394E-01 -5.5588860E-01
      1452  1.7464499E-01 -5.5899228E-01
      1453  1.7552040E-01 -5.6208964E-01
      1454  1.7640020E-01 -5.6518028E-01
      1455  1.7728441E-01 -5.6826376E-01
      1456  1.7817305E-01 -5.7133966E-01
      1457  1.7906615E-01 -5.7440756E-01
      1458  1.7996372E-01 -5.7746703E-01
      1459  1.8086579E-01 -5.8051762E-01
      1460  1.8177239E-01 -5.8355890E-01
      1461  1.8268352E-01 -5.8659042E-01
      1462  1.8359923E-01 -5.8961173E-01
      1463  1.8451952E-01 -5.9262238E-01
      1464  1.8544443E-01 -5.9562191E-01
      1465  1.8637398E-01 -5.9860986E-01
      1466  1.8730818E-01 -6.0158577E-01
      1467  1.8824707E-01 -6.0454916E-01
      1468  1.8919066E-01 -6.0749956E-01
      1469  1.9013898E-01 -6.1043650E-01
      1470  1.9109206E-01 -6.1335949E-01
      1471  1.9204991E-01 -6.1626804E-01
      1472  1.9301256E-01 -6.1916167E-01
      1473  1.9398004E-01 -6.2203989E-01
      1474  1.9495237E-01 -6.2490220E-01
      1475  1.9592957E-01 -6.2774809E-01
      1476  1.9691168E-01 -6.3057707E-01
      1477  1.9789870E-01 -6.3338862E-01
      1478  1.9889067E-01 -6.3618224E-01
      1479  1.9988761E-01 -6.3895740E-01
      1480  2.0088955E-01 -6.4171360E-01
      1481  2.0189652E-01 -6.4445031E-01
      1482  2.0290853E-01 -6.4716700E-01
      1483  2.0392561E-01 -6.4986314E-01
      1484  2.0494779E-01 -6.5253821E-01
      1485  2.0597510E-01 -6.5519167E-01
      1486  2.0700755E-01 -6.5782297E-01
      1487  2.0804518E-01 -6.6043158E-01
      1488  2.0908801E-01 -6.6301696E-01
      1489  2.1013607E-01 -6.6557854E-01
      1490  2.1118938E-01 -6.6811579E-01
      1491  2.1224797E-01 -6.7062815E-01
      1492  2.1331187E-01 -6.7311506E-01
      1493  2.1438110E-01 -6.7557596E-01
      1494  2.1545569E-01 -6.7801029E-01
      1495  2.1653567E-01 -6.8041748E-01
      1496  2.1762106E-01 -6.8279696E-01
      1497  2.1871189E-01 -6.8514816E-01
      1498  2.1980818E-01 -6.8747052E-01
      1499  2.2090998E-01 -6.8976344E-01
      1500  2.2201729E-01 -6.9202636E-01
      1501  2.2313016E-01 -6.9425868E-01
      1502  2.2424860E-01 -6.9645983E-01
      1503  2.2537266E-01 -6.9862922E-01
      1504  2.2650234E-01 -7.0076626E-01
      1505  2.2763769E-01 -7.0287036E-01
      1506  2.2877873E-01 -7.0494092E-01
      1507  2.2992549E-01 -7.0697735E-01
      1508  2.3107799E-01 -7.0897906E-01
      1509  2.3223627E-01 -7.1094544E-01
      1510  2.3340036E-01 -7.1287588E-01
      1511  2.3457029E-01 -7.1476980E-01
      1512  2.3574608E-01 -7.1662658E-01
      1513  2.3692776E-01 -7.1844561E-01
      1514  2.3811536E-01 -7.2022629E-01
      1515  2.3930892E-01 -7.2196800E-01
      1516  2.4050846E-01 -7.2367014E-01
      1517  2.4171402E-01 -7.2533209E-01
      1518  2.4292561E-01 -7.2695324E-01
      1519  2.4414328E-01 -7.2853298E-01
      1520  2.4536706E-01 -7.3007069E-01
      1521  2.4659696E-01 -7.3156574E-01
      1522  2.4783304E-01 -7.3301754E-01
      1523  2.4907530E-01 -7.3442545E-01
      1524  2.5032380E-01 -7.3578886E-01
      1525  2.5157855E-01 -7.3710716E-01
      1526  2.5283960E-01 -7.3837972E-01
      1527  2.5410696E-01 -7.3960592E-01
      1528  2.5538068E-01 -7.4078516E-01
      1529  2.5666078E-01 -7.4191680E-01
      1530  2.5794729E-01 -7.4300025E-01
      1531  2.5924026E-01 -7.4403487E-01
      1532  2.6053971E-01 -7.4502005E-01
      1533  2.6184567E-01 -7.4595519E-01
      1534  2.6315818E-01 -7.4683966E-01
      1535  2.6447726E-01 -7.4767286E-01
      1536  2.6580296E-01 -7.4845417E-01
      1537  2.6713530E-01 -7.4918299E-01
      1538  2.6847432E-01 -7.4985872E-01
      1539  2.6982006E-01 -7.5048074E-01
      1540  2.7117254E-01 -7.5104846E-01
      1541  2.7253179E-01 -7.5156127E-01
      1542  2.7389786E-01 -7.5201859E-01
      1543  2.7527078E-01 -7.5241981E-01
      1544  2.7665058E-01 -7.5276434E-01
      1545  2.7803730E-01 -7.5305159E-01
      1546  2.7943097E-01 -7.5328098E-01
      1547  2.8083162E-01 -7.5345193E-01
      1548  2.8223930E-01 -7.5356386E-01
      1549  2.8365403E-01 -7.5361619E-01
      1550  2.8507585E-01 -7.5360834E-01
      1551  2.8650480E-01 -7.5353976E-01
      1552  2.8794091E-01 -7.5340987E-01
      1553  2.8938422E-01 -7.5321812E-01
      1554  2.9083476E-01 -7.5296395E-01
      1555  2.9229258E-01 -7.5264681E-01
      1556  2.9375770E-01 -7.5226614E-01
      1557  2.9523017E-01 -7.5182142E-01
      1558  2.9671001E-01 -7.5131209E-01
      1559  2.9819728E-01 -7.5073763E-01
      1560  2.9969200E-01 -7.5009750E-01
      1561  3.0119421E-01 -7.4939119E-01
      1562  3.0270395E-01 -7.4861818E-01
      1563  3.0422126E-01 -7.4777794E-01
      1564  3.0574618E-01 -7.4686998E-01
      1565  3.0727874E-01 -7.4589379E-01
      1566  3.0881898E-01 -7.4484888E-01
      1567  3.1036694E-01 -7.4373475E-01
      1568  3.1192266E-01 -7.4255092E-01
      1569  3.1348618E-01 -7.4129692E-01
      1570  3.1505754E-01 -7.3997226E-01
      1571  3.1663677E-01 -7.3857649E-01
      1572  3.1822392E-01 -7.3710915E-01
      1573  3.1981902E-01 -7.3556977E-01
      1574  3.2142212E-01 -7.3395792E-01
      1575  3.2303326E-01 -7.3227315E-01
      1576  3.2465247E-01 -7.3051504E-01
      1577  3.2627979E-01 -7.2868315E-01
      1578  3.2791528E-01 -7.2677708E-01
      1579  3.2955896E-01 -7.2479640E-01
      1580  3.3121088E-01 -7.2274072E-01
      1581  3.3287108E-01 -7.2060963E-01
      1582  3.3453961E-01 -7.1840276E-01
      1583  3.3621649E-01 -7.1611972E-01
      1584  3.3790179E-01 -7.1376014E-01
      1585  3.3959553E-01 -7.1132365E-01
      1586  3.4129776E-01 -7.0880989E-01
      1587  3.4300852E-01 -7.0621853E-01
      1588  3.4472785E-01 -7.0354922E-01
      1589  3.4645581E-01 -7.0080163E-01
      1590  3.4819243E-01 -6.9797543E-01
      1591  3.4993775E-01 -6.9507032E-01
      1592  3.5169182E-01 -6.9208598E-01
      1593  3.5345468E-01 -6.8902213E-01
      1594  3.5522638E-01 -6.8587847E-01
      1595  3.5700696E-01 -6.8265474E-01
      1596  3.5879647E-01 -6.7935065E-01
      1597  3.6059494E-01 -6.7596595E-01
      1598  3.6240243E-01 -6.7250040E-01
      1599  3.6421898E-01 -6.6895375E-01
      1600  3.6604463E-01 -6.6532576E-01
      1601  3.6787944E-01 -6.6161623E-01
      1602  3.6972344E-01 -6.5782494E-01
      1603  3.7157669E-01 -6.5395169E-01
      1604  3.7343923E-01 -6.4999629E-01
      1605  3.7531110E-01 -6.4595856E-01
      1606  3.7719235E-01 -6.4183833E-01
      1607  3.7908304E-01 -6.3763543E-01
      1608  3.8098320E-01 -6.3334973E-01
      1609  3.8289289E-01 -6.2898107E-01
      1610  3.8481214E-01 -6.2452934E-01
      1611  3.8674102E-01 -6.1999441E-01
      1612  3.8867957E-01 -6.1537618E-01
      1613  3.9062784E-01 -6.1067455E-01
      1614  3.9258587E-01 -6.0588943E-01
      1615  3.9455371E-01 -6.0102075E-01
      1616  3.9653142E-01 -5.9606845E-01
      1617  3.9851904E-01 -5.9103248E-01
      1618  4.0051663E-01 -5.8591279E-01
      1619  4.0252422E-01 -5.8070936E-01
      1620  4.0454189E-01 -5.7542216E-01
      1621  4.0656966E-01 -5.7005118E-01
      1622  4.0860760E-01 -5.6459645E-01
      1623  4.1065575E-01 -5.5905795E-01
      1624  4.1271417E-01 -5.5343574E-01
      1625  4.1478291E-01 -5.4772984E-01
      1626  4.1686202E-01 -5.4194030E-01
      1627  4.1895155E-01 -5.3606719E-01
      1628  4.2105155E-01 -5.3011059E-01
      1629  4.2316208E-01 -5.2407057E-01
      1630  4.2528319E-01 -5.1794724E-01
      1631  4.2741493E-01 -5.1174070E-01
      1632  4.2955736E-01 -5.0545108E-01
      1633  4.3171052E-01 -4.9907852E-01
      1634  4.3387448E-01 -4.9262315E-01
      1635  4.3604929E-01 -4.8608514E-01
      1636  4.3823499E-01 -4.7946466E-01
      1637  4.4043165E-01 -4.7276189E-01
      1638  4.4263933E-01 -4.6597703E-01
      1639  4.4485807E-01 -4.5911028E-01
      1640  4.4708793E-01 -4.5216186E-01
      1641  4.4932896E-01 -4.4513201E-01
      1642  4.5158123E-01 -4.3802098E-01
      1643  4.5384480E-01 -4.3082901E-01
      1644  4.5611970E-01 -4.2355639E-01
      1645  4.5840601E-01 -4.1620339E-01
      1646  4.6070378E-01 -4.0877030E-01
      1647  4.6301307E-01 -4.0125745E-01
      1648  4.6533393E-01 -3.9366514E-01
      1649  4.6766643E-01 -3.8599371E-01
      1650  4.7001061E-01 -3.7824352E-01
      1651  4.7236655E-01 -3.7041491E-01
      1652  4.7473430E-01 -3.6250827E-01
      1653  4.7711392E-01 -3.5452397E-01
      1654  4.7950546E-01 -3.4646242E-01
      1655  4.8190899E-01 -3.3832401E-01
      1656  4.8432457E-01 -3.3010920E-01
      1657  4.8675226E-01 -3.2181840E-01
      1658  4.8919211E-01 -3.1345206E-01
      1659  4.9164420E-01 -3.0501066E-01
      1660  4.9410857E-01 -2.9649465E-01
      1661  4.9658530E-01 -2.8790455E-01
      1662  4.9907445E-01 -2.7924084E-01
      1663  5.0157607E-01 -2.7050404E-01
      1664  5.0409023E-01 -2.6169469E-01
      1665  5.0661699E-01 -2.5281332E-01
      1666  5.0915642E-01 -2.4386048E-01
      1667  5.1170858E-01 -2.3483674E-01
      1668  5.1427353E-01 -2.2574269E-01
      1669  5.1685133E-01 -2.1657891E-01
      1670  5.1944206E-01 -2.0734602E-01
      1671  5.2204578E-01 -1.9804463E-01
      1672  5.2466254E-01 -1.8867537E-01
      1673  5.2729242E-01 -1.7923890E-01
      1674  5.2993549E-01 -1.6973585E-01
      1675  5.3259180E-01 -1.6016692E-01
      1676  5.3526143E-01 -1.5053279E-01
      1677  5.3794444E-01 -1.4083413E-01
      1678  5.4064090E-01 -1.3107168E-01
      1679  5.4335087E-01 -1.2124615E-01
      1680  5.4607443E-01 -1.1135828E-01
      1681  5.4881164E-01 -1.0140881E-01
      1682  5.5156257E-01 -9.1398502E-02
      1683  5.5432728E-01 -8.1328129E-02
      1684  5.5710586E-01 -7.1198483E-02
      1685  5.5989837E-01 -6.1010353E-02
      1686  5.6270487E-01 -5.0764551E-02
      1687  5.6552544E-01 -4.0461906E-02
      1688  5.6836015E-01 -3.0103243E-02
      1689  5.7120906E-01 -1.9689413E-02
      1690  5.7407226E-01 -9.2212798E-03
      1691  5.7694981E-01  1.3002961E-03
      1692  5.7984178E-01  1.1874425E-02
      1693  5.8274825E-01  2.2500211E-02
      1694  5.8566929E-01  3.3176757E-02
      1695  5.8860497E-01  4.3903135E-02
      1696  5.9155536E-01  5.4678420E-02
      1697  5.9452055E-01  6.5501676E-02
      1698  5.9750059E-01  7.6371941E-02
      1699  6.0049558E-01  8.7288259E-02
      1700  6.0350558E-01  9.8249659E-02
      1701  6.0653066E-01  1.0925514E-01
      1702  6.0957091E-01  1.2030373E-01
      1703  6.1262639E-01  1.3139441E-01
      1704  6.1569720E-01  1.4252615E-01
      1705  6.1878339E-01  1.5369795E-01
      1706  6.2188506E-01  1.6490875E-01
      1707  6.2500227E-01  1.7615751E-01
      1708  6.2813511E-01  1.8744317E-01
      1709  6.3128365E-01  1.9876467E-01
      1710  6.3444797E-01  2.1012092E-01
      1711  6.3762815E-01  2.2151085E-01
      1712  6.4082428E-01  2.3293335E-01
      1713  6.4403642E-01  2.4438731E-01
      1714  6.4726467E-01  2.5587164E-01
      1715  6.5050909E-01  2.6738519E-01
      1716  6.5376979E-01  2.7892684E-01
      1717  6.5704682E-01  2.9049546E-01
      1718  6.6034028E-01  3.0208988E-01
      1719  6.6365025E-01  3.1370896E-01
      1720  6.6697681E-01  3.2535152E-01
      1721  6.7032005E-01  3.3701640E-01
      1722  6.7368004E-01  3.4870241E-01
      1723  6.7705687E-01  3.6040838E-01
      1724  6.8045064E-01  3.7213309E-01
      1725  6.8386141E-01  3.8387535E-01
      1726  6.8728928E-01  3.9563395E-01
      1727  6.9073433E-01  4.0740768E-01
      1728  6.9419665E-01  4.1919531E-01
      1729  6.9767633E-01  4.3099561E-01
      1730  7.0117344E-01  4.4280735E-01
      1731  7.0468809E-01  4.5462929E-01
      1732  7.0822035E-01  4.6646017E-01
      1733  7.1177032E-01  4.7829876E-01
      1734  7.1533809E-01  4.9014378E-01
      1735  7.1892373E-01  5.0199398E-01
      1736  7.2252735E-01  5.1384808E-01
      1737  7.2614904E-01  5.2570482E-01
      1738  7.2978887E-01  5.3756290E-01
      1739  7.3344696E-01  5.4942105E-01
      1740  7.3712337E-01  5.6127799E-01
      1741  7.4081822E-01  5.7313240E-01
      1742  7.4453159E-01  5.8498300E-01
      1743  7.4826357E-01  5.9682848E-01
      1744  7.5201425E-01  6.0866754E-01
      1745  7.5578374E-01  6.2049886E-01
      1746  7.5957212E-01  6.3232111E-01
      1747  7.6337949E-01  6.4413299E-01
      1748  7.6720595E-01  6.5593317E-01
      1749  7.7105159E-01  6.6772030E-01
      1750  7.7491650E-01  6.7949305E-01
      1751  7.7880078E-01  6.9125009E-01
      1752  7.8270454E-01  7.0299006E-01
      1753  7.8662786E-01  7.1471161E-01
      1754  7.9057085E-01  7.2641339E-01
      1755  7.9453360E-01  7.3809401E-01
      1756  7.9851622E-01  7.4975213E-01
      1757  8.0251880E-01  7.6138637E-01
      1758  8.0654144E-01  7.7299533E-01
      1759  8.1058425E-01  7.8457763E-01
      1760  8.1464732E-01  7.9613189E-01
      1761  8.1873075E-01  8.0765669E-01
      1762  8.2283466E-01  8.1915063E-01
      1763  8.2695913E-01  8.3061230E-01
      1764  8.3110428E-01  8.4204028E-01
      1765  8.3527021E-01  8.5343315E-01
      1766  8.3945702E-01  8.6478946E-01
      1767  8.4366482E-01  8.7610778E-01
      1768  8.4789370E-01  8.8738667E-01
      1769  8.5214379E-01  8.9862468E-01
      1770  8.5641518E-01  9.0982035E-01
      1771  8.6070798E-01  9.2097222E-01
      1772  8.6502229E-01  9.3207882E-01
      1773  8.6935824E-01  9.4313869E-01
      1774  8.7371591E-01  9.5415036E-01
      1775  8.7809543E-01  9.6511234E-01
      1776  8.8249690E-01  9.7602316E-01
      1777  8.8692044E-01  9.8688133E-01
      1778  8.9136614E-01  9.9768537E-01
      1779  8.9583414E-01  1.0084338E+00
      1780  9.0032452E-01  1.0191251E+00
      1781  9.0483742E-01  1.0297579E+00
      1782  9.0937293E-01  1.0403306E+00
      1783  9.1393119E-01  1.0508417E+00
      1784  9.1851228E-01  1.0612899E+00
      1785  9.2311635E-01  1.0716735E+00
      1786  9.2774349E-01  1.0819911E+00
      1787  9.3239382E-01  1.0922413E+00
      1788  9.3706746E-01  1.1024226E+00
      1789  9.4176453E-01  1.1125335E+00
      1790  9.4648515E-01  1.1225726E+00
      1791  9.5122942E-01  1.1325384E+00
      1792  9.5599748E-01  1.1424295E+00
      1793  9.6078944E-01  1.1522445E+00
      1794  9.6560542E-01  1.1619818E+00
      1795  9.7044553E-01  1.1716402E+00
      1796  9.7530991E-01  1.1812181E+00
      1797  9.8019867E-01  1.1907141E+00
      1798  9.8511194E-01  1.2001269E+00
      1799  9.9004983E-01  1.2094552E+00
      1800  9.9501248E-01  1.2186973E+00
      1801  1.0000000E+00  1.2278521E+00
      1802  1.0050125E+00  1.2369182E+00
      1803  1.0100502E+00  1.2458941E+00
      1804  1.0151131E+00  1.2547786E+00
      1805  1.0202013E+00  1.2635703E+00
      1806  1.0253151E+00  1.2722679E+00
      1807  1.0304545E+00  1.2808701E+00
      1808  1.0356197E+00  1.2893755E+00
      1809  1.0408108E+00  1.2977829E+00
      1810  1.0460279E+00  1.3060910E+00
      1811  1.0512711E+00  1.3142985E+00
      1812  1.0565406E+00  1.3224041E+00
      1813  1.0618365E+00  1.3304066E+00
      1814  1.0671590E+00  1.3383048E+00
      1815  1.0725082E+00  1.3460974E+00
      1816  1.0778842E+00  1.3537832E+00
      1817  1.0832871E+00  1.3613610E+00
      1818  1.0887171E+00  1.3688297E+00
      1819  1.0941743E+00  1.3761880E+00
      1820  1.0996589E+00  1.3834347E+00
      1821  1.1051709E+00  1.3905688E+00
      1822  1.1107106E+00  1.3975890E+00
      1823  1.1162781E+00  1.4044943E+00
      1824  1.1218734E+00  1.4112835E+00
      1825  1.1274969E+00  1.4179555E+00
      1826  1.1331485E+00  1.4245093E+00
      1827  1.1388284E+00  1.4309438E+00
      1828  1.1445368E+00  1.4372579E+00
      1829  1.1502738E+00  1.4434505E+00
      1830  1.1560396E+00  1.4495207E+00
      1831  1.1618342E+00  1.4554674E+00
      1832  1.1676580E+00  1.4612896E+00
      1833  1.1735109E+00  1.4669863E+00
      1834  1.1793931E+00  1.4725566E+00
      1835  1.1853049E+00  1.4779995E+00
      1836  1.1912462E+00  1.4833141E+00
      1837  1.1972174E+00  1.4884994E+00
      1838  1.2032184E+00  1.4935545E+00
      1839  1.2092496E+00  1.4984785E+00
      1840  1.2153110E+00  1.5032706E+00
      1841  1.2214028E+00  1.5079299E+00
      1842  1.2275251E+00  1.5124555E+00
      1843  1.2336781E+00  1.5168466E+00
      1844  1.2398619E+00  1.5211024E+00
      1845  1.2460767E+00  1.5252221E+00
      1846  1.2523227E+00  1.5292048E+00
      1847  1.2586000E+00  1.5330499E+00
      1848  1.2649088E+00  1.5367566E+00
      1849  1.2712492E+00  1.5403241E+00
      1850  1.2776213E+00  1.5437517E+00
      1851  1.2840254E+00  1.5470387E+00
      1852  1.2904616E+00  1.5501845E+00
      1853  1.2969301E+00  1.5531883E+00
      1854  1.3034310E+00  1.5560495E+00
      1855  1.3099645E+00  1.5587674E+00
      1856  1.3165307E+00  1.5613415E+00
      1857  1.3231298E+00  1.5637711E+00
      1858  1.3297620E+00  1.5660556E+00
      1859  1.3364275E+00  1.5681944E+00
      1860  1.3431264E+00  1.5701870E+00
      1861  1.3498588E+00  1.5720329E+00
      1862  1.3566250E+00  1.5737315E+00
      1863  1.3634251E+00  1.5752823E+00
      1864  1.3702593E+00  1.5766847E+00
      1865  1.3771278E+00  1.5779384E+00
      1866  1.3840306E+00  1.5790428E+00
      1867  1.3909681E+00  1.5799976E+00
      1868  1.3979404E+00  1.5808021E+00
      1869  1.4049476E+00  1.5814562E+00
      1870  1.4119899E+00  1.5819592E+00
      1871  1.4190675E+00  1.5823109E+00
      1872  1.4261807E+00  1.5825108E+00
      1873  1.4333294E+00  1.5825587E+00
      1874  1.4405140E+00  1.5824541E+00
      1875  1.4477346E+00  1.5821967E+00
      1876  1.4549914E+00  1.5817863E+00
      1877  1.4622846E+00  1.5812224E+00
      1878  1.4696143E+00  1.5805048E+00
      1879  1.4769808E+00  1.5796333E+00
      1880  1.4843842E+00  1.5786075E+00
      1881  1.4918247E+00  1.5774273E+00
      1882  1.4993025E+00  1.5760924E+00
      1883  1.5068178E+00  1.5746025E+00
      1884  1.5143707E+00  1.5729575E+00
      1885  1.5219616E+00  1.5711571E+00
      1886  1.5295904E+00  1.5692013E+00
      1887  1.5372575E+00  1.5670897E+00
      1888  1.5449631E+00  1.5648224E+00
      1889  1.5527072E+00  1.5623990E+00
      1890  1.5604902E+00  1.5598196E+00
      1891  1.5683122E+00  1.5570839E+00
      1892  1.5761734E+00  1.5541919E+00
      1893  1.5840740E+00  1.5511435E+00
      1894  1.5920142E+00  1.5479386E+00
      1895  1.5999942E+00  1.5445771E+00
      1896  1.6080142E+00  1.5410589E+00
      1897  1.6160744E+00  1.5373841E+00
      1898  1.6241750E+00  1.5335526E+00
      1899  1.6323162E+00  1.5295643E+00
      1900  1.6404982E+00  1.5254193E+00
      1901  1.6487213E+00  1.5211176E+00
      1902  1.6569855E+00  1.5166591E+00
      1903  1.6652912E+00  1.5120438E+00
      1904  1.6736385E+00  1.5072719E+00
      1905  1.6820276E+00  1.5023433E+00
      1906  1.6904588E+00  1.4972582E+00
      1907  1.6989323E+00  1.4920164E+00
      1908  1.7074482E+00  1.4866182E+00
      1909  1.7160069E+00  1.4810636E+00
      1910  1.7246084E+00  1.4753527E+00
      1911  1.7332530E+00  1.4694855E+00
      1912  1.7419410E+00  1.4634623E+00
      1913  1.7506725E+00  1.4572830E+00
      1914  1.7594478E+00  1.4509479E+00
      1915  1.7682671E+00  1.4444570E+00
      1916  1.7771305E+00  1.4378106E+00
      1917  1.7860384E+00  1.4310086E+00
      1918  1.7949910E+00  1.4240514E+00
      1919  1.8039884E+00  1.4169391E+00
      1920  1.8130309E+00  1.4096717E+00
      1921  1.8221188E+00  1.4022496E+00
      1922  1.8312522E+00  1.3946730E+00
      1923  1.8404314E+00  1.3869418E+00
      1924  1.8496566E+00  1.3790565E+00
      1925  1.8589280E+00  1.3710172E+00
      1926  1.8682460E+00  1.3628242E+00
      1927  1.8776106E+00  1.3544775E+00
      1928  1.8870221E+00  1.3459776E+00
      1929  1.8964809E+00  1.3373245E+00
      1930  1.9059870E+00  1.3285185E+00
      1931  1.9155408E+00  1.3195600E+00
      1932  1.9251425E+00  1.3104491E+00
      1933  1.9347923E+00  1.3011861E+00
      1934  1.9444905E+00  1.2917712E+00
      1935  1.9542373E+00  1.2822047E+00
      1936  1.9640330E+00  1.2724870E+00
      1937  1.9738777E+00  1.2626182E+00
      1938  1.9837718E+00  1.2525987E+00
      1939  1.9937155E+00  1.2424287E+00
      1940  2.0037091E+00  1.2321086E+00
      1941  2.0137527E+00  1.2216386E+00
      1942  2.0238467E+00  1.2110190E+00
      1943  2.0339913E+00  1.2002502E+00
      1944  2.0441867E+00  1.1893324E+00
      1945  2.0544332E+00  1.1782660E+00
      1946  2.0647311E+00  1.1670513E+00
      1947  2.0750806E+00  1.1556886E+00
      1948  2.0854820E+00  1.1441782E+00
      1949  2.0959355E+00  1.1325205E+00
      1950  2.1064414E+00  1.1207159E+00
      1951  2.1170000E+00  1.1087645E+00
      1952  2.1276115E+00  1.0966669E+00
      1953  2.1382762E+00  1.0844232E+00
      1954  2.1489944E+00  1.0720340E+00
      1955  2.1597663E+00  1.0594995E+00
      1956  2.1705921E+00  1.0468201E+00
      1957  2.1814723E+00  1.0339962E+00
      1958  2.1924069E+00  1.0210281E+00
      1959  2.2033964E+00  1.0079162E+00
      1960  2.2144410E+00  9.9466082E-01
      1961  2.2255409E+00  9.8126244E-01
      1962  2.2366965E+00  9.6772138E-01
      1963  2.2479080E+00  9.5403805E-01
      1964  2.2591757E+00  9.4021283E-01
      1965  2.2704998E+00  9.2624610E-01
      1966  2.2818808E+00  9.1213830E-01
      1967  2.2933187E+00  8.9788980E-01
      1968  2.3048140E+00  8.8350101E-01
      1969  2.3163670E+00  8.6897237E-01
      1970  2.3279778E+00  8.5430427E-01
      1971  2.3396469E+00  8.3949715E-01
      1972  2.3513744E+00  8.2455145E-01
      1973  2.3631607E+00  8.0946758E-01
      1974  2.3750061E+00  7.9424601E-01
      1975  2.3869109E+00  7.7888717E-01
      1976  2.3988753E+00  7.6339152E-01
      1977  2.4108997E+00  7.4775953E-01
      1978  2.4229844E+00  7.3199166E-01
      1979  2.4351297E+00  7.1608839E-01
      1980  2.4473358E+00  7.0005020E-01
      1981  2.4596031E+00  6.8387760E-01
      1982  2.4719319E+00  6.6757108E-01
      1983  2.4843225E+00  6.5113116E-01
      1984  2.4967753E+00  6.3455835E-01
      1985  2.5092904E+00  6.1785319E-01
      1986  2.5218683E+00  6.0101623E-01
      1987  2.5345092E+00  5.8404800E-01
      1988  2.5472135E+00  5.6694909E-01
      1989  2.5599814E+00  5.4972007E-01
      1990  2.5728134E+00  5.3236153E-01
      1991  2.5857097E+00  5.1487407E-01
      1992  2.5986706E+00  4.9725832E-01
      1993  2.6116965E+00  4.7951490E-01
      1994  2.6247877E+00  4.6164447E-01
      1995  2.6379445E+00  4.4364770E-01
      1996  2.6511672E+00  4.2552526E-01
      1997  2.6644562E+00  4.0727786E-01
      1998  2.6778119E+00  3.8890621E-01
      1999  2.6912345E+00  3.7041105E-01
      2000  2.7047243E+00  3.5179315E-01
      2001  2.7182818E+00  3.3305328E-01
      2002  2.7319073E+00  3.1419225E-01
      2003  2.7456010E+00  2.9521087E-01
      2004  2.7593634E+00  2.7611000E-01
      2005  2.7731948E+00  2.5689051E-01
      2006  2.7870955E+00  2.3755329E-01
      2007  2.8010658E+00  2.1809928E-01
      2008  2.8151062E+00  1.9852941E-01
      2009  2.8292170E+00  1.7884468E-01
      2010  2.8433985E+00  1.5904609E-01
      2011  2.8576511E+00  1.3913468E-01
      2012  2.8719752E+00  1.1911152E-01
      2013  2.8863710E+00  9.8977708E-02
      2014  2.9008390E+00  7.8734387E-02
      2015  2.9153795E+00  5.8382722E-02
      2016  2.9299929E+00  3.7923915E-02
      2017  2.9446796E+00  1.7359214E-02
      2018  2.9594398E+00 -3.3101094E-03
      2019  2.9742741E+00 -2.4082739E-02
      2020  2.9891827E+00 -4.4957316E-02
      2021  3.0041660E+00 -6.5932451E-02
      2022  3.0192245E+00 -8.7006705E-02
      2023  3.0343584E+00 -1.0817860E-01
      2024  3.0495682E+00 -1.2944661E-01
      2025  3.0648542E+00 -1.5080918E-01
      2026  3.0802168E+00 -1.7226469E-01
      2027  3.0956565E+00 -1.9381149E-01
      2028  3.1111735E+00 -2.1544788E-01
      2029  3.1267684E+00 -2.3717209E-01
      2030  3.1424414E+00 -2.5898234E-01
      2031  3.1581929E+00 -2.8087676E-01
      2032  3.1740234E+00 -3.0285347E-01
      2033  3.1899333E+00 -3.2491050E-01
      2034  3.2059229E+00 -3.4704584E-01
      2035  3.2219926E+00 -3.6925744E-01
      2036  3.2381429E+00 -3.9154318E-01
      2037  3.2543742E+00 -4.1390088E-01
      2038  3.2706868E+00 -4.3632832E-01
      2039  3.2870812E+00 -4.5882321E-01
      2040  3.3035578E+00 -4.8138321E-01
      2041  3.3201169E+00 -5.0400591E-01
      2042  3.3367591E+00 -5.2668884E-01
      2043  3.3534847E+00 -5.4942947E-01
      2044  3.3702941E+00 -5.7222523E-01
      2045  3.3871877E+00 -5.9507344E-01
      2046  3.4041661E+00 -6.1797140E-01
      2047  3.4212295E+00 -6.4091632E-01
      2048  3.4383785E+00 -6.6390535E-01
      2049  3.4556135E+00 -6.8693558E-01
      2050  3.4729348E+00 -7.1000402E-01
      2051  3.4903430E+00 -7.3310762E-01
      2052  3.5078384E+00 -7.5624326E-01
      2053  3.5254215E+00 -7.7940775E-01
      2054  3.5430927E+00 -8.0259781E-01
      2055  3.5608526E+00 -8.2581013E-01
      2056  3.5787014E+00 -8.4904128E-01
      2057  3.5966397E+00 -8.7228779E-01
      2058  3.6146680E+00 -8.9554611E-01
      2059  3.6327866E+00 -9.1881260E-01
      2060  3.6509960E+00 -9.4208356E-01
      2061  3.6692967E+00 -9.6535521E-01
      2062  3.6876891E+00 -9.8862368E-01
      2063  3.7061737E+00 -1.0118850E+00
      2064  3.7247510E+00 -1.0351353E+00
      2065  3.7434214E+00 -1.0583703E+00
      2066  3.7621854E+00 -1.0815860E+00
      2067  3.7810434E+00 -1.1047780E+00
      2068  3.7999959E+00 -1.1279420E+00
      2069  3.8190435E+00 -1.1510737E+00
      2070  3.8381865E+00 -1.1741685E+00
      2071  3.8574255E+00 -1.1972219E+00
      2072  3.8767610E+00 -1.2202292E+00
      2073  3.8961933E+00 -1.2431856E+00
      2074  3.9157231E+00 -1.2660865E+00
      2075  3.9353507E+00 -1.2889267E+00
      2076  3.9550767E+00 -1.3117015E+00
      2077  3.9749016E+00 -1.3344056E+00
      2078  3.9948259E+00 -1.3570341E+00
      2079  4.0148501E+00 -1.3795815E+00
      2080  4.0349746E+00 -1.4020427E+00
      2081  4.0552000E+00 -1.4244123E+00
      2082  4.0755267E+00 -1.4466847E+00
      2083  4.0959554E+00 -1.4688544E+00
      2084  4.1164865E+00 -1.4909158E+00
      2085  4.1371204E+00 -1.5128632E+00
      2086  4.1578578E+00 -1.5346908E+00
      2087  4.1786992E+00 -1.5563927E+00
      2088  4.1996450E+00 -1.5779629E+00
      2089  4.2206958E+00 -1.5993954E+00
      2090  4.2418521E+00 -1.6206842E+00
      2091  4.2631145E+00 -1.6418230E+00
      2092  4.2844835E+00 -1.6628056E+00
      2093  4.3059595E+00 -1.6836256E+00
      2094  4.3275432E+00 -1.7042767E+00
      2095  4.3492351E+00 -1.7247523E+00
      2096  4.3710358E+00 -1.7450459E+00
      2097  4.3929457E+00 -1.7651509E+00
      2098  4.4149654E+00 -1.7850607E+00
      2099  4.4370955E+00 -1.8047683E+00
      2100  4.4593366E+00 -1.8242672E+00
      2101  4.4816891E+00 -1.8435502E+00
      2102  4.5041536E+00 -1.8626106E+00
      2103  4.5267308E+00 -1.8814413E+00
      2104  4.5494211E+00 -1.9000352E+00
      2105  4.5722252E+00 -1.9183852E+00
      2106  4.5951436E+00 -1.9364842E+00
      2107  4.6181768E+00 -1.9543249E+00
      2108  4.6413255E+00 -1.9719000E+00
      2109  4.6645903E+00 -1.9892023E+00
      2110  4.6879716E+00 -2.0062243E+00
      2111  4.7114702E+00 -2.0229586E+00
      2112  4.7350865E+00 -2.0393977E+00
      2113  4.7588212E+00 -2.0555342E+00
      2114  4.7826749E+00 -2.0713605E+00
      2115  4.8066482E+00 -2.0868690E+00
      2116  4.8307416E+00 -2.1020521E+00
      2117  4.8549558E+00 -2.1169022E+00
      2118  4.8792914E+00 -2.1314116E+00
      2119  4.9037489E+00 -2.1455726E+00
      2120  4.9283291E+00 -2.1593775E+00
      2121  4.9530324E+00 -2.1728185E+00
      2122  4.9778596E+00 -2.1858878E+00
      2123  5.0028112E+00 -2.1985777E+00
      2124  5.0278879E+00 -2.2108803E+00
      2125  5.0530903E+00 -2.2227879E+00
      2126  5.0784190E+00 -2.2342926E+00
      2127  5.1038747E+00 -2.2453865E+00
      2128  5.1294580E+00 -2.2560618E+00
      2129  5.1551695E+00 -2.2663108E+00
      2130  5.1810099E+00 -2.2761253E+00
      2131  5.2069798E+00 -2.2854978E+00
      2132  5.2330799E+00 -2.2944202E+00
      2133  5.2593108E+00 -2.3028847E+00
      2134  5.2856732E+00 -2.3108834E+00
      2135  5.3121678E+00 -2.3184086E+00
      2136  5.3387951E+00 -2.3254523E+00
      2137  5.3655560E+00 -2.3320068E+00
      2138  5.3924509E+00 -2.3380642E+00
      2139  5.4194807E+00 -2.3436167E+00
      2140  5.4466460E+00 -2.3486566E+00
      2141  5.4739474E+00 -2.3531760E+00
      2142  5.5013857E+00 -2.3571672E+00
      2143  5.5289615E+00 -2.3606225E+00
      2144  5.5566755E+00 -2.3635342E+00
      2145  5.5845285E+00 -2.3658947E+00
      2146  5.6125210E+00 -2.3676963E+00
      2147  5.6406539E+00 -2.3689313E+00
      2148  5.6689278E+00 -2.3695923E+00
      2149  5.6973434E+00 -2.3696718E+00
      2150  5.7259015E+00 -2.3691621E+00
      2151  5.7546027E+00 -2.3680559E+00
      2152  5.7834477E+00 -2.3663458E+00
      2153  5.8124374E+00 -2.3640245E+00
      2154  5.8415724E+00 -2.3610847E+00
      2155  5.8708534E+00 -2.3575192E+00
      2156  5.9002811E+00 -2.3533208E+00
      2157  5.9298564E+00 -2.3484824E+00
      2158  5.9595799E+00 -2.3429971E+00
      2159  5.9894525E+00 -2.3368579E+00
      2160  6.0194747E+00 -2.3300580E+00
      2161  6.0496475E+00 -2.3225906E+00
      2162  6.0799714E+00 -2.3144490E+00
      2163  6.1104474E+00 -2.3056268E+00
      2164  6.1410762E+00 -2.2961174E+00
      2165  6.1718584E+00 -2.2859146E+00
      2166  6.2027950E+00 -2.2750121E+00
      2167  6.2338867E+00 -2.2634039E+00
      2168  6.2651341E+00 -2.2510840E+00
      2169  6.2965383E+00 -2.2380465E+00
      2170  6.3280998E+00 -2.2242860E+00
      2171  6.3598195E+00 -2.2097968E+00
      2172  6.3916983E+00 -2.1945737E+00
      2173  6.4237368E+00 -2.1786116E+00
      2174  6.4559359E+00 -2.1619054E+00
      2175  6.4882964E+00 -2.1444505E+00
      2176  6.5208191E+00 -2.1262424E+00
      2177  6.5535049E+00 -2.1072766E+00
      2178  6.5863544E+00 -2.0875491E+00
      2179  6.6193687E+00 -2.0670561E+00
      2180  6.6525484E+00 -2.0457940E+00
      2181  6.6858944E+00 -2.0237595E+00
      2182  6.7194076E+00 -2.0009495E+00
      2183  6.7530888E+00 -1.9773612E+00
      2184  6.7869388E+00 -1.9529922E+00
      2185  6.8209585E+00 -1.9278405E+00
      2186  6.8551487E+00 -1.9019040E+00
      2187  6.8895102E+00 -1.8751814E+00
      2188  6.9240441E+00 -1.8476717E+00
      2189  6.9587510E+00 -1.8193739E+00
      2190  6.9936319E+00 -1.7902878E+00
      2191  7.0286876E+00 -1.7604134E+00
      2192  7.0639190E+00 -1.7297511E+00
      2193  7.0993271E+00 -1.6983019E+00
      2194  7.1349126E+00 -1.6660671E+00
      2195  7.1706765E+00 -1.6330483E+00
      2196  7.2066197E+00 -1.5992480E+00
      2197  7.2427430E+00 -1.5646687E+00
      2198  7.2790474E+00 -1.5293138E+00
      2199  7.3155338E+00 -1.4931871E+00
      2200  7.3522030E+00 -1.4562927E+00
      2201  7.3890561E+00 -1.4186355E+00
      2202  7.4260939E+00 -1.3802210E+00
      2203  7.4633173E+00 -1.3410551E+00
      2204  7.5007274E+00 -1.3011444E+00
      2205  7.5383249E+00 -1.2604961E+00
      2206  7.5761109E+00 -1.2191179E+00
      2207  7.6140864E+00 -1.1770183E+00
      2208  7.6522521E+00 -1.1342065E+00
      2209  7.6906092E+00 -1.0906920E+00
      2210  7.7291585E+00 -1.0464855E+00
      2211  7.7679011E+00 -1.0015980E+00
      2212  7.8068379E+00 -9.5604140E-01
      2213  7.8459698E+00 -9.0982823E-01
      2214  7.8852979E+00 -8.6297176E-01
      2215  7.9248231E+00 -8.1548602E-01
      2216  7.9645465E+00 -7.6738588E-01
      2217  8.0044689E+00 -7.1868681E-01
      2218  8.0445915E+00 -6.6940520E-01
      2219  8.0849152E+00 -6.1955819E-01
      2220  8.1254410E+00 -5.6916366E-01
      2221  8.1661699E+00 -5.1824038E-01
      2222  8.2071030E+00 -4.6680792E-01
      2223  8.2482413E+00 -4.1488661E-01
      2224  8.2895858E+00 -3.6249770E-01
      2225  8.3311375E+00 -3.0966324E-01
      2226  8.3728975E+00 -2.5640609E-01
      2227  8.4148668E+00 -2.0275003E-01
      2228  8.4570465E+00 -1.4871965E-01
      2229  8.4994376E+00 -9.4340390E-02
      2230  8.5420412E+00 -3.9638585E-02
      2231  8.5848584E+00  1.5358581E-02
      2232  8.6278902E+00  7.0623076E-02
      2233  8.6711377E+00  1.2612599E-01
      2234  8.7146019E+00  1.8183753E-01
      2235  8.7582840E+00  2.3772708E-01
      2236  8.8021851E+00  2.9376316E-01
      2237  8.8463063E+00  3.4991338E-01
      2238  8.8906486E+00  4.0614458E-01
      2239  8.9352131E+00  4.6242272E-01
      2240  8.9800011E+00  5.1871285E-01
      2241  9.0250135E+00  5.7497937E-01
      2242  9.0702516E+00  6.3118568E-01
      2243  9.1157164E+00  6.8729441E-01
      2244  9.1614091E+00  7.4326753E-01
      2245  9.2073309E+00  7.9906602E-01
      2246  9.2534828E+00  8.5465019E-01
      2247  9.2998661E+00  9.0997972E-01
      2248  9.3464819E+00  9.6501324E-01
      2249  9.3933313E+00  1.0197090E+00
      2250  9.4404156E+00  1.0740243E+00
      2251  9.4877358E+00  1.1279159E+00
      2252  9.5352933E+00  1.1813398E+00
      2253  9.5830892E+00  1.2342516E+00
      2254  9.6311246E+00  1.2866059E+00
      2255  9.6794008E+00  1.3383571E+00
      2256  9.7279190E+00  1.3894589E+00
      2257  9.7766804E+00  1.4398642E+00
      2258  9.8256862E+00  1.4895262E+00
      2259  9.8749377E+00  1.5383967E+00
      2260  9.9244360E+00  1.5864277E+00
      2261  9.9741825E+00  1.6335707E+00
      2262  1.0024178E+01  1.6797766E+00
      2263  1.0074425E+01  1.7249963E+00
      2264  1.0124923E+01  1.7691806E+00
      2265  1.0175674E+01  1.8122793E+00
      2266  1.0226680E+01  1.8542429E+00
      2267  1.0277942E+01  1.8950217E+00
      2268  1.0329460E+01  1.9345650E+00
      2269  1.0381237E+01  1.9728234E+00
      2270  1.0433273E+01  2.0097468E+00
      2271  1.0485570E+01  2.0452849E+00
      2272  1.0538129E+01  2.0793885E+00
      2273  1.0590951E+01  2.1120079E+00
      2274  1.0644039E+01  2.1430935E+00
      2275  1.0697392E+01  2.1725971E+00
      2276  1.0751013E+01  2.2004697E+00
      2277  1.0804903E+01  2.2266633E+00
      2278  1.0859063E+01  2.2511310E+00
      2279  1.0913494E+01  2.2738253E+00
      2280  1.0968198E+01  2.2947003E+00
      2281  1.1023176E+01  2.3137111E+00
      2282  1.1078430E+01  2.3308124E+00
      2283  1.1133961E+01  2.3459612E+00
      2284  1.1189770E+01  2.3591150E+00
      2285  1.1245859E+01  2.3702318E+00
      2286  1.1302229E+01  2.3792721E+00
      2287  1.1358882E+01  2.3861966E+00
      2288  1.1415819E+01  2.3909672E+00
      2289  1.1473041E+01  2.3935487E+00
      2290  1.1530550E+01  2.3939060E+00
      2291  1.1588347E+01  2.3920058E+00
      2292  1.1646434E+01  2.3878179E+00
      2293  1.1704812E+01  2.3813119E+00
      2294  1.1763482E+01  2.3724608E+00
      2295  1.1822447E+01  2.3612397E+00
      2296  1.1881707E+01  2.3476244E+00
      2297  1.1941264E+01  2.3315945E+00
      2298  1.2001120E+01  2.3131317E+00
      2299  1.2061276E+01  2.2922187E+00
      2300  1.2121734E+01  2.2688428E+00
      2301  1.2182494E+01  2.2429930E+00
      2302  1.2243559E+01  2.2146602E+00
      2303  1.2304930E+01  2.1838400E+00
      2304  1.2366609E+01  2.1505296E+00
      2305  1.2428597E+01  2.1147291E+00
      2306  1.2490895E+01  2.0764434E+00
      2307  1.2553506E+01  2.0356788E+00
      2308  1.2616431E+01  1.9924456E+00
      2309  1.2679671E+01  1.9467587E+00
      2310  1.2743228E+01  1.8986345E+00
      2311  1.2807104E+01  1.8480946E+00
      2312  1.2871300E+01  1.7951643E+00
      2313  1.2935817E+01  1.7398712E+00
      2314  1.3000658E+01  1.6822488E+00
      2315  1.3065824E+01  1.6223339E+00
      2316  1.3131317E+01  1.5601661E+00
      2317  1.3197138E+01  1.4957913E+00
      2318  1.3263289E+01  1.4292584E+00
      2319  1.3329772E+01  1.3606200E+00
      2320  1.3396587E+01  1.2899349E+00
      2321  1.3463738E+01  1.2172645E+00
      2322  1.3531225E+01  1.1426752E+00
      2323  1.3599051E+01  1.0662387E+00
      2324  1.3667216E+01  9.8803006E-01
      2325  1.3735724E+01  9.0812922E-01
      2326  1.3804574E+01  8.2662146E-01
      2327  1.3873770E+01  7.4359533E-01
      2328  1.3943312E+01  6.5914489E-01
      2329  1.4013204E+01  5.7336880E-01
      2330  1.4083445E+01  4.8636942E-01
      2331  1.4154039E+01  3.9825454E-01
      2332  1.4224986E+01  3.0913615E-01
      2333  1.4296289E+01  2.1913029E-01
      2334  1.4367950E+01  1.2835790E-01
      2335  1.4439969E+01  3.6944060E-02
      2336  1.4512350E+01 -5.4982137E-02
      2337  1.4585093E+01 -1.4728730E-01
      2338  1.4658201E+01 -2.3983391E-01
      2339  1.4731676E+01 -3.3248081E-01
      2340  1.4805519E+01 -4.2508317E-01
      2341  1.4879732E+01 -5.1749201E-01
      2342  1.4954317E+01 -6.0955555E-01
