         1  1.2340980E-04  1.0015993E-05
         2  1.2402840E-04  1.0102621E-05
         3  1.2465009E-04  1.0190002E-05
         4  1.2527490E-04  1.0278142E-05
         5  1.2590285E-04  1.0367049E-05
         6  1.2653394E-04  1.0456727E-05
         7  1.2716819E-04  1.0547186E-05
         8  1.2780563E-04  1.0638430E-05
         9  1.2844625E-04  1.0730468E-05
        10  1.2909009E-04  1.0823305E-05
        11  1.2973716E-04  1.0916950E-05
        12  1.3038747E-04  1.1011408E-05
        13  1.3104104E-04  1.1106688E-05
        14  1.3169789E-04  1.1202796E-05
        15  1.3235802E-04  1.1299740E-05
        16  1.3302147E-04  1.1397527E-05
        17  1.3368824E-04  1.1496164E-05
        18  1.3435836E-04  1.1595659E-05
        19  1.3503183E-04  1.1696020E-05
        20  1.3570868E-04  1.1797253E-05
        21  1.3638893E-04  1.1899367E-05
        22  1.3707258E-04  1.2002369E-05
        23  1.3775966E-04  1.2106267E-05
        24  1.3845018E-04  1.2211069E-05
        25  1.3914417E-04  1.2316782E-05
        26  1.3984163E-04  1.2423416E-05
        27  1.4054259E-04  1.2530977E-05
        28  1.4124706E-04  1.2639475E-05
        29  1.4195506E-04  1.2748916E-05
        30  1.4266662E-04  1.2859310E-05
        31  1.4338174E-04  1.2970665E-05
        32  1.4410044E-04  1.3082989E-05
        33  1.4482275E-04  1.3196291E-05
        34  1.4554867E-04  1.3310579E-05
        35  1.4627824E-04  1.3425863E-05
        36  1.4701146E-04  1.3542149E-05
        37  1.4774836E-04  1.3659449E-05
        38  1.4848895E-04  1.3777770E-05
        39  1.4923326E-04  1.3897121E-05
        40  1.4998129E-04  1.4017511E-05
        41  1.5073308E-04  1.4138950E-05
        42  1.5148863E-04  1.4261447E-05
        43  1.5224797E-04  1.4385010E-05
        44  1.5301111E-04  1.4509650E-05
        45  1.5377809E-04  1.4635376E-05
        46  1.5454890E-04  1.4762197E-05
        47  1.5532358E-04  1.4890123E-05
        48  1.5610214E-04  1.5019164E-05
        49  1.5688461E-04  1.5149329E-05
        50  1.5767100E-04  1.5280629E-05
        51  1.5846133E-04  1.5413073E-05
        52  1.5925562E-04  1.5546671E-05
        53  1.6005389E-04  1.5681433E-05
        54  1.6085616E-04  1.5817371E-05
        55  1.6166246E-04  1.5954493E-05
        56  1.6247279E-04  1.6092811E-05
        57  1.6328719E-04  1.6232335E-05
        58  1.6410567E-04  1.6373075E-05
        59  1.6492825E-04  1.6515043E-05
        60  1.6575496E-04  1.6658248E-05
        61  1.6658581E-04  1.6802703E-05
        62  1.6742083E-04  1.6948417E-05
        63  1.6826003E-04  1.7095402E-05
        64  1.6910343E-04  1.7243670E-05
        65  1.6995107E-04  1.7393231E-05
        66  1.7080295E-04  1.7544097E-05
        67  1.7165910E-04  1.7696279E-05
        68  1.7251955E-04  1.7849789E-05
        69  1.7338431E-04  1.8004638E-05
        70  1.7425340E-04  1.8160839E-05
        71  1.7512685E-04  1.8318403E-05
        72  1.7600468E-04  1.8477343E-05
        73  1.7688690E-04  1.8637669E-05
        74  1.7777355E-04  1.8799396E-05
        75  1.7866465E-04  1.8962534E-05
        76  1.7956021E-04  1.9127096E-05
        77  1.8046025E-04  1.9293096E-05
        78  1.8136482E-04  1.9460544E-05
        79  1.8227391E-04  1.9629456E-05
        80  1.8318756E-04  1.9799842E-05
        81  1.8410579E-04  1.9971716E-05
        82  1.8502863E-04  2.0145092E-05
        83  1.8595609E-04  2.0319982E-05
        84  1.8688820E-04  2.0496401E-05
        85  1.8782498E-04  2.0674360E-05
        86  1.8876645E-04  2.0853874E-05
        87  1.8971265E-04  2.1034957E-05
        88  1.9066359E-04  2.1217623E-05
        89  1.9161929E-04  2.1401884E-05
        90  1.9257979E-04  2.1587757E-05
        91  1.9354510E-04  2.1775254E-05
        92  1.9451525E-04  2.1964390E-05
        93  1.9549026E-04  2.2155179E-05
        94  1.9647016E-04  2.2347637E-05
        95  1.9745497E-04  2.2541777E-05
        96  1.9844472E-04  2.2737615E-05
        97  1.9943943E-04  2.2935166E-05
        98  2.0043912E-04  2.3134444E-05
        99  2.0144382E-04  2.3335465E-05
       100  2.0245357E-04  2.3538245E-05
       101  2.0346837E-04  2.3742798E-05
       102  2.0448826E-04  2.3949142E-05
       103  2.0551326E-04  2.4157290E-05
       104  2.0654340E-04  2.4367260E-05
       105  2.0757870E-04  2.4579067E-05
       106  2.0861920E-04  2.4792728E-05
       107  2.0966490E-04  2.5008259E-05
       108  2.1071585E-04  2.5225676E-05
       109  2.1177207E-04  2.5444997E-05
       110  2.1283358E-04  2.5666238E-05
       111  2.1390042E-04  2.5889415E-05
       112  2.1497260E-04  2.6114547E-05
       113  2.1605015E-04  2.6341651E-05
       114  2.1713311E-04  2.6570743E-05
       115  2.1822149E-04  2.6801841E-05
       116  2.1931533E-04  2.7034964E-05
       117  2.2041465E-04  2.7270129E-05
       118  2.2151949E-04  2.7507354E-05
       119  2.2262986E-04  2.7746657E-05
       120  2.2374579E-04  2.7988057E-05
       121  2.2486732E-04  2.8231573E-05
       122  2.2599448E-04  2.8477222E-05
       123  2.2712728E-04  2.8725025E-05
       124  2.2826576E-04  2.8974999E-05
       125  2.2940995E-04  2.9227165E-05
       126  2.3055987E-04  2.9481541E-05
       127  2.3171555E-04  2.9738148E-05
       128  2.3287703E-04  2.9997004E-05
       129  2.3404433E-04  3.0258131E-05
       130  2.3521749E-04  3.0521547E-05
       131  2.3639652E-04  3.0787274E-05
       132  2.3758146E-04  3.1055331E-05
       133  2.3877234E-04  3.1325741E-05
       134  2.3996919E-04  3.1598522E-05
       135  2.4117204E-04  3.1873696E-05
       136  2.4238092E-04  3.2151286E-05
       137  2.4359586E-04  3.2431311E-05
       138  2.4481689E-04  3.2713793E-05
       139  2.4604404E-04  3.2998755E-05
       140  2.4727734E-04  3.3286218E-05
       141  2.4851683E-04  3.3576205E-05
       142  2.4976252E-04  3.3868738E-05
       143  2.5101446E-04  3.4163839E-05
       144  2.5227268E-04  3.4461532E-05
       145  2.5353720E-04  3.4761838E-05
       146  2.5480806E-04  3.5064783E-05
       147  2.5608529E-04  3.5370388E-05
       148  2.5736892E-04  3.5678678E-05
       149  2.5865899E-04  3.5989676E-05
       150  2.5995552E-04  3.6303407E-05
       151  2.6125856E-04  3.6619894E-05
       152  2.6256812E-04  3.6939162E-05
       153  2.6388425E-04  3.7261237E-05
       154  2.6520697E-04  3.7586142E-05
       155  2.6653633E-04  3.7913903E-05
       156  2.6787235E-04  3.8244546E-05
       157  2.6921506E-04  3.8578095E-05
       158  2.7056451E-04  3.8914578E-05
       159  2.7192072E-04  3.9254019E-05
       160  2.7328373E-04  3.9596446E-05
       161  2.7465357E-04  3.9941884E-05
       162  2.7603028E-04  4.0290361E-05
       163  2.7741388E-04  4.0641903E-05
       164  2.7880443E-04  4.0996538E-05
       165  2.8020194E-04  4.1354294E-05
       166  2.8160646E-04  4.1715198E-05
       167  2.8301802E-04  4.2079278E-05
       168  2.8443665E-04  4.2446562E-05
       169  2.8586239E-04  4.2817080E-05
       170  2.8729529E-04  4.3190859E-05
       171  2.8873536E-04  4.3567929E-05
       172  2.9018265E-04  4.3948319E-05
       173  2.9163720E-04  4.4332058E-05
       174  2.9309904E-04  4.4719177E-05
       175  2.9456820E-04  4.5109706E-05
       176  2.9604473E-04  4.5503675E-05
       177  2.9752866E-04  4.5901114E-05
       178  2.9902003E-04  4.6302055E-05
       179  3.0051887E-04  4.6706529E-05
       180  3.0202523E-04  4.7114567E-05
       181  3.0353914E-04  4.7526201E-05
       182  3.0506063E-04  4.7941464E-05
       183  3.0658976E-04  4.8360386E-05
       184  3.0812654E-04  4.8783002E-05
       185  3.0967104E-04  4.9209344E-05
       186  3.1122327E-04  4.9639445E-05
       187  3.1278328E-04  5.0073340E-05
       188  3.1435111E-04  5.0511060E-05
       189  3.1592681E-04  5.0952642E-05
       190  3.1751040E-04  5.1398119E-05
       191  3.1910192E-04  5.1847526E-05
       192  3.2070143E-04  5.2300899E-05
       193  3.2230895E-04  5.2758272E-05
       194  3.2392453E-04  5.3219681E-05
       195  3.2554821E-04  5.3685163E-05
       196  3.2718003E-04  5.4154753E-05
       197  3.2882002E-04  5.4628489E-05
       198  3.3046824E-04  5.5106408E-05
       199  3.3212472E-04  5.5588546E-05
       200  3.3378950E-04  5.6074942E-05
       201  3.3546263E-04  5.6565633E-05
       202  3.3714414E-04  5.7060659E-05
       203  3.3883408E-04  5.7560057E-05
       204  3.4053250E-04  5.8063868E-05
       205  3.4223942E-04  5.8572130E-05
       206  3.4395490E-04  5.9084883E-05
       207  3.4567899E-04  5.9602167E-05
       208  3.4741171E-04  6.0124023E-05
       209  3.4915312E-04  6.0650493E-05
       210  3.5090325E-04  6.1181616E-05
       211  3.5266216E-04  6.1717435E-05
       212  3.5442989E-04  6.2257992E-05
       213  3.5620648E-04  6.2803329E-05
       214  3.5799197E-04  6.3353489E-05
       215  3.5978641E-04  6.3908515E-05
       216  3.6158985E-04  6.4468451E-05
       217  3.6340233E-04  6.5033341E-05
       218  3.6522389E-04  6.5603229E-05
       219  3.6705458E-04  6.6178160E-05
       220  3.6889445E-04  6.6758180E-05
       221  3.7074354E-04  6.7343332E-05
       222  3.7260190E-04  6.7933665E-05
       223  3.7446957E-04  6.8529224E-05
       224  3.7634661E-04  6.9130056E-05
       225  3.7823306E-04  6.9736208E-05
       226  3.8012896E-04  7.0347729E-05
       227  3.8203436E-04  7.0964665E-05
       228  3.8394932E-04  7.1587066E-05
       229  3.8587387E-04  7.2214982E-05
       230  3.8780807E-04  7.2848460E-05
       231  3.8975197E-04  7.3487552E-05
       232  3.9170561E-04  7.4132307E-05
       233  3.9366904E-04  7.4782777E-05
       234  3.9564231E-04  7.5439012E-05
       235  3.9762548E-04  7.6101065E-05
       236  3.9961859E-04  7.6768988E-05
       237  4.0162168E-04  7.7442833E-05
       238  4.0363482E-04  7.8122654E-05
       239  4.0565805E-04  7.8808504E-05
       240  4.0769142E-04  7.9500438E-05
       241  4.0973498E-04  8.0198510E-05
       242  4.1178878E-04  8.0902775E-05
       243  4.1385288E-04  8.1613289E-05
       244  4.1592733E-04  8.2330109E-05
       245  4.1801217E-04  8.3053290E-05
       246  4.2010747E-04  8.3782891E-05
       247  4.2221327E-04  8.4518968E-05
       248  4.2432962E-04  8.5261581E-05
       249  4.2645658E-04  8.6010787E-05
       250  4.2859420E-04  8.6766646E-05
       251  4.3074254E-04  8.7529219E-05
       252  4.3290165E-04  8.8298565E-05
       253  4.3507158E-04  8.9074745E-05
       254  4.3725238E-04  8.9857822E-05
       255  4.3944412E-04  9.0647856E-05
       256  4.4164684E-04  9.1444911E-05
       257  4.4386060E-04  9.2249050E-05
       258  4.4608546E-04  9.3060337E-05
       259  4.4832148E-04  9.3878835E-05
       260  4.5056870E-04  9.4704611E-05
       261  4.5282718E-04  9.5537730E-05
       262  4.5509699E-04  9.6378257E-05
       263  4.5737817E-04  9.7226259E-05
       264  4.5967079E-04  9.8081805E-05
       265  4.6197490E-04  9.8944961E-05
       266  4.6429056E-04  9.9815797E-05
       267  4.6661782E-04  1.0069438E-04
       268  4.6895676E-04  1.0158079E-04
       269  4.7130741E-04  1.0247508E-04
       270  4.7366985E-04  1.0337733E-04
       271  4.7604413E-04  1.0428762E-04
       272  4.7843031E-04  1.0520601E-04
       273  4.8082845E-04  1.0613257E-04
       274  4.8323861E-04  1.0706739E-04
       275  4.8566086E-04  1.0801054E-04
       276  4.8809524E-04  1.0896208E-04
       277  4.9054183E-04  1.0992210E-04
       278  4.9300068E-04  1.1089068E-04
       279  4.9547186E-04  1.1186789E-04
       280  4.9795542E-04  1.1285380E-04
       281  5.0045143E-04  1.1384851E-04
       282  5.0295996E-04  1.1485208E-04
       283  5.0548105E-04  1.1586460E-04
       284  5.0801479E-04  1.1688614E-04
       285  5.1056122E-04  1.1791679E-04
       286  5.1312042E-04  1.1895664E-04
       287  5.1569245E-04  1.2000576E-04
       288  5.1827737E-04  1.2106424E-04
       289  5.2087524E-04  1.2213216E-04
       290  5.2348614E-04  1.2320961E-04
       291  5.2611013E-04  1.2429668E-04
       292  5.2874727E-04  1.2539345E-04
       293  5.3139762E-04  1.2650000E-04
       294  5.3406126E-04  1.2761644E-04
       295  5.3673826E-04  1.2874284E-04
       296  5.3942867E-04  1.2987930E-04
       297  5.4213257E-04  1.3102591E-04
       298  5.4485002E-04  1.3218276E-04
       299  5.4758109E-04  1.3334994E-04
       300  5.5032585E-04  1.3452755E-04
       301  5.5308437E-04  1.3571569E-04
       302  5.5585672E-04  1.3691443E-04
       303  5.5864296E-04  1.3812389E-04
       304  5.6144317E-04  1.3934416E-04
       305  5.6425742E-04  1.4057534E-04
       306  5.6708577E-04  1.4181753E-04
       307  5.6992830E-04  1.4307082E-04
       308  5.7278507E-04  1.4433532E-04
       309  5.7565617E-04  1.4561112E-04
       310  5.7854166E-04  1.4689834E-04
       311  5.8144161E-04  1.4819707E-04
       312  5.8435610E-04  1.4950742E-04
       313  5.8728520E-04  1.5082950E-04
       314  5.9022898E-04  1.5216340E-04
       315  5.9318751E-04  1.5350925E-04
       316  5.9616088E-04  1.5486714E-04
       317  5.9914915E-04  1.5623718E-04
       318  6.0215239E-04  1.5761949E-04
       319  6.0517069E-04  1.5901418E-04
       320  6.0820413E-04  1.6042136E-04
       321  6.1125276E-04  1.6184114E-04
       322  6.1431668E-04  1.6327364E-04
       323  6.1739595E-04  1.6471897E-04
       324  6.2049066E-04  1.6617725E-04
       325  6.2360089E-04  1.6764859E-04
       326  6.2672670E-04  1.6913313E-04
       327  6.2986818E-04  1.7063096E-04
       328  6.3302541E-04  1.7214223E-04
       329  6.3619846E-04  1.7366704E-04
       330  6.3938742E-04  1.7520552E-04
       331  6.4259236E-04  1.7675780E-04
       332  6.4581337E-04  1.7832400E-04
       333  6.4905052E-04  1.7990424E-04
       334  6.5230390E-04  1.8149867E-04
       335  6.5557359E-04  1.8310739E-04
       336  6.5885966E-04  1.8473055E-04
       337  6.6216221E-04  1.8636828E-04
       338  6.6548131E-04  1.8802070E-04
       339  6.6881705E-04  1.8968795E-04
       340  6.7216951E-04  1.9137017E-04
       341  6.7553878E-04  1.9306750E-04
       342  6.7892493E-04  1.9478006E-04
       343  6.8232805E-04  1.9650800E-04
       344  6.8574824E-04  1.9825146E-04
       345  6.8918556E-04  2.0001058E-04
       346  6.9264012E-04  2.0178550E-04
       347  6.9611199E-04  2.0357637E-04
       348  6.9960127E-04  2.0538333E-04
       349  7.0310804E-04  2.0720653E-04
       350  7.0663238E-04  2.0904611E-04
       351  7.1017439E-04  2.1090223E-04
       352  7.1373415E-04  2.1277504E-04
       353  7.1731176E-04  2.1466468E-04
       354  7.2090730E-04  2.1657131E-04
       355  7.2452086E-04  2.1849509E-04
       356  7.2815254E-04  2.2043617E-04
       357  7.3180242E-04  2.2239471E-04
       358  7.3547059E-04  2.2437087E-04
       359  7.3915716E-04  2.2636481E-04
       360  7.4286220E-04  2.2837669E-04
       361  7.4658581E-04  2.3040668E-04
       362  7.5032809E-04  2.3245494E-04
       363  7.5408912E-04  2.3452163E-04
       364  7.5786901E-04  2.3660693E-04
       365  7.6166784E-04  2.3871100E-04
       366  7.6548572E-04  2.4083402E-04
       367  7.6932273E-04  2.4297615E-04
       368  7.7317898E-04  2.4513758E-04
       369  7.7705455E-04  2.4731848E-04
       370  7.8094956E-04  2.4951903E-04
       371  7.8486408E-04  2.5173940E-04
       372  7.8879823E-04  2.5397978E-04
       373  7.9275210E-04  2.5624035E-04
       374  7.9672578E-04  2.5852129E-04
       375  8.0071939E-04  2.6082279E-04
       376  8.0473301E-04  2.6314504E-04
       377  8.0876675E-04  2.6548823E-04
       378  8.1282071E-04  2.6785255E-04
       379  8.1689499E-04  2.7023818E-04
       380  8.2098970E-04  2.7264534E-04
       381  8.2510492E-04  2.7507420E-04
       382  8.2924078E-04  2.7752498E-04
       383  8.3339737E-04  2.7999786E-04
       384  8.3757479E-04  2.8249306E-04
       385  8.4177315E-04  2.8501078E-04
       386  8.4599255E-04  2.8755122E-04
       387  8.5023311E-04  2.9011459E-04
       388  8.5449492E-04  2.9270109E-04
       389  8.5877809E-04  2.9531095E-04
       390  8.6308274E-04  2.9794438E-04
       391  8.6740896E-04  3.0060158E-04
       392  8.7175686E-04  3.0328279E-04
       393  8.7612656E-04  3.0598821E-04
       394  8.8051816E-04  3.0871806E-04
       395  8.8493178E-04  3.1147258E-04
       396  8.8936752E-04  3.1425199E-04
       397  8.9382549E-04  3.1705651E-04
       398  8.9830581E-04  3.1988638E-04
       399  9.0280859E-04  3.2274182E-04
       400  9.0733394E-04  3.2562307E-04
       401  9.1188197E-04  3.2853037E-04
       402  9.1645279E-04  3.3146396E-04
       403  9.2104653E-04  3.3442407E-04
       404  9.2566330E-04  3.3741095E-04
       405  9.3030320E-04  3.4042484E-04
       406  9.3496637E-04  3.4346599E-04
       407  9.3965291E-04  3.4653466E-04
       408  9.4436294E-04  3.4963108E-04
       409  9.4909657E-04  3.5275552E-04
       410  9.5385394E-04  3.5590823E-04
       411  9.5863515E-04  3.5908947E-04
       412  9.6344033E-04  3.6229951E-04
       413  9.6826960E-04  3.6553860E-04
       414  9.7312307E-04  3.6880701E-04
       415  9.7800087E-04  3.7210502E-04
       416  9.8290312E-04  3.7543288E-04
       417  9.8782994E-04  3.7879088E-04
       418  9.9278146E-04  3.8217929E-04
       419  9.9775780E-04  3.8559839E-04
       420  1.0027591E-03  3.8904846E-04
       421  1.0077854E-03  3.9252979E-04
       422  1.0128370E-03  3.9604265E-04
       423  1.0179138E-03  3.9958735E-04
       424  1.0230162E-03  4.0316416E-04
       425  1.0281440E-03  4.0677340E-04
       426  1.0332976E-03  4.1041534E-04
       427  1.0384771E-03  4.1409030E-04
       428  1.0436825E-03  4.1779857E-04
       429  1.0489139E-03  4.2154046E-04
       430  1.0541716E-03  4.2531628E-04
       431  1.0594557E-03  4.2912634E-04
       432  1.0647662E-03  4.3297095E-04
       433  1.0701034E-03  4.3685043E-04
       434  1.0754673E-03  4.4076511E-04
       435  1.0808581E-03  4.4471529E-04
       436  1.0862759E-03  4.4870131E-04
       437  1.0917209E-03  4.5272350E-04
       438  1.0971932E-03  4.5678218E-04
       439  1.1026929E-03  4.6087770E-04
       440  1.1082202E-03  4.6501039E-04
       441  1.1137751E-03  4.6918058E-04
       442  1.1193580E-03  4.7338864E-04
       443  1.1249688E-03  4.7763489E-04
       444  1.1306077E-03  4.8191970E-04
       445  1.1362749E-03  4.8624341E-04
       446  1.1419705E-03  4.9060639E-04
       447  1.1476947E-03  4.9500898E-04
       448  1.1534475E-03  4.9945157E-04
       449  1.1592292E-03  5.0393450E-04
       450  1.1650398E-03  5.0845816E-04
       451  1.1708796E-03  5.1302292E-04
       452  1.1767487E-03  5.1762915E-04
       453  1.1826472E-03  5.2227723E-04
       454  1.1885752E-03  5.2696756E-04
       455  1.1945330E-03  5.3170050E-04
       456  1.2005206E-03  5.3647647E-04
       457  1.2065382E-03  5.4129584E-04
       458  1.2125860E-03  5.4615902E-04
       459  1.2186641E-03  5.5106642E-04
       460  1.2247727E-03  5.5601843E-04
       461  1.2309119E-03  5.6101546E-04
       462  1.2370819E-03  5.6605794E-04
       463  1.2432828E-03  5.7114627E-04
       464  1.2495148E-03  5.7628088E-04
       465  1.2557780E-03  5.8146219E-04
       466  1.2620726E-03  5.8669063E-04
       467  1.2683988E-03  5.9196663E-04
       468  1.2747566E-03  5.9729063E-04
       469  1.2811464E-03  6.0266307E-04
       470  1.2875681E-03  6.0808440E-04
       471  1.2940221E-03  6.1355505E-04
       472  1.3005084E-03  6.1907549E-04
       473  1.3070272E-03  6.2464618E-04
       474  1.3135787E-03  6.3026756E-04
       475  1.3201631E-03  6.3594011E-04
       476  1.3267804E-03  6.4166430E-04
       477  1.3334309E-03  6.4744060E-04
       478  1.3401148E-03  6.5326949E-04
       479  1.3468321E-03  6.5915145E-04
       480  1.3535832E-03  6.6508697E-04
       481  1.3603680E-03  6.7107654E-04
       482  1.3671869E-03  6.7712066E-04
       483  1.3740400E-03  6.8321982E-04
       484  1.3809274E-03  6.8937454E-04
       485  1.3878493E-03  6.9558531E-04
       486  1.3948059E-03  7.0185267E-04
       487  1.4017974E-03  7.0817711E-04
       488  1.4088240E-03  7.1455918E-04
       489  1.4158857E-03  7.2099939E-04
       490  1.4229829E-03  7.2749828E-04
       491  1.4301156E-03  7.3405640E-04
       492  1.4372841E-03  7.4067427E-04
       493  1.4444885E-03  7.4735246E-04
       494  1.4517290E-03  7.5409151E-04
       495  1.4590058E-03  7.6089198E-04
       496  1.4663191E-03  7.6775444E-04
       497  1.4736691E-03  7.7467945E-04
       498  1.4810559E-03  7.8166759E-04
       499  1.4884797E-03  7.8871944E-04
       500  1.4959408E-03  7.9583558E-04
       501  1.5034392E-03  8.0301660E-04
       502  1.5109752E-03  8.1026310E-04
       503  1.5185490E-03  8.1757568E-04
       504  1.5261608E-03  8.2495493E-04
       505  1.5338107E-03  8.3240149E-04
       506  1.5414989E-03  8.3991595E-04
       507  1.5492257E-03  8.4749895E-04
       508  1.5569913E-03  8.5515111E-04
       509  1.5647957E-03  8.6287307E-04
       510  1.5726393E-03  8.7066547E-04
       511  1.5805222E-03  8.7852895E-04
       512  1.5884446E-03  8.8646416E-04
       513  1.5964067E-03  8.9447177E-04
       514  1.6044087E-03  9.0255243E-04
       515  1.6124508E-03  9.1070681E-04
       516  1.6205333E-03  9.1893560E-04
       517  1.6286562E-03  9.2723947E-04
       518  1.6368199E-03  9.3561912E-04
       519  1.6450245E-03  9.4407523E-04
       520  1.6532702E-03  9.5260850E-04
       521  1.6615573E-03  9.6121965E-04
       522  1.6698859E-03  9.6990939E-04
       523  1.6782562E-03  9.7867844E-04
       524  1.6866685E-03  9.8752752E-04
       525  1.6951230E-03  9.9645736E-04
       526  1.7036198E-03  1.0054687E-03
       527  1.7121592E-03  1.0145623E-03
       528  1.7207415E-03  1.0237389E-03
       529  1.7293667E-03  1.0329993E-03
       530  1.7380352E-03  1.0423442E-03
       531  1.7467471E-03  1.0517745E-03
       532  1.7555027E-03  1.0612908E-03
       533  1.7643022E-03  1.0708940E-03
       534  1.7731458E-03  1.0805848E-03
       535  1.7820338E-03  1.0903642E-03
       536  1.7909663E-03  1.1002328E-03
       537  1.7999435E-03  1.1101916E-03
       538  1.8089658E-03  1.1202412E-03
       539  1.8180332E-03  1.1303826E-03
       540  1.8271462E-03  1.1406167E-03
       541  1.8363048E-03  1.1509441E-03
       542  1.8455093E-03  1.1613659E-03
       543  1.8547599E-03  1.1718828E-03
       544  1.8640570E-03  1.1824958E-03
       545  1.8734006E-03  1.1932057E-03
       546  1.8827911E-03  1.2040134E-03
       547  1.8922286E-03  1.2149198E-03
       548  1.9017134E-03  1.2259257E-03
       549  1.9112458E-03  1.2370322E-03
       550  1.9208260E-03  1.2482401E-03
       551  1.9304541E-03  1.2595504E-03
       552  1.9401306E-03  1.2709639E-03
       553  1.9498555E-03  1.2824817E-03
       554  1.9596292E-03  1.2941047E-03
       555  1.9694519E-03  1.3058338E-03
       556  1.9793238E-03  1.3176701E-03
       557  1.9892452E-03  1.3296144E-03
       558  1.9992164E-03  1.3416678E-03
       559  2.0092375E-03  1.3538313E-03
       560  2.0193088E-03  1.3661058E-03
       561  2.0294306E-03  1.3784925E-03
       562  2.0396032E-03  1.3909923E-03
       563  2.0498268E-03  1.4036062E-03
       564  2.0601016E-03  1.4163354E-03
       565  2.0704279E-03  1.4291807E-03
       566  2.0808059E-03  1.4421434E-03
       567  2.0912360E-03  1.4552245E-03
       568  2.1017184E-03  1.4684250E-03
       569  2.1122533E-03  1.4817461E-03
       570  2.1228410E-03  1.4951888E-03
       571  2.1334818E-03  1.5087543E-03
       572  2.1441759E-03  1.5224436E-03
       573  2.1549236E-03  1.5362579E-03
       574  2.1657252E-03  1.5501984E-03
       575  2.1765810E-03  1.5642662E-03
       576  2.1874911E-03  1.5784624E-03
       577  2.1984560E-03  1.5927882E-03
       578  2.2094758E-03  1.6072449E-03
       579  2.2205508E-03  1.6218335E-03
       580  2.2316814E-03  1.6365554E-03
       581  2.2428677E-03  1.6514116E-03
       582  2.2541101E-03  1.6664035E-03
       583  2.2654089E-03  1.6815322E-03
       584  2.2767643E-03  1.6967990E-03
       585  2.2881767E-03  1.7122052E-03
       586  2.2996462E-03  1.7277521E-03
       587  2.3111732E-03  1.7434408E-03
       588  2.3227580E-03  1.7592728E-03
       589  2.3344009E-03  1.7752492E-03
       590  2.3461021E-03  1.7913715E-03
       591  2.3578620E-03  1.8076409E-03
       592  2.3696808E-03  1.8240589E-03
       593  2.3815589E-03  1.8406266E-03
       594  2.3934965E-03  1.8573455E-03
       595  2.4054940E-03  1.8742170E-03
       596  2.4175516E-03  1.8912424E-03
       597  2.4296696E-03  1.9084232E-03
       598  2.4418484E-03  1.9257607E-03
       599  2.4540882E-03  1.9432564E-03
       600  2.4663893E-03  1.9609117E-03
       601  2.4787522E-03  1.9787281E-03
       602  2.4911770E-03  1.9967070E-03
       603  2.5036641E-03  2.0148499E-03
       604  2.5162137E-03  2.0331583E-03
       605  2.5288263E-03  2.0516336E-03
       606  2.5415021E-03  2.0702775E-03
       607  2.5542414E-03  2.0890913E-03
       608  2.5670446E-03  2.1080768E-03
       609  2.5799120E-03  2.1272353E-03
       610  2.5928438E-03  2.1465685E-03
       611  2.6058405E-03  2.1660780E-03
       612  2.6189023E-03  2.1857653E-03
       613  2.6320297E-03  2.2056321E-03
       614  2.6452228E-03  2.2256799E-03
       615  2.6584820E-03  2.2459105E-03
       616  2.6718077E-03  2.2663255E-03
       617  2.6852002E-03  2.2869265E-03
       618  2.6986598E-03  2.3077152E-03
       619  2.7121869E-03  2.3286934E-03
       620  2.7257818E-03  2.3498627E-03
       621  2.7394448E-03  2.3712248E-03
       622  2.7531763E-03  2.3927815E-03
       623  2.7669767E-03  2.4145346E-03
       624  2.7808462E-03  2.4364858E-03
       625  2.7947853E-03  2.4586369E-03
       626  2.8087942E-03  2.4809897E-03
       627  2.8228733E-03  2.5035460E-03
       628  2.8370230E-03  2.5263077E-03
       629  2.8512437E-03  2.5492766E-03
       630  2.8655356E-03  2.5724546E-03
       631  2.8798992E-03  2.5958435E-03
       632  2.8943347E-03  2.6194454E-03
       633  2.9088426E-03  2.6432619E-03
       634  2.9234233E-03  2.6672952E-03
       635  2.9380770E-03  2.6915472E-03
       636  2.9528042E-03  2.7160198E-03
       637  2.9676051E-03  2.7407149E-03
       638  2.9824803E-03  2.7656347E-03
       639  2.9974301E-03  2.7907811E-03
       640  3.0124548E-03  2.8161562E-03
       641  3.0275547E-03  2.8417620E-03
       642  3.0427304E-03  2.8676005E-03
       643  3.0579822E-03  2.8936740E-03
       644  3.0733104E-03  2.9199844E-03
       645  3.0887154E-03  2.9465339E-03
       646  3.1041977E-03  2.9733246E-03
       647  3.1197575E-03  3.0003588E-03
       648  3.1353954E-03  3.0276385E-03
       649  3.1511116E-03  3.0551661E-03
       650  3.1669066E-03  3.0829436E-03
       651  3.1827808E-03  3.1109734E-03
       652  3.1987346E-03  3.1392577E-03
       653  3.2147683E-03  3.1677988E-03
       654  3.2308824E-03  3.1965989E-03
       655  3.2470772E-03  3.2256604E-03
       656  3.2633533E-03  3.2549856E-03
       657  3.2797109E-03  3.2845770E-03
       658  3.2961505E-03  3.3144367E-03
       659  3.3126725E-03  3.3445673E-03
       660  3.3292774E-03  3.3749712E-03
       661  3.3459655E-03  3.4056508E-03
       662  3.3627372E-03  3.4366085E-03
       663  3.3795930E-03  3.4678469E-03
       664  3.3965332E-03  3.4993684E-03
       665  3.4135584E-03  3.5311756E-03
       666  3.4306690E-03  3.5632710E-03
       667  3.4478653E-03  3.5956571E-03
       668  3.4651478E-03  3.6283366E-03
       669  3.4825169E-03  3.6613121E-03
       670  3.4999731E-03  3.6945861E-03
       671  3.5175168E-03  3.7281614E-03
       672  3.5351484E-03  3.7620406E-03
       673  3.5528684E-03  3.7962264E-03
       674  3.5706772E-03  3.8307216E-03
       675  3.5885753E-03  3.8655288E-03
       676  3.6065631E-03  3.9006509E-03
       677  3.6246411E-03  3.9360906E-03
       678  3.6428097E-03  3.9718508E-03
       679  3.6610694E-03  4.0079343E-03
       680  3.6794205E-03  4.0443439E-03
       681  3.6978637E-03  4.0810826E-03
       682  3.7163993E-03  4.1181532E-03
       683  3.7350279E-03  4.1555587E-03
       684  3.7537498E-03  4.1933021E-03
       685  3.7725655E-03  4.2313862E-03
       686  3.7914756E-03  4.2698143E-03
       687  3.8104804E-03  4.3085891E-03
       688  3.8295805E-03  4.3477139E-03
       689  3.8487764E-03  4.3871918E-03
       690  3.8680685E-03  4.4270257E-03
       691  3.8874572E-03  4.4672189E-03
       692  3.9069432E-03  4.5077746E-03
       693  3.9265268E-03  4.5486958E-03
       694  3.9462086E-03  4.5899859E-03
       695  3.9659891E-03  4.6316481E-03
       696  3.9858687E-03  4.6736856E-03
       697  4.0058479E-03  4.7161017E-03
       698  4.0259273E-03  4.7588998E-03
       699  4.0461074E-03  4.8020833E-03
       700  4.0663886E-03  4.8456554E-03
       701  4.0867714E-03  4.8896196E-03
       702  4.1072565E-03  4.9339794E-03
       703  4.1278442E-03  4.9787382E-03
       704  4.1485351E-03  5.0238995E-03
       705  4.1693297E-03  5.0694668E-03
       706  4.1902285E-03  5.1154436E-03
       707  4.2112322E-03  5.1618337E-03
       708  4.2323410E-03  5.2086404E-03
       709  4.2535557E-03  5.2558676E-03
       710  4.2748768E-03  5.3035189E-03
       711  4.2963047E-03  5.3515979E-03
       712  4.3178400E-03  5.4001084E-03
       713  4.3394833E-03  5.4490541E-03
       714  4.3612350E-03  5.4984389E-03
       715  4.3830958E-03  5.5482665E-03
       716  4.4050662E-03  5.5985409E-03
       717  4.4271466E-03  5.6492659E-03
       718  4.4493378E-03  5.7004453E-03
       719  4.4716402E-03  5.7520832E-03
       720  4.4940544E-03  5.8041836E-03
       721  4.5165809E-03  5.8567504E-03
       722  4.5392204E-03  5.9097877E-03
       723  4.5619733E-03  5.9632996E-03
       724  4.5848403E-03  6.0172901E-03
       725  4.6078219E-03  6.0717635E-03
       726  4.6309187E-03  6.1267238E-03
       727  4.6541313E-03  6.1821753E-03
       728  4.6774602E-03  6.2381223E-03
       729  4.7009061E-03  6.2945690E-03
       730  4.7244695E-03  6.3515197E-03
       731  4.7481510E-03  6.4089788E-03
       732  4.7719512E-03  6.4669507E-03
       733  4.7958707E-03  6.5254397E-03
       734  4.8199101E-03  6.5844503E-03
       735  4.8440700E-03  6.6439870E-03
       736  4.8683510E-03  6.7040544E-03
       737  4.8927537E-03  6.7646569E-03
       738  4.9172788E-03  6.8257992E-03
       739  4.9419267E-03  6.8874859E-03
       740  4.9666982E-03  6.9497217E-03
       741  4.9915939E-03  7.0125112E-03
       742  5.0166144E-03  7.0758593E-03
       743  5.0417603E-03  7.1397706E-03
       744  5.0670322E-03  7.2042500E-03
       745  5.0924308E-03  7.2693024E-03
       746  5.1179567E-03  7.3349326E-03
       747  5.1436106E-03  7.4011456E-03
       748  5.1693930E-03  7.4679464E-03
       749  5.1953047E-03  7.5353398E-03
       750  5.2213463E-03  7.6033311E-03
       751  5.2475184E-03  7.6719252E-03
       752  5.2738217E-03  7.7411274E-03
       753  5.3002568E-03  7.8109427E-03
       754  5.3268245E-03  7.8813763E-03
       755  5.3535253E-03  7.9524336E-03
       756  5.3803600E-03  8.0241198E-03
       757  5.4073291E-03  8.0964401E-03
       758  5.4344335E-03  8.1694001E-03
       759  5.4616737E-03  8.2430050E-03
       760  5.4890504E-03  8.3172604E-03
       761  5.5165644E-03  8.3921717E-03
       762  5.5442163E-03  8.4677445E-03
       763  5.5720068E-03  8.5439843E-03
       764  5.5999366E-03  8.6208967E-03
       765  5.6280064E-03  8.6984875E-03
       766  5.6562169E-03  8.7767623E-03
       767  5.6845688E-03  8.8557268E-03
       768  5.7130628E-03  8.9353869E-03
       769  5.7416997E-03  9.0157484E-03
       770  5.7704801E-03  9.0968171E-03
       771  5.7994047E-03  9.1785990E-03
       772  5.8284744E-03  9.2611001E-03
       773  5.8576897E-03  9.3443263E-03
       774  5.8870515E-03  9.4282838E-03
       775  5.9165605E-03  9.5129785E-03
       776  5.9462174E-03  9.5984168E-03
       777  5.9760229E-03  9.6846047E-03
       778  6.0059778E-03  9.7715484E-03
       779  6.0360829E-03  9.8592544E-03
       780  6.0663389E-03  9.9477289E-03
       781  6.0967466E-03  1.0036978E-02
       782  6.1273066E-03  1.0127009E-02
       783  6.1580199E-03  1.0217827E-02
       784  6.1888871E-03  1.0309440E-02
       785  6.2199090E-03  1.0401854E-02
       786  6.2510864E-03  1.0495075E-02
       787  6.2824201E-03  1.0589110E-02
       788  6.3139109E-03  1.0683966E-02
       789  6.3455595E-03  1.0779650E-02
       790  6.3773668E-03  1.0876169E-02
       791  6.4093334E-03  1.0973528E-02
       792  6.4414604E-03  1.1071736E-02
       793  6.4737483E-03  1.1170799E-02
       794  6.5061981E-03  1.1270724E-02
       795  6.5388106E-03  1.1371518E-02
       796  6.5715865E-03  1.1473189E-02
       797  6.6045267E-03  1.1575743E-02
       798  6.6376320E-03  1.1679188E-02
       799  6.6709033E-03  1.1783531E-02
       800  6.7043413E-03  1.1888780E-02
       801  6.7379470E-03  1.1994941E-02
       802  6.7717211E-03  1.2102022E-02
       803  6.8056645E-03  1.2210031E-02
       804  6.8397780E-03  1.2318974E-02
       805  6.8740626E-03  1.2428861E-02
       806  6.9085189E-03  1.2539698E-02
       807  6.9431480E-03  1.2651493E-02
       808  6.9779507E-03  1.2764253E-02
       809  7.0129278E-03  1.2877987E-02
       810  7.0480803E-03  1.2992702E-02
       811  7.0834089E-03  1.3108407E-02
       812  7.1189147E-03  1.3225109E-02
       813  7.1545984E-03  1.3342816E-02
       814  7.1904609E-03  1.3461537E-02
       815  7.2265033E-03  1.3581279E-02
       816  7.2627263E-03  1.3702050E-02
       817  7.2991308E-03  1.3823859E-02
       818  7.3357179E-03  1.3946715E-02
       819  7.3724883E-03  1.4070625E-02
       820  7.4094431E-03  1.4195597E-02
       821  7.4465831E-03  1.4321641E-02
       822  7.4839092E-03  1.4448765E-02
       823  7.5214225E-03  1.4576977E-02
       824  7.5591238E-03  1.4706287E-02
       825  7.5970140E-03  1.4836701E-02
       826  7.6350942E-03  1.4968231E-02
       827  7.6733653E-03  1.5100883E-02
       828  7.7118282E-03  1.5234668E-02
       829  7.7504839E-03  1.5369594E-02
       830  7.7893334E-03  1.5505669E-02
       831  7.8283775E-03  1.5642904E-02
       832  7.8676175E-03  1.5781307E-02
       833  7.9070541E-03  1.5920887E-02
       834  7.9466883E-03  1.6061653E-02
       835  7.9865213E-03  1.6203616E-02
       836  8.0265539E-03  1.6346783E-02
       837  8.0667871E-03  1.6491164E-02
       838  8.1072221E-03  1.6636770E-02
       839  8.1478597E-03  1.6783609E-02
       840  8.1887010E-03  1.6931691E-02
       841  8.2297470E-03  1.7081026E-02
       842  8.2709988E-03  1.7231622E-02
       843  8.3124574E-03  1.7383491E-02
       844  8.3541237E-03  1.7536642E-02
       845  8.3959990E-03  1.7691084E-02
       846  8.4380841E-03  1.7846828E-02
       847  8.4803802E-03  1.8003884E-02
       848  8.5228882E-03  1.8162261E-02
       849  8.5656094E-03  1.8321971E-02
       850  8.6085447E-03  1.8483022E-02
       851  8.6516952E-03  1.8645425E-02
       852  8.6950620E-03  1.8809191E-02
       853  8.7386462E-03  1.8974330E-02
       854  8.7824488E-03  1.9140852E-02
       855  8.8264710E-03  1.9308768E-02
       856  8.8707139E-03  1.9478088E-02
       857  8.9151785E-03  1.9648823E-02
       858  8.9598661E-03  1.9820984E-02
       859  9.0047776E-03  1.9994581E-02
       860  9.0499142E-03  2.0169625E-02
       861  9.0952771E-03  2.0346128E-02
       862  9.1408674E-03  2.0524099E-02
       863  9.1866862E-03  2.0703550E-02
       864  9.2327346E-03  2.0884493E-02
       865  9.2790139E-03  2.1066937E-02
       866  9.3255251E-03  2.1250895E-02
       867  9.3722695E-03  2.1436377E-02
       868  9.4192482E-03  2.1623395E-02
       869  9.4664624E-03  2.1811960E-02
       870  9.5139132E-03  2.2002084E-02
       871  9.5616019E-03  2.2193778E-02
       872  9.6095297E-03  2.2387054E-02
       873  9.6576976E-03  2.2581923E-02
       874  9.7061070E-03  2.2778397E-02
       875  9.7547591E-03  2.2976488E-02
       876  9.8036550E-03  2.3176207E-02
       877  9.8527961E-03  2.3377567E-02
       878  9.9021834E-03  2.3580579E-02
       879  9.9518183E-03  2.3785255E-02
       880  1.0001702E-02  2.3991608E-02
       881  1.0051836E-02  2.4199650E-02
       882  1.0102221E-02  2.4409392E-02
       883  1.0152858E-02  2.4620847E-02
       884  1.0203750E-02  2.4834027E-02
       885  1.0254896E-02  2.5048945E-02
       886  1.0306299E-02  2.5265613E-02
       887  1.0357960E-02  2.5484044E-02
       888  1.0409879E-02  2.5704250E-02
       889  1.0462059E-02  2.5926243E-02
       890  1.0514500E-02  2.6150037E-02
       891  1.0567204E-02  2.6375645E-02
       892  1.0620173E-02  2.6603078E-02
       893  1.0673407E-02  2.6832350E-02
       894  1.0726907E-02  2.7063474E-02
       895  1.0780676E-02  2.7296463E-02
       896  1.0834714E-02  2.7531330E-02
       897  1.0889024E-02  2.7768087E-02
       898  1.0943605E-02  2.8006749E-02
       899  1.0998460E-02  2.8247328E-02
       900  1.1053590E-02  2.8489838E-02
       901  1.1108997E-02  2.8734292E-02
       902  1.1164681E-02  2.8980704E-02
       903  1.1220644E-02  2.9229086E-02
       904  1.1276888E-02  2.9479453E-02
       905  1.1333413E-02  2.9731818E-02
       906  1.1390222E-02  2.9986195E-02
       907  1.1447316E-02  3.0242597E-02
       908  1.1504696E-02  3.0501038E-02
       909  1.1562363E-02  3.0761532E-02
       910  1.1620320E-02  3.1024093E-02
       911  1.1678567E-02  3.1288735E-02
       912  1.1737106E-02  3.1555472E-02
       913  1.1795939E-02  3.1824317E-02
       914  1.1855066E-02  3.2095286E-02
       915  1.1914490E-02  3.2368391E-02
       916  1.1974211E-02  3.2643648E-02
       917  1.2034232E-02  3.2921071E-02
       918  1.2094554E-02  3.3200673E-02
       919  1.2155178E-02  3.3482470E-02
       920  1.2216106E-02  3.3766475E-02
       921  1.2277340E-02  3.4052703E-02
       922  1.2338880E-02  3.4341169E-02
       923  1.2400729E-02  3.4631888E-02
       924  1.2462888E-02  3.4924873E-02
       925  1.2525359E-02  3.5220140E-02
       926  1.2588142E-02  3.5517703E-02
       927  1.2651241E-02  3.5817577E-02
       928  1.2714655E-02  3.6119777E-02
       929  1.2778388E-02  3.6424318E-02
       930  1.2842440E-02  3.6731214E-02
       931  1.2906813E-02  3.7040481E-02
       932  1.2971508E-02  3.7352134E-02
       933  1.3036528E-02  3.7666187E-02
       934  1.3101874E-02  3.7982656E-02
       935  1.3167547E-02  3.8301556E-02
       936  1.3233550E-02  3.8622902E-02
       937  1.3299884E-02  3.8946709E-02
       938  1.3366549E-02  3.9272993E-02
       939  1.3433550E-02  3.9601768E-02
       940  1.3500886E-02  3.9933051E-02
       941  1.3568559E-02  4.0266856E-02
       942  1.3636572E-02  4.0603199E-02
       943  1.3704925E-02  4.0942096E-02
       944  1.3773622E-02  4.1283561E-02
       945  1.3842662E-02  4.1627610E-02
       946  1.3912049E-02  4.1974260E-02
       947  1.3981783E-02  4.2323525E-02
       948  1.4051867E-02  4.2675420E-02
       949  1.4122302E-02  4.3029963E-02
       950  1.4193091E-02  4.3387168E-02
       951  1.4264234E-02  4.3747051E-02
       952  1.4335734E-02  4.4109627E-02
       953  1.4407592E-02  4.4474914E-02
       954  1.4479810E-02  4.4842925E-02
       955  1.4552391E-02  4.5213677E-02
       956  1.4625335E-02  4.5587186E-02
       957  1.4698645E-02  4.5963468E-02
       958  1.4772322E-02  4.6342538E-02
       959  1.4846368E-02  4.6724413E-02
       960  1.4920786E-02  4.7109108E-02
       961  1.4995577E-02  4.7496638E-02
       962  1.5070742E-02  4.7887021E-02
       963  1.5146285E-02  4.8280272E-02
       964  1.5222206E-02  4.8676407E-02
       965  1.5298508E-02  4.9075441E-02
       966  1.5375192E-02  4.9477391E-02
       967  1.5452260E-02  4.9882273E-02
       968  1.5529715E-02  5.0290102E-02
       969  1.5607558E-02  5.0700895E-02
       970  1.5685791E-02  5.1114667E-02
       971  1.5764416E-02  5.1531434E-02
       972  1.5843436E-02  5.1951213E-02
       973  1.5922852E-02  5.2374020E-02
       974  1.6002665E-02  5.2799869E-02
       975  1.6082879E-02  5.3228778E-02
       976  1.6163495E-02  5.3660762E-02
       977  1.6244514E-02  5.4095837E-02
       978  1.6325940E-02  5.4534018E-02
       979  1.6407775E-02  5.4975323E-02
       980  1.6490019E-02  5.5419766E-02
       981  1.6572675E-02  5.5867363E-02
       982  1.6655746E-02  5.6318131E-02
       983  1.6739234E-02  5.6772085E-02
       984  1.6823139E-02  5.7229240E-02
       985  1.6907466E-02  5.7689613E-02
       986  1.6992215E-02  5.8153220E-02
       987  1.7077389E-02  5.8620075E-02
       988  1.7162989E-02  5.9090195E-02
       989  1.7249019E-02  5.9563595E-02
       990  1.7335480E-02  6.0040291E-02
       991  1.7422375E-02  6.0520298E-02
       992  1.7509705E-02  6.1003631E-02
       993  1.7597472E-02  6.1490307E-02
       994  1.7685680E-02  6.1980341E-02
       995  1.7774330E-02  6.2473747E-02
       996  1.7863424E-02  6.2970541E-02
       997  1.7952965E-02  6.3470739E-02
       998  1.8042955E-02  6.3974355E-02
       999  1.8133395E-02  6.4481405E-02
      1000  1.8224289E-02  6.4991904E-02
      1001  1.8315639E-02  6.5505866E-02
      1002  1.8407446E-02  6.6023307E-02
      1003  1.8499714E-02  6.6544241E-02
      1004  1.8592444E-02  6.7068683E-02
      1005  1.8685639E-02  6.7596648E-02
      1006  1.8779301E-02  6.8128150E-02
      1007  1.8873433E-02  6.8663204E-02
      1008  1.8968037E-02  6.9201824E-02
      1009  1.9063114E-02  6.9744025E-02
      1010  1.9158669E-02  7.0289821E-02
      1011  1.9254702E-02  7.0839226E-02
      1012  1.9351216E-02  7.1392253E-02
      1013  1.9448215E-02  7.1948918E-02
      1014  1.9545699E-02  7.2509233E-02
      1015  1.9643673E-02  7.3073212E-02
      1016  1.9742137E-02  7.3640870E-02
      1017  1.9841095E-02  7.4212219E-02
      1018  1.9940549E-02  7.4787273E-02
      1019  2.0040501E-02  7.5366045E-02
      1020  2.0140954E-02  7.5948548E-02
      1021  2.0241911E-02  7.6534795E-02
      1022  2.0343374E-02  7.7124799E-02
      1023  2.0445346E-02  7.7718573E-02
      1024  2.0547829E-02  7.8316129E-02
      1025  2.0650825E-02  7.8917480E-02
      1026  2.0754338E-02  7.9522637E-02
      1027  2.0858369E-02  8.0131614E-02
      1028  2.0962922E-02  8.0744422E-02
      1029  2.1068000E-02  8.1361072E-02
      1030  2.1173603E-02  8.1981576E-02
      1031  2.1279736E-02  8.2605947E-02
      1032  2.1386402E-02  8.3234194E-02
      1033  2.1493601E-02  8.3866329E-02
      1034  2.1601338E-02  8.4502364E-02
      1035  2.1709616E-02  8.5142308E-02
      1036  2.1818436E-02  8.5786172E-02
      1037  2.1927801E-02  8.6433967E-02
      1038  2.2037714E-02  8.7085703E-02
      1039  2.2148179E-02  8.7741389E-02
      1040  2.2259197E-02  8.8401036E-02
      1041  2.2370772E-02  8.9064652E-02
      1042  2.2482906E-02  8.9732248E-02
      1043  2.2595602E-02  9.0403832E-02
      1044  2.2708863E-02  9.1079412E-02
      1045  2.2822691E-02  9.1758998E-02
      1046  2.2937091E-02  9.2442598E-02
      1047  2.3052063E-02  9.3130220E-02
      1048  2.3167612E-02  9.3821871E-02
      1049  2.3283740E-02  9.4517560E-02
      1050  2.3400451E-02  9.5217294E-02
      1051  2.3517746E-02  9.5921079E-02
      1052  2.3635629E-02  9.6628923E-02
      1053  2.3754103E-02  9.7340832E-02
      1054  2.3873171E-02  9.8056812E-02
      1055  2.3992836E-02  9.8776870E-02
      1056  2.4113100E-02  9.9501010E-02
      1057  2.4233968E-02  1.0022924E-01
      1058  2.4355441E-02  1.0096156E-01
      1059  2.4477523E-02  1.0169798E-01
      1060  2.4600217E-02  1.0243850E-01
      1061  2.4723526E-02  1.0318313E-01
      1062  2.4847454E-02  1.0393187E-01
      1063  2.4972002E-02  1.0468473E-01
      1064  2.5097175E-02  1.0544170E-01
      1065  2.5222975E-02  1.0620278E-01
      1066  2.5349406E-02  1.0696800E-01
      1067  2.5476470E-02  1.0773733E-01
      1068  2.5604171E-02  1.0851079E-01
      1069  2.5732513E-02  1.0928838E-01
      1070  2.5861497E-02  1.1007010E-01
      1071  2.5991129E-02  1.1085594E-01
      1072  2.6121410E-02  1.1164592E-01
      1073  2.6252344E-02  1.1244002E-01
      1074  2.6383934E-02  1.1323825E-01
      1075  2.6516184E-02  1.1404061E-01
      1076  2.6649097E-02  1.1484709E-01
      1077  2.6782676E-02  1.1565770E-01
      1078  2.6916925E-02  1.1647243E-01
      1079  2.7051847E-02  1.1729127E-01
      1080  2.7187445E-02  1.1811423E-01
      1081  2.7323722E-02  1.1894130E-01
      1082  2.7460683E-02  1.1977248E-01
      1083  2.7598330E-02  1.2060777E-01
      1084  2.7736668E-02  1.2144715E-01
      1085  2.7875698E-02  1.2229062E-01
      1086  2.8015426E-02  1.2313818E-01
      1087  2.8155854E-02  1.2398982E-01
      1088  2.8296985E-02  1.2484553E-01
      1089  2.8438825E-02  1.2570531E-01
      1090  2.8581375E-02  1.2656915E-01
      1091  2.8724640E-02  1.2743703E-01
      1092  2.8868623E-02  1.2830895E-01
      1093  2.9013327E-02  1.2918491E-01
      1094  2.9158757E-02  1.3006488E-01
      1095  2.9304916E-02  1.3094886E-01
      1096  2.9451807E-02  1.3183685E-01
      1097  2.9599435E-02  1.3272881E-01
      1098  2.9747803E-02  1.3362475E-01
      1099  2.9896914E-02  1.3452465E-01
      1100  3.0046773E-02  1.3542850E-01
      1101  3.0197383E-02  1.3633628E-01
      1102  3.0348748E-02  1.3724798E-01
      1103  3.0500872E-02  1.3816358E-01
      1104  3.0653758E-02  1.3908307E-01
      1105  3.0807411E-02  1.4000643E-01
      1106  3.0961834E-02  1.4093364E-01
      1107  3.1117031E-02  1.4186468E-01
      1108  3.1273005E-02  1.4279954E-01
      1109  3.1429762E-02  1.4373820E-01
      1110  3.1587304E-02  1.4468063E-01
      1111  3.1745636E-02  1.4562682E-01
      1112  3.1904762E-02  1.4657674E-01
      1113  3.2064685E-02  1.4753037E-01
      1114  3.2225410E-02  1.4848769E-01
      1115  3.2386941E-02  1.4944868E-01
      1116  3.2549281E-02  1.5041331E-01
      1117  3.2712435E-02  1.5138156E-01
      1118  3.2876407E-02  1.5235339E-01
      1119  3.3041200E-02  1.5332880E-01
      1120  3.3206820E-02  1.5430773E-01
      1121  3.3373270E-02  1.5529018E-01
      1122  3.3540554E-02  1.5627611E-01
      1123  3.3708677E-02  1.5726548E-01
      1124  3.3877642E-02  1.5825828E-01
      1125  3.4047455E-02  1.5925446E-01
      1126  3.4218118E-02  1.6025400E-01
      1127  3.4389637E-02  1.6125687E-01
      1128  3.4562016E-02  1.6226302E-01
      1129  3.4735259E-02  1.6327243E-01
      1130  3.4909370E-02  1.6428506E-01
      1131  3.5084354E-02  1.6530087E-01
      1132  3.5260215E-02  1.6631983E-01
      1133  3.5436958E-02  1.6734190E-01
      1134  3.5614586E-02  1.6836703E-01
      1135  3.5793105E-02  1.6939519E-01
      1136  3.5972519E-02  1.7042635E-01
      1137  3.6152832E-02  1.7146045E-01
      1138  3.6334049E-02  1.7249745E-01
      1139  3.6516174E-02  1.7353731E-01
      1140  3.6699212E-02  1.7457999E-01
      1141  3.6883167E-02  1.7562544E-01
      1142  3.7068045E-02  1.7667361E-01
      1143  3.7253849E-02  1.7772446E-01
      1144  3.7440585E-02  1.7877794E-01
      1145  3.7628257E-02  1.7983399E-01
      1146  3.7816869E-02  1.8089257E-01
      1147  3.8006427E-02  1.8195363E-01
      1148  3.8196935E-02  1.8301712E-01
      1149  3.8388398E-02  1.8408297E-01
      1150  3.8580821E-02  1.8515114E-01
      1151  3.8774208E-02  1.8622156E-01
      1152  3.8968564E-02  1.8729419E-01
      1153  3.9163895E-02  1.8836897E-01
      1154  3.9360205E-02  1.8944583E-01
      1155  3.9557499E-02  1.9052472E-01
      1156  3.9755782E-02  1.9160557E-01
      1157  3.9955058E-02  1.9268833E-01
      1158  4.0155334E-02  1.9377292E-01
      1159  4.0356613E-02  1.9485930E-01
      1160  4.0558902E-02  1.9594738E-01
      1161  4.0762204E-02  1.9703710E-01
      1162  4.0966525E-02  1.9812840E-01
      1163  4.1171871E-02  1.9922120E-01
      1164  4.1378246E-02  2.0031544E-01
      1165  4.1585655E-02  2.0141104E-01
      1166  4.1794104E-02  2.0250794E-01
      1167  4.2003598E-02  2.0360605E-01
      1168  4.2214142E-02  2.0470530E-01
      1169  4.2425741E-02  2.0580562E-01
      1170  4.2638401E-02  2.0690693E-01
      1171  4.2852127E-02  2.0800915E-01
      1172  4.3066924E-02  2.0911219E-01
      1173  4.3282798E-02  2.1021599E-01
      1174  4.3499754E-02  2.1132045E-01
      1175  4.3717797E-02  2.1242549E-01
      1176  4.3936934E-02  2.1353103E-01
      1177  4.4157168E-02  2.1463698E-01
      1178  4.4378507E-02  2.1574326E-01
      1179  4.4600955E-02  2.1684976E-01
      1180  4.4824519E-02  2.1795641E-01
      1181  4.5049202E-02  2.1906311E-01
      1182  4.5275012E-02  2.2016977E-01
      1183  4.5501954E-02  2.2127630E-01
      1184  4.5730034E-02  2.2238259E-01
      1185  4.5959257E-02  2.2348855E-01
      1186  4.6189628E-02  2.2459409E-01
      1187  4.6421155E-02  2.2569910E-01
      1188  4.6653842E-02  2.2680348E-01
      1189  4.6887695E-02  2.2790713E-01
      1190  4.7122721E-02  2.2900995E-01
      1191  4.7358924E-02  2.3011183E-01
      1192  4.7596312E-02  2.3121266E-01
      1193  4.7834889E-02  2.3231234E-01
      1194  4.8074663E-02  2.3341075E-01
      1195  4.8315638E-02  2.3450779E-01
      1196  4.8557821E-02  2.3560334E-01
      1197  4.8801218E-02  2.3669729E-01
      1198  4.9045835E-02  2.3778952E-01
      1199  4.9291679E-02  2.3887992E-01
      1200  4.9538754E-02  2.3996837E-01
      1201  4.9787068E-02  2.4105474E-01
      1202  5.0036627E-02  2.4213893E-01
      1203  5.0287437E-02  2.4322080E-01
      1204  5.0539504E-02  2.4430022E-01
      1205  5.0792834E-02  2.4537709E-01
      1206  5.1047434E-02  2.4645126E-01
      1207  5.1303310E-02  2.4752261E-01
      1208  5.1560469E-02  2.4859102E-01
      1209  5.1818917E-02  2.4965634E-01
      1210  5.2078661E-02  2.5071844E-01
      1211  5.2339706E-02  2.5177720E-01
      1212  5.2602060E-02  2.5283247E-01
      1213  5.2865729E-02  2.5388412E-01
      1214  5.3130719E-02  2.5493200E-01
      1215  5.3397038E-02  2.5597599E-01
      1216  5.3664692E-02  2.5701592E-01
      1217  5.3933687E-02  2.5805167E-01
      1218  5.4204031E-02  2.5908309E-01
      1219  5.4475730E-02  2.6011003E-01
      1220  5.4748791E-02  2.6113234E-01
      1221  5.5023220E-02  2.6214987E-01
      1222  5.5299025E-02  2.6316247E-01
      1223  5.5576213E-02  2.6416999E-01
      1224  5.5854790E-02  2.6517227E-01
      1225  5.6134763E-02  2.6616917E-01
      1226  5.6416140E-02  2.6716051E-01
      1227  5.6698927E-02  2.6814614E-01
      1228  5.6983131E-02  2.6912591E-01
      1229  5.7268760E-02  2.7009965E-01
      1230  5.7555821E-02  2.7106719E-01
      1231  5.7844321E-02  2.7202837E-01
      1232  5.8134267E-02  2.7298303E-01
      1233  5.8425666E-02  2.7393100E-01
      1234  5.8718526E-02  2.7487210E-01
      1235  5.9012854E-02  2.7580617E-01
      1236  5.9308657E-02  2.7673303E-01
      1237  5.9605943E-02  2.7765251E-01
      1238  5.9904719E-02  2.7856444E-01
      1239  6.0204992E-02  2.7946864E-01
      1240  6.0506771E-02  2.8036492E-01
      1241  6.0810063E-02  2.8125311E-01
      1242  6.1114874E-02  2.8213303E-01
      1243  6.1421214E-02  2.8300450E-01
      1244  6.1729089E-02  2.8386733E-01
      1245  6.2038507E-02  2.8472133E-01
      1246  6.2349477E-02  2.8556632E-01
      1247  6.2662005E-02  2.8640211E-01
      1248  6.2976099E-02  2.8722851E-01
      1249  6.3291768E-02  2.8804532E-01
      1250  6.3609020E-02  2.8885236E-01
      1251  6.3927861E-02  2.8964944E-01
      1252  6.4248301E-02  2.9043634E-01
      1253  6.4570347E-02  2.9121289E-01
      1254  6.4894007E-02  2.9197887E-01
      1255  6.5219290E-02  2.9273410E-01
      1256  6.5546203E-02  2.9347836E-01
      1257  6.5874754E-02  2.9421146E-01
      1258  6.6204953E-02  2.9493319E-01
      1259  6.6536807E-02  2.9564336E-01
      1260  6.6870324E-02  2.9634174E-01
      1261  6.7205513E-02  2.9702814E-01
      1262  6.7542382E-02  2.9770234E-01
      1263  6.7880939E-02  2.9836415E-01
      1264  6.8221194E-02  2.9901333E-01
      1265  6.8563154E-02  2.9964969E-01
      1266  6.8906828E-02  3.0027301E-01
      1267  6.9252225E-02  3.0088307E-01
      1268  6.9599354E-02  3.0147967E-01
      1269  6.9948222E-02  3.0206257E-01
      1270  7.0298839E-02  3.0263157E-01
      1271  7.0651213E-02  3.0318645E-01
      1272  7.1005354E-02  3.0372698E-01
      1273  7.1361270E-02  3.0425294E-01
      1274  7.1718969E-02  3.0476412E-01
      1275  7.2078462E-02  3.0526029E-01
      1276  7.2439757E-02  3.0574123E-01
      1277  7.2802863E-02  3.0620670E-01
      1278  7.3167789E-02  3.0665650E-01
      1279  7.3534544E-02  3.0709038E-01
      1280  7.3903137E-02  3.0750812E-01
      1281  7.4273578E-02  3.0790950E-01
      1282  7.4645876E-02  3.0829428E-01
      1283  7.5020040E-02  3.0866224E-01
      1284  7.5396080E-02  3.0901314E-01
      1285  7.5774004E-02  3.0934676E-01
      1286  7.6153823E-02  3.0966286E-01
      1287  7.6535545E-02  3.0996120E-01
      1288  7.6919181E-02  3.1024157E-01
      1289  7.7304740E-02  3.1050372E-01
      1290  7.7692232E-02  3.1074742E-01
      1291  7.8081666E-02  3.1097243E-01
      1292  7.8473052E-02  3.1117853E-01
      1293  7.8866400E-02  3.1136547E-01
      1294  7.9261719E-02  3.1153302E-01
      1295  7.9659020E-02  3.1168095E-01
      1296  8.0058313E-02  3.1180901E-01
      1297  8.0459607E-02  3.1191697E-01
      1298  8.0862912E-02  3.1200460E-01
      1299  8.1268239E-02  3.1207166E-01
      1300  8.1675598E-02  3.1211790E-01
      1301  8.2084999E-02  3.1214311E-01
      1302  8.2496451E-02  3.1214702E-01
      1303  8.2909967E-02  3.1212942E-01
      1304  8.3325555E-02  3.1209006E-01
      1305  8.3743226E-02  3.1202871E-01
      1306  8.4162990E-02  3.1194512E-01
      1307  8.4584859E-02  3.1183907E-01
      1308  8.5008842E-02  3.1171032E-01
      1309  8.5434951E-02  3.1155862E-01
      1310  8.5863195E-02  3.1138375E-01
      1311  8.6293586E-02  3.1118547E-01
      1312  8.6726135E-02  3.1096354E-01
      1313  8.7160851E-02  3.1071773E-01
      1314  8.7597747E-02  3.1044781E-01
      1315  8.8036833E-02  3.1015355E-01
      1316  8.8478119E-02  3.0983470E-01
      1317  8.8921617E-02  3.0949104E-01
      1318  8.9367339E-02  3.0912234E-01
      1319  8.9815295E-02  3.0872836E-01
      1320  9.0265496E-02  3.0830888E-01
      1321  9.0717953E-02  3.0786367E-01
      1322  9.1172679E-02  3.0739250E-01
      1323  9.1629684E-02  3.0689515E-01
      1324  9.2088980E-02  3.0637139E-01
      1325  9.2550578E-02  3.0582099E-01
      1326  9.3014489E-02  3.0524373E-01
      1327  9.3480726E-02  3.0463939E-01
      1328  9.3949300E-02  3.0400776E-01
      1329  9.4420223E-02  3.0334860E-01
      1330  9.4893507E-02  3.0266171E-01
      1331  9.5369162E-02  3.0194686E-01
      1332  9.5847202E-02  3.0120385E-01
      1333  9.6327638E-02  3.0043246E-01
      1334  9.6810483E-02  2.9963248E-01
      1335  9.7295747E-02  2.9880369E-01
      1336  9.7783444E-02  2.9794590E-01
      1337  9.8273586E-02  2.9705890E-01
      1338  9.8766184E-02  2.9614248E-01
      1339  9.9261252E-02  2.9519645E-01
      1340  9.9758801E-02  2.9422059E-01
      1341  1.0025884E-01  2.9321473E-01
      1342  1.0076139E-01  2.9217865E-01
      1343  1.0126646E-01  2.9111218E-01
      1344  1.0177406E-01  2.9001512E-01
      1345  1.0228421E-01  2.8888727E-01
      1346  1.0279691E-01  2.8772847E-01
      1347  1.0331218E-01  2.8653852E-01
      1348  1.0383003E-01  2.8531725E-01
      1349  1.0435048E-01  2.8406448E-01
      1350  1.0487354E-01  2.8278003E-01
      1351  1.0539922E-01  2.8146374E-01
      1352  1.0592754E-01  2.8011544E-01
      1353  1.0645850E-01  2.7873496E-01
      1354  1.0699213E-01  2.7732214E-01
      1355  1.0752843E-01  2.7587682E-01
      1356  1.0806742E-01  2.7439886E-01
      1357  1.0860911E-01  2.7288809E-01
      1358  1.0915351E-01  2.7134437E-01
      1359  1.0970065E-01  2.6976756E-01
      1360  1.1025053E-01  2.6815751E-01
      1361  1.1080316E-01  2.6651409E-01
      1362  1.1135856E-01  2.6483716E-01
      1363  1.1191675E-01  2.6312660E-01
      1364  1.1247773E-01  2.6138228E-01
      1365  1.1304153E-01  2.5960408E-01
      1366  1.1360815E-01  2.5779189E-01
      1367  1.1417762E-01  2.5594558E-01
      1368  1.1474993E-01  2.5406506E-01
      1369  1.1532512E-01  2.5215021E-01
      1370  1.1590319E-01  2.5020095E-01
      1371  1.1648416E-01  2.4821717E-01
      1372  1.1706804E-01  2.4619878E-01
      1373  1.1765484E-01  2.4414570E-01
      1374  1.1824459E-01  2.4205785E-01
      1375  1.1883729E-01  2.3993516E-01
      1376  1.1943297E-01  2.3777754E-01
      1377  1.2003163E-01  2.3558495E-01
      1378  1.2063329E-01  2.3335730E-01
      1379  1.2123797E-01  2.3109457E-01
      1380  1.2184567E-01  2.2879668E-01
      1381  1.2245643E-01  2.2646360E-01
      1382  1.2307024E-01  2.2409529E-01
      1383  1.2368714E-01  2.2169171E-01
      1384  1.2430712E-01  2.1925284E-01
      1385  1.2493021E-01  2.1677866E-01
      1386  1.2555643E-01  2.1426915E-01
      1387  1.2618578E-01  2.1172430E-01
      1388  1.2681829E-01  2.0914411E-01
      1389  1.2745397E-01  2.0652857E-01
      1390  1.2809284E-01  2.0387771E-01
      1391  1.2873490E-01  2.0119152E-01
      1392  1.2938019E-01  1.9847004E-01
      1393  1.3002871E-01  1.9571329E-01
      1394  1.3068048E-01  1.9292130E-01
      1395  1.3133552E-01  1.9009412E-01
      1396  1.3199384E-01  1.8723179E-01
      1397  1.3265547E-01  1.8433437E-01
      1398  1.3332040E-01  1.8140192E-01
      1399  1.3398867E-01  1.7843450E-01
      1400  1.3466030E-01  1.7543219E-01
      1401  1.3533528E-01  1.7239508E-01
      1402  1.3601365E-01  1.6932324E-01
      1403  1.3669543E-01  1.6621678E-01
      1404  1.3738061E-01  1.6307581E-01
      1405  1.3806924E-01  1.5990043E-01
      1406  1.3876131E-01  1.5669075E-01
      1407  1.3945686E-01  1.5344692E-01
      1408  1.4015589E-01  1.5016905E-01
      1409  1.4085842E-01  1.4685730E-01
      1410  1.4156448E-01  1.4351181E-01
      1411  1.4227407E-01  1.4013273E-01
      1412  1.4298722E-01  1.3672024E-01
      1413  1.4370395E-01  1.3327450E-01
      1414  1.4442427E-01  1.2979570E-01
      1415  1.4514820E-01  1.2628403E-01
      1416  1.4587576E-01  1.2273968E-01
      1417  1.4660696E-01  1.1916285E-01
      1418  1.4734183E-01  1.1555377E-01
      1419  1.4808039E-01  1.1191265E-01
      1420  1.4882264E-01  1.0823972E-01
      1421  1.4956862E-01  1.0453522E-01
      1422  1.5031834E-01  1.0079941E-01
      1423  1.5107181E-01  9.7032530E-02
      1424  1.5182906E-01  9.3234852E-02
      1425  1.5259011E-01  8.9406646E-02
      1426  1.5335497E-01  8.5548196E-02
      1427  1.5412366E-01  8.1659792E-02
      1428  1.5489621E-01  7.7741734E-02
      1429  1.5567263E-01  7.3794330E-02
      1430  1.5645294E-01  6.9817898E-02
      1431  1.5723717E-01  6.5812764E-02
      1432  1.5802532E-01  6.1779262E-02
      1433  1.5881743E-01  5.7717740E-02
      1434  1.5961350E-01  5.3628548E-02
      1435  1.6041357E-01  4.9512049E-02
      1436  1.6121764E-01  4.5368617E-02
      1437  1.6202575E-01  4.1198630E-02
      1438  1.6283791E-01  3.7002480E-02
      1439  1.6365414E-01  3.2780566E-02
      1440  1.6447446E-01  2.8533295E-02
      1441  1.6529889E-01  2.4261087E-02
      1442  1.6612745E-01  1.9964368E-02
      1443  1.6696017E-01  1.5643574E-02
      1444  1.6779706E-01  1.1299153E-02
      1445  1.6863815E-01  6.9315571E-03
      1446  1.6948345E-01  2.5412513E-03
      1447  1.7033299E-01 -1.8712879E-03
      1448  1.7118679E-01 -6.3055812E-03
      1449  1.7204486E-01 -1.0761135E-02
      1450  1.7290724E-01 -1.5237444E-02
      1451  1.7377394E-01 -1.9734003E-02
      1452  1.7464499E-01 -2.4250288E-02
      1453  1.7552040E-01 -2.8785768E-02
      1454  1.7640020E-01 -3.3339907E-02
      1455  1.7728441E-01 -3.7912155E-02
      1456  1.7817305E-01 -4.2501953E-02
      1457  1.7906615E-01 -4.7108738E-02
      1458  1.7996372E-01 -5.1731928E-02
      1459  1.8086579E-01 -5.6370942E-02
      1460  1.8177239E-01 -6.1025185E-02
      1461  1.8268352E-01 -6.5694049E-02
      1462  1.8359923E-01 -7.0376926E-02
      1463  1.8451952E-01 -7.5073193E-02
      1464  1.8544443E-01 -7.9782215E-02
      1465  1.8637398E-01 -8.4503357E-02
      1466  1.8730818E-01 -8.9235967E-02
      1467  1.8824707E-01 -9.3979385E-02
      1468  1.8919066E-01 -9.8732950E-02
      1469  1.9013898E-01 -1.0349598E-01
      1470  1.9109206E-01 -1.0826779E-01
      1471  1.9204991E-01 -1.1304770E-01
      1472  1.9301256E-01 -1.1783499E-01
      1473  1.9398004E-01 -1.2262896E-01
      1474  1.9495237E-01 -1.2742890E-01
      1475  1.9592957E-01 -1.3223406E-01
      1476  1.9691168E-01 -1.3704371E-01
      1477  1.9789870E-01 -1.4185713E-01
      1478  1.9889067E-01 -1.4667353E-01
      1479  1.9988761E-01 -1.5149219E-01
      1480  2.0088955E-01 -1.5631231E-01
      1481  2.0189652E-01 -1.6113312E-01
      1482  2.0290853E-01 -1.6595385E-01
      1483  2.0392561E-01 -1.7077370E-01
      1484  2.0494779E-01 -1.7559187E-01
      1485  2.0597510E-01 -1.8040756E-01
      1486  2.0700755E-01 -1.8521994E-01
      1487  2.0804518E-01 -1.9002820E-01
      1488  2.0908801E-01 -1.9483151E-01
      1489  2.1013607E-01 -1.9962903E-01
      1490  2.1118938E-01 -2.0441992E-01
      1491  2.1224797E-01 -2.0920333E-01
      1492  2.1331187E-01 -2.1397840E-01
      1493  2.1438110E-01 -2.1874428E-01
      1494  2.1545569E-01 -2.2350008E-01
      1495  2.1653567E-01 -2.2824494E-01
      1496  2.1762106E-01 -2.3297797E-01
      1497  2.1871189E-01 -2.3769828E-01
      1498  2.1980818E-01 -2.4240498E-01
      1499  2.2090998E-01 -2.4709717E-01
      1500  2.2201729E-01 -2.5177394E-01
      1501  2.2313016E-01 -2.5643437E-01
      1502  2.2424860E-01 -2.6107757E-01
      1503  2.2537266E-01 -2.6570259E-01
      1504  2.2650234E-01 -2.7030852E-01
      1505  2.2763769E-01 -2.7489442E-01
      1506  2.2877873E-01 -2.7945935E-01
      1507  2.2992549E-01 -2.8400237E-01
      1508  2.3107799E-01 -2.8852254E-01
      1509  2.3223627E-01 -2.9301891E-01
      1510  2.3340036E-01 -2.9749051E-01
      1511  2.3457029E-01 -3.0193640E-01
      1512  2.3574608E-01 -3.0635560E-01
      1513  2.3692776E-01 -3.1074716E-01
      1514  2.3811536E-01 -3.1511011E-01
      1515  2.3930892E-01 -3.1944346E-01
      1516  2.4050846E-01 -3.2374625E-01
      1517  2.4171402E-01 -3.2801749E-01
      1518  2.4292561E-01 -3.3225622E-01
      1519  2.4414328E-01 -3.3646143E-01
      1520  2.4536706E-01 -3.4063215E-01
      1521  2.4659696E-01 -3.4476740E-01
      1522  2.4783304E-01 -3.4886617E-01
      1523  2.4907530E-01 -3.5292748E-01
      1524  2.5032380E-01 -3.5695035E-01
      1525  2.5157855E-01 -3.6093377E-01
      1526  2.5283960E-01 -3.6487675E-01
      1527  2.5410696E-01 -3.6877830E-01
      1528  2.5538068E-01 -3.7263742E-01
      1529  2.5666078E-01 -3.7645312E-01
      1530  2.5794729E-01 -3.8022441E-01
      1531  2.5924026E-01 -3.8395030E-01
      1532  2.6053971E-01 -3.8762978E-01
      1533  2.6184567E-01 -3.9126188E-01
      1534  2.6315818E-01 -3.9484559E-01
      1535  2.6447726E-01 -3.9837993E-01
      1536  2.6580296E-01 -4.0186393E-01
      1537  2.6713530E-01 -4.0529658E-01
      1538  2.6847432E-01 -4.0867691E-01
      1539  2.6982006E-01 -4.1200394E-01
      1540  2.7117254E-01 -4.1527669E-01
      1541  2.7253179E-01 -4.1849420E-01
      1542  2.7389786E-01 -4.2165550E-01
      1543  2.7527078E-01 -4.2475961E-01
      1544  2.7665058E-01 -4.2780558E-01
      1545  2.7803730E-01 -4.3079245E-01
      1546  2.7943097E-01 -4.3371928E-01
      1547  2.8083162E-01 -4.3658511E-01
      1548  2.8223930E-01 -4.3938900E-01
      1549  2.8365403E-01 -4.4213002E-01
      1550  2.8507585E-01 -4.4480724E-01
      1551  2.8650480E-01 -4.4741973E-01
      1552  2.8794091E-01 -4.4996658E-01
      1553  2.8938422E-01 -4.5244689E-01
      1554  2.9083476E-01 -4.5485973E-01
      1555  2.9229258E-01 -4.5720423E-01
      1556  2.9375770E-01 -4.5947948E-01
      1557  2.9523017E-01 -4.6168462E-01
      1558  2.9671001E-01 -4.6381876E-01
      1559  2.9819728E-01 -4.6588105E-01
      1560  2.9969200E-01 -4.6787062E-01
      1561  3.0119421E-01 -4.6978663E-01
      1562  3.0270395E-01 -4.7162826E-01
      1563  3.0422126E-01 -4.7339465E-01
      1564  3.0574618E-01 -4.7508501E-01
      1565  3.0727874E-01 -4.7669851E-01
      1566  3.0881898E-01 -4.7823437E-01
      1567  3.1036694E-01 -4.7969180E-01
      1568  3.1192266E-01 -4.8107001E-01
      1569  3.1348618E-01 -4.8236825E-01
      1570  3.1505754E-01 -4.8358576E-01
      1571  3.1663677E-01 -4.8472179E-01
      1572  3.1822392E-01 -4.8577563E-01
      1573  3.1981902E-01 -4.8674654E-01
      1574  3.2142212E-01 -4.8763383E-01
      1575  3.2303326E-01 -4.8843680E-01
      1576  3.2465247E-01 -4.8915478E-01
      1577  3.2627979E-01 -4.8978709E-01
      1578  3.2791528E-01 -4.9033308E-01
      1579  3.2955896E-01 -4.9079211E-01
      1580  3.3121088E-01 -4.9116356E-01
      1581  3.3287108E-01 -4.9144681E-01
      1582  3.3453961E-01 -4.9164127E-01
      1583  3.3621649E-01 -4.9174636E-01
      1584  3.3790179E-01 -4.9176151E-01
      1585  3.3959553E-01 -4.9168616E-01
      1586  3.4129776E-01 -4.9151978E-01
      1587  3.4300852E-01 -4.9126185E-01
      1588  3.4472785E-01 -4.9091187E-01
      1589  3.4645581E-01 -4.9046934E-01
      1590  3.4819243E-01 -4.8993379E-01
      1591  3.4993775E-01 -4.8930477E-01
      1592  3.5169182E-01 -4.8858184E-01
      1593  3.5345468E-01 -4.8776457E-01
      1594  3.5522638E-01 -4.8685256E-01
      1595  3.5700696E-01 -4.8584542E-01
      1596  3.5879647E-01 -4.8474278E-01
      1597  3.6059494E-01 -4.8354428E-01
      1598  3.6240243E-01 -4.8224961E-01
      1599  3.6421898E-01 -4.8085842E-01
      1600  3.6604463E-01 -4.7937044E-01
      1601  3.6787944E-01 -4.7778538E-01
      1602  3.6972344E-01 -4.7610297E-01
      1603  3.7157669E-01 -4.7432298E-01
      1604  3.7343923E-01 -4.7244518E-01
      1605  3.7531110E-01 -4.7046937E-01
      1606  3.7719235E-01 -4.6839537E-01
      1607  3.7908304E-01 -4.6622300E-01
      1608  3.8098320E-01 -4.6395213E-01
      1609  3.8289289E-01 -4.6158263E-01
      1610  3.8481214E-01 -4.5911438E-01
      1611  3.8674102E-01 -4.5654732E-01
      1612  3.8867957E-01 -4.5388136E-01
      1613  3.9062784E-01 -4.5111647E-01
      1614  3.9258587E-01 -4.4825261E-01
      1615  3.9455371E-01 -4.4528979E-01
      1616  3.9653142E-01 -4.4222803E-01
      1617  3.9851904E-01 -4.3906735E-01
      1618  4.0051663E-01 -4.3580781E-01
      1619  4.0252422E-01 -4.3244950E-01
      1620  4.0454189E-01 -4.2899251E-01
      1621  4.0656966E-01 -4.2543697E-01
      1622  4.0860760E-01 -4.2178301E-01
      1623  4.1065575E-01 -4.1803080E-01
      1624  4.1271417E-01 -4.1418052E-01
      1625  4.1478291E-01 -4.1023237E-01
      1626  4.1686202E-01 -4.0618660E-01
      1627  4.1895155E-01 -4.0204343E-01
      1628  4.2105155E-01 -3.9780315E-01
      1629  4.2316208E-01 -3.9346604E-01
      1630  4.2528319E-01 -3.8903241E-01
      1631  4.2741493E-01 -3.8450261E-01
      1632  4.2955736E-01 -3.7987698E-01
      1633  4.3171052E-01 -3.7515591E-01
      1634  4.3387448E-01 -3.7033980E-01
      1635  4.3604929E-01 -3.6542905E-01
      1636  4.3823499E-01 -3.6042413E-01
      1637  4.4043165E-01 -3.5532548E-01
      1638  4.4263933E-01 -3.5013361E-01
      1639  4.4485807E-01 -3.4484901E-01
      1640  4.4708793E-01 -3.3947221E-01
      1641  4.4932896E-01 -3.3400377E-01
      1642  4.5158123E-01 -3.2844426E-01
      1643  4.5384480E-01 -3.2279426E-01
      1644  4.5611970E-01 -3.1705441E-01
      1645  4.5840601E-01 -3.1122533E-01
      1646  4.6070378E-01 -3.0530767E-01
      1647  4.6301307E-01 -2.9930213E-01
      1648  4.6533393E-01 -2.9320940E-01
      1649  4.6766643E-01 -2.8703020E-01
      1650  4.7001061E-01 -2.8076528E-01
      1651  4.7236655E-01 -2.7441540E-01
      1652  4.7473430E-01 -2.6798134E-01
      1653  4.7711392E-01 -2.6146392E-01
      1654  4.7950546E-01 -2.5486395E-01
      1655  4.8190899E-01 -2.4818229E-01
      1656  4.8432457E-01 -2.4141980E-01
      1657  4.8675226E-01 -2.3457736E-01
      1658  4.8919211E-01 -2.2765589E-01
      1659  4.9164420E-01 -2.2065633E-01
      1660  4.9410857E-01 -2.1357960E-01
      1661  4.9658530E-01 -2.0642669E-01
      1662  4.9907445E-01 -1.9919858E-01
      1663  5.0157607E-01 -1.9189627E-01
      1664  5.0409023E-01 -1.8452081E-01
      1665  5.0661699E-01 -1.7707322E-01
      1666  5.0915642E-01 -1.6955458E-01
      1667  5.1170858E-01 -1.6196598E-01
      1668  5.1427353E-01 -1.5430850E-01
      1669  5.1685133E-01 -1.4658328E-01
      1670  5.1944206E-01 -1.3879145E-01
      1671  5.2204578E-01 -1.3093418E-01
      1672  5.2466254E-01 -1.2301263E-01
      1673  5.2729242E-01 -1.1502801E-01
      1674  5.2993549E-01 -1.0698151E-01
      1675  5.3259180E-01 -9.8874374E-02
      1676  5.3526143E-01 -9.0707846E-02
      1677  5.3794444E-01 -8.2483175E-02
      1678  5.4064090E-01 -7.4201651E-02
      1679  5.4335087E-01 -6.5864567E-02
      1680  5.4607443E-01 -5.7473222E-02
      1681  5.4881164E-01 -4.9028957E-02
      1682  5.5156257E-01 -4.0533105E-02
      1683  5.5432728E-01 -3.1987017E-02
      1684  5.5710586E-01 -2.3392077E-02
      1685  5.5989837E-01 -1.4749660E-02
      1686  5.6270487E-01 -6.0611644E-03
      1687  5.6552544E-01  2.6719829E-03
      1688  5.6836015E-01  1.1448371E-02
      1689  5.7120906E-01  2.0266553E-02
      1690  5.7407226E-01  2.9125068E-02
      1691  5.7694981E-01  3.8022466E-02
      1692  5.7984178E-01  4.6957258E-02
      1693  5.8274825E-01  5.5927952E-02
      1694  5.8566929E-01  6.4933060E-02
      1695  5.8860497E-01  7.3971054E-02
      1696  5.9155536E-01  8.3040416E-02
      1697  5.9452055E-01  9.2139622E-02
      1698  5.9750059E-01  1.0126711E-01
      1699  6.0049558E-01  1.1042134E-01
      1700  6.0350558E-01  1.1960075E-01
      1701  6.0653066E-01  1.2880375E-01
      1702  6.0957091E-01  1.3802879E-01
      1703  6.1262639E-01  1.4727426E-01
      1704  6.1569720E-01  1.5653855E-01
      1705  6.1878339E-01  1.6582010E-01
      1706  6.2188506E-01  1.7511726E-01
      1707  6.2500227E-01  1.8442843E-01
      1708  6.2813511E-01  1.9375199E-01
      1709  6.3128365E-01  2.0308631E-01
      1710  6.3444797E-01  2.1242974E-01
      1711  6.3762815E-01  2.2178067E-01
      1712  6.4082428E-01  2.3113744E-01
      1713  6.4403642E-01  2.4049840E-01
      1714  6.4726467E-01  2.4986191E-01
      1715  6.5050909E-01  2.5922631E-01
      1716  6.5376979E-01  2.6858995E-01
      1717  6.5704682E-01  2.7795118E-01
      1718  6.6034028E-01  2.8730831E-01
      1719  6.6365025E-01  2.9665972E-01
      1720  6.6697681E-01  3.0600373E-01
      1721  6.7032005E-01  3.1533866E-01
      1722  6.7368004E-01  3.2466288E-01
      1723  6.7705687E-01  3.3397472E-01
      1724  6.8045064E-01  3.4327250E-01
      1725  6.8386141E-01  3.5255460E-01
      1726  6.8728928E-01  3.6181933E-01
      1727  6.9073433E-01  3.7106505E-01
      1728  6.9419665E-01  3.8029011E-01
      1729  6.9767633E-01  3.8949286E-01
      1730  7.0117344E-01  3.9867166E-01
      1731  7.0468809E-01  4.0782487E-01
      1732  7.0822035E-01  4.1695085E-01
      1733  7.1177032E-01  4.2604797E-01
      1734  7.1533809E-01  4.3511462E-01
      1735  7.1892373E-01  4.4414916E-01
      1736  7.2252735E-01  4.5315000E-01
      1737  7.2614904E-01  4.6211551E-01
      1738  7.2978887E-01  4.7104411E-01
      1739  7.3344696E-01  4.7993421E-01
      1740  7.3712337E-01  4.8878421E-01
      1741  7.4081822E-01  4.9759254E-01
      1742  7.4453159E-01  5.0635765E-01
      1743  7.4826357E-01  5.1507796E-01
      1744  7.5201425E-01  5.2375193E-01
      1745  7.5578374E-01  5.3237803E-01
      1746  7.5957212E-01  5.4095471E-01
      1747  7.6337949E-01  5.4948046E-01
      1748  7.6720595E-01  5.5795377E-01
      1749  7.7105159E-01  5.6637313E-01
      1750  7.7491650E-01  5.7473706E-01
      1751  7.7880078E-01  5.8304408E-01
      1752  7.8270454E-01  5.9129270E-01
      1753  7.8662786E-01  5.9948149E-01
      1754  7.9057085E-01  6.0760899E-01
      1755  7.9453360E-01  6.1567376E-01
      1756  7.9851622E-01  6.2367438E-01
      1757  8.0251880E-01  6.3160943E-01
      1758  8.0654144E-01  6.3947750E-01
      1759  8.1058425E-01  6.4727723E-01
      1760  8.1464732E-01  6.5500721E-01
      1761  8.1873075E-01  6.6266608E-01
      1762  8.2283466E-01  6.7025250E-01
      1763  8.2695913E-01  6.7776510E-01
      1764  8.3110428E-01  6.8520257E-01
      1765  8.3527021E-01  6.9256360E-01
      1766  8.3945702E-01  6.9984686E-01
      1767  8.4366482E-01  7.0705108E-01
      1768  8.4789370E-01  7.1417498E-01
      1769  8.5214379E-01  7.2121728E-01
      1770  8.5641518E-01  7.2817676E-01
      1771  8.6070798E-01  7.3505218E-01
      1772  8.6502229E-01  7.4184231E-01
      1773  8.6935824E-01  7.4854596E-01
      1774  8.7371591E-01  7.5516195E-01
      1775  8.7809543E-01  7.6168911E-01
      1776  8.8249690E-01  7.6812629E-01
      1777  8.8692044E-01  7.7447236E-01
      1778  8.9136614E-01  7.8072622E-01
      1779  8.9583414E-01  7.8688678E-01
      1780  9.0032452E-01  7.9295295E-01
      1781  9.0483742E-01  7.9892371E-01
      1782  9.0937293E-01  8.0479801E-01
      1783  9.1393119E-01  8.1057486E-01
      1784  9.1851228E-01  8.1625328E-01
      1785  9.2311635E-01  8.2183230E-01
      1786  9.2774349E-01  8.2731099E-01
      1787  9.3239382E-01  8.3268846E-01
      1788  9.3706746E-01  8.3796380E-01
      1789  9.4176453E-01  8.4313615E-01
      1790  9.4648515E-01  8.4820470E-01
      1791  9.5122942E-01  8.5316863E-01
      1792  9.5599748E-01  8.5802715E-01
      1793  9.6078944E-01  8.6277953E-01
      1794  9.6560542E-01  8.6742501E-01
      1795  9.7044553E-01  8.7196292E-01
      1796  9.7530991E-01  8.7639258E-01
      1797  9.8019867E-01  8.8071333E-01
      1798  9.8511194E-01  8.8492457E-01
      1799  9.9004983E-01  8.8902572E-01
      1800  9.9501248E-01  8.9301619E-01
      1801  1.0000000E+00  8.9689548E-01
      1802  1.0050125E+00  9.0066307E-01
      1803  1.0100502E+00  9.0431849E-01
      1804  1.0151131E+00  9.0786130E-01
      1805  1.0202013E+00  9.1129108E-01
      1806  1.0253151E+00  9.1460744E-01
      1807  1.0304545E+00  9.1781002E-01
      1808  1.0356197E+00  9.2089850E-01
      1809  1.0408108E+00  9.2387258E-01
      1810  1.0460279E+00  9.2673198E-01
      1811  1.0512711E+00  9.2947646E-01
      1812  1.0565406E+00  9.3210581E-01
      1813  1.0618365E+00  9.3461986E-01
      1814  1.0671590E+00  9.3701843E-01
      1815  1.0725082E+00  9.3930142E-01
      1816  1.0778842E+00  9.4146871E-01
      1817  1.0832871E+00  9.4352026E-01
      1818  1.0887171E+00  9.4545602E-01
      1819  1.0941743E+00  9.4727597E-01
      1820  1.0996589E+00  9.4898016E-01
      1821  1.1051709E+00  9.5056861E-01
      1822  1.1107106E+00  9.5204141E-01
      1823  1.1162781E+00  9.5339868E-01
      1824  1.1218734E+00  9.5464054E-01
      1825  1.1274969E+00  9.5576716E-01
      1826  1.1331485E+00  9.5677874E-01
      1827  1.1388284E+00  9.5767549E-01
      1828  1.1445368E+00  9.5845767E-01
      1829  1.1502738E+00  9.5912555E-01
      1830  1.1560396E+00  9.5967944E-01
      1831  1.1618342E+00  9.6011968E-01
      1832  1.1676580E+00  9.6044663E-01
      1833  1.1735109E+00  9.6066067E-01
      1834  1.1793931E+00  9.6076223E-01
      1835  1.1853049E+00  9.6075174E-01
      1836  1.1912462E+00  9.6062968E-01
      1837  1.1972174E+00  9.6039655E-01
      1838  1.2032184E+00  9.6005286E-01
      1839  1.2092496E+00  9.5959918E-01
      1840  1.2153110E+00  9.5903607E-01
      1841  1.2214028E+00  9.5836414E-01
      1842  1.2275251E+00  9.5758401E-01
      1843  1.2336781E+00  9.5669634E-01
      1844  1.2398619E+00  9.5570180E-01
      1845  1.2460767E+00  9.5460109E-01
      1846  1.2523227E+00  9.5339495E-01
      1847  1.2586000E+00  9.5208411E-01
      1848  1.2649088E+00  9.5066936E-01
      1849  1.2712492E+00  9.4915148E-01
      1850  1.2776213E+00  9.4753130E-01
      1851  1.2840254E+00  9.4580967E-01
      1852  1.2904616E+00  9.4398743E-01
      1853  1.2969301E+00  9.4206548E-01
      1854  1.3034310E+00  9.4004473E-01
      1855  1.3099645E+00  9.3792610E-01
      1856  1.3165307E+00  9.3571055E-01
      1857  1.3231298E+00  9.3339903E-01
      1858  1.3297620E+00  9.3099254E-01
      1859  1.3364275E+00  9.2849209E-01
      1860  1.3431264E+00  9.2589869E-01
      1861  1.3498588E+00  9.2321340E-01
      1862  1.3566250E+00  9.2043729E-01
      1863  1.3634251E+00  9.1757143E-01
      1864  1.3702593E+00  9.1461691E-01
      1865  1.3771278E+00  9.1157486E-01
      1866  1.3840306E+00  9.0844639E-01
      1867  1.3909681E+00  9.0523267E-01
      1868  1.3979404E+00  9.0193485E-01
      1869  1.4049476E+00  8.9855410E-01
      1870  1.4119899E+00  8.9509163E-01
      1871  1.4190675E+00  8.9154863E-01
      1872  1.4261807E+00  8.8792631E-01
      1873  1.4333294E+00  8.8422592E-01
      1874  1.4405140E+00  8.8044870E-01
      1875  1.4477346E+00  8.7659590E-01
      1876  1.4549914E+00  8.7266879E-01
      1877  1.4622846E+00  8.6866865E-01
      1878  1.4696143E+00  8.6459676E-01
      1879  1.4769808E+00  8.6045443E-01
      1880  1.4843842E+00  8.5624296E-01
      1881  1.4918247E+00  8.5196367E-01
      1882  1.4993025E+00  8.4761790E-01
      1883  1.5068178E+00  8.4320696E-01
      1884  1.5143707E+00  8.3873220E-01
      1885  1.5219616E+00  8.3419499E-01
      1886  1.5295904E+00  8.2959664E-01
      1887  1.5372575E+00  8.2493856E-01
      1888  1.5449631E+00  8.2022209E-01
      1889  1.5527072E+00  8.1544860E-01
      1890  1.5604902E+00  8.1061949E-01
      1891  1.5683122E+00  8.0573612E-01
      1892  1.5761734E+00  8.0079988E-01
      1893  1.5840740E+00  7.9581217E-01
      1894  1.5920142E+00  7.9077437E-01
      1895  1.5999942E+00  7.8568787E-01
      1896  1.6080142E+00  7.8055408E-01
      1897  1.6160744E+00  7.7537437E-01
      1898  1.6241750E+00  7.7015017E-01
      1899  1.6323162E+00  7.6488287E-01
      1900  1.6404982E+00  7.5957384E-01
      1901  1.6487213E+00  7.5422451E-01
      1902  1.6569855E+00  7.4883628E-01
      1903  1.6652912E+00  7.4341051E-01
      1904  1.6736385E+00  7.3794862E-01
      1905  1.6820276E+00  7.3245200E-01
      1906  1.6904588E+00  7.2692203E-01
      1907  1.6989323E+00  7.2136011E-01
      1908  1.7074482E+00  7.1576760E-01
      1909  1.7160069E+00  7.1014589E-01
      1910  1.7246084E+00  7.0449637E-01
      1911  1.7332530E+00  6.9882038E-01
      1912  1.7419410E+00  6.9311929E-01
      1913  1.7506725E+00  6.8739448E-01
      1914  1.7594478E+00  6.8164727E-01
      1915  1.7682671E+00  6.7587903E-01
      1916  1.7771305E+00  6.7009109E-01
      1917  1.7860384E+00  6.6428478E-01
      1918  1.7949910E+00  6.5846143E-01
      1919  1.8039884E+00  6.5262234E-01
      1920  1.8130309E+00  6.4676883E-01
      1921  1.8221188E+00  6.4090221E-01
      1922  1.8312522E+00  6.3502376E-01
      1923  1.8404314E+00  6.2913474E-01
      1924  1.8496566E+00  6.2323646E-01
      1925  1.8589280E+00  6.1733015E-01
      1926  1.8682460E+00  6.1141707E-01
      1927  1.8776106E+00  6.0549846E-01
      1928  1.8870221E+00  5.9957555E-01
      1929  1.8964809E+00  5.9364956E-01
      1930  1.9059870E+00  5.8772170E-01
      1931  1.9155408E+00  5.8179314E-01
      1932  1.9251425E+00  5.7586509E-01
      1933  1.9347923E+00  5.6993870E-01
      1934  1.9444905E+00  5.6401513E-01
      1935  1.9542373E+00  5.5809554E-01
      1936  1.9640330E+00  5.5218103E-01
      1937  1.9738777E+00  5.4627274E-01
      1938  1.9837718E+00  5.4037177E-01
      1939  1.9937155E+00  5.3447919E-01
      1940  2.0037091E+00  5.2859609E-01
      1941  2.0137527E+00  5.2272353E-01
      1942  2.0238467E+00  5.1686255E-01
      1943  2.0339913E+00  5.1101418E-01
      1944  2.0441867E+00  5.0517944E-01
      1945  2.0544332E+00  4.9935931E-01
      1946  2.0647311E+00  4.9355480E-01
      1947  2.0750806E+00  4.8776687E-01
      1948  2.0854820E+00  4.8199645E-01
      1949  2.0959355E+00  4.7624451E-01
      1950  2.1064414E+00  4.7051195E-01
      1951  2.1170000E+00  4.6479968E-01
      1952  2.1276115E+00  4.5910858E-01
      1953  2.1382762E+00  4.5343953E-01
      1954  2.1489944E+00  4.4779337E-01
      1955  2.1597663E+00  4.4217096E-01
      1956  2.1705921E+00  4.3657309E-01
      1957  2.1814723E+00  4.3100058E-01
      1958  2.1924069E+00  4.2545422E-01
      1959  2.2033964E+00  4.1993477E-01
      1960  2.2144410E+00  4.1444299E-01
      1961  2.2255409E+00  4.0897960E-01
      1962  2.2366965E+00  4.0354533E-01
      1963  2.2479080E+00  3.9814087E-01
      1964  2.2591757E+00  3.9276690E-01
      1965  2.2704998E+00  3.8742409E-01
      1966  2.2818808E+00  3.8211309E-01
      1967  2.2933187E+00  3.7683452E-01
      1968  2.3048140E+00  3.7158899E-01
      1969  2.3163670E+00  3.6637711E-01
      1970  2.3279778E+00  3.6119943E-01
      1971  2.3396469E+00  3.5605653E-01
      1972  2.3513744E+00  3.5094895E-01
      1973  2.3631607E+00  3.4587720E-01
      1974  2.3750061E+00  3.4084180E-01
      1975  2.3869109E+00  3.3584322E-01
      1976  2.3988753E+00  3.3088195E-01
      1977  2.4108997E+00  3.2595844E-01
      1978  2.4229844E+00  3.2107312E-01
      1979  2.4351297E+00  3.1622641E-01
      1980  2.4473358E+00  3.1141872E-01
      1981  2.4596031E+00  3.0665043E-01
      1982  2.4719319E+00  3.0192190E-01
      1983  2.4843225E+00  2.9723349E-01
      1984  2.4967753E+00  2.9258554E-01
      1985  2.5092904E+00  2.8797836E-01
      1986  2.5218683E+00  2.8341226E-01
      1987  2.5345092E+00  2.7888751E-01
      1988  2.5472135E+00  2.7440439E-01
      1989  2.5599814E+00  2.6996315E-01
      1990  2.5728134E+00  2.6556403E-01
      1991  2.5857097E+00  2.6120725E-01
      1992  2.5986706E+00  2.5689302E-01
      1993  2.6116965E+00  2.5262151E-01
      1994  2.6247877E+00  2.4839292E-01
      1995  2.6379445E+00  2.4420740E-01
      1996  2.6511672E+00  2.4006509E-01
      1997  2.6644562E+00  2.3596613E-01
      1998  2.6778119E+00  2.3191062E-01
      1999  2.6912345E+00  2.2789868E-01
      2000  2.7047243E+00  2.2393039E-01
      2001  2.7182818E+00  2.2000581E-01
      2002  2.7319073E+00  2.1612502E-01
      2003  2.7456010E+00  2.1228805E-01
      2004  2.7593634E+00  2.0849495E-01
      2005  2.7731948E+00  2.0474572E-01
      2006  2.7870955E+00  2.0104037E-01
      2007  2.8010658E+00  1.9737890E-01
      2008  2.8151062E+00  1.9376130E-01
      2009  2.8292170E+00  1.9018752E-01
      2010  2.8433985E+00  1.8665753E-01
      2011  2.8576511E+00  1.8317127E-01
      2012  2.8719752E+00  1.7972868E-01
      2013  2.8863710E+00  1.7632967E-01
      2014  2.9008390E+00  1.7297417E-01
      2015  2.9153795E+00  1.6966206E-01
      2016  2.9299929E+00  1.6639325E-01
      2017  2.9446796E+00  1.6316761E-01
      2018  2.9594398E+00  1.5998502E-01
      2019  2.9742741E+00  1.5684532E-01
      2020  2.9891827E+00  1.5374837E-01
      2021  3.0041660E+00  1.5069402E-01
      2022  3.0192245E+00  1.4768209E-01
      2023  3.0343584E+00  1.4471240E-01
      2024  3.0495682E+00  1.4178478E-01
      2025  3.0648542E+00  1.3889902E-01
      2026  3.0802168E+00  1.3605492E-01
      2027  3.0956565E+00  1.3325228E-01
      2028  3.1111735E+00  1.3049086E-01
      2029  3.1267684E+00  1.2777046E-01
      2030  3.1424414E+00  1.2509082E-01
      2031  3.1581929E+00  1.2245172E-01
      2032  3.1740234E+00  1.1985289E-01
      2033  3.1899333E+00  1.1729410E-01
      2034  3.2059229E+00  1.1477507E-01
      2035  3.2219926E+00  1.1229553E-01
      2036  3.2381429E+00  1.0985523E-01
      2037  3.2543742E+00  1.0745386E-01
      2038  3.2706868E+00  1.0509115E-01
      2039  3.2870812E+00  1.0276681E-01
      2040  3.3035578E+00  1.0048054E-01
      2041  3.3201169E+00  9.8232036E-02
      2042  3.3367591E+00  9.6020994E-02
      2043  3.3534847E+00  9.3847099E-02
      2044  3.3702941E+00  9.1710043E-02
      2045  3.3871877E+00  8.9609495E-02
      2046  3.4041661E+00  8.7545137E-02
      2047  3.4212295E+00  8.5516642E-02
      2048  3.4383785E+00  8.3523669E-02
      2049  3.4556135E+00  8.1565891E-02
      2050  3.4729348E+00  7.9642966E-02
      2051  3.4903430E+00  7.7754545E-02
      2052  3.5078384E+00  7.5900292E-02
      2053  3.5254215E+00  7.4079853E-02
      2054  3.5430927E+00  7.2292873E-02
      2055  3.5608526E+00  7.0539007E-02
      2056  3.5787014E+00  6.8817892E-02
      2057  3.5966397E+00  6.7129169E-02
      2058  3.6146680E+00  6.5472484E-02
      2059  3.6327866E+00  6.3847466E-02
      2060  3.6509960E+00  6.2253755E-02
      2061  3.6692967E+00  6.0690988E-02
      2062  3.6876891E+00  5.9158791E-02
      2063  3.7061737E+00  5.7656800E-02
      2064  3.7247510E+00  5.6184648E-02
      2065  3.7434214E+00  5.4741956E-02
      2066  3.7621854E+00  5.3328361E-02
      2067  3.7810434E+00  5.1943489E-02
      2068  3.7999959E+00  5.0586962E-02
      2069  3.8190435E+00  4.9258417E-02
      2070  3.8381865E+00  4.7957475E-02
      2071  3.8574255E+00  4.6683761E-02
      2072  3.8767610E+00  4.5436910E-02
      2073  3.8961933E+00  4.4216542E-02
      2074  3.9157231E+00  4.3022286E-02
      2075  3.9353507E+00  4.1853776E-02
      2076  3.9550767E+00  4.0710632E-02
      2077  3.9749016E+00  3.9592488E-02
      2078  3.9948259E+00  3.8498978E-02
      2079  4.0148501E+00  3.7429723E-02
      2080  4.0349746E+00  3.6384365E-02
      2081  4.0552000E+00  3.5362537E-02
      2082  4.0755267E+00  3.4363865E-02
      2083  4.0959554E+00  3.3387996E-02
      2084  4.1164865E+00  3.2434563E-02
      2085  4.1371204E+00  3.1503202E-02
      2086  4.1578578E+00  3.0593563E-02
      2087  4.1786992E+00  2.9705282E-02
      2088  4.1996450E+00  2.8838003E-02
      2089  4.2206958E+00  2.7991382E-02
      2090  4.2418521E+00  2.7165058E-02
      2091  4.2631145E+00  2.6358686E-02
      2092  4.2844835E+00  2.5571924E-02
      2093  4.3059595E+00  2.4804420E-02
      2094  4.3275432E+00  2.4055838E-02
      2095  4.3492351E+00  2.3325840E-02
      2096  4.3710358E+00  2.2614082E-02
      2097  4.3929457E+00  2.1920239E-02
      2098  4.4149654E+00  2.1243977E-02
      2099  4.4370955E+00  2.0584964E-02
      2100  4.4593366E+00  1.9942881E-02
      2101  4.4816891E+00  1.9317401E-02
      2102  4.5041536E+00  1.8708204E-02
      2103  4.5267308E+00  1.8114980E-02
      2104  4.5494211E+00  1.7537409E-02
      2105  4.5722252E+00  1.6975182E-02
      2106  4.5951436E+00  1.6427998E-02
      2107  4.6181768E+00  1.5895545E-02
      2108  4.6413255E+00  1.5377526E-02
      2109  4.6645903E+00  1.4873649E-02
      2110  4.6879716E+00  1.4383611E-02
      2111  4.7114702E+00  1.3907128E-02
      2112  4.7350865E+00  1.3443914E-02
      2113  4.7588212E+00  1.2993679E-02
      2114  4.7826749E+00  1.2556150E-02
      2115  4.8066482E+00  1.2131049E-02
      2116  4.8307416E+00  1.1718099E-02
      2117  4.8549558E+00  1.1317037E-02
      2118  4.8792914E+00  1.0927594E-02
      2119  4.9037489E+00  1.0549505E-02
      2120  4.9283291E+00  1.0182519E-02
      2121  4.9530324E+00  9.8263739E-03
      2122  4.9778596E+00  9.4808209E-03
      2123  5.0028112E+00  9.1456160E-03
      2124  5.0278879E+00  8.8205089E-03
      2125  5.0530903E+00  8.5052632E-03
      2126  5.0784190E+00  8.1996441E-03
      2127  5.1038747E+00  7.9034124E-03
      2128  5.1294580E+00  7.6163445E-03
      2129  5.1551695E+00  7.3382140E-03
      2130  5.1810099E+00  7.0687944E-03
      2131  5.2069798E+00  6.8078733E-03
      2132  5.2330799E+00  6.5552333E-03
      2133  5.2593108E+00  6.3106609E-03
      2134  5.2856732E+00  6.0739540E-03
      2135  5.3121678E+00  5.8449047E-03
      2136  5.3387951E+00  5.6233126E-03
      2137  5.3655560E+00  5.4089853E-03
      2138  5.3924509E+00  5.2017245E-03
      2139  5.4194807E+00  5.0013430E-03
      2140  5.4466460E+00  4.8076571E-03
      2141  5.4739474E+00  4.6204793E-03
      2142  5.5013857E+00  4.4396345E-03
      2143  5.5289615E+00  4.2649477E-03
      2144  5.5566755E+00  4.0962424E-03
      2145  5.5845285E+00  3.9333548E-03
      2146  5.6125210E+00  3.7761184E-03
      2147  5.6406539E+00  3.6243685E-03
      2148  5.6689278E+00  3.4779512E-03
      2149  5.6973434E+00  3.3367088E-03
      2150  5.7259015E+00  3.2004883E-03
      2151  5.7546027E+00  3.0691450E-03
      2152  5.7834477E+00  2.9425299E-03
      2153  5.8124374E+00  2.8205018E-03
      2154  5.8415724E+00  2.7029243E-03
      2155  5.8708534E+00  2.5896577E-03
      2156  5.9002811E+00  2.4805715E-03
      2157  5.9298564E+00  2.3755373E-03
      2158  5.9595799E+00  2.2744250E-03
      2159  5.9894525E+00  2.1771140E-03
      2160  6.0194747E+00  2.0834837E-03
      2161  6.0496475E+00  1.9934136E-03
      2162  6.0799714E+00  1.9067922E-03
      2163  6.1104474E+00  1.8235064E-03
      2164  6.1410762E+00  1.7434454E-03
      2165  6.1718584E+00  1.6665059E-03
      2166  6.2027950E+00  1.5925822E-03
      2167  6.2338867E+00  1.5215730E-03
      2168  6.2651341E+00  1.4533825E-03
      2169  6.2965383E+00  1.3879123E-03
      2170  6.3280998E+00  1.3250703E-03
      2171  6.3598195E+00  1.2647673E-03
      2172  6.3916983E+00  1.2069125E-03
      2173  6.4237368E+00  1.1514221E-03
      2174  6.4559359E+00  1.0982133E-03
      2175  6.4882964E+00  1.0472028E-03
      2176  6.5208191E+00  9.9831437E-04
      2177  6.5535049E+00  9.5147114E-04
      2178  6.5863544E+00  9.0659739E-04
      2179  6.6193687E+00  8.6362349E-04
      2180  6.6525484E+00  8.2247843E-04
      2181  6.6858944E+00  7.8309382E-04
      2182  6.7194076E+00  7.4540591E-04
      2183  6.7530888E+00  7.0934938E-04
      2184  6.7869388E+00  6.7486276E-04
      2185  6.8209585E+00  6.4188761E-04
      2186  6.8551487E+00  6.1036421E-04
      2187  6.8895102E+00  5.8023744E-04
      2188  6.9240441E+00  5.5145372E-04
      2189  6.9587510E+00  5.2395882E-04
      2190  6.9936319E+00  4.9770332E-04
      2191  7.0286876E+00  4.7263816E-04
      2192  7.0639190E+00  4.4871448E-04
      2193  7.0993271E+00  4.2588791E-04
      2194  7.1349126E+00  4.0411359E-04
      2195  7.1706765E+00  3.8334789E-04
      2196  7.2066197E+00  3.6355081E-04
      2197  7.2427430E+00  3.4468154E-04
      2198  7.2790474E+00  3.2670133E-04
      2199  7.3155338E+00  3.0957408E-04
      2200  7.3522030E+00  2.9326281E-04
      2201  7.3890561E+00  2.7773330E-04
      2202  7.4260939E+00  2.6295287E-04
      2203  7.4633173E+00  2.4888830E-04
      2204  7.5007274E+00  2.3550935E-04
      2205  7.5383249E+00  2.2278650E-04
      2206  7.5761109E+00  2.1069010E-04
      2207  7.6140864E+00  1.9919345E-04
      2208  7.6522521E+00  1.8826987E-04
      2209  7.6906092E+00  1.7789316E-04
      2210  7.7291585E+00  1.6803965E-04
      2211  7.7679011E+00  1.5868533E-04
      2212  7.8068379E+00  1.4980721E-04
      2213  7.8459698E+00  1.4138425E-04
      2214  7.8852979E+00  1.3339494E-04
      2215  7.9248231E+00  1.2581923E-04
      2216  7.9645465E+00  1.1863836E-04
      2217  8.0044689E+00  1.1183321E-04
      2218  8.0445915E+00  1.0538632E-04
      2219  8.0849152E+00  9.9280984E-05
      2220  8.1254410E+00  9.3500293E-05
      2221  8.1661699E+00  8.8029090E-05
      2222  8.2071030E+00  8.2852466E-05
      2223  8.2482413E+00  7.7955632E-05
      2224  8.2895858E+00  7.3325379E-05
      2225  8.3311375E+00  6.8948453E-05
      2226  8.3728975E+00  6.4812023E-05
      2227  8.4148668E+00  6.0904541E-05
      2228  8.4570465E+00  5.7214271E-05
      2229  8.4994376E+00  5.3730163E-05
      2230  8.5420412E+00  5.0442090E-05
      2231  8.5848584E+00  4.7339723E-05
      2232  8.6278902E+00  4.4413590E-05
      2233  8.6711377E+00  4.1654796E-05
      2234  8.7146019E+00  3.9054315E-05
      2235  8.7582840E+00  3.6604047E-05
      2236  8.8021851E+00  3.4296177E-05
      2237  8.8463063E+00  3.2122884E-05
      2238  8.8906486E+00  3.0077237E-05
      2239  8.9352131E+00  2.8152381E-05
      2240  8.9800011E+00  2.6341602E-05
      2241  9.0250135E+00  2.4638953E-05
      2242  9.0702516E+00  2.3038438E-05
      2243  9.1157164E+00  2.1534349E-05
      2244  9.1614091E+00  2.0121559E-05
      2245  9.2073309E+00  1.8794856E-05
      2246  9.2534828E+00  1.7549417E-05
      2247  9.2998661E+00  1.6380813E-05
      2248  9.3464819E+00  1.5284542E-05
      2249  9.3933313E+00  1.4256545E-05
      2250  9.4404156E+00  1.3292995E-05
      2251  9.4877358E+00  1.2390032E-05
      2252  9.5352933E+00  1.1544248E-05
      2253  9.5830892E+00  1.0752333E-05
      2254  9.6311246E+00  1.0011012E-05
      2255  9.6794008E+00  9.3174165E-06
      2256  9.7279190E+00  8.6686935E-06
      2257  9.7766804E+00  8.0620918E-06
      2258  9.8256862E+00  7.4951879E-06
      2259  9.8749377E+00  6.9655320E-06
      2260  9.9244360E+00  6.4708340E-06
      2261  9.9741825E+00  6.0090391E-06
      2262  1.0024178E+01  5.5780575E-06
      2263  1.0074425E+01  5.1759944E-06
      2264  1.0124923E+01  4.8011041E-06
      2265  1.0175674E+01  4.4516177E-06
      2266  1.0226680E+01  4.1259730E-06
      2267  1.0277942E+01  3.8226859E-06
      2268  1.0329460E+01  3.5402736E-06
      2269  1.0381237E+01  3.2774479E-06
      2270  1.0433273E+01  3.0329489E-06
      2271  1.0485570E+01  2.8055470E-06
      2272  1.0538129E+01  2.5941768E-06
      2273  1.0590951E+01  2.3977723E-06
      2274  1.0644039E+01  2.2153249E-06
      2275  1.0697392E+01  2.0459495E-06
      2276  1.0751013E+01  1.8887497E-06
      2277  1.0804903E+01  1.7429047E-06
      2278  1.0859063E+01  1.6076770E-06
      2279  1.0913494E+01  1.4823185E-06
      2280  1.0968198E+01  1.3661646E-06
      2281  1.1023176E+01  1.2586003E-06
      2282  1.1078430E+01  1.1590063E-06
      2283  1.1133961E+01  1.0668464E-06
      2284  1.1189770E+01  9.8160751E-07
      2285  1.1245859E+01  9.0278310E-07
      2286  1.1302229E+01  8.2993960E-07
      2287  1.1358882E+01  7.6264993E-07
      2288  1.1415819E+01  7.0050442E-07
      2289  1.1473041E+01  6.4315102E-07
      2290  1.1530550E+01  5.9023614E-07
      2291  1.1588347E+01  5.4143195E-07
      2292  1.1646434E+01  4.9645147E-07
      2293  1.1704812E+01  4.5500392E-07
      2294  1.1763482E+01  4.1682896E-07
      2295  1.1822447E+01  3.8169209E-07
      2296  1.1881707E+01  3.4935623E-07
      2297  1.1941264E+01  3.1961562E-07
      2298  1.2001120E+01  2.9227845E-07
      2299  1.2061276E+01  2.6715345E-07
      2300  1.2121734E+01  2.4407816E-07
      2301  1.2182494E+01  2.2289586E-07
      2302  1.2243559E+01  2.0345415E-07
      2303  1.2304930E+01  1.8562435E-07
      2304  1.2366609E+01  1.6927891E-07
      2305  1.2428597E+01  1.5429789E-07
      2306  1.2490895E+01  1.4057886E-07
      2307  1.2553506E+01  1.2801867E-07
      2308  1.2616431E+01  1.1652386E-07
      2309  1.2679671E+01  1.0601262E-07
      2310  1.2743228E+01  9.6402189E-08
      2311  1.2807104E+01  8.7620256E-08
      2312  1.2871300E+01  7.9601365E-08
      2313  1.2935817E+01  7.2279769E-08
      2314  1.3000658E+01  6.5599715E-08
      2315  1.3065824E+01  5.9508822E-08
      2316  1.3131317E+01  5.3955491E-08
      2317  1.3197138E+01  4.8896710E-08
      2318  1.3263289E+01  4.4290650E-08
      2319  1.3329772E+01  4.0097372E-08
      2320  1.3396587E+01  3.6283535E-08
      2321  1.3463738E+01  3.2815917E-08
      2322  1.3531225E+01  2.9663980E-08
      2323  1.3599051E+01  2.6801761E-08
      2324  1.3667216E+01  2.4203070E-08
      2325  1.3735724E+01  2.1844778E-08
      2326  1.3804574E+01  1.9706605E-08
      2327  1.3873770E+01  1.7768098E-08
      2328  1.3943312E+01  1.6011850E-08
      2329  1.4013204E+01  1.4421997E-08
      2330  1.4083445E+01  1.2982752E-08
      2331  1.4154039E+01  1.1681040E-08
      2332  1.4224986E+01  1.0504463E-08
      2333  1.4296289E+01  9.4410044E-09
      2334  1.4367950E+01  8.4808147E-09
      2335  1.4439969E+01  7.6142423E-09
      2336  1.4512350E+01  6.8322702E-09
      2337  1.4585093E+01  6.1274400E-09
      2338  1.4658201E+01  5.4922884E-09
      2339  1.4731676E+01  4.9201302E-09
      2340  1.4805519E+01  4.4052927E-09
      2341  1.4879732E+01  3.9420560E-09
      2342  1.4954317E+01  3.5255077E-09
