         1  1.2340980E-04  5.3183451E-12
         2  1.2402840E-04  5.4145877E-12
         3  1.2465009E-04  5.5125742E-12
         4  1.2527490E-04  5.6123363E-12
         5  1.2590285E-04  5.7139062E-12
         6  1.2653394E-04  5.8173168E-12
         7  1.2716819E-04  5.9226013E-12
         8  1.2780563E-04  6.0297939E-12
         9  1.2844625E-04  6.1389291E-12
        10  1.2909009E-04  6.2500423E-12
        11  1.2973716E-04  6.3631694E-12
        12  1.3038747E-04  6.4783468E-12
        13  1.3104104E-04  6.5956119E-12
        14  1.3169789E-04  6.7150025E-12
        15  1.3235802E-04  6.8365573E-12
        16  1.3302147E-04  6.9603154E-12
        17  1.3368824E-04  7.0863170E-12
        18  1.3435836E-04  7.2146028E-12
        19  1.3503183E-04  7.3452142E-12
        20  1.3570868E-04  7.4781935E-12
        21  1.3638893E-04  7.6135837E-12
        22  1.3707258E-04  7.7514285E-12
        23  1.3775966E-04  7.8917726E-12
        24  1.3845018E-04  8.0346614E-12
        25  1.3914417E-04  8.1801410E-12
        26  1.3984163E-04  8.3282585E-12
        27  1.4054259E-04  8.4790619E-12
        28  1.4124706E-04  8.6325999E-12
        29  1.4195506E-04  8.7889222E-12
        30  1.4266662E-04  8.9480794E-12
        31  1.4338174E-04  9.1101230E-12
        32  1.4410044E-04  9.2751055E-12
        33  1.4482275E-04  9.4430801E-12
        34  1.4554867E-04  9.6141014E-12
        35  1.4627824E-04  9.7882246E-12
        36  1.4701146E-04  9.9655061E-12
        37  1.4774836E-04  1.0146003E-11
        38  1.4848895E-04  1.0329775E-11
        39  1.4923326E-04  1.0516880E-11
        40  1.4998129E-04  1.0707379E-11
        41  1.5073308E-04  1.0901334E-11
        42  1.5148863E-04  1.1098808E-11
        43  1.5224797E-04  1.1299865E-11
        44  1.5301111E-04  1.1504570E-11
        45  1.5377809E-04  1.1712988E-11
        46  1.5454890E-04  1.1925189E-11
        47  1.5532358E-04  1.2141239E-11
        48  1.5610214E-04  1.2361211E-11
        49  1.5688461E-04  1.2585173E-11
        50  1.5767100E-04  1.2813200E-11
        51  1.5846133E-04  1.3045366E-11
        52  1.5925562E-04  1.3281744E-11
        53  1.6005389E-04  1.3522413E-11
        54  1.6085616E-04  1.3767450E-11
        55  1.6166246E-04  1.4016934E-11
        56  1.6247279E-04  1.4270946E-11
        57  1.6328719E-04  1.4529570E-11
        58  1.6410567E-04  1.4792887E-11
        59  1.6492825E-04  1.5060985E-11
        60  1.6575496E-04  1.5333950E-11
        61  1.6658581E-04  1.5611870E-11
        62  1.6742083E-04  1.5894836E-11
        63  1.6826003E-04  1.6182939E-11
        64  1.6910343E-04  1.6476273E-11
        65  1.6995107E-04  1.6774933E-11
        66  1.7080295E-04  1.7079015E-11
        67  1.7165910E-04  1.7388620E-11
        68  1.7251955E-04  1.7703846E-11
        69  1.7338431E-04  1.8024797E-11
        70  1.7425340E-04  1.8351576E-11
        71  1.7512685E-04  1.8684290E-11
        72  1.7600468E-04  1.9023047E-11
        73  1.7688690E-04  1.9367956E-11
        74  1.7777355E-04  1.9719129E-11
        75  1.7866465E-04  2.0076682E-11
        76  1.7956021E-04  2.0440729E-11
        77  1.8046025E-04  2.0811388E-11
        78  1.8136482E-04  2.1188782E-11
        79  1.8227391E-04  2.1573031E-11
        80  1.8318756E-04  2.1964261E-11
        81  1.8410579E-04  2.2362598E-11
        82  1.8502863E-04  2.2768173E-11
        83  1.8595609E-04  2.3181117E-11
        84  1.8688820E-04  2.3601564E-11
        85  1.8782498E-04  2.4029651E-11
        86  1.8876645E-04  2.4465517E-11
        87  1.8971265E-04  2.4909304E-11
        88  1.9066359E-04  2.5361155E-11
        89  1.9161929E-04  2.5821218E-11
        90  1.9257979E-04  2.6289643E-11
        91  1.9354510E-04  2.6766582E-11
        92  1.9451525E-04  2.7252189E-11
        93  1.9549026E-04  2.7746623E-11
        94  1.9647016E-04  2.8250044E-11
        95  1.9745497E-04  2.8762617E-11
        96  1.9844472E-04  2.9284508E-11
        97  1.9943943E-04  2.9815887E-11
        98  2.0043912E-04  3.0356926E-11
        99  2.0144382E-04  3.0907803E-11
       100  2.0245357E-04  3.1468695E-11
       101  2.0346837E-04  3.2039786E-11
       102  2.0448826E-04  3.2621261E-11
       103  2.0551326E-04  3.3213310E-11
       104  2.0654340E-04  3.3816126E-11
       105  2.0757870E-04  3.4429904E-11
       106  2.0861920E-04  3.5054845E-11
       107  2.0966490E-04  3.5691152E-11
       108  2.1071585E-04  3.6339033E-11
       109  2.1177207E-04  3.6998698E-11
       110  2.1283358E-04  3.7670362E-11
       111  2.1390042E-04  3.8354244E-11
       112  2.1497260E-04  3.9050567E-11
       113  2.1605015E-04  3.9759558E-11
       114  2.1713311E-04  4.0481448E-11
       115  2.1822149E-04  4.1216471E-11
       116  2.1931533E-04  4.1964869E-11
       117  2.2041465E-04  4.2726883E-11
       118  2.2151949E-04  4.3502764E-11
       119  2.2262986E-04  4.4292764E-11
       120  2.2374579E-04  4.5097140E-11
       121  2.2486732E-04  4.5916155E-11
       122  2.2599448E-04  4.6750076E-11
       123  2.2712728E-04  4.7599175E-11
       124  2.2826576E-04  4.8463729E-11
       125  2.2940995E-04  4.9344020E-11
       126  2.3055987E-04  5.0240335E-11
       127  2.3171555E-04  5.1152966E-11
       128  2.3287703E-04  5.2082212E-11
       129  2.3404433E-04  5.3028375E-11
       130  2.3521749E-04  5.3991765E-11
       131  2.3639652E-04  5.4972696E-11
       132  2.3758146E-04  5.5971488E-11
       133  2.3877234E-04  5.6988468E-11
       134  2.3996919E-04  5.8023967E-11
       135  2.4117204E-04  5.9078323E-11
       136  2.4238092E-04  6.0151881E-11
       137  2.4359586E-04  6.1244992E-11
       138  2.4481689E-04  6.2358012E-11
       139  2.4604404E-04  6.3491306E-11
       140  2.4727734E-04  6.4645243E-11
       141  2.4851683E-04  6.5820201E-11
       142  2.4976252E-04  6.7016563E-11
       143  2.5101446E-04  6.8234721E-11
       144  2.5227268E-04  6.9475073E-11
       145  2.5353720E-04  7.0738025E-11
       146  2.5480806E-04  7.2023988E-11
       147  2.5608529E-04  7.3333385E-11
       148  2.5736892E-04  7.4666642E-11
       149  2.5865899E-04  7.6024196E-11
       150  2.5995552E-04  7.7406492E-11
       151  2.6125856E-04  7.8813980E-11
       152  2.6256812E-04  8.0247123E-11
       153  2.6388425E-04  8.1706388E-11
       154  2.6520697E-04  8.3192254E-11
       155  2.6653633E-04  8.4705206E-11
       156  2.6787235E-04  8.6245740E-11
       157  2.6921506E-04  8.7814359E-11
       158  2.7056451E-04  8.9411579E-11
       159  2.7192072E-04  9.1037921E-11
       160  2.7328373E-04  9.2693919E-11
       161  2.7465357E-04  9.4380114E-11
       162  2.7603028E-04  9.6097059E-11
       163  2.7741388E-04  9.7845317E-11
       164  2.7880443E-04  9.9625459E-11
       165  2.8020194E-04  1.0143807E-10
       166  2.8160646E-04  1.0328374E-10
       167  2.8301802E-04  1.0516308E-10
       168  2.8443665E-04  1.0707671E-10
       169  2.8586239E-04  1.0902524E-10
       170  2.8729529E-04  1.1100933E-10
       171  2.8873536E-04  1.1302961E-10
       172  2.9018265E-04  1.1508676E-10
       173  2.9163720E-04  1.1718144E-10
       174  2.9309904E-04  1.1931435E-10
       175  2.9456820E-04  1.2148619E-10
       176  2.9604473E-04  1.2369766E-10
       177  2.9752866E-04  1.2594949E-10
       178  2.9902003E-04  1.2824242E-10
       179  3.0051887E-04  1.3057721E-10
       180  3.0202523E-04  1.3295462E-10
       181  3.0353914E-04  1.3537543E-10
       182  3.0506063E-04  1.3784043E-10
       183  3.0658976E-04  1.4035044E-10
       184  3.0812654E-04  1.4290628E-10
       185  3.0967104E-04  1.4550879E-10
       186  3.1122327E-04  1.4815883E-10
       187  3.1278328E-04  1.5085725E-10
       188  3.1435111E-04  1.5360496E-10
       189  3.1592681E-04  1.5640286E-10
       190  3.1751040E-04  1.5925185E-10
       191  3.1910192E-04  1.6215289E-10
       192  3.2070143E-04  1.6510693E-10
       193  3.2230895E-04  1.6811492E-10
       194  3.2392453E-04  1.7117788E-10
       195  3.2554821E-04  1.7429679E-10
       196  3.2718003E-04  1.7747269E-10
       197  3.2882002E-04  1.8070663E-10
       198  3.3046824E-04  1.8399966E-10
       199  3.3212472E-04  1.8735288E-10
       200  3.3378950E-04  1.9076737E-10
       201  3.3546263E-04  1.9424428E-10
       202  3.3714414E-04  1.9778474E-10
       203  3.3883408E-04  2.0138991E-10
       204  3.4053250E-04  2.0506099E-10
       205  3.4223942E-04  2.0879919E-10
       206  3.4395490E-04  2.1260573E-10
       207  3.4567899E-04  2.1648186E-10
       208  3.4741171E-04  2.2042888E-10
       209  3.4915312E-04  2.2444807E-10
       210  3.5090325E-04  2.2854077E-10
       211  3.5266216E-04  2.3270831E-10
       212  3.5442989E-04  2.3695208E-10
       213  3.5620648E-04  2.4127347E-10
       214  3.5799197E-04  2.4567391E-10
       215  3.5978641E-04  2.5015484E-10
       216  3.6158985E-04  2.5471776E-10
       217  3.6340233E-04  2.5936416E-10
       218  3.6522389E-04  2.6409557E-10
       219  3.6705458E-04  2.6891355E-10
       220  3.6889445E-04  2.7381971E-10
       221  3.7074354E-04  2.7881565E-10
       222  3.7260190E-04  2.8390302E-10
       223  3.7446957E-04  2.8908351E-10
       224  3.7634661E-04  2.9435882E-10
       225  3.7823306E-04  2.9973070E-10
       226  3.8012896E-04  3.0520092E-10
       227  3.8203436E-04  3.1077128E-10
       228  3.8394932E-04  3.1644364E-10
       229  3.8587387E-04  3.2221986E-10
       230  3.8780807E-04  3.2810184E-10
       231  3.8975197E-04  3.3409155E-10
       232  3.9170561E-04  3.4019095E-10
       233  3.9366904E-04  3.4640206E-10
       234  3.9564231E-04  3.5272693E-10
       235  3.9762548E-04  3.5916767E-10
       236  3.9961859E-04  3.6572639E-10
       237  4.0162168E-04  3.7240526E-10
       238  4.0363482E-04  3.7920651E-10
       239  4.0565805E-04  3.8613237E-10
       240  4.0769142E-04  3.9318514E-10
       241  4.0973498E-04  4.0036715E-10
       242  4.1178878E-04  4.0768079E-10
       243  4.1385288E-04  4.1512847E-10
       244  4.1592733E-04  4.2271266E-10
       245  4.1801217E-04  4.3043587E-10
       246  4.2010747E-04  4.3830065E-10
       247  4.2221327E-04  4.4630963E-10
       248  4.2432962E-04  4.5446544E-10
       249  4.2645658E-04  4.6277079E-10
       250  4.2859420E-04  4.7122844E-10
       251  4.3074254E-04  4.7984119E-10
       252  4.3290165E-04  4.8861189E-10
       253  4.3507158E-04  4.9754345E-10
       254  4.3725238E-04  5.0663883E-10
       255  4.3944412E-04  5.1590106E-10
       256  4.4164684E-04  5.2533320E-10
       257  4.4386060E-04  5.3493838E-10
       258  4.4608546E-04  5.4471979E-10
       259  4.4832148E-04  5.5468068E-10
       260  4.5056870E-04  5.6482435E-10
       261  4.5282718E-04  5.7515418E-10
       262  4.5509699E-04  5.8567358E-10
       263  4.5737817E-04  5.9638606E-10
       264  4.5967079E-04  6.0729518E-10
       265  4.6197490E-04  6.1840455E-10
       266  4.6429056E-04  6.2971787E-10
       267  4.6661782E-04  6.4123890E-10
       268  4.6895676E-04  6.5297146E-10
       269  4.7130741E-04  6.6491946E-10
       270  4.7366985E-04  6.7708688E-10
       271  4.7604413E-04  6.8947774E-10
       272  4.7843031E-04  7.0209619E-10
       273  4.8082845E-04  7.1494641E-10
       274  4.8323861E-04  7.2803268E-10
       275  4.8566086E-04  7.4135935E-10
       276  4.8809524E-04  7.5493086E-10
       277  4.9054183E-04  7.6875173E-10
       278  4.9300068E-04  7.8282655E-10
       279  4.9547186E-04  7.9716002E-10
       280  4.9795542E-04  8.1175690E-10
       281  5.0045143E-04  8.2662206E-10
       282  5.0295996E-04  8.4176045E-10
       283  5.0548105E-04  8.5717711E-10
       284  5.0801479E-04  8.7287719E-10
       285  5.1056122E-04  8.8886590E-10
       286  5.1312042E-04  9.0514859E-10
       287  5.1569245E-04  9.2173068E-10
       288  5.1827737E-04  9.3861771E-10
       289  5.2087524E-04  9.5581529E-10
       290  5.2348614E-04  9.7332917E-10
       291  5.2611013E-04  9.9116519E-10
       292  5.2874727E-04  1.0093293E-09
       293  5.3139762E-04  1.0278276E-09
       294  5.3406126E-04  1.0466662E-09
       295  5.3673826E-04  1.0658514E-09
       296  5.3942867E-04  1.0853896E-09
       297  5.4213257E-04  1.1052874E-09
       298  5.4485002E-04  1.1255514E-09
       299  5.4758109E-04  1.1461883E-09
       300  5.5032585E-04  1.1672051E-09
       301  5.5308437E-04  1.1886088E-09
       302  5.5585672E-04  1.2104065E-09
       303  5.5864296E-04  1.2326056E-09
       304  5.6144317E-04  1.2552133E-09
       305  5.6425742E-04  1.2782374E-09
       306  5.6708577E-04  1.3016855E-09
       307  5.6992830E-04  1.3255655E-09
       308  5.7278507E-04  1.3498852E-09
       309  5.7565617E-04  1.3746530E-09
       310  5.7854166E-04  1.3998770E-09
       311  5.8144161E-04  1.4255657E-09
       312  5.8435610E-04  1.4517277E-09
       313  5.8728520E-04  1.4783718E-09
       314  5.9022898E-04  1.5055069E-09
       315  5.9318751E-04  1.5331421E-09
       316  5.9616088E-04  1.5612866E-09
       317  5.9914915E-04  1.5899498E-09
       318  6.0215239E-04  1.6191415E-09
       319  6.0517069E-04  1.6488713E-09
       320  6.0820413E-04  1.6791492E-09
       321  6.1125276E-04  1.7099855E-09
       322  6.1431668E-04  1.7413903E-09
       323  6.1739595E-04  1.7733743E-09
       324  6.2049066E-04  1.8059482E-09
       325  6.2360089E-04  1.8391229E-09
       326  6.2672670E-04  1.8729096E-09
       327  6.2986818E-04  1.9073195E-09
       328  6.3302541E-04  1.9423643E-09
       329  6.3619846E-04  1.9780558E-09
       330  6.3938742E-04  2.0144058E-09
       331  6.4259236E-04  2.0514266E-09
       332  6.4581337E-04  2.0891307E-09
       333  6.4905052E-04  2.1275307E-09
       334  6.5230390E-04  2.1666395E-09
       335  6.5557359E-04  2.2064703E-09
       336  6.5885966E-04  2.2470365E-09
       337  6.6216221E-04  2.2883516E-09
       338  6.6548131E-04  2.3304297E-09
       339  6.6881705E-04  2.3732848E-09
       340  6.7216951E-04  2.4169314E-09
       341  6.7553878E-04  2.4613842E-09
       342  6.7892493E-04  2.5066580E-09
       343  6.8232805E-04  2.5527683E-09
       344  6.8574824E-04  2.5997304E-09
       345  6.8918556E-04  2.6475602E-09
       346  6.9264012E-04  2.6962738E-09
       347  6.9611199E-04  2.7458877E-09
       348  6.9960127E-04  2.7964185E-09
       349  7.0310804E-04  2.8478833E-09
       350  7.0663238E-04  2.9002993E-09
       351  7.1017439E-04  2.9536844E-09
       352  7.1373415E-04  3.0080565E-09
       353  7.1731176E-04  3.0634338E-09
       354  7.2090730E-04  3.1198352E-09
       355  7.2452086E-04  3.1772796E-09
       356  7.2815254E-04  3.2357864E-09
       357  7.3180242E-04  3.2953754E-09
       358  7.3547059E-04  3.3560667E-09
       359  7.3915716E-04  3.4178807E-09
       360  7.4286220E-04  3.4808383E-09
       361  7.4658581E-04  3.5449609E-09
       362  7.5032809E-04  3.6102700E-09
       363  7.5408912E-04  3.6767877E-09
       364  7.5786901E-04  3.7445365E-09
       365  7.6166784E-04  3.8135393E-09
       366  7.6548572E-04  3.8838195E-09
       367  7.6932273E-04  3.9554008E-09
       368  7.7317898E-04  4.0283073E-09
       369  7.7705455E-04  4.1025638E-09
       370  7.8094956E-04  4.1781954E-09
       371  7.8486408E-04  4.2552276E-09
       372  7.8879823E-04  4.3336866E-09
       373  7.9275210E-04  4.4135989E-09
       374  7.9672578E-04  4.4949915E-09
       375  8.0071939E-04  4.5778921E-09
       376  8.0473301E-04  4.6623286E-09
       377  8.0876675E-04  4.7483297E-09
       378  8.1282071E-04  4.8359245E-09
       379  8.1689499E-04  4.9251428E-09
       380  8.2098970E-04  5.0160147E-09
       381  8.2510492E-04  5.1085710E-09
       382  8.2924078E-04  5.2028432E-09
       383  8.3339737E-04  5.2988632E-09
       384  8.3757479E-04  5.3966635E-09
       385  8.4177315E-04  5.4962774E-09
       386  8.4599255E-04  5.5977387E-09
       387  8.5023311E-04  5.7010817E-09
       388  8.5449492E-04  5.8063416E-09
       389  8.5877809E-04  5.9135541E-09
       390  8.6308274E-04  6.0227556E-09
       391  8.6740896E-04  6.1339832E-09
       392  8.7175686E-04  6.2472746E-09
       393  8.7612656E-04  6.3626685E-09
       394  8.8051816E-04  6.4802038E-09
       395  8.8493178E-04  6.5999208E-09
       396  8.8936752E-04  6.7218599E-09
       397  8.9382549E-04  6.8460627E-09
       398  8.9830581E-04  6.9725715E-09
       399  9.0280859E-04  7.1014291E-09
       400  9.0733394E-04  7.2326796E-09
       401  9.1188197E-04  7.3663675E-09
       402  9.1645279E-04  7.5025384E-09
       403  9.2104653E-04  7.6412386E-09
       404  9.2566330E-04  7.7825152E-09
       405  9.3030320E-04  7.9264165E-09
       406  9.3496637E-04  8.0729915E-09
       407  9.3965291E-04  8.2222900E-09
       408  9.4436294E-04  8.3743629E-09
       409  9.4909657E-04  8.5292621E-09
       410  9.5385394E-04  8.6870404E-09
       411  9.5863515E-04  8.8477515E-09
       412  9.6344033E-04  9.0114502E-09
       413  9.6826960E-04  9.1781924E-09
       414  9.7312307E-04  9.3480349E-09
       415  9.7800087E-04  9.5210357E-09
       416  9.8290312E-04  9.6972539E-09
       417  9.8782994E-04  9.8767495E-09
       418  9.9278146E-04  1.0059584E-08
       419  9.9775780E-04  1.0245819E-08
       420  1.0027591E-03  1.0435519E-08
       421  1.0077854E-03  1.0628749E-08
       422  1.0128370E-03  1.0825575E-08
       423  1.0179138E-03  1.1026063E-08
       424  1.0230162E-03  1.1230282E-08
       425  1.0281440E-03  1.1438303E-08
       426  1.0332976E-03  1.1650195E-08
       427  1.0384771E-03  1.1866033E-08
       428  1.0436825E-03  1.2085889E-08
       429  1.0489139E-03  1.2309838E-08
       430  1.0541716E-03  1.2537958E-08
       431  1.0594557E-03  1.2770327E-08
       432  1.0647662E-03  1.3007023E-08
       433  1.0701034E-03  1.3248128E-08
       434  1.0754673E-03  1.3493725E-08
       435  1.0808581E-03  1.3743897E-08
       436  1.0862759E-03  1.3998731E-08
       437  1.0917209E-03  1.4258313E-08
       438  1.0971932E-03  1.4522733E-08
       439  1.1026929E-03  1.4792080E-08
       440  1.1082202E-03  1.5066449E-08
       441  1.1137751E-03  1.5345931E-08
       442  1.1193580E-03  1.5630625E-08
       443  1.1249688E-03  1.5920626E-08
       444  1.1306077E-03  1.6216034E-08
       445  1.1362749E-03  1.6516951E-08
       446  1.1419705E-03  1.6823481E-08
       447  1.1476947E-03  1.7135728E-08
       448  1.1534475E-03  1.7453799E-08
       449  1.1592292E-03  1.7777804E-08
       450  1.1650398E-03  1.8107853E-08
       451  1.1708796E-03  1.8444061E-08
       452  1.1767487E-03  1.8786543E-08
       453  1.1826472E-03  1.9135416E-08
       454  1.1885752E-03  1.9490801E-08
       455  1.1945330E-03  1.9852819E-08
       456  1.2005206E-03  2.0221595E-08
       457  1.2065382E-03  2.0597256E-08
       458  1.2125860E-03  2.0979931E-08
       459  1.2186641E-03  2.1369751E-08
       460  1.2247727E-03  2.1766851E-08
       461  1.2309119E-03  2.2171367E-08
       462  1.2370819E-03  2.2583439E-08
       463  1.2432828E-03  2.3003208E-08
       464  1.2495148E-03  2.3430820E-08
       465  1.2557780E-03  2.3866420E-08
       466  1.2620726E-03  2.4310159E-08
       467  1.2683988E-03  2.4762191E-08
       468  1.2747566E-03  2.5222670E-08
       469  1.2811464E-03  2.5691756E-08
       470  1.2875681E-03  2.6169610E-08
       471  1.2940221E-03  2.6656396E-08
       472  1.3005084E-03  2.7152284E-08
       473  1.3070272E-03  2.7657443E-08
       474  1.3135787E-03  2.8172047E-08
       475  1.3201631E-03  2.8696276E-08
       476  1.3267804E-03  2.9230308E-08
       477  1.3334309E-03  2.9774330E-08
       478  1.3401148E-03  3.0328527E-08
       479  1.3468321E-03  3.0893092E-08
       480  1.3535832E-03  3.1468220E-08
       481  1.3603680E-03  3.2054109E-08
       482  1.3671869E-03  3.2650962E-08
       483  1.3740400E-03  3.3258984E-08
       484  1.3809274E-03  3.3878386E-08
       485  1.3878493E-03  3.4509382E-08
       486  1.3948059E-03  3.5152190E-08
       487  1.4017974E-03  3.5807033E-08
       488  1.4088240E-03  3.6474135E-08
       489  1.4158857E-03  3.7153730E-08
       490  1.4229829E-03  3.7846050E-08
       491  1.4301156E-03  3.8551336E-08
       492  1.4372841E-03  3.9269833E-08
       493  1.4444885E-03  4.0001788E-08
       494  1.4517290E-03  4.0747454E-08
       495  1.4590058E-03  4.1507091E-08
       496  1.4663191E-03  4.2280961E-08
       497  1.4736691E-03  4.3069331E-08
       498  1.4810559E-03  4.3872476E-08
       499  1.4884797E-03  4.4690673E-08
       500  1.4959408E-03  4.5524206E-08
       501  1.5034392E-03  4.6373363E-08
       502  1.5109752E-03  4.7238439E-08
       503  1.5185490E-03  4.8119735E-08
       504  1.5261608E-03  4.9017554E-08
       505  1.5338107E-03  4.9932209E-08
       506  1.5414989E-03  5.0864017E-08
       507  1.5492257E-03  5.1813301E-08
       508  1.5569913E-03  5.2780390E-08
       509  1.5647957E-03  5.3765621E-08
       510  1.5726393E-03  5.4769334E-08
       511  1.5805222E-03  5.5791879E-08
       512  1.5884446E-03  5.6833610E-08
       513  1.5964067E-03  5.7894889E-08
       514  1.6044087E-03  5.8976085E-08
       515  1.6124508E-03  6.0077573E-08
       516  1.6205333E-03  6.1199736E-08
       517  1.6286562E-03  6.2342963E-08
       518  1.6368199E-03  6.3507652E-08
       519  1.6450245E-03  6.4694208E-08
       520  1.6532702E-03  6.5903043E-08
       521  1.6615573E-03  6.7134578E-08
       522  1.6698859E-03  6.8389240E-08
       523  1.6782562E-03  6.9667467E-08
       524  1.6866685E-03  7.0969702E-08
       525  1.6951230E-03  7.2296398E-08
       526  1.7036198E-03  7.3648018E-08
       527  1.7121592E-03  7.5025032E-08
       528  1.7207415E-03  7.6427919E-08
       529  1.7293667E-03  7.7857166E-08
       530  1.7380352E-03  7.9313273E-08
       531  1.7467471E-03  8.0796746E-08
       532  1.7555027E-03  8.2308101E-08
       533  1.7643022E-03  8.3847865E-08
       534  1.7731458E-03  8.5416575E-08
       535  1.7820338E-03  8.7014776E-08
       536  1.7909663E-03  8.8643027E-08
       537  1.7999435E-03  9.0301893E-08
       538  1.8089658E-03  9.1991955E-08
       539  1.8180332E-03  9.3713800E-08
       540  1.8271462E-03  9.5468029E-08
       541  1.8363048E-03  9.7255255E-08
       542  1.8455093E-03  9.9076099E-08
       543  1.8547599E-03  1.0093120E-07
       544  1.8640570E-03  1.0282120E-07
       545  1.8734006E-03  1.0474676E-07
       546  1.8827911E-03  1.0670856E-07
       547  1.8922286E-03  1.0870727E-07
       548  1.9017134E-03  1.1074360E-07
       549  1.9112458E-03  1.1281825E-07
       550  1.9208260E-03  1.1493196E-07
       551  1.9304541E-03  1.1708546E-07
       552  1.9401306E-03  1.1927949E-07
       553  1.9498555E-03  1.2151484E-07
       554  1.9596292E-03  1.2379227E-07
       555  1.9694519E-03  1.2611259E-07
       556  1.9793238E-03  1.2847660E-07
       557  1.9892452E-03  1.3088514E-07
       558  1.9992164E-03  1.3333904E-07
       559  2.0092375E-03  1.3583916E-07
       560  2.0193088E-03  1.3838637E-07
       561  2.0294306E-03  1.4098158E-07
       562  2.0396032E-03  1.4362567E-07
       563  2.0498268E-03  1.4631959E-07
       564  2.0601016E-03  1.4906427E-07
       565  2.0704279E-03  1.5186067E-07
       566  2.0808059E-03  1.5470977E-07
       567  2.0912360E-03  1.5761256E-07
       568  2.1017184E-03  1.6057008E-07
       569  2.1122533E-03  1.6358334E-07
       570  2.1228410E-03  1.6665340E-07
       571  2.1334818E-03  1.6978134E-07
       572  2.1441759E-03  1.7296826E-07
       573  2.1549236E-03  1.7621527E-07
       574  2.1657252E-03  1.7952350E-07
       575  2.1765810E-03  1.8289412E-07
       576  2.1874911E-03  1.8632831E-07
       577  2.1984560E-03  1.8982728E-07
       578  2.2094758E-03  1.9339223E-07
       579  2.2205508E-03  1.9702444E-07
       580  2.2316814E-03  2.0072516E-07
       581  2.2428677E-03  2.0449571E-07
       582  2.2541101E-03  2.0833739E-07
       583  2.2654089E-03  2.1225155E-07
       584  2.2767643E-03  2.1623958E-07
       585  2.2881767E-03  2.2030287E-07
       586  2.2996462E-03  2.2444283E-07
       587  2.3111732E-03  2.2866094E-07
       588  2.3227580E-03  2.3295865E-07
       589  2.3344009E-03  2.3733750E-07
       590  2.3461021E-03  2.4179900E-07
       591  2.3578620E-03  2.4634472E-07
       592  2.3696808E-03  2.5097627E-07
       593  2.3815589E-03  2.5569526E-07
       594  2.3934965E-03  2.6050336E-07
       595  2.4054940E-03  2.6540225E-07
       596  2.4175516E-03  2.7039365E-07
       597  2.4296696E-03  2.7547932E-07
       598  2.4418484E-03  2.8066104E-07
       599  2.4540882E-03  2.8594062E-07
       600  2.4663893E-03  2.9131994E-07
       601  2.4787522E-03  2.9680086E-07
       602  2.4911770E-03  3.0238533E-07
       603  2.5036641E-03  3.0807531E-07
       604  2.5162137E-03  3.1387278E-07
       605  2.5288263E-03  3.1977979E-07
       606  2.5415021E-03  3.2579842E-07
       607  2.5542414E-03  3.3193079E-07
       608  2.5670446E-03  3.3817904E-07
       609  2.5799120E-03  3.4454537E-07
       610  2.5928438E-03  3.5103202E-07
       611  2.6058405E-03  3.5764128E-07
       612  2.6189023E-03  3.6437547E-07
       613  2.6320297E-03  3.7123695E-07
       614  2.6452228E-03  3.7822814E-07
       615  2.6584820E-03  3.8535150E-07
       616  2.6718077E-03  3.9260953E-07
       617  2.6852002E-03  4.0000479E-07
       618  2.6986598E-03  4.0753987E-07
       619  2.7121869E-03  4.1521744E-07
       620  2.7257818E-03  4.2304019E-07
       621  2.7394448E-03  4.3101087E-07
       622  2.7531763E-03  4.3913229E-07
       623  2.7669767E-03  4.4740731E-07
       624  2.7808462E-03  4.5583884E-07
       625  2.7947853E-03  4.6442984E-07
       626  2.8087942E-03  4.7318335E-07
       627  2.8228733E-03  4.8210244E-07
       628  2.8370230E-03  4.9119026E-07
       629  2.8512437E-03  5.0045000E-07
       630  2.8655356E-03  5.0988492E-07
       631  2.8798992E-03  5.1949835E-07
       632  2.8943347E-03  5.2929367E-07
       633  2.9088426E-03  5.3927433E-07
       634  2.9234233E-03  5.4944385E-07
       635  2.9380770E-03  5.5980581E-07
       636  2.9528042E-03  5.7036385E-07
       637  2.9676051E-03  5.8112170E-07
       638  2.9824803E-03  5.9208315E-07
       639  2.9974301E-03  6.0325206E-07
       640  3.0124548E-03  6.1463235E-07
       641  3.0275547E-03  6.2622806E-07
       642  3.0427304E-03  6.3804325E-07
       643  3.0579822E-03  6.5008209E-07
       644  3.0733104E-03  6.6234882E-07
       645  3.0887154E-03  6.7484777E-07
       646  3.1041977E-03  6.8758334E-07
       647  3.1197575E-03  7.0056002E-07
       648  3.1353954E-03  7.1378239E-07
       649  3.1511116E-03  7.2725509E-07
       650  3.1669066E-03  7.4098289E-07
       651  3.1827808E-03  7.5497061E-07
       652  3.1987346E-03  7.6922319E-07
       653  3.2147683E-03  7.8374566E-07
       654  3.2308824E-03  7.9854313E-07
       655  3.2470772E-03  8.1362082E-07
       656  3.2633533E-03  8.2898405E-07
       657  3.2797109E-03  8.4463822E-07
       658  3.2961505E-03  8.6058887E-07
       659  3.3126725E-03  8.7684160E-07
       660  3.3292774E-03  8.9340216E-07
       661  3.3459655E-03  9.1027638E-07
       662  3.3627372E-03  9.2747021E-07
       663  3.3795930E-03  9.4498971E-07
       664  3.3965332E-03  9.6284106E-07
       665  3.4135584E-03  9.8103055E-07
       666  3.4306690E-03  9.9956460E-07
       667  3.4478653E-03  1.0184497E-06
       668  3.4651478E-03  1.0376926E-06
       669  3.4825169E-03  1.0573001E-06
       670  3.4999731E-03  1.0772790E-06
       671  3.5175168E-03  1.0976363E-06
       672  3.5351484E-03  1.1183794E-06
       673  3.5528684E-03  1.1395154E-06
       674  3.5706772E-03  1.1610519E-06
       675  3.5885753E-03  1.1829964E-06
       676  3.6065631E-03  1.2053567E-06
       677  3.6246411E-03  1.2281406E-06
       678  3.6428097E-03  1.2513562E-06
       679  3.6610694E-03  1.2750117E-06
       680  3.6794205E-03  1.2991155E-06
       681  3.6978637E-03  1.3236759E-06
       682  3.7163993E-03  1.3487017E-06
       683  3.7350279E-03  1.3742017E-06
       684  3.7537498E-03  1.4001849E-06
       685  3.7725655E-03  1.4266605E-06
       686  3.7914756E-03  1.4536377E-06
       687  3.8104804E-03  1.4811261E-06
       688  3.8295805E-03  1.5091355E-06
       689  3.8487764E-03  1.5376756E-06
       690  3.8680685E-03  1.5667565E-06
       691  3.8874572E-03  1.5963885E-06
       692  3.9069432E-03  1.6265820E-06
       693  3.9265268E-03  1.6573477E-06
       694  3.9462086E-03  1.6886964E-06
       695  3.9659891E-03  1.7206392E-06
       696  3.9858687E-03  1.7531873E-06
       697  4.0058479E-03  1.7863521E-06
       698  4.0259273E-03  1.8201455E-06
       699  4.0461074E-03  1.8545793E-06
       700  4.0663886E-03  1.8896656E-06
       701  4.0867714E-03  1.9254168E-06
       702  4.1072565E-03  1.9618454E-06
       703  4.1278442E-03  1.9989644E-06
       704  4.1485351E-03  2.0367869E-06
       705  4.1693297E-03  2.0753260E-06
       706  4.1902285E-03  2.1145955E-06
       707  4.2112322E-03  2.1546091E-06
       708  4.2323410E-03  2.1953810E-06
       709  4.2535557E-03  2.2369255E-06
       710  4.2748768E-03  2.2792572E-06
       711  4.2963047E-03  2.3223911E-06
       712  4.3178400E-03  2.3663424E-06
       713  4.3394833E-03  2.4111264E-06
       714  4.3612350E-03  2.4567591E-06
       715  4.3830958E-03  2.5032564E-06
       716  4.4050662E-03  2.5506348E-06
       717  4.4271466E-03  2.5989109E-06
       718  4.4493378E-03  2.6481017E-06
       719  4.4716402E-03  2.6982246E-06
       720  4.4940544E-03  2.7492971E-06
       721  4.5165809E-03  2.8013373E-06
       722  4.5392204E-03  2.8543635E-06
       723  4.5619733E-03  2.9083943E-06
       724  4.5848403E-03  2.9634487E-06
       725  4.6078219E-03  3.0195462E-06
       726  4.6309187E-03  3.0767064E-06
       727  4.6541313E-03  3.1349496E-06
       728  4.6774602E-03  3.1942960E-06
       729  4.7009061E-03  3.2547667E-06
       730  4.7244695E-03  3.3163829E-06
       731  4.7481510E-03  3.3791663E-06
       732  4.7719512E-03  3.4431389E-06
       733  4.7958707E-03  3.5083233E-06
       734  4.8199101E-03  3.5747423E-06
       735  4.8440700E-03  3.6424193E-06
       736  4.8683510E-03  3.7113781E-06
       737  4.8927537E-03  3.7816430E-06
       738  4.9172788E-03  3.8532385E-06
       739  4.9419267E-03  3.9261900E-06
       740  4.9666982E-03  4.0005230E-06
       741  4.9915939E-03  4.0762636E-06
       742  5.0166144E-03  4.1534384E-06
       743  5.0417603E-03  4.2320746E-06
       744  5.0670322E-03  4.3121997E-06
       745  5.0924308E-03  4.3938419E-06
       746  5.1179567E-03  4.4770299E-06
       747  5.1436106E-03  4.5617928E-06
       748  5.1693930E-03  4.6481604E-06
       749  5.1953047E-03  4.7361630E-06
       750  5.2213463E-03  4.8258316E-06
       751  5.2475184E-03  4.9171975E-06
       752  5.2738217E-03  5.0102927E-06
       753  5.3002568E-03  5.1051501E-06
       754  5.3268245E-03  5.2018028E-06
       755  5.3535253E-03  5.3002847E-06
       756  5.3803600E-03  5.4006303E-06
       757  5.4073291E-03  5.5028749E-06
       758  5.4344335E-03  5.6070542E-06
       759  5.4616737E-03  5.7132048E-06
       760  5.4890504E-03  5.8213639E-06
       761  5.5165644E-03  5.9315693E-06
       762  5.5442163E-03  6.0438596E-06
       763  5.5720068E-03  6.1582743E-06
       764  5.5999366E-03  6.2748533E-06
       765  5.6280064E-03  6.3936374E-06
       766  5.6562169E-03  6.5146683E-06
       767  5.6845688E-03  6.6379883E-06
       768  5.7130628E-03  6.7636406E-06
       769  5.7416997E-03  6.8916690E-06
       770  5.7704801E-03  7.0221185E-06
       771  5.7994047E-03  7.1550346E-06
       772  5.8284744E-03  7.2904637E-06
       773  5.8576897E-03  7.4284533E-06
       774  5.8870515E-03  7.5690516E-06
       775  5.9165605E-03  7.7123077E-06
       776  5.9462174E-03  7.8582717E-06
       777  5.9760229E-03  8.0069945E-06
       778  6.0059778E-03  8.1585281E-06
       779  6.0360829E-03  8.3129254E-06
       780  6.0663389E-03  8.4702403E-06
       781  6.0967466E-03  8.6305278E-06
       782  6.1273066E-03  8.7938438E-06
       783  6.1580199E-03  8.9602451E-06
       784  6.1888871E-03  9.1297900E-06
       785  6.2199090E-03  9.3025376E-06
       786  6.2510864E-03  9.4785479E-06
       787  6.2824201E-03  9.6578826E-06
       788  6.3139109E-03  9.8406039E-06
       789  6.3455595E-03  1.0026776E-05
       790  6.3773668E-03  1.0216463E-05
       791  6.4093334E-03  1.0409731E-05
       792  6.4414604E-03  1.0606648E-05
       793  6.4737483E-03  1.0807282E-05
       794  6.5061981E-03  1.1011703E-05
       795  6.5388106E-03  1.1219982E-05
       796  6.5715865E-03  1.1432192E-05
       797  6.6045267E-03  1.1648407E-05
       798  6.6376320E-03  1.1868701E-05
       799  6.6709033E-03  1.2093151E-05
       800  6.7043413E-03  1.2321835E-05
       801  6.7379470E-03  1.2554833E-05
       802  6.7717211E-03  1.2792225E-05
       803  6.8056645E-03  1.3034095E-05
       804  6.8397780E-03  1.3280525E-05
       805  6.8740626E-03  1.3531602E-05
       806  6.9085189E-03  1.3787413E-05
       807  6.9431480E-03  1.4048046E-05
       808  6.9779507E-03  1.4313592E-05
       809  7.0129278E-03  1.4584142E-05
       810  7.0480803E-03  1.4859792E-05
       811  7.0834089E-03  1.5140635E-05
       812  7.1189147E-03  1.5426770E-05
       813  7.1545984E-03  1.5718296E-05
       814  7.1904609E-03  1.6015313E-05
       815  7.2265033E-03  1.6317924E-05
       816  7.2627263E-03  1.6626234E-05
       817  7.2991308E-03  1.6940350E-05
       818  7.3357179E-03  1.7260380E-05
       819  7.3724883E-03  1.7586435E-05
       820  7.4094431E-03  1.7918628E-05
       821  7.4465831E-03  1.8257073E-05
       822  7.4839092E-03  1.8601888E-05
       823  7.5214225E-03  1.8953191E-05
       824  7.5591238E-03  1.9311103E-05
       825  7.5970140E-03  1.9675749E-05
       826  7.6350942E-03  2.0047253E-05
       827  7.6733653E-03  2.0425745E-05
       828  7.7118282E-03  2.0811354E-05
       829  7.7504839E-03  2.1204213E-05
       830  7.7893334E-03  2.1604458E-05
       831  7.8283775E-03  2.2012227E-05
       832  7.8676175E-03  2.2427660E-05
       833  7.9070541E-03  2.2850900E-05
       834  7.9466883E-03  2.3282092E-05
       835  7.9865213E-03  2.3721386E-05
       836  8.0265539E-03  2.4168931E-05
       837  8.0667871E-03  2.4624882E-05
       838  8.1072221E-03  2.5089395E-05
       839  8.1478597E-03  2.5562630E-05
       840  8.1887010E-03  2.6044750E-05
       841  8.2297470E-03  2.6535919E-05
       842  8.2709988E-03  2.7036307E-05
       843  8.3124574E-03  2.7546084E-05
       844  8.3541237E-03  2.8065427E-05
       845  8.3959990E-03  2.8594512E-05
       846  8.4380841E-03  2.9133521E-05
       847  8.4803802E-03  2.9682638E-05
       848  8.5228882E-03  3.0242052E-05
       849  8.5656094E-03  3.0811954E-05
       850  8.6085447E-03  3.1392538E-05
       851  8.6516952E-03  3.1984004E-05
       852  8.6950620E-03  3.2586553E-05
       853  8.7386462E-03  3.3200392E-05
       854  8.7824488E-03  3.3825729E-05
       855  8.8264710E-03  3.4462778E-05
       856  8.8707139E-03  3.5111758E-05
       857  8.9151785E-03  3.5772888E-05
       858  8.9598661E-03  3.6446394E-05
       859  9.0047776E-03  3.7132507E-05
       860  9.0499142E-03  3.7831459E-05
       861  9.0952771E-03  3.8543488E-05
       862  9.1408674E-03  3.9268837E-05
       863  9.1866862E-03  4.0007754E-05
       864  9.2327346E-03  4.0760487E-05
       865  9.2790139E-03  4.1527295E-05
       866  9.3255251E-03  4.2308437E-05
       867  9.3722695E-03  4.3104179E-05
       868  9.4192482E-03  4.3914790E-05
       869  9.4664624E-03  4.4740545E-05
       870  9.5139132E-03  4.5581726E-05
       871  9.5616019E-03  4.6438616E-05
       872  9.6095297E-03  4.7311506E-05
       873  9.6576976E-03  4.8200692E-05
       874  9.7061070E-03  4.9106475E-05
       875  9.7547591E-03  5.0029160E-05
       876  9.8036550E-03  5.0969061E-05
       877  9.8527961E-03  5.1926495E-05
       878  9.9021834E-03  5.2901785E-05
       879  9.9518183E-03  5.3895261E-05
       880  1.0001702E-02  5.4907258E-05
       881  1.0051836E-02  5.5938117E-05
       882  1.0102221E-02  5.6988186E-05
       883  1.0152858E-02  5.8057819E-05
       884  1.0203750E-02  5.9147376E-05
       885  1.0254896E-02  6.0257224E-05
       886  1.0306299E-02  6.1387736E-05
       887  1.0357960E-02  6.2539293E-05
       888  1.0409879E-02  6.3712281E-05
       889  1.0462059E-02  6.4907095E-05
       890  1.0514500E-02  6.6124136E-05
       891  1.0567204E-02  6.7363813E-05
       892  1.0620173E-02  6.8626540E-05
       893  1.0673407E-02  6.9912742E-05
       894  1.0726907E-02  7.1222850E-05
       895  1.0780676E-02  7.2557302E-05
       896  1.0834714E-02  7.3916545E-05
       897  1.0889024E-02  7.5301033E-05
       898  1.0943605E-02  7.6711229E-05
       899  1.0998460E-02  7.8147606E-05
       900  1.1053590E-02  7.9610641E-05
       901  1.1108997E-02  8.1100824E-05
       902  1.1164681E-02  8.2618652E-05
       903  1.1220644E-02  8.4164630E-05
       904  1.1276888E-02  8.5739274E-05
       905  1.1333413E-02  8.7343108E-05
       906  1.1390222E-02  8.8976666E-05
       907  1.1447316E-02  9.0640491E-05
       908  1.1504696E-02  9.2335137E-05
       909  1.1562363E-02  9.4061165E-05
       910  1.1620320E-02  9.5819149E-05
       911  1.1678567E-02  9.7609673E-05
       912  1.1737106E-02  9.9433330E-05
       913  1.1795939E-02  1.0129072E-04
       914  1.1855066E-02  1.0318247E-04
       915  1.1914490E-02  1.0510920E-04
       916  1.1974211E-02  1.0707154E-04
       917  1.2034232E-02  1.0907014E-04
       918  1.2094554E-02  1.1110567E-04
       919  1.2155178E-02  1.1317880E-04
       920  1.2216106E-02  1.1529021E-04
       921  1.2277340E-02  1.1744060E-04
       922  1.2338880E-02  1.1963067E-04
       923  1.2400729E-02  1.2186114E-04
       924  1.2462888E-02  1.2413276E-04
       925  1.2525359E-02  1.2644626E-04
       926  1.2588142E-02  1.2880242E-04
       927  1.2651241E-02  1.3120199E-04
       928  1.2714655E-02  1.3364577E-04
       929  1.2778388E-02  1.3613456E-04
       930  1.2842440E-02  1.3866918E-04
       931  1.2906813E-02  1.4125046E-04
       932  1.2971508E-02  1.4387923E-04
       933  1.3036528E-02  1.4655636E-04
       934  1.3101874E-02  1.4928273E-04
       935  1.3167547E-02  1.5205923E-04
       936  1.3233550E-02  1.5488675E-04
       937  1.3299884E-02  1.5776623E-04
       938  1.3366549E-02  1.6069860E-04
       939  1.3433550E-02  1.6368482E-04
       940  1.3500886E-02  1.6672585E-04
       941  1.3568559E-02  1.6982269E-04
       942  1.3636572E-02  1.7297634E-04
       943  1.3704925E-02  1.7618783E-04
       944  1.3773622E-02  1.7945820E-04
       945  1.3842662E-02  1.8278851E-04
       946  1.3912049E-02  1.8617983E-04
       947  1.3981783E-02  1.8963327E-04
       948  1.4051867E-02  1.9314994E-04
       949  1.4122302E-02  1.9673098E-04
       950  1.4193091E-02  2.0037754E-04
       951  1.4264234E-02  2.0409081E-04
       952  1.4335734E-02  2.0787197E-04
       953  1.4407592E-02  2.1172225E-04
       954  1.4479810E-02  2.1564288E-04
       955  1.4552391E-02  2.1963513E-04
       956  1.4625335E-02  2.2370028E-04
       957  1.4698645E-02  2.2783963E-04
       958  1.4772322E-02  2.3205452E-04
       959  1.4846368E-02  2.3634628E-04
       960  1.4920786E-02  2.4071631E-04
       961  1.4995577E-02  2.4516599E-04
       962  1.5070742E-02  2.4969676E-04
       963  1.5146285E-02  2.5431005E-04
       964  1.5222206E-02  2.5900734E-04
       965  1.5298508E-02  2.6379012E-04
       966  1.5375192E-02  2.6865993E-04
       967  1.5452260E-02  2.7361831E-04
       968  1.5529715E-02  2.7866684E-04
       969  1.5607558E-02  2.8380713E-04
       970  1.5685791E-02  2.8904080E-04
       971  1.5764416E-02  2.9436952E-04
       972  1.5843436E-02  2.9979497E-04
       973  1.5922852E-02  3.0531887E-04
       974  1.6002665E-02  3.1094298E-04
       975  1.6082879E-02  3.1666907E-04
       976  1.6163495E-02  3.2249895E-04
       977  1.6244514E-02  3.2843445E-04
       978  1.6325940E-02  3.3447745E-04
       979  1.6407775E-02  3.4062986E-04
       980  1.6490019E-02  3.4689360E-04
       981  1.6572675E-02  3.5327064E-04
       982  1.6655746E-02  3.5976300E-04
       983  1.6739234E-02  3.6637270E-04
       984  1.6823139E-02  3.7310183E-04
       985  1.6907466E-02  3.7995247E-04
       986  1.6992215E-02  3.8692679E-04
       987  1.7077389E-02  3.9402695E-04
       988  1.7162989E-02  4.0125518E-04
       989  1.7249019E-02  4.0861372E-04
       990  1.7335480E-02  4.1610488E-04
       991  1.7422375E-02  4.2373099E-04
       992  1.7509705E-02  4.3149441E-04
       993  1.7597472E-02  4.3939755E-04
       994  1.7685680E-02  4.4744288E-04
       995  1.7774330E-02  4.5563288E-04
       996  1.7863424E-02  4.6397009E-04
       997  1.7952965E-02  4.7245710E-04
       998  1.8042955E-02  4.8109651E-04
       999  1.8133395E-02  4.8989101E-04
      1000  1.8224289E-02  4.9884330E-04
      1001  1.8315639E-02  5.0795614E-04
      1002  1.8407446E-02  5.1723233E-04
      1003  1.8499714E-02  5.2667473E-04
      1004  1.8592444E-02  5.3628624E-04
      1005  1.8685639E-02  5.4606981E-04
      1006  1.8779301E-02  5.5602842E-04
      1007  1.8873433E-02  5.6616514E-04
      1008  1.8968037E-02  5.7648305E-04
      1009  1.9063114E-02  5.8698532E-04
      1010  1.9158669E-02  5.9767514E-04
      1011  1.9254702E-02  6.0855577E-04
      1012  1.9351216E-02  6.1963052E-04
      1013  1.9448215E-02  6.3090276E-04
      1014  1.9545699E-02  6.4237592E-04
      1015  1.9643673E-02  6.5405347E-04
      1016  1.9742137E-02  6.6593895E-04
      1017  1.9841095E-02  6.7803596E-04
      1018  1.9940549E-02  6.9034815E-04
      1019  2.0040501E-02  7.0287924E-04
      1020  2.0140954E-02  7.1563300E-04
      1021  2.0241911E-02  7.2861329E-04
      1022  2.0343374E-02  7.4182400E-04
      1023  2.0445346E-02  7.5526911E-04
      1024  2.0547829E-02  7.6895264E-04
      1025  2.0650825E-02  7.8287870E-04
      1026  2.0754338E-02  7.9705146E-04
      1027  2.0858369E-02  8.1147516E-04
      1028  2.0962922E-02  8.2615409E-04
      1029  2.1068000E-02  8.4109265E-04
      1030  2.1173603E-02  8.5629527E-04
      1031  2.1279736E-02  8.7176648E-04
      1032  2.1386402E-02  8.8751088E-04
      1033  2.1493601E-02  9.0353314E-04
      1034  2.1601338E-02  9.1983800E-04
      1035  2.1709616E-02  9.3643030E-04
      1036  2.1818436E-02  9.5331493E-04
      1037  2.1927801E-02  9.7049688E-04
      1038  2.2037714E-02  9.8798121E-04
      1039  2.2148179E-02  1.0057731E-03
      1040  2.2259197E-02  1.0238777E-03
      1041  2.2370772E-02  1.0423004E-03
      1042  2.2482906E-02  1.0610466E-03
      1043  2.2595602E-02  1.0801217E-03
      1044  2.2708863E-02  1.0995314E-03
      1045  2.2822691E-02  1.1192813E-03
      1046  2.2937091E-02  1.1393772E-03
      1047  2.3052063E-02  1.1598249E-03
      1048  2.3167612E-02  1.1806304E-03
      1049  2.3283740E-02  1.2017996E-03
      1050  2.3400451E-02  1.2233389E-03
      1051  2.3517746E-02  1.2452543E-03
      1052  2.3635629E-02  1.2675522E-03
      1053  2.3754103E-02  1.2902391E-03
      1054  2.3873171E-02  1.3133215E-03
      1055  2.3992836E-02  1.3368060E-03
      1056  2.4113100E-02  1.3606994E-03
      1057  2.4233968E-02  1.3850086E-03
      1058  2.4355441E-02  1.4097405E-03
      1059  2.4477523E-02  1.4349022E-03
      1060  2.4600217E-02  1.4605009E-03
      1061  2.4723526E-02  1.4865439E-03
      1062  2.4847454E-02  1.5130385E-03
      1063  2.4972002E-02  1.5399925E-03
      1064  2.5097175E-02  1.5674133E-03
      1065  2.5222975E-02  1.5953088E-03
      1066  2.5349406E-02  1.6236869E-03
      1067  2.5476470E-02  1.6525556E-03
      1068  2.5604171E-02  1.6819230E-03
      1069  2.5732513E-02  1.7117974E-03
      1070  2.5861497E-02  1.7421873E-03
      1071  2.5991129E-02  1.7731011E-03
      1072  2.6121410E-02  1.8045476E-03
      1073  2.6252344E-02  1.8365355E-03
      1074  2.6383934E-02  1.8690738E-03
      1075  2.6516184E-02  1.9021716E-03
      1076  2.6649097E-02  1.9358380E-03
      1077  2.6782676E-02  1.9700824E-03
      1078  2.6916925E-02  2.0049145E-03
      1079  2.7051847E-02  2.0403437E-03
      1080  2.7187445E-02  2.0763800E-03
      1081  2.7323722E-02  2.1130332E-03
      1082  2.7460683E-02  2.1503135E-03
      1083  2.7598330E-02  2.1882312E-03
      1084  2.7736668E-02  2.2267966E-03
      1085  2.7875698E-02  2.2660204E-03
      1086  2.8015426E-02  2.3059133E-03
      1087  2.8155854E-02  2.3464862E-03
      1088  2.8296985E-02  2.3877501E-03
      1089  2.8438825E-02  2.4297164E-03
      1090  2.8581375E-02  2.4723964E-03
      1091  2.8724640E-02  2.5158018E-03
      1092  2.8868623E-02  2.5599442E-03
      1093  2.9013327E-02  2.6048357E-03
      1094  2.9158757E-02  2.6504883E-03
      1095  2.9304916E-02  2.6969143E-03
      1096  2.9451807E-02  2.7441263E-03
      1097  2.9599435E-02  2.7921369E-03
      1098  2.9747803E-02  2.8409590E-03
      1099  2.9896914E-02  2.8906056E-03
      1100  3.0046773E-02  2.9410900E-03
      1101  3.0197383E-02  2.9924257E-03
      1102  3.0348748E-02  3.0446262E-03
      1103  3.0500872E-02  3.0977056E-03
      1104  3.0653758E-02  3.1516777E-03
      1105  3.0807411E-02  3.2065569E-03
      1106  3.0961834E-02  3.2623577E-03
      1107  3.1117031E-02  3.3190948E-03
      1108  3.1273005E-02  3.3767831E-03
      1109  3.1429762E-02  3.4354376E-03
      1110  3.1587304E-02  3.4950739E-03
      1111  3.1745636E-02  3.5557074E-03
      1112  3.1904762E-02  3.6173539E-03
      1113  3.2064685E-02  3.6800296E-03
      1114  3.2225410E-02  3.7437506E-03
      1115  3.2386941E-02  3.8085335E-03
      1116  3.2549281E-02  3.8743950E-03
      1117  3.2712435E-02  3.9413522E-03
      1118  3.2876407E-02  4.0094222E-03
      1119  3.3041200E-02  4.0786226E-03
      1120  3.3206820E-02  4.1489711E-03
      1121  3.3373270E-02  4.2204856E-03
      1122  3.3540554E-02  4.2931846E-03
      1123  3.3708677E-02  4.3670864E-03
      1124  3.3877642E-02  4.4422098E-03
      1125  3.4047455E-02  4.5185740E-03
      1126  3.4218118E-02  4.5961981E-03
      1127  3.4389637E-02  4.6751019E-03
      1128  3.4562016E-02  4.7553052E-03
      1129  3.4735259E-02  4.8368282E-03
      1130  3.4909370E-02  4.9196912E-03
      1131  3.5084354E-02  5.0039151E-03
      1132  3.5260215E-02  5.0895208E-03
      1133  3.5436958E-02  5.1765298E-03
      1134  3.5614586E-02  5.2649635E-03
      1135  3.5793105E-02  5.3548439E-03
      1136  3.5972519E-02  5.4461932E-03
      1137  3.6152832E-02  5.5390341E-03
      1138  3.6334049E-02  5.6333892E-03
      1139  3.6516174E-02  5.7292819E-03
      1140  3.6699212E-02  5.8267355E-03
      1141  3.6883167E-02  5.9257739E-03
      1142  3.7068045E-02  6.0264213E-03
      1143  3.7253849E-02  6.1287020E-03
      1144  3.7440585E-02  6.2326410E-03
      1145  3.7628257E-02  6.3382633E-03
      1146  3.7816869E-02  6.4455945E-03
      1147  3.8006427E-02  6.5546604E-03
      1148  3.8196935E-02  6.6654871E-03
      1149  3.8388398E-02  6.7781013E-03
      1150  3.8580821E-02  6.8925298E-03
      1151  3.8774208E-02  7.0087999E-03
      1152  3.8968564E-02  7.1269392E-03
      1153  3.9163895E-02  7.2469757E-03
      1154  3.9360205E-02  7.3689378E-03
      1155  3.9557499E-02  7.4928543E-03
      1156  3.9755782E-02  7.6187543E-03
      1157  3.9955058E-02  7.7466673E-03
      1158  4.0155334E-02  7.8766233E-03
      1159  4.0356613E-02  8.0086526E-03
      1160  4.0558902E-02  8.1427859E-03
      1161  4.0762204E-02  8.2790542E-03
      1162  4.0966525E-02  8.4174892E-03
      1163  4.1171871E-02  8.5581228E-03
      1164  4.1378246E-02  8.7009873E-03
      1165  4.1585655E-02  8.8461155E-03
      1166  4.1794104E-02  8.9935406E-03
      1167  4.2003598E-02  9.1432963E-03
      1168  4.2214142E-02  9.2954166E-03
      1169  4.2425741E-02  9.4499360E-03
      1170  4.2638401E-02  9.6068895E-03
      1171  4.2852127E-02  9.7663125E-03
      1172  4.3066924E-02  9.9282407E-03
      1173  4.3282798E-02  1.0092711E-02
      1174  4.3499754E-02  1.0259759E-02
      1175  4.3717797E-02  1.0429423E-02
      1176  4.3936934E-02  1.0601740E-02
      1177  4.4157168E-02  1.0776749E-02
      1178  4.4378507E-02  1.0954488E-02
      1179  4.4600955E-02  1.1134996E-02
      1180  4.4824519E-02  1.1318313E-02
      1181  4.5049202E-02  1.1504479E-02
      1182  4.5275012E-02  1.1693534E-02
      1183  4.5501954E-02  1.1885521E-02
      1184  4.5730034E-02  1.2080479E-02
      1185  4.5959257E-02  1.2278453E-02
      1186  4.6189628E-02  1.2479483E-02
      1187  4.6421155E-02  1.2683613E-02
      1188  4.6653842E-02  1.2890888E-02
      1189  4.6887695E-02  1.3101351E-02
      1190  4.7122721E-02  1.3315046E-02
      1191  4.7358924E-02  1.3532020E-02
      1192  4.7596312E-02  1.3752318E-02
      1193  4.7834889E-02  1.3975986E-02
      1194  4.8074663E-02  1.4203071E-02
      1195  4.8315638E-02  1.4433622E-02
      1196  4.8557821E-02  1.4667685E-02
      1197  4.8801218E-02  1.4905309E-02
      1198  4.9045835E-02  1.5146544E-02
      1199  4.9291679E-02  1.5391440E-02
      1200  4.9538754E-02  1.5640046E-02
      1201  4.9787068E-02  1.5892414E-02
      1202  5.0036627E-02  1.6148594E-02
      1203  5.0287437E-02  1.6408640E-02
      1204  5.0539504E-02  1.6672604E-02
      1205  5.0792834E-02  1.6940539E-02
      1206  5.1047434E-02  1.7212499E-02
      1207  5.1303310E-02  1.7488538E-02
      1208  5.1560469E-02  1.7768712E-02
      1209  5.1818917E-02  1.8053076E-02
      1210  5.2078661E-02  1.8341687E-02
      1211  5.2339706E-02  1.8634601E-02
      1212  5.2602060E-02  1.8931877E-02
      1213  5.2865729E-02  1.9233572E-02
      1214  5.3130719E-02  1.9539745E-02
      1215  5.3397038E-02  1.9850457E-02
      1216  5.3664692E-02  2.0165766E-02
      1217  5.3933687E-02  2.0485735E-02
      1218  5.4204031E-02  2.0810423E-02
      1219  5.4475730E-02  2.1139894E-02
      1220  5.4748791E-02  2.1474210E-02
      1221  5.5023220E-02  2.1813435E-02
      1222  5.5299025E-02  2.2157633E-02
      1223  5.5576213E-02  2.2506869E-02
      1224  5.5854790E-02  2.2861207E-02
      1225  5.6134763E-02  2.3220715E-02
      1226  5.6416140E-02  2.3585459E-02
      1227  5.6698927E-02  2.3955507E-02
      1228  5.6983131E-02  2.4330927E-02
      1229  5.7268760E-02  2.4711787E-02
      1230  5.7555821E-02  2.5098158E-02
      1231  5.7844321E-02  2.5490110E-02
      1232  5.8134267E-02  2.5887714E-02
      1233  5.8425666E-02  2.6291041E-02
      1234  5.8718526E-02  2.6700164E-02
      1235  5.9012854E-02  2.7115157E-02
      1236  5.9308657E-02  2.7536092E-02
      1237  5.9605943E-02  2.7963046E-02
      1238  5.9904719E-02  2.8396092E-02
      1239  6.0204992E-02  2.8835307E-02
      1240  6.0506771E-02  2.9280769E-02
      1241  6.0810063E-02  2.9732553E-02
      1242  6.1114874E-02  3.0190740E-02
      1243  6.1421214E-02  3.0655406E-02
      1244  6.1729089E-02  3.1126634E-02
      1245  6.2038507E-02  3.1604502E-02
      1246  6.2349477E-02  3.2089092E-02
      1247  6.2662005E-02  3.2580486E-02
      1248  6.2976099E-02  3.3078766E-02
      1249  6.3291768E-02  3.3584017E-02
      1250  6.3609020E-02  3.4096322E-02
      1251  6.3927861E-02  3.4615766E-02
      1252  6.4248301E-02  3.5142435E-02
      1253  6.4570347E-02  3.5676415E-02
      1254  6.4894007E-02  3.6217793E-02
      1255  6.5219290E-02  3.6766658E-02
      1256  6.5546203E-02  3.7323098E-02
      1257  6.5874754E-02  3.7887203E-02
      1258  6.6204953E-02  3.8459062E-02
      1259  6.6536807E-02  3.9038767E-02
      1260  6.6870324E-02  3.9626409E-02
      1261  6.7205513E-02  4.0222081E-02
      1262  6.7542382E-02  4.0825876E-02
      1263  6.7880939E-02  4.1437888E-02
      1264  6.8221194E-02  4.2058211E-02
      1265  6.8563154E-02  4.2686942E-02
      1266  6.8906828E-02  4.3324176E-02
      1267  6.9252225E-02  4.3970011E-02
      1268  6.9599354E-02  4.4624543E-02
      1269  6.9948222E-02  4.5287872E-02
      1270  7.0298839E-02  4.5960097E-02
      1271  7.0651213E-02  4.6641318E-02
      1272  7.1005354E-02  4.7331635E-02
      1273  7.1361270E-02  4.8031150E-02
      1274  7.1718969E-02  4.8739964E-02
      1275  7.2078462E-02  4.9458182E-02
      1276  7.2439757E-02  5.0185906E-02
      1277  7.2802863E-02  5.0923241E-02
      1278  7.3167789E-02  5.1670292E-02
      1279  7.3534544E-02  5.2427165E-02
      1280  7.3903137E-02  5.3193966E-02
      1281  7.4273578E-02  5.3970803E-02
      1282  7.4645876E-02  5.4757783E-02
      1283  7.5020040E-02  5.5555015E-02
      1284  7.5396080E-02  5.6362609E-02
      1285  7.5774004E-02  5.7180674E-02
      1286  7.6153823E-02  5.8009321E-02
      1287  7.6535545E-02  5.8848662E-02
      1288  7.6919181E-02  5.9698809E-02
      1289  7.7304740E-02  6.0559875E-02
      1290  7.7692232E-02  6.1431972E-02
      1291  7.8081666E-02  6.2315215E-02
      1292  7.8473052E-02  6.3209719E-02
      1293  7.8866400E-02  6.4115600E-02
      1294  7.9261719E-02  6.5032972E-02
      1295  7.9659020E-02  6.5961954E-02
      1296  8.0058313E-02  6.6902661E-02
      1297  8.0459607E-02  6.7855212E-02
      1298  8.0862912E-02  6.8819726E-02
      1299  8.1268239E-02  6.9796322E-02
      1300  8.1675598E-02  7.0785118E-02
      1301  8.2084999E-02  7.1786237E-02
      1302  8.2496451E-02  7.2799797E-02
      1303  8.2909967E-02  7.3825921E-02
      1304  8.3325555E-02  7.4864731E-02
      1305  8.3743226E-02  7.5916349E-02
      1306  8.4162990E-02  7.6980898E-02
      1307  8.4584859E-02  7.8058502E-02
      1308  8.5008842E-02  7.9149284E-02
      1309  8.5434951E-02  8.0253369E-02
      1310  8.5863195E-02  8.1370882E-02
      1311  8.6293586E-02  8.2501949E-02
      1312  8.6726135E-02  8.3646694E-02
      1313  8.7160851E-02  8.4805246E-02
      1314  8.7597747E-02  8.5977730E-02
      1315  8.8036833E-02  8.7164273E-02
      1316  8.8478119E-02  8.8365003E-02
      1317  8.8921617E-02  8.9580049E-02
      1318  8.9367339E-02  9.0809537E-02
      1319  8.9815295E-02  9.2053597E-02
      1320  9.0265496E-02  9.3312358E-02
      1321  9.0717953E-02  9.4585950E-02
      1322  9.1172679E-02  9.5874500E-02
      1323  9.1629684E-02  9.7178141E-02
      1324  9.2088980E-02  9.8497000E-02
      1325  9.2550578E-02  9.9831210E-02
      1326  9.3014489E-02  1.0118090E-01
      1327  9.3480726E-02  1.0254620E-01
      1328  9.3949300E-02  1.0392724E-01
      1329  9.4420223E-02  1.0532416E-01
      1330  9.4893507E-02  1.0673708E-01
      1331  9.5369162E-02  1.0816614E-01
      1332  9.5847202E-02  1.0961146E-01
      1333  9.6327638E-02  1.1107319E-01
      1334  9.6810483E-02  1.1255144E-01
      1335  9.7295747E-02  1.1404636E-01
      1336  9.7783444E-02  1.1555806E-01
      1337  9.8273586E-02  1.1708670E-01
      1338  9.8766184E-02  1.1863239E-01
      1339  9.9261252E-02  1.2019527E-01
      1340  9.9758801E-02  1.2177547E-01
      1341  1.0025884E-01  1.2337312E-01
      1342  1.0076139E-01  1.2498835E-01
      1343  1.0126646E-01  1.2662130E-01
      1344  1.0177406E-01  1.2827209E-01
      1345  1.0228421E-01  1.2994085E-01
      1346  1.0279691E-01  1.3162772E-01
      1347  1.0331218E-01  1.3333282E-01
      1348  1.0383003E-01  1.3505629E-01
      1349  1.0435048E-01  1.3679825E-01
      1350  1.0487354E-01  1.3855883E-01
      1351  1.0539922E-01  1.4033816E-01
      1352  1.0592754E-01  1.4213638E-01
      1353  1.0645850E-01  1.4395359E-01
      1354  1.0699213E-01  1.4578995E-01
      1355  1.0752843E-01  1.4764556E-01
      1356  1.0806742E-01  1.4952055E-01
      1357  1.0860911E-01  1.5141506E-01
      1358  1.0915351E-01  1.5332920E-01
      1359  1.0970065E-01  1.5526311E-01
      1360  1.1025053E-01  1.5721689E-01
      1361  1.1080316E-01  1.5919068E-01
      1362  1.1135856E-01  1.6118460E-01
      1363  1.1191675E-01  1.6319876E-01
      1364  1.1247773E-01  1.6523329E-01
      1365  1.1304153E-01  1.6728831E-01
      1366  1.1360815E-01  1.6936393E-01
      1367  1.1417762E-01  1.7146027E-01
      1368  1.1474993E-01  1.7357745E-01
      1369  1.1532512E-01  1.7571558E-01
      1370  1.1590319E-01  1.7787478E-01
      1371  1.1648416E-01  1.8005515E-01
      1372  1.1706804E-01  1.8225682E-01
      1373  1.1765484E-01  1.8447988E-01
      1374  1.1824459E-01  1.8672446E-01
      1375  1.1883729E-01  1.8899065E-01
      1376  1.1943297E-01  1.9127856E-01
      1377  1.2003163E-01  1.9358829E-01
      1378  1.2063329E-01  1.9591996E-01
      1379  1.2123797E-01  1.9827366E-01
      1380  1.2184567E-01  2.0064950E-01
      1381  1.2245643E-01  2.0304756E-01
      1382  1.2307024E-01  2.0546795E-01
      1383  1.2368714E-01  2.0791076E-01
      1384  1.2430712E-01  2.1037609E-01
      1385  1.2493021E-01  2.1286403E-01
      1386  1.2555643E-01  2.1537467E-01
      1387  1.2618578E-01  2.1790809E-01
      1388  1.2681829E-01  2.2046439E-01
      1389  1.2745397E-01  2.2304364E-01
      1390  1.2809284E-01  2.2564594E-01
      1391  1.2873490E-01  2.2827135E-01
      1392  1.2938019E-01  2.3091996E-01
      1393  1.3002871E-01  2.3359184E-01
      1394  1.3068048E-01  2.3628707E-01
      1395  1.3133552E-01  2.3900572E-01
      1396  1.3199384E-01  2.4174786E-01
      1397  1.3265547E-01  2.4451356E-01
      1398  1.3332040E-01  2.4730287E-01
      1399  1.3398867E-01  2.5011587E-01
      1400  1.3466030E-01  2.5295261E-01
      1401  1.3533528E-01  2.5581314E-01
      1402  1.3601365E-01  2.5869754E-01
      1403  1.3669543E-01  2.6160583E-01
      1404  1.3738061E-01  2.6453809E-01
      1405  1.3806924E-01  2.6749434E-01
      1406  1.3876131E-01  2.7047464E-01
      1407  1.3945686E-01  2.7347903E-01
      1408  1.4015589E-01  2.7650754E-01
      1409  1.4085842E-01  2.7956022E-01
      1410  1.4156448E-01  2.8263708E-01
      1411  1.4227407E-01  2.8573817E-01
      1412  1.4298722E-01  2.8886350E-01
      1413  1.4370395E-01  2.9201311E-01
      1414  1.4442427E-01  2.9518701E-01
      1415  1.4514820E-01  2.9838521E-01
      1416  1.4587576E-01  3.0160773E-01
      1417  1.4660696E-01  3.0485458E-01
      1418  1.4734183E-01  3.0812577E-01
      1419  1.4808039E-01  3.1142130E-01
      1420  1.4882264E-01  3.1474117E-01
      1421  1.4956862E-01  3.1808537E-01
      1422  1.5031834E-01  3.2145390E-01
      1423  1.5107181E-01  3.2484674E-01
      1424  1.5182906E-01  3.2826389E-01
      1425  1.5259011E-01  3.3170532E-01
      1426  1.5335497E-01  3.3517100E-01
      1427  1.5412366E-01  3.3866092E-01
      1428  1.5489621E-01  3.4217504E-01
      1429  1.5567263E-01  3.4571333E-01
      1430  1.5645294E-01  3.4927575E-01
      1431  1.5723717E-01  3.5286225E-01
      1432  1.5802532E-01  3.5647279E-01
      1433  1.5881743E-01  3.6010732E-01
      1434  1.5961350E-01  3.6376578E-01
      1435  1.6041357E-01  3.6744812E-01
      1436  1.6121764E-01  3.7115427E-01
      1437  1.6202575E-01  3.7488415E-01
      1438  1.6283791E-01  3.7863771E-01
      1439  1.6365414E-01  3.8241485E-01
      1440  1.6447446E-01  3.8621551E-01
      1441  1.6529889E-01  3.9003959E-01
      1442  1.6612745E-01  3.9388700E-01
      1443  1.6696017E-01  3.9775765E-01
      1444  1.6779706E-01  4.0165143E-01
      1445  1.6863815E-01  4.0556824E-01
      1446  1.6948345E-01  4.0950798E-01
      1447  1.7033299E-01  4.1347051E-01
      1448  1.7118679E-01  4.1745574E-01
      1449  1.7204486E-01  4.2146352E-01
      1450  1.7290724E-01  4.2549374E-01
      1451  1.7377394E-01  4.2954625E-01
      1452  1.7464499E-01  4.3362091E-01
      1453  1.7552040E-01  4.3771759E-01
      1454  1.7640020E-01  4.4183612E-01
      1455  1.7728441E-01  4.4597636E-01
      1456  1.7817305E-01  4.5013814E-01
      1457  1.7906615E-01  4.5432130E-01
      1458  1.7996372E-01  4.5852566E-01
      1459  1.8086579E-01  4.6275106E-01
      1460  1.8177239E-01  4.6699729E-01
      1461  1.8268352E-01  4.7126419E-01
      1462  1.8359923E-01  4.7555155E-01
      1463  1.8451952E-01  4.7985917E-01
      1464  1.8544443E-01  4.8418686E-01
      1465  1.8637398E-01  4.8853440E-01
      1466  1.8730818E-01  4.9290157E-01
      1467  1.8824707E-01  4.9728816E-01
      1468  1.8919066E-01  5.0169393E-01
      1469  1.9013898E-01  5.0611866E-01
      1470  1.9109206E-01  5.1056211E-01
      1471  1.9204991E-01  5.1502402E-01
      1472  1.9301256E-01  5.1950416E-01
      1473  1.9398004E-01  5.2400227E-01
      1474  1.9495237E-01  5.2851808E-01
      1475  1.9592957E-01  5.3305132E-01
      1476  1.9691168E-01  5.3760173E-01
      1477  1.9789870E-01  5.4216903E-01
      1478  1.9889067E-01  5.4675293E-01
      1479  1.9988761E-01  5.5135313E-01
      1480  2.0088955E-01  5.5596935E-01
      1481  2.0189652E-01  5.6060128E-01
      1482  2.0290853E-01  5.6524861E-01
      1483  2.0392561E-01  5.6991103E-01
      1484  2.0494779E-01  5.7458821E-01
      1485  2.0597510E-01  5.7927984E-01
      1486  2.0700755E-01  5.8398558E-01
      1487  2.0804518E-01  5.8870508E-01
      1488  2.0908801E-01  5.9343802E-01
      1489  2.1013607E-01  5.9818403E-01
      1490  2.1118938E-01  6.0294277E-01
      1491  2.1224797E-01  6.0771387E-01
      1492  2.1331187E-01  6.1249696E-01
      1493  2.1438110E-01  6.1729168E-01
      1494  2.1545569E-01  6.2209764E-01
      1495  2.1653567E-01  6.2691445E-01
      1496  2.1762106E-01  6.3174174E-01
      1497  2.1871189E-01  6.3657910E-01
      1498  2.1980818E-01  6.4142613E-01
      1499  2.2090998E-01  6.4628243E-01
      1500  2.2201729E-01  6.5114758E-01
      1501  2.2313016E-01  6.5602117E-01
      1502  2.2424860E-01  6.6090276E-01
      1503  2.2537266E-01  6.6579194E-01
      1504  2.2650234E-01  6.7068827E-01
      1505  2.2763769E-01  6.7559130E-01
      1506  2.2877873E-01  6.8050060E-01
      1507  2.2992549E-01  6.8541571E-01
      1508  2.3107799E-01  6.9033618E-01
      1509  2.3223627E-01  6.9526155E-01
      1510  2.3340036E-01  7.0019135E-01
      1511  2.3457029E-01  7.0512511E-01
      1512  2.3574608E-01  7.1006235E-01
      1513  2.3692776E-01  7.1500261E-01
      1514  2.3811536E-01  7.1994538E-01
      1515  2.3930892E-01  7.2489019E-01
      1516  2.4050846E-01  7.2983653E-01
      1517  2.4171402E-01  7.3478391E-01
      1518  2.4292561E-01  7.3973182E-01
      1519  2.4414328E-01  7.4467977E-01
      1520  2.4536706E-01  7.4962723E-01
      1521  2.4659696E-01  7.5457369E-01
      1522  2.4783304E-01  7.5951863E-01
      1523  2.4907530E-01  7.6446152E-01
      1524  2.5032380E-01  7.6940184E-01
      1525  2.5157855E-01  7.7433906E-01
      1526  2.5283960E-01  7.7927264E-01
      1527  2.5410696E-01  7.8420204E-01
      1528  2.5538068E-01  7.8912672E-01
      1529  2.5666078E-01  7.9404614E-01
      1530  2.5794729E-01  7.9895973E-01
      1531  2.5924026E-01  8.0386696E-01
      1532  2.6053971E-01  8.0876727E-01
      1533  2.6184567E-01  8.1366009E-01
      1534  2.6315818E-01  8.1854487E-01
      1535  2.6447726E-01  8.2342104E-01
      1536  2.6580296E-01  8.2828804E-01
      1537  2.6713530E-01  8.3314529E-01
      1538  2.6847432E-01  8.3799223E-01
      1539  2.6982006E-01  8.4282828E-01
      1540  2.7117254E-01  8.4765286E-01
      1541  2.7253179E-01  8.5246540E-01
      1542  2.7389786E-01  8.5726532E-01
      1543  2.7527078E-01  8.6205203E-01
      1544  2.7665058E-01  8.6682494E-01
      1545  2.7803730E-01  8.7158349E-01
      1546  2.7943097E-01  8.7632706E-01
      1547  2.8083162E-01  8.8105508E-01
      1548  2.8223930E-01  8.8576696E-01
      1549  2.8365403E-01  8.9046209E-01
      1550  2.8507585E-01  8.9513990E-01
      1551  2.8650480E-01  8.9979977E-01
      1552  2.8794091E-01  9.0444112E-01
      1553  2.8938422E-01  9.0906335E-01
      1554  2.9083476E-01  9.1366586E-01
      1555  2.9229258E-01  9.1824804E-01
      1556  2.9375770E-01  9.2280930E-01
      1557  2.9523017E-01  9.2734902E-01
      1558  2.9671001E-01  9.3186662E-01
      1559  2.9819728E-01  9.3636147E-01
      1560  2.9969200E-01  9.4083298E-01
      1561  3.0119421E-01  9.4528053E-01
      1562  3.0270395E-01  9.4970352E-01
      1563  3.0422126E-01  9.5410133E-01
      1564  3.0574618E-01  9.5847336E-01
      1565  3.0727874E-01  9.6281899E-01
      1566  3.0881898E-01  9.6713760E-01
      1567  3.1036694E-01  9.7142859E-01
      1568  3.1192266E-01  9.7569133E-01
      1569  3.1348618E-01  9.7992521E-01
      1570  3.1505754E-01  9.8412961E-01
      1571  3.1663677E-01  9.8830392E-01
      1572  3.1822392E-01  9.9244751E-01
      1573  3.1981902E-01  9.9655976E-01
      1574  3.2142212E-01  1.0006401E+00
      1575  3.2303326E-01  1.0046878E+00
      1576  3.2465247E-01  1.0087023E+00
      1577  3.2627979E-01  1.0126831E+00
      1578  3.2791528E-01  1.0166294E+00
      1579  3.2955896E-01  1.0205406E+00
      1580  3.3121088E-01  1.0244163E+00
      1581  3.3287108E-01  1.0282556E+00
      1582  3.3453961E-01  1.0320581E+00
      1583  3.3621649E-01  1.0358231E+00
      1584  3.3790179E-01  1.0395501E+00
      1585  3.3959553E-01  1.0432383E+00
      1586  3.4129776E-01  1.0468874E+00
      1587  3.4300852E-01  1.0504965E+00
      1588  3.4472785E-01  1.0540653E+00
      1589  3.4645581E-01  1.0575930E+00
      1590  3.4819243E-01  1.0610792E+00
      1591  3.4993775E-01  1.0645232E+00
      1592  3.5169182E-01  1.0679246E+00
      1593  3.5345468E-01  1.0712827E+00
      1594  3.5522638E-01  1.0745970E+00
      1595  3.5700696E-01  1.0778670E+00
      1596  3.5879647E-01  1.0810922E+00
      1597  3.6059494E-01  1.0842720E+00
      1598  3.6240243E-01  1.0874060E+00
      1599  3.6421898E-01  1.0904935E+00
      1600  3.6604463E-01  1.0935343E+00
      1601  3.6787944E-01  1.0965276E+00
      1602  3.6972344E-01  1.0994732E+00
      1603  3.7157669E-01  1.1023704E+00
      1604  3.7343923E-01  1.1052189E+00
      1605  3.7531110E-01  1.1080182E+00
      1606  3.7719235E-01  1.1107678E+00
      1607  3.7908304E-01  1.1134674E+00
      1608  3.8098320E-01  1.1161164E+00
      1609  3.8289289E-01  1.1187145E+00
      1610  3.8481214E-01  1.1212614E+00
      1611  3.8674102E-01  1.1237565E+00
      1612  3.8867957E-01  1.1261995E+00
      1613  3.9062784E-01  1.1285900E+00
      1614  3.9258587E-01  1.1309276E+00
      1615  3.9455371E-01  1.1332121E+00
      1616  3.9653142E-01  1.1354430E+00
      1617  3.9851904E-01  1.1376200E+00
      1618  4.0051663E-01  1.1397428E+00
      1619  4.0252422E-01  1.1418111E+00
      1620  4.0454189E-01  1.1438245E+00
      1621  4.0656966E-01  1.1457827E+00
      1622  4.0860760E-01  1.1476855E+00
      1623  4.1065575E-01  1.1495326E+00
      1624  4.1271417E-01  1.1513238E+00
      1625  4.1478291E-01  1.1530586E+00
      1626  4.1686202E-01  1.1547370E+00
      1627  4.1895155E-01  1.1563587E+00
      1628  4.2105155E-01  1.1579234E+00
      1629  4.2316208E-01  1.1594310E+00
      1630  4.2528319E-01  1.1608812E+00
      1631  4.2741493E-01  1.1622739E+00
      1632  4.2955736E-01  1.1636088E+00
      1633  4.3171052E-01  1.1648857E+00
      1634  4.3387448E-01  1.1661046E+00
      1635  4.3604929E-01  1.1672653E+00
      1636  4.3823499E-01  1.1683677E+00
      1637  4.4043165E-01  1.1694115E+00
      1638  4.4263933E-01  1.1703967E+00
      1639  4.4485807E-01  1.1713232E+00
      1640  4.4708793E-01  1.1721909E+00
      1641  4.4932896E-01  1.1729997E+00
      1642  4.5158123E-01  1.1737496E+00
      1643  4.5384480E-01  1.1744404E+00
      1644  4.5611970E-01  1.1750722E+00
      1645  4.5840601E-01  1.1756448E+00
      1646  4.6070378E-01  1.1761583E+00
      1647  4.6301307E-01  1.1766127E+00
      1648  4.6533393E-01  1.1770079E+00
      1649  4.6766643E-01  1.1773439E+00
      1650  4.7001061E-01  1.1776208E+00
      1651  4.7236655E-01  1.1778386E+00
      1652  4.7473430E-01  1.1779973E+00
      1653  4.7711392E-01  1.1780970E+00
      1654  4.7950546E-01  1.1781377E+00
      1655  4.8190899E-01  1.1781195E+00
      1656  4.8432457E-01  1.1780425E+00
      1657  4.8675226E-01  1.1779068E+00
      1658  4.8919211E-01  1.1777124E+00
      1659  4.9164420E-01  1.1774596E+00
      1660  4.9410857E-01  1.1771483E+00
      1661  4.9658530E-01  1.1767788E+00
      1662  4.9907445E-01  1.1763511E+00
      1663  5.0157607E-01  1.1758655E+00
      1664  5.0409023E-01  1.1753221E+00
      1665  5.0661699E-01  1.1747210E+00
      1666  5.0915642E-01  1.1740625E+00
      1667  5.1170858E-01  1.1733467E+00
      1668  5.1427353E-01  1.1725738E+00
      1669  5.1685133E-01  1.1717440E+00
      1670  5.1944206E-01  1.1708577E+00
      1671  5.2204578E-01  1.1699148E+00
      1672  5.2466254E-01  1.1689158E+00
      1673  5.2729242E-01  1.1678609E+00
      1674  5.2993549E-01  1.1667502E+00
      1675  5.3259180E-01  1.1655842E+00
      1676  5.3526143E-01  1.1643629E+00
      1677  5.3794444E-01  1.1630867E+00
      1678  5.4064090E-01  1.1617560E+00
      1679  5.4335087E-01  1.1603709E+00
      1680  5.4607443E-01  1.1589318E+00
      1681  5.4881164E-01  1.1574390E+00
      1682  5.5156257E-01  1.1558928E+00
      1683  5.5432728E-01  1.1542935E+00
      1684  5.5710586E-01  1.1526414E+00
      1685  5.5989837E-01  1.1509370E+00
      1686  5.6270487E-01  1.1491804E+00
      1687  5.6552544E-01  1.1473722E+00
      1688  5.6836015E-01  1.1455126E+00
      1689  5.7120906E-01  1.1436019E+00
      1690  5.7407226E-01  1.1416407E+00
      1691  5.7694981E-01  1.1396291E+00
      1692  5.7984178E-01  1.1375677E+00
      1693  5.8274825E-01  1.1354568E+00
      1694  5.8566929E-01  1.1332968E+00
      1695  5.8860497E-01  1.1310881E+00
      1696  5.9155536E-01  1.1288311E+00
      1697  5.9452055E-01  1.1265262E+00
      1698  5.9750059E-01  1.1241738E+00
      1699  6.0049558E-01  1.1217744E+00
      1700  6.0350558E-01  1.1193283E+00
      1701  6.0653066E-01  1.1168360E+00
      1702  6.0957091E-01  1.1142979E+00
      1703  6.1262639E-01  1.1117145E+00
      1704  6.1569720E-01  1.1090863E+00
      1705  6.1878339E-01  1.1064135E+00
      1706  6.2188506E-01  1.1036968E+00
      1707  6.2500227E-01  1.1009366E+00
      1708  6.2813511E-01  1.0981332E+00
      1709  6.3128365E-01  1.0952873E+00
      1710  6.3444797E-01  1.0923992E+00
      1711  6.3762815E-01  1.0894695E+00
      1712  6.4082428E-01  1.0864985E+00
      1713  6.4403642E-01  1.0834869E+00
      1714  6.4726467E-01  1.0804350E+00
      1715  6.5050909E-01  1.0773433E+00
      1716  6.5376979E-01  1.0742124E+00
      1717  6.5704682E-01  1.0710427E+00
      1718  6.6034028E-01  1.0678347E+00
      1719  6.6365025E-01  1.0645890E+00
      1720  6.6697681E-01  1.0613059E+00
      1721  6.7032005E-01  1.0579861E+00
      1722  6.7368004E-01  1.0546300E+00
      1723  6.7705687E-01  1.0512381E+00
      1724  6.8045064E-01  1.0478109E+00
      1725  6.8386141E-01  1.0443490E+00
      1726  6.8728928E-01  1.0408528E+00
      1727  6.9073433E-01  1.0373229E+00
      1728  6.9419665E-01  1.0337598E+00
      1729  6.9767633E-01  1.0301640E+00
      1730  7.0117344E-01  1.0265360E+00
      1731  7.0468809E-01  1.0228763E+00
      1732  7.0822035E-01  1.0191855E+00
      1733  7.1177032E-01  1.0154640E+00
      1734  7.1533809E-01  1.0117125E+00
      1735  7.1892373E-01  1.0079313E+00
      1736  7.2252735E-01  1.0041211E+00
      1737  7.2614904E-01  1.0002824E+00
      1738  7.2978887E-01  9.9641569E-01
      1739  7.3344696E-01  9.9252148E-01
      1740  7.3712337E-01  9.8860031E-01
      1741  7.4081822E-01  9.8465270E-01
      1742  7.4453159E-01  9.8067919E-01
      1743  7.4826357E-01  9.7668030E-01
      1744  7.5201425E-01  9.7265654E-01
      1745  7.5578374E-01  9.6860845E-01
      1746  7.5957212E-01  9.6453655E-01
      1747  7.6337949E-01  9.6044137E-01
      1748  7.6720595E-01  9.5632341E-01
      1749  7.7105159E-01  9.5218321E-01
      1750  7.7491650E-01  9.4802129E-01
      1751  7.7880078E-01  9.4383816E-01
      1752  7.8270454E-01  9.3963435E-01
      1753  7.8662786E-01  9.3541036E-01
      1754  7.9057085E-01  9.3116671E-01
      1755  7.9453360E-01  9.2690393E-01
      1756  7.9851622E-01  9.2262251E-01
      1757  8.0251880E-01  9.1832297E-01
      1758  8.0654144E-01  9.1400582E-01
      1759  8.1058425E-01  9.0967156E-01
      1760  8.1464732E-01  9.0532070E-01
      1761  8.1873075E-01  9.0095373E-01
      1762  8.2283466E-01  8.9657116E-01
      1763  8.2695913E-01  8.9217349E-01
      1764  8.3110428E-01  8.8776120E-01
      1765  8.3527021E-01  8.8333480E-01
      1766  8.3945702E-01  8.7889476E-01
      1767  8.4366482E-01  8.7444157E-01
      1768  8.4789370E-01  8.6997572E-01
      1769  8.5214379E-01  8.6549769E-01
      1770  8.5641518E-01  8.6100795E-01
      1771  8.6070798E-01  8.5650699E-01
      1772  8.6502229E-01  8.5199525E-01
      1773  8.6935824E-01  8.4747323E-01
      1774  8.7371591E-01  8.4294137E-01
      1775  8.7809543E-01  8.3840015E-01
      1776  8.8249690E-01  8.3385001E-01
      1777  8.8692044E-01  8.2929142E-01
      1778  8.9136614E-01  8.2472482E-01
      1779  8.9583414E-01  8.2015066E-01
      1780  9.0032452E-01  8.1556937E-01
      1781  9.0483742E-01  8.1098141E-01
      1782  9.0937293E-01  8.0638721E-01
      1783  9.1393119E-01  8.0178720E-01
      1784  9.1851228E-01  7.9718180E-01
      1785  9.2311635E-01  7.9257145E-01
      1786  9.2774349E-01  7.8795657E-01
      1787  9.3239382E-01  7.8333756E-01
      1788  9.3706746E-01  7.7871485E-01
      1789  9.4176453E-01  7.7408884E-01
      1790  9.4648515E-01  7.6945995E-01
      1791  9.5122942E-01  7.6482857E-01
      1792  9.5599748E-01  7.6019510E-01
      1793  9.6078944E-01  7.5555995E-01
      1794  9.6560542E-01  7.5092349E-01
      1795  9.7044553E-01  7.4628612E-01
      1796  9.7530991E-01  7.4164822E-01
      1797  9.8019867E-01  7.3701018E-01
      1798  9.8511194E-01  7.3237236E-01
      1799  9.9004983E-01  7.2773515E-01
      1800  9.9501248E-01  7.2309891E-01
      1801  1.0000000E+00  7.1846401E-01
      1802  1.0050125E+00  7.1383081E-01
      1803  1.0100502E+00  7.0919967E-01
      1804  1.0151131E+00  7.0457095E-01
      1805  1.0202013E+00  6.9994500E-01
      1806  1.0253151E+00  6.9532216E-01
      1807  1.0304545E+00  6.9070278E-01
      1808  1.0356197E+00  6.8608721E-01
      1809  1.0408108E+00  6.8147578E-01
      1810  1.0460279E+00  6.7686882E-01
      1811  1.0512711E+00  6.7226667E-01
      1812  1.0565406E+00  6.6766966E-01
      1813  1.0618365E+00  6.6307810E-01
      1814  1.0671590E+00  6.5849232E-01
      1815  1.0725082E+00  6.5391264E-01
      1816  1.0778842E+00  6.4933937E-01
      1817  1.0832871E+00  6.4477282E-01
      1818  1.0887171E+00  6.4021329E-01
      1819  1.0941743E+00  6.3566110E-01
      1820  1.0996589E+00  6.3111654E-01
      1821  1.1051709E+00  6.2657991E-01
      1822  1.1107106E+00  6.2205150E-01
      1823  1.1162781E+00  6.1753160E-01
      1824  1.1218734E+00  6.1302049E-01
      1825  1.1274969E+00  6.0851847E-01
      1826  1.1331485E+00  6.0402581E-01
      1827  1.1388284E+00  5.9954278E-01
      1828  1.1445368E+00  5.9506966E-01
      1829  1.1502738E+00  5.9060672E-01
      1830  1.1560396E+00  5.8615422E-01
      1831  1.1618342E+00  5.8171242E-01
      1832  1.1676580E+00  5.7728159E-01
      1833  1.1735109E+00  5.7286198E-01
      1834  1.1793931E+00  5.6845385E-01
      1835  1.1853049E+00  5.6405743E-01
      1836  1.1912462E+00  5.5967297E-01
      1837  1.1972174E+00  5.5530073E-01
      1838  1.2032184E+00  5.5094092E-01
      1839  1.2092496E+00  5.4659380E-01
      1840  1.2153110E+00  5.4225958E-01
      1841  1.2214028E+00  5.3793851E-01
      1842  1.2275251E+00  5.3363079E-01
      1843  1.2336781E+00  5.2933666E-01
      1844  1.2398619E+00  5.2505632E-01
      1845  1.2460767E+00  5.2079000E-01
      1846  1.2523227E+00  5.1653790E-01
      1847  1.2586000E+00  5.1230024E-01
      1848  1.2649088E+00  5.0807720E-01
      1849  1.2712492E+00  5.0386900E-01
      1850  1.2776213E+00  4.9967583E-01
      1851  1.2840254E+00  4.9549788E-01
      1852  1.2904616E+00  4.9133535E-01
      1853  1.2969301E+00  4.8718841E-01
      1854  1.3034310E+00  4.8305725E-01
      1855  1.3099645E+00  4.7894206E-01
      1856  1.3165307E+00  4.7484300E-01
      1857  1.3231298E+00  4.7076025E-01
      1858  1.3297620E+00  4.6669398E-01
      1859  1.3364275E+00  4.6264435E-01
      1860  1.3431264E+00  4.5861153E-01
      1861  1.3498588E+00  4.5459567E-01
      1862  1.3566250E+00  4.5059694E-01
      1863  1.3634251E+00  4.4661548E-01
      1864  1.3702593E+00  4.4265144E-01
      1865  1.3771278E+00  4.3870497E-01
      1866  1.3840306E+00  4.3477621E-01
      1867  1.3909681E+00  4.3086530E-01
      1868  1.3979404E+00  4.2697238E-01
      1869  1.4049476E+00  4.2309758E-01
      1870  1.4119899E+00  4.1924102E-01
      1871  1.4190675E+00  4.1540284E-01
      1872  1.4261807E+00  4.1158316E-01
      1873  1.4333294E+00  4.0778210E-01
      1874  1.4405140E+00  4.0399977E-01
      1875  1.4477346E+00  4.0023629E-01
      1876  1.4549914E+00  3.9649177E-01
      1877  1.4622846E+00  3.9276632E-01
      1878  1.4696143E+00  3.8906004E-01
      1879  1.4769808E+00  3.8537303E-01
      1880  1.4843842E+00  3.8170540E-01
      1881  1.4918247E+00  3.7805723E-01
      1882  1.4993025E+00  3.7442863E-01
      1883  1.5068178E+00  3.7081967E-01
      1884  1.5143707E+00  3.6723045E-01
      1885  1.5219616E+00  3.6366105E-01
      1886  1.5295904E+00  3.6011156E-01
      1887  1.5372575E+00  3.5658204E-01
      1888  1.5449631E+00  3.5307258E-01
      1889  1.5527072E+00  3.4958324E-01
      1890  1.5604902E+00  3.4611411E-01
      1891  1.5683122E+00  3.4266523E-01
      1892  1.5761734E+00  3.3923669E-01
      1893  1.5840740E+00  3.3582853E-01
      1894  1.5920142E+00  3.3244083E-01
      1895  1.5999942E+00  3.2907363E-01
      1896  1.6080142E+00  3.2572699E-01
      1897  1.6160744E+00  3.2240096E-01
      1898  1.6241750E+00  3.1909558E-01
      1899  1.6323162E+00  3.1581092E-01
      1900  1.6404982E+00  3.1254700E-01
      1901  1.6487213E+00  3.0930387E-01
      1902  1.6569855E+00  3.0608156E-01
      1903  1.6652912E+00  3.0288012E-01
      1904  1.6736385E+00  2.9969958E-01
      1905  1.6820276E+00  2.9653996E-01
      1906  1.6904588E+00  2.9340130E-01
      1907  1.6989323E+00  2.9028362E-01
      1908  1.7074482E+00  2.8718695E-01
      1909  1.7160069E+00  2.8411130E-01
      1910  1.7246084E+00  2.8105670E-01
      1911  1.7332530E+00  2.7802317E-01
      1912  1.7419410E+00  2.7501072E-01
      1913  1.7506725E+00  2.7201936E-01
      1914  1.7594478E+00  2.6904910E-01
      1915  1.7682671E+00  2.6609995E-01
      1916  1.7771305E+00  2.6317191E-01
      1917  1.7860384E+00  2.6026500E-01
      1918  1.7949910E+00  2.5737920E-01
      1919  1.8039884E+00  2.5451453E-01
      1920  1.8130309E+00  2.5167097E-01
      1921  1.8221188E+00  2.4884853E-01
      1922  1.8312522E+00  2.4604720E-01
      1923  1.8404314E+00  2.4326696E-01
      1924  1.8496566E+00  2.4050780E-01
      1925  1.8589280E+00  2.3776972E-01
      1926  1.8682460E+00  2.3505270E-01
      1927  1.8776106E+00  2.3235672E-01
      1928  1.8870221E+00  2.2968176E-01
      1929  1.8964809E+00  2.2702780E-01
      1930  1.9059870E+00  2.2439482E-01
      1931  1.9155408E+00  2.2178280E-01
      1932  1.9251425E+00  2.1919170E-01
      1933  1.9347923E+00  2.1662149E-01
      1934  1.9444905E+00  2.1407215E-01
      1935  1.9542373E+00  2.1154365E-01
      1936  1.9640330E+00  2.0903595E-01
      1937  1.9738777E+00  2.0654901E-01
      1938  1.9837718E+00  2.0408280E-01
      1939  1.9937155E+00  2.0163727E-01
      1940  2.0037091E+00  1.9921238E-01
      1941  2.0137527E+00  1.9680810E-01
      1942  2.0238467E+00  1.9442437E-01
      1943  2.0339913E+00  1.9206115E-01
      1944  2.0441867E+00  1.8971838E-01
      1945  2.0544332E+00  1.8739603E-01
      1946  2.0647311E+00  1.8509403E-01
      1947  2.0750806E+00  1.8281234E-01
      1948  2.0854820E+00  1.8055089E-01
      1949  2.0959355E+00  1.7830964E-01
      1950  2.1064414E+00  1.7608851E-01
      1951  2.1170000E+00  1.7388746E-01
      1952  2.1276115E+00  1.7170641E-01
      1953  2.1382762E+00  1.6954531E-01
      1954  2.1489944E+00  1.6740408E-01
      1955  2.1597663E+00  1.6528267E-01
      1956  2.1705921E+00  1.6318100E-01
      1957  2.1814723E+00  1.6109901E-01
      1958  2.1924069E+00  1.5903662E-01
      1959  2.2033964E+00  1.5699376E-01
      1960  2.2144410E+00  1.5497035E-01
      1961  2.2255409E+00  1.5296632E-01
      1962  2.2366965E+00  1.5098160E-01
      1963  2.2479080E+00  1.4901609E-01
      1964  2.2591757E+00  1.4706973E-01
      1965  2.2704998E+00  1.4514242E-01
      1966  2.2818808E+00  1.4323410E-01
      1967  2.2933187E+00  1.4134466E-01
      1968  2.3048140E+00  1.3947403E-01
      1969  2.3163670E+00  1.3762211E-01
      1970  2.3279778E+00  1.3578883E-01
      1971  2.3396469E+00  1.3397408E-01
      1972  2.3513744E+00  1.3217778E-01
      1973  2.3631607E+00  1.3039983E-01
      1974  2.3750061E+00  1.2864014E-01
      1975  2.3869109E+00  1.2689862E-01
      1976  2.3988753E+00  1.2517515E-01
      1977  2.4108997E+00  1.2346966E-01
      1978  2.4229844E+00  1.2178203E-01
      1979  2.4351297E+00  1.2011217E-01
      1980  2.4473358E+00  1.1845997E-01
      1981  2.4596031E+00  1.1682533E-01
      1982  2.4719319E+00  1.1520814E-01
      1983  2.4843225E+00  1.1360830E-01
      1984  2.4967753E+00  1.1202570E-01
      1985  2.5092904E+00  1.1046024E-01
      1986  2.5218683E+00  1.0891180E-01
      1987  2.5345092E+00  1.0738027E-01
      1988  2.5472135E+00  1.0586554E-01
      1989  2.5599814E+00  1.0436750E-01
      1990  2.5728134E+00  1.0288604E-01
      1991  2.5857097E+00  1.0142104E-01
      1992  2.5986706E+00  9.9972376E-02
      1993  2.6116965E+00  9.8539946E-02
      1994  2.6247877E+00  9.7123627E-02
      1995  2.6379445E+00  9.5723302E-02
      1996  2.6511672E+00  9.4338854E-02
      1997  2.6644562E+00  9.2970163E-02
      1998  2.6778119E+00  9.1617109E-02
      1999  2.6912345E+00  9.0279574E-02
      2000  2.7047243E+00  8.8957437E-02
      2001  2.7182818E+00  8.7650577E-02
      2002  2.7319073E+00  8.6358874E-02
      2003  2.7456010E+00  8.5082206E-02
      2004  2.7593634E+00  8.3820453E-02
      2005  2.7731948E+00  8.2573492E-02
      2006  2.7870955E+00  8.1341204E-02
      2007  2.8010658E+00  8.0123465E-02
      2008  2.8151062E+00  7.8920156E-02
      2009  2.8292170E+00  7.7731154E-02
      2010  2.8433985E+00  7.6556339E-02
      2011  2.8576511E+00  7.5395590E-02
      2012  2.8719752E+00  7.4248786E-02
      2013  2.8863710E+00  7.3115808E-02
      2014  2.9008390E+00  7.1996533E-02
      2015  2.9153795E+00  7.0890845E-02
      2016  2.9299929E+00  6.9798622E-02
      2017  2.9446796E+00  6.8719746E-02
      2018  2.9594398E+00  6.7654099E-02
      2019  2.9742741E+00  6.6601562E-02
      2020  2.9891827E+00  6.5562019E-02
      2021  3.0041660E+00  6.4535353E-02
      2022  3.0192245E+00  6.3521446E-02
      2023  3.0343584E+00  6.2520183E-02
      2024  3.0495682E+00  6.1531450E-02
      2025  3.0648542E+00  6.0555130E-02
      2026  3.0802168E+00  5.9591110E-02
      2027  3.0956565E+00  5.8639277E-02
      2028  3.1111735E+00  5.7699518E-02
      2029  3.1267684E+00  5.6771720E-02
      2030  3.1424414E+00  5.5855771E-02
      2031  3.1581929E+00  5.4951561E-02
      2032  3.1740234E+00  5.4058979E-02
      2033  3.1899333E+00  5.3177916E-02
      2034  3.2059229E+00  5.2308262E-02
      2035  3.2219926E+00  5.1449908E-02
      2036  3.2381429E+00  5.0602748E-02
      2037  3.2543742E+00  4.9766673E-02
      2038  3.2706868E+00  4.8941577E-02
      2039  3.2870812E+00  4.8127354E-02
      2040  3.3035578E+00  4.7323899E-02
      2041  3.3201169E+00  4.6531106E-02
      2042  3.3367591E+00  4.5748873E-02
      2043  3.3534847E+00  4.4977095E-02
      2044  3.3702941E+00  4.4215670E-02
      2045  3.3871877E+00  4.3464496E-02
      2046  3.4041661E+00  4.2723470E-02
      2047  3.4212295E+00  4.1992493E-02
      2048  3.4383785E+00  4.1271464E-02
      2049  3.4556135E+00  4.0560283E-02
      2050  3.4729348E+00  3.9858851E-02
      2051  3.4903430E+00  3.9167070E-02
      2052  3.5078384E+00  3.8484843E-02
      2053  3.5254215E+00  3.7812071E-02
      2054  3.5430927E+00  3.7148659E-02
      2055  3.5608526E+00  3.6494510E-02
      2056  3.5787014E+00  3.5849530E-02
      2057  3.5966397E+00  3.5213624E-02
      2058  3.6146680E+00  3.4586697E-02
      2059  3.6327866E+00  3.3968656E-02
      2060  3.6509960E+00  3.3359409E-02
      2061  3.6692967E+00  3.2758862E-02
      2062  3.6876891E+00  3.2166926E-02
      2063  3.7061737E+00  3.1583508E-02
      2064  3.7247510E+00  3.1008518E-02
      2065  3.7434214E+00  3.0441867E-02
      2066  3.7621854E+00  2.9883465E-02
      2067  3.7810434E+00  2.9333224E-02
      2068  3.7999959E+00  2.8791056E-02
      2069  3.8190435E+00  2.8256873E-02
      2070  3.8381865E+00  2.7730589E-02
      2071  3.8574255E+00  2.7212118E-02
      2072  3.8767610E+00  2.6701375E-02
      2073  3.8961933E+00  2.6198273E-02
      2074  3.9157231E+00  2.5702730E-02
      2075  3.9353507E+00  2.5214661E-02
      2076  3.9550767E+00  2.4733983E-02
      2077  3.9749016E+00  2.4260614E-02
      2078  3.9948259E+00  2.3794472E-02
      2079  4.0148501E+00  2.3335476E-02
      2080  4.0349746E+00  2.2883544E-02
      2081  4.0552000E+00  2.2438598E-02
      2082  4.0755267E+00  2.2000557E-02
      2083  4.0959554E+00  2.1569342E-02
      2084  4.1164865E+00  2.1144876E-02
      2085  4.1371204E+00  2.0727080E-02
      2086  4.1578578E+00  2.0315878E-02
      2087  4.1786992E+00  1.9911193E-02
      2088  4.1996450E+00  1.9512949E-02
      2089  4.2206958E+00  1.9121070E-02
      2090  4.2418521E+00  1.8735483E-02
      2091  4.2631145E+00  1.8356113E-02
      2092  4.2844835E+00  1.7982887E-02
      2093  4.3059595E+00  1.7615731E-02
      2094  4.3275432E+00  1.7254573E-02
      2095  4.3492351E+00  1.6899342E-02
      2096  4.3710358E+00  1.6549966E-02
      2097  4.3929457E+00  1.6206375E-02
      2098  4.4149654E+00  1.5868499E-02
      2099  4.4370955E+00  1.5536268E-02
      2100  4.4593366E+00  1.5209614E-02
      2101  4.4816891E+00  1.4888468E-02
      2102  4.5041536E+00  1.4572762E-02
      2103  4.5267308E+00  1.4262430E-02
      2104  4.5494211E+00  1.3957405E-02
      2105  4.5722252E+00  1.3657620E-02
      2106  4.5951436E+00  1.3363011E-02
      2107  4.6181768E+00  1.3073512E-02
      2108  4.6413255E+00  1.2789059E-02
      2109  4.6645903E+00  1.2509589E-02
      2110  4.6879716E+00  1.2235037E-02
      2111  4.7114702E+00  1.1965342E-02
      2112  4.7350865E+00  1.1700441E-02
      2113  4.7588212E+00  1.1440272E-02
      2114  4.7826749E+00  1.1184774E-02
      2115  4.8066482E+00  1.0933886E-02
      2116  4.8307416E+00  1.0687549E-02
      2117  4.8549558E+00  1.0445703E-02
      2118  4.8792914E+00  1.0208288E-02
      2119  4.9037489E+00  9.9752455E-03
      2120  4.9283291E+00  9.7465178E-03
      2121  4.9530324E+00  9.5220468E-03
      2122  4.9778596E+00  9.3017755E-03
      2123  5.0028112E+00  9.0856468E-03
      2124  5.0278879E+00  8.8736046E-03
      2125  5.0530903E+00  8.6655929E-03
      2126  5.0784190E+00  8.4615562E-03
      2127  5.1038747E+00  8.2614397E-03
      2128  5.1294580E+00  8.0651885E-03
      2129  5.1551695E+00  7.8727487E-03
      2130  5.1810099E+00  7.6840664E-03
      2131  5.2069798E+00  7.4990885E-03
      2132  5.2330799E+00  7.3177619E-03
      2133  5.2593108E+00  7.1400341E-03
      2134  5.2856732E+00  6.9658532E-03
      2135  5.3121678E+00  6.7951673E-03
      2136  5.3387951E+00  6.6279254E-03
      2137  5.3655560E+00  6.4640762E-03
      2138  5.3924509E+00  6.3035696E-03
      2139  5.4194807E+00  6.1463552E-03
      2140  5.4466460E+00  5.9923834E-03
      2141  5.4739474E+00  5.8416049E-03
      2142  5.5013857E+00  5.6939706E-03
      2143  5.5289615E+00  5.5494321E-03
      2144  5.5566755E+00  5.4079411E-03
      2145  5.5845285E+00  5.2694498E-03
      2146  5.6125210E+00  5.1339108E-03
      2147  5.6406539E+00  5.0012771E-03
      2148  5.6689278E+00  4.8715021E-03
      2149  5.6973434E+00  4.7445393E-03
      2150  5.7259015E+00  4.6203431E-03
      2151  5.7546027E+00  4.4988678E-03
      2152  5.7834477E+00  4.3800685E-03
      2153  5.8124374E+00  4.2639003E-03
      2154  5.8415724E+00  4.1503190E-03
      2155  5.8708534E+00  4.0392807E-03
      2156  5.9002811E+00  3.9307418E-03
      2157  5.9298564E+00  3.8246593E-03
      2158  5.9595799E+00  3.7209904E-03
      2159  5.9894525E+00  3.6196930E-03
      2160  6.0194747E+00  3.5207249E-03
      2161  6.0496475E+00  3.4240449E-03
      2162  6.0799714E+00  3.3296118E-03
      2163  6.1104474E+00  3.2373852E-03
      2164  6.1410762E+00  3.1473246E-03
      2165  6.1718584E+00  3.0593904E-03
      2166  6.2027950E+00  2.9735432E-03
      2167  6.2338867E+00  2.8897441E-03
      2168  6.2651341E+00  2.8079547E-03
      2169  6.2965383E+00  2.7281368E-03
      2170  6.3280998E+00  2.6502530E-03
      2171  6.3598195E+00  2.5742659E-03
      2172  6.3916983E+00  2.5001390E-03
      2173  6.4237368E+00  2.4278360E-03
      2174  6.4559359E+00  2.3573209E-03
      2175  6.4882964E+00  2.2885586E-03
      2176  6.5208191E+00  2.2215140E-03
      2177  6.5535049E+00  2.1561527E-03
      2178  6.5863544E+00  2.0924407E-03
      2179  6.6193687E+00  2.0303445E-03
      2180  6.6525484E+00  1.9698308E-03
      2181  6.6858944E+00  1.9108672E-03
      2182  6.7194076E+00  1.8534215E-03
      2183  6.7530888E+00  1.7974617E-03
      2184  6.7869388E+00  1.7429569E-03
      2185  6.8209585E+00  1.6898760E-03
      2186  6.8551487E+00  1.6381888E-03
      2187  6.8895102E+00  1.5878654E-03
      2188  6.9240441E+00  1.5388762E-03
      2189  6.9587510E+00  1.4911923E-03
      2190  6.9936319E+00  1.4447852E-03
      2191  7.0286876E+00  1.3996267E-03
      2192  7.0639190E+00  1.3556892E-03
      2193  7.0993271E+00  1.3129456E-03
      2194  7.1349126E+00  1.2713689E-03
      2195  7.1706765E+00  1.2309329E-03
      2196  7.2066197E+00  1.1916118E-03
      2197  7.2427430E+00  1.1533800E-03
      2198  7.2790474E+00  1.1162126E-03
      2199  7.3155338E+00  1.0800849E-03
      2200  7.3522030E+00  1.0449729E-03
      2201  7.3890561E+00  1.0108526E-03
      2202  7.4260939E+00  9.7770101E-04
      2203  7.4633173E+00  9.4549498E-04
      2204  7.5007274E+00  9.1421214E-04
      2205  7.5383249E+00  8.8383036E-04
      2206  7.5761109E+00  8.5432797E-04
      2207  7.6140864E+00  8.2568373E-04
      2208  7.6522521E+00  7.9787668E-04
      2209  7.6906092E+00  7.7088644E-04
      2210  7.7291585E+00  7.4469280E-04
      2211  7.7679011E+00  7.1927615E-04
      2212  7.8068379E+00  6.9461707E-04
      2213  7.8459698E+00  6.7069665E-04
      2214  7.8852979E+00  6.4749629E-04
      2215  7.9248231E+00  6.2499773E-04
      2216  7.9645465E+00  6.0318319E-04
      2217  8.0044689E+00  5.8203506E-04
      2218  8.0445915E+00  5.6153629E-04
      2219  8.0849152E+00  5.4166999E-04
      2220  8.1254410E+00  5.2241976E-04
      2221  8.1661699E+00  5.0376944E-04
      2222  8.2071030E+00  4.8570324E-04
      2223  8.2482413E+00  4.6820574E-04
      2224  8.2895858E+00  4.5126174E-04
      2225  8.3311375E+00  4.3485650E-04
      2226  8.3728975E+00  4.1897544E-04
      2227  8.4148668E+00  4.0360443E-04
      2228  8.4570465E+00  3.8872955E-04
      2229  8.4994376E+00  3.7433724E-04
      2230  8.5420412E+00  3.6041420E-04
      2231  8.5848584E+00  3.4694742E-04
      2232  8.6278902E+00  3.3392425E-04
      2233  8.6711377E+00  3.2133218E-04
      2234  8.7146019E+00  3.0915915E-04
      2235  8.7582840E+00  2.9739323E-04
      2236  8.8021851E+00  2.8602285E-04
      2237  8.8463063E+00  2.7503665E-04
      2238  8.8906486E+00  2.6442358E-04
      2239  8.9352131E+00  2.5417281E-04
      2240  8.9800011E+00  2.4427376E-04
      2241  9.0250135E+00  2.3471615E-04
      2242  9.0702516E+00  2.2548986E-04
      2243  9.1157164E+00  2.1658510E-04
      2244  9.1614091E+00  2.0799224E-04
      2245  9.2073309E+00  1.9970193E-04
      2246  9.2534828E+00  1.9170503E-04
      2247  9.2998661E+00  1.8399260E-04
      2248  9.3464819E+00  1.7655600E-04
      2249  9.3933313E+00  1.6938669E-04
      2250  9.4404156E+00  1.6247645E-04
      2251  9.4877358E+00  1.5581717E-04
      2252  9.5352933E+00  1.4940105E-04
      2253  9.5830892E+00  1.4322039E-04
      2254  9.6311246E+00  1.3726775E-04
      2255  9.6794008E+00  1.3153588E-04
      2256  9.7279190E+00  1.2601766E-04
      2257  9.7766804E+00  1.2070625E-04
      2258  9.8256862E+00  1.1559490E-04
      2259  9.8749377E+00  1.1067711E-04
      2260  9.9244360E+00  1.0594649E-04
      2261  9.9741825E+00  1.0139690E-04
      2262  1.0024178E+01  9.7022292E-05
      2263  1.0074425E+01  9.2816822E-05
      2264  1.0124923E+01  8.8774817E-05
      2265  1.0175674E+01  8.4890718E-05
      2266  1.0226680E+01  8.1159182E-05
      2267  1.0277942E+01  7.7574950E-05
      2268  1.0329460E+01  7.4132977E-05
      2269  1.0381237E+01  7.0828311E-05
      2270  1.0433273E+01  6.7656173E-05
      2271  1.0485570E+01  6.4611915E-05
      2272  1.0538129E+01  6.1691012E-05
      2273  1.0590951E+01  5.8889104E-05
      2274  1.0644039E+01  5.6201913E-05
      2275  1.0697392E+01  5.3625344E-05
      2276  1.0751013E+01  5.1155375E-05
      2277  1.0804903E+01  4.8788144E-05
      2278  1.0859063E+01  4.6519884E-05
      2279  1.0913494E+01  4.4346951E-05
      2280  1.0968198E+01  4.2265823E-05
      2281  1.1023176E+01  4.0273065E-05
      2282  1.1078430E+01  3.8365383E-05
      2283  1.1133961E+01  3.6539550E-05
      2284  1.1189770E+01  3.4792480E-05
      2285  1.1245859E+01  3.3121152E-05
      2286  1.1302229E+01  3.1522669E-05
      2287  1.1358882E+01  2.9994215E-05
      2288  1.1415819E+01  2.8533064E-05
      2289  1.1473041E+01  2.7136599E-05
      2290  1.1530550E+01  2.5802260E-05
      2291  1.1588347E+01  2.4527609E-05
      2292  1.1646434E+01  2.3310254E-05
      2293  1.1704812E+01  2.2147916E-05
      2294  1.1763482E+01  2.1038373E-05
      2295  1.1822447E+01  1.9979489E-05
      2296  1.1881707E+01  1.8969205E-05
      2297  1.1941264E+01  1.8005521E-05
      2298  1.2001120E+01  1.7086528E-05
      2299  1.2061276E+01  1.6210360E-05
      2300  1.2121734E+01  1.5375245E-05
      2301  1.2182494E+01  1.4579451E-05
      2302  1.2243559E+01  1.3821325E-05
      2303  1.2304930E+01  1.3099267E-05
      2304  1.2366609E+01  1.2411735E-05
      2305  1.2428597E+01  1.1757254E-05
      2306  1.2490895E+01  1.1134386E-05
      2307  1.2553506E+01  1.0541770E-05
      2308  1.2616431E+01  9.9780739E-06
      2309  1.2679671E+01  9.4420350E-06
      2310  1.2743228E+01  8.9324262E-06
      2311  1.2807104E+01  8.4480747E-06
      2312  1.2871300E+01  7.9878527E-06
      2313  1.2935817E+01  7.5506712E-06
      2314  1.3000658E+01  7.1354944E-06
      2315  1.3065824E+01  6.7413143E-06
      2316  1.3131317E+01  6.3671778E-06
      2317  1.3197138E+01  6.0121567E-06
      2318  1.3263289E+01  5.6753708E-06
      2319  1.3329772E+01  5.3559699E-06
      2320  1.3396587E+01  5.0531397E-06
      2321  1.3463738E+01  4.7661031E-06
      2322  1.3531225E+01  4.4941082E-06
      2323  1.3599051E+01  4.2364443E-06
      2324  1.3667216E+01  3.9924200E-06
      2325  1.3735724E+01  3.7613833E-06
      2326  1.3804574E+01  3.5427021E-06
      2327  1.3873770E+01  3.3357766E-06
      2328  1.3943312E+01  3.1400311E-06
      2329  1.4013204E+01  2.9549135E-06
      2330  1.4083445E+01  2.7799005E-06
      2331  1.4154039E+01  2.6144853E-06
      2332  1.4224986E+01  2.4581909E-06
      2333  1.4296289E+01  2.3105548E-06
      2334  1.4367950E+01  2.1711410E-06
      2335  1.4439969E+01  2.0395295E-06
      2336  1.4512350E+01  1.9153208E-06
      2337  1.4585093E+01  1.7981348E-06
      2338  1.4658201E+01  1.6876060E-06
      2339  1.4731676E+01  1.5833900E-06
      2340  1.4805519E+01  1.4851539E-06
      2341  1.4879732E+01  1.3925851E-06
      2342  1.4954317E+01  1.3053818E-06
