         1  1.2340980E-04 -2.1613547E-06
         2  1.2402840E-04 -2.1800483E-06
         3  1.2465009E-04 -2.1989043E-06
         4  1.2527490E-04 -2.2179241E-06
         5  1.2590285E-04 -2.2371092E-06
         6  1.2653394E-04 -2.2564610E-06
         7  1.2716819E-04 -2.2759810E-06
         8  1.2780563E-04 -2.2956707E-06
         9  1.2844625E-04 -2.3155315E-06
        10  1.2909009E-04 -2.3355650E-06
        11  1.2973716E-04 -2.3557725E-06
        12  1.3038747E-04 -2.3761558E-06
        13  1.3104104E-04 -2.3967163E-06
        14  1.3169789E-04 -2.4174555E-06
        15  1.3235802E-04 -2.4383751E-06
        16  1.3302147E-04 -2.4594765E-06
        17  1.3368824E-04 -2.4807615E-06
        18  1.3435836E-04 -2.5022316E-06
        19  1.3503183E-04 -2.5238884E-06
        20  1.3570868E-04 -2.5457336E-06
        21  1.3638893E-04 -2.5677687E-06
        22  1.3707258E-04 -2.5899956E-06
        23  1.3775966E-04 -2.6124158E-06
        24  1.3845018E-04 -2.6350310E-06
        25  1.3914417E-04 -2.6578430E-06
        26  1.3984163E-04 -2.6808535E-06
        27  1.4054259E-04 -2.7040643E-06
        28  1.4124706E-04 -2.7274770E-06
        29  1.4195506E-04 -2.7510934E-06
        30  1.4266662E-04 -2.7749154E-06
        31  1.4338174E-04 -2.7989447E-06
        32  1.4410044E-04 -2.8231832E-06
        33  1.4482275E-04 -2.8476326E-06
        34  1.4554867E-04 -2.8722949E-06
        35  1.4627824E-04 -2.8971719E-06
        36  1.4701146E-04 -2.9222655E-06
        37  1.4774836E-04 -2.9475776E-06
        38  1.4848895E-04 -2.9731101E-06
        39  1.4923326E-04 -2.9988649E-06
        40  1.4998129E-04 -3.0248440E-06
        41  1.5073308E-04 -3.0510494E-06
        42  1.5148863E-04 -3.0774830E-06
        43  1.5224797E-04 -3.1041468E-06
        44  1.5301111E-04 -3.1310429E-06
        45  1.5377809E-04 -3.1581734E-06
        46  1.5454890E-04 -3.1855401E-06
        47  1.5532358E-04 -3.2131454E-06
        48  1.5610214E-04 -3.2409911E-06
        49  1.5688461E-04 -3.2690795E-06
        50  1.5767100E-04 -3.2974127E-06
        51  1.5846133E-04 -3.3259928E-06
        52  1.5925562E-04 -3.3548220E-06
        53  1.6005389E-04 -3.3839025E-06
        54  1.6085616E-04 -3.4132365E-06
        55  1.6166246E-04 -3.4428262E-06
        56  1.6247279E-04 -3.4726738E-06
        57  1.6328719E-04 -3.5027817E-06
        58  1.6410567E-04 -3.5331521E-06
        59  1.6492825E-04 -3.5637874E-06
        60  1.6575496E-04 -3.5946898E-06
        61  1.6658581E-04 -3.6258617E-06
        62  1.6742083E-04 -3.6573054E-06
        63  1.6826003E-04 -3.6890235E-06
        64  1.6910343E-04 -3.7210182E-06
        65  1.6995107E-04 -3.7532920E-06
        66  1.7080295E-04 -3.7858474E-06
        67  1.7165910E-04 -3.8186869E-06
        68  1.7251955E-04 -3.8518129E-06
        69  1.7338431E-04 -3.8852279E-06
        70  1.7425340E-04 -3.9189346E-06
        71  1.7512685E-04 -3.9529354E-06
        72  1.7600468E-04 -3.9872330E-06
        73  1.7688690E-04 -4.0218300E-06
        74  1.7777355E-04 -4.0567289E-06
        75  1.7866465E-04 -4.0919326E-06
        76  1.7956021E-04 -4.1274436E-06
        77  1.8046025E-04 -4.1632647E-06
        78  1.8136482E-04 -4.1993985E-06
        79  1.8227391E-04 -4.2358479E-06
        80  1.8318756E-04 -4.2726157E-06
        81  1.8410579E-04 -4.3097046E-06
        82  1.8502863E-04 -4.3471174E-06
        83  1.8595609E-04 -4.3848570E-06
        84  1.8688820E-04 -4.4229264E-06
        85  1.8782498E-04 -4.4613283E-06
        86  1.8876645E-04 -4.5000658E-06
        87  1.8971265E-04 -4.5391418E-06
        88  1.9066359E-04 -4.5785592E-06
        89  1.9161929E-04 -4.6183212E-06
        90  1.9257979E-04 -4.6584306E-06
        91  1.9354510E-04 -4.6988907E-06
        92  1.9451525E-04 -4.7397044E-06
        93  1.9549026E-04 -4.7808750E-06
        94  1.9647016E-04 -4.8224055E-06
        95  1.9745497E-04 -4.8642991E-06
        96  1.9844472E-04 -4.9065591E-06
        97  1.9943943E-04 -4.9491886E-06
        98  2.0043912E-04 -4.9921910E-06
        99  2.0144382E-04 -5.0355694E-06
       100  2.0245357E-04 -5.0793274E-06
       101  2.0346837E-04 -5.1234681E-06
       102  2.0448826E-04 -5.1679949E-06
       103  2.0551326E-04 -5.2129114E-06
       104  2.0654340E-04 -5.2582209E-06
       105  2.0757870E-04 -5.3039269E-06
       106  2.0861920E-04 -5.3500329E-06
       107  2.0966490E-04 -5.3965424E-06
       108  2.1071585E-04 -5.4434590E-06
       109  2.1177207E-04 -5.4907863E-06
       110  2.1283358E-04 -5.5385279E-06
       111  2.1390042E-04 -5.5866875E-06
       112  2.1497260E-04 -5.6352688E-06
       113  2.1605015E-04 -5.6842756E-06
       114  2.1713311E-04 -5.7337115E-06
       115  2.1822149E-04 -5.7835803E-06
       116  2.1931533E-04 -5.8338860E-06
       117  2.2041465E-04 -5.8846323E-06
       118  2.2151949E-04 -5.9358232E-06
       119  2.2262986E-04 -5.9874626E-06
       120  2.2374579E-04 -6.0395544E-06
       121  2.2486732E-04 -6.0921027E-06
       122  2.2599448E-04 -6.1451116E-06
       123  2.2712728E-04 -6.1985850E-06
       124  2.2826576E-04 -6.2525271E-06
       125  2.2940995E-04 -6.3069420E-06
       126  2.3055987E-04 -6.3618340E-06
       127  2.3171555E-04 -6.4172073E-06
       128  2.3287703E-04 -6.4730661E-06
       129  2.3404433E-04 -6.5294147E-06
       130  2.3521749E-04 -6.5862574E-06
       131  2.3639652E-04 -6.6435988E-06
       132  2.3758146E-04 -6.7014430E-06
       133  2.3877234E-04 -6.7597947E-06
       134  2.3996919E-04 -6.8186583E-06
       135  2.4117204E-04 -6.8780384E-06
       136  2.4238092E-04 -6.9379395E-06
       137  2.4359586E-04 -6.9983662E-06
       138  2.4481689E-04 -7.0593233E-06
       139  2.4604404E-04 -7.1208154E-06
       140  2.4727734E-04 -7.1828472E-06
       141  2.4851683E-04 -7.2454236E-06
       142  2.4976252E-04 -7.3085494E-06
       143  2.5101446E-04 -7.3722294E-06
       144  2.5227268E-04 -7.4364686E-06
       145  2.5353720E-04 -7.5012720E-06
       146  2.5480806E-04 -7.5666445E-06
       147  2.5608529E-04 -7.6325912E-06
       148  2.5736892E-04 -7.6991172E-06
       149  2.5865899E-04 -7.7662276E-06
       150  2.5995552E-04 -7.8339277E-06
       151  2.6125856E-04 -7.9022227E-06
       152  2.6256812E-04 -7.9711178E-06
       153  2.6388425E-04 -8.0406184E-06
       154  2.6520697E-04 -8.1107298E-06
       155  2.6653633E-04 -8.1814576E-06
       156  2.6787235E-04 -8.2528071E-06
       157  2.6921506E-04 -8.3247839E-06
       158  2.7056451E-04 -8.3973936E-06
       159  2.7192072E-04 -8.4706418E-06
       160  2.7328373E-04 -8.5445342E-06
       161  2.7465357E-04 -8.6190766E-06
       162  2.7603028E-04 -8.6942745E-06
       163  2.7741388E-04 -8.7701341E-06
       164  2.7880443E-04 -8.8466610E-06
       165  2.8020194E-04 -8.9238613E-06
       166  2.8160646E-04 -9.0017409E-06
       167  2.8301802E-04 -9.0803059E-06
       168  2.8443665E-04 -9.1595624E-06
       169  2.8586239E-04 -9.2395165E-06
       170  2.8729529E-04 -9.3201745E-06
       171  2.8873536E-04 -9.4015426E-06
       172  2.9018265E-04 -9.4836271E-06
       173  2.9163720E-04 -9.5664345E-06
       174  2.9309904E-04 -9.6499712E-06
       175  2.9456820E-04 -9.7342436E-06
       176  2.9604473E-04 -9.8192583E-06
       177  2.9752866E-04 -9.9050219E-06
       178  2.9902003E-04 -9.9915412E-06
       179  3.0051887E-04 -1.0078823E-05
       180  3.0202523E-04 -1.0166874E-05
       181  3.0353914E-04 -1.0255700E-05
       182  3.0506063E-04 -1.0345310E-05
       183  3.0658976E-04 -1.0435710E-05
       184  3.0812654E-04 -1.0526906E-05
       185  3.0967104E-04 -1.0618907E-05
       186  3.1122327E-04 -1.0711718E-05
       187  3.1278328E-04 -1.0805349E-05
       188  3.1435111E-04 -1.0899805E-05
       189  3.1592681E-04 -1.0995094E-05
       190  3.1751040E-04 -1.1091223E-05
       191  3.1910192E-04 -1.1188201E-05
       192  3.2070143E-04 -1.1286035E-05
       193  3.2230895E-04 -1.1384732E-05
       194  3.2392453E-04 -1.1484299E-05
       195  3.2554821E-04 -1.1584746E-05
       196  3.2718003E-04 -1.1686079E-05
       197  3.2882002E-04 -1.1788307E-05
       198  3.3046824E-04 -1.1891437E-05
       199  3.3212472E-04 -1.1995478E-05
       200  3.3378950E-04 -1.2100437E-05
       201  3.3546263E-04 -1.2206324E-05
       202  3.3714414E-04 -1.2313146E-05
       203  3.3883408E-04 -1.2420911E-05
       204  3.4053250E-04 -1.2529629E-05
       205  3.4223942E-04 -1.2639307E-05
       206  3.4395490E-04 -1.2749954E-05
       207  3.4567899E-04 -1.2861579E-05
       208  3.4741171E-04 -1.2974191E-05
       209  3.4915312E-04 -1.3087798E-05
       210  3.5090325E-04 -1.3202409E-05
       211  3.5266216E-04 -1.3318034E-05
       212  3.5442989E-04 -1.3434681E-05
       213  3.5620648E-04 -1.3552360E-05
       214  3.5799197E-04 -1.3671079E-05
       215  3.5978641E-04 -1.3790849E-05
       216  3.6158985E-04 -1.3911677E-05
       217  3.6340233E-04 -1.4033575E-05
       218  3.6522389E-04 -1.4156552E-05
       219  3.6705458E-04 -1.4280616E-05
       220  3.6889445E-04 -1.4405779E-05
       221  3.7074354E-04 -1.4532050E-05
       222  3.7260190E-04 -1.4659438E-05
       223  3.7446957E-04 -1.4787954E-05
       224  3.7634661E-04 -1.4917608E-05
       225  3.7823306E-04 -1.5048410E-05
       226  3.8012896E-04 -1.5180370E-05
       227  3.8203436E-04 -1.5313499E-05
       228  3.8394932E-04 -1.5447807E-05
       229  3.8587387E-04 -1.5583305E-05
       230  3.8780807E-04 -1.5720004E-05
       231  3.8975197E-04 -1.5857914E-05
       232  3.9170561E-04 -1.5997046E-05
       233  3.9366904E-04 -1.6137411E-05
       234  3.9564231E-04 -1.6279021E-05
       235  3.9762548E-04 -1.6421886E-05
       236  3.9961859E-04 -1.6566017E-05
       237  4.0162168E-04 -1.6711426E-05
       238  4.0363482E-04 -1.6858125E-05
       239  4.0565805E-04 -1.7006125E-05
       240  4.0769142E-04 -1.7155438E-05
       241  4.0973498E-04 -1.7306075E-05
       242  4.1178878E-04 -1.7458049E-05
       243  4.1385288E-04 -1.7611372E-05
       244  4.1592733E-04 -1.7766054E-05
       245  4.1801217E-04 -1.7922110E-05
       246  4.2010747E-04 -1.8079551E-05
       247  4.2221327E-04 -1.8238390E-05
       248  4.2432962E-04 -1.8398638E-05
       249  4.2645658E-04 -1.8560310E-05
       250  4.2859420E-04 -1.8723417E-05
       251  4.3074254E-04 -1.8887973E-05
       252  4.3290165E-04 -1.9053991E-05
       253  4.3507158E-04 -1.9221483E-05
       254  4.3725238E-04 -1.9390464E-05
       255  4.3944412E-04 -1.9560946E-05
       256  4.4164684E-04 -1.9732943E-05
       257  4.4386060E-04 -1.9906468E-05
       258  4.4608546E-04 -2.0081536E-05
       259  4.4832148E-04 -2.0258161E-05
       260  4.5056870E-04 -2.0436355E-05
       261  4.5282718E-04 -2.0616134E-05
       262  4.5509699E-04 -2.0797512E-05
       263  4.5737817E-04 -2.0980503E-05
       264  4.5967079E-04 -2.1165122E-05
       265  4.6197490E-04 -2.1351383E-05
       266  4.6429056E-04 -2.1539301E-05
       267  4.6661782E-04 -2.1728891E-05
       268  4.6895676E-04 -2.1920169E-05
       269  4.7130741E-04 -2.2113149E-05
       270  4.7366985E-04 -2.2307847E-05
       271  4.7604413E-04 -2.2504277E-05
       272  4.7843031E-04 -2.2702457E-05
       273  4.8082845E-04 -2.2902402E-05
       274  4.8323861E-04 -2.3104127E-05
       275  4.8566086E-04 -2.3307649E-05
       276  4.8809524E-04 -2.3512983E-05
       277  4.9054183E-04 -2.3720147E-05
       278  4.9300068E-04 -2.3929157E-05
       279  4.9547186E-04 -2.4140029E-05
       280  4.9795542E-04 -2.4352780E-05
       281  5.0045143E-04 -2.4567428E-05
       282  5.0295996E-04 -2.4783989E-05
       283  5.0548105E-04 -2.5002481E-05
       284  5.0801479E-04 -2.5222920E-05
       285  5.1056122E-04 -2.5445326E-05
       286  5.1312042E-04 -2.5669715E-05
       287  5.1569245E-04 -2.5896105E-05
       288  5.1827737E-04 -2.6124515E-05
       289  5.2087524E-04 -2.6354963E-05
       290  5.2348614E-04 -2.6587467E-05
       291  5.2611013E-04 -2.6822045E-05
       292  5.2874727E-04 -2.7058717E-05
       293  5.3139762E-04 -2.7297502E-05
       294  5.3406126E-04 -2.7538418E-05
       295  5.3673826E-04 -2.7781485E-05
       296  5.3942867E-04 -2.8026723E-05
       297  5.4213257E-04 -2.8274150E-05
       298  5.4485002E-04 -2.8523787E-05
       299  5.4758109E-04 -2.8775655E-05
       300  5.5032585E-04 -2.9029772E-05
       301  5.5308437E-04 -2.9286159E-05
       302  5.5585672E-04 -2.9544838E-05
       303  5.5864296E-04 -2.9805828E-05
       304  5.6144317E-04 -3.0069151E-05
       305  5.6425742E-04 -3.0334828E-05
       306  5.6708577E-04 -3.0602879E-05
       307  5.6992830E-04 -3.0873328E-05
       308  5.7278507E-04 -3.1146194E-05
       309  5.7565617E-04 -3.1421501E-05
       310  5.7854166E-04 -3.1699271E-05
       311  5.8144161E-04 -3.1979525E-05
       312  5.8435610E-04 -3.2262286E-05
       313  5.8728520E-04 -3.2547578E-05
       314  5.9022898E-04 -3.2835422E-05
       315  5.9318751E-04 -3.3125842E-05
       316  5.9616088E-04 -3.3418862E-05
       317  5.9914915E-04 -3.3714505E-05
       318  6.0215239E-04 -3.4012795E-05
       319  6.0517069E-04 -3.4313756E-05
       320  6.0820413E-04 -3.4617411E-05
       321  6.1125276E-04 -3.4923787E-05
       322  6.1431668E-04 -3.5232906E-05
       323  6.1739595E-04 -3.5544795E-05
       324  6.2049066E-04 -3.5859478E-05
       325  6.2360089E-04 -3.6176981E-05
       326  6.2672670E-04 -3.6497329E-05
       327  6.2986818E-04 -3.6820548E-05
       328  6.3302541E-04 -3.7146665E-05
       329  6.3619846E-04 -3.7475705E-05
       330  6.3938742E-04 -3.7807695E-05
       331  6.4259236E-04 -3.8142662E-05
       332  6.4581337E-04 -3.8480633E-05
       333  6.4905052E-04 -3.8821635E-05
       334  6.5230390E-04 -3.9165697E-05
       335  6.5557359E-04 -3.9512844E-05
       336  6.5885966E-04 -3.9863107E-05
       337  6.6216221E-04 -4.0216513E-05
       338  6.6548131E-04 -4.0573090E-05
       339  6.6881705E-04 -4.0932868E-05
       340  6.7216951E-04 -4.1295875E-05
       341  6.7553878E-04 -4.1662142E-05
       342  6.7892493E-04 -4.2031697E-05
       343  6.8232805E-04 -4.2404570E-05
       344  6.8574824E-04 -4.2780793E-05
       345  6.8918556E-04 -4.3160394E-05
       346  6.9264012E-04 -4.3543406E-05
       347  6.9611199E-04 -4.3929859E-05
       348  6.9960127E-04 -4.4319784E-05
       349  7.0310804E-04 -4.4713213E-05
       350  7.0663238E-04 -4.5110178E-05
       351  7.1017439E-04 -4.5510711E-05
       352  7.1373415E-04 -4.5914844E-05
       353  7.1731176E-04 -4.6322611E-05
       354  7.2090730E-04 -4.6734045E-05
       355  7.2452086E-04 -4.7149178E-05
       356  7.2815254E-04 -4.7568045E-05
       357  7.3180242E-04 -4.7990680E-05
       358  7.3547059E-04 -4.8417117E-05
       359  7.3915716E-04 -4.8847390E-05
       360  7.4286220E-04 -4.9281535E-05
       361  7.4658581E-04 -4.9719587E-05
       362  7.5032809E-04 -5.0161582E-05
       363  7.5408912E-04 -5.0607554E-05
       364  7.5786901E-04 -5.1057542E-05
       365  7.6166784E-04 -5.1511581E-05
       366  7.6548572E-04 -5.1969709E-05
       367  7.6932273E-04 -5.2431962E-05
       368  7.7317898E-04 -5.2898378E-05
       369  7.7705455E-04 -5.3368996E-05
       370  7.8094956E-04 -5.3843853E-05
       371  7.8486408E-04 -5.4322988E-05
       372  7.8879823E-04 -5.4806441E-05
       373  7.9275210E-04 -5.5294251E-05
       374  7.9672578E-04 -5.5786457E-05
       375  8.0071939E-04 -5.6283099E-05
       376  8.0473301E-04 -5.6784219E-05
       377  8.0876675E-04 -5.7289857E-05
       378  8.1282071E-04 -5.7800054E-05
       379  8.1689499E-04 -5.8314852E-05
       380  8.2098970E-04 -5.8834293E-05
       381  8.2510492E-04 -5.9358419E-05
       382  8.2924078E-04 -5.9887273E-05
       383  8.3339737E-04 -6.0420899E-05
       384  8.3757479E-04 -6.0959340E-05
       385  8.4177315E-04 -6.1502639E-05
       386  8.4599255E-04 -6.2050842E-05
       387  8.5023311E-04 -6.2603993E-05
       388  8.5449492E-04 -6.3162137E-05
       389  8.5877809E-04 -6.3725321E-05
       390  8.6308274E-04 -6.4293589E-05
       391  8.6740896E-04 -6.4866989E-05
       392  8.7175686E-04 -6.5445567E-05
       393  8.7612656E-04 -6.6029371E-05
       394  8.8051816E-04 -6.6618449E-05
       395  8.8493178E-04 -6.7212848E-05
       396  8.8936752E-04 -6.7812618E-05
       397  8.9382549E-04 -6.8417808E-05
       398  8.9830581E-04 -6.9028466E-05
       399  9.0280859E-04 -6.9644644E-05
       400  9.0733394E-04 -7.0266392E-05
       401  9.1188197E-04 -7.0893760E-05
       402  9.1645279E-04 -7.1526800E-05
       403  9.2104653E-04 -7.2165564E-05
       404  9.2566330E-04 -7.2810105E-05
       405  9.3030320E-04 -7.3460474E-05
       406  9.3496637E-04 -7.4116726E-05
       407  9.3965291E-04 -7.4778915E-05
       408  9.4436294E-04 -7.5447094E-05
       409  9.4909657E-04 -7.6121319E-05
       410  9.5385394E-04 -7.6801644E-05
       411  9.5863515E-04 -7.7488126E-05
       412  9.6344033E-04 -7.8180822E-05
       413  9.6826960E-04 -7.8879787E-05
       414  9.7312307E-04 -7.9585080E-05
       415  9.7800087E-04 -8.0296758E-05
       416  9.8290312E-04 -8.1014880E-05
       417  9.8782994E-04 -8.1739505E-05
       418  9.9278146E-04 -8.2470692E-05
       419  9.9775780E-04 -8.3208502E-05
       420  1.0027591E-03 -8.3952995E-05
       421  1.0077854E-03 -8.4704232E-05
       422  1.0128370E-03 -8.5462275E-05
       423  1.0179138E-03 -8.6227187E-05
       424  1.0230162E-03 -8.6999031E-05
       425  1.0281440E-03 -8.7777869E-05
       426  1.0332976E-03 -8.8563766E-05
       427  1.0384771E-03 -8.9356787E-05
       428  1.0436825E-03 -9.0156998E-05
       429  1.0489139E-03 -9.0964463E-05
       430  1.0541716E-03 -9.1779249E-05
       431  1.0594557E-03 -9.2601424E-05
       432  1.0647662E-03 -9.3431055E-05
       433  1.0701034E-03 -9.4268211E-05
       434  1.0754673E-03 -9.5112960E-05
       435  1.0808581E-03 -9.5965372E-05
       436  1.0862759E-03 -9.6825518E-05
       437  1.0917209E-03 -9.7693468E-05
       438  1.0971932E-03 -9.8569294E-05
       439  1.1026929E-03 -9.9453068E-05
       440  1.1082202E-03 -1.0034486E-04
       441  1.1137751E-03 -1.0124475E-04
       442  1.1193580E-03 -1.0215281E-04
       443  1.1249688E-03 -1.0306911E-04
       444  1.1306077E-03 -1.0399373E-04
       445  1.1362749E-03 -1.0492675E-04
       446  1.1419705E-03 -1.0586824E-04
       447  1.1476947E-03 -1.0681828E-04
       448  1.1534475E-03 -1.0777695E-04
       449  1.1592292E-03 -1.0874432E-04
       450  1.1650398E-03 -1.0972048E-04
       451  1.1708796E-03 -1.1070552E-04
       452  1.1767487E-03 -1.1169950E-04
       453  1.1826472E-03 -1.1270251E-04
       454  1.1885752E-03 -1.1371464E-04
       455  1.1945330E-03 -1.1473596E-04
       456  1.2005206E-03 -1.1576657E-04
       457  1.2065382E-03 -1.1680654E-04
       458  1.2125860E-03 -1.1785597E-04
       459  1.2186641E-03 -1.1891494E-04
       460  1.2247727E-03 -1.1998354E-04
       461  1.2309119E-03 -1.2106185E-04
       462  1.2370819E-03 -1.2214997E-04
       463  1.2432828E-03 -1.2324799E-04
       464  1.2495148E-03 -1.2435599E-04
       465  1.2557780E-03 -1.2547406E-04
       466  1.2620726E-03 -1.2660231E-04
       467  1.2683988E-03 -1.2774082E-04
       468  1.2747566E-03 -1.2888969E-04
       469  1.2811464E-03 -1.3004901E-04
       470  1.2875681E-03 -1.3121888E-04
       471  1.2940221E-03 -1.3239940E-04
       472  1.3005084E-03 -1.3359066E-04
       473  1.3070272E-03 -1.3479276E-04
       474  1.3135787E-03 -1.3600580E-04
       475  1.3201631E-03 -1.3722988E-04
       476  1.3267804E-03 -1.3846511E-04
       477  1.3334309E-03 -1.3971158E-04
       478  1.3401148E-03 -1.4096940E-04
       479  1.3468321E-03 -1.4223867E-04
       480  1.3535832E-03 -1.4351950E-04
       481  1.3603680E-03 -1.4481199E-04
       482  1.3671869E-03 -1.4611626E-04
       483  1.3740400E-03 -1.4743240E-04
       484  1.3809274E-03 -1.4876053E-04
       485  1.3878493E-03 -1.5010075E-04
       486  1.3948059E-03 -1.5145319E-04
       487  1.4017974E-03 -1.5281794E-04
       488  1.4088240E-03 -1.5419513E-04
       489  1.4158857E-03 -1.5558487E-04
       490  1.4229829E-03 -1.5698727E-04
       491  1.4301156E-03 -1.5840245E-04
       492  1.4372841E-03 -1.5983052E-04
       493  1.4444885E-03 -1.6127161E-04
       494  1.4517290E-03 -1.6272583E-04
       495  1.4590058E-03 -1.6419331E-04
       496  1.4663191E-03 -1.6567416E-04
       497  1.4736691E-03 -1.6716851E-04
       498  1.4810559E-03 -1.6867649E-04
       499  1.4884797E-03 -1.7019821E-04
       500  1.4959408E-03 -1.7173381E-04
       501  1.5034392E-03 -1.7328340E-04
       502  1.5109752E-03 -1.7484713E-04
       503  1.5185490E-03 -1.7642511E-04
       504  1.5261608E-03 -1.7801748E-04
       505  1.5338107E-03 -1.7962438E-04
       506  1.5414989E-03 -1.8124593E-04
       507  1.5492257E-03 -1.8288227E-04
       508  1.5569913E-03 -1.8453353E-04
       509  1.5647957E-03 -1.8619986E-04
       510  1.5726393E-03 -1.8788138E-04
       511  1.5805222E-03 -1.8957824E-04
       512  1.5884446E-03 -1.9129059E-04
       513  1.5964067E-03 -1.9301855E-04
       514  1.6044087E-03 -1.9476228E-04
       515  1.6124508E-03 -1.9652192E-04
       516  1.6205333E-03 -1.9829761E-04
       517  1.6286562E-03 -2.0008951E-04
       518  1.6368199E-03 -2.0189775E-04
       519  1.6450245E-03 -2.0372250E-04
       520  1.6532702E-03 -2.0556390E-04
       521  1.6615573E-03 -2.0742210E-04
       522  1.6698859E-03 -2.0929727E-04
       523  1.6782562E-03 -2.1118954E-04
       524  1.6866685E-03 -2.1309909E-04
       525  1.6951230E-03 -2.1502606E-04
       526  1.7036198E-03 -2.1697063E-04
       527  1.7121592E-03 -2.1893294E-04
       528  1.7207415E-03 -2.2091316E-04
       529  1.7293667E-03 -2.2291147E-04
       530  1.7380352E-03 -2.2492801E-04
       531  1.7467471E-03 -2.2696296E-04
       532  1.7555027E-03 -2.2901649E-04
       533  1.7643022E-03 -2.3108877E-04
       534  1.7731458E-03 -2.3317996E-04
       535  1.7820338E-03 -2.3529025E-04
       536  1.7909663E-03 -2.3741980E-04
       537  1.7999435E-03 -2.3956880E-04
       538  1.8089658E-03 -2.4173742E-04
       539  1.8180332E-03 -2.4392584E-04
       540  1.8271462E-03 -2.4613425E-04
       541  1.8363048E-03 -2.4836281E-04
       542  1.8455093E-03 -2.5061173E-04
       543  1.8547599E-03 -2.5288118E-04
       544  1.8640570E-03 -2.5517136E-04
       545  1.8734006E-03 -2.5748245E-04
       546  1.8827911E-03 -2.5981464E-04
       547  1.8922286E-03 -2.6216813E-04
       548  1.9017134E-03 -2.6454312E-04
       549  1.9112458E-03 -2.6693979E-04
       550  1.9208260E-03 -2.6935834E-04
       551  1.9304541E-03 -2.7179899E-04
       552  1.9401306E-03 -2.7426192E-04
       553  1.9498555E-03 -2.7674735E-04
       554  1.9596292E-03 -2.7925547E-04
       555  1.9694519E-03 -2.8178650E-04
       556  1.9793238E-03 -2.8434064E-04
       557  1.9892452E-03 -2.8691811E-04
       558  1.9992164E-03 -2.8951912E-04
       559  2.0092375E-03 -2.9214388E-04
       560  2.0193088E-03 -2.9479261E-04
       561  2.0294306E-03 -2.9746553E-04
       562  2.0396032E-03 -3.0016286E-04
       563  2.0498268E-03 -3.0288483E-04
       564  2.0601016E-03 -3.0563165E-04
       565  2.0704279E-03 -3.0840356E-04
       566  2.0808059E-03 -3.1120078E-04
       567  2.0912360E-03 -3.1402354E-04
       568  2.1017184E-03 -3.1687208E-04
       569  2.1122533E-03 -3.1974664E-04
       570  2.1228410E-03 -3.2264744E-04
       571  2.1334818E-03 -3.2557474E-04
       572  2.1441759E-03 -3.2852876E-04
       573  2.1549236E-03 -3.3150976E-04
       574  2.1657252E-03 -3.3451798E-04
       575  2.1765810E-03 -3.3755366E-04
       576  2.1874911E-03 -3.4061707E-04
       577  2.1984560E-03 -3.4370844E-04
       578  2.2094758E-03 -3.4682804E-04
       579  2.2205508E-03 -3.4997612E-04
       580  2.2316814E-03 -3.5315295E-04
       581  2.2428677E-03 -3.5635878E-04
       582  2.2541101E-03 -3.5959387E-04
       583  2.2654089E-03 -3.6285850E-04
       584  2.2767643E-03 -3.6615293E-04
       585  2.2881767E-03 -3.6947744E-04
       586  2.2996462E-03 -3.7283229E-04
       587  2.3111732E-03 -3.7621777E-04
       588  2.3227580E-03 -3.7963415E-04
       589  2.3344009E-03 -3.8308171E-04
       590  2.3461021E-03 -3.8656073E-04
       591  2.3578620E-03 -3.9007151E-04
       592  2.3696808E-03 -3.9361433E-04
       593  2.3815589E-03 -3.9718948E-04
       594  2.3934965E-03 -4.0079725E-04
       595  2.4054940E-03 -4.0443795E-04
       596  2.4175516E-03 -4.0811187E-04
       597  2.4296696E-03 -4.1181931E-04
       598  2.4418484E-03 -4.1556057E-04
       599  2.4540882E-03 -4.1933597E-04
       600  2.4663893E-03 -4.2314581E-04
       601  2.4787522E-03 -4.2699040E-04
       602  2.4911770E-03 -4.3087006E-04
       603  2.5036641E-03 -4.3478512E-04
       604  2.5162137E-03 -4.3873588E-04
       605  2.5288263E-03 -4.4272267E-04
       606  2.5415021E-03 -4.4674582E-04
       607  2.5542414E-03 -4.5080566E-04
       608  2.5670446E-03 -4.5490252E-04
       609  2.5799120E-03 -4.5903674E-04
       610  2.5928438E-03 -4.6320865E-04
       611  2.6058405E-03 -4.6741859E-04
       612  2.6189023E-03 -4.7166692E-04
       613  2.6320297E-03 -4.7595396E-04
       614  2.6452228E-03 -4.8028009E-04
       615  2.6584820E-03 -4.8464564E-04
       616  2.6718077E-03 -4.8905098E-04
       617  2.6852002E-03 -4.9349647E-04
       618  2.6986598E-03 -4.9798246E-04
       619  2.7121869E-03 -5.0250933E-04
       620  2.7257818E-03 -5.0707744E-04
       621  2.7394448E-03 -5.1168717E-04
       622  2.7531763E-03 -5.1633889E-04
       623  2.7669767E-03 -5.2103297E-04
       624  2.7808462E-03 -5.2576981E-04
       625  2.7947853E-03 -5.3054979E-04
       626  2.8087942E-03 -5.3537330E-04
       627  2.8228733E-03 -5.4024072E-04
       628  2.8370230E-03 -5.4515246E-04
       629  2.8512437E-03 -5.5010891E-04
       630  2.8655356E-03 -5.5511048E-04
       631  2.8798992E-03 -5.6015757E-04
       632  2.8943347E-03 -5.6525059E-04
       633  2.9088426E-03 -5.7038996E-04
       634  2.9234233E-03 -5.7557610E-04
       635  2.9380770E-03 -5.8080941E-04
       636  2.9528042E-03 -5.8609034E-04
       637  2.9676051E-03 -5.9141930E-04
       638  2.9824803E-03 -5.9679672E-04
       639  2.9974301E-03 -6.0222305E-04
       640  3.0124548E-03 -6.0769873E-04
       641  3.0275547E-03 -6.1322418E-04
       642  3.0427304E-03 -6.1879987E-04
       643  3.0579822E-03 -6.2442624E-04
       644  3.0733104E-03 -6.3010375E-04
       645  3.0887154E-03 -6.3583285E-04
       646  3.1041977E-03 -6.4161401E-04
       647  3.1197575E-03 -6.4744770E-04
       648  3.1353954E-03 -6.5333438E-04
       649  3.1511116E-03 -6.5927452E-04
       650  3.1669066E-03 -6.6526862E-04
       651  3.1827808E-03 -6.7131715E-04
       652  3.1987346E-03 -6.7742060E-04
       653  3.2147683E-03 -6.8357945E-04
       654  3.2308824E-03 -6.8979421E-04
       655  3.2470772E-03 -6.9606537E-04
       656  3.2633533E-03 -7.0239344E-04
       657  3.2797109E-03 -7.0877893E-04
       658  3.2961505E-03 -7.1522234E-04
       659  3.3126725E-03 -7.2172420E-04
       660  3.3292774E-03 -7.2828503E-04
       661  3.3459655E-03 -7.3490535E-04
       662  3.3627372E-03 -7.4158569E-04
       663  3.3795930E-03 -7.4832660E-04
       664  3.3965332E-03 -7.5512859E-04
       665  3.4135584E-03 -7.6199224E-04
       666  3.4306690E-03 -7.6891807E-04
       667  3.4478653E-03 -7.7590664E-04
       668  3.4651478E-03 -7.8295852E-04
       669  3.4825169E-03 -7.9007426E-04
       670  3.4999731E-03 -7.9725443E-04
       671  3.5175168E-03 -8.0449960E-04
       672  3.5351484E-03 -8.1181036E-04
       673  3.5528684E-03 -8.1918729E-04
       674  3.5706772E-03 -8.2663096E-04
       675  3.5885753E-03 -8.3414198E-04
       676  3.6065631E-03 -8.4172093E-04
       677  3.6246411E-03 -8.4936843E-04
       678  3.6428097E-03 -8.5708508E-04
       679  3.6610694E-03 -8.6487149E-04
       680  3.6794205E-03 -8.7272828E-04
       681  3.6978637E-03 -8.8065608E-04
       682  3.7163993E-03 -8.8865550E-04
       683  3.7350279E-03 -8.9672719E-04
       684  3.7537498E-03 -9.0487178E-04
       685  3.7725655E-03 -9.1308991E-04
       686  3.7914756E-03 -9.2138224E-04
       687  3.8104804E-03 -9.2974942E-04
       688  3.8295805E-03 -9.3819211E-04
       689  3.8487764E-03 -9.4671097E-04
       690  3.8680685E-03 -9.5530668E-04
       691  3.8874572E-03 -9.6397992E-04
       692  3.9069432E-03 -9.7273136E-04
       693  3.9265268E-03 -9.8156170E-04
       694  3.9462086E-03 -9.9047163E-04
       695  3.9659891E-03 -9.9946184E-04
       696  3.9858687E-03 -1.0085331E-03
       697  4.0058479E-03 -1.0176860E-03
       698  4.0259273E-03 -1.0269213E-03
       699  4.0461074E-03 -1.0362398E-03
       700  4.0663886E-03 -1.0456421E-03
       701  4.0867714E-03 -1.0551291E-03
       702  4.1072565E-03 -1.0647014E-03
       703  4.1278442E-03 -1.0743599E-03
       704  4.1485351E-03 -1.0841051E-03
       705  4.1693297E-03 -1.0939380E-03
       706  4.1902285E-03 -1.1038593E-03
       707  4.2112322E-03 -1.1138697E-03
       708  4.2323410E-03 -1.1239701E-03
       709  4.2535557E-03 -1.1341611E-03
       710  4.2748768E-03 -1.1444437E-03
       711  4.2963047E-03 -1.1548186E-03
       712  4.3178400E-03 -1.1652866E-03
       713  4.3394833E-03 -1.1758485E-03
       714  4.3612350E-03 -1.1865051E-03
       715  4.3830958E-03 -1.1972573E-03
       716  4.4050662E-03 -1.2081059E-03
       717  4.4271466E-03 -1.2190518E-03
       718  4.4493378E-03 -1.2300957E-03
       719  4.4716402E-03 -1.2412385E-03
       720  4.4940544E-03 -1.2524811E-03
       721  4.5165809E-03 -1.2638244E-03
       722  4.5392204E-03 -1.2752692E-03
       723  4.5619733E-03 -1.2868164E-03
       724  4.5848403E-03 -1.2984669E-03
       725  4.6078219E-03 -1.3102216E-03
       726  4.6309187E-03 -1.3220814E-03
       727  4.6541313E-03 -1.3340471E-03
       728  4.6774602E-03 -1.3461198E-03
       729  4.7009061E-03 -1.3583003E-03
       730  4.7244695E-03 -1.3705895E-03
       731  4.7481510E-03 -1.3829885E-03
       732  4.7719512E-03 -1.3954981E-03
       733  4.7958707E-03 -1.4081193E-03
       734  4.8199101E-03 -1.4208530E-03
       735  4.8440700E-03 -1.4337003E-03
       736  4.8683510E-03 -1.4466621E-03
       737  4.8927537E-03 -1.4597393E-03
       738  4.9172788E-03 -1.4729331E-03
       739  4.9419267E-03 -1.4862443E-03
       740  4.9666982E-03 -1.4996740E-03
       741  4.9915939E-03 -1.5132231E-03
       742  5.0166144E-03 -1.5268928E-03
       743  5.0417603E-03 -1.5406841E-03
       744  5.0670322E-03 -1.5545979E-03
       745  5.0924308E-03 -1.5686354E-03
       746  5.1179567E-03 -1.5827975E-03
       747  5.1436106E-03 -1.5970854E-03
       748  5.1693930E-03 -1.6115002E-03
       749  5.1953047E-03 -1.6260428E-03
       750  5.2213463E-03 -1.6407144E-03
       751  5.2475184E-03 -1.6555161E-03
       752  5.2738217E-03 -1.6704490E-03
       753  5.3002568E-03 -1.6855142E-03
       754  5.3268245E-03 -1.7007129E-03
       755  5.3535253E-03 -1.7160461E-03
       756  5.3803600E-03 -1.7315150E-03
       757  5.4073291E-03 -1.7471208E-03
       758  5.4344335E-03 -1.7628646E-03
       759  5.4616737E-03 -1.7787475E-03
       760  5.4890504E-03 -1.7947708E-03
       761  5.5165644E-03 -1.8109357E-03
       762  5.5442163E-03 -1.8272432E-03
       763  5.5720068E-03 -1.8436948E-03
       764  5.5999366E-03 -1.8602914E-03
       765  5.6280064E-03 -1.8770344E-03
       766  5.6562169E-03 -1.8939250E-03
       767  5.6845688E-03 -1.9109645E-03
       768  5.7130628E-03 -1.9281540E-03
       769  5.7416997E-03 -1.9454949E-03
       770  5.7704801E-03 -1.9629884E-03
       771  5.7994047E-03 -1.9806358E-03
       772  5.8284744E-03 -1.9984384E-03
       773  5.8576897E-03 -2.0163975E-03
       774  5.8870515E-03 -2.0345143E-03
       775  5.9165605E-03 -2.0527902E-03
       776  5.9462174E-03 -2.0712266E-03
       777  5.9760229E-03 -2.0898247E-03
       778  6.0059778E-03 -2.1085859E-03
       779  6.0360829E-03 -2.1275116E-03
       780  6.0663389E-03 -2.1466031E-03
       781  6.0967466E-03 -2.1658618E-03
       782  6.1273066E-03 -2.1852891E-03
       783  6.1580199E-03 -2.2048864E-03
       784  6.1888871E-03 -2.2246551E-03
       785  6.2199090E-03 -2.2445966E-03
       786  6.2510864E-03 -2.2647124E-03
       787  6.2824201E-03 -2.2850038E-03
       788  6.3139109E-03 -2.3054724E-03
       789  6.3455595E-03 -2.3261195E-03
       790  6.3773668E-03 -2.3469467E-03
       791  6.4093334E-03 -2.3679554E-03
       792  6.4414604E-03 -2.3891472E-03
       793  6.4737483E-03 -2.4105235E-03
       794  6.5061981E-03 -2.4320858E-03
       795  6.5388106E-03 -2.4538357E-03
       796  6.5715865E-03 -2.4757747E-03
       797  6.6045267E-03 -2.4979043E-03
       798  6.6376320E-03 -2.5202262E-03
       799  6.6709033E-03 -2.5427418E-03
       800  6.7043413E-03 -2.5654527E-03
       801  6.7379470E-03 -2.5883606E-03
       802  6.7717211E-03 -2.6114671E-03
       803  6.8056645E-03 -2.6347736E-03
       804  6.8397780E-03 -2.6582820E-03
       805  6.8740626E-03 -2.6819938E-03
       806  6.9085189E-03 -2.7059106E-03
       807  6.9431480E-03 -2.7300341E-03
       808  6.9779507E-03 -2.7543660E-03
       809  7.0129278E-03 -2.7789080E-03
       810  7.0480803E-03 -2.8036617E-03
       811  7.0834089E-03 -2.8286289E-03
       812  7.1189147E-03 -2.8538113E-03
       813  7.1545984E-03 -2.8792106E-03
       814  7.1904609E-03 -2.9048285E-03
       815  7.2265033E-03 -2.9306668E-03
       816  7.2627263E-03 -2.9567273E-03
       817  7.2991308E-03 -2.9830117E-03
       818  7.3357179E-03 -3.0095218E-03
       819  7.3724883E-03 -3.0362595E-03
       820  7.4094431E-03 -3.0632265E-03
       821  7.4465831E-03 -3.0904246E-03
       822  7.4839092E-03 -3.1178558E-03
       823  7.5214225E-03 -3.1455218E-03
       824  7.5591238E-03 -3.1734245E-03
       825  7.5970140E-03 -3.2015658E-03
       826  7.6350942E-03 -3.2299476E-03
       827  7.6733653E-03 -3.2585717E-03
       828  7.7118282E-03 -3.2874401E-03
       829  7.7504839E-03 -3.3165547E-03
       830  7.7893334E-03 -3.3459174E-03
       831  7.8283775E-03 -3.3755302E-03
       832  7.8676175E-03 -3.4053950E-03
       833  7.9070541E-03 -3.4355139E-03
       834  7.9466883E-03 -3.4658888E-03
       835  7.9865213E-03 -3.4965217E-03
       836  8.0265539E-03 -3.5274146E-03
       837  8.0667871E-03 -3.5585695E-03
       838  8.1072221E-03 -3.5899885E-03
       839  8.1478597E-03 -3.6216737E-03
       840  8.1887010E-03 -3.6536270E-03
       841  8.2297470E-03 -3.6858506E-03
       842  8.2709988E-03 -3.7183466E-03
       843  8.3124574E-03 -3.7511171E-03
       844  8.3541237E-03 -3.7841641E-03
       845  8.3959990E-03 -3.8174898E-03
       846  8.4380841E-03 -3.8510964E-03
       847  8.4803802E-03 -3.8849860E-03
       848  8.5228882E-03 -3.9191608E-03
       849  8.5656094E-03 -3.9536230E-03
       850  8.6085447E-03 -3.9883747E-03
       851  8.6516952E-03 -4.0234181E-03
       852  8.6950620E-03 -4.0587556E-03
       853  8.7386462E-03 -4.0943893E-03
       854  8.7824488E-03 -4.1303214E-03
       855  8.8264710E-03 -4.1665543E-03
       856  8.8707139E-03 -4.2030902E-03
       857  8.9151785E-03 -4.2399314E-03
       858  8.9598661E-03 -4.2770802E-03
       859  9.0047776E-03 -4.3145390E-03
       860  9.0499142E-03 -4.3523100E-03
       861  9.0952771E-03 -4.3903955E-03
       862  9.1408674E-03 -4.4287981E-03
       863  9.1866862E-03 -4.4675199E-03
       864  9.2327346E-03 -4.5065635E-03
       865  9.2790139E-03 -4.5459311E-03
       866  9.3255251E-03 -4.5856253E-03
       867  9.3722695E-03 -4.6256484E-03
       868  9.4192482E-03 -4.6660029E-03
       869  9.4664624E-03 -4.7066913E-03
       870  9.5139132E-03 -4.7477159E-03
       871  9.5616019E-03 -4.7890793E-03
       872  9.6095297E-03 -4.8307840E-03
       873  9.6576976E-03 -4.8728324E-03
       874  9.7061070E-03 -4.9152271E-03
       875  9.7547591E-03 -4.9579707E-03
       876  9.8036550E-03 -5.0010657E-03
       877  9.8527961E-03 -5.0445146E-03
       878  9.9021834E-03 -5.0883200E-03
       879  9.9518183E-03 -5.1324845E-03
       880  1.0001702E-02 -5.1770107E-03
       881  1.0051836E-02 -5.2219012E-03
       882  1.0102221E-02 -5.2671587E-03
       883  1.0152858E-02 -5.3127857E-03
       884  1.0203750E-02 -5.3587851E-03
       885  1.0254896E-02 -5.4051593E-03
       886  1.0306299E-02 -5.4519111E-03
       887  1.0357960E-02 -5.4990432E-03
       888  1.0409879E-02 -5.5465583E-03
       889  1.0462059E-02 -5.5944592E-03
       890  1.0514500E-02 -5.6427485E-03
       891  1.0567204E-02 -5.6914290E-03
       892  1.0620173E-02 -5.7405035E-03
       893  1.0673407E-02 -5.7899748E-03
       894  1.0726907E-02 -5.8398456E-03
       895  1.0780676E-02 -5.8901187E-03
       896  1.0834714E-02 -5.9407970E-03
       897  1.0889024E-02 -5.9918833E-03
       898  1.0943605E-02 -6.0433805E-03
       899  1.0998460E-02 -6.0952913E-03
       900  1.1053590E-02 -6.1476186E-03
       901  1.1108997E-02 -6.2003654E-03
       902  1.1164681E-02 -6.2535346E-03
       903  1.1220644E-02 -6.3071289E-03
       904  1.1276888E-02 -6.3611515E-03
       905  1.1333413E-02 -6.4156051E-03
       906  1.1390222E-02 -6.4704927E-03
       907  1.1447316E-02 -6.5258173E-03
       908  1.1504696E-02 -6.5815819E-03
       909  1.1562363E-02 -6.6377894E-03
       910  1.1620320E-02 -6.6944428E-03
       911  1.1678567E-02 -6.7515451E-03
       912  1.1737106E-02 -6.8090994E-03
       913  1.1795939E-02 -6.8671087E-03
       914  1.1855066E-02 -6.9255760E-03
       915  1.1914490E-02 -6.9845044E-03
       916  1.1974211E-02 -7.0438969E-03
       917  1.2034232E-02 -7.1037567E-03
       918  1.2094554E-02 -7.1640867E-03
       919  1.2155178E-02 -7.2248901E-03
       920  1.2216106E-02 -7.2861701E-03
       921  1.2277340E-02 -7.3479297E-03
       922  1.2338880E-02 -7.4101720E-03
       923  1.2400729E-02 -7.4729003E-03
       924  1.2462888E-02 -7.5361176E-03
       925  1.2525359E-02 -7.5998271E-03
       926  1.2588142E-02 -7.6640321E-03
       927  1.2651241E-02 -7.7287356E-03
       928  1.2714655E-02 -7.7939410E-03
       929  1.2778388E-02 -7.8596513E-03
       930  1.2842440E-02 -7.9258698E-03
       931  1.2906813E-02 -7.9925997E-03
       932  1.2971508E-02 -8.0598443E-03
       933  1.3036528E-02 -8.1276069E-03
       934  1.3101874E-02 -8.1958906E-03
       935  1.3167547E-02 -8.2646987E-03
       936  1.3233550E-02 -8.3340345E-03
       937  1.3299884E-02 -8.4039013E-03
       938  1.3366549E-02 -8.4743024E-03
       939  1.3433550E-02 -8.5452410E-03
       940  1.3500886E-02 -8.6167205E-03
       941  1.3568559E-02 -8.6887442E-03
       942  1.3636572E-02 -8.7613154E-03
       943  1.3704925E-02 -8.8344374E-03
       944  1.3773622E-02 -8.9081136E-03
       945  1.3842662E-02 -8.9823474E-03
       946  1.3912049E-02 -9.0571419E-03
       947  1.3981783E-02 -9.1325008E-03
       948  1.4051867E-02 -9.2084272E-03
       949  1.4122302E-02 -9.2849245E-03
       950  1.4193091E-02 -9.3619962E-03
       951  1.4264234E-02 -9.4396457E-03
       952  1.4335734E-02 -9.5178762E-03
       953  1.4407592E-02 -9.5966912E-03
       954  1.4479810E-02 -9.6760941E-03
       955  1.4552391E-02 -9.7560883E-03
       956  1.4625335E-02 -9.8366772E-03
       957  1.4698645E-02 -9.9178642E-03
       958  1.4772322E-02 -9.9996528E-03
       959  1.4846368E-02 -1.0082046E-02
       960  1.4920786E-02 -1.0165048E-02
       961  1.4995577E-02 -1.0248662E-02
       962  1.5070742E-02 -1.0332891E-02
       963  1.5146285E-02 -1.0417738E-02
       964  1.5222206E-02 -1.0503208E-02
       965  1.5298508E-02 -1.0589303E-02
       966  1.5375192E-02 -1.0676027E-02
       967  1.5452260E-02 -1.0763384E-02
       968  1.5529715E-02 -1.0851376E-02
       969  1.5607558E-02 -1.0940007E-02
       970  1.5685791E-02 -1.1029282E-02
       971  1.5764416E-02 -1.1119202E-02
       972  1.5843436E-02 -1.1209772E-02
       973  1.5922852E-02 -1.1300995E-02
       974  1.6002665E-02 -1.1392875E-02
       975  1.6082879E-02 -1.1485414E-02
       976  1.6163495E-02 -1.1578617E-02
       977  1.6244514E-02 -1.1672486E-02
       978  1.6325940E-02 -1.1767025E-02
       979  1.6407775E-02 -1.1862238E-02
       980  1.6490019E-02 -1.1958129E-02
       981  1.6572675E-02 -1.2054699E-02
       982  1.6655746E-02 -1.2151953E-02
       983  1.6739234E-02 -1.2249895E-02
       984  1.6823139E-02 -1.2348527E-02
       985  1.6907466E-02 -1.2447853E-02
       986  1.6992215E-02 -1.2547877E-02
       987  1.7077389E-02 -1.2648601E-02
       988  1.7162989E-02 -1.2750029E-02
       989  1.7249019E-02 -1.2852165E-02
       990  1.7335480E-02 -1.2955012E-02
       991  1.7422375E-02 -1.3058573E-02
       992  1.7509705E-02 -1.3162851E-02
       993  1.7597472E-02 -1.3267851E-02
       994  1.7685680E-02 -1.3373574E-02
       995  1.7774330E-02 -1.3480025E-02
       996  1.7863424E-02 -1.3587207E-02
       997  1.7952965E-02 -1.3695123E-02
       998  1.8042955E-02 -1.3803776E-02
       999  1.8133395E-02 -1.3913169E-02
      1000  1.8224289E-02 -1.4023306E-02
      1001  1.8315639E-02 -1.4134191E-02
      1002  1.8407446E-02 -1.4245825E-02
      1003  1.8499714E-02 -1.4358213E-02
      1004  1.8592444E-02 -1.4471358E-02
      1005  1.8685639E-02 -1.4585262E-02
      1006  1.8779301E-02 -1.4699929E-02
      1007  1.8873433E-02 -1.4815362E-02
      1008  1.8968037E-02 -1.4931565E-02
      1009  1.9063114E-02 -1.5048539E-02
      1010  1.9158669E-02 -1.5166289E-02
      1011  1.9254702E-02 -1.5284817E-02
      1012  1.9351216E-02 -1.5404126E-02
      1013  1.9448215E-02 -1.5524220E-02
      1014  1.9545699E-02 -1.5645101E-02
      1015  1.9643673E-02 -1.5766772E-02
      1016  1.9742137E-02 -1.5889236E-02
      1017  1.9841095E-02 -1.6012496E-02
      1018  1.9940549E-02 -1.6136555E-02
      1019  2.0040501E-02 -1.6261416E-02
      1020  2.0140954E-02 -1.6387082E-02
      1021  2.0241911E-02 -1.6513555E-02
      1022  2.0343374E-02 -1.6640838E-02
      1023  2.0445346E-02 -1.6768934E-02
      1024  2.0547829E-02 -1.6897845E-02
      1025  2.0650825E-02 -1.7027575E-02
      1026  2.0754338E-02 -1.7158126E-02
      1027  2.0858369E-02 -1.7289500E-02
      1028  2.0962922E-02 -1.7421700E-02
      1029  2.1068000E-02 -1.7554728E-02
      1030  2.1173603E-02 -1.7688588E-02
      1031  2.1279736E-02 -1.7823281E-02
      1032  2.1386402E-02 -1.7958810E-02
      1033  2.1493601E-02 -1.8095178E-02
      1034  2.1601338E-02 -1.8232386E-02
      1035  2.1709616E-02 -1.8370437E-02
      1036  2.1818436E-02 -1.8509333E-02
      1037  2.1927801E-02 -1.8649077E-02
      1038  2.2037714E-02 -1.8789670E-02
      1039  2.2148179E-02 -1.8931115E-02
      1040  2.2259197E-02 -1.9073414E-02
      1041  2.2370772E-02 -1.9216569E-02
      1042  2.2482906E-02 -1.9360581E-02
      1043  2.2595602E-02 -1.9505454E-02
      1044  2.2708863E-02 -1.9651188E-02
      1045  2.2822691E-02 -1.9797785E-02
      1046  2.2937091E-02 -1.9945248E-02
      1047  2.3052063E-02 -2.0093577E-02
      1048  2.3167612E-02 -2.0242776E-02
      1049  2.3283740E-02 -2.0392845E-02
      1050  2.3400451E-02 -2.0543785E-02
      1051  2.3517746E-02 -2.0695599E-02
      1052  2.3635629E-02 -2.0848288E-02
      1053  2.3754103E-02 -2.1001853E-02
      1054  2.3873171E-02 -2.1156296E-02
      1055  2.3992836E-02 -2.1311617E-02
      1056  2.4113100E-02 -2.1467818E-02
      1057  2.4233968E-02 -2.1624901E-02
      1058  2.4355441E-02 -2.1782866E-02
      1059  2.4477523E-02 -2.1941714E-02
      1060  2.4600217E-02 -2.2101446E-02
      1061  2.4723526E-02 -2.2262064E-02
      1062  2.4847454E-02 -2.2423567E-02
      1063  2.4972002E-02 -2.2585956E-02
      1064  2.5097175E-02 -2.2749233E-02
      1065  2.5222975E-02 -2.2913398E-02
      1066  2.5349406E-02 -2.3078451E-02
      1067  2.5476470E-02 -2.3244393E-02
      1068  2.5604171E-02 -2.3411224E-02
      1069  2.5732513E-02 -2.3578944E-02
      1070  2.5861497E-02 -2.3747553E-02
      1071  2.5991129E-02 -2.3917052E-02
      1072  2.6121410E-02 -2.4087441E-02
      1073  2.6252344E-02 -2.4258720E-02
      1074  2.6383934E-02 -2.4430887E-02
      1075  2.6516184E-02 -2.4603944E-02
      1076  2.6649097E-02 -2.4777890E-02
      1077  2.6782676E-02 -2.4952724E-02
      1078  2.6916925E-02 -2.5128446E-02
      1079  2.7051847E-02 -2.5305055E-02
      1080  2.7187445E-02 -2.5482551E-02
      1081  2.7323722E-02 -2.5660932E-02
      1082  2.7460683E-02 -2.5840198E-02
      1083  2.7598330E-02 -2.6020348E-02
      1084  2.7736668E-02 -2.6201381E-02
      1085  2.7875698E-02 -2.6383295E-02
      1086  2.8015426E-02 -2.6566089E-02
      1087  2.8155854E-02 -2.6749762E-02
      1088  2.8296985E-02 -2.6934312E-02
      1089  2.8438825E-02 -2.7119738E-02
      1090  2.8581375E-02 -2.7306037E-02
      1091  2.8724640E-02 -2.7493208E-02
      1092  2.8868623E-02 -2.7681249E-02
      1093  2.9013327E-02 -2.7870158E-02
      1094  2.9158757E-02 -2.8059933E-02
      1095  2.9304916E-02 -2.8250571E-02
      1096  2.9451807E-02 -2.8442069E-02
      1097  2.9599435E-02 -2.8634426E-02
      1098  2.9747803E-02 -2.8827638E-02
      1099  2.9896914E-02 -2.9021703E-02
      1100  3.0046773E-02 -2.9216617E-02
      1101  3.0197383E-02 -2.9412378E-02
      1102  3.0348748E-02 -2.9608983E-02
      1103  3.0500872E-02 -2.9806427E-02
      1104  3.0653758E-02 -3.0004708E-02
      1105  3.0807411E-02 -3.0203821E-02
      1106  3.0961834E-02 -3.0403764E-02
      1107  3.1117031E-02 -3.0604531E-02
      1108  3.1273005E-02 -3.0806120E-02
      1109  3.1429762E-02 -3.1008525E-02
      1110  3.1587304E-02 -3.1211743E-02
      1111  3.1745636E-02 -3.1415769E-02
      1112  3.1904762E-02 -3.1620598E-02
      1113  3.2064685E-02 -3.1826226E-02
      1114  3.2225410E-02 -3.2032647E-02
      1115  3.2386941E-02 -3.2239857E-02
      1116  3.2549281E-02 -3.2447849E-02
      1117  3.2712435E-02 -3.2656620E-02
      1118  3.2876407E-02 -3.2866162E-02
      1119  3.3041200E-02 -3.3076471E-02
      1120  3.3206820E-02 -3.3287540E-02
      1121  3.3373270E-02 -3.3499363E-02
      1122  3.3540554E-02 -3.3711935E-02
      1123  3.3708677E-02 -3.3925248E-02
      1124  3.3877642E-02 -3.4139295E-02
      1125  3.4047455E-02 -3.4354072E-02
      1126  3.4218118E-02 -3.4569569E-02
      1127  3.4389637E-02 -3.4785780E-02
      1128  3.4562016E-02 -3.5002698E-02
      1129  3.4735259E-02 -3.5220315E-02
      1130  3.4909370E-02 -3.5438624E-02
      1131  3.5084354E-02 -3.5657616E-02
      1132  3.5260215E-02 -3.5877284E-02
      1133  3.5436958E-02 -3.6097619E-02
      1134  3.5614586E-02 -3.6318613E-02
      1135  3.5793105E-02 -3.6540257E-02
      1136  3.5972519E-02 -3.6762542E-02
      1137  3.6152832E-02 -3.6985459E-02
      1138  3.6334049E-02 -3.7209000E-02
      1139  3.6516174E-02 -3.7433153E-02
      1140  3.6699212E-02 -3.7657911E-02
      1141  3.6883167E-02 -3.7883263E-02
      1142  3.7068045E-02 -3.8109198E-02
      1143  3.7253849E-02 -3.8335707E-02
      1144  3.7440585E-02 -3.8562778E-02
      1145  3.7628257E-02 -3.8790402E-02
      1146  3.7816869E-02 -3.9018568E-02
      1147  3.8006427E-02 -3.9247263E-02
      1148  3.8196935E-02 -3.9476477E-02
      1149  3.8388398E-02 -3.9706199E-02
      1150  3.8580821E-02 -3.9936415E-02
      1151  3.8774208E-02 -4.0167115E-02
      1152  3.8968564E-02 -4.0398286E-02
      1153  3.9163895E-02 -4.0629914E-02
      1154  3.9360205E-02 -4.0861989E-02
      1155  3.9557499E-02 -4.1094496E-02
      1156  3.9755782E-02 -4.1327422E-02
      1157  3.9955058E-02 -4.1560754E-02
      1158  4.0155334E-02 -4.1794478E-02
      1159  4.0356613E-02 -4.2028580E-02
      1160  4.0558902E-02 -4.2263046E-02
      1161  4.0762204E-02 -4.2497861E-02
      1162  4.0966525E-02 -4.2733011E-02
      1163  4.1171871E-02 -4.2968480E-02
      1164  4.1378246E-02 -4.3204254E-02
      1165  4.1585655E-02 -4.3440316E-02
      1166  4.1794104E-02 -4.3676652E-02
      1167  4.2003598E-02 -4.3913245E-02
      1168  4.2214142E-02 -4.4150078E-02
      1169  4.2425741E-02 -4.4387136E-02
      1170  4.2638401E-02 -4.4624401E-02
      1171  4.2852127E-02 -4.4861857E-02
      1172  4.3066924E-02 -4.5099485E-02
      1173  4.3282798E-02 -4.5337269E-02
      1174  4.3499754E-02 -4.5575191E-02
      1175  4.3717797E-02 -4.5813231E-02
      1176  4.3936934E-02 -4.6051373E-02
      1177  4.4157168E-02 -4.6289597E-02
      1178  4.4378507E-02 -4.6527883E-02
      1179  4.4600955E-02 -4.6766214E-02
      1180  4.4824519E-02 -4.7004569E-02
      1181  4.5049202E-02 -4.7242928E-02
      1182  4.5275012E-02 -4.7481271E-02
      1183  4.5501954E-02 -4.7719578E-02
      1184  4.5730034E-02 -4.7957827E-02
      1185  4.5959257E-02 -4.8195999E-02
      1186  4.6189628E-02 -4.8434072E-02
      1187  4.6421155E-02 -4.8672023E-02
      1188  4.6653842E-02 -4.8909831E-02
      1189  4.6887695E-02 -4.9147475E-02
      1190  4.7122721E-02 -4.9384930E-02
      1191  4.7358924E-02 -4.9622175E-02
      1192  4.7596312E-02 -4.9859186E-02
      1193  4.7834889E-02 -5.0095940E-02
      1194  4.8074663E-02 -5.0332414E-02
      1195  4.8315638E-02 -5.0568582E-02
      1196  4.8557821E-02 -5.0804421E-02
      1197  4.8801218E-02 -5.1039906E-02
      1198  4.9045835E-02 -5.1275012E-02
      1199  4.9291679E-02 -5.1509714E-02
      1200  4.9538754E-02 -5.1743986E-02
      1201  4.9787068E-02 -5.1977802E-02
      1202  5.0036627E-02 -5.2211135E-02
      1203  5.0287437E-02 -5.2443961E-02
      1204  5.0539504E-02 -5.2676250E-02
      1205  5.0792834E-02 -5.2907977E-02
      1206  5.1047434E-02 -5.3139114E-02
      1207  5.1303310E-02 -5.3369632E-02
      1208  5.1560469E-02 -5.3599505E-02
      1209  5.1818917E-02 -5.3828702E-02
      1210  5.2078661E-02 -5.4057196E-02
      1211  5.2339706E-02 -5.4284956E-02
      1212  5.2602060E-02 -5.4511955E-02
      1213  5.2865729E-02 -5.4738161E-02
      1214  5.3130719E-02 -5.4963545E-02
      1215  5.3397038E-02 -5.5188077E-02
      1216  5.3664692E-02 -5.5411725E-02
      1217  5.3933687E-02 -5.5634458E-02
      1218  5.4204031E-02 -5.5856246E-02
      1219  5.4475730E-02 -5.6077055E-02
      1220  5.4748791E-02 -5.6296855E-02
      1221  5.5023220E-02 -5.6515612E-02
      1222  5.5299025E-02 -5.6733294E-02
      1223  5.5576213E-02 -5.6949867E-02
      1224  5.5854790E-02 -5.7165299E-02
      1225  5.6134763E-02 -5.7379556E-02
      1226  5.6416140E-02 -5.7592603E-02
      1227  5.6698927E-02 -5.7804406E-02
      1228  5.6983131E-02 -5.8014931E-02
      1229  5.7268760E-02 -5.8224141E-02
      1230  5.7555821E-02 -5.8432003E-02
      1231  5.7844321E-02 -5.8638479E-02
      1232  5.8134267E-02 -5.8843535E-02
      1233  5.8425666E-02 -5.9047133E-02
      1234  5.8718526E-02 -5.9249237E-02
      1235  5.9012854E-02 -5.9449810E-02
      1236  5.9308657E-02 -5.9648814E-02
      1237  5.9605943E-02 -5.9846212E-02
      1238  5.9904719E-02 -6.0041966E-02
      1239  6.0204992E-02 -6.0236037E-02
      1240  6.0506771E-02 -6.0428387E-02
      1241  6.0810063E-02 -6.0618977E-02
      1242  6.1114874E-02 -6.0807768E-02
      1243  6.1421214E-02 -6.0994719E-02
      1244  6.1729089E-02 -6.1179791E-02
      1245  6.2038507E-02 -6.1362944E-02
      1246  6.2349477E-02 -6.1544137E-02
      1247  6.2662005E-02 -6.1723330E-02
      1248  6.2976099E-02 -6.1900480E-02
      1249  6.3291768E-02 -6.2075547E-02
      1250  6.3609020E-02 -6.2248489E-02
      1251  6.3927861E-02 -6.2419264E-02
      1252  6.4248301E-02 -6.2587829E-02
      1253  6.4570347E-02 -6.2754142E-02
      1254  6.4894007E-02 -6.2918160E-02
      1255  6.5219290E-02 -6.3079840E-02
      1256  6.5546203E-02 -6.3239137E-02
      1257  6.5874754E-02 -6.3396009E-02
      1258  6.6204953E-02 -6.3550410E-02
      1259  6.6536807E-02 -6.3702297E-02
      1260  6.6870324E-02 -6.3851626E-02
      1261  6.7205513E-02 -6.3998350E-02
      1262  6.7542382E-02 -6.4142426E-02
      1263  6.7880939E-02 -6.4283806E-02
      1264  6.8221194E-02 -6.4422447E-02
      1265  6.8563154E-02 -6.4558301E-02
      1266  6.8906828E-02 -6.4691323E-02
      1267  6.9252225E-02 -6.4821466E-02
      1268  6.9599354E-02 -6.4948683E-02
      1269  6.9948222E-02 -6.5072928E-02
      1270  7.0298839E-02 -6.5194153E-02
      1271  7.0651213E-02 -6.5312311E-02
      1272  7.1005354E-02 -6.5427353E-02
      1273  7.1361270E-02 -6.5539234E-02
      1274  7.1718969E-02 -6.5647903E-02
      1275  7.2078462E-02 -6.5753313E-02
      1276  7.2439757E-02 -6.5855416E-02
      1277  7.2802863E-02 -6.5954163E-02
      1278  7.3167789E-02 -6.6049505E-02
      1279  7.3534544E-02 -6.6141393E-02
      1280  7.3903137E-02 -6.6229777E-02
      1281  7.4273578E-02 -6.6314609E-02
      1282  7.4645876E-02 -6.6395838E-02
      1283  7.5020040E-02 -6.6473416E-02
      1284  7.5396080E-02 -6.6547291E-02
      1285  7.5774004E-02 -6.6617415E-02
      1286  7.6153823E-02 -6.6683737E-02
      1287  7.6535545E-02 -6.6746206E-02
      1288  7.6919181E-02 -6.6804773E-02
      1289  7.7304740E-02 -6.6859387E-02
      1290  7.7692232E-02 -6.6909996E-02
      1291  7.8081666E-02 -6.6956551E-02
      1292  7.8473052E-02 -6.6999001E-02
      1293  7.8866400E-02 -6.7037294E-02
      1294  7.9261719E-02 -6.7071380E-02
      1295  7.9659020E-02 -6.7101207E-02
      1296  8.0058313E-02 -6.7126725E-02
      1297  8.0459607E-02 -6.7147882E-02
      1298  8.0862912E-02 -6.7164627E-02
      1299  8.1268239E-02 -6.7176909E-02
      1300  8.1675598E-02 -6.7184677E-02
      1301  8.2084999E-02 -6.7187878E-02
      1302  8.2496451E-02 -6.7186463E-02
      1303  8.2909967E-02 -6.7180379E-02
      1304  8.3325555E-02 -6.7169576E-02
      1305  8.3743226E-02 -6.7154002E-02
      1306  8.4162990E-02 -6.7133606E-02
      1307  8.4584859E-02 -6.7108336E-02
      1308  8.5008842E-02 -6.7078142E-02
      1309  8.5434951E-02 -6.7042973E-02
      1310  8.5863195E-02 -6.7002777E-02
      1311  8.6293586E-02 -6.6957504E-02
      1312  8.6726135E-02 -6.6907102E-02
      1313  8.7160851E-02 -6.6851522E-02
      1314  8.7597747E-02 -6.6790712E-02
      1315  8.8036833E-02 -6.6724623E-02
      1316  8.8478119E-02 -6.6653203E-02
      1317  8.8921617E-02 -6.6576403E-02
      1318  8.9367339E-02 -6.6494173E-02
      1319  8.9815295E-02 -6.6406463E-02
      1320  9.0265496E-02 -6.6313223E-02
      1321  9.0717953E-02 -6.6214404E-02
      1322  9.1172679E-02 -6.6109957E-02
      1323  9.1629684E-02 -6.5999832E-02
      1324  9.2088980E-02 -6.5883982E-02
      1325  9.2550578E-02 -6.5762357E-02
      1326  9.3014489E-02 -6.5634910E-02
      1327  9.3480726E-02 -6.5501592E-02
      1328  9.3949300E-02 -6.5362356E-02
      1329  9.4420223E-02 -6.5217155E-02
      1330  9.4893507E-02 -6.5065942E-02
      1331  9.5369162E-02 -6.4908669E-02
      1332  9.5847202E-02 -6.4745292E-02
      1333  9.6327638E-02 -6.4575763E-02
      1334  9.6810483E-02 -6.4400037E-02
      1335  9.7295747E-02 -6.4218070E-02
      1336  9.7783444E-02 -6.4029816E-02
      1337  9.8273586E-02 -6.3835231E-02
      1338  9.8766184E-02 -6.3634271E-02
      1339  9.9261252E-02 -6.3426893E-02
      1340  9.9758801E-02 -6.3213054E-02
      1341  1.0025884E-01 -6.2992712E-02
      1342  1.0076139E-01 -6.2765824E-02
      1343  1.0126646E-01 -6.2532349E-02
      1344  1.0177406E-01 -6.2292246E-02
      1345  1.0228421E-01 -6.2045475E-02
      1346  1.0279691E-01 -6.1791996E-02
      1347  1.0331218E-01 -6.1531770E-02
      1348  1.0383003E-01 -6.1264758E-02
      1349  1.0435048E-01 -6.0990922E-02
      1350  1.0487354E-01 -6.0710226E-02
      1351  1.0539922E-01 -6.0422631E-02
      1352  1.0592754E-01 -6.0128102E-02
      1353  1.0645850E-01 -5.9826604E-02
      1354  1.0699213E-01 -5.9518103E-02
      1355  1.0752843E-01 -5.9202563E-02
      1356  1.0806742E-01 -5.8879953E-02
      1357  1.0860911E-01 -5.8550238E-02
      1358  1.0915351E-01 -5.8213389E-02
      1359  1.0970065E-01 -5.7869373E-02
      1360  1.1025053E-01 -5.7518162E-02
      1361  1.1080316E-01 -5.7159725E-02
      1362  1.1135856E-01 -5.6794034E-02
      1363  1.1191675E-01 -5.6421061E-02
      1364  1.1247773E-01 -5.6040780E-02
      1365  1.1304153E-01 -5.5653165E-02
      1366  1.1360815E-01 -5.5258192E-02
      1367  1.1417762E-01 -5.4855835E-02
      1368  1.1474993E-01 -5.4446073E-02
      1369  1.1532512E-01 -5.4028882E-02
      1370  1.1590319E-01 -5.3604243E-02
      1371  1.1648416E-01 -5.3172134E-02
      1372  1.1706804E-01 -5.2732538E-02
      1373  1.1765484E-01 -5.2285435E-02
      1374  1.1824459E-01 -5.1830810E-02
      1375  1.1883729E-01 -5.1368645E-02
      1376  1.1943297E-01 -5.0898927E-02
      1377  1.2003163E-01 -5.0421642E-02
      1378  1.2063329E-01 -4.9936776E-02
      1379  1.2123797E-01 -4.9444320E-02
      1380  1.2184567E-01 -4.8944263E-02
      1381  1.2245643E-01 -4.8436595E-02
      1382  1.2307024E-01 -4.7921308E-02
      1383  1.2368714E-01 -4.7398398E-02
      1384  1.2430712E-01 -4.6867857E-02
      1385  1.2493021E-01 -4.6329682E-02
      1386  1.2555643E-01 -4.5783871E-02
      1387  1.2618578E-01 -4.5230421E-02
      1388  1.2681829E-01 -4.4669333E-02
      1389  1.2745397E-01 -4.4100607E-02
      1390  1.2809284E-01 -4.3524247E-02
      1391  1.2873490E-01 -4.2940257E-02
      1392  1.2938019E-01 -4.2348641E-02
      1393  1.3002871E-01 -4.1749406E-02
      1394  1.3068048E-01 -4.1142561E-02
      1395  1.3133552E-01 -4.0528115E-02
      1396  1.3199384E-01 -3.9906079E-02
      1397  1.3265547E-01 -3.9276466E-02
      1398  1.3332040E-01 -3.8639290E-02
      1399  1.3398867E-01 -3.7994567E-02
      1400  1.3466030E-01 -3.7342313E-02
      1401  1.3533528E-01 -3.6682547E-02
      1402  1.3601365E-01 -3.6015290E-02
      1403  1.3669543E-01 -3.5340563E-02
      1404  1.3738061E-01 -3.4658390E-02
      1405  1.3806924E-01 -3.3968796E-02
      1406  1.3876131E-01 -3.3271807E-02
      1407  1.3945686E-01 -3.2567452E-02
      1408  1.4015589E-01 -3.1855762E-02
      1409  1.4085842E-01 -3.1136767E-02
      1410  1.4156448E-01 -3.0410501E-02
      1411  1.4227407E-01 -2.9676999E-02
      1412  1.4298722E-01 -2.8936299E-02
      1413  1.4370395E-01 -2.8188438E-02
      1414  1.4442427E-01 -2.7433458E-02
      1415  1.4514820E-01 -2.6671399E-02
      1416  1.4587576E-01 -2.5902307E-02
      1417  1.4660696E-01 -2.5126227E-02
      1418  1.4734183E-01 -2.4343207E-02
      1419  1.4808039E-01 -2.3553295E-02
      1420  1.4882264E-01 -2.2756544E-02
      1421  1.4956862E-01 -2.1953006E-02
      1422  1.5031834E-01 -2.1142737E-02
      1423  1.5107181E-01 -2.0325793E-02
      1424  1.5182906E-01 -1.9502233E-02
      1425  1.5259011E-01 -1.8672118E-02
      1426  1.5335497E-01 -1.7835510E-02
      1427  1.5412366E-01 -1.6992474E-02
      1428  1.5489621E-01 -1.6143076E-02
      1429  1.5567263E-01 -1.5287385E-02
      1430  1.5645294E-01 -1.4425472E-02
      1431  1.5723717E-01 -1.3557407E-02
      1432  1.5802532E-01 -1.2683267E-02
      1433  1.5881743E-01 -1.1803127E-02
      1434  1.5961350E-01 -1.0917065E-02
      1435  1.6041357E-01 -1.0025162E-02
      1436  1.6121764E-01 -9.1275009E-03
      1437  1.6202575E-01 -8.2241646E-03
      1438  1.6283791E-01 -7.3152404E-03
      1439  1.6365414E-01 -6.4008166E-03
      1440  1.6447446E-01 -5.4809831E-03
      1441  1.6529889E-01 -4.5558333E-03
      1442  1.6612745E-01 -3.6254610E-03
      1443  1.6696017E-01 -2.6899628E-03
      1444  1.6779706E-01 -1.7494379E-03
      1445  1.6863815E-01 -8.0398637E-04
      1446  1.6948345E-01  1.4628902E-04
      1447  1.7033299E-01  1.1012829E-03
      1448  1.7118679E-01  2.0608891E-03
      1449  1.7204486E-01  3.0249985E-03
      1450  1.7290724E-01  3.9934998E-03
      1451  1.7377394E-01  4.9662806E-03
      1452  1.7464499E-01  5.9432253E-03
      1453  1.7552040E-01  6.9242167E-03
      1454  1.7640020E-01  7.9091364E-03
      1455  1.7728441E-01  8.8978621E-03
      1456  1.7817305E-01  9.8902711E-03
      1457  1.7906615E-01  1.0886238E-02
      1458  1.7996372E-01  1.1885636E-02
      1459  1.8086579E-01  1.2888334E-02
      1460  1.8177239E-01  1.3894202E-02
      1461  1.8268352E-01  1.4903107E-02
      1462  1.8359923E-01  1.5914912E-02
      1463  1.8451952E-01  1.6929480E-02
      1464  1.8544443E-01  1.7946672E-02
      1465  1.8637398E-01  1.8966346E-02
      1466  1.8730818E-01  1.9988360E-02
      1467  1.8824707E-01  2.1012566E-02
      1468  1.8919066E-01  2.2038819E-02
      1469  1.9013898E-01  2.3066968E-02
      1470  1.9109206E-01  2.4096863E-02
      1471  1.9204991E-01  2.5128351E-02
      1472  1.9301256E-01  2.6161275E-02
      1473  1.9398004E-01  2.7195480E-02
      1474  1.9495237E-01  2.8230806E-02
      1475  1.9592957E-01  2.9267093E-02
      1476  1.9691168E-01  3.0304178E-02
      1477  1.9789870E-01  3.1341897E-02
      1478  1.9889067E-01  3.2380084E-02
      1479  1.9988761E-01  3.3418570E-02
      1480  2.0088955E-01  3.4457186E-02
      1481  2.0189652E-01  3.5495761E-02
      1482  2.0290853E-01  3.6534121E-02
      1483  2.0392561E-01  3.7572091E-02
      1484  2.0494779E-01  3.8609494E-02
      1485  2.0597510E-01  3.9646153E-02
      1486  2.0700755E-01  4.0681887E-02
      1487  2.0804518E-01  4.1716515E-02
      1488  2.0908801E-01  4.2749853E-02
      1489  2.1013607E-01  4.3781717E-02
      1490  2.1118938E-01  4.4811921E-02
      1491  2.1224797E-01  4.5840277E-02
      1492  2.1331187E-01  4.6866594E-02
      1493  2.1438110E-01  4.7890684E-02
      1494  2.1545569E-01  4.8912353E-02
      1495  2.1653567E-01  4.9931407E-02
      1496  2.1762106E-01  5.0947652E-02
      1497  2.1871189E-01  5.1960892E-02
      1498  2.1980818E-01  5.2970928E-02
      1499  2.2090998E-01  5.3977562E-02
      1500  2.2201729E-01  5.4980593E-02
      1501  2.2313016E-01  5.5979819E-02
      1502  2.2424860E-01  5.6975040E-02
      1503  2.2537266E-01  5.7966049E-02
      1504  2.2650234E-01  5.8952642E-02
      1505  2.2763769E-01  5.9934614E-02
      1506  2.2877873E-01  6.0911756E-02
      1507  2.2992549E-01  6.1883862E-02
      1508  2.3107799E-01  6.2850721E-02
      1509  2.3223627E-01  6.3812123E-02
      1510  2.3340036E-01  6.4767857E-02
      1511  2.3457029E-01  6.5717713E-02
      1512  2.3574608E-01  6.6661475E-02
      1513  2.3692776E-01  6.7598932E-02
      1514  2.3811536E-01  6.8529869E-02
      1515  2.3930892E-01  6.9454070E-02
      1516  2.4050846E-01  7.0371322E-02
      1517  2.4171402E-01  7.1281405E-02
      1518  2.4292561E-01  7.2184104E-02
      1519  2.4414328E-01  7.3079203E-02
      1520  2.4536706E-01  7.3966481E-02
      1521  2.4659696E-01  7.4845722E-02
      1522  2.4783304E-01  7.5716708E-02
      1523  2.4907530E-01  7.6579217E-02
      1524  2.5032380E-01  7.7433032E-02
      1525  2.5157855E-01  7.8277934E-02
      1526  2.5283960E-01  7.9113702E-02
      1527  2.5410696E-01  7.9940116E-02
      1528  2.5538068E-01  8.0756958E-02
      1529  2.5666078E-01  8.1564006E-02
      1530  2.5794729E-01  8.2361043E-02
      1531  2.5924026E-01  8.3147847E-02
      1532  2.6053971E-01  8.3924200E-02
      1533  2.6184567E-01  8.4689882E-02
      1534  2.6315818E-01  8.5444675E-02
      1535  2.6447726E-01  8.6188360E-02
      1536  2.6580296E-01  8.6920721E-02
      1537  2.6713530E-01  8.7641537E-02
      1538  2.6847432E-01  8.8350593E-02
      1539  2.6982006E-01  8.9047674E-02
      1540  2.7117254E-01  8.9732562E-02
      1541  2.7253179E-01  9.0405043E-02
      1542  2.7389786E-01  9.1064904E-02
      1543  2.7527078E-01  9.1711931E-02
      1544  2.7665058E-01  9.2345911E-02
      1545  2.7803730E-01  9.2966635E-02
      1546  2.7943097E-01  9.3573890E-02
      1547  2.8083162E-01  9.4167469E-02
      1548  2.8223930E-01  9.4747164E-02
      1549  2.8365403E-01  9.5312768E-02
      1550  2.8507585E-01  9.5864076E-02
      1551  2.8650480E-01  9.6400884E-02
      1552  2.8794091E-01  9.6922990E-02
      1553  2.8938422E-01  9.7430193E-02
      1554  2.9083476E-01  9.7922293E-02
      1555  2.9229258E-01  9.8399093E-02
      1556  2.9375770E-01  9.8860398E-02
      1557  2.9523017E-01  9.9306012E-02
      1558  2.9671001E-01  9.9735744E-02
      1559  2.9819728E-01  1.0014940E-01
      1560  2.9969200E-01  1.0054680E-01
      1561  3.0119421E-01  1.0092775E-01
      1562  3.0270395E-01  1.0129207E-01
      1563  3.0422126E-01  1.0163957E-01
      1564  3.0574618E-01  1.0197008E-01
      1565  3.0727874E-01  1.0228341E-01
      1566  3.0881898E-01  1.0257940E-01
      1567  3.1036694E-01  1.0285786E-01
      1568  3.1192266E-01  1.0311864E-01
      1569  3.1348618E-01  1.0336155E-01
      1570  3.1505754E-01  1.0358645E-01
      1571  3.1663677E-01  1.0379315E-01
      1572  3.1822392E-01  1.0398150E-01
      1573  3.1981902E-01  1.0415135E-01
      1574  3.2142212E-01  1.0430254E-01
      1575  3.2303326E-01  1.0443491E-01
      1576  3.2465247E-01  1.0454833E-01
      1577  3.2627979E-01  1.0464264E-01
      1578  3.2791528E-01  1.0471770E-01
      1579  3.2955896E-01  1.0477337E-01
      1580  3.3121088E-01  1.0480952E-01
      1581  3.3287108E-01  1.0482601E-01
      1582  3.3453961E-01  1.0482271E-01
      1583  3.3621649E-01  1.0479949E-01
      1584  3.3790179E-01  1.0475624E-01
      1585  3.3959553E-01  1.0469283E-01
      1586  3.4129776E-01  1.0460915E-01
      1587  3.4300852E-01  1.0450508E-01
      1588  3.4472785E-01  1.0438052E-01
      1589  3.4645581E-01  1.0423536E-01
      1590  3.4819243E-01  1.0406950E-01
      1591  3.4993775E-01  1.0388283E-01
      1592  3.5169182E-01  1.0367528E-01
      1593  3.5345468E-01  1.0344674E-01
      1594  3.5522638E-01  1.0319713E-01
      1595  3.5700696E-01  1.0292637E-01
      1596  3.5879647E-01  1.0263439E-01
      1597  3.6059494E-01  1.0232110E-01
      1598  3.6240243E-01  1.0198644E-01
      1599  3.6421898E-01  1.0163034E-01
      1600  3.6604463E-01  1.0125274E-01
      1601  3.6787944E-01  1.0085358E-01
      1602  3.6972344E-01  1.0043282E-01
      1603  3.7157669E-01  9.9990396E-02
      1604  3.7343923E-01  9.9526272E-02
      1605  3.7531110E-01  9.9040407E-02
      1606  3.7719235E-01  9.8532765E-02
      1607  3.7908304E-01  9.8003315E-02
      1608  3.8098320E-01  9.7452033E-02
      1609  3.8289289E-01  9.6878896E-02
      1610  3.8481214E-01  9.6283887E-02
      1611  3.8674102E-01  9.5666994E-02
      1612  3.8867957E-01  9.5028210E-02
      1613  3.9062784E-01  9.4367532E-02
      1614  3.9258587E-01  9.3684962E-02
      1615  3.9455371E-01  9.2980505E-02
      1616  3.9653142E-01  9.2254176E-02
      1617  3.9851904E-01  9.1505988E-02
      1618  4.0051663E-01  9.0735964E-02
      1619  4.0252422E-01  8.9944129E-02
      1620  4.0454189E-01  8.9130516E-02
      1621  4.0656966E-01  8.8295159E-02
      1622  4.0860760E-01  8.7438099E-02
      1623  4.1065575E-01  8.6559384E-02
      1624  4.1271417E-01  8.5659062E-02
      1625  4.1478291E-01  8.4737192E-02
      1626  4.1686202E-01  8.3793832E-02
      1627  4.1895155E-01  8.2829050E-02
      1628  4.2105155E-01  8.1842917E-02
      1629  4.2316208E-01  8.0835509E-02
      1630  4.2528319E-01  7.9806907E-02
      1631  4.2741493E-01  7.8757197E-02
      1632  4.2955736E-01  7.7686472E-02
      1633  4.3171052E-01  7.6594828E-02
      1634  4.3387448E-01  7.5482367E-02
      1635  4.3604929E-01  7.4349196E-02
      1636  4.3823499E-01  7.3195427E-02
      1637  4.4043165E-01  7.2021178E-02
      1638  4.4263933E-01  7.0826570E-02
      1639  4.4485807E-01  6.9611733E-02
      1640  4.4708793E-01  6.8376798E-02
      1641  4.4932896E-01  6.7121904E-02
      1642  4.5158123E-01  6.5847195E-02
      1643  4.5384480E-01  6.4552818E-02
      1644  4.5611970E-01  6.3238928E-02
      1645  4.5840601E-01  6.1905683E-02
      1646  4.6070378E-01  6.0553247E-02
      1647  4.6301307E-01  5.9181789E-02
      1648  4.6533393E-01  5.7791485E-02
      1649  4.6766643E-01  5.6382511E-02
      1650  4.7001061E-01  5.4955056E-02
      1651  4.7236655E-01  5.3509307E-02
      1652  4.7473430E-01  5.2045458E-02
      1653  4.7711392E-01  5.0563713E-02
      1654  4.7950546E-01  4.9064273E-02
      1655  4.8190899E-01  4.7547349E-02
      1656  4.8432457E-01  4.6013158E-02
      1657  4.8675226E-01  4.4461918E-02
      1658  4.8919211E-01  4.2893855E-02
      1659  4.9164420E-01  4.1309201E-02
      1660  4.9410857E-01  3.9708188E-02
      1661  4.9658530E-01  3.8091057E-02
      1662  4.9907445E-01  3.6458055E-02
      1663  5.0157607E-01  3.4809430E-02
      1664  5.0409023E-01  3.3145437E-02
      1665  5.0661699E-01  3.1466336E-02
      1666  5.0915642E-01  2.9772390E-02
      1667  5.1170858E-01  2.8063871E-02
      1668  5.1427353E-01  2.6341050E-02
      1669  5.1685133E-01  2.4604206E-02
      1670  5.1944206E-01  2.2853624E-02
      1671  5.2204578E-01  2.1089590E-02
      1672  5.2466254E-01  1.9312395E-02
      1673  5.2729242E-01  1.7522340E-02
      1674  5.2993549E-01  1.5719723E-02
      1675  5.3259180E-01  1.3904850E-02
      1676  5.3526143E-01  1.2078033E-02
      1677  5.3794444E-01  1.0239583E-02
      1678  5.4064090E-01  8.3898226E-03
      1679  5.4335087E-01  6.5290733E-03
      1680  5.4607443E-01  4.6576602E-03
      1681  5.4881164E-01  2.7759178E-03
      1682  5.5156257E-01  8.8417987E-04
      1683  5.5432728E-01 -1.0172158E-03
      1684  5.5710586E-01 -2.9279224E-03
      1685  5.5989837E-01 -4.8475957E-03
      1686  5.6270487E-01 -6.7758849E-03
      1687  5.6552544E-01 -8.7124321E-03
      1688  5.6836015E-01 -1.0656883E-02
      1689  5.7120906E-01 -1.2608873E-02
      1690  5.7407226E-01 -1.4568036E-02
      1691  5.7694981E-01 -1.6534007E-02
      1692  5.7984178E-01 -1.8506409E-02
      1693  5.8274825E-01 -2.0484867E-02
      1694  5.8566929E-01 -2.2469006E-02
      1695  5.8860497E-01 -2.4458439E-02
      1696  5.9155536E-01 -2.6452782E-02
      1697  5.9452055E-01 -2.8451649E-02
      1698  5.9750059E-01 -3.0454646E-02
      1699  6.0049558E-01 -3.2461379E-02
      1700  6.0350558E-01 -3.4471455E-02
      1701  6.0653066E-01 -3.6484468E-02
      1702  6.0957091E-01 -3.8500021E-02
      1703  6.1262639E-01 -4.0517708E-02
      1704  6.1569720E-01 -4.2537120E-02
      1705  6.1878339E-01 -4.4557851E-02
      1706  6.2188506E-01 -4.6579487E-02
      1707  6.2500227E-01 -4.8601612E-02
      1708  6.2813511E-01 -5.0623816E-02
      1709  6.3128365E-01 -5.2645676E-02
      1710  6.3444797E-01 -5.4666774E-02
      1711  6.3762815E-01 -5.6686690E-02
      1712  6.4082428E-01 -5.8704997E-02
      1713  6.4403642E-01 -6.0721273E-02
      1714  6.4726467E-01 -6.2735094E-02
      1715  6.5050909E-01 -6.4746026E-02
      1716  6.5376979E-01 -6.6753645E-02
      1717  6.5704682E-01 -6.8757521E-02
      1718  6.6034028E-01 -7.0757219E-02
      1719  6.6365025E-01 -7.2752311E-02
      1720  6.6697681E-01 -7.4742362E-02
      1721  6.7032005E-01 -7.6726937E-02
      1722  6.7368004E-01 -7.8705604E-02
      1723  6.7705687E-01 -8.0677927E-02
      1724  6.8045064E-01 -8.2643469E-02
      1725  6.8386141E-01 -8.4601798E-02
      1726  6.8728928E-01 -8.6552473E-02
      1727  6.9073433E-01 -8.8495060E-02
      1728  6.9419665E-01 -9.0429125E-02
      1729  6.9767633E-01 -9.2354227E-02
      1730  7.0117344E-01 -9.4269933E-02
      1731  7.0468809E-01 -9.6175808E-02
      1732  7.0822035E-01 -9.8071412E-02
      1733  7.1177032E-01 -9.9956315E-02
      1734  7.1533809E-01 -1.0183008E-01
      1735  7.1892373E-01 -1.0369227E-01
      1736  7.2252735E-01 -1.0554246E-01
      1737  7.2614904E-01 -1.0738021E-01
      1738  7.2978887E-01 -1.0920510E-01
      1739  7.3344696E-01 -1.1101668E-01
      1740  7.3712337E-01 -1.1281454E-01
      1741  7.4081822E-01 -1.1459824E-01
      1742  7.4453159E-01 -1.1636736E-01
      1743  7.4826357E-01 -1.1812147E-01
      1744  7.5201425E-01 -1.1986015E-01
      1745  7.5578374E-01 -1.2158297E-01
      1746  7.5957212E-01 -1.2328952E-01
      1747  7.6337949E-01 -1.2497937E-01
      1748  7.6720595E-01 -1.2665210E-01
      1749  7.7105159E-01 -1.2830731E-01
      1750  7.7491650E-01 -1.2994458E-01
      1751  7.7880078E-01 -1.3156348E-01
      1752  7.8270454E-01 -1.3316362E-01
      1753  7.8662786E-01 -1.3474459E-01
      1754  7.9057085E-01 -1.3630597E-01
      1755  7.9453360E-01 -1.3784736E-01
      1756  7.9851622E-01 -1.3936836E-01
      1757  8.0251880E-01 -1.4086858E-01
      1758  8.0654144E-01 -1.4234760E-01
      1759  8.1058425E-01 -1.4380503E-01
      1760  8.1464732E-01 -1.4524049E-01
      1761  8.1873075E-01 -1.4665357E-01
      1762  8.2283466E-01 -1.4804390E-01
      1763  8.2695913E-01 -1.4941107E-01
      1764  8.3110428E-01 -1.5075471E-01
      1765  8.3527021E-01 -1.5207444E-01
      1766  8.3945702E-01 -1.5336987E-01
      1767  8.4366482E-01 -1.5464063E-01
      1768  8.4789370E-01 -1.5588636E-01
      1769  8.5214379E-01 -1.5710666E-01
      1770  8.5641518E-01 -1.5830119E-01
      1771  8.6070798E-01 -1.5946957E-01
      1772  8.6502229E-01 -1.6061144E-01
      1773  8.6935824E-01 -1.6172646E-01
      1774  8.7371591E-01 -1.6281426E-01
      1775  8.7809543E-01 -1.6387449E-01
      1776  8.8249690E-01 -1.6490681E-01
      1777  8.8692044E-01 -1.6591088E-01
      1778  8.9136614E-01 -1.6688637E-01
      1779  8.9583414E-01 -1.6783293E-01
      1780  9.0032452E-01 -1.6875024E-01
      1781  9.0483742E-01 -1.6963799E-01
      1782  9.0937293E-01 -1.7049584E-01
      1783  9.1393119E-01 -1.7132350E-01
      1784  9.1851228E-01 -1.7212064E-01
      1785  9.2311635E-01 -1.7288697E-01
      1786  9.2774349E-01 -1.7362220E-01
      1787  9.3239382E-01 -1.7432603E-01
      1788  9.3706746E-01 -1.7499817E-01
      1789  9.4176453E-01 -1.7563836E-01
      1790  9.4648515E-01 -1.7624631E-01
      1791  9.5122942E-01 -1.7682176E-01
      1792  9.5599748E-01 -1.7736444E-01
      1793  9.6078944E-01 -1.7787411E-01
      1794  9.6560542E-01 -1.7835052E-01
      1795  9.7044553E-01 -1.7879342E-01
      1796  9.7530991E-01 -1.7920259E-01
      1797  9.8019867E-01 -1.7957779E-01
      1798  9.8511194E-01 -1.7991880E-01
      1799  9.9004983E-01 -1.8022541E-01
      1800  9.9501248E-01 -1.8049741E-01
      1801  1.0000000E+00 -1.8073460E-01
      1802  1.0050125E+00 -1.8093679E-01
      1803  1.0100502E+00 -1.8110379E-01
      1804  1.0151131E+00 -1.8123543E-01
      1805  1.0202013E+00 -1.8133152E-01
      1806  1.0253151E+00 -1.8139191E-01
      1807  1.0304545E+00 -1.8141644E-01
      1808  1.0356197E+00 -1.8140496E-01
      1809  1.0408108E+00 -1.8135732E-01
      1810  1.0460279E+00 -1.8127339E-01
      1811  1.0512711E+00 -1.8115304E-01
      1812  1.0565406E+00 -1.8099616E-01
      1813  1.0618365E+00 -1.8080262E-01
      1814  1.0671590E+00 -1.8057232E-01
      1815  1.0725082E+00 -1.8030517E-01
      1816  1.0778842E+00 -1.8000106E-01
      1817  1.0832871E+00 -1.7965993E-01
      1818  1.0887171E+00 -1.7928169E-01
      1819  1.0941743E+00 -1.7886628E-01
      1820  1.0996589E+00 -1.7841363E-01
      1821  1.1051709E+00 -1.7792369E-01
      1822  1.1107106E+00 -1.7739642E-01
      1823  1.1162781E+00 -1.7683178E-01
      1824  1.1218734E+00 -1.7622973E-01
      1825  1.1274969E+00 -1.7559027E-01
      1826  1.1331485E+00 -1.7491336E-01
      1827  1.1388284E+00 -1.7419901E-01
      1828  1.1445368E+00 -1.7344722E-01
      1829  1.1502738E+00 -1.7265799E-01
      1830  1.1560396E+00 -1.7183134E-01
      1831  1.1618342E+00 -1.7096729E-01
      1832  1.1676580E+00 -1.7006588E-01
      1833  1.1735109E+00 -1.6912713E-01
      1834  1.1793931E+00 -1.6815111E-01
      1835  1.1853049E+00 -1.6713787E-01
      1836  1.1912462E+00 -1.6608745E-01
      1837  1.1972174E+00 -1.6499994E-01
      1838  1.2032184E+00 -1.6387541E-01
      1839  1.2092496E+00 -1.6271395E-01
      1840  1.2153110E+00 -1.6151564E-01
      1841  1.2214028E+00 -1.6028058E-01
      1842  1.2275251E+00 -1.5900888E-01
      1843  1.2336781E+00 -1.5770066E-01
      1844  1.2398619E+00 -1.5635603E-01
      1845  1.2460767E+00 -1.5497512E-01
      1846  1.2523227E+00 -1.5355807E-01
      1847  1.2586000E+00 -1.5210501E-01
      1848  1.2649088E+00 -1.5061611E-01
      1849  1.2712492E+00 -1.4909151E-01
      1850  1.2776213E+00 -1.4753137E-01
      1851  1.2840254E+00 -1.4593588E-01
      1852  1.2904616E+00 -1.4430519E-01
      1853  1.2969301E+00 -1.4263951E-01
      1854  1.3034310E+00 -1.4093901E-01
      1855  1.3099645E+00 -1.3920390E-01
      1856  1.3165307E+00 -1.3743438E-01
      1857  1.3231298E+00 -1.3563066E-01
      1858  1.3297620E+00 -1.3379295E-01
      1859  1.3364275E+00 -1.3192148E-01
      1860  1.3431264E+00 -1.3001647E-01
      1861  1.3498588E+00 -1.2807817E-01
      1862  1.3566250E+00 -1.2610681E-01
      1863  1.3634251E+00 -1.2410265E-01
      1864  1.3702593E+00 -1.2206592E-01
      1865  1.3771278E+00 -1.1999691E-01
      1866  1.3840306E+00 -1.1789585E-01
      1867  1.3909681E+00 -1.1576304E-01
      1868  1.3979404E+00 -1.1359875E-01
      1869  1.4049476E+00 -1.1140325E-01
      1870  1.4119899E+00 -1.0917683E-01
      1871  1.4190675E+00 -1.0691979E-01
      1872  1.4261807E+00 -1.0463243E-01
      1873  1.4333294E+00 -1.0231504E-01
      1874  1.4405140E+00 -9.9967942E-02
      1875  1.4477346E+00 -9.7591436E-02
      1876  1.4549914E+00 -9.5185850E-02
      1877  1.4622846E+00 -9.2751499E-02
      1878  1.4696143E+00 -9.0288712E-02
      1879  1.4769808E+00 -8.7797825E-02
      1880  1.4843842E+00 -8.5279168E-02
      1881  1.4918247E+00 -8.2733084E-02
      1882  1.4993025E+00 -8.0159920E-02
      1883  1.5068178E+00 -7.7560019E-02
      1884  1.5143707E+00 -7.4933740E-02
      1885  1.5219616E+00 -7.2281437E-02
      1886  1.5295904E+00 -6.9603468E-02
      1887  1.5372575E+00 -6.6900203E-02
      1888  1.5449631E+00 -6.4172006E-02
      1889  1.5527072E+00 -6.1419247E-02
      1890  1.5604902E+00 -5.8642307E-02
      1891  1.5683122E+00 -5.5841559E-02
      1892  1.5761734E+00 -5.3017384E-02
      1893  1.5840740E+00 -5.0170172E-02
      1894  1.5920142E+00 -4.7300304E-02
      1895  1.5999942E+00 -4.4408174E-02
      1896  1.6080142E+00 -4.1494176E-02
      1897  1.6160744E+00 -3.8558702E-02
      1898  1.6241750E+00 -3.5602154E-02
      1899  1.6323162E+00 -3.2624933E-02
      1900  1.6404982E+00 -2.9627438E-02
      1901  1.6487213E+00 -2.6610079E-02
      1902  1.6569855E+00 -2.3573263E-02
      1903  1.6652912E+00 -2.0517396E-02
      1904  1.6736385E+00 -1.7442895E-02
      1905  1.6820276E+00 -1.4350171E-02
      1906  1.6904588E+00 -1.1239636E-02
      1907  1.6989323E+00 -8.1117135E-03
      1908  1.7074482E+00 -4.9668163E-03
      1909  1.7160069E+00 -1.8053651E-03
      1910  1.7246084E+00  1.3722147E-03
      1911  1.7332530E+00  4.5655071E-03
      1912  1.7419410E+00  7.7740853E-03
      1913  1.7506725E+00  1.0997523E-02
      1914  1.7594478E+00  1.4235400E-02
      1915  1.7682671E+00  1.7487286E-02
      1916  1.7771305E+00  2.0752755E-02
      1917  1.7860384E+00  2.4031382E-02
      1918  1.7949910E+00  2.7322735E-02
      1919  1.8039884E+00  3.0626388E-02
      1920  1.8130309E+00  3.3941914E-02
      1921  1.8221188E+00  3.7268878E-02
      1922  1.8312522E+00  4.0606857E-02
      1923  1.8404314E+00  4.3955421E-02
      1924  1.8496566E+00  4.7314137E-02
      1925  1.8589280E+00  5.0682580E-02
      1926  1.8682460E+00  5.4060320E-02
      1927  1.8776106E+00  5.7446926E-02
      1928  1.8870221E+00  6.0841975E-02
      1929  1.8964809E+00  6.4245036E-02
      1930  1.9059870E+00  6.7655681E-02
      1931  1.9155408E+00  7.1073488E-02
      1932  1.9251425E+00  7.4498027E-02
      1933  1.9347923E+00  7.7928874E-02
      1934  1.9444905E+00  8.1365608E-02
      1935  1.9542373E+00  8.4807801E-02
      1936  1.9640330E+00  8.8255034E-02
      1937  1.9738777E+00  9.1706888E-02
      1938  1.9837718E+00  9.5162938E-02
      1939  1.9937155E+00  9.8622770E-02
      1940  2.0037091E+00  1.0208597E-01
      1941  2.0137527E+00  1.0555211E-01
      1942  2.0238467E+00  1.0902078E-01
      1943  2.0339913E+00  1.1249158E-01
      1944  2.0441867E+00  1.1596408E-01
      1945  2.0544332E+00  1.1943788E-01
      1946  2.0647311E+00  1.2291257E-01
      1947  2.0750806E+00  1.2638774E-01
      1948  2.0854820E+00  1.2986299E-01
      1949  2.0959355E+00  1.3333792E-01
      1950  2.1064414E+00  1.3681212E-01
      1951  2.1170000E+00  1.4028520E-01
      1952  2.1276115E+00  1.4375675E-01
      1953  2.1382762E+00  1.4722638E-01
      1954  2.1489944E+00  1.5069370E-01
      1955  2.1597663E+00  1.5415832E-01
      1956  2.1705921E+00  1.5761984E-01
      1957  2.1814723E+00  1.6107789E-01
      1958  2.1924069E+00  1.6453206E-01
      1959  2.2033964E+00  1.6798199E-01
      1960  2.2144410E+00  1.7142729E-01
      1961  2.2255409E+00  1.7486757E-01
      1962  2.2366965E+00  1.7830247E-01
      1963  2.2479080E+00  1.8173160E-01
      1964  2.2591757E+00  1.8515460E-01
      1965  2.2704998E+00  1.8857109E-01
      1966  2.2818808E+00  1.9198071E-01
      1967  2.2933187E+00  1.9538309E-01
      1968  2.3048140E+00  1.9877786E-01
      1969  2.3163670E+00  2.0216467E-01
      1970  2.3279778E+00  2.0554315E-01
      1971  2.3396469E+00  2.0891294E-01
      1972  2.3513744E+00  2.1227370E-01
      1973  2.3631607E+00  2.1562506E-01
      1974  2.3750061E+00  2.1896667E-01
      1975  2.3869109E+00  2.2229819E-01
      1976  2.3988753E+00  2.2561926E-01
      1977  2.4108997E+00  2.2892955E-01
      1978  2.4229844E+00  2.3222870E-01
      1979  2.4351297E+00  2.3551638E-01
      1980  2.4473358E+00  2.3879225E-01
      1981  2.4596031E+00  2.4205596E-01
      1982  2.4719319E+00  2.4530718E-01
      1983  2.4843225E+00  2.4854558E-01
      1984  2.4967753E+00  2.5177083E-01
      1985  2.5092904E+00  2.5498259E-01
      1986  2.5218683E+00  2.5818053E-01
      1987  2.5345092E+00  2.6136433E-01
      1988  2.5472135E+00  2.6453365E-01
      1989  2.5599814E+00  2.6768818E-01
      1990  2.5728134E+00  2.7082760E-01
      1991  2.5857097E+00  2.7395157E-01
      1992  2.5986706E+00  2.7705978E-01
      1993  2.6116965E+00  2.8015191E-01
      1994  2.6247877E+00  2.8322764E-01
      1995  2.6379445E+00  2.8628666E-01
      1996  2.6511672E+00  2.8932864E-01
      1997  2.6644562E+00  2.9235328E-01
      1998  2.6778119E+00  2.9536027E-01
      1999  2.6912345E+00  2.9834928E-01
      2000  2.7047243E+00  3.0132001E-01
      2001  2.7182818E+00  3.0427215E-01
      2002  2.7319073E+00  3.0720540E-01
      2003  2.7456010E+00  3.1011943E-01
      2004  2.7593634E+00  3.1301395E-01
      2005  2.7731948E+00  3.1588865E-01
      2006  2.7870955E+00  3.1874322E-01
      2007  2.8010658E+00  3.2157737E-01
      2008  2.8151062E+00  3.2439079E-01
      2009  2.8292170E+00  3.2718317E-01
      2010  2.8433985E+00  3.2995421E-01
      2011  2.8576511E+00  3.3270363E-01
      2012  2.8719752E+00  3.3543110E-01
      2013  2.8863710E+00  3.3813635E-01
      2014  2.9008390E+00  3.4081907E-01
      2015  2.9153795E+00  3.4347896E-01
      2016  2.9299929E+00  3.4611574E-01
      2017  2.9446796E+00  3.4872910E-01
      2018  2.9594398E+00  3.5131875E-01
      2019  2.9742741E+00  3.5388441E-01
      2020  2.9891827E+00  3.5642579E-01
      2021  3.0041660E+00  3.5894258E-01
      2022  3.0192245E+00  3.6143452E-01
      2023  3.0343584E+00  3.6390130E-01
      2024  3.0495682E+00  3.6634265E-01
      2025  3.0648542E+00  3.6875827E-01
      2026  3.0802168E+00  3.7114790E-01
      2027  3.0956565E+00  3.7351125E-01
      2028  3.1111735E+00  3.7584804E-01
      2029  3.1267684E+00  3.7815799E-01
      2030  3.1424414E+00  3.8044083E-01
      2031  3.1581929E+00  3.8269628E-01
      2032  3.1740234E+00  3.8492408E-01
      2033  3.1899333E+00  3.8712394E-01
      2034  3.2059229E+00  3.8929561E-01
      2035  3.2219926E+00  3.9143882E-01
      2036  3.2381429E+00  3.9355331E-01
      2037  3.2543742E+00  3.9563880E-01
      2038  3.2706868E+00  3.9769505E-01
      2039  3.2870812E+00  3.9972180E-01
      2040  3.3035578E+00  4.0171878E-01
      2041  3.3201169E+00  4.0368576E-01
      2042  3.3367591E+00  4.0562247E-01
      2043  3.3534847E+00  4.0752868E-01
      2044  3.3702941E+00  4.0940413E-01
      2045  3.3871877E+00  4.1124858E-01
      2046  3.4041661E+00  4.1306181E-01
      2047  3.4212295E+00  4.1484356E-01
      2048  3.4383785E+00  4.1659360E-01
      2049  3.4556135E+00  4.1831171E-01
      2050  3.4729348E+00  4.1999766E-01
      2051  3.4903430E+00  4.2165122E-01
      2052  3.5078384E+00  4.2327218E-01
      2053  3.5254215E+00  4.2486031E-01
      2054  3.5430927E+00  4.2641540E-01
      2055  3.5608526E+00  4.2793724E-01
      2056  3.5787014E+00  4.2942562E-01
      2057  3.5966397E+00  4.3088034E-01
      2058  3.6146680E+00  4.3230119E-01
      2059  3.6327866E+00  4.3368799E-01
      2060  3.6509960E+00  4.3504054E-01
      2061  3.6692967E+00  4.3635865E-01
      2062  3.6876891E+00  4.3764214E-01
      2063  3.7061737E+00  4.3889082E-01
      2064  3.7247510E+00  4.4010452E-01
      2065  3.7434214E+00  4.4128307E-01
      2066  3.7621854E+00  4.4242630E-01
      2067  3.7810434E+00  4.4353405E-01
      2068  3.7999959E+00  4.4460616E-01
      2069  3.8190435E+00  4.4564248E-01
      2070  3.8381865E+00  4.4664285E-01
      2071  3.8574255E+00  4.4760714E-01
      2072  3.8767610E+00  4.4853520E-01
      2073  3.8961933E+00  4.4942691E-01
      2074  3.9157231E+00  4.5028213E-01
      2075  3.9353507E+00  4.5110074E-01
      2076  3.9550767E+00  4.5188263E-01
      2077  3.9749016E+00  4.5262768E-01
      2078  3.9948259E+00  4.5333578E-01
      2079  4.0148501E+00  4.5400684E-01
      2080  4.0349746E+00  4.5464076E-01
      2081  4.0552000E+00  4.5523746E-01
      2082  4.0755267E+00  4.5579685E-01
      2083  4.0959554E+00  4.5631886E-01
      2084  4.1164865E+00  4.5680341E-01
      2085  4.1371204E+00  4.5725046E-01
      2086  4.1578578E+00  4.5765993E-01
      2087  4.1786992E+00  4.5803180E-01
      2088  4.1996450E+00  4.5836600E-01
      2089  4.2206958E+00  4.5866252E-01
      2090  4.2418521E+00  4.5892131E-01
      2091  4.2631145E+00  4.5914238E-01
      2092  4.2844835E+00  4.5932570E-01
      2093  4.3059595E+00  4.5947127E-01
      2094  4.3275432E+00  4.5957910E-01
      2095  4.3492351E+00  4.5964920E-01
      2096  4.3710358E+00  4.5968159E-01
      2097  4.3929457E+00  4.5967631E-01
      2098  4.4149654E+00  4.5963338E-01
      2099  4.4370955E+00  4.5955287E-01
      2100  4.4593366E+00  4.5943483E-01
      2101  4.4816891E+00  4.5927931E-01
      2102  4.5041536E+00  4.5908640E-01
      2103  4.5267308E+00  4.5885619E-01
      2104  4.5494211E+00  4.5858876E-01
      2105  4.5722252E+00  4.5828421E-01
      2106  4.5951436E+00  4.5794267E-01
      2107  4.6181768E+00  4.5756425E-01
      2108  4.6413255E+00  4.5714909E-01
      2109  4.6645903E+00  4.5669733E-01
      2110  4.6879716E+00  4.5620912E-01
      2111  4.7114702E+00  4.5568462E-01
      2112  4.7350865E+00  4.5512401E-01
      2113  4.7588212E+00  4.5452746E-01
      2114  4.7826749E+00  4.5389518E-01
      2115  4.8066482E+00  4.5322736E-01
      2116  4.8307416E+00  4.5252422E-01
      2117  4.8549558E+00  4.5178598E-01
      2118  4.8792914E+00  4.5101287E-01
      2119  4.9037489E+00  4.5020514E-01
      2120  4.9283291E+00  4.4936303E-01
      2121  4.9530324E+00  4.4848682E-01
      2122  4.9778596E+00  4.4757677E-01
      2123  5.0028112E+00  4.4663317E-01
      2124  5.0278879E+00  4.4565630E-01
      2125  5.0530903E+00  4.4464647E-01
      2126  5.0784190E+00  4.4360399E-01
      2127  5.1038747E+00  4.4252918E-01
      2128  5.1294580E+00  4.4142235E-01
      2129  5.1551695E+00  4.4028385E-01
      2130  5.1810099E+00  4.3911403E-01
      2131  5.2069798E+00  4.3791323E-01
      2132  5.2330799E+00  4.3668181E-01
      2133  5.2593108E+00  4.3542014E-01
      2134  5.2856732E+00  4.3412858E-01
      2135  5.3121678E+00  4.3280753E-01
      2136  5.3387951E+00  4.3145737E-01
      2137  5.3655560E+00  4.3007848E-01
      2138  5.3924509E+00  4.2867128E-01
      2139  5.4194807E+00  4.2723615E-01
      2140  5.4466460E+00  4.2577351E-01
      2141  5.4739474E+00  4.2428378E-01
      2142  5.5013857E+00  4.2276736E-01
      2143  5.5289615E+00  4.2122468E-01
      2144  5.5566755E+00  4.1965616E-01
      2145  5.5845285E+00  4.1806223E-01
      2146  5.6125210E+00  4.1644332E-01
      2147  5.6406539E+00  4.1479986E-01
      2148  5.6689278E+00  4.1313229E-01
      2149  5.6973434E+00  4.1144103E-01
      2150  5.7259015E+00  4.0972653E-01
      2151  5.7546027E+00  4.0798922E-01
      2152  5.7834477E+00  4.0622954E-01
      2153  5.8124374E+00  4.0444793E-01
      2154  5.8415724E+00  4.0264482E-01
      2155  5.8708534E+00  4.0082065E-01
      2156  5.9002811E+00  3.9897586E-01
      2157  5.9298564E+00  3.9711088E-01
      2158  5.9595799E+00  3.9522615E-01
      2159  5.9894525E+00  3.9332208E-01
      2160  6.0194747E+00  3.9139912E-01
      2161  6.0496475E+00  3.8945770E-01
      2162  6.0799714E+00  3.8749822E-01
      2163  6.1104474E+00  3.8552111E-01
      2164  6.1410762E+00  3.8352681E-01
      2165  6.1718584E+00  3.8151570E-01
      2166  6.2027950E+00  3.7948822E-01
      2167  6.2338867E+00  3.7744476E-01
      2168  6.2651341E+00  3.7538573E-01
      2169  6.2965383E+00  3.7331154E-01
      2170  6.3280998E+00  3.7122257E-01
      2171  6.3598195E+00  3.6911922E-01
      2172  6.3916983E+00  3.6700187E-01
      2173  6.4237368E+00  3.6487092E-01
      2174  6.4559359E+00  3.6272673E-01
      2175  6.4882964E+00  3.6056970E-01
      2176  6.5208191E+00  3.5840017E-01
      2177  6.5535049E+00  3.5621853E-01
      2178  6.5863544E+00  3.5402513E-01
      2179  6.6193687E+00  3.5182033E-01
      2180  6.6525484E+00  3.4960449E-01
      2181  6.6858944E+00  3.4737795E-01
      2182  6.7194076E+00  3.4514106E-01
      2183  6.7530888E+00  3.4289415E-01
      2184  6.7869388E+00  3.4063758E-01
      2185  6.8209585E+00  3.3837165E-01
      2186  6.8551487E+00  3.3609671E-01
      2187  6.8895102E+00  3.3381309E-01
      2188  6.9240441E+00  3.3152109E-01
      2189  6.9587510E+00  3.2922104E-01
      2190  6.9936319E+00  3.2691325E-01
      2191  7.0286876E+00  3.2459803E-01
      2192  7.0639190E+00  3.2227569E-01
      2193  7.0993271E+00  3.1994653E-01
      2194  7.1349126E+00  3.1761086E-01
      2195  7.1706765E+00  3.1526897E-01
      2196  7.2066197E+00  3.1292116E-01
      2197  7.2427430E+00  3.1056772E-01
      2198  7.2790474E+00  3.0820894E-01
      2199  7.3155338E+00  3.0584511E-01
      2200  7.3522030E+00  3.0347653E-01
      2201  7.3890561E+00  3.0110346E-01
      2202  7.4260939E+00  2.9872621E-01
      2203  7.4633173E+00  2.9634504E-01
      2204  7.5007274E+00  2.9396024E-01
      2205  7.5383249E+00  2.9157210E-01
      2206  7.5761109E+00  2.8918088E-01
      2207  7.6140864E+00  2.8678687E-01
      2208  7.6522521E+00  2.8439034E-01
      2209  7.6906092E+00  2.8199157E-01
      2210  7.7291585E+00  2.7959084E-01
      2211  7.7679011E+00  2.7718842E-01
      2212  7.8068379E+00  2.7478458E-01
      2213  7.8459698E+00  2.7237961E-01
      2214  7.8852979E+00  2.6997377E-01
      2215  7.9248231E+00  2.6756734E-01
      2216  7.9645465E+00  2.6516060E-01
      2217  8.0044689E+00  2.6275382E-01
      2218  8.0445915E+00  2.6034727E-01
      2219  8.0849152E+00  2.5794124E-01
      2220  8.1254410E+00  2.5553600E-01
      2221  8.1661699E+00  2.5313183E-01
      2222  8.2071030E+00  2.5072899E-01
      2223  8.2482413E+00  2.4832778E-01
      2224  8.2895858E+00  2.4592847E-01
      2225  8.3311375E+00  2.4353133E-01
      2226  8.3728975E+00  2.4113666E-01
      2227  8.4148668E+00  2.3874471E-01
      2228  8.4570465E+00  2.3635578E-01
      2229  8.4994376E+00  2.3397014E-01
      2230  8.5420412E+00  2.3158808E-01
      2231  8.5848584E+00  2.2920988E-01
      2232  8.6278902E+00  2.2683580E-01
      2233  8.6711377E+00  2.2446615E-01
      2234  8.7146019E+00  2.2210119E-01
      2235  8.7582840E+00  2.1974121E-01
      2236  8.8021851E+00  2.1738648E-01
      2237  8.8463063E+00  2.1503729E-01
      2238  8.8906486E+00  2.1269391E-01
      2239  8.9352131E+00  2.1035663E-01
      2240  8.9800011E+00  2.0802573E-01
      2241  9.0250135E+00  2.0570147E-01
      2242  9.0702516E+00  2.0338414E-01
      2243  9.1157164E+00  2.0107401E-01
      2244  9.1614091E+00  1.9877136E-01
      2245  9.2073309E+00  1.9647645E-01
      2246  9.2534828E+00  1.9418957E-01
      2247  9.2998661E+00  1.9191097E-01
      2248  9.3464819E+00  1.8964093E-01
      2249  9.3933313E+00  1.8737971E-01
      2250  9.4404156E+00  1.8512758E-01
      2251  9.4877358E+00  1.8288479E-01
      2252  9.5352933E+00  1.8065162E-01
      2253  9.5830892E+00  1.7842830E-01
      2254  9.6311246E+00  1.7621510E-01
      2255  9.6794008E+00  1.7401226E-01
      2256  9.7279190E+00  1.7182004E-01
      2257  9.7766804E+00  1.6963867E-01
      2258  9.8256862E+00  1.6746841E-01
      2259  9.8749377E+00  1.6530948E-01
      2260  9.9244360E+00  1.6316212E-01
      2261  9.9741825E+00  1.6102656E-01
      2262  1.0024178E+01  1.5890303E-01
      2263  1.0074425E+01  1.5679175E-01
      2264  1.0124923E+01  1.5469294E-01
      2265  1.0175674E+01  1.5260681E-01
      2266  1.0226680E+01  1.5053357E-01
      2267  1.0277942E+01  1.4847342E-01
      2268  1.0329460E+01  1.4642657E-01
      2269  1.0381237E+01  1.4439322E-01
      2270  1.0433273E+01  1.4237355E-01
      2271  1.0485570E+01  1.4036775E-01
      2272  1.0538129E+01  1.3837600E-01
      2273  1.0590951E+01  1.3639848E-01
      2274  1.0644039E+01  1.3443536E-01
      2275  1.0697392E+01  1.3248681E-01
      2276  1.0751013E+01  1.3055298E-01
      2277  1.0804903E+01  1.2863403E-01
      2278  1.0859063E+01  1.2673012E-01
      2279  1.0913494E+01  1.2484138E-01
      2280  1.0968198E+01  1.2296796E-01
      2281  1.1023176E+01  1.2110999E-01
      2282  1.1078430E+01  1.1926760E-01
      2283  1.1133961E+01  1.1744091E-01
      2284  1.1189770E+01  1.1563004E-01
      2285  1.1245859E+01  1.1383510E-01
      2286  1.1302229E+01  1.1205620E-01
      2287  1.1358882E+01  1.1029344E-01
      2288  1.1415819E+01  1.0854691E-01
      2289  1.1473041E+01  1.0681671E-01
      2290  1.1530550E+01  1.0510291E-01
      2291  1.1588347E+01  1.0340560E-01
      2292  1.1646434E+01  1.0172485E-01
      2293  1.1704812E+01  1.0006073E-01
      2294  1.1763482E+01  9.8413298E-02
      2295  1.1822447E+01  9.6782610E-02
      2296  1.1881707E+01  9.5168721E-02
      2297  1.1941264E+01  9.3571674E-02
      2298  1.2001120E+01  9.1991512E-02
      2299  1.2061276E+01  9.0428269E-02
      2300  1.2121734E+01  8.8881975E-02
      2301  1.2182494E+01  8.7352656E-02
      2302  1.2243559E+01  8.5840331E-02
      2303  1.2304930E+01  8.4345016E-02
      2304  1.2366609E+01  8.2866719E-02
      2305  1.2428597E+01  8.1405445E-02
      2306  1.2490895E+01  7.9961195E-02
      2307  1.2553506E+01  7.8533963E-02
      2308  1.2616431E+01  7.7123740E-02
      2309  1.2679671E+01  7.5730511E-02
      2310  1.2743228E+01  7.4354258E-02
      2311  1.2807104E+01  7.2994956E-02
      2312  1.2871300E+01  7.1652580E-02
      2313  1.2935817E+01  7.0327094E-02
      2314  1.3000658E+01  6.9018463E-02
      2315  1.3065824E+01  6.7726648E-02
      2316  1.3131317E+01  6.6451600E-02
      2317  1.3197138E+01  6.5193274E-02
      2318  1.3263289E+01  6.3951615E-02
      2319  1.3329772E+01  6.2726566E-02
      2320  1.3396587E+01  6.1518067E-02
      2321  1.3463738E+01  6.0326054E-02
      2322  1.3531225E+01  5.9150458E-02
      2323  1.3599051E+01  5.7991209E-02
      2324  1.3667216E+01  5.6848230E-02
      2325  1.3735724E+01  5.5721444E-02
      2326  1.3804574E+01  5.4610771E-02
      2327  1.3873770E+01  5.3516123E-02
      2328  1.3943312E+01  5.2437414E-02
      2329  1.4013204E+01  5.1374555E-02
      2330  1.4083445E+01  5.0327448E-02
      2331  1.4154039E+01  4.9296000E-02
      2332  1.4224986E+01  4.8280111E-02
      2333  1.4296289E+01  4.7279678E-02
      2334  1.4367950E+01  4.6294598E-02
      2335  1.4439969E+01  4.5324764E-02
      2336  1.4512350E+01  4.4370066E-02
      2337  1.4585093E+01  4.3430393E-02
      2338  1.4658201E+01  4.2505631E-02
      2339  1.4731676E+01  4.1595664E-02
      2340  1.4805519E+01  4.0700376E-02
      2341  1.4879732E+01  3.9819644E-02
      2342  1.4954317E+01  3.8953349E-02
