         1  1.2340980E-04 -3.1047055E-11
         2  1.2402840E-04 -3.1608894E-11
         3  1.2465009E-04 -3.2180913E-11
         4  1.2527490E-04 -3.2763297E-11
         5  1.2590285E-04 -3.3356234E-11
         6  1.2653394E-04 -3.3959917E-11
         7  1.2716819E-04 -3.4574539E-11
         8  1.2780563E-04 -3.5200301E-11
         9  1.2844625E-04 -3.5837403E-11
        10  1.2909009E-04 -3.6486051E-11
        11  1.2973716E-04 -3.7146456E-11
        12  1.3038747E-04 -3.7818831E-11
        13  1.3104104E-04 -3.8503393E-11
        14  1.3169789E-04 -3.9200363E-11
        15  1.3235802E-04 -3.9909966E-11
        16  1.3302147E-04 -4.0632433E-11
        17  1.3368824E-04 -4.1367996E-11
        18  1.3435836E-04 -4.2116894E-11
        19  1.3503183E-04 -4.2879368E-11
        20  1.3570868E-04 -4.3655665E-11
        21  1.3638893E-04 -4.4446036E-11
        22  1.3707258E-04 -4.5250737E-11
        23  1.3775966E-04 -4.6070028E-11
        24  1.3845018E-04 -4.6904173E-11
        25  1.3914417E-04 -4.7753444E-11
        26  1.3984163E-04 -4.8618114E-11
        27  1.4054259E-04 -4.9498463E-11
        28  1.4124706E-04 -5.0394776E-11
        29  1.4195506E-04 -5.1307344E-11
        30  1.4266662E-04 -5.2236460E-11
        31  1.4338174E-04 -5.3182427E-11
        32  1.4410044E-04 -5.4145550E-11
        33  1.4482275E-04 -5.5126140E-11
        34  1.4554867E-04 -5.6124516E-11
        35  1.4627824E-04 -5.7141000E-11
        36  1.4701146E-04 -5.8175922E-11
        37  1.4774836E-04 -5.9229616E-11
        38  1.4848895E-04 -6.0302423E-11
        39  1.4923326E-04 -6.1394692E-11
        40  1.4998129E-04 -6.2506775E-11
        41  1.5073308E-04 -6.3639033E-11
        42  1.5148863E-04 -6.4791833E-11
        43  1.5224797E-04 -6.5965548E-11
        44  1.5301111E-04 -6.7160557E-11
        45  1.5377809E-04 -6.8377249E-11
        46  1.5454890E-04 -6.9616017E-11
        47  1.5532358E-04 -7.0877262E-11
        48  1.5610214E-04 -7.2161394E-11
        49  1.5688461E-04 -7.3468829E-11
        50  1.5767100E-04 -7.4799989E-11
        51  1.5846133E-04 -7.6155307E-11
        52  1.5925562E-04 -7.7535221E-11
        53  1.6005389E-04 -7.8940180E-11
        54  1.6085616E-04 -8.0370637E-11
        55  1.6166246E-04 -8.1827058E-11
        56  1.6247279E-04 -8.3309915E-11
        57  1.6328719E-04 -8.4819687E-11
        58  1.6410567E-04 -8.6356865E-11
        59  1.6492825E-04 -8.7921947E-11
        60  1.6575496E-04 -8.9515441E-11
        61  1.6658581E-04 -9.1137863E-11
        62  1.6742083E-04 -9.2789740E-11
        63  1.6826003E-04 -9.4471607E-11
        64  1.6910343E-04 -9.6184011E-11
        65  1.6995107E-04 -9.7927507E-11
        66  1.7080295E-04 -9.9702660E-11
        67  1.7165910E-04 -1.0151005E-10
        68  1.7251955E-04 -1.0335025E-10
        69  1.7338431E-04 -1.0522388E-10
        70  1.7425340E-04 -1.0713153E-10
        71  1.7512685E-04 -1.0907382E-10
        72  1.7600468E-04 -1.1105139E-10
        73  1.7688690E-04 -1.1306487E-10
        74  1.7777355E-04 -1.1511493E-10
        75  1.7866465E-04 -1.1720222E-10
        76  1.7956021E-04 -1.1932743E-10
        77  1.8046025E-04 -1.2149124E-10
        78  1.8136482E-04 -1.2369436E-10
        79  1.8227391E-04 -1.2593750E-10
        80  1.8318756E-04 -1.2822140E-10
        81  1.8410579E-04 -1.3054678E-10
        82  1.8502863E-04 -1.3291442E-10
        83  1.8595609E-04 -1.3532508E-10
        84  1.8688820E-04 -1.3777953E-10
        85  1.8782498E-04 -1.4027859E-10
        86  1.8876645E-04 -1.4282305E-10
        87  1.8971265E-04 -1.4541376E-10
        88  1.9066359E-04 -1.4805155E-10
        89  1.9161929E-04 -1.5073727E-10
        90  1.9257979E-04 -1.5347181E-10
        91  1.9354510E-04 -1.5625605E-10
        92  1.9451525E-04 -1.5909089E-10
        93  1.9549026E-04 -1.6197726E-10
        94  1.9647016E-04 -1.6491610E-10
        95  1.9745497E-04 -1.6790836E-10
        96  1.9844472E-04 -1.7095502E-10
        97  1.9943943E-04 -1.7405706E-10
        98  2.0043912E-04 -1.7721551E-10
        99  2.0144382E-04 -1.8043137E-10
       100  2.0245357E-04 -1.8370571E-10
       101  2.0346837E-04 -1.8703958E-10
       102  2.0448826E-04 -1.9043408E-10
       103  2.0551326E-04 -1.9389030E-10
       104  2.0654340E-04 -1.9740938E-10
       105  2.0757870E-04 -2.0099245E-10
       106  2.0861920E-04 -2.0464068E-10
       107  2.0966490E-04 -2.0835527E-10
       108  2.1071585E-04 -2.1213742E-10
       109  2.1177207E-04 -2.1598837E-10
       110  2.1283358E-04 -2.1990936E-10
       111  2.1390042E-04 -2.2390168E-10
       112  2.1497260E-04 -2.2796663E-10
       113  2.1605015E-04 -2.3210552E-10
       114  2.1713311E-04 -2.3631972E-10
       115  2.1822149E-04 -2.4061059E-10
       116  2.1931533E-04 -2.4497953E-10
       117  2.2041465E-04 -2.4942796E-10
       118  2.2151949E-04 -2.5395735E-10
       119  2.2262986E-04 -2.5856915E-10
       120  2.2374579E-04 -2.6326488E-10
       121  2.2486732E-04 -2.6804607E-10
       122  2.2599448E-04 -2.7291427E-10
       123  2.2712728E-04 -2.7787108E-10
       124  2.2826576E-04 -2.8291811E-10
       125  2.2940995E-04 -2.8805701E-10
       126  2.3055987E-04 -2.9328946E-10
       127  2.3171555E-04 -2.9861715E-10
       128  2.3287703E-04 -3.0404184E-10
       129  2.3404433E-04 -3.0956528E-10
       130  2.3521749E-04 -3.1518929E-10
       131  2.3639652E-04 -3.2091570E-10
       132  2.3758146E-04 -3.2674638E-10
       133  2.3877234E-04 -3.3268323E-10
       134  2.3996919E-04 -3.3872819E-10
       135  2.4117204E-04 -3.4488324E-10
       136  2.4238092E-04 -3.5115038E-10
       137  2.4359586E-04 -3.5753166E-10
       138  2.4481689E-04 -3.6402918E-10
       139  2.4604404E-04 -3.7064504E-10
       140  2.4727734E-04 -3.7738141E-10
       141  2.4851683E-04 -3.8424050E-10
       142  2.4976252E-04 -3.9122454E-10
       143  2.5101446E-04 -3.9833581E-10
       144  2.5227268E-04 -4.0557665E-10
       145  2.5353720E-04 -4.1294942E-10
       146  2.5480806E-04 -4.2045653E-10
       147  2.5608529E-04 -4.2810043E-10
       148  2.5736892E-04 -4.3588362E-10
       149  2.5865899E-04 -4.4380866E-10
       150  2.5995552E-04 -4.5187812E-10
       151  2.6125856E-04 -4.6009466E-10
       152  2.6256812E-04 -4.6846096E-10
       153  2.6388425E-04 -4.7697975E-10
       154  2.6520697E-04 -4.8565384E-10
       155  2.6653633E-04 -4.9448604E-10
       156  2.6787235E-04 -5.0347926E-10
       157  2.6921506E-04 -5.1263644E-10
       158  2.7056451E-04 -5.2196057E-10
       159  2.7192072E-04 -5.3145472E-10
       160  2.7328373E-04 -5.4112199E-10
       161  2.7465357E-04 -5.5096554E-10
       162  2.7603028E-04 -5.6098860E-10
       163  2.7741388E-04 -5.7119445E-10
       164  2.7880443E-04 -5.8158644E-10
       165  2.8020194E-04 -5.9216797E-10
       166  2.8160646E-04 -6.0294252E-10
       167  2.8301802E-04 -6.1391360E-10
       168  2.8443665E-04 -6.2508482E-10
       169  2.8586239E-04 -6.3645984E-10
       170  2.8729529E-04 -6.4804239E-10
       171  2.8873536E-04 -6.5983626E-10
       172  2.9018265E-04 -6.7184533E-10
       173  2.9163720E-04 -6.8407353E-10
       174  2.9309904E-04 -6.9652488E-10
       175  2.9456820E-04 -7.0920345E-10
       176  2.9604473E-04 -7.2211341E-10
       177  2.9752866E-04 -7.3525900E-10
       178  2.9902003E-04 -7.4864453E-10
       179  3.0051887E-04 -7.6227439E-10
       180  3.0202523E-04 -7.7615305E-10
       181  3.0353914E-04 -7.9028508E-10
       182  3.0506063E-04 -8.0467512E-10
       183  3.0658976E-04 -8.1932788E-10
       184  3.0812654E-04 -8.3424818E-10
       185  3.0967104E-04 -8.4944092E-10
       186  3.1122327E-04 -8.6491110E-10
       187  3.1278328E-04 -8.8066379E-10
       188  3.1435111E-04 -8.9670417E-10
       189  3.1592681E-04 -9.1303752E-10
       190  3.1751040E-04 -9.2966920E-10
       191  3.1910192E-04 -9.4660468E-10
       192  3.2070143E-04 -9.6384952E-10
       193  3.2230895E-04 -9.8140940E-10
       194  3.2392453E-04 -9.9929009E-10
       195  3.2554821E-04 -1.0174975E-09
       196  3.2718003E-04 -1.0360375E-09
       197  3.2882002E-04 -1.0549164E-09
       198  3.3046824E-04 -1.0741402E-09
       199  3.3212472E-04 -1.0937154E-09
       200  3.3378950E-04 -1.1136483E-09
       201  3.3546263E-04 -1.1339455E-09
       202  3.3714414E-04 -1.1546137E-09
       203  3.3883408E-04 -1.1756598E-09
       204  3.4053250E-04 -1.1970905E-09
       205  3.4223942E-04 -1.2189131E-09
       206  3.4395490E-04 -1.2411347E-09
       207  3.4567899E-04 -1.2637625E-09
       208  3.4741171E-04 -1.2868041E-09
       209  3.4915312E-04 -1.3102671E-09
       210  3.5090325E-04 -1.3341591E-09
       211  3.5266216E-04 -1.3584881E-09
       212  3.5442989E-04 -1.3832621E-09
       213  3.5620648E-04 -1.4084892E-09
       214  3.5799197E-04 -1.4341778E-09
       215  3.5978641E-04 -1.4603363E-09
       216  3.6158985E-04 -1.4869733E-09
       217  3.6340233E-04 -1.5140977E-09
       218  3.6522389E-04 -1.5417184E-09
       219  3.6705458E-04 -1.5698445E-09
       220  3.6889445E-04 -1.5984853E-09
       221  3.7074354E-04 -1.6276503E-09
       222  3.7260190E-04 -1.6573490E-09
       223  3.7446957E-04 -1.6875913E-09
       224  3.7634661E-04 -1.7183871E-09
       225  3.7823306E-04 -1.7497467E-09
       226  3.8012896E-04 -1.7816803E-09
       227  3.8203436E-04 -1.8141986E-09
       228  3.8394932E-04 -1.8473123E-09
       229  3.8587387E-04 -1.8810323E-09
       230  3.8780807E-04 -1.9153698E-09
       231  3.8975197E-04 -1.9503360E-09
       232  3.9170561E-04 -1.9859427E-09
       233  3.9366904E-04 -2.0222015E-09
       234  3.9564231E-04 -2.0591244E-09
       235  3.9762548E-04 -2.0967236E-09
       236  3.9961859E-04 -2.1350117E-09
       237  4.0162168E-04 -2.1740011E-09
       238  4.0363482E-04 -2.2137050E-09
       239  4.0565805E-04 -2.2541363E-09
       240  4.0769142E-04 -2.2953084E-09
       241  4.0973498E-04 -2.3372351E-09
       242  4.1178878E-04 -2.3799301E-09
       243  4.1385288E-04 -2.4234077E-09
       244  4.1592733E-04 -2.4676821E-09
       245  4.1801217E-04 -2.5127681E-09
       246  4.2010747E-04 -2.5586806E-09
       247  4.2221327E-04 -2.6054348E-09
       248  4.2432962E-04 -2.6530463E-09
       249  4.2645658E-04 -2.7015307E-09
       250  4.2859420E-04 -2.7509041E-09
       251  4.3074254E-04 -2.8011830E-09
       252  4.3290165E-04 -2.8523840E-09
       253  4.3507158E-04 -2.9045240E-09
       254  4.3725238E-04 -2.9576204E-09
       255  4.3944412E-04 -3.0116908E-09
       256  4.4164684E-04 -3.0667531E-09
       257  4.4386060E-04 -3.1228255E-09
       258  4.4608546E-04 -3.1799268E-09
       259  4.4832148E-04 -3.2380758E-09
       260  4.5056870E-04 -3.2972918E-09
       261  4.5282718E-04 -3.3575945E-09
       262  4.5509699E-04 -3.4190039E-09
       263  4.5737817E-04 -3.4815405E-09
       264  4.5967079E-04 -3.5452250E-09
       265  4.6197490E-04 -3.6100785E-09
       266  4.6429056E-04 -3.6761226E-09
       267  4.6661782E-04 -3.7433792E-09
       268  4.6895676E-04 -3.8118708E-09
       269  4.7130741E-04 -3.8816200E-09
       270  4.7366985E-04 -3.9526500E-09
       271  4.7604413E-04 -4.0249846E-09
       272  4.7843031E-04 -4.0986476E-09
       273  4.8082845E-04 -4.1736638E-09
       274  4.8323861E-04 -4.2500579E-09
       275  4.8566086E-04 -4.3278554E-09
       276  4.8809524E-04 -4.4070822E-09
       277  4.9054183E-04 -4.4877647E-09
       278  4.9300068E-04 -4.5699297E-09
       279  4.9547186E-04 -4.6536046E-09
       280  4.9795542E-04 -4.7388172E-09
       281  5.0045143E-04 -4.8255960E-09
       282  5.0295996E-04 -4.9139699E-09
       283  5.0548105E-04 -5.0039682E-09
       284  5.0801479E-04 -5.0956210E-09
       285  5.1056122E-04 -5.1889588E-09
       286  5.1312042E-04 -5.2840127E-09
       287  5.1569245E-04 -5.3808145E-09
       288  5.1827737E-04 -5.4793964E-09
       289  5.2087524E-04 -5.5797912E-09
       290  5.2348614E-04 -5.6820325E-09
       291  5.2611013E-04 -5.7861544E-09
       292  5.2874727E-04 -5.8921916E-09
       293  5.3139762E-04 -6.0001795E-09
       294  5.3406126E-04 -6.1101541E-09
       295  5.3673826E-04 -6.2221522E-09
       296  5.3942867E-04 -6.3362112E-09
       297  5.4213257E-04 -6.4523691E-09
       298  5.4485002E-04 -6.5706647E-09
       299  5.4758109E-04 -6.6911376E-09
       300  5.5032585E-04 -6.8138280E-09
       301  5.5308437E-04 -6.9387769E-09
       302  5.5585672E-04 -7.0660261E-09
       303  5.5864296E-04 -7.1956181E-09
       304  5.6144317E-04 -7.3275962E-09
       305  5.6425742E-04 -7.4620046E-09
       306  5.6708577E-04 -7.5988882E-09
       307  5.6992830E-04 -7.7382928E-09
       308  5.7278507E-04 -7.8802650E-09
       309  5.7565617E-04 -8.0248525E-09
       310  5.7854166E-04 -8.1721034E-09
       311  5.8144161E-04 -8.3220672E-09
       312  5.8435610E-04 -8.4747940E-09
       313  5.8728520E-04 -8.6303350E-09
       314  5.9022898E-04 -8.7887423E-09
       315  5.9318751E-04 -8.9500689E-09
       316  5.9616088E-04 -9.1143690E-09
       317  5.9914915E-04 -9.2816974E-09
       318  6.0215239E-04 -9.4521104E-09
       319  6.0517069E-04 -9.6256650E-09
       320  6.0820413E-04 -9.8024195E-09
       321  6.1125276E-04 -9.9824330E-09
       322  6.1431668E-04 -1.0165766E-08
       323  6.1739595E-04 -1.0352480E-08
       324  6.2049066E-04 -1.0542638E-08
       325  6.2360089E-04 -1.0736303E-08
       326  6.2672670E-04 -1.0933540E-08
       327  6.2986818E-04 -1.1134416E-08
       328  6.3302541E-04 -1.1338998E-08
       329  6.3619846E-04 -1.1547355E-08
       330  6.3938742E-04 -1.1759557E-08
       331  6.4259236E-04 -1.1975674E-08
       332  6.4581337E-04 -1.2195781E-08
       333  6.4905052E-04 -1.2419949E-08
       334  6.5230390E-04 -1.2648256E-08
       335  6.5557359E-04 -1.2880778E-08
       336  6.5885966E-04 -1.3117592E-08
       337  6.6216221E-04 -1.3358779E-08
       338  6.6548131E-04 -1.3604419E-08
       339  6.6881705E-04 -1.3854596E-08
       340  6.7216951E-04 -1.4109393E-08
       341  6.7553878E-04 -1.4368896E-08
       342  6.7892493E-04 -1.4633192E-08
       343  6.8232805E-04 -1.4902372E-08
       344  6.8574824E-04 -1.5176524E-08
       345  6.8918556E-04 -1.5455741E-08
       346  6.9264012E-04 -1.5740118E-08
       347  6.9611199E-04 -1.6029751E-08
       348  6.9960127E-04 -1.6324736E-08
       349  7.0310804E-04 -1.6625173E-08
       350  7.0663238E-04 -1.6931164E-08
       351  7.1017439E-04 -1.7242812E-08
       352  7.1373415E-04 -1.7560221E-08
       353  7.1731176E-04 -1.7883499E-08
       354  7.2090730E-04 -1.8212755E-08
       355  7.2452086E-04 -1.8548100E-08
       356  7.2815254E-04 -1.8889647E-08
       357  7.3180242E-04 -1.9237512E-08
       358  7.3547059E-04 -1.9591811E-08
       359  7.3915716E-04 -1.9952664E-08
       360  7.4286220E-04 -2.0320194E-08
       361  7.4658581E-04 -2.0694524E-08
       362  7.5032809E-04 -2.1075781E-08
       363  7.5408912E-04 -2.1464094E-08
       364  7.5786901E-04 -2.1859593E-08
       365  7.6166784E-04 -2.2262413E-08
       366  7.6548572E-04 -2.2672690E-08
       367  7.6932273E-04 -2.3090562E-08
       368  7.7317898E-04 -2.3516170E-08
       369  7.7705455E-04 -2.3949660E-08
       370  7.8094956E-04 -2.4391177E-08
       371  7.8486408E-04 -2.4840870E-08
       372  7.8879823E-04 -2.5298892E-08
       373  7.9275210E-04 -2.5765399E-08
       374  7.9672578E-04 -2.6240547E-08
       375  8.0071939E-04 -2.6724498E-08
       376  8.0473301E-04 -2.7217416E-08
       377  8.0876675E-04 -2.7719467E-08
       378  8.1282071E-04 -2.8230822E-08
       379  8.1689499E-04 -2.8751654E-08
       380  8.2098970E-04 -2.9282140E-08
       381  8.2510492E-04 -2.9822459E-08
       382  8.2924078E-04 -3.0372794E-08
       383  8.3339737E-04 -3.0933333E-08
       384  8.3757479E-04 -3.1504265E-08
       385  8.4177315E-04 -3.2085784E-08
       386  8.4599255E-04 -3.2678088E-08
       387  8.5023311E-04 -3.3281376E-08
       388  8.5449492E-04 -3.3895855E-08
       389  8.5877809E-04 -3.4521733E-08
       390  8.6308274E-04 -3.5159222E-08
       391  8.6740896E-04 -3.5808538E-08
       392  8.7175686E-04 -3.6469903E-08
       393  8.7612656E-04 -3.7143541E-08
       394  8.8051816E-04 -3.7829681E-08
       395  8.8493178E-04 -3.8528556E-08
       396  8.8936752E-04 -3.9240404E-08
       397  8.9382549E-04 -3.9965467E-08
       398  8.9830581E-04 -4.0703991E-08
       399  9.0280859E-04 -4.1456227E-08
       400  9.0733394E-04 -4.2222432E-08
       401  9.1188197E-04 -4.3002866E-08
       402  9.1645279E-04 -4.3797795E-08
       403  9.2104653E-04 -4.4607489E-08
       404  9.2566330E-04 -4.5432224E-08
       405  9.3030320E-04 -4.6272281E-08
       406  9.3496637E-04 -4.7127946E-08
       407  9.3965291E-04 -4.7999511E-08
       408  9.4436294E-04 -4.8887272E-08
       409  9.4909657E-04 -4.9791531E-08
       410  9.5385394E-04 -5.0712598E-08
       411  9.5863515E-04 -5.1650786E-08
       412  9.6344033E-04 -5.2606415E-08
       413  9.6826960E-04 -5.3579811E-08
       414  9.7312307E-04 -5.4571306E-08
       415  9.7800087E-04 -5.5581238E-08
       416  9.8290312E-04 -5.6609952E-08
       417  9.8782994E-04 -5.7657799E-08
       418  9.9278146E-04 -5.8725137E-08
       419  9.9775780E-04 -5.9812329E-08
       420  1.0027591E-03 -6.0919748E-08
       421  1.0077854E-03 -6.2047771E-08
       422  1.0128370E-03 -6.3196784E-08
       423  1.0179138E-03 -6.4367180E-08
       424  1.0230162E-03 -6.5559358E-08
       425  1.0281440E-03 -6.6773726E-08
       426  1.0332976E-03 -6.8010699E-08
       427  1.0384771E-03 -6.9270700E-08
       428  1.0436825E-03 -7.0554159E-08
       429  1.0489139E-03 -7.1861517E-08
       430  1.0541716E-03 -7.3193220E-08
       431  1.0594557E-03 -7.4549724E-08
       432  1.0647662E-03 -7.5931493E-08
       433  1.0701034E-03 -7.7339000E-08
       434  1.0754673E-03 -7.8772728E-08
       435  1.0808581E-03 -8.0233166E-08
       436  1.0862759E-03 -8.1720816E-08
       437  1.0917209E-03 -8.3236187E-08
       438  1.0971932E-03 -8.4779797E-08
       439  1.1026929E-03 -8.6352177E-08
       440  1.1082202E-03 -8.7953865E-08
       441  1.1137751E-03 -8.9585410E-08
       442  1.1193580E-03 -9.1247372E-08
       443  1.1249688E-03 -9.2940320E-08
       444  1.1306077E-03 -9.4664835E-08
       445  1.1362749E-03 -9.6421510E-08
       446  1.1419705E-03 -9.8210946E-08
       447  1.1476947E-03 -1.0003376E-07
       448  1.1534475E-03 -1.0189057E-07
       449  1.1592292E-03 -1.0378202E-07
       450  1.1650398E-03 -1.0570877E-07
       451  1.1708796E-03 -1.0767146E-07
       452  1.1767487E-03 -1.0967077E-07
       453  1.1826472E-03 -1.1170740E-07
       454  1.1885752E-03 -1.1378204E-07
       455  1.1945330E-03 -1.1589541E-07
       456  1.2005206E-03 -1.1804822E-07
       457  1.2065382E-03 -1.2024123E-07
       458  1.2125860E-03 -1.2247518E-07
       459  1.2186641E-03 -1.2475085E-07
       460  1.2247727E-03 -1.2706901E-07
       461  1.2309119E-03 -1.2943047E-07
       462  1.2370819E-03 -1.3183603E-07
       463  1.2432828E-03 -1.3428653E-07
       464  1.2495148E-03 -1.3678281E-07
       465  1.2557780E-03 -1.3932573E-07
       466  1.2620726E-03 -1.4191616E-07
       467  1.2683988E-03 -1.4455500E-07
       468  1.2747566E-03 -1.4724315E-07
       469  1.2811464E-03 -1.4998155E-07
       470  1.2875681E-03 -1.5277113E-07
       471  1.2940221E-03 -1.5561286E-07
       472  1.3005084E-03 -1.5850771E-07
       473  1.3070272E-03 -1.6145670E-07
       474  1.3135787E-03 -1.6446082E-07
       475  1.3201631E-03 -1.6752112E-07
       476  1.3267804E-03 -1.7063866E-07
       477  1.3334309E-03 -1.7381451E-07
       478  1.3401148E-03 -1.7704977E-07
       479  1.3468321E-03 -1.8034555E-07
       480  1.3535832E-03 -1.8370299E-07
       481  1.3603680E-03 -1.8712325E-07
       482  1.3671869E-03 -1.9060752E-07
       483  1.3740400E-03 -1.9415699E-07
       484  1.3809274E-03 -1.9777289E-07
       485  1.3878493E-03 -2.0145648E-07
       486  1.3948059E-03 -2.0520902E-07
       487  1.4017974E-03 -2.0903181E-07
       488  1.4088240E-03 -2.1292617E-07
       489  1.4158857E-03 -2.1689346E-07
       490  1.4229829E-03 -2.2093504E-07
       491  1.4301156E-03 -2.2505232E-07
       492  1.4372841E-03 -2.2924670E-07
       493  1.4444885E-03 -2.3351966E-07
       494  1.4517290E-03 -2.3787266E-07
       495  1.4590058E-03 -2.4230721E-07
       496  1.4663191E-03 -2.4682486E-07
       497  1.4736691E-03 -2.5142715E-07
       498  1.4810559E-03 -2.5611570E-07
       499  1.4884797E-03 -2.6089211E-07
       500  1.4959408E-03 -2.6575805E-07
       501  1.5034392E-03 -2.7071520E-07
       502  1.5109752E-03 -2.7576528E-07
       503  1.5185490E-03 -2.8091005E-07
       504  1.5261608E-03 -2.8615128E-07
       505  1.5338107E-03 -2.9149079E-07
       506  1.5414989E-03 -2.9693043E-07
       507  1.5492257E-03 -3.0247209E-07
       508  1.5569913E-03 -3.0811770E-07
       509  1.5647957E-03 -3.1386921E-07
       510  1.5726393E-03 -3.1972862E-07
       511  1.5805222E-03 -3.2569796E-07
       512  1.5884446E-03 -3.3177931E-07
       513  1.5964067E-03 -3.3797477E-07
       514  1.6044087E-03 -3.4428650E-07
       515  1.6124508E-03 -3.5071669E-07
       516  1.6205333E-03 -3.5726757E-07
       517  1.6286562E-03 -3.6394143E-07
       518  1.6368199E-03 -3.7074057E-07
       519  1.6450245E-03 -3.7766736E-07
       520  1.6532702E-03 -3.8472422E-07
       521  1.6615573E-03 -3.9191358E-07
       522  1.6698859E-03 -3.9923796E-07
       523  1.6782562E-03 -4.0669991E-07
       524  1.6866685E-03 -4.1430200E-07
       525  1.6951230E-03 -4.2204690E-07
       526  1.7036198E-03 -4.2993729E-07
       527  1.7121592E-03 -4.3797593E-07
       528  1.7207415E-03 -4.4616560E-07
       529  1.7293667E-03 -4.5450917E-07
       530  1.7380352E-03 -4.6300953E-07
       531  1.7467471E-03 -4.7166964E-07
       532  1.7555027E-03 -4.8049253E-07
       533  1.7643022E-03 -4.8948125E-07
       534  1.7731458E-03 -4.9863896E-07
       535  1.7820338E-03 -5.0796883E-07
       536  1.7909663E-03 -5.1747412E-07
       537  1.7999435E-03 -5.2715813E-07
       538  1.8089658E-03 -5.3702426E-07
       539  1.8180332E-03 -5.4707593E-07
       540  1.8271462E-03 -5.5731664E-07
       541  1.8363048E-03 -5.6774998E-07
       542  1.8455093E-03 -5.7837959E-07
       543  1.8547599E-03 -5.8920915E-07
       544  1.8640570E-03 -6.0024247E-07
       545  1.8734006E-03 -6.1148338E-07
       546  1.8827911E-03 -6.2293582E-07
       547  1.8922286E-03 -6.3460377E-07
       548  1.9017134E-03 -6.4649130E-07
       549  1.9112458E-03 -6.5860258E-07
       550  1.9208260E-03 -6.7094183E-07
       551  1.9304541E-03 -6.8351336E-07
       552  1.9401306E-03 -6.9632156E-07
       553  1.9498555E-03 -7.0937090E-07
       554  1.9596292E-03 -7.2266594E-07
       555  1.9694519E-03 -7.3621133E-07
       556  1.9793238E-03 -7.5001181E-07
       557  1.9892452E-03 -7.6407219E-07
       558  1.9992164E-03 -7.7839739E-07
       559  2.0092375E-03 -7.9299242E-07
       560  2.0193088E-03 -8.0786238E-07
       561  2.0294306E-03 -8.2301247E-07
       562  2.0396032E-03 -8.3844800E-07
       563  2.0498268E-03 -8.5417436E-07
       564  2.0601016E-03 -8.7019705E-07
       565  2.0704279E-03 -8.8652167E-07
       566  2.0808059E-03 -9.0315395E-07
       567  2.0912360E-03 -9.2009970E-07
       568  2.1017184E-03 -9.3736486E-07
       569  2.1122533E-03 -9.5495546E-07
       570  2.1228410E-03 -9.7287766E-07
       571  2.1334818E-03 -9.9113775E-07
       572  2.1441759E-03 -1.0097421E-06
       573  2.1549236E-03 -1.0286973E-06
       574  2.1657252E-03 -1.0480099E-06
       575  2.1765810E-03 -1.0676866E-06
       576  2.1874911E-03 -1.0877345E-06
       577  2.1984560E-03 -1.1081605E-06
       578  2.2094758E-03 -1.1289718E-06
       579  2.2205508E-03 -1.1501756E-06
       580  2.2316814E-03 -1.1717794E-06
       581  2.2428677E-03 -1.1937908E-06
       582  2.2541101E-03 -1.2162175E-06
       583  2.2654089E-03 -1.2390674E-06
       584  2.2767643E-03 -1.2623484E-06
       585  2.2881767E-03 -1.2860688E-06
       586  2.2996462E-03 -1.3102368E-06
       587  2.3111732E-03 -1.3348609E-06
       588  2.3227580E-03 -1.3599499E-06
       589  2.3344009E-03 -1.3855124E-06
       590  2.3461021E-03 -1.4115574E-06
       591  2.3578620E-03 -1.4380941E-06
       592  2.3696808E-03 -1.4651319E-06
       593  2.3815589E-03 -1.4926801E-06
       594  2.3934965E-03 -1.5207484E-06
       595  2.4054940E-03 -1.5493468E-06
       596  2.4175516E-03 -1.5784853E-06
       597  2.4296696E-03 -1.6081740E-06
       598  2.4418484E-03 -1.6384235E-06
       599  2.4540882E-03 -1.6692443E-06
       600  2.4663893E-03 -1.7006473E-06
       601  2.4787522E-03 -1.7326435E-06
       602  2.4911770E-03 -1.7652441E-06
       603  2.5036641E-03 -1.7984606E-06
       604  2.5162137E-03 -1.8323047E-06
       605  2.5288263E-03 -1.8667883E-06
       606  2.5415021E-03 -1.9019234E-06
       607  2.5542414E-03 -1.9377225E-06
       608  2.5670446E-03 -1.9741981E-06
       609  2.5799120E-03 -2.0113630E-06
       610  2.5928438E-03 -2.0492304E-06
       611  2.6058405E-03 -2.0878134E-06
       612  2.6189023E-03 -2.1271258E-06
       613  2.6320297E-03 -2.1671813E-06
       614  2.6452228E-03 -2.2079939E-06
       615  2.6584820E-03 -2.2495782E-06
       616  2.6718077E-03 -2.2919486E-06
       617  2.6852002E-03 -2.3351201E-06
       618  2.6986598E-03 -2.3791079E-06
       619  2.7121869E-03 -2.4239275E-06
       620  2.7257818E-03 -2.4695946E-06
       621  2.7394448E-03 -2.5161253E-06
       622  2.7531763E-03 -2.5635359E-06
       623  2.7669767E-03 -2.6118433E-06
       624  2.7808462E-03 -2.6610642E-06
       625  2.7947853E-03 -2.7112162E-06
       626  2.8087942E-03 -2.7623168E-06
       627  2.8228733E-03 -2.8143841E-06
       628  2.8370230E-03 -2.8674363E-06
       629  2.8512437E-03 -2.9214922E-06
       630  2.8655356E-03 -2.9765707E-06
       631  2.8798992E-03 -3.0326913E-06
       632  2.8943347E-03 -3.0898737E-06
       633  2.9088426E-03 -3.1481381E-06
       634  2.9234233E-03 -3.2075050E-06
       635  2.9380770E-03 -3.2679953E-06
       636  2.9528042E-03 -3.3296303E-06
       637  2.9676051E-03 -3.3924318E-06
       638  2.9824803E-03 -3.4564217E-06
       639  2.9974301E-03 -3.5216228E-06
       640  3.0124548E-03 -3.5880579E-06
       641  3.0275547E-03 -3.6557505E-06
       642  3.0427304E-03 -3.7247244E-06
       643  3.0579822E-03 -3.7950039E-06
       644  3.0733104E-03 -3.8666137E-06
       645  3.0887154E-03 -3.9395792E-06
       646  3.1041977E-03 -4.0139260E-06
       647  3.1197575E-03 -4.0896804E-06
       648  3.1353954E-03 -4.1668690E-06
       649  3.1511116E-03 -4.2455190E-06
       650  3.1669066E-03 -4.3256581E-06
       651  3.1827808E-03 -4.4073147E-06
       652  3.1987346E-03 -4.4905174E-06
       653  3.2147683E-03 -4.5752957E-06
       654  3.2308824E-03 -4.6616793E-06
       655  3.2470772E-03 -4.7496988E-06
       656  3.2633533E-03 -4.8393851E-06
       657  3.2797109E-03 -4.9307699E-06
       658  3.2961505E-03 -5.0238855E-06
       659  3.3126725E-03 -5.1187645E-06
       660  3.3292774E-03 -5.2154406E-06
       661  3.3459655E-03 -5.3139477E-06
       662  3.3627372E-03 -5.4143206E-06
       663  3.3795930E-03 -5.5165947E-06
       664  3.3965332E-03 -5.6208061E-06
       665  3.4135584E-03 -5.7269914E-06
       666  3.4306690E-03 -5.8351882E-06
       667  3.4478653E-03 -5.9454346E-06
       668  3.4651478E-03 -6.0577694E-06
       669  3.4825169E-03 -6.1722322E-06
       670  3.4999731E-03 -6.2888635E-06
       671  3.5175168E-03 -6.4077044E-06
       672  3.5351484E-03 -6.5287966E-06
       673  3.5528684E-03 -6.6521831E-06
       674  3.5706772E-03 -6.7779072E-06
       675  3.5885753E-03 -6.9060133E-06
       676  3.6065631E-03 -7.0365465E-06
       677  3.6246411E-03 -7.1695530E-06
       678  3.6428097E-03 -7.3050795E-06
       679  3.6610694E-03 -7.4431739E-06
       680  3.6794205E-03 -7.5838849E-06
       681  3.6978637E-03 -7.7272620E-06
       682  3.7163993E-03 -7.8733559E-06
       683  3.7350279E-03 -8.0222181E-06
       684  3.7537498E-03 -8.1739009E-06
       685  3.7725655E-03 -8.3284580E-06
       686  3.7914756E-03 -8.4859438E-06
       687  3.8104804E-03 -8.6464139E-06
       688  3.8295805E-03 -8.8099247E-06
       689  3.8487764E-03 -8.9765340E-06
       690  3.8680685E-03 -9.1463005E-06
       691  3.8874572E-03 -9.3192841E-06
       692  3.9069432E-03 -9.4955457E-06
       693  3.9265268E-03 -9.6751474E-06
       694  3.9462086E-03 -9.8581526E-06
       695  3.9659891E-03 -1.0044626E-05
       696  3.9858687E-03 -1.0234633E-05
       697  4.0058479E-03 -1.0428240E-05
       698  4.0259273E-03 -1.0625517E-05
       699  4.0461074E-03 -1.0826532E-05
       700  4.0663886E-03 -1.1031356E-05
       701  4.0867714E-03 -1.1240062E-05
       702  4.1072565E-03 -1.1452722E-05
       703  4.1278442E-03 -1.1669413E-05
       704  4.1485351E-03 -1.1890210E-05
       705  4.1693297E-03 -1.2115191E-05
       706  4.1902285E-03 -1.2344436E-05
       707  4.2112322E-03 -1.2578024E-05
       708  4.2323410E-03 -1.2816040E-05
       709  4.2535557E-03 -1.3058565E-05
       710  4.2748768E-03 -1.3305686E-05
       711  4.2963047E-03 -1.3557490E-05
       712  4.3178400E-03 -1.3814065E-05
       713  4.3394833E-03 -1.4075503E-05
       714  4.3612350E-03 -1.4341894E-05
       715  4.3830958E-03 -1.4613332E-05
       716  4.4050662E-03 -1.4889914E-05
       717  4.4271466E-03 -1.5171737E-05
       718  4.4493378E-03 -1.5458900E-05
       719  4.4716402E-03 -1.5751503E-05
       720  4.4940544E-03 -1.6049651E-05
       721  4.5165809E-03 -1.6353447E-05
       722  4.5392204E-03 -1.6662999E-05
       723  4.5619733E-03 -1.6978417E-05
       724  4.5848403E-03 -1.7299809E-05
       725  4.6078219E-03 -1.7627291E-05
       726  4.6309187E-03 -1.7960977E-05
       727  4.6541313E-03 -1.8300984E-05
       728  4.6774602E-03 -1.8647433E-05
       729  4.7009061E-03 -1.9000444E-05
       730  4.7244695E-03 -1.9360143E-05
       731  4.7481510E-03 -1.9726655E-05
       732  4.7719512E-03 -2.0100109E-05
       733  4.7958707E-03 -2.0480638E-05
       734  4.8199101E-03 -2.0868374E-05
       735  4.8440700E-03 -2.1263454E-05
       736  4.8683510E-03 -2.1666017E-05
       737  4.8927537E-03 -2.2076204E-05
       738  4.9172788E-03 -2.2494159E-05
       739  4.9419267E-03 -2.2920030E-05
       740  4.9666982E-03 -2.3353965E-05
       741  4.9915939E-03 -2.3796118E-05
       742  5.0166144E-03 -2.4246644E-05
       743  5.0417603E-03 -2.4705700E-05
       744  5.0670322E-03 -2.5173449E-05
       745  5.0924308E-03 -2.5650053E-05
       746  5.1179567E-03 -2.6135682E-05
       747  5.1436106E-03 -2.6630504E-05
       748  5.1693930E-03 -2.7134695E-05
       749  5.1953047E-03 -2.7648430E-05
       750  5.2213463E-03 -2.8171890E-05
       751  5.2475184E-03 -2.8705259E-05
       752  5.2738217E-03 -2.9248724E-05
       753  5.3002568E-03 -2.9802475E-05
       754  5.3268245E-03 -3.0366707E-05
       755  5.3535253E-03 -3.0941617E-05
       756  5.3803600E-03 -3.1527407E-05
       757  5.4073291E-03 -3.2124283E-05
       758  5.4344335E-03 -3.2732453E-05
       759  5.4616737E-03 -3.3352131E-05
       760  5.4890504E-03 -3.3983534E-05
       761  5.5165644E-03 -3.4626883E-05
       762  5.5442163E-03 -3.5282403E-05
       763  5.5720068E-03 -3.5950325E-05
       764  5.5999366E-03 -3.6630881E-05
       765  5.6280064E-03 -3.7324310E-05
       766  5.6562169E-03 -3.8030855E-05
       767  5.6845688E-03 -3.8750763E-05
       768  5.7130628E-03 -3.9484286E-05
       769  5.7416997E-03 -4.0231681E-05
       770  5.7704801E-03 -4.0993209E-05
       771  5.7994047E-03 -4.1769136E-05
       772  5.8284744E-03 -4.2559734E-05
       773  5.8576897E-03 -4.3365279E-05
       774  5.8870515E-03 -4.4186053E-05
       775  5.9165605E-03 -4.5022343E-05
       776  5.9462174E-03 -4.5874440E-05
       777  5.9760229E-03 -4.6742643E-05
       778  6.0059778E-03 -4.7627254E-05
       779  6.0360829E-03 -4.8528583E-05
       780  6.0663389E-03 -4.9446944E-05
       781  6.0967466E-03 -5.0382658E-05
       782  6.1273066E-03 -5.1336051E-05
       783  6.1580199E-03 -5.2307456E-05
       784  6.1888871E-03 -5.3297212E-05
       785  6.2199090E-03 -5.4305664E-05
       786  6.2510864E-03 -5.5333164E-05
       787  6.2824201E-03 -5.6380070E-05
       788  6.3139109E-03 -5.7446746E-05
       789  6.3455595E-03 -5.8533565E-05
       790  6.3773668E-03 -5.9640905E-05
       791  6.4093334E-03 -6.0769152E-05
       792  6.4414604E-03 -6.1918699E-05
       793  6.4737483E-03 -6.3089945E-05
       794  6.5061981E-03 -6.4283299E-05
       795  6.5388106E-03 -6.5499175E-05
       796  6.5715865E-03 -6.6737998E-05
       797  6.6045267E-03 -6.8000196E-05
       798  6.6376320E-03 -6.9286211E-05
       799  6.6709033E-03 -7.0596488E-05
       800  6.7043413E-03 -7.1931483E-05
       801  6.7379470E-03 -7.3291660E-05
       802  6.7717211E-03 -7.4677491E-05
       803  6.8056645E-03 -7.6089457E-05
       804  6.8397780E-03 -7.7528049E-05
       805  6.8740626E-03 -7.8993767E-05
       806  6.9085189E-03 -8.0487118E-05
       807  6.9431480E-03 -8.2008621E-05
       808  6.9779507E-03 -8.3558803E-05
       809  7.0129278E-03 -8.5138203E-05
       810  7.0480803E-03 -8.6747366E-05
       811  7.0834089E-03 -8.8386852E-05
       812  7.1189147E-03 -9.0057228E-05
       813  7.1545984E-03 -9.1759072E-05
       814  7.1904609E-03 -9.3492974E-05
       815  7.2265033E-03 -9.5259533E-05
       816  7.2627263E-03 -9.7059362E-05
       817  7.2991308E-03 -9.8893083E-05
       818  7.3357179E-03 -1.0076133E-04
       819  7.3724883E-03 -1.0266475E-04
       820  7.4094431E-03 -1.0460400E-04
       821  7.4465831E-03 -1.0657974E-04
       822  7.4839092E-03 -1.0859267E-04
       823  7.5214225E-03 -1.1064348E-04
       824  7.5591238E-03 -1.1273287E-04
       825  7.5970140E-03 -1.1486157E-04
       826  7.6350942E-03 -1.1703031E-04
       827  7.6733653E-03 -1.1923984E-04
       828  7.7118282E-03 -1.2149091E-04
       829  7.7504839E-03 -1.2378432E-04
       830  7.7893334E-03 -1.2612083E-04
       831  7.8283775E-03 -1.2850127E-04
       832  7.8676175E-03 -1.3092645E-04
       833  7.9070541E-03 -1.3339721E-04
       834  7.9466883E-03 -1.3591439E-04
       835  7.9865213E-03 -1.3847886E-04
       836  8.0265539E-03 -1.4109150E-04
       837  8.0667871E-03 -1.4375321E-04
       838  8.1072221E-03 -1.4646491E-04
       839  8.1478597E-03 -1.4922752E-04
       840  8.1887010E-03 -1.5204200E-04
       841  8.2297470E-03 -1.5490931E-04
       842  8.2709988E-03 -1.5783043E-04
       843  8.3124574E-03 -1.6080636E-04
       844  8.3541237E-03 -1.6383814E-04
       845  8.3959990E-03 -1.6692679E-04
       846  8.4380841E-03 -1.7007337E-04
       847  8.4803802E-03 -1.7327896E-04
       848  8.5228882E-03 -1.7654466E-04
       849  8.5656094E-03 -1.7987158E-04
       850  8.6085447E-03 -1.8326087E-04
       851  8.6516952E-03 -1.8671368E-04
       852  8.6950620E-03 -1.9023119E-04
       853  8.7386462E-03 -1.9381460E-04
       854  8.7824488E-03 -1.9746514E-04
       855  8.8264710E-03 -2.0118405E-04
       856  8.8707139E-03 -2.0497261E-04
       857  8.9151785E-03 -2.0883209E-04
       858  8.9598661E-03 -2.1276383E-04
       859  9.0047776E-03 -2.1676916E-04
       860  9.0499142E-03 -2.2084944E-04
       861  9.0952771E-03 -2.2500606E-04
       862  9.1408674E-03 -2.2924045E-04
       863  9.1866862E-03 -2.3355402E-04
       864  9.2327346E-03 -2.3794827E-04
       865  9.2790139E-03 -2.4242467E-04
       866  9.3255251E-03 -2.4698475E-04
       867  9.3722695E-03 -2.5163006E-04
       868  9.4192482E-03 -2.5636218E-04
       869  9.4664624E-03 -2.6118270E-04
       870  9.5139132E-03 -2.6609327E-04
       871  9.5616019E-03 -2.7109554E-04
       872  9.6095297E-03 -2.7619122E-04
       873  9.6576976E-03 -2.8138203E-04
       874  9.7061070E-03 -2.8666973E-04
       875  9.7547591E-03 -2.9205610E-04
       876  9.8036550E-03 -2.9754297E-04
       877  9.8527961E-03 -3.0313219E-04
       878  9.9021834E-03 -3.0882565E-04
       879  9.9518183E-03 -3.1462528E-04
       880  1.0001702E-02 -3.2053302E-04
       881  1.0051836E-02 -3.2655088E-04
       882  1.0102221E-02 -3.3268087E-04
       883  1.0152858E-02 -3.3892508E-04
       884  1.0203750E-02 -3.4528559E-04
       885  1.0254896E-02 -3.5176456E-04
       886  1.0306299E-02 -3.5836416E-04
       887  1.0357960E-02 -3.6508661E-04
       888  1.0409879E-02 -3.7193417E-04
       889  1.0462059E-02 -3.7890915E-04
       890  1.0514500E-02 -3.8601388E-04
       891  1.0567204E-02 -3.9325074E-04
       892  1.0620173E-02 -4.0062218E-04
       893  1.0673407E-02 -4.0813065E-04
       894  1.0726907E-02 -4.1577867E-04
       895  1.0780676E-02 -4.2356881E-04
       896  1.0834714E-02 -4.3150367E-04
       897  1.0889024E-02 -4.3958590E-04
       898  1.0943605E-02 -4.4781821E-04
       899  1.0998460E-02 -4.5620335E-04
       900  1.1053590E-02 -4.6474412E-04
       901  1.1108997E-02 -4.7344337E-04
       902  1.1164681E-02 -4.8230399E-04
       903  1.1220644E-02 -4.9132896E-04
       904  1.1276888E-02 -5.0052126E-04
       905  1.1333413E-02 -5.0988397E-04
       906  1.1390222E-02 -5.1942020E-04
       907  1.1447316E-02 -5.2913311E-04
       908  1.1504696E-02 -5.3902594E-04
       909  1.1562363E-02 -5.4910198E-04
       910  1.1620320E-02 -5.5936457E-04
       911  1.1678567E-02 -5.6981711E-04
       912  1.1737106E-02 -5.8046308E-04
       913  1.1795939E-02 -5.9130599E-04
       914  1.1855066E-02 -6.0234944E-04
       915  1.1914490E-02 -6.1359709E-04
       916  1.1974211E-02 -6.2505265E-04
       917  1.2034232E-02 -6.3671991E-04
       918  1.2094554E-02 -6.4860272E-04
       919  1.2155178E-02 -6.6070502E-04
       920  1.2216106E-02 -6.7303078E-04
       921  1.2277340E-02 -6.8558408E-04
       922  1.2338880E-02 -6.9836905E-04
       923  1.2400729E-02 -7.1138990E-04
       924  1.2462888E-02 -7.2465091E-04
       925  1.2525359E-02 -7.3815645E-04
       926  1.2588142E-02 -7.5191095E-04
       927  1.2651241E-02 -7.6591893E-04
       928  1.2714655E-02 -7.8018499E-04
       929  1.2778388E-02 -7.9471380E-04
       930  1.2842440E-02 -8.0951012E-04
       931  1.2906813E-02 -8.2457881E-04
       932  1.2971508E-02 -8.3992479E-04
       933  1.3036528E-02 -8.5555308E-04
       934  1.3101874E-02 -8.7146878E-04
       935  1.3167547E-02 -8.8767710E-04
       936  1.3233550E-02 -9.0418333E-04
       937  1.3299884E-02 -9.2099284E-04
       938  1.3366549E-02 -9.3811111E-04
       939  1.3433550E-02 -9.5554372E-04
       940  1.3500886E-02 -9.7329634E-04
       941  1.3568559E-02 -9.9137474E-04
       942  1.3636572E-02 -1.0097848E-03
       943  1.3704925E-02 -1.0285325E-03
       944  1.3773622E-02 -1.0476239E-03
       945  1.3842662E-02 -1.0670652E-03
       946  1.3912049E-02 -1.0868627E-03
       947  1.3981783E-02 -1.1070228E-03
       948  1.4051867E-02 -1.1275520E-03
       949  1.4122302E-02 -1.1484570E-03
       950  1.4193091E-02 -1.1697445E-03
       951  1.4264234E-02 -1.1914213E-03
       952  1.4335734E-02 -1.2134946E-03
       953  1.4407592E-02 -1.2359713E-03
       954  1.4479810E-02 -1.2588587E-03
       955  1.4552391E-02 -1.2821642E-03
       956  1.4625335E-02 -1.3058953E-03
       957  1.4698645E-02 -1.3300595E-03
       958  1.4772322E-02 -1.3546647E-03
       959  1.4846368E-02 -1.3797187E-03
       960  1.4920786E-02 -1.4052295E-03
       961  1.4995577E-02 -1.4312053E-03
       962  1.5070742E-02 -1.4576545E-03
       963  1.5146285E-02 -1.4845854E-03
       964  1.5222206E-02 -1.5120067E-03
       965  1.5298508E-02 -1.5399271E-03
       966  1.5375192E-02 -1.5683554E-03
       967  1.5452260E-02 -1.5973009E-03
       968  1.5529715E-02 -1.6267726E-03
       969  1.5607558E-02 -1.6567799E-03
       970  1.5685791E-02 -1.6873324E-03
       971  1.5764416E-02 -1.7184397E-03
       972  1.5843436E-02 -1.7501118E-03
       973  1.5922852E-02 -1.7823585E-03
       974  1.6002665E-02 -1.8151903E-03
       975  1.6082879E-02 -1.8486173E-03
       976  1.6163495E-02 -1.8826502E-03
       977  1.6244514E-02 -1.9172998E-03
       978  1.6325940E-02 -1.9525768E-03
       979  1.6407775E-02 -1.9884926E-03
       980  1.6490019E-02 -2.0250582E-03
       981  1.6572675E-02 -2.0622853E-03
       982  1.6655746E-02 -2.1001856E-03
       983  1.6739234E-02 -2.1387709E-03
       984  1.6823139E-02 -2.1780533E-03
       985  1.6907466E-02 -2.2180451E-03
       986  1.6992215E-02 -2.2587588E-03
       987  1.7077389E-02 -2.3002072E-03
       988  1.7162989E-02 -2.3424032E-03
       989  1.7249019E-02 -2.3853599E-03
       990  1.7335480E-02 -2.4290908E-03
       991  1.7422375E-02 -2.4736095E-03
       992  1.7509705E-02 -2.5189297E-03
       993  1.7597472E-02 -2.5650656E-03
       994  1.7685680E-02 -2.6120316E-03
       995  1.7774330E-02 -2.6598420E-03
       996  1.7863424E-02 -2.7085119E-03
       997  1.7952965E-02 -2.7580561E-03
       998  1.8042955E-02 -2.8084901E-03
       999  1.8133395E-02 -2.8598294E-03
      1000  1.8224289E-02 -2.9120898E-03
      1001  1.8315639E-02 -2.9652875E-03
      1002  1.8407446E-02 -3.0194387E-03
      1003  1.8499714E-02 -3.0745603E-03
      1004  1.8592444E-02 -3.1306690E-03
      1005  1.8685639E-02 -3.1877820E-03
      1006  1.8779301E-02 -3.2459170E-03
      1007  1.8873433E-02 -3.3050917E-03
      1008  1.8968037E-02 -3.3653241E-03
      1009  1.9063114E-02 -3.4266327E-03
      1010  1.9158669E-02 -3.4890361E-03
      1011  1.9254702E-02 -3.5525535E-03
      1012  1.9351216E-02 -3.6172040E-03
      1013  1.9448215E-02 -3.6830074E-03
      1014  1.9545699E-02 -3.7499837E-03
      1015  1.9643673E-02 -3.8181531E-03
      1016  1.9742137E-02 -3.8875364E-03
      1017  1.9841095E-02 -3.9581544E-03
      1018  1.9940549E-02 -4.0300287E-03
      1019  2.0040501E-02 -4.1031807E-03
      1020  2.0140954E-02 -4.1776327E-03
      1021  2.0241911E-02 -4.2534070E-03
      1022  2.0343374E-02 -4.3305264E-03
      1023  2.0445346E-02 -4.4090141E-03
      1024  2.0547829E-02 -4.4888937E-03
      1025  2.0650825E-02 -4.5701891E-03
      1026  2.0754338E-02 -4.6529245E-03
      1027  2.0858369E-02 -4.7371248E-03
      1028  2.0962922E-02 -4.8228151E-03
      1029  2.1068000E-02 -4.9100210E-03
      1030  2.1173603E-02 -4.9987684E-03
      1031  2.1279736E-02 -5.0890837E-03
      1032  2.1386402E-02 -5.1809937E-03
      1033  2.1493601E-02 -5.2745258E-03
      1034  2.1601338E-02 -5.3697076E-03
      1035  2.1709616E-02 -5.4665673E-03
      1036  2.1818436E-02 -5.5651336E-03
      1037  2.1927801E-02 -5.6654354E-03
      1038  2.2037714E-02 -5.7675025E-03
      1039  2.2148179E-02 -5.8713647E-03
      1040  2.2259197E-02 -5.9770528E-03
      1041  2.2370772E-02 -6.0845976E-03
      1042  2.2482906E-02 -6.1940308E-03
      1043  2.2595602E-02 -6.3053843E-03
      1044  2.2708863E-02 -6.4186907E-03
      1045  2.2822691E-02 -6.5339832E-03
      1046  2.2937091E-02 -6.6512953E-03
      1047  2.3052063E-02 -6.7706612E-03
      1048  2.3167612E-02 -6.8921155E-03
      1049  2.3283740E-02 -7.0156936E-03
      1050  2.3400451E-02 -7.1414313E-03
      1051  2.3517746E-02 -7.2693651E-03
      1052  2.3635629E-02 -7.3995317E-03
      1053  2.3754103E-02 -7.5319690E-03
      1054  2.3873171E-02 -7.6667150E-03
      1055  2.3992836E-02 -7.8038085E-03
      1056  2.4113100E-02 -7.9432890E-03
      1057  2.4233968E-02 -8.0851964E-03
      1058  2.4355441E-02 -8.2295715E-03
      1059  2.4477523E-02 -8.3764555E-03
      1060  2.4600217E-02 -8.5258905E-03
      1061  2.4723526E-02 -8.6779190E-03
      1062  2.4847454E-02 -8.8325844E-03
      1063  2.4972002E-02 -8.9899306E-03
      1064  2.5097175E-02 -9.1500024E-03
      1065  2.5222975E-02 -9.3128452E-03
      1066  2.5349406E-02 -9.4785050E-03
      1067  2.5476470E-02 -9.6470286E-03
      1068  2.5604171E-02 -9.8184637E-03
      1069  2.5732513E-02 -9.9928586E-03
      1070  2.5861497E-02 -1.0170262E-02
      1071  2.5991129E-02 -1.0350724E-02
      1072  2.6121410E-02 -1.0534296E-02
      1073  2.6252344E-02 -1.0721028E-02
      1074  2.6383934E-02 -1.0910973E-02
      1075  2.6516184E-02 -1.1104184E-02
      1076  2.6649097E-02 -1.1300715E-02
      1077  2.6782676E-02 -1.1500619E-02
      1078  2.6916925E-02 -1.1703954E-02
      1079  2.7051847E-02 -1.1910775E-02
      1080  2.7187445E-02 -1.2121139E-02
      1081  2.7323722E-02 -1.2335105E-02
      1082  2.7460683E-02 -1.2552732E-02
      1083  2.7598330E-02 -1.2774079E-02
      1084  2.7736668E-02 -1.2999207E-02
      1085  2.7875698E-02 -1.3228179E-02
      1086  2.8015426E-02 -1.3461056E-02
      1087  2.8155854E-02 -1.3697903E-02
      1088  2.8296985E-02 -1.3938784E-02
      1089  2.8438825E-02 -1.4183765E-02
      1090  2.8581375E-02 -1.4432912E-02
      1091  2.8724640E-02 -1.4686293E-02
      1092  2.8868623E-02 -1.4943977E-02
      1093  2.9013327E-02 -1.5206034E-02
      1094  2.9158757E-02 -1.5472533E-02
      1095  2.9304916E-02 -1.5743548E-02
      1096  2.9451807E-02 -1.6019150E-02
      1097  2.9599435E-02 -1.6299414E-02
      1098  2.9747803E-02 -1.6584415E-02
      1099  2.9896914E-02 -1.6874229E-02
      1100  3.0046773E-02 -1.7168934E-02
      1101  3.0197383E-02 -1.7468608E-02
      1102  3.0348748E-02 -1.7773331E-02
      1103  3.0500872E-02 -1.8083184E-02
      1104  3.0653758E-02 -1.8398248E-02
      1105  3.0807411E-02 -1.8718607E-02
      1106  3.0961834E-02 -1.9044346E-02
      1107  3.1117031E-02 -1.9375550E-02
      1108  3.1273005E-02 -1.9712307E-02
      1109  3.1429762E-02 -2.0054704E-02
      1110  3.1587304E-02 -2.0402832E-02
      1111  3.1745636E-02 -2.0756782E-02
      1112  3.1904762E-02 -2.1116644E-02
      1113  3.2064685E-02 -2.1482514E-02
      1114  3.2225410E-02 -2.1854487E-02
      1115  3.2386941E-02 -2.2232658E-02
      1116  3.2549281E-02 -2.2617125E-02
      1117  3.2712435E-02 -2.3007988E-02
      1118  3.2876407E-02 -2.3405347E-02
      1119  3.3041200E-02 -2.3809304E-02
      1120  3.3206820E-02 -2.4219964E-02
      1121  3.3373270E-02 -2.4637430E-02
      1122  3.3540554E-02 -2.5061809E-02
      1123  3.3708677E-02 -2.5493211E-02
      1124  3.3877642E-02 -2.5931743E-02
      1125  3.4047455E-02 -2.6377518E-02
      1126  3.4218118E-02 -2.6830648E-02
      1127  3.4389637E-02 -2.7291247E-02
      1128  3.4562016E-02 -2.7759433E-02
      1129  3.4735259E-02 -2.8235321E-02
      1130  3.4909370E-02 -2.8719032E-02
      1131  3.5084354E-02 -2.9210687E-02
      1132  3.5260215E-02 -2.9710408E-02
      1133  3.5436958E-02 -3.0218319E-02
      1134  3.5614586E-02 -3.0734548E-02
      1135  3.5793105E-02 -3.1259222E-02
      1136  3.5972519E-02 -3.1792470E-02
      1137  3.6152832E-02 -3.2334424E-02
      1138  3.6334049E-02 -3.2885218E-02
      1139  3.6516174E-02 -3.3444987E-02
      1140  3.6699212E-02 -3.4013867E-02
      1141  3.6883167E-02 -3.4591998E-02
      1142  3.7068045E-02 -3.5179522E-02
      1143  3.7253849E-02 -3.5776579E-02
      1144  3.7440585E-02 -3.6383316E-02
      1145  3.7628257E-02 -3.6999880E-02
      1146  3.7816869E-02 -3.7626418E-02
      1147  3.8006427E-02 -3.8263082E-02
      1148  3.8196935E-02 -3.8910025E-02
      1149  3.8388398E-02 -3.9567401E-02
      1150  3.8580821E-02 -4.0235368E-02
      1151  3.8774208E-02 -4.0914085E-02
      1152  3.8968564E-02 -4.1603712E-02
      1153  3.9163895E-02 -4.2304415E-02
      1154  3.9360205E-02 -4.3016357E-02
      1155  3.9557499E-02 -4.3739707E-02
      1156  3.9755782E-02 -4.4474636E-02
      1157  3.9955058E-02 -4.5221314E-02
      1158  4.0155334E-02 -4.5979918E-02
      1159  4.0356613E-02 -4.6750624E-02
      1160  4.0558902E-02 -4.7533612E-02
      1161  4.0762204E-02 -4.8329062E-02
      1162  4.0966525E-02 -4.9137159E-02
      1163  4.1171871E-02 -4.9958090E-02
      1164  4.1378246E-02 -5.0792043E-02
      1165  4.1585655E-02 -5.1639209E-02
      1166  4.1794104E-02 -5.2499783E-02
      1167  4.2003598E-02 -5.3373960E-02
      1168  4.2214142E-02 -5.4261940E-02
      1169  4.2425741E-02 -5.5163924E-02
      1170  4.2638401E-02 -5.6080116E-02
      1171  4.2852127E-02 -5.7010723E-02
      1172  4.3066924E-02 -5.7955953E-02
      1173  4.3282798E-02 -5.8916019E-02
      1174  4.3499754E-02 -5.9891135E-02
      1175  4.3717797E-02 -6.0881518E-02
      1176  4.3936934E-02 -6.1887389E-02
      1177  4.4157168E-02 -6.2908970E-02
      1178  4.4378507E-02 -6.3946488E-02
      1179  4.4600955E-02 -6.5000169E-02
      1180  4.4824519E-02 -6.6070246E-02
      1181  4.5049202E-02 -6.7156953E-02
      1182  4.5275012E-02 -6.8260527E-02
      1183  4.5501954E-02 -6.9381207E-02
      1184  4.5730034E-02 -7.0519237E-02
      1185  4.5959257E-02 -7.1674862E-02
      1186  4.6189628E-02 -7.2848331E-02
      1187  4.6421155E-02 -7.4039897E-02
      1188  4.6653842E-02 -7.5249813E-02
      1189  4.6887695E-02 -7.6478339E-02
      1190  4.7122721E-02 -7.7725735E-02
      1191  4.7358924E-02 -7.8992266E-02
      1192  4.7596312E-02 -8.0278199E-02
      1193  4.7834889E-02 -8.1583804E-02
      1194  4.8074663E-02 -8.2909356E-02
      1195  4.8315638E-02 -8.4255131E-02
      1196  4.8557821E-02 -8.5621410E-02
      1197  4.8801218E-02 -8.7008477E-02
      1198  4.9045835E-02 -8.8416619E-02
      1199  4.9291679E-02 -8.9846125E-02
      1200  4.9538754E-02 -9.1297290E-02
      1201  4.9787068E-02 -9.2770410E-02
      1202  5.0036627E-02 -9.4265787E-02
      1203  5.0287437E-02 -9.5783724E-02
      1204  5.0539504E-02 -9.7324528E-02
      1205  5.0792834E-02 -9.8888510E-02
      1206  5.1047434E-02 -1.0047599E-01
      1207  5.1303310E-02 -1.0208727E-01
      1208  5.1560469E-02 -1.0372269E-01
      1209  5.1818917E-02 -1.0538257E-01
      1210  5.2078661E-02 -1.0706723E-01
      1211  5.2339706E-02 -1.0877701E-01
      1212  5.2602060E-02 -1.1051225E-01
      1213  5.2865729E-02 -1.1227329E-01
      1214  5.3130719E-02 -1.1406046E-01
      1215  5.3397038E-02 -1.1587412E-01
      1216  5.3664692E-02 -1.1771461E-01
      1217  5.3933687E-02 -1.1958230E-01
      1218  5.4204031E-02 -1.2147753E-01
      1219  5.4475730E-02 -1.2340069E-01
      1220  5.4748791E-02 -1.2535212E-01
      1221  5.5023220E-02 -1.2733220E-01
      1222  5.5299025E-02 -1.2934130E-01
      1223  5.5576213E-02 -1.3137981E-01
      1224  5.5854790E-02 -1.3344811E-01
      1225  5.6134763E-02 -1.3554657E-01
      1226  5.6416140E-02 -1.3767559E-01
      1227  5.6698927E-02 -1.3983557E-01
      1228  5.6983131E-02 -1.4202691E-01
      1229  5.7268760E-02 -1.4424999E-01
      1230  5.7555821E-02 -1.4650524E-01
      1231  5.7844321E-02 -1.4879307E-01
      1232  5.8134267E-02 -1.5111388E-01
      1233  5.8425666E-02 -1.5346809E-01
      1234  5.8718526E-02 -1.5585613E-01
      1235  5.9012854E-02 -1.5827843E-01
      1236  5.9308657E-02 -1.6073541E-01
      1237  5.9605943E-02 -1.6322752E-01
      1238  5.9904719E-02 -1.6575518E-01
      1239  6.0204992E-02 -1.6831886E-01
      1240  6.0506771E-02 -1.7091898E-01
      1241  6.0810063E-02 -1.7355601E-01
      1242  6.1114874E-02 -1.7623040E-01
      1243  6.1421214E-02 -1.7894261E-01
      1244  6.1729089E-02 -1.8169311E-01
      1245  6.2038507E-02 -1.8448237E-01
      1246  6.2349477E-02 -1.8731086E-01
      1247  6.2662005E-02 -1.9017906E-01
      1248  6.2976099E-02 -1.9308745E-01
      1249  6.3291768E-02 -1.9603651E-01
      1250  6.3609020E-02 -1.9902675E-01
      1251  6.3927861E-02 -2.0205865E-01
      1252  6.4248301E-02 -2.0513272E-01
      1253  6.4570347E-02 -2.0824946E-01
      1254  6.4894007E-02 -2.1140937E-01
      1255  6.5219290E-02 -2.1461297E-01
      1256  6.5546203E-02 -2.1786079E-01
      1257  6.5874754E-02 -2.2115333E-01
      1258  6.6204953E-02 -2.2449113E-01
      1259  6.6536807E-02 -2.2787471E-01
      1260  6.6870324E-02 -2.3130462E-01
      1261  6.7205513E-02 -2.3478139E-01
      1262  6.7542382E-02 -2.3830556E-01
      1263  6.7880939E-02 -2.4187769E-01
      1264  6.8221194E-02 -2.4549832E-01
      1265  6.8563154E-02 -2.4916801E-01
      1266  6.8906828E-02 -2.5288733E-01
      1267  6.9252225E-02 -2.5665684E-01
      1268  6.9599354E-02 -2.6047711E-01
      1269  6.9948222E-02 -2.6434871E-01
      1270  7.0298839E-02 -2.6827222E-01
      1271  7.0651213E-02 -2.7224823E-01
      1272  7.1005354E-02 -2.7627733E-01
      1273  7.1361270E-02 -2.8036010E-01
      1274  7.1718969E-02 -2.8449714E-01
      1275  7.2078462E-02 -2.8868905E-01
      1276  7.2439757E-02 -2.9293643E-01
      1277  7.2802863E-02 -2.9723990E-01
      1278  7.3167789E-02 -3.0160007E-01
      1279  7.3534544E-02 -3.0601755E-01
      1280  7.3903137E-02 -3.1049297E-01
      1281  7.4273578E-02 -3.1502695E-01
      1282  7.4645876E-02 -3.1962012E-01
      1283  7.5020040E-02 -3.2427311E-01
      1284  7.5396080E-02 -3.2898657E-01
      1285  7.5774004E-02 -3.3376113E-01
      1286  7.6153823E-02 -3.3859744E-01
      1287  7.6535545E-02 -3.4349615E-01
      1288  7.6919181E-02 -3.4845791E-01
      1289  7.7304740E-02 -3.5348338E-01
      1290  7.7692232E-02 -3.5857323E-01
      1291  7.8081666E-02 -3.6372811E-01
      1292  7.8473052E-02 -3.6894871E-01
      1293  7.8866400E-02 -3.7423568E-01
      1294  7.9261719E-02 -3.7958971E-01
      1295  7.9659020E-02 -3.8501147E-01
      1296  8.0058313E-02 -3.9050165E-01
      1297  8.0459607E-02 -3.9606095E-01
      1298  8.0862912E-02 -4.0169004E-01
      1299  8.1268239E-02 -4.0738962E-01
      1300  8.1675598E-02 -4.1316040E-01
      1301  8.2084999E-02 -4.1900307E-01
      1302  8.2496451E-02 -4.2491833E-01
      1303  8.2909967E-02 -4.3090690E-01
      1304  8.3325555E-02 -4.3696949E-01
      1305  8.3743226E-02 -4.4310680E-01
      1306  8.4162990E-02 -4.4931956E-01
      1307  8.4584859E-02 -4.5560849E-01
      1308  8.5008842E-02 -4.6197430E-01
      1309  8.5434951E-02 -4.6841773E-01
      1310  8.5863195E-02 -4.7493950E-01
      1311  8.6293586E-02 -4.8154035E-01
      1312  8.6726135E-02 -4.8822101E-01
      1313  8.7160851E-02 -4.9498220E-01
      1314  8.7597747E-02 -5.0182469E-01
      1315  8.8036833E-02 -5.0874919E-01
      1316  8.8478119E-02 -5.1575647E-01
      1317  8.8921617E-02 -5.2284725E-01
      1318  8.9367339E-02 -5.3002230E-01
      1319  8.9815295E-02 -5.3728236E-01
      1320  9.0265496E-02 -5.4462818E-01
      1321  9.0717953E-02 -5.5206051E-01
      1322  9.1172679E-02 -5.5958012E-01
      1323  9.1629684E-02 -5.6718775E-01
      1324  9.2088980E-02 -5.7488417E-01
      1325  9.2550578E-02 -5.8267013E-01
      1326  9.3014489E-02 -5.9054639E-01
      1327  9.3480726E-02 -5.9851372E-01
      1328  9.3949300E-02 -6.0657288E-01
      1329  9.4420223E-02 -6.1472464E-01
      1330  9.4893507E-02 -6.2296975E-01
      1331  9.5369162E-02 -6.3130899E-01
      1332  9.5847202E-02 -6.3974311E-01
      1333  9.6327638E-02 -6.4827289E-01
      1334  9.6810483E-02 -6.5689910E-01
      1335  9.7295747E-02 -6.6562249E-01
      1336  9.7783444E-02 -6.7444383E-01
      1337  9.8273586E-02 -6.8336390E-01
      1338  9.8766184E-02 -6.9238345E-01
      1339  9.9261252E-02 -7.0150326E-01
      1340  9.9758801E-02 -7.1072409E-01
      1341  1.0025884E-01 -7.2004670E-01
      1342  1.0076139E-01 -7.2947185E-01
      1343  1.0126646E-01 -7.3900032E-01
      1344  1.0177406E-01 -7.4863285E-01
      1345  1.0228421E-01 -7.5837021E-01
      1346  1.0279691E-01 -7.6821316E-01
      1347  1.0331218E-01 -7.7816246E-01
      1348  1.0383003E-01 -7.8821885E-01
      1349  1.0435048E-01 -7.9838309E-01
      1350  1.0487354E-01 -8.0865594E-01
      1351  1.0539922E-01 -8.1903813E-01
      1352  1.0592754E-01 -8.2953041E-01
      1353  1.0645850E-01 -8.4013353E-01
      1354  1.0699213E-01 -8.5084823E-01
      1355  1.0752843E-01 -8.6167523E-01
      1356  1.0806742E-01 -8.7261527E-01
      1357  1.0860911E-01 -8.8366909E-01
      1358  1.0915351E-01 -8.9483740E-01
      1359  1.0970065E-01 -9.0612092E-01
      1360  1.1025053E-01 -9.1752038E-01
      1361  1.1080316E-01 -9.2903648E-01
      1362  1.1135856E-01 -9.4066993E-01
      1363  1.1191675E-01 -9.5242143E-01
      1364  1.1247773E-01 -9.6429168E-01
      1365  1.1304153E-01 -9.7628136E-01
      1366  1.1360815E-01 -9.8839118E-01
      1367  1.1417762E-01 -1.0006218E+00
      1368  1.1474993E-01 -1.0129739E+00
      1369  1.1532512E-01 -1.0254481E+00
      1370  1.1590319E-01 -1.0380452E+00
      1371  1.1648416E-01 -1.0507657E+00
      1372  1.1706804E-01 -1.0636103E+00
      1373  1.1765484E-01 -1.0765797E+00
      1374  1.1824459E-01 -1.0896744E+00
      1375  1.1883729E-01 -1.1028951E+00
      1376  1.1943297E-01 -1.1162425E+00
      1377  1.2003163E-01 -1.1297171E+00
      1378  1.2063329E-01 -1.1433194E+00
      1379  1.2123797E-01 -1.1570503E+00
      1380  1.2184567E-01 -1.1709101E+00
      1381  1.2245643E-01 -1.1848994E+00
      1382  1.2307024E-01 -1.1990189E+00
      1383  1.2368714E-01 -1.2132691E+00
      1384  1.2430712E-01 -1.2276505E+00
      1385  1.2493021E-01 -1.2421636E+00
      1386  1.2555643E-01 -1.2568090E+00
      1387  1.2618578E-01 -1.2715872E+00
      1388  1.2681829E-01 -1.2864987E+00
      1389  1.2745397E-01 -1.3015439E+00
      1390  1.2809284E-01 -1.3167234E+00
      1391  1.2873490E-01 -1.3320375E+00
      1392  1.2938019E-01 -1.3474869E+00
      1393  1.3002871E-01 -1.3630718E+00
      1394  1.3068048E-01 -1.3787927E+00
      1395  1.3133552E-01 -1.3946501E+00
      1396  1.3199384E-01 -1.4106443E+00
      1397  1.3265547E-01 -1.4267758E+00
      1398  1.3332040E-01 -1.4430448E+00
      1399  1.3398867E-01 -1.4594517E+00
      1400  1.3466030E-01 -1.4759970E+00
      1401  1.3533528E-01 -1.4926808E+00
      1402  1.3601365E-01 -1.5095036E+00
      1403  1.3669543E-01 -1.5264656E+00
      1404  1.3738061E-01 -1.5435671E+00
      1405  1.3806924E-01 -1.5608084E+00
      1406  1.3876131E-01 -1.5781897E+00
      1407  1.3945686E-01 -1.5957113E+00
      1408  1.4015589E-01 -1.6133733E+00
      1409  1.4085842E-01 -1.6311760E+00
      1410  1.4156448E-01 -1.6491195E+00
      1411  1.4227407E-01 -1.6672041E+00
      1412  1.4298722E-01 -1.6854298E+00
      1413  1.4370395E-01 -1.7037968E+00
      1414  1.4442427E-01 -1.7223052E+00
      1415  1.4514820E-01 -1.7409550E+00
      1416  1.4587576E-01 -1.7597464E+00
      1417  1.4660696E-01 -1.7786794E+00
      1418  1.4734183E-01 -1.7977541E+00
      1419  1.4808039E-01 -1.8169703E+00
      1420  1.4882264E-01 -1.8363282E+00
      1421  1.4956862E-01 -1.8558277E+00
      1422  1.5031834E-01 -1.8754687E+00
      1423  1.5107181E-01 -1.8952511E+00
      1424  1.5182906E-01 -1.9151749E+00
      1425  1.5259011E-01 -1.9352400E+00
      1426  1.5335497E-01 -1.9554462E+00
      1427  1.5412366E-01 -1.9757933E+00
      1428  1.5489621E-01 -1.9962811E+00
      1429  1.5567263E-01 -2.0169095E+00
      1430  1.5645294E-01 -2.0376782E+00
      1431  1.5723717E-01 -2.0585869E+00
      1432  1.5802532E-01 -2.0796353E+00
      1433  1.5881743E-01 -2.1008233E+00
      1434  1.5961350E-01 -2.1221503E+00
      1435  1.6041357E-01 -2.1436161E+00
      1436  1.6121764E-01 -2.1652202E+00
      1437  1.6202575E-01 -2.1869623E+00
      1438  1.6283791E-01 -2.2088420E+00
      1439  1.6365414E-01 -2.2308586E+00
      1440  1.6447446E-01 -2.2530119E+00
      1441  1.6529889E-01 -2.2753012E+00
      1442  1.6612745E-01 -2.2977260E+00
      1443  1.6696017E-01 -2.3202858E+00
      1444  1.6779706E-01 -2.3429799E+00
      1445  1.6863815E-01 -2.3658077E+00
      1446  1.6948345E-01 -2.3887685E+00
      1447  1.7033299E-01 -2.4118618E+00
      1448  1.7118679E-01 -2.4350866E+00
      1449  1.7204486E-01 -2.4584424E+00
      1450  1.7290724E-01 -2.4819283E+00
      1451  1.7377394E-01 -2.5055436E+00
      1452  1.7464499E-01 -2.5292873E+00
      1453  1.7552040E-01 -2.5531587E+00
      1454  1.7640020E-01 -2.5771569E+00
      1455  1.7728441E-01 -2.6012808E+00
      1456  1.7817305E-01 -2.6255296E+00
      1457  1.7906615E-01 -2.6499023E+00
      1458  1.7996372E-01 -2.6743979E+00
      1459  1.8086579E-01 -2.6990153E+00
      1460  1.8177239E-01 -2.7237534E+00
      1461  1.8268352E-01 -2.7486111E+00
      1462  1.8359923E-01 -2.7735873E+00
      1463  1.8451952E-01 -2.7986808E+00
      1464  1.8544443E-01 -2.8238903E+00
      1465  1.8637398E-01 -2.8492147E+00
      1466  1.8730818E-01 -2.8746527E+00
      1467  1.8824707E-01 -2.9002028E+00
      1468  1.8919066E-01 -2.9258639E+00
      1469  1.9013898E-01 -2.9516346E+00
      1470  1.9109206E-01 -2.9775133E+00
      1471  1.9204991E-01 -3.0034987E+00
      1472  1.9301256E-01 -3.0295893E+00
      1473  1.9398004E-01 -3.0557836E+00
      1474  1.9495237E-01 -3.0820800E+00
      1475  1.9592957E-01 -3.1084769E+00
      1476  1.9691168E-01 -3.1349728E+00
      1477  1.9789870E-01 -3.1615660E+00
      1478  1.9889067E-01 -3.1882548E+00
      1479  1.9988761E-01 -3.2150374E+00
      1480  2.0088955E-01 -3.2419122E+00
      1481  2.0189652E-01 -3.2688773E+00
      1482  2.0290853E-01 -3.2959309E+00
      1483  2.0392561E-01 -3.3230711E+00
      1484  2.0494779E-01 -3.3502962E+00
      1485  2.0597510E-01 -3.3776040E+00
      1486  2.0700755E-01 -3.4049927E+00
      1487  2.0804518E-01 -3.4324603E+00
      1488  2.0908801E-01 -3.4600048E+00
      1489  2.1013607E-01 -3.4876240E+00
      1490  2.1118938E-01 -3.5153159E+00
      1491  2.1224797E-01 -3.5430783E+00
      1492  2.1331187E-01 -3.5709091E+00
      1493  2.1438110E-01 -3.5988061E+00
      1494  2.1545569E-01 -3.6267669E+00
      1495  2.1653567E-01 -3.6547895E+00
      1496  2.1762106E-01 -3.6828714E+00
      1497  2.1871189E-01 -3.7110104E+00
      1498  2.1980818E-01 -3.7392039E+00
      1499  2.2090998E-01 -3.7674497E+00
      1500  2.2201729E-01 -3.7957454E+00
      1501  2.2313016E-01 -3.8240883E+00
      1502  2.2424860E-01 -3.8524761E+00
      1503  2.2537266E-01 -3.8809062E+00
      1504  2.2650234E-01 -3.9093760E+00
      1505  2.2763769E-01 -3.9378830E+00
      1506  2.2877873E-01 -3.9664244E+00
      1507  2.2992549E-01 -3.9949977E+00
      1508  2.3107799E-01 -4.0236001E+00
      1509  2.3223627E-01 -4.0522290E+00
      1510  2.3340036E-01 -4.0808816E+00
      1511  2.3457029E-01 -4.1095550E+00
      1512  2.3574608E-01 -4.1382466E+00
      1513  2.3692776E-01 -4.1669534E+00
      1514  2.3811536E-01 -4.1956726E+00
      1515  2.3930892E-01 -4.2244013E+00
      1516  2.4050846E-01 -4.2531365E+00
      1517  2.4171402E-01 -4.2818754E+00
      1518  2.4292561E-01 -4.3106149E+00
      1519  2.4414328E-01 -4.3393521E+00
      1520  2.4536706E-01 -4.3680839E+00
      1521  2.4659696E-01 -4.3968073E+00
      1522  2.4783304E-01 -4.4255191E+00
      1523  2.4907530E-01 -4.4542164E+00
      1524  2.5032380E-01 -4.4828959E+00
      1525  2.5157855E-01 -4.5115546E+00
      1526  2.5283960E-01 -4.5401892E+00
      1527  2.5410696E-01 -4.5687967E+00
      1528  2.5538068E-01 -4.5973737E+00
      1529  2.5666078E-01 -4.6259170E+00
      1530  2.5794729E-01 -4.6544234E+00
      1531  2.5924026E-01 -4.6828896E+00
      1532  2.6053971E-01 -4.7113124E+00
      1533  2.6184567E-01 -4.7396885E+00
      1534  2.6315818E-01 -4.7680144E+00
      1535  2.6447726E-01 -4.7962869E+00
      1536  2.6580296E-01 -4.8245026E+00
      1537  2.6713530E-01 -4.8526582E+00
      1538  2.6847432E-01 -4.8807502E+00
      1539  2.6982006E-01 -4.9087754E+00
      1540  2.7117254E-01 -4.9367301E+00
      1541  2.7253179E-01 -4.9646112E+00
      1542  2.7389786E-01 -4.9924150E+00
      1543  2.7527078E-01 -5.0201381E+00
      1544  2.7665058E-01 -5.0477772E+00
      1545  2.7803730E-01 -5.0753286E+00
      1546  2.7943097E-01 -5.1027890E+00
      1547  2.8083162E-01 -5.1301548E+00
      1548  2.8223930E-01 -5.1574226E+00
      1549  2.8365403E-01 -5.1845887E+00
      1550  2.8507585E-01 -5.2116498E+00
      1551  2.8650480E-01 -5.2386022E+00
      1552  2.8794091E-01 -5.2654425E+00
      1553  2.8938422E-01 -5.2921671E+00
      1554  2.9083476E-01 -5.3187724E+00
      1555  2.9229258E-01 -5.3452548E+00
      1556  2.9375770E-01 -5.3716109E+00
      1557  2.9523017E-01 -5.3978369E+00
      1558  2.9671001E-01 -5.4239294E+00
      1559  2.9819728E-01 -5.4498848E+00
      1560  2.9969200E-01 -5.4756993E+00
      1561  3.0119421E-01 -5.5013695E+00
      1562  3.0270395E-01 -5.5268917E+00
      1563  3.0422126E-01 -5.5522622E+00
      1564  3.0574618E-01 -5.5774775E+00
      1565  3.0727874E-01 -5.6025339E+00
      1566  3.0881898E-01 -5.6274278E+00
      1567  3.1036694E-01 -5.6521555E+00
      1568  3.1192266E-01 -5.6767133E+00
      1569  3.1348618E-01 -5.7010976E+00
      1570  3.1505754E-01 -5.7253047E+00
      1571  3.1663677E-01 -5.7493309E+00
      1572  3.1822392E-01 -5.7731726E+00
      1573  3.1981902E-01 -5.7968261E+00
      1574  3.2142212E-01 -5.8202877E+00
      1575  3.2303326E-01 -5.8435537E+00
      1576  3.2465247E-01 -5.8666205E+00
      1577  3.2627979E-01 -5.8894843E+00
      1578  3.2791528E-01 -5.9121415E+00
      1579  3.2955896E-01 -5.9345885E+00
      1580  3.3121088E-01 -5.9568216E+00
      1581  3.3287108E-01 -5.9788372E+00
      1582  3.3453961E-01 -6.0006316E+00
      1583  3.3621649E-01 -6.0222013E+00
      1584  3.3790179E-01 -6.0435426E+00
      1585  3.3959553E-01 -6.0646521E+00
      1586  3.4129776E-01 -6.0855262E+00
      1587  3.4300852E-01 -6.1061614E+00
      1588  3.4472785E-01 -6.1265543E+00
      1589  3.4645581E-01 -6.1467013E+00
      1590  3.4819243E-01 -6.1665991E+00
      1591  3.4993775E-01 -6.1862444E+00
      1592  3.5169182E-01 -6.2056338E+00
      1593  3.5345468E-01 -6.2247641E+00
      1594  3.5522638E-01 -6.2436319E+00
      1595  3.5700696E-01 -6.2622341E+00
      1596  3.5879647E-01 -6.2805676E+00
      1597  3.6059494E-01 -6.2986292E+00
      1598  3.6240243E-01 -6.3164159E+00
      1599  3.6421898E-01 -6.3339247E+00
      1600  3.6604463E-01 -6.3511525E+00
      1601  3.6787944E-01 -6.3680965E+00
      1602  3.6972344E-01 -6.3847539E+00
      1603  3.7157669E-01 -6.4011217E+00
      1604  3.7343923E-01 -6.4171972E+00
      1605  3.7531110E-01 -6.4329778E+00
      1606  3.7719235E-01 -6.4484607E+00
      1607  3.7908304E-01 -6.4636433E+00
      1608  3.8098320E-01 -6.4785230E+00
      1609  3.8289289E-01 -6.4930974E+00
      1610  3.8481214E-01 -6.5073640E+00
      1611  3.8674102E-01 -6.5213204E+00
      1612  3.8867957E-01 -6.5349642E+00
      1613  3.9062784E-01 -6.5482932E+00
      1614  3.9258587E-01 -6.5613051E+00
      1615  3.9455371E-01 -6.5739977E+00
      1616  3.9653142E-01 -6.5863688E+00
      1617  3.9851904E-01 -6.5984165E+00
      1618  4.0051663E-01 -6.6101387E+00
      1619  4.0252422E-01 -6.6215334E+00
      1620  4.0454189E-01 -6.6325988E+00
      1621  4.0656966E-01 -6.6433329E+00
      1622  4.0860760E-01 -6.6537341E+00
      1623  4.1065575E-01 -6.6638005E+00
      1624  4.1271417E-01 -6.6735305E+00
      1625  4.1478291E-01 -6.6829226E+00
      1626  4.1686202E-01 -6.6919751E+00
      1627  4.1895155E-01 -6.7006866E+00
      1628  4.2105155E-01 -6.7090556E+00
      1629  4.2316208E-01 -6.7170808E+00
      1630  4.2528319E-01 -6.7247609E+00
      1631  4.2741493E-01 -6.7320946E+00
      1632  4.2955736E-01 -6.7390808E+00
      1633  4.3171052E-01 -6.7457184E+00
      1634  4.3387448E-01 -6.7520062E+00
      1635  4.3604929E-01 -6.7579434E+00
      1636  4.3823499E-01 -6.7635290E+00
      1637  4.4043165E-01 -6.7687621E+00
      1638  4.4263933E-01 -6.7736419E+00
      1639  4.4485807E-01 -6.7781677E+00
      1640  4.4708793E-01 -6.7823389E+00
      1641  4.4932896E-01 -6.7861547E+00
      1642  4.5158123E-01 -6.7896148E+00
      1643  4.5384480E-01 -6.7927186E+00
      1644  4.5611970E-01 -6.7954656E+00
      1645  4.5840601E-01 -6.7978556E+00
      1646  4.6070378E-01 -6.7998883E+00
      1647  4.6301307E-01 -6.8015634E+00
      1648  4.6533393E-01 -6.8028807E+00
      1649  4.6766643E-01 -6.8038403E+00
      1650  4.7001061E-01 -6.8044419E+00
      1651  4.7236655E-01 -6.8046858E+00
      1652  4.7473430E-01 -6.8045718E+00
      1653  4.7711392E-01 -6.8041003E+00
      1654  4.7950546E-01 -6.8032714E+00
      1655  4.8190899E-01 -6.8020854E+00
      1656  4.8432457E-01 -6.8005426E+00
      1657  4.8675226E-01 -6.7986434E+00
      1658  4.8919211E-01 -6.7963883E+00
      1659  4.9164420E-01 -6.7937777E+00
      1660  4.9410857E-01 -6.7908123E+00
      1661  4.9658530E-01 -6.7874926E+00
      1662  4.9907445E-01 -6.7838194E+00
      1663  5.0157607E-01 -6.7797933E+00
      1664  5.0409023E-01 -6.7754152E+00
      1665  5.0661699E-01 -6.7706859E+00
      1666  5.0915642E-01 -6.7656064E+00
      1667  5.1170858E-01 -6.7601775E+00
      1668  5.1427353E-01 -6.7544002E+00
      1669  5.1685133E-01 -6.7482757E+00
      1670  5.1944206E-01 -6.7418051E+00
      1671  5.2204578E-01 -6.7349895E+00
      1672  5.2466254E-01 -6.7278300E+00
      1673  5.2729242E-01 -6.7203281E+00
      1674  5.2993549E-01 -6.7124849E+00
      1675  5.3259180E-01 -6.7043019E+00
      1676  5.3526143E-01 -6.6957804E+00
      1677  5.3794444E-01 -6.6869219E+00
      1678  5.4064090E-01 -6.6777279E+00
      1679  5.4335087E-01 -6.6681999E+00
      1680  5.4607443E-01 -6.6583395E+00
      1681  5.4881164E-01 -6.6481484E+00
      1682  5.5156257E-01 -6.6376281E+00
      1683  5.5432728E-01 -6.6267804E+00
      1684  5.5710586E-01 -6.6156071E+00
      1685  5.5989837E-01 -6.6041099E+00
      1686  5.6270487E-01 -6.5922907E+00
      1687  5.6552544E-01 -6.5801513E+00
      1688  5.6836015E-01 -6.5676936E+00
      1689  5.7120906E-01 -6.5549195E+00
      1690  5.7407226E-01 -6.5418311E+00
      1691  5.7694981E-01 -6.5284304E+00
      1692  5.7984178E-01 -6.5147193E+00
      1693  5.8274825E-01 -6.5007000E+00
      1694  5.8566929E-01 -6.4863746E+00
      1695  5.8860497E-01 -6.4717452E+00
      1696  5.9155536E-01 -6.4568140E+00
      1697  5.9452055E-01 -6.4415831E+00
      1698  5.9750059E-01 -6.4260549E+00
      1699  6.0049558E-01 -6.4102315E+00
      1700  6.0350558E-01 -6.3941153E+00
      1701  6.0653066E-01 -6.3777086E+00
      1702  6.0957091E-01 -6.3610137E+00
      1703  6.1262639E-01 -6.3440329E+00
      1704  6.1569720E-01 -6.3267688E+00
      1705  6.1878339E-01 -6.3092237E+00
      1706  6.2188506E-01 -6.2913999E+00
      1707  6.2500227E-01 -6.2733001E+00
      1708  6.2813511E-01 -6.2549267E+00
      1709  6.3128365E-01 -6.2362822E+00
      1710  6.3444797E-01 -6.2173690E+00
      1711  6.3762815E-01 -6.1981899E+00
      1712  6.4082428E-01 -6.1787473E+00
      1713  6.4403642E-01 -6.1590438E+00
      1714  6.4726467E-01 -6.1390820E+00
      1715  6.5050909E-01 -6.1188646E+00
      1716  6.5376979E-01 -6.0983941E+00
      1717  6.5704682E-01 -6.0776733E+00
      1718  6.6034028E-01 -6.0567048E+00
      1719  6.6365025E-01 -6.0354912E+00
      1720  6.6697681E-01 -6.0140354E+00
      1721  6.7032005E-01 -5.9923399E+00
      1722  6.7368004E-01 -5.9704075E+00
      1723  6.7705687E-01 -5.9482410E+00
      1724  6.8045064E-01 -5.9258431E+00
      1725  6.8386141E-01 -5.9032165E+00
      1726  6.8728928E-01 -5.8803641E+00
      1727  6.9073433E-01 -5.8572885E+00
      1728  6.9419665E-01 -5.8339925E+00
      1729  6.9767633E-01 -5.8104791E+00
      1730  7.0117344E-01 -5.7867508E+00
      1731  7.0468809E-01 -5.7628107E+00
      1732  7.0822035E-01 -5.7386614E+00
      1733  7.1177032E-01 -5.7143057E+00
      1734  7.1533809E-01 -5.6897466E+00
      1735  7.1892373E-01 -5.6649867E+00
      1736  7.2252735E-01 -5.6400290E+00
      1737  7.2614904E-01 -5.6148763E+00
      1738  7.2978887E-01 -5.5895313E+00
      1739  7.3344696E-01 -5.5639970E+00
      1740  7.3712337E-01 -5.5382761E+00
      1741  7.4081822E-01 -5.5123715E+00
      1742  7.4453159E-01 -5.4862859E+00
      1743  7.4826357E-01 -5.4600223E+00
      1744  7.5201425E-01 -5.4335834E+00
      1745  7.5578374E-01 -5.4069721E+00
      1746  7.5957212E-01 -5.3801912E+00
      1747  7.6337949E-01 -5.3532434E+00
      1748  7.6720595E-01 -5.3261317E+00
      1749  7.7105159E-01 -5.2988587E+00
      1750  7.7491650E-01 -5.2714273E+00
      1751  7.7880078E-01 -5.2438402E+00
      1752  7.8270454E-01 -5.2161003E+00
      1753  7.8662786E-01 -5.1882103E+00
      1754  7.9057085E-01 -5.1601730E+00
      1755  7.9453360E-01 -5.1319911E+00
      1756  7.9851622E-01 -5.1036674E+00
      1757  8.0251880E-01 -5.0752045E+00
      1758  8.0654144E-01 -5.0466052E+00
      1759  8.1058425E-01 -5.0178722E+00
      1760  8.1464732E-01 -4.9890083E+00
      1761  8.1873075E-01 -4.9600159E+00
      1762  8.2283466E-01 -4.9308980E+00
      1763  8.2695913E-01 -4.9016570E+00
      1764  8.3110428E-01 -4.8722956E+00
      1765  8.3527021E-01 -4.8428165E+00
      1766  8.3945702E-01 -4.8132222E+00
      1767  8.4366482E-01 -4.7835153E+00
      1768  8.4789370E-01 -4.7536985E+00
      1769  8.5214379E-01 -4.7237742E+00
      1770  8.5641518E-01 -4.6937449E+00
      1771  8.6070798E-01 -4.6636133E+00
      1772  8.6502229E-01 -4.6333818E+00
      1773  8.6935824E-01 -4.6030529E+00
      1774  8.7371591E-01 -4.5726291E+00
      1775  8.7809543E-01 -4.5421127E+00
      1776  8.8249690E-01 -4.5115063E+00
      1777  8.8692044E-01 -4.4808122E+00
      1778  8.9136614E-01 -4.4500328E+00
      1779  8.9583414E-01 -4.4191705E+00
      1780  9.0032452E-01 -4.3882276E+00
      1781  9.0483742E-01 -4.3572065E+00
      1782  9.0937293E-01 -4.3261094E+00
      1783  9.1393119E-01 -4.2949387E+00
      1784  9.1851228E-01 -4.2636967E+00
      1785  9.2311635E-01 -4.2323854E+00
      1786  9.2774349E-01 -4.2010073E+00
      1787  9.3239382E-01 -4.1695645E+00
      1788  9.3706746E-01 -4.1380592E+00
      1789  9.4176453E-01 -4.1064936E+00
      1790  9.4648515E-01 -4.0748697E+00
      1791  9.5122942E-01 -4.0431898E+00
      1792  9.5599748E-01 -4.0114560E+00
      1793  9.6078944E-01 -3.9796703E+00
      1794  9.6560542E-01 -3.9478348E+00
      1795  9.7044553E-01 -3.9159516E+00
      1796  9.7530991E-01 -3.8840227E+00
      1797  9.8019867E-01 -3.8520501E+00
      1798  9.8511194E-01 -3.8200358E+00
      1799  9.9004983E-01 -3.7879819E+00
      1800  9.9501248E-01 -3.7558902E+00
      1801  1.0000000E+00 -3.7237627E+00
      1802  1.0050125E+00 -3.6916013E+00
      1803  1.0100502E+00 -3.6594080E+00
      1804  1.0151131E+00 -3.6271847E+00
      1805  1.0202013E+00 -3.5949331E+00
      1806  1.0253151E+00 -3.5626552E+00
      1807  1.0304545E+00 -3.5303528E+00
      1808  1.0356197E+00 -3.4980278E+00
      1809  1.0408108E+00 -3.4656819E+00
      1810  1.0460279E+00 -3.4333170E+00
      1811  1.0512711E+00 -3.4009348E+00
      1812  1.0565406E+00 -3.3685371E+00
      1813  1.0618365E+00 -3.3361256E+00
      1814  1.0671590E+00 -3.3037021E+00
      1815  1.0725082E+00 -3.2712683E+00
      1816  1.0778842E+00 -3.2388259E+00
      1817  1.0832871E+00 -3.2063765E+00
      1818  1.0887171E+00 -3.1739219E+00
      1819  1.0941743E+00 -3.1414637E+00
      1820  1.0996589E+00 -3.1090036E+00
      1821  1.1051709E+00 -3.0765431E+00
      1822  1.1107106E+00 -3.0440840E+00
      1823  1.1162781E+00 -3.0116277E+00
      1824  1.1218734E+00 -2.9791760E+00
      1825  1.1274969E+00 -2.9467303E+00
      1826  1.1331485E+00 -2.9142922E+00
      1827  1.1388284E+00 -2.8818634E+00
      1828  1.1445368E+00 -2.8494452E+00
      1829  1.1502738E+00 -2.8170393E+00
      1830  1.1560396E+00 -2.7846472E+00
      1831  1.1618342E+00 -2.7522704E+00
      1832  1.1676580E+00 -2.7199103E+00
      1833  1.1735109E+00 -2.6875684E+00
      1834  1.1793931E+00 -2.6552462E+00
      1835  1.1853049E+00 -2.6229453E+00
      1836  1.1912462E+00 -2.5906669E+00
      1837  1.1972174E+00 -2.5584125E+00
      1838  1.2032184E+00 -2.5261836E+00
      1839  1.2092496E+00 -2.4939816E+00
      1840  1.2153110E+00 -2.4618079E+00
      1841  1.2214028E+00 -2.4296638E+00
      1842  1.2275251E+00 -2.3975508E+00
      1843  1.2336781E+00 -2.3654703E+00
      1844  1.2398619E+00 -2.3334235E+00
      1845  1.2460767E+00 -2.3014120E+00
      1846  1.2523227E+00 -2.2694369E+00
      1847  1.2586000E+00 -2.2374997E+00
      1848  1.2649088E+00 -2.2056017E+00
      1849  1.2712492E+00 -2.1737443E+00
      1850  1.2776213E+00 -2.1419287E+00
      1851  1.2840254E+00 -2.1101563E+00
      1852  1.2904616E+00 -2.0784284E+00
      1853  1.2969301E+00 -2.0467463E+00
      1854  1.3034310E+00 -2.0151112E+00
      1855  1.3099645E+00 -1.9835246E+00
      1856  1.3165307E+00 -1.9519877E+00
      1857  1.3231298E+00 -1.9205017E+00
      1858  1.3297620E+00 -1.8890681E+00
      1859  1.3364275E+00 -1.8576879E+00
      1860  1.3431264E+00 -1.8263626E+00
      1861  1.3498588E+00 -1.7950935E+00
      1862  1.3566250E+00 -1.7638817E+00
      1863  1.3634251E+00 -1.7327286E+00
      1864  1.3702593E+00 -1.7016354E+00
      1865  1.3771278E+00 -1.6706035E+00
      1866  1.3840306E+00 -1.6396341E+00
      1867  1.3909681E+00 -1.6087284E+00
      1868  1.3979404E+00 -1.5778879E+00
      1869  1.4049476E+00 -1.5471137E+00
      1870  1.4119899E+00 -1.5164072E+00
      1871  1.4190675E+00 -1.4857695E+00
      1872  1.4261807E+00 -1.4552022E+00
      1873  1.4333294E+00 -1.4247063E+00
      1874  1.4405140E+00 -1.3942833E+00
      1875  1.4477346E+00 -1.3639345E+00
      1876  1.4549914E+00 -1.3336611E+00
      1877  1.4622846E+00 -1.3034646E+00
      1878  1.4696143E+00 -1.2733461E+00
      1879  1.4769808E+00 -1.2433072E+00
      1880  1.4843842E+00 -1.2133491E+00
      1881  1.4918247E+00 -1.1834731E+00
      1882  1.4993025E+00 -1.1536807E+00
      1883  1.5068178E+00 -1.1239733E+00
      1884  1.5143707E+00 -1.0943522E+00
      1885  1.5219616E+00 -1.0648189E+00
      1886  1.5295904E+00 -1.0353747E+00
      1887  1.5372575E+00 -1.0060212E+00
      1888  1.5449631E+00 -9.7675971E-01
      1889  1.5527072E+00 -9.4759174E-01
      1890  1.5604902E+00 -9.1851878E-01
      1891  1.5683122E+00 -8.8954233E-01
      1892  1.5761734E+00 -8.6066391E-01
      1893  1.5840740E+00 -8.3188504E-01
      1894  1.5920142E+00 -8.0320729E-01
      1895  1.5999942E+00 -7.7463222E-01
      1896  1.6080142E+00 -7.4616143E-01
      1897  1.6160744E+00 -7.1779655E-01
      1898  1.6241750E+00 -6.8953920E-01
      1899  1.6323162E+00 -6.6139105E-01
      1900  1.6404982E+00 -6.3335378E-01
      1901  1.6487213E+00 -6.0542910E-01
      1902  1.6569855E+00 -5.7761876E-01
      1903  1.6652912E+00 -5.4992450E-01
      1904  1.6736385E+00 -5.2234812E-01
      1905  1.6820276E+00 -4.9489143E-01
      1906  1.6904588E+00 -4.6755627E-01
      1907  1.6989323E+00 -4.4034453E-01
      1908  1.7074482E+00 -4.1325809E-01
      1909  1.7160069E+00 -3.8629890E-01
      1910  1.7246084E+00 -3.5946892E-01
      1911  1.7332530E+00 -3.3277015E-01
      1912  1.7419410E+00 -3.0620462E-01
      1913  1.7506725E+00 -2.7977439E-01
      1914  1.7594478E+00 -2.5348156E-01
      1915  1.7682671E+00 -2.2732827E-01
      1916  1.7771305E+00 -2.0131669E-01
      1917  1.7860384E+00 -1.7544902E-01
      1918  1.7949910E+00 -1.4972752E-01
      1919  1.8039884E+00 -1.2415447E-01
      1920  1.8130309E+00 -9.8732188E-02
      1921  1.8221188E+00 -7.3463044E-02
      1922  1.8312522E+00 -4.8349444E-02
      1923  1.8404314E+00 -2.3393834E-02
      1924  1.8496566E+00  1.4012943E-03
      1925  1.8589280E+00  2.6033409E-02
      1926  1.8682460E+00  5.0499929E-02
      1927  1.8776106E+00  7.4798235E-02
      1928  1.8870221E+00  9.8925656E-02
      1929  1.8964809E+00  1.2287948E-01
      1930  1.9059870E+00  1.4665694E-01
      1931  1.9155408E+00  1.7025522E-01
      1932  1.9251425E+00  1.9367148E-01
      1933  1.9347923E+00  2.1690280E-01
      1934  1.9444905E+00  2.3994622E-01
      1935  1.9542373E+00  2.6279873E-01
      1936  1.9640330E+00  2.8545728E-01
      1937  1.9738777E+00  3.0791875E-01
      1938  1.9837718E+00  3.3017996E-01
      1939  1.9937155E+00  3.5223772E-01
      1940  2.0037091E+00  3.7408873E-01
      1941  2.0137527E+00  3.9572968E-01
      1942  2.0238467E+00  4.1715717E-01
      1943  2.0339913E+00  4.3836778E-01
      1944  2.0441867E+00  4.5935799E-01
      1945  2.0544332E+00  4.8012427E-01
      1946  2.0647311E+00  5.0066300E-01
      1947  2.0750806E+00  5.2097051E-01
      1948  2.0854820E+00  5.4104308E-01
      1949  2.0959355E+00  5.6087691E-01
      1950  2.1064414E+00  5.8046818E-01
      1951  2.1170000E+00  5.9981296E-01
      1952  2.1276115E+00  6.1890730E-01
      1953  2.1382762E+00  6.3774717E-01
      1954  2.1489944E+00  6.5632849E-01
      1955  2.1597663E+00  6.7464711E-01
      1956  2.1705921E+00  6.9269883E-01
      1957  2.1814723E+00  7.1047938E-01
      1958  2.1924069E+00  7.2798443E-01
      1959  2.2033964E+00  7.4520959E-01
      1960  2.2144410E+00  7.6215041E-01
      1961  2.2255409E+00  7.7880239E-01
      1962  2.2366965E+00  7.9516094E-01
      1963  2.2479080E+00  8.1122144E-01
      1964  2.2591757E+00  8.2697920E-01
      1965  2.2704998E+00  8.4242945E-01
      1966  2.2818808E+00  8.5756739E-01
      1967  2.2933187E+00  8.7238815E-01
      1968  2.3048140E+00  8.8688679E-01
      1969  2.3163670E+00  9.0105832E-01
      1970  2.3279778E+00  9.1489771E-01
      1971  2.3396469E+00  9.2839983E-01
      1972  2.3513744E+00  9.4155954E-01
      1973  2.3631607E+00  9.5437161E-01
      1974  2.3750061E+00  9.6683078E-01
      1975  2.3869109E+00  9.7893172E-01
      1976  2.3988753E+00  9.9066906E-01
      1977  2.4108997E+00  1.0020374E+00
      1978  2.4229844E+00  1.0130312E+00
      1979  2.4351297E+00  1.0236450E+00
      1980  2.4473358E+00  1.0338731E+00
      1981  2.4596031E+00  1.0437101E+00
      1982  2.4719319E+00  1.0531502E+00
      1983  2.4843225E+00  1.0621878E+00
      1984  2.4967753E+00  1.0708170E+00
      1985  2.5092904E+00  1.0790322E+00
      1986  2.5218683E+00  1.0868276E+00
      1987  2.5345092E+00  1.0941973E+00
      1988  2.5472135E+00  1.1011354E+00
      1989  2.5599814E+00  1.1076361E+00
      1990  2.5728134E+00  1.1136934E+00
      1991  2.5857097E+00  1.1193016E+00
      1992  2.5986706E+00  1.1244546E+00
      1993  2.6116965E+00  1.1291465E+00
      1994  2.6247877E+00  1.1333714E+00
      1995  2.6379445E+00  1.1371233E+00
      1996  2.6511672E+00  1.1403963E+00
      1997  2.6644562E+00  1.1431846E+00
      1998  2.6778119E+00  1.1454821E+00
      1999  2.6912345E+00  1.1472831E+00
      2000  2.7047243E+00  1.1485817E+00
      2001  2.7182818E+00  1.1493721E+00
      2002  2.7319073E+00  1.1496485E+00
      2003  2.7456010E+00  1.1494052E+00
      2004  2.7593634E+00  1.1486366E+00
      2005  2.7731948E+00  1.1473370E+00
      2006  2.7870955E+00  1.1455010E+00
      2007  2.8010658E+00  1.1431231E+00
      2008  2.8151062E+00  1.1401979E+00
      2009  2.8292170E+00  1.1367203E+00
      2010  2.8433985E+00  1.1326850E+00
      2011  2.8576511E+00  1.1280870E+00
      2012  2.8719752E+00  1.1229214E+00
      2013  2.8863710E+00  1.1171834E+00
      2014  2.9008390E+00  1.1108684E+00
      2015  2.9153795E+00  1.1039719E+00
      2016  2.9299929E+00  1.0964896E+00
      2017  2.9446796E+00  1.0884173E+00
      2018  2.9594398E+00  1.0797511E+00
      2019  2.9742741E+00  1.0704871E+00
      2020  2.9891827E+00  1.0606219E+00
      2021  3.0041660E+00  1.0501520E+00
      2022  3.0192245E+00  1.0390743E+00
      2023  3.0343584E+00  1.0273860E+00
      2024  3.0495682E+00  1.0150844E+00
      2025  3.0648542E+00  1.0021671E+00
      2026  3.0802168E+00  9.8863208E-01
      2027  3.0956565E+00  9.7447747E-01
      2028  3.1111735E+00  9.5970177E-01
      2029  3.1267684E+00  9.4430379E-01
      2030  3.1424414E+00  9.2828264E-01
      2031  3.1581929E+00  9.1163781E-01
      2032  3.1740234E+00  8.9436908E-01
      2033  3.1899333E+00  8.7647666E-01
      2034  3.2059229E+00  8.5796110E-01
      2035  3.2219926E+00  8.3882333E-01
      2036  3.2381429E+00  8.1906474E-01
      2037  3.2543742E+00  7.9868708E-01
      2038  3.2706868E+00  7.7769257E-01
      2039  3.2870812E+00  7.5608385E-01
      2040  3.3035578E+00  7.3386405E-01
      2041  3.3201169E+00  7.1103676E-01
      2042  3.3367591E+00  6.8760605E-01
      2043  3.3534847E+00  6.6357652E-01
      2044  3.3702941E+00  6.3895325E-01
      2045  3.3871877E+00  6.1374189E-01
      2046  3.4041661E+00  5.8794861E-01
      2047  3.4212295E+00  5.6158016E-01
      2048  3.4383785E+00  5.3464383E-01
      2049  3.4556135E+00  5.0714754E-01
      2050  3.4729348E+00  4.7909979E-01
      2051  3.4903430E+00  4.5050968E-01
      2052  3.5078384E+00  4.2138697E-01
      2053  3.5254215E+00  3.9174203E-01
      2054  3.5430927E+00  3.6158591E-01
      2055  3.5608526E+00  3.3093031E-01
      2056  3.5787014E+00  2.9978761E-01
      2057  3.5966397E+00  2.6817089E-01
      2058  3.6146680E+00  2.3609393E-01
      2059  3.6327866E+00  2.0357121E-01
      2060  3.6509960E+00  1.7061796E-01
      2061  3.6692967E+00  1.3725012E-01
      2062  3.6876891E+00  1.0348438E-01
      2063  3.7061737E+00  6.9338197E-02
      2064  3.7247510E+00  3.4829774E-02
      2065  3.7434214E+00 -2.1903557E-05
      2066  3.7621854E+00 -3.5197084E-02
      2067  3.7810434E+00 -7.0675228E-02
      2068  3.7999959E+00 -1.0643500E-01
      2069  3.8190435E+00 -1.4245429E-01
      2070  3.8381865E+00 -1.7871016E-01
      2071  3.8574255E+00 -2.1517891E-01
      2072  3.8767610E+00 -2.5183600E-01
      2073  3.8961933E+00 -2.8865610E-01
      2074  3.9157231E+00 -3.2561309E-01
      2075  3.9353507E+00 -3.6268002E-01
      2076  3.9550767E+00 -3.9982917E-01
      2077  3.9749016E+00 -4.3703201E-01
      2078  3.9948259E+00 -4.7425920E-01
      2079  4.0148501E+00 -5.1148065E-01
      2080  4.0349746E+00 -5.4866547E-01
      2081  4.0552000E+00 -5.8578201E-01
      2082  4.0755267E+00 -6.2279786E-01
      2083  4.0959554E+00 -6.5967986E-01
      2084  4.1164865E+00 -6.9639414E-01
      2085  4.1371204E+00 -7.3290608E-01
      2086  4.1578578E+00 -7.6918041E-01
      2087  4.1786992E+00 -8.0518113E-01
      2088  4.1996450E+00 -8.4087163E-01
      2089  4.2206958E+00 -8.7621463E-01
      2090  4.2418521E+00 -9.1117226E-01
      2091  4.2631145E+00 -9.4570608E-01
      2092  4.2844835E+00 -9.7977704E-01
      2093  4.3059595E+00 -1.0133457E+00
      2094  4.3275432E+00 -1.0463719E+00
      2095  4.3492351E+00 -1.0788153E+00
      2096  4.3710358E+00 -1.1106349E+00
      2097  4.3929457E+00 -1.1417896E+00
      2098  4.4149654E+00 -1.1722376E+00
      2099  4.4370955E+00 -1.2019372E+00
      2100  4.4593366E+00 -1.2308462E+00
      2101  4.4816891E+00 -1.2589222E+00
      2102  4.5041536E+00 -1.2861229E+00
      2103  4.5267308E+00 -1.3124057E+00
      2104  4.5494211E+00 -1.3377280E+00
      2105  4.5722252E+00 -1.3620472E+00
      2106  4.5951436E+00 -1.3853210E+00
      2107  4.6181768E+00 -1.4075071E+00
      2108  4.6413255E+00 -1.4285632E+00
      2109  4.6645903E+00 -1.4484477E+00
      2110  4.6879716E+00 -1.4671191E+00
      2111  4.7114702E+00 -1.4845365E+00
      2112  4.7350865E+00 -1.5006592E+00
      2113  4.7588212E+00 -1.5154475E+00
      2114  4.7826749E+00 -1.5288620E+00
      2115  4.8066482E+00 -1.5408643E+00
      2116  4.8307416E+00 -1.5514166E+00
      2117  4.8549558E+00 -1.5604823E+00
      2118  4.8792914E+00 -1.5680256E+00
      2119  4.9037489E+00 -1.5740116E+00
      2120  4.9283291E+00 -1.5784072E+00
      2121  4.9530324E+00 -1.5811799E+00
      2122  4.9778596E+00 -1.5822990E+00
      2123  5.0028112E+00 -1.5817350E+00
      2124  5.0278879E+00 -1.5794602E+00
      2125  5.0530903E+00 -1.5754484E+00
      2126  5.0784190E+00 -1.5696750E+00
      2127  5.1038747E+00 -1.5621179E+00
      2128  5.1294580E+00 -1.5527560E+00
      2129  5.1551695E+00 -1.5415712E+00
      2130  5.1810099E+00 -1.5285468E+00
      2131  5.2069798E+00 -1.5136689E+00
      2132  5.2330799E+00 -1.4969256E+00
      2133  5.2593108E+00 -1.4783077E+00
      2134  5.2856732E+00 -1.4578084E+00
      2135  5.3121678E+00 -1.4354237E+00
      2136  5.3387951E+00 -1.4111522E+00
      2137  5.3655560E+00 -1.3849955E+00
      2138  5.3924509E+00 -1.3569582E+00
      2139  5.4194807E+00 -1.3270476E+00
      2140  5.4466460E+00 -1.2952746E+00
      2141  5.4739474E+00 -1.2616531E+00
      2142  5.5013857E+00 -1.2262002E+00
      2143  5.5289615E+00 -1.1889367E+00
      2144  5.5566755E+00 -1.1498865E+00
      2145  5.5845285E+00 -1.1090776E+00
      2146  5.6125210E+00 -1.0665409E+00
      2147  5.6406539E+00 -1.0223117E+00
      2148  5.6689278E+00 -9.7642858E-01
      2149  5.6973434E+00 -9.2893420E-01
      2150  5.7259015E+00 -8.7987507E-01
      2151  5.7546027E+00 -8.2930141E-01
      2152  5.7834477E+00 -7.7726773E-01
      2153  5.8124374E+00 -7.2383216E-01
      2154  5.8415724E+00 -6.6905721E-01
      2155  5.8708534E+00 -6.1300914E-01
      2156  5.9002811E+00 -5.5575841E-01
      2157  5.9298564E+00 -4.9737949E-01
      2158  5.9595799E+00 -4.3795081E-01
      2159  5.9894525E+00 -3.7755497E-01
      2160  6.0194747E+00 -3.1627836E-01
      2161  6.0496475E+00 -2.5421151E-01
      2162  6.0799714E+00 -1.9144868E-01
      2163  6.1104474E+00 -1.2808808E-01
      2164  6.1410762E+00 -6.4231592E-02
      2165  6.1718584E+00  1.5178731E-05
      2166  6.2027950E+00  6.4543103E-02
      2167  6.2338867E+00  1.2923957E-01
      2168  6.2651341E+00  1.9398868E-01
      2169  6.2965383E+00  2.5867131E-01
      2170  6.3280998E+00  3.2316540E-01
      2171  6.3598195E+00  3.8734594E-01
      2172  6.3916983E+00  4.5108534E-01
      2173  6.4237368E+00  5.1425356E-01
      2174  6.4559359E+00  5.7671822E-01
      2175  6.4882964E+00  6.3834518E-01
      2176  6.5208191E+00  6.9899821E-01
      2177  6.5535049E+00  7.5854003E-01
      2178  6.5863544E+00  8.1683173E-01
      2179  6.6193687E+00  8.7373392E-01
      2180  6.6525484E+00  9.2910638E-01
      2181  6.6858944E+00  9.8280870E-01
      2182  6.7194076E+00  1.0347008E+00
      2183  6.7530888E+00  1.0846427E+00
      2184  6.7869388E+00  1.1324958E+00
      2185  6.8209585E+00  1.1781221E+00
      2186  6.8551487E+00  1.2213862E+00
      2187  6.8895102E+00  1.2621537E+00
      2188  6.9240441E+00  1.3002938E+00
      2189  6.9587510E+00  1.3356780E+00
      2190  6.9936319E+00  1.3681813E+00
      2191  7.0286876E+00  1.3976834E+00
      2192  7.0639190E+00  1.4240670E+00
      2193  7.0993271E+00  1.4472215E+00
      2194  7.1349126E+00  1.4670398E+00
      2195  7.1706765E+00  1.4834225E+00
      2196  7.2066197E+00  1.4962752E+00
      2197  7.2427430E+00  1.5055112E+00
      2198  7.2790474E+00  1.5110512E+00
      2199  7.3155338E+00  1.5128232E+00
      2200  7.3522030E+00  1.5107650E+00
      2201  7.3890561E+00  1.5048214E+00
      2202  7.4260939E+00  1.4949487E+00
      2203  7.4633173E+00  1.4811115E+00
      2204  7.5007274E+00  1.4632858E+00
      2205  7.5383249E+00  1.4414581E+00
      2206  7.5761109E+00  1.4156258E+00
      2207  7.6140864E+00  1.3857991E+00
      2208  7.6522521E+00  1.3519987E+00
      2209  7.6906092E+00  1.3142595E+00
      2210  7.7291585E+00  1.2726276E+00
      2211  7.7679011E+00  1.2271636E+00
      2212  7.8068379E+00  1.1779404E+00
      2213  7.8459698E+00  1.1250451E+00
      2214  7.8852979E+00  1.0685788E+00
      2215  7.9248231E+00  1.0086556E+00
      2216  7.9645465E+00  9.4540516E-01
      2217  8.0044689E+00  8.7896955E-01
      2218  8.0445915E+00  8.0950673E-01
      2219  8.0849152E+00  7.3718715E-01
      2220  8.1254410E+00  6.6219649E-01
      2221  8.1661699E+00  5.8473343E-01
      2222  8.2071030E+00  5.0501054E-01
      2223  8.2482413E+00  4.2325376E-01
      2224  8.2895858E+00  3.3970151E-01
      2225  8.3311375E+00  2.5460532E-01
      2226  8.3728975E+00  1.6822798E-01
      2227  8.4148668E+00  8.0844294E-02
      2228  8.4570465E+00 -7.2606920E-03
      2229  8.4994376E+00 -9.5791573E-02
      2230  8.5420412E+00 -1.8444405E-01
      2231  8.5848584E+00 -2.7290517E-01
      2232  8.6278902E+00 -3.6085508E-01
      2233  8.6711377E+00 -4.4796695E-01
      2234  8.7146019E+00 -5.3390957E-01
      2235  8.7582840E+00 -6.1834675E-01
      2236  8.8021851E+00 -7.0094037E-01
      2237  8.8463063E+00 -7.8135027E-01
      2238  8.8906486E+00 -8.5923626E-01
      2239  8.9352131E+00 -9.3426016E-01
      2240  8.9800011E+00 -1.0060852E+00
      2241  9.0250135E+00 -1.0743813E+00
      2242  9.0702516E+00 -1.1388215E+00
      2243  9.1157164E+00 -1.1990898E+00
      2244  9.1614091E+00 -1.2548766E+00
      2245  9.2073309E+00 -1.3058856E+00
      2246  9.2534828E+00 -1.3518324E+00
      2247  9.2998661E+00 -1.3924466E+00
      2248  9.3464819E+00 -1.4274766E+00
      2249  9.3933313E+00 -1.4566851E+00
      2250  9.4404156E+00 -1.4798595E+00
      2251  9.4877358E+00 -1.4968038E+00
      2252  9.5352933E+00 -1.5073500E+00
      2253  9.5830892E+00 -1.5113517E+00
      2254  9.6311246E+00 -1.5086908E+00
      2255  9.6794008E+00 -1.4992777E+00
      2256  9.7279190E+00 -1.4830499E+00
      2257  9.7766804E+00 -1.4599803E+00
      2258  9.8256862E+00 -1.4300682E+00
      2259  9.8749377E+00 -1.3933527E+00
      2260  9.9244360E+00 -1.3499014E+00
      2261  9.9741825E+00 -1.2998214E+00
      2262  1.0024178E+01 -1.2432534E+00
      2263  1.0074425E+01 -1.1803749E+00
      2264  1.0124923E+01 -1.1114018E+00
      2265  1.0175674E+01 -1.0365836E+00
      2266  1.0226680E+01 -9.5621117E-01
      2267  1.0277942E+01 -8.7060717E-01
      2268  1.0329460E+01 -7.8013489E-01
      2269  1.0381237E+01 -6.8518937E-01
      2270  1.0433273E+01 -5.8620235E-01
      2271  1.0485570E+01 -4.8363777E-01
      2272  1.0538129E+01 -3.7799094E-01
      2273  1.0590951E+01 -2.6978816E-01
      2274  1.0644039E+01 -1.5958208E-01
      2275  1.0697392E+01 -4.7952423E-02
      2276  1.0751013E+01  6.4499337E-02
      2277  1.0804903E+01  1.7715065E-01
      2278  1.0859063E+01  2.8936264E-01
      2279  1.0913494E+01  4.0048171E-01
      2280  1.0968198E+01  5.0984563E-01
      2281  1.1023176E+01  6.1678338E-01
      2282  1.1078430E+01  7.2062496E-01
      2283  1.1133961E+01  8.2069806E-01
      2284  1.1189770E+01  9.1634112E-01
      2285  1.1245859E+01  1.0068995E+00
      2286  1.1302229E+01  1.0917365E+00
      2287  1.1358882E+01  1.1702355E+00
      2288  1.1415819E+01  1.2418026E+00
      2289  1.1473041E+01  1.3058794E+00
      2290  1.1530550E+01  1.3619344E+00
      2291  1.1588347E+01  1.4094858E+00
      2292  1.1646434E+01  1.4480865E+00
      2293  1.1704812E+01  1.4773477E+00
      2294  1.1763482E+01  1.4969284E+00
      2295  1.1822447E+01  1.5065483E+00
      2296  1.1881707E+01  1.5059918E+00
      2297  1.1941264E+01  1.4951028E+00
      2298  1.2001120E+01  1.4738056E+00
      2299  1.2061276E+01  1.4420844E+00
      2300  1.2121734E+01  1.4000127E+00
      2301  1.2182494E+01  1.3477294E+00
      2302  1.2243559E+01  1.2854621E+00
      2303  1.2304930E+01  1.2135142E+00
      2304  1.2366609E+01  1.1322699E+00
      2305  1.2428597E+01  1.0421991E+00
      2306  1.2490895E+01  9.4384353E-01
      2307  1.2553506E+01  8.3783379E-01
      2308  1.2616431E+01  7.2486617E-01
      2309  1.2679671E+01  6.0571960E-01
      2310  1.2743228E+01  4.8123541E-01
      2311  1.2807104E+01  3.5232420E-01
      2312  1.2871300E+01  2.1995406E-01
      2313  1.2935817E+01  8.5146918E-02
      2314  1.3000658E+01 -5.1028524E-02
      2315  1.3065824E+01 -1.8746475E-01
      2316  1.3131317E+01 -3.2302426E-01
      2317  1.3197138E+01 -4.5654685E-01
      2318  1.3263289E+01 -5.8686141E-01
      2319  1.3329772E+01 -7.1279520E-01
      2320  1.3396587E+01 -8.3318168E-01
      2321  1.3463738E+01 -9.4688038E-01
      2322  1.3531225E+01 -1.0527718E+00
      2323  1.3599051E+01 -1.1497932E+00
      2324  1.3667216E+01 -1.2369203E+00
      2325  1.3735724E+01 -1.3132110E+00
      2326  1.3804574E+01 -1.3777878E+00
      2327  1.3873770E+01 -1.4298698E+00
      2328  1.3943312E+01 -1.4687760E+00
      2329  1.4013204E+01 -1.4939277E+00
      2330  1.4083445E+01 -1.5048828E+00
      2331  1.4154039E+01 -1.5013046E+00
      2332  1.4224986E+01 -1.4830205E+00
      2333  1.4296289E+01 -1.4499750E+00
      2334  1.4367950E+01 -1.4022842E+00
      2335  1.4439969E+01 -1.3402033E+00
      2336  1.4512350E+01 -1.2641487E+00
      2337  1.4585093E+01 -1.1746990E+00
      2338  1.4658201E+01 -1.0725762E+00
      2339  1.4731676E+01 -9.5867658E-01
      2340  1.4805519E+01 -8.3402417E-01
      2341  1.4879732E+01 -6.9980823E-01
      2342  1.4954317E+01 -5.5733620E-01
