         1  1.2340980E-04  1.4013473E-15
         2  1.2402840E-04  1.4296564E-15
         3  1.2465009E-04  1.4585374E-15
         4  1.2527490E-04  1.4880018E-15
         5  1.2590285E-04  1.5180614E-15
         6  1.2653394E-04  1.5487283E-15
         7  1.2716819E-04  1.5800147E-15
         8  1.2780563E-04  1.6119331E-15
         9  1.2844625E-04  1.6444963E-15
        10  1.2909009E-04  1.6777173E-15
        11  1.2973716E-04  1.7116095E-15
        12  1.3038747E-04  1.7461863E-15
        13  1.3104104E-04  1.7814616E-15
        14  1.3169789E-04  1.8174495E-15
        15  1.3235802E-04  1.8541644E-15
        16  1.3302147E-04  1.8916210E-15
        17  1.3368824E-04  1.9298343E-15
        18  1.3435836E-04  1.9688195E-15
        19  1.3503183E-04  2.0085923E-15
        20  1.3570868E-04  2.0491686E-15
        21  1.3638893E-04  2.0905645E-15
        22  1.3707258E-04  2.1327968E-15
        23  1.3775966E-04  2.1758821E-15
        24  1.3845018E-04  2.2198378E-15
        25  1.3914417E-04  2.2646815E-15
        26  1.3984163E-04  2.3104311E-15
        27  1.4054259E-04  2.3571050E-15
        28  1.4124706E-04  2.4047216E-15
        29  1.4195506E-04  2.4533002E-15
        30  1.4266662E-04  2.5028602E-15
        31  1.4338174E-04  2.5534213E-15
        32  1.4410044E-04  2.6050038E-15
        33  1.4482275E-04  2.6576283E-15
        34  1.4554867E-04  2.7113160E-15
        35  1.4627824E-04  2.7660882E-15
        36  1.4701146E-04  2.8219669E-15
        37  1.4774836E-04  2.8789745E-15
        38  1.4848895E-04  2.9371336E-15
        39  1.4923326E-04  2.9964677E-15
        40  1.4998129E-04  3.0570003E-15
        41  1.5073308E-04  3.1187558E-15
        42  1.5148863E-04  3.1817589E-15
        43  1.5224797E-04  3.2460346E-15
        44  1.5301111E-04  3.3116089E-15
        45  1.5377809E-04  3.3785078E-15
        46  1.5454890E-04  3.4467582E-15
        47  1.5532358E-04  3.5163873E-15
        48  1.5610214E-04  3.5874231E-15
        49  1.5688461E-04  3.6598938E-15
        50  1.5767100E-04  3.7338286E-15
        51  1.5846133E-04  3.8092569E-15
        52  1.5925562E-04  3.8862090E-15
        53  1.6005389E-04  3.9647156E-15
        54  1.6085616E-04  4.0448082E-15
        55  1.6166246E-04  4.1265188E-15
        56  1.6247279E-04  4.2098800E-15
        57  1.6328719E-04  4.2949252E-15
        58  1.6410567E-04  4.3816885E-15
        59  1.6492825E-04  4.4702044E-15
        60  1.6575496E-04  4.5605085E-15
        61  1.6658581E-04  4.6526369E-15
        62  1.6742083E-04  4.7466264E-15
        63  1.6826003E-04  4.8425146E-15
        64  1.6910343E-04  4.9403399E-15
        65  1.6995107E-04  5.0401414E-15
        66  1.7080295E-04  5.1419590E-15
        67  1.7165910E-04  5.2458335E-15
        68  1.7251955E-04  5.3518064E-15
        69  1.7338431E-04  5.4599201E-15
        70  1.7425340E-04  5.5702178E-15
        71  1.7512685E-04  5.6827436E-15
        72  1.7600468E-04  5.7975426E-15
        73  1.7688690E-04  5.9146607E-15
        74  1.7777355E-04  6.0341448E-15
        75  1.7866465E-04  6.1560425E-15
        76  1.7956021E-04  6.2804029E-15
        77  1.8046025E-04  6.4072754E-15
        78  1.8136482E-04  6.5367110E-15
        79  1.8227391E-04  6.6687614E-15
        80  1.8318756E-04  6.8034793E-15
        81  1.8410579E-04  6.9409187E-15
        82  1.8502863E-04  7.0811346E-15
        83  1.8595609E-04  7.2241830E-15
        84  1.8688820E-04  7.3701210E-15
        85  1.8782498E-04  7.5190073E-15
        86  1.8876645E-04  7.6709013E-15
        87  1.8971265E-04  7.8258638E-15
        88  1.9066359E-04  7.9839568E-15
        89  1.9161929E-04  8.1452434E-15
        90  1.9257979E-04  8.3097882E-15
        91  1.9354510E-04  8.4776571E-15
        92  1.9451525E-04  8.6489171E-15
        93  1.9549026E-04  8.8236369E-15
        94  1.9647016E-04  9.0018863E-15
        95  1.9745497E-04  9.1837365E-15
        96  1.9844472E-04  9.3692602E-15
        97  1.9943943E-04  9.5585317E-15
        98  2.0043912E-04  9.7516268E-15
        99  2.0144382E-04  9.9486228E-15
       100  2.0245357E-04  1.0149598E-14
       101  2.0346837E-04  1.0354634E-14
       102  2.0448826E-04  1.0563811E-14
       103  2.0551326E-04  1.0777214E-14
       104  2.0654340E-04  1.0994929E-14
       105  2.0757870E-04  1.1217041E-14
       106  2.0861920E-04  1.1443640E-14
       107  2.0966490E-04  1.1674817E-14
       108  2.1071585E-04  1.1910664E-14
       109  2.1177207E-04  1.2151275E-14
       110  2.1283358E-04  1.2396747E-14
       111  2.1390042E-04  1.2647178E-14
       112  2.1497260E-04  1.2902668E-14
       113  2.1605015E-04  1.3163319E-14
       114  2.1713311E-04  1.3429236E-14
       115  2.1822149E-04  1.3700525E-14
       116  2.1931533E-04  1.3977294E-14
       117  2.2041465E-04  1.4259654E-14
       118  2.2151949E-04  1.4547718E-14
       119  2.2262986E-04  1.4841601E-14
       120  2.2374579E-04  1.5141421E-14
       121  2.2486732E-04  1.5447298E-14
       122  2.2599448E-04  1.5759354E-14
       123  2.2712728E-04  1.6077715E-14
       124  2.2826576E-04  1.6402506E-14
       125  2.2940995E-04  1.6733858E-14
       126  2.3055987E-04  1.7071905E-14
       127  2.3171555E-04  1.7416780E-14
       128  2.3287703E-04  1.7768623E-14
       129  2.3404433E-04  1.8127573E-14
       130  2.3521749E-04  1.8493774E-14
       131  2.3639652E-04  1.8867373E-14
       132  2.3758146E-04  1.9248519E-14
       133  2.3877234E-04  1.9637365E-14
       134  2.3996919E-04  2.0034066E-14
       135  2.4117204E-04  2.0438781E-14
       136  2.4238092E-04  2.0851672E-14
       137  2.4359586E-04  2.1272903E-14
       138  2.4481689E-04  2.1702644E-14
       139  2.4604404E-04  2.2141067E-14
       140  2.4727734E-04  2.2588346E-14
       141  2.4851683E-04  2.3044661E-14
       142  2.4976252E-04  2.3510194E-14
       143  2.5101446E-04  2.3985132E-14
       144  2.5227268E-04  2.4469663E-14
       145  2.5353720E-04  2.4963983E-14
       146  2.5480806E-04  2.5468289E-14
       147  2.5608529E-04  2.5982783E-14
       148  2.5736892E-04  2.6507670E-14
       149  2.5865899E-04  2.7043160E-14
       150  2.5995552E-04  2.7589468E-14
       151  2.6125856E-04  2.8146812E-14
       152  2.6256812E-04  2.8715416E-14
       153  2.6388425E-04  2.9295506E-14
       154  2.6520697E-04  2.9887314E-14
       155  2.6653633E-04  3.0491078E-14
       156  2.6787235E-04  3.1107038E-14
       157  2.6921506E-04  3.1735442E-14
       158  2.7056451E-04  3.2376541E-14
       159  2.7192072E-04  3.3030591E-14
       160  2.7328373E-04  3.3697853E-14
       161  2.7465357E-04  3.4378595E-14
       162  2.7603028E-04  3.5073088E-14
       163  2.7741388E-04  3.5781611E-14
       164  2.7880443E-04  3.6504448E-14
       165  2.8020194E-04  3.7241887E-14
       166  2.8160646E-04  3.7994223E-14
       167  2.8301802E-04  3.8761757E-14
       168  2.8443665E-04  3.9544796E-14
       169  2.8586239E-04  4.0343654E-14
       170  2.8729529E-04  4.1158650E-14
       171  2.8873536E-04  4.1990110E-14
       172  2.9018265E-04  4.2838366E-14
       173  2.9163720E-04  4.3703759E-14
       174  2.9309904E-04  4.4586633E-14
       175  2.9456820E-04  4.5487343E-14
       176  2.9604473E-04  4.6406248E-14
       177  2.9752866E-04  4.7343716E-14
       178  2.9902003E-04  4.8300123E-14
       179  3.0051887E-04  4.9275850E-14
       180  3.0202523E-04  5.0271288E-14
       181  3.0353914E-04  5.1286836E-14
       182  3.0506063E-04  5.2322898E-14
       183  3.0658976E-04  5.3379891E-14
       184  3.0812654E-04  5.4458236E-14
       185  3.0967104E-04  5.5558365E-14
       186  3.1122327E-04  5.6680719E-14
       187  3.1278328E-04  5.7825745E-14
       188  3.1435111E-04  5.8993903E-14
       189  3.1592681E-04  6.0185659E-14
       190  3.1751040E-04  6.1401490E-14
       191  3.1910192E-04  6.2641882E-14
       192  3.2070143E-04  6.3907332E-14
       193  3.2230895E-04  6.5198346E-14
       194  3.2392453E-04  6.6515439E-14
       195  3.2554821E-04  6.7859140E-14
       196  3.2718003E-04  6.9229986E-14
       197  3.2882002E-04  7.0628525E-14
       198  3.3046824E-04  7.2055315E-14
       199  3.3212472E-04  7.3510929E-14
       200  3.3378950E-04  7.4995948E-14
       201  3.3546263E-04  7.6510967E-14
       202  3.3714414E-04  7.8056591E-14
       203  3.3883408E-04  7.9633439E-14
       204  3.4053250E-04  8.1242141E-14
       205  3.4223942E-04  8.2883341E-14
       206  3.4395490E-04  8.4557695E-14
       207  3.4567899E-04  8.6265874E-14
       208  3.4741171E-04  8.8008561E-14
       209  3.4915312E-04  8.9786451E-14
       210  3.5090325E-04  9.1600257E-14
       211  3.5266216E-04  9.3450705E-14
       212  3.5442989E-04  9.5338535E-14
       213  3.5620648E-04  9.7264501E-14
       214  3.5799197E-04  9.9229374E-14
       215  3.5978641E-04  1.0123394E-13
       216  3.6158985E-04  1.0327900E-13
       217  3.6340233E-04  1.0536538E-13
       218  3.6522389E-04  1.0749390E-13
       219  3.6705458E-04  1.0966542E-13
       220  3.6889445E-04  1.1188081E-13
       221  3.7074354E-04  1.1414095E-13
       222  3.7260190E-04  1.1644675E-13
       223  3.7446957E-04  1.1879913E-13
       224  3.7634661E-04  1.2119903E-13
       225  3.7823306E-04  1.2364741E-13
       226  3.8012896E-04  1.2614526E-13
       227  3.8203436E-04  1.2869356E-13
       228  3.8394932E-04  1.3129334E-13
       229  3.8587387E-04  1.3394564E-13
       230  3.8780807E-04  1.3665152E-13
       231  3.8975197E-04  1.3941207E-13
       232  3.9170561E-04  1.4222838E-13
       233  3.9366904E-04  1.4510158E-13
       234  3.9564231E-04  1.4803283E-13
       235  3.9762548E-04  1.5102329E-13
       236  3.9961859E-04  1.5407416E-13
       237  4.0162168E-04  1.5718667E-13
       238  4.0363482E-04  1.6036205E-13
       239  4.0565805E-04  1.6360158E-13
       240  4.0769142E-04  1.6690655E-13
       241  4.0973498E-04  1.7027828E-13
       242  4.1178878E-04  1.7371813E-13
       243  4.1385288E-04  1.7722747E-13
       244  4.1592733E-04  1.8080770E-13
       245  4.1801217E-04  1.8446026E-13
       246  4.2010747E-04  1.8818660E-13
       247  4.2221327E-04  1.9198823E-13
       248  4.2432962E-04  1.9586665E-13
       249  4.2645658E-04  1.9982341E-13
       250  4.2859420E-04  2.0386011E-13
       251  4.3074254E-04  2.0797836E-13
       252  4.3290165E-04  2.1217980E-13
       253  4.3507158E-04  2.1646612E-13
       254  4.3725238E-04  2.2083903E-13
       255  4.3944412E-04  2.2530027E-13
       256  4.4164684E-04  2.2985164E-13
       257  4.4386060E-04  2.3449495E-13
       258  4.4608546E-04  2.3923206E-13
       259  4.4832148E-04  2.4406487E-13
       260  4.5056870E-04  2.4899530E-13
       261  4.5282718E-04  2.5402534E-13
       262  4.5509699E-04  2.5915699E-13
       263  4.5737817E-04  2.6439231E-13
       264  4.5967079E-04  2.6973339E-13
       265  4.6197490E-04  2.7518237E-13
       266  4.6429056E-04  2.8074142E-13
       267  4.6661782E-04  2.8641277E-13
       268  4.6895676E-04  2.9219869E-13
       269  4.7130741E-04  2.9810150E-13
       270  4.7366985E-04  3.0412355E-13
       271  4.7604413E-04  3.1026725E-13
       272  4.7843031E-04  3.1653506E-13
       273  4.8082845E-04  3.2292949E-13
       274  4.8323861E-04  3.2945310E-13
       275  4.8566086E-04  3.3610850E-13
       276  4.8809524E-04  3.4289834E-13
       277  4.9054183E-04  3.4982534E-13
       278  4.9300068E-04  3.5689228E-13
       279  4.9547186E-04  3.6410198E-13
       280  4.9795542E-04  3.7145733E-13
       281  5.0045143E-04  3.7896127E-13
       282  5.0295996E-04  3.8661679E-13
       283  5.0548105E-04  3.9442697E-13
       284  5.0801479E-04  4.0239492E-13
       285  5.1056122E-04  4.1052384E-13
       286  5.1312042E-04  4.1881697E-13
       287  5.1569245E-04  4.2727763E-13
       288  5.1827737E-04  4.3590921E-13
       289  5.2087524E-04  4.4471516E-13
       290  5.2348614E-04  4.5369900E-13
       291  5.2611013E-04  4.6286433E-13
       292  5.2874727E-04  4.7221481E-13
       293  5.3139762E-04  4.8175418E-13
       294  5.3406126E-04  4.9148626E-13
       295  5.3673826E-04  5.0141494E-13
       296  5.3942867E-04  5.1154419E-13
       297  5.4213257E-04  5.2187807E-13
       298  5.4485002E-04  5.3242070E-13
       299  5.4758109E-04  5.4317632E-13
       300  5.5032585E-04  5.5414920E-13
       301  5.5308437E-04  5.6534376E-13
       302  5.5585672E-04  5.7676446E-13
       303  5.5864296E-04  5.8841587E-13
       304  5.6144317E-04  6.0030266E-13
       305  5.6425742E-04  6.1242958E-13
       306  5.6708577E-04  6.2480148E-13
       307  5.6992830E-04  6.3742330E-13
       308  5.7278507E-04  6.5030010E-13
       309  5.7565617E-04  6.6343704E-13
       310  5.7854166E-04  6.7683935E-13
       311  5.8144161E-04  6.9051241E-13
       312  5.8435610E-04  7.0446169E-13
       313  5.8728520E-04  7.1869276E-13
       314  5.9022898E-04  7.3321131E-13
       315  5.9318751E-04  7.4802316E-13
       316  5.9616088E-04  7.6313423E-13
       317  5.9914915E-04  7.7855056E-13
       318  6.0215239E-04  7.9427832E-13
       319  6.0517069E-04  8.1032381E-13
       320  6.0820413E-04  8.2669343E-13
       321  6.1125276E-04  8.4339375E-13
       322  6.1431668E-04  8.6043143E-13
       323  6.1739595E-04  8.7781329E-13
       324  6.2049066E-04  8.9554630E-13
       325  6.2360089E-04  9.1363753E-13
       326  6.2672670E-04  9.3209423E-13
       327  6.2986818E-04  9.5092378E-13
       328  6.3302541E-04  9.7013371E-13
       329  6.3619846E-04  9.8973171E-13
       330  6.3938742E-04  1.0097256E-12
       331  6.4259236E-04  1.0301234E-12
       332  6.4581337E-04  1.0509333E-12
       333  6.4905052E-04  1.0721636E-12
       334  6.5230390E-04  1.0938227E-12
       335  6.5557359E-04  1.1159194E-12
       336  6.5885966E-04  1.1384624E-12
       337  6.6216221E-04  1.1614609E-12
       338  6.6548131E-04  1.1849240E-12
       339  6.6881705E-04  1.2088610E-12
       340  6.7216951E-04  1.2332816E-12
       341  6.7553878E-04  1.2581956E-12
       342  6.7892493E-04  1.2836128E-12
       343  6.8232805E-04  1.3095435E-12
       344  6.8574824E-04  1.3359980E-12
       345  6.8918556E-04  1.3629870E-12
       346  6.9264012E-04  1.3905211E-12
       347  6.9611199E-04  1.4186115E-12
       348  6.9960127E-04  1.4472694E-12
       349  7.0310804E-04  1.4765061E-12
       350  7.0663238E-04  1.5063335E-12
       351  7.1017439E-04  1.5367635E-12
       352  7.1373415E-04  1.5678082E-12
       353  7.1731176E-04  1.5994800E-12
       354  7.2090730E-04  1.6317916E-12
       355  7.2452086E-04  1.6647560E-12
       356  7.2815254E-04  1.6983863E-12
       357  7.3180242E-04  1.7326959E-12
       358  7.3547059E-04  1.7676987E-12
       359  7.3915716E-04  1.8034086E-12
       360  7.4286220E-04  1.8398399E-12
       361  7.4658581E-04  1.8770071E-12
       362  7.5032809E-04  1.9149251E-12
       363  7.5408912E-04  1.9536092E-12
       364  7.5786901E-04  1.9930747E-12
       365  7.6166784E-04  2.0333375E-12
       366  7.6548572E-04  2.0744136E-12
       367  7.6932273E-04  2.1163195E-12
       368  7.7317898E-04  2.1590720E-12
       369  7.7705455E-04  2.2026882E-12
       370  7.8094956E-04  2.2471854E-12
       371  7.8486408E-04  2.2925816E-12
       372  7.8879823E-04  2.3388948E-12
       373  7.9275210E-04  2.3861436E-12
       374  7.9672578E-04  2.4343468E-12
       375  8.0071939E-04  2.4835239E-12
       376  8.0473301E-04  2.5336944E-12
       377  8.0876675E-04  2.5848784E-12
       378  8.1282071E-04  2.6370964E-12
       379  8.1689499E-04  2.6903693E-12
       380  8.2098970E-04  2.7447183E-12
       381  8.2510492E-04  2.8001653E-12
       382  8.2924078E-04  2.8567324E-12
       383  8.3339737E-04  2.9144422E-12
       384  8.3757479E-04  2.9733178E-12
       385  8.4177315E-04  3.0333828E-12
       386  8.4599255E-04  3.0946612E-12
       387  8.5023311E-04  3.1571775E-12
       388  8.5449492E-04  3.2209567E-12
       389  8.5877809E-04  3.2860243E-12
       390  8.6308274E-04  3.3524064E-12
       391  8.6740896E-04  3.4201295E-12
       392  8.7175686E-04  3.4892207E-12
       393  8.7612656E-04  3.5597076E-12
       394  8.8051816E-04  3.6316184E-12
       395  8.8493178E-04  3.7049820E-12
       396  8.8936752E-04  3.7798276E-12
       397  8.9382549E-04  3.8561851E-12
       398  8.9830581E-04  3.9340852E-12
       399  9.0280859E-04  4.0135590E-12
       400  9.0733394E-04  4.0946382E-12
       401  9.1188197E-04  4.1773554E-12
       402  9.1645279E-04  4.2617435E-12
       403  9.2104653E-04  4.3478364E-12
       404  9.2566330E-04  4.4356685E-12
       405  9.3030320E-04  4.5252750E-12
       406  9.3496637E-04  4.6166916E-12
       407  9.3965291E-04  4.7099549E-12
       408  9.4436294E-04  4.8051023E-12
       409  9.4909657E-04  4.9021717E-12
       410  9.5385394E-04  5.0012022E-12
       411  9.5863515E-04  5.1022331E-12
       412  9.6344033E-04  5.2053050E-12
       413  9.6826960E-04  5.3104591E-12
       414  9.7312307E-04  5.4177375E-12
       415  9.7800087E-04  5.5271830E-12
       416  9.8290312E-04  5.6388395E-12
       417  9.8782994E-04  5.7527516E-12
       418  9.9278146E-04  5.8689648E-12
       419  9.9775780E-04  5.9875257E-12
       420  1.0027591E-03  6.1084817E-12
       421  1.0077854E-03  6.2318812E-12
       422  1.0128370E-03  6.3577735E-12
       423  1.0179138E-03  6.4862090E-12
       424  1.0230162E-03  6.6172391E-12
       425  1.0281440E-03  6.7509162E-12
       426  1.0332976E-03  6.8872937E-12
       427  1.0384771E-03  7.0264262E-12
       428  1.0436825E-03  7.1683694E-12
       429  1.0489139E-03  7.3131800E-12
       430  1.0541716E-03  7.4609160E-12
       431  1.0594557E-03  7.6116364E-12
       432  1.0647662E-03  7.7654016E-12
       433  1.0701034E-03  7.9222731E-12
       434  1.0754673E-03  8.0823135E-12
       435  1.0808581E-03  8.2455870E-12
       436  1.0862759E-03  8.4121589E-12
       437  1.0917209E-03  8.5820957E-12
       438  1.0971932E-03  8.7554655E-12
       439  1.1026929E-03  8.9323376E-12
       440  1.1082202E-03  9.1127827E-12
       441  1.1137751E-03  9.2968730E-12
       442  1.1193580E-03  9.4846822E-12
       443  1.1249688E-03  9.6762855E-12
       444  1.1306077E-03  9.8717593E-12
       445  1.1362749E-03  1.0071182E-11
       446  1.1419705E-03  1.0274633E-11
       447  1.1476947E-03  1.0482195E-11
       448  1.1534475E-03  1.0693949E-11
       449  1.1592292E-03  1.0909981E-11
       450  1.1650398E-03  1.1130377E-11
       451  1.1708796E-03  1.1355225E-11
       452  1.1767487E-03  1.1584616E-11
       453  1.1826472E-03  1.1818641E-11
       454  1.1885752E-03  1.2057393E-11
       455  1.1945330E-03  1.2300968E-11
       456  1.2005206E-03  1.2549464E-11
       457  1.2065382E-03  1.2802980E-11
       458  1.2125860E-03  1.3061617E-11
       459  1.2186641E-03  1.3325480E-11
       460  1.2247727E-03  1.3594672E-11
       461  1.2309119E-03  1.3869302E-11
       462  1.2370819E-03  1.4149481E-11
       463  1.2432828E-03  1.4435319E-11
       464  1.2495148E-03  1.4726932E-11
       465  1.2557780E-03  1.5024435E-11
       466  1.2620726E-03  1.5327949E-11
       467  1.2683988E-03  1.5637594E-11
       468  1.2747566E-03  1.5953494E-11
       469  1.2811464E-03  1.6275776E-11
       470  1.2875681E-03  1.6604568E-11
       471  1.2940221E-03  1.6940003E-11
       472  1.3005084E-03  1.7282213E-11
       473  1.3070272E-03  1.7631337E-11
       474  1.3135787E-03  1.7987513E-11
       475  1.3201631E-03  1.8350885E-11
       476  1.3267804E-03  1.8721597E-11
       477  1.3334309E-03  1.9099798E-11
       478  1.3401148E-03  1.9485640E-11
       479  1.3468321E-03  1.9879275E-11
       480  1.3535832E-03  2.0280863E-11
       481  1.3603680E-03  2.0690564E-11
       482  1.3671869E-03  2.1108540E-11
       483  1.3740400E-03  2.1534961E-11
       484  1.3809274E-03  2.1969996E-11
       485  1.3878493E-03  2.2413819E-11
       486  1.3948059E-03  2.2866608E-11
       487  1.4017974E-03  2.3328544E-11
       488  1.4088240E-03  2.3799811E-11
       489  1.4158857E-03  2.4280599E-11
       490  1.4229829E-03  2.4771099E-11
       491  1.4301156E-03  2.5271508E-11
       492  1.4372841E-03  2.5782026E-11
       493  1.4444885E-03  2.6302857E-11
       494  1.4517290E-03  2.6834210E-11
       495  1.4590058E-03  2.7376297E-11
       496  1.4663191E-03  2.7929334E-11
       497  1.4736691E-03  2.8493544E-11
       498  1.4810559E-03  2.9069151E-11
       499  1.4884797E-03  2.9656387E-11
       500  1.4959408E-03  3.0255485E-11
       501  1.5034392E-03  3.0866686E-11
       502  1.5109752E-03  3.1490234E-11
       503  1.5185490E-03  3.2126378E-11
       504  1.5261608E-03  3.2775374E-11
       505  1.5338107E-03  3.3437480E-11
       506  1.5414989E-03  3.4112961E-11
       507  1.5492257E-03  3.4802088E-11
       508  1.5569913E-03  3.5505136E-11
       509  1.5647957E-03  3.6222387E-11
       510  1.5726393E-03  3.6954127E-11
       511  1.5805222E-03  3.7700650E-11
       512  1.5884446E-03  3.8462253E-11
       513  1.5964067E-03  3.9239241E-11
       514  1.6044087E-03  4.0031926E-11
       515  1.6124508E-03  4.0840624E-11
       516  1.6205333E-03  4.1665658E-11
       517  1.6286562E-03  4.2507360E-11
       518  1.6368199E-03  4.3366065E-11
       519  1.6450245E-03  4.4242117E-11
       520  1.6532702E-03  4.5135866E-11
       521  1.6615573E-03  4.6047670E-11
       522  1.6698859E-03  4.6977894E-11
       523  1.6782562E-03  4.7926909E-11
       524  1.6866685E-03  4.8895096E-11
       525  1.6951230E-03  4.9882842E-11
       526  1.7036198E-03  5.0890541E-11
       527  1.7121592E-03  5.1918597E-11
       528  1.7207415E-03  5.2967422E-11
       529  1.7293667E-03  5.4037434E-11
       530  1.7380352E-03  5.5129061E-11
       531  1.7467471E-03  5.6242741E-11
       532  1.7555027E-03  5.7378919E-11
       533  1.7643022E-03  5.8538049E-11
       534  1.7731458E-03  5.9720594E-11
       535  1.7820338E-03  6.0927029E-11
       536  1.7909663E-03  6.2157836E-11
       537  1.7999435E-03  6.3413506E-11
       538  1.8089658E-03  6.4694542E-11
       539  1.8180332E-03  6.6001458E-11
       540  1.8271462E-03  6.7334774E-11
       541  1.8363048E-03  6.8695025E-11
       542  1.8455093E-03  7.0082755E-11
       543  1.8547599E-03  7.1498519E-11
       544  1.8640570E-03  7.2942884E-11
       545  1.8734006E-03  7.4416426E-11
       546  1.8827911E-03  7.5919736E-11
       547  1.8922286E-03  7.7453415E-11
       548  1.9017134E-03  7.9018076E-11
       549  1.9112458E-03  8.0614345E-11
       550  1.9208260E-03  8.2242861E-11
       551  1.9304541E-03  8.3904275E-11
       552  1.9401306E-03  8.5599252E-11
       553  1.9498555E-03  8.7328469E-11
       554  1.9596292E-03  8.9092619E-11
       555  1.9694519E-03  9.0892407E-11
       556  1.9793238E-03  9.2728553E-11
       557  1.9892452E-03  9.4601792E-11
       558  1.9992164E-03  9.6512873E-11
       559  2.0092375E-03  9.8462560E-11
       560  2.0193088E-03  1.0045163E-10
       561  2.0294306E-03  1.0248089E-10
       562  2.0396032E-03  1.0455114E-10
       563  2.0498268E-03  1.0666321E-10
       564  2.0601016E-03  1.0881794E-10
       565  2.0704279E-03  1.1101621E-10
       566  2.0808059E-03  1.1325888E-10
       567  2.0912360E-03  1.1554686E-10
       568  2.1017184E-03  1.1788106E-10
       569  2.1122533E-03  1.2026241E-10
       570  2.1228410E-03  1.2269187E-10
       571  2.1334818E-03  1.2517041E-10
       572  2.1441759E-03  1.2769901E-10
       573  2.1549236E-03  1.3027870E-10
       574  2.1657252E-03  1.3291050E-10
       575  2.1765810E-03  1.3559547E-10
       576  2.1874911E-03  1.3833467E-10
       577  2.1984560E-03  1.4112921E-10
       578  2.2094758E-03  1.4398021E-10
       579  2.2205508E-03  1.4688880E-10
       580  2.2316814E-03  1.4985614E-10
       581  2.2428677E-03  1.5288343E-10
       582  2.2541101E-03  1.5597188E-10
       583  2.2654089E-03  1.5912271E-10
       584  2.2767643E-03  1.6233720E-10
       585  2.2881767E-03  1.6561662E-10
       586  2.2996462E-03  1.6896230E-10
       587  2.3111732E-03  1.7237556E-10
       588  2.3227580E-03  1.7585777E-10
       589  2.3344009E-03  1.7941032E-10
       590  2.3461021E-03  1.8303465E-10
       591  2.3578620E-03  1.8673218E-10
       592  2.3696808E-03  1.9050442E-10
       593  2.3815589E-03  1.9435286E-10
       594  2.3934965E-03  1.9827904E-10
       595  2.4054940E-03  2.0228453E-10
       596  2.4175516E-03  2.0637094E-10
       597  2.4296696E-03  2.1053991E-10
       598  2.4418484E-03  2.1479309E-10
       599  2.4540882E-03  2.1913219E-10
       600  2.4663893E-03  2.2355894E-10
       601  2.4787522E-03  2.2807512E-10
       602  2.4911770E-03  2.3268254E-10
       603  2.5036641E-03  2.3738303E-10
       604  2.5162137E-03  2.4217847E-10
       605  2.5288263E-03  2.4707079E-10
       606  2.5415021E-03  2.5206194E-10
       607  2.5542414E-03  2.5715392E-10
       608  2.5670446E-03  2.6234877E-10
       609  2.5799120E-03  2.6764855E-10
       610  2.5928438E-03  2.7305540E-10
       611  2.6058405E-03  2.7857147E-10
       612  2.6189023E-03  2.8419898E-10
       613  2.6320297E-03  2.8994016E-10
       614  2.6452228E-03  2.9579733E-10
       615  2.6584820E-03  3.0177282E-10
       616  2.6718077E-03  3.0786902E-10
       617  2.6852002E-03  3.1408838E-10
       618  2.6986598E-03  3.2043337E-10
       619  2.7121869E-03  3.2690654E-10
       620  2.7257818E-03  3.3351047E-10
       621  2.7394448E-03  3.4024781E-10
       622  2.7531763E-03  3.4712126E-10
       623  2.7669767E-03  3.5413356E-10
       624  2.7808462E-03  3.6128751E-10
       625  2.7947853E-03  3.6858599E-10
       626  2.8087942E-03  3.7603190E-10
       627  2.8228733E-03  3.8362823E-10
       628  2.8370230E-03  3.9137801E-10
       629  2.8512437E-03  3.9928435E-10
       630  2.8655356E-03  4.0735041E-10
       631  2.8798992E-03  4.1557941E-10
       632  2.8943347E-03  4.2397465E-10
       633  2.9088426E-03  4.3253949E-10
       634  2.9234233E-03  4.4127734E-10
       635  2.9380770E-03  4.5019171E-10
       636  2.9528042E-03  4.5928616E-10
       637  2.9676051E-03  4.6856433E-10
       638  2.9824803E-03  4.7802993E-10
       639  2.9974301E-03  4.8768675E-10
       640  3.0124548E-03  4.9753865E-10
       641  3.0275547E-03  5.0758957E-10
       642  3.0427304E-03  5.1784353E-10
       643  3.0579822E-03  5.2830463E-10
       644  3.0733104E-03  5.3897706E-10
       645  3.0887154E-03  5.4986509E-10
       646  3.1041977E-03  5.6097306E-10
       647  3.1197575E-03  5.7230544E-10
       648  3.1353954E-03  5.8386674E-10
       649  3.1511116E-03  5.9566159E-10
       650  3.1669066E-03  6.0769472E-10
       651  3.1827808E-03  6.1997092E-10
       652  3.1987346E-03  6.3249513E-10
       653  3.2147683E-03  6.4527234E-10
       654  3.2308824E-03  6.5830766E-10
       655  3.2470772E-03  6.7160631E-10
       656  3.2633533E-03  6.8517361E-10
       657  3.2797109E-03  6.9901499E-10
       658  3.2961505E-03  7.1313599E-10
       659  3.3126725E-03  7.2754224E-10
       660  3.3292774E-03  7.4223952E-10
       661  3.3459655E-03  7.5723370E-10
       662  3.3627372E-03  7.7253078E-10
       663  3.3795930E-03  7.8813688E-10
       664  3.3965332E-03  8.0405824E-10
       665  3.4135584E-03  8.2030124E-10
       666  3.4306690E-03  8.3687236E-10
       667  3.4478653E-03  8.5377824E-10
       668  3.4651478E-03  8.7102564E-10
       669  3.4825169E-03  8.8862146E-10
       670  3.4999731E-03  9.0657273E-10
       671  3.5175168E-03  9.2488665E-10
       672  3.5351484E-03  9.4357052E-10
       673  3.5528684E-03  9.6263184E-10
       674  3.5706772E-03  9.8207821E-10
       675  3.5885753E-03  1.0019174E-09
       676  3.6065631E-03  1.0221574E-09
       677  3.6246411E-03  1.0428063E-09
       678  3.6428097E-03  1.0638723E-09
       679  3.6610694E-03  1.0853638E-09
       680  3.6794205E-03  1.1072896E-09
       681  3.6978637E-03  1.1296582E-09
       682  3.7163993E-03  1.1524787E-09
       683  3.7350279E-03  1.1757602E-09
       684  3.7537498E-03  1.1995120E-09
       685  3.7725655E-03  1.2237437E-09
       686  3.7914756E-03  1.2484648E-09
       687  3.8104804E-03  1.2736854E-09
       688  3.8295805E-03  1.2994154E-09
       689  3.8487764E-03  1.3256652E-09
       690  3.8680685E-03  1.3524453E-09
       691  3.8874572E-03  1.3797664E-09
       692  3.9069432E-03  1.4076394E-09
       693  3.9265268E-03  1.4360755E-09
       694  3.9462086E-03  1.4650860E-09
       695  3.9659891E-03  1.4946825E-09
       696  3.9858687E-03  1.5248770E-09
       697  4.0058479E-03  1.5556814E-09
       698  4.0259273E-03  1.5871080E-09
       699  4.0461074E-03  1.6191696E-09
       700  4.0663886E-03  1.6518788E-09
       701  4.0867714E-03  1.6852488E-09
       702  4.1072565E-03  1.7192929E-09
       703  4.1278442E-03  1.7540248E-09
       704  4.1485351E-03  1.7894582E-09
       705  4.1693297E-03  1.8256075E-09
       706  4.1902285E-03  1.8624870E-09
       707  4.2112322E-03  1.9001115E-09
       708  4.2323410E-03  1.9384961E-09
       709  4.2535557E-03  1.9776561E-09
       710  4.2748768E-03  2.0176072E-09
       711  4.2963047E-03  2.0583653E-09
       712  4.3178400E-03  2.0999468E-09
       713  4.3394833E-03  2.1423683E-09
       714  4.3612350E-03  2.1856467E-09
       715  4.3830958E-03  2.2297995E-09
       716  4.4050662E-03  2.2748441E-09
       717  4.4271466E-03  2.3207987E-09
       718  4.4493378E-03  2.3676817E-09
       719  4.4716402E-03  2.4155117E-09
       720  4.4940544E-03  2.4643080E-09
       721  4.5165809E-03  2.5140900E-09
       722  4.5392204E-03  2.5648777E-09
       723  4.5619733E-03  2.6166913E-09
       724  4.5848403E-03  2.6695516E-09
       725  4.6078219E-03  2.7234798E-09
       726  4.6309187E-03  2.7784974E-09
       727  4.6541313E-03  2.8346264E-09
       728  4.6774602E-03  2.8918892E-09
       729  4.7009061E-03  2.9503089E-09
       730  4.7244695E-03  3.0099086E-09
       731  4.7481510E-03  3.0707124E-09
       732  4.7719512E-03  3.1327445E-09
       733  4.7958707E-03  3.1960296E-09
       734  4.8199101E-03  3.2605932E-09
       735  4.8440700E-03  3.3264611E-09
       736  4.8683510E-03  3.3936596E-09
       737  4.8927537E-03  3.4622155E-09
       738  4.9172788E-03  3.5321564E-09
       739  4.9419267E-03  3.6035102E-09
       740  4.9666982E-03  3.6763053E-09
       741  4.9915939E-03  3.7505711E-09
       742  5.0166144E-03  3.8263370E-09
       743  5.0417603E-03  3.9036335E-09
       744  5.0670322E-03  3.9824915E-09
       745  5.0924308E-03  4.0629425E-09
       746  5.1179567E-03  4.1450188E-09
       747  5.1436106E-03  4.2287530E-09
       748  5.1693930E-03  4.3141788E-09
       749  5.1953047E-03  4.4013302E-09
       750  5.2213463E-03  4.4902422E-09
       751  5.2475184E-03  4.5809504E-09
       752  5.2738217E-03  4.6734909E-09
       753  5.3002568E-03  4.7679008E-09
       754  5.3268245E-03  4.8642180E-09
       755  5.3535253E-03  4.9624808E-09
       756  5.3803600E-03  5.0627287E-09
       757  5.4073291E-03  5.1650016E-09
       758  5.4344335E-03  5.2693406E-09
       759  5.4616737E-03  5.3757874E-09
       760  5.4890504E-03  5.4843845E-09
       761  5.5165644E-03  5.5951753E-09
       762  5.5442163E-03  5.7082043E-09
       763  5.5720068E-03  5.8235165E-09
       764  5.5999366E-03  5.9411582E-09
       765  5.6280064E-03  6.0611764E-09
       766  5.6562169E-03  6.1836191E-09
       767  5.6845688E-03  6.3085352E-09
       768  5.7130628E-03  6.4359748E-09
       769  5.7416997E-03  6.5659887E-09
       770  5.7704801E-03  6.6986291E-09
       771  5.7994047E-03  6.8339490E-09
       772  5.8284744E-03  6.9720024E-09
       773  5.8576897E-03  7.1128447E-09
       774  5.8870515E-03  7.2565322E-09
       775  5.9165605E-03  7.4031222E-09
       776  5.9462174E-03  7.5526736E-09
       777  5.9760229E-03  7.7052460E-09
       778  6.0059778E-03  7.8609005E-09
       779  6.0360829E-03  8.0196995E-09
       780  6.0663389E-03  8.1817063E-09
       781  6.0967466E-03  8.3469858E-09
       782  6.1273066E-03  8.5156041E-09
       783  6.1580199E-03  8.6876287E-09
       784  6.1888871E-03  8.8631283E-09
       785  6.2199090E-03  9.0421732E-09
       786  6.2510864E-03  9.2248350E-09
       787  6.2824201E-03  9.4111867E-09
       788  6.3139109E-03  9.6013029E-09
       789  6.3455595E-03  9.7952597E-09
       790  6.3773668E-03  9.9931345E-09
       791  6.4093334E-03  1.0195007E-08
       792  6.4414604E-03  1.0400957E-08
       793  6.4737483E-03  1.0611067E-08
       794  6.5061981E-03  1.0825422E-08
       795  6.5388106E-03  1.1044107E-08
       796  6.5715865E-03  1.1267210E-08
       797  6.6045267E-03  1.1494820E-08
       798  6.6376320E-03  1.1727027E-08
       799  6.6709033E-03  1.1963926E-08
       800  6.7043413E-03  1.2205610E-08
       801  6.7379470E-03  1.2452176E-08
       802  6.7717211E-03  1.2703723E-08
       803  6.8056645E-03  1.2960351E-08
       804  6.8397780E-03  1.3222164E-08
       805  6.8740626E-03  1.3489265E-08
       806  6.9085189E-03  1.3761763E-08
       807  6.9431480E-03  1.4039765E-08
       808  6.9779507E-03  1.4323382E-08
       809  7.0129278E-03  1.4612729E-08
       810  7.0480803E-03  1.4907921E-08
       811  7.0834089E-03  1.5209077E-08
       812  7.1189147E-03  1.5516316E-08
       813  7.1545984E-03  1.5829761E-08
       814  7.1904609E-03  1.6149538E-08
       815  7.2265033E-03  1.6475775E-08
       816  7.2627263E-03  1.6808602E-08
       817  7.2991308E-03  1.7148153E-08
       818  7.3357179E-03  1.7494563E-08
       819  7.3724883E-03  1.7847970E-08
       820  7.4094431E-03  1.8208517E-08
       821  7.4465831E-03  1.8576347E-08
       822  7.4839092E-03  1.8951608E-08
       823  7.5214225E-03  1.9334449E-08
       824  7.5591238E-03  1.9725024E-08
       825  7.5970140E-03  2.0123488E-08
       826  7.6350942E-03  2.0530003E-08
       827  7.6733653E-03  2.0944728E-08
       828  7.7118282E-03  2.1367832E-08
       829  7.7504839E-03  2.1799483E-08
       830  7.7893334E-03  2.2239853E-08
       831  7.8283775E-03  2.2689120E-08
       832  7.8676175E-03  2.3147461E-08
       833  7.9070541E-03  2.3615062E-08
       834  7.9466883E-03  2.4092108E-08
       835  7.9865213E-03  2.4578792E-08
       836  8.0265539E-03  2.5075306E-08
       837  8.0667871E-03  2.5581851E-08
       838  8.1072221E-03  2.6098628E-08
       839  8.1478597E-03  2.6625844E-08
       840  8.1887010E-03  2.7163710E-08
       841  8.2297470E-03  2.7712442E-08
       842  8.2709988E-03  2.8272259E-08
       843  8.3124574E-03  2.8843384E-08
       844  8.3541237E-03  2.9426046E-08
       845  8.3959990E-03  3.0020479E-08
       846  8.4380841E-03  3.0626919E-08
       847  8.4803802E-03  3.1245610E-08
       848  8.5228882E-03  3.1876799E-08
       849  8.5656094E-03  3.2520738E-08
       850  8.6085447E-03  3.3177685E-08
       851  8.6516952E-03  3.3847903E-08
       852  8.6950620E-03  3.4531660E-08
       853  8.7386462E-03  3.5229229E-08
       854  8.7824488E-03  3.5940890E-08
       855  8.8264710E-03  3.6666926E-08
       856  8.8707139E-03  3.7407629E-08
       857  8.9151785E-03  3.8163295E-08
       858  8.9598661E-03  3.8934225E-08
       859  9.0047776E-03  3.9720729E-08
       860  9.0499142E-03  4.0523120E-08
       861  9.0952771E-03  4.1341720E-08
       862  9.1408674E-03  4.2176856E-08
       863  9.1866862E-03  4.3028863E-08
       864  9.2327346E-03  4.3898081E-08
       865  9.2790139E-03  4.4784857E-08
       866  9.3255251E-03  4.5689546E-08
       867  9.3722695E-03  4.6612511E-08
       868  9.4192482E-03  4.7554120E-08
       869  9.4664624E-03  4.8514750E-08
       870  9.5139132E-03  4.9494785E-08
       871  9.5616019E-03  5.0494618E-08
       872  9.6095297E-03  5.1514647E-08
       873  9.6576976E-03  5.2555282E-08
       874  9.7061070E-03  5.3616938E-08
       875  9.7547591E-03  5.4700040E-08
       876  9.8036550E-03  5.5805020E-08
       877  9.8527961E-03  5.6932322E-08
       878  9.9021834E-03  5.8082396E-08
       879  9.9518183E-03  5.9255702E-08
       880  1.0001702E-02  6.0452710E-08
       881  1.0051836E-02  6.1673897E-08
       882  1.0102221E-02  6.2919752E-08
       883  1.0152858E-02  6.4190775E-08
       884  1.0203750E-02  6.5487472E-08
       885  1.0254896E-02  6.6810363E-08
       886  1.0306299E-02  6.8159977E-08
       887  1.0357960E-02  6.9536854E-08
       888  1.0409879E-02  7.0941544E-08
       889  1.0462059E-02  7.2374610E-08
       890  1.0514500E-02  7.3836623E-08
       891  1.0567204E-02  7.5328170E-08
       892  1.0620173E-02  7.6849846E-08
       893  1.0673407E-02  7.8402261E-08
       894  1.0726907E-02  7.9986035E-08
       895  1.0780676E-02  8.1601801E-08
       896  1.0834714E-02  8.3250206E-08
       897  1.0889024E-02  8.4931910E-08
       898  1.0943605E-02  8.6647584E-08
       899  1.0998460E-02  8.8397915E-08
       900  1.1053590E-02  9.0183603E-08
       901  1.1108997E-02  9.2005363E-08
       902  1.1164681E-02  9.3863922E-08
       903  1.1220644E-02  9.5760024E-08
       904  1.1276888E-02  9.7694428E-08
       905  1.1333413E-02  9.9667907E-08
       906  1.1390222E-02  1.0168125E-07
       907  1.1447316E-02  1.0373526E-07
       908  1.1504696E-02  1.0583077E-07
       909  1.1562363E-02  1.0796860E-07
       910  1.1620320E-02  1.1014962E-07
       911  1.1678567E-02  1.1237470E-07
       912  1.1737106E-02  1.1464472E-07
       913  1.1795939E-02  1.1696059E-07
       914  1.1855066E-02  1.1932325E-07
       915  1.1914490E-02  1.2173363E-07
       916  1.1974211E-02  1.2419271E-07
       917  1.2034232E-02  1.2670145E-07
       918  1.2094554E-02  1.2926087E-07
       919  1.2155178E-02  1.3187200E-07
       920  1.2216106E-02  1.3453586E-07
       921  1.2277340E-02  1.3725354E-07
       922  1.2338880E-02  1.4002611E-07
       923  1.2400729E-02  1.4285469E-07
       924  1.2462888E-02  1.4574041E-07
       925  1.2525359E-02  1.4868442E-07
       926  1.2588142E-02  1.5168789E-07
       927  1.2651241E-02  1.5475204E-07
       928  1.2714655E-02  1.5787808E-07
       929  1.2778388E-02  1.6106726E-07
       930  1.2842440E-02  1.6432087E-07
       931  1.2906813E-02  1.6764020E-07
       932  1.2971508E-02  1.7102658E-07
       933  1.3036528E-02  1.7448136E-07
       934  1.3101874E-02  1.7800593E-07
       935  1.3167547E-02  1.8160169E-07
       936  1.3233550E-02  1.8527009E-07
       937  1.3299884E-02  1.8901259E-07
       938  1.3366549E-02  1.9283068E-07
       939  1.3433550E-02  1.9672590E-07
       940  1.3500886E-02  2.0069980E-07
       941  1.3568559E-02  2.0475397E-07
       942  1.3636572E-02  2.0889004E-07
       943  1.3704925E-02  2.1310965E-07
       944  1.3773622E-02  2.1741449E-07
       945  1.3842662E-02  2.2180629E-07
       946  1.3912049E-02  2.2628681E-07
       947  1.3981783E-02  2.3085782E-07
       948  1.4051867E-02  2.3552117E-07
       949  1.4122302E-02  2.4027872E-07
       950  1.4193091E-02  2.4513237E-07
       951  1.4264234E-02  2.5008405E-07
       952  1.4335734E-02  2.5513576E-07
       953  1.4407592E-02  2.6028951E-07
       954  1.4479810E-02  2.6554737E-07
       955  1.4552391E-02  2.7091142E-07
       956  1.4625335E-02  2.7638383E-07
       957  1.4698645E-02  2.8196678E-07
       958  1.4772322E-02  2.8766250E-07
       959  1.4846368E-02  2.9347326E-07
       960  1.4920786E-02  2.9940141E-07
       961  1.4995577E-02  3.0544929E-07
       962  1.5070742E-02  3.1161934E-07
       963  1.5146285E-02  3.1791401E-07
       964  1.5222206E-02  3.2433584E-07
       965  1.5298508E-02  3.3088738E-07
       966  1.5375192E-02  3.3757125E-07
       967  1.5452260E-02  3.4439013E-07
       968  1.5529715E-02  3.5134675E-07
       969  1.5607558E-02  3.5844389E-07
       970  1.5685791E-02  3.6568438E-07
       971  1.5764416E-02  3.7307112E-07
       972  1.5843436E-02  3.8060706E-07
       973  1.5922852E-02  3.8829523E-07
       974  1.6002665E-02  3.9613868E-07
       975  1.6082879E-02  4.0414057E-07
       976  1.6163495E-02  4.1230408E-07
       977  1.6244514E-02  4.2063249E-07
       978  1.6325940E-02  4.2912912E-07
       979  1.6407775E-02  4.3779738E-07
       980  1.6490019E-02  4.4664072E-07
       981  1.6572675E-02  4.5566269E-07
       982  1.6655746E-02  4.6486689E-07
       983  1.6739234E-02  4.7425700E-07
       984  1.6823139E-02  4.8383678E-07
       985  1.6907466E-02  4.9361006E-07
       986  1.6992215E-02  5.0358074E-07
       987  1.7077389E-02  5.1375282E-07
       988  1.7162989E-02  5.2413036E-07
       989  1.7249019E-02  5.3471751E-07
       990  1.7335480E-02  5.4551851E-07
       991  1.7422375E-02  5.5653767E-07
       992  1.7509705E-02  5.6777940E-07
       993  1.7597472E-02  5.7924819E-07
       994  1.7685680E-02  5.9094864E-07
       995  1.7774330E-02  6.0288541E-07
       996  1.7863424E-02  6.1506329E-07
       997  1.7952965E-02  6.2748714E-07
       998  1.8042955E-02  6.4016193E-07
       999  1.8133395E-02  6.5309273E-07
      1000  1.8224289E-02  6.6628471E-07
      1001  1.8315639E-02  6.7974315E-07
      1002  1.8407446E-02  6.9347342E-07
      1003  1.8499714E-02  7.0748101E-07
      1004  1.8592444E-02  7.2177153E-07
      1005  1.8685639E-02  7.3635069E-07
      1006  1.8779301E-02  7.5122432E-07
      1007  1.8873433E-02  7.6639837E-07
      1008  1.8968037E-02  7.8187891E-07
      1009  1.9063114E-02  7.9767211E-07
      1010  1.9158669E-02  8.1378431E-07
      1011  1.9254702E-02  8.3022194E-07
      1012  1.9351216E-02  8.4699157E-07
      1013  1.9448215E-02  8.6409992E-07
      1014  1.9545699E-02  8.8155381E-07
      1015  1.9643673E-02  8.9936023E-07
      1016  1.9742137E-02  9.1752630E-07
      1017  1.9841095E-02  9.3605928E-07
      1018  1.9940549E-02  9.5496658E-07
      1019  2.0040501E-02  9.7425577E-07
      1020  2.0140954E-02  9.9393454E-07
      1021  2.0241911E-02  1.0140108E-06
      1022  2.0343374E-02  1.0344925E-06
      1023  2.0445346E-02  1.0553879E-06
      1024  2.0547829E-02  1.0767054E-06
      1025  2.0650825E-02  1.0984533E-06
      1026  2.0754338E-02  1.1206406E-06
      1027  2.0858369E-02  1.1432760E-06
      1028  2.0962922E-02  1.1663685E-06
      1029  2.1068000E-02  1.1899274E-06
      1030  2.1173603E-02  1.2139622E-06
      1031  2.1279736E-02  1.2384824E-06
      1032  2.1386402E-02  1.2634978E-06
      1033  2.1493601E-02  1.2890185E-06
      1034  2.1601338E-02  1.3150546E-06
      1035  2.1709616E-02  1.3416165E-06
      1036  2.1818436E-02  1.3687149E-06
      1037  2.1927801E-02  1.3963607E-06
      1038  2.2037714E-02  1.4245647E-06
      1039  2.2148179E-02  1.4533384E-06
      1040  2.2259197E-02  1.4826933E-06
      1041  2.2370772E-02  1.5126410E-06
      1042  2.2482906E-02  1.5431935E-06
      1043  2.2595602E-02  1.5743631E-06
      1044  2.2708863E-02  1.6061623E-06
      1045  2.2822691E-02  1.6386036E-06
      1046  2.2937091E-02  1.6717002E-06
      1047  2.3052063E-02  1.7054651E-06
      1048  2.3167612E-02  1.7399120E-06
      1049  2.3283740E-02  1.7750546E-06
      1050  2.3400451E-02  1.8109070E-06
      1051  2.3517746E-02  1.8474834E-06
      1052  2.3635629E-02  1.8847985E-06
      1053  2.3754103E-02  1.9228673E-06
      1054  2.3873171E-02  1.9617049E-06
      1055  2.3992836E-02  2.0013268E-06
      1056  2.4113100E-02  2.0417489E-06
      1057  2.4233968E-02  2.0829874E-06
      1058  2.4355441E-02  2.1250588E-06
      1059  2.4477523E-02  2.1679798E-06
      1060  2.4600217E-02  2.2117676E-06
      1061  2.4723526E-02  2.2564397E-06
      1062  2.4847454E-02  2.3020140E-06
      1063  2.4972002E-02  2.3485087E-06
      1064  2.5097175E-02  2.3959424E-06
      1065  2.5222975E-02  2.4443340E-06
      1066  2.5349406E-02  2.4937030E-06
      1067  2.5476470E-02  2.5440689E-06
      1068  2.5604171E-02  2.5954519E-06
      1069  2.5732513E-02  2.6478727E-06
      1070  2.5861497E-02  2.7013521E-06
      1071  2.5991129E-02  2.7559115E-06
      1072  2.6121410E-02  2.8115728E-06
      1073  2.6252344E-02  2.8683581E-06
      1074  2.6383934E-02  2.9262901E-06
      1075  2.6516184E-02  2.9853921E-06
      1076  2.6649097E-02  3.0456877E-06
      1077  2.6782676E-02  3.1072008E-06
      1078  2.6916925E-02  3.1699563E-06
      1079  2.7051847E-02  3.2339790E-06
      1080  2.7187445E-02  3.2992946E-06
      1081  2.7323722E-02  3.3659292E-06
      1082  2.7460683E-02  3.4339095E-06
      1083  2.7598330E-02  3.5032625E-06
      1084  2.7736668E-02  3.5740161E-06
      1085  2.7875698E-02  3.6461985E-06
      1086  2.8015426E-02  3.7198385E-06
      1087  2.8155854E-02  3.7949656E-06
      1088  2.8296985E-02  3.8716098E-06
      1089  2.8438825E-02  3.9498018E-06
      1090  2.8581375E-02  4.0295727E-06
      1091  2.8724640E-02  4.1109545E-06
      1092  2.8868623E-02  4.1939796E-06
      1093  2.9013327E-02  4.2786814E-06
      1094  2.9158757E-02  4.3650935E-06
      1095  2.9304916E-02  4.4532506E-06
      1096  2.9451807E-02  4.5431878E-06
      1097  2.9599435E-02  4.6349412E-06
      1098  2.9747803E-02  4.7285473E-06
      1099  2.9896914E-02  4.8240436E-06
      1100  3.0046773E-02  4.9214683E-06
      1101  3.0197383E-02  5.0208602E-06
      1102  3.0348748E-02  5.1222591E-06
      1103  3.0500872E-02  5.2257055E-06
      1104  3.0653758E-02  5.3312408E-06
      1105  3.0807411E-02  5.4389070E-06
      1106  3.0961834E-02  5.5487473E-06
      1107  3.1117031E-02  5.6608056E-06
      1108  3.1273005E-02  5.7751265E-06
      1109  3.1429762E-02  5.8917557E-06
      1110  3.1587304E-02  6.0107400E-06
      1111  3.1745636E-02  6.1321268E-06
      1112  3.1904762E-02  6.2559645E-06
      1113  3.2064685E-02  6.3823028E-06
      1114  3.2225410E-02  6.5111920E-06
      1115  3.2386941E-02  6.6426837E-06
      1116  3.2549281E-02  6.7768304E-06
      1117  3.2712435E-02  6.9136857E-06
      1118  3.2876407E-02  7.0533042E-06
      1119  3.3041200E-02  7.1957418E-06
      1120  3.3206820E-02  7.3410553E-06
      1121  3.3373270E-02  7.4893029E-06
      1122  3.3540554E-02  7.6405436E-06
      1123  3.3708677E-02  7.7948380E-06
      1124  3.3877642E-02  7.9522477E-06
      1125  3.4047455E-02  8.1128356E-06
      1126  3.4218118E-02  8.2766658E-06
      1127  3.4389637E-02  8.4438037E-06
      1128  3.4562016E-02  8.6143162E-06
      1129  3.4735259E-02  8.7882713E-06
      1130  3.4909370E-02  8.9657386E-06
      1131  3.5084354E-02  9.1467888E-06
      1132  3.5260215E-02  9.3314944E-06
      1133  3.5436958E-02  9.5199291E-06
      1134  3.5614586E-02  9.7121682E-06
      1135  3.5793105E-02  9.9082885E-06
      1136  3.5972519E-02  1.0108368E-05
      1137  3.6152832E-02  1.0312487E-05
      1138  3.6334049E-02  1.0520728E-05
      1139  3.6516174E-02  1.0733172E-05
      1140  3.6699212E-02  1.0949905E-05
      1141  3.6883167E-02  1.1171014E-05
      1142  3.7068045E-02  1.1396586E-05
      1143  3.7253849E-02  1.1626713E-05
      1144  3.7440585E-02  1.1861485E-05
      1145  3.7628257E-02  1.2100997E-05
      1146  3.7816869E-02  1.2345344E-05
      1147  3.8006427E-02  1.2594624E-05
      1148  3.8196935E-02  1.2848936E-05
      1149  3.8388398E-02  1.3108382E-05
      1150  3.8580821E-02  1.3373066E-05
      1151  3.8774208E-02  1.3643093E-05
      1152  3.8968564E-02  1.3918571E-05
      1153  3.9163895E-02  1.4199610E-05
      1154  3.9360205E-02  1.4486322E-05
      1155  3.9557499E-02  1.4778822E-05
      1156  3.9755782E-02  1.5077227E-05
      1157  3.9955058E-02  1.5381655E-05
      1158  4.0155334E-02  1.5692228E-05
      1159  4.0356613E-02  1.6009071E-05
      1160  4.0558902E-02  1.6332310E-05
      1161  4.0762204E-02  1.6662073E-05
      1162  4.0966525E-02  1.6998492E-05
      1163  4.1171871E-02  1.7341703E-05
      1164  4.1378246E-02  1.7691841E-05
      1165  4.1585655E-02  1.8049047E-05
      1166  4.1794104E-02  1.8413463E-05
      1167  4.2003598E-02  1.8785234E-05
      1168  4.2214142E-02  1.9164510E-05
      1169  4.2425741E-02  1.9551441E-05
      1170  4.2638401E-02  1.9946182E-05
      1171  4.2852127E-02  2.0348890E-05
      1172  4.3066924E-02  2.0759726E-05
      1173  4.3282798E-02  2.1178855E-05
      1174  4.3499754E-02  2.1606443E-05
      1175  4.3717797E-02  2.2042662E-05
      1176  4.3936934E-02  2.2487685E-05
      1177  4.4157168E-02  2.2941689E-05
      1178  4.4378507E-02  2.3404857E-05
      1179  4.4600955E-02  2.3877372E-05
      1180  4.4824519E-02  2.4359424E-05
      1181  4.5049202E-02  2.4851205E-05
      1182  4.5275012E-02  2.5352911E-05
      1183  4.5501954E-02  2.5864742E-05
      1184  4.5730034E-02  2.6386903E-05
      1185  4.5959257E-02  2.6919602E-05
      1186  4.6189628E-02  2.7463052E-05
      1187  4.6421155E-02  2.8017469E-05
      1188  4.6653842E-02  2.8583074E-05
      1189  4.6887695E-02  2.9160094E-05
      1190  4.7122721E-02  2.9748758E-05
      1191  4.7358924E-02  3.0349301E-05
      1192  4.7596312E-02  3.0961964E-05
      1193  4.7834889E-02  3.1586990E-05
      1194  4.8074663E-02  3.2224628E-05
      1195  4.8315638E-02  3.2875134E-05
      1196  4.8557821E-02  3.3538766E-05
      1197  4.8801218E-02  3.4215790E-05
      1198  4.9045835E-02  3.4906475E-05
      1199  4.9291679E-02  3.5611097E-05
      1200  4.9538754E-02  3.6329937E-05
      1201  4.9787068E-02  3.7063282E-05
      1202  5.0036627E-02  3.7811424E-05
      1203  5.0287437E-02  3.8574662E-05
      1204  5.0539504E-02  3.9353300E-05
      1205  5.0792834E-02  4.0147648E-05
      1206  5.1047434E-02  4.0958024E-05
      1207  5.1303310E-02  4.1784750E-05
      1208  5.1560469E-02  4.2628156E-05
      1209  5.1818917E-02  4.3488580E-05
      1210  5.2078661E-02  4.4366362E-05
      1211  5.2339706E-02  4.5261855E-05
      1212  5.2602060E-02  4.6175414E-05
      1213  5.2865729E-02  4.7107405E-05
      1214  5.3130719E-02  4.8058198E-05
      1215  5.3397038E-02  4.9028173E-05
      1216  5.3664692E-02  5.0017716E-05
      1217  5.3933687E-02  5.1027222E-05
      1218  5.4204031E-02  5.2057094E-05
      1219  5.4475730E-02  5.3107741E-05
      1220  5.4748791E-02  5.4179584E-05
      1221  5.5023220E-02  5.5273048E-05
      1222  5.5299025E-02  5.6388571E-05
      1223  5.5576213E-02  5.7526595E-05
      1224  5.5854790E-02  5.8687577E-05
      1225  5.6134763E-02  5.9871977E-05
      1226  5.6416140E-02  6.1080267E-05
      1227  5.6698927E-02  6.2312931E-05
      1228  5.6983131E-02  6.3570458E-05
      1229  5.7268760E-02  6.4853350E-05
      1230  5.7555821E-02  6.6162118E-05
      1231  5.7844321E-02  6.7497283E-05
      1232  5.8134267E-02  6.8859378E-05
      1233  5.8425666E-02  7.0248946E-05
      1234  5.8718526E-02  7.1666539E-05
      1235  5.9012854E-02  7.3112723E-05
      1236  5.9308657E-02  7.4588074E-05
      1237  5.9605943E-02  7.6093180E-05
      1238  5.9904719E-02  7.7628640E-05
      1239  6.0204992E-02  7.9195066E-05
      1240  6.0506771E-02  8.0793081E-05
      1241  6.0810063E-02  8.2423323E-05
      1242  6.1114874E-02  8.4086441E-05
      1243  6.1421214E-02  8.5783096E-05
      1244  6.1729089E-02  8.7513965E-05
      1245  6.2038507E-02  8.9279738E-05
      1246  6.2349477E-02  9.1081116E-05
      1247  6.2662005E-02  9.2918819E-05
      1248  6.2976099E-02  9.4793576E-05
      1249  6.3291768E-02  9.6706135E-05
      1250  6.3609020E-02  9.8657258E-05
      1251  6.3927861E-02  1.0064772E-04
      1252  6.4248301E-02  1.0267832E-04
      1253  6.4570347E-02  1.0474985E-04
      1254  6.4894007E-02  1.0686315E-04
      1255  6.5219290E-02  1.0901906E-04
      1256  6.5546203E-02  1.1121844E-04
      1257  6.5874754E-02  1.1346215E-04
      1258  6.6204953E-02  1.1575110E-04
      1259  6.6536807E-02  1.1808619E-04
      1260  6.6870324E-02  1.2046835E-04
      1261  6.7205513E-02  1.2289854E-04
      1262  6.7542382E-02  1.2537771E-04
      1263  6.7880939E-02  1.2790686E-04
      1264  6.8221194E-02  1.3048699E-04
      1265  6.8563154E-02  1.3311913E-04
      1266  6.8906828E-02  1.3580432E-04
      1267  6.9252225E-02  1.3854364E-04
      1268  6.9599354E-02  1.4133817E-04
      1269  6.9948222E-02  1.4418902E-04
      1270  7.0298839E-02  1.4709733E-04
      1271  7.0651213E-02  1.5006426E-04
      1272  7.1005354E-02  1.5309098E-04
      1273  7.1361270E-02  1.5617870E-04
      1274  7.1718969E-02  1.5932864E-04
      1275  7.2078462E-02  1.6254207E-04
      1276  7.2439757E-02  1.6582025E-04
      1277  7.2802863E-02  1.6916449E-04
      1278  7.3167789E-02  1.7257611E-04
      1279  7.3534544E-02  1.7605649E-04
      1280  7.3903137E-02  1.7960699E-04
      1281  7.4273578E-02  1.8322904E-04
      1282  7.4645876E-02  1.8692406E-04
      1283  7.5020040E-02  1.9069353E-04
      1284  7.5396080E-02  1.9453895E-04
      1285  7.5774004E-02  1.9846184E-04
      1286  7.6153823E-02  2.0246377E-04
      1287  7.6535545E-02  2.0654632E-04
      1288  7.6919181E-02  2.1071111E-04
      1289  7.7304740E-02  2.1495980E-04
      1290  7.7692232E-02  2.1929408E-04
      1291  7.8081666E-02  2.2371567E-04
      1292  7.8473052E-02  2.2822633E-04
      1293  7.8866400E-02  2.3282784E-04
      1294  7.9261719E-02  2.3752203E-04
      1295  7.9659020E-02  2.4231078E-04
      1296  8.0058313E-02  2.4719597E-04
      1297  8.0459607E-02  2.5217955E-04
      1298  8.0862912E-02  2.5726350E-04
      1299  8.1268239E-02  2.6244983E-04
      1300  8.1675598E-02  2.6774061E-04
      1301  8.2084999E-02  2.7313793E-04
      1302  8.2496451E-02  2.7864394E-04
      1303  8.2909967E-02  2.8426083E-04
      1304  8.3325555E-02  2.8999081E-04
      1305  8.3743226E-02  2.9583616E-04
      1306  8.4162990E-02  3.0179921E-04
      1307  8.4584859E-02  3.0788232E-04
      1308  8.5008842E-02  3.1408790E-04
      1309  8.5434951E-02  3.2041841E-04
      1310  8.5863195E-02  3.2687637E-04
      1311  8.6293586E-02  3.3346433E-04
      1312  8.6726135E-02  3.4018492E-04
      1313  8.7160851E-02  3.4704078E-04
      1314  8.7597747E-02  3.5403465E-04
      1315  8.8036833E-02  3.6116928E-04
      1316  8.8478119E-02  3.6844753E-04
      1317  8.8921617E-02  3.7587225E-04
      1318  8.9367339E-02  3.8344641E-04
      1319  8.9815295E-02  3.9117300E-04
      1320  9.0265496E-02  3.9905508E-04
      1321  9.0717953E-02  4.0709578E-04
      1322  9.1172679E-02  4.1529828E-04
      1323  9.1629684E-02  4.2366583E-04
      1324  9.2088980E-02  4.3220175E-04
      1325  9.2550578E-02  4.4090941E-04
      1326  9.3014489E-02  4.4979227E-04
      1327  9.3480726E-02  4.5885384E-04
      1328  9.3949300E-02  4.6809771E-04
      1329  9.4420223E-02  4.7752755E-04
      1330  9.4893507E-02  4.8714707E-04
      1331  9.5369162E-02  4.9696010E-04
      1332  9.5847202E-02  5.0697051E-04
      1333  9.6327638E-02  5.1718227E-04
      1334  9.6810483E-02  5.2759942E-04
      1335  9.7295747E-02  5.3822607E-04
      1336  9.7783444E-02  5.4906644E-04
      1337  9.8273586E-02  5.6012481E-04
      1338  9.8766184E-02  5.7140556E-04
      1339  9.9261252E-02  5.8291314E-04
      1340  9.9758801E-02  5.9465211E-04
      1341  1.0025884E-01  6.0662710E-04
      1342  1.0076139E-01  6.1884286E-04
      1343  1.0126646E-01  6.3130421E-04
      1344  1.0177406E-01  6.4401608E-04
      1345  1.0228421E-01  6.5698349E-04
      1346  1.0279691E-01  6.7021156E-04
      1347  1.0331218E-01  6.8370552E-04
      1348  1.0383003E-01  6.9747071E-04
      1349  1.0435048E-01  7.1151255E-04
      1350  1.0487354E-01  7.2583660E-04
      1351  1.0539922E-01  7.4044851E-04
      1352  1.0592754E-01  7.5535406E-04
      1353  1.0645850E-01  7.7055911E-04
      1354  1.0699213E-01  7.8606969E-04
      1355  1.0752843E-01  8.0189191E-04
      1356  1.0806742E-01  8.1803201E-04
      1357  1.0860911E-01  8.3449636E-04
      1358  1.0915351E-01  8.5129146E-04
      1359  1.0970065E-01  8.6842393E-04
      1360  1.1025053E-01  8.8590054E-04
      1361  1.1080316E-01  9.0372817E-04
      1362  1.1135856E-01  9.2191385E-04
      1363  1.1191675E-01  9.4046475E-04
      1364  1.1247773E-01  9.5938819E-04
      1365  1.1304153E-01  9.7869162E-04
      1366  1.1360815E-01  9.9838265E-04
      1367  1.1417762E-01  1.0184690E-03
      1368  1.1474993E-01  1.0389587E-03
      1369  1.1532512E-01  1.0598597E-03
      1370  1.1590319E-01  1.0811803E-03
      1371  1.1648416E-01  1.1029288E-03
      1372  1.1706804E-01  1.1251139E-03
      1373  1.1765484E-01  1.1477443E-03
      1374  1.1824459E-01  1.1708288E-03
      1375  1.1883729E-01  1.1943766E-03
      1376  1.1943297E-01  1.2183968E-03
      1377  1.2003163E-01  1.2428991E-03
      1378  1.2063329E-01  1.2678930E-03
      1379  1.2123797E-01  1.2933883E-03
      1380  1.2184567E-01  1.3193951E-03
      1381  1.2245643E-01  1.3459235E-03
      1382  1.2307024E-01  1.3729841E-03
      1383  1.2368714E-01  1.4005874E-03
      1384  1.2430712E-01  1.4287443E-03
      1385  1.2493021E-01  1.4574658E-03
      1386  1.2555643E-01  1.4867633E-03
      1387  1.2618578E-01  1.5166482E-03
      1388  1.2681829E-01  1.5471323E-03
      1389  1.2745397E-01  1.5782275E-03
      1390  1.2809284E-01  1.6099460E-03
      1391  1.2873490E-01  1.6423004E-03
      1392  1.2938019E-01  1.6753032E-03
      1393  1.3002871E-01  1.7089674E-03
      1394  1.3068048E-01  1.7433063E-03
      1395  1.3133552E-01  1.7783332E-03
      1396  1.3199384E-01  1.8140620E-03
      1397  1.3265547E-01  1.8505065E-03
      1398  1.3332040E-01  1.8876812E-03
      1399  1.3398867E-01  1.9256006E-03
      1400  1.3466030E-01  1.9642794E-03
      1401  1.3533528E-01  2.0037329E-03
      1402  1.3601365E-01  2.0439765E-03
      1403  1.3669543E-01  2.0850260E-03
      1404  1.3738061E-01  2.1268974E-03
      1405  1.3806924E-01  2.1696071E-03
      1406  1.3876131E-01  2.2131718E-03
      1407  1.3945686E-01  2.2576086E-03
      1408  1.4015589E-01  2.3029347E-03
      1409  1.4085842E-01  2.3491680E-03
      1410  1.4156448E-01  2.3963265E-03
      1411  1.4227407E-01  2.4444286E-03
      1412  1.4298722E-01  2.4934932E-03
      1413  1.4370395E-01  2.5435393E-03
      1414  1.4442427E-01  2.5945865E-03
      1415  1.4514820E-01  2.6466548E-03
      1416  1.4587576E-01  2.6997644E-03
      1417  1.4660696E-01  2.7539361E-03
      1418  1.4734183E-01  2.8091910E-03
      1419  1.4808039E-01  2.8655506E-03
      1420  1.4882264E-01  2.9230369E-03
      1421  1.4956862E-01  2.9816724E-03
      1422  1.5031834E-01  3.0414798E-03
      1423  1.5107181E-01  3.1024825E-03
      1424  1.5182906E-01  3.1647042E-03
      1425  1.5259011E-01  3.2281691E-03
      1426  1.5335497E-01  3.2929019E-03
      1427  1.5412366E-01  3.3589279E-03
      1428  1.5489621E-01  3.4262727E-03
      1429  1.5567263E-01  3.4949624E-03
      1430  1.5645294E-01  3.5650238E-03
      1431  1.5723717E-01  3.6364842E-03
      1432  1.5802532E-01  3.7093712E-03
      1433  1.5881743E-01  3.7837132E-03
      1434  1.5961350E-01  3.8595390E-03
      1435  1.6041357E-01  3.9368782E-03
      1436  1.6121764E-01  4.0157606E-03
      1437  1.6202575E-01  4.0962169E-03
      1438  1.6283791E-01  4.1782783E-03
      1439  1.6365414E-01  4.2619766E-03
      1440  1.6447446E-01  4.3473443E-03
      1441  1.6529889E-01  4.4344143E-03
      1442  1.6612745E-01  4.5232205E-03
      1443  1.6696017E-01  4.6137972E-03
      1444  1.6779706E-01  4.7061795E-03
      1445  1.6863815E-01  4.8004031E-03
      1446  1.6948345E-01  4.8965044E-03
      1447  1.7033299E-01  4.9945207E-03
      1448  1.7118679E-01  5.0944898E-03
      1449  1.7204486E-01  5.1964502E-03
      1450  1.7290724E-01  5.3004415E-03
      1451  1.7377394E-01  5.4065038E-03
      1452  1.7464499E-01  5.5146779E-03
      1453  1.7552040E-01  5.6250056E-03
      1454  1.7640020E-01  5.7375295E-03
      1455  1.7728441E-01  5.8522930E-03
      1456  1.7817305E-01  5.9693402E-03
      1457  1.7906615E-01  6.0887163E-03
      1458  1.7996372E-01  6.2104672E-03
      1459  1.8086579E-01  6.3346398E-03
      1460  1.8177239E-01  6.4612819E-03
      1461  1.8268352E-01  6.5904422E-03
      1462  1.8359923E-01  6.7221703E-03
      1463  1.8451952E-01  6.8565168E-03
      1464  1.8544443E-01  6.9935335E-03
      1465  1.8637398E-01  7.1332728E-03
      1466  1.8730818E-01  7.2757884E-03
      1467  1.8824707E-01  7.4211351E-03
      1468  1.8919066E-01  7.5693685E-03
      1469  1.9013898E-01  7.7205454E-03
      1470  1.9109206E-01  7.8747238E-03
      1471  1.9204991E-01  8.0319627E-03
      1472  1.9301256E-01  8.1923224E-03
      1473  1.9398004E-01  8.3558642E-03
      1474  1.9495237E-01  8.5226506E-03
      1475  1.9592957E-01  8.6927453E-03
      1476  1.9691168E-01  8.8662135E-03
      1477  1.9789870E-01  9.0431213E-03
      1478  1.9889067E-01  9.2235363E-03
      1479  1.9988761E-01  9.4075273E-03
      1480  2.0088955E-01  9.5951645E-03
      1481  2.0189652E-01  9.7865194E-03
      1482  2.0290853E-01  9.9816650E-03
      1483  2.0392561E-01  1.0180675E-02
      1484  2.0494779E-01  1.0383627E-02
      1485  2.0597510E-01  1.0590596E-02
      1486  2.0700755E-01  1.0801661E-02
      1487  2.0804518E-01  1.1016904E-02
      1488  2.0908801E-01  1.1236404E-02
      1489  2.1013607E-01  1.1460247E-02
      1490  2.1118938E-01  1.1688517E-02
      1491  2.1224797E-01  1.1921300E-02
      1492  2.1331187E-01  1.2158684E-02
      1493  2.1438110E-01  1.2400760E-02
      1494  2.1545569E-01  1.2647619E-02
      1495  2.1653567E-01  1.2899355E-02
      1496  2.1762106E-01  1.3156062E-02
      1497  2.1871189E-01  1.3417838E-02
      1498  2.1980818E-01  1.3684782E-02
      1499  2.2090998E-01  1.3956994E-02
      1500  2.2201729E-01  1.4234577E-02
      1501  2.2313016E-01  1.4517636E-02
      1502  2.2424860E-01  1.4806277E-02
      1503  2.2537266E-01  1.5100609E-02
      1504  2.2650234E-01  1.5400743E-02
      1505  2.2763769E-01  1.5706791E-02
      1506  2.2877873E-01  1.6018869E-02
      1507  2.2992549E-01  1.6337094E-02
      1508  2.3107799E-01  1.6661586E-02
      1509  2.3223627E-01  1.6992465E-02
      1510  2.3340036E-01  1.7329856E-02
      1511  2.3457029E-01  1.7673886E-02
      1512  2.3574608E-01  1.8024682E-02
      1513  2.3692776E-01  1.8382377E-02
      1514  2.3811536E-01  1.8747105E-02
      1515  2.3930892E-01  1.9119000E-02
      1516  2.4050846E-01  1.9498203E-02
      1517  2.4171402E-01  1.9884854E-02
      1518  2.4292561E-01  2.0279098E-02
      1519  2.4414328E-01  2.0681081E-02
      1520  2.4536706E-01  2.1090953E-02
      1521  2.4659696E-01  2.1508867E-02
      1522  2.4783304E-01  2.1934977E-02
      1523  2.4907530E-01  2.2369442E-02
      1524  2.5032380E-01  2.2812424E-02
      1525  2.5157855E-01  2.3264086E-02
      1526  2.5283960E-01  2.3724596E-02
      1527  2.5410696E-01  2.4194123E-02
      1528  2.5538068E-01  2.4672843E-02
      1529  2.5666078E-01  2.5160931E-02
      1530  2.5794729E-01  2.5658567E-02
      1531  2.5924026E-01  2.6165937E-02
      1532  2.6053971E-01  2.6683225E-02
      1533  2.6184567E-01  2.7210624E-02
      1534  2.6315818E-01  2.7748326E-02
      1535  2.6447726E-01  2.8296530E-02
      1536  2.6580296E-01  2.8855437E-02
      1537  2.6713530E-01  2.9425251E-02
      1538  2.6847432E-01  3.0006183E-02
      1539  2.6982006E-01  3.0598444E-02
      1540  2.7117254E-01  3.1202252E-02
      1541  2.7253179E-01  3.1817826E-02
      1542  2.7389786E-01  3.2445393E-02
      1543  2.7527078E-01  3.3085180E-02
      1544  2.7665058E-01  3.3737421E-02
      1545  2.7803730E-01  3.4402354E-02
      1546  2.7943097E-01  3.5080221E-02
      1547  2.8083162E-01  3.5771267E-02
      1548  2.8223930E-01  3.6475744E-02
      1549  2.8365403E-01  3.7193908E-02
      1550  2.8507585E-01  3.7926017E-02
      1551  2.8650480E-01  3.8672338E-02
      1552  2.8794091E-01  3.9433140E-02
      1553  2.8938422E-01  4.0208698E-02
      1554  2.9083476E-01  4.0999292E-02
      1555  2.9229258E-01  4.1805206E-02
      1556  2.9375770E-01  4.2626731E-02
      1557  2.9523017E-01  4.3464162E-02
      1558  2.9671001E-01  4.4317800E-02
      1559  2.9819728E-01  4.5187950E-02
      1560  2.9969200E-01  4.6074926E-02
      1561  3.0119421E-01  4.6979043E-02
      1562  3.0270395E-01  4.7900625E-02
      1563  3.0422126E-01  4.8840002E-02
      1564  3.0574618E-01  4.9797508E-02
      1565  3.0727874E-01  5.0773484E-02
      1566  3.0881898E-01  5.1768277E-02
      1567  3.1036694E-01  5.2782241E-02
      1568  3.1192266E-01  5.3815736E-02
      1569  3.1348618E-01  5.4869126E-02
      1570  3.1505754E-01  5.5942786E-02
      1571  3.1663677E-01  5.7037095E-02
      1572  3.1822392E-01  5.8152439E-02
      1573  3.1981902E-01  5.9289210E-02
      1574  3.2142212E-01  6.0447809E-02
      1575  3.2303326E-01  6.1628643E-02
      1576  3.2465247E-01  6.2832127E-02
      1577  3.2627979E-01  6.4058682E-02
      1578  3.2791528E-01  6.5308738E-02
      1579  3.2955896E-01  6.6582730E-02
      1580  3.3121088E-01  6.7881105E-02
      1581  3.3287108E-01  6.9204313E-02
      1582  3.3453961E-01  7.0552816E-02
      1583  3.3621649E-01  7.1927082E-02
      1584  3.3790179E-01  7.3327587E-02
      1585  3.3959553E-01  7.4754816E-02
      1586  3.4129776E-01  7.6209263E-02
      1587  3.4300852E-01  7.7691429E-02
      1588  3.4472785E-01  7.9201826E-02
      1589  3.4645581E-01  8.0740973E-02
      1590  3.4819243E-01  8.2309398E-02
      1591  3.4993775E-01  8.3907640E-02
      1592  3.5169182E-01  8.5536245E-02
      1593  3.5345468E-01  8.7195770E-02
      1594  3.5522638E-01  8.8886781E-02
      1595  3.5700696E-01  9.0609854E-02
      1596  3.5879647E-01  9.2365574E-02
      1597  3.6059494E-01  9.4154537E-02
      1598  3.6240243E-01  9.5977349E-02
      1599  3.6421898E-01  9.7834627E-02
      1600  3.6604463E-01  9.9726996E-02
      1601  3.6787944E-01  1.0165509E-01
      1602  3.6972344E-01  1.0361957E-01
      1603  3.7157669E-01  1.0562108E-01
      1604  3.7343923E-01  1.0766030E-01
      1605  3.7531110E-01  1.0973790E-01
      1606  3.7719235E-01  1.1185459E-01
      1607  3.7908304E-01  1.1401106E-01
      1608  3.8098320E-01  1.1620803E-01
      1609  3.8289289E-01  1.1844623E-01
      1610  3.8481214E-01  1.2072640E-01
      1611  3.8674102E-01  1.2304929E-01
      1612  3.8867957E-01  1.2541566E-01
      1613  3.9062784E-01  1.2782630E-01
      1614  3.9258587E-01  1.3028199E-01
      1615  3.9455371E-01  1.3278354E-01
      1616  3.9653142E-01  1.3533177E-01
      1617  3.9851904E-01  1.3792749E-01
      1618  4.0051663E-01  1.4057157E-01
      1619  4.0252422E-01  1.4326484E-01
      1620  4.0454189E-01  1.4600819E-01
      1621  4.0656966E-01  1.4880249E-01
      1622  4.0860760E-01  1.5164866E-01
      1623  4.1065575E-01  1.5454759E-01
      1624  4.1271417E-01  1.5750022E-01
      1625  4.1478291E-01  1.6050749E-01
      1626  4.1686202E-01  1.6357035E-01
      1627  4.1895155E-01  1.6668979E-01
      1628  4.2105155E-01  1.6986678E-01
      1629  4.2316208E-01  1.7310234E-01
      1630  4.2528319E-01  1.7639747E-01
      1631  4.2741493E-01  1.7975322E-01
      1632  4.2955736E-01  1.8317064E-01
      1633  4.3171052E-01  1.8665079E-01
      1634  4.3387448E-01  1.9019476E-01
      1635  4.3604929E-01  1.9380365E-01
      1636  4.3823499E-01  1.9747857E-01
      1637  4.4043165E-01  2.0122066E-01
      1638  4.4263933E-01  2.0503107E-01
      1639  4.4485807E-01  2.0891097E-01
      1640  4.4708793E-01  2.1286154E-01
      1641  4.4932896E-01  2.1688400E-01
      1642  4.5158123E-01  2.2097956E-01
      1643  4.5384480E-01  2.2514946E-01
      1644  4.5611970E-01  2.2939496E-01
      1645  4.5840601E-01  2.3371734E-01
      1646  4.6070378E-01  2.3811790E-01
      1647  4.6301307E-01  2.4259794E-01
      1648  4.6533393E-01  2.4715880E-01
      1649  4.6766643E-01  2.5180184E-01
      1650  4.7001061E-01  2.5652843E-01
      1651  4.7236655E-01  2.6133996E-01
      1652  4.7473430E-01  2.6623784E-01
      1653  4.7711392E-01  2.7122350E-01
      1654  4.7950546E-01  2.7629840E-01
      1655  4.8190899E-01  2.8146400E-01
      1656  4.8432457E-01  2.8672181E-01
      1657  4.8675226E-01  2.9207332E-01
      1658  4.8919211E-01  2.9752008E-01
      1659  4.9164420E-01  3.0306364E-01
      1660  4.9410857E-01  3.0870558E-01
      1661  4.9658530E-01  3.1444749E-01
      1662  4.9907445E-01  3.2029099E-01
      1663  5.0157607E-01  3.2623773E-01
      1664  5.0409023E-01  3.3228935E-01
      1665  5.0661699E-01  3.3844755E-01
      1666  5.0915642E-01  3.4471403E-01
      1667  5.1170858E-01  3.5109051E-01
      1668  5.1427353E-01  3.5757875E-01
      1669  5.1685133E-01  3.6418051E-01
      1670  5.1944206E-01  3.7089760E-01
      1671  5.2204578E-01  3.7773181E-01
      1672  5.2466254E-01  3.8468500E-01
      1673  5.2729242E-01  3.9175902E-01
      1674  5.2993549E-01  3.9895575E-01
      1675  5.3259180E-01  4.0627711E-01
      1676  5.3526143E-01  4.1372501E-01
      1677  5.3794444E-01  4.2130141E-01
      1678  5.4064090E-01  4.2900828E-01
      1679  5.4335087E-01  4.3684762E-01
      1680  5.4607443E-01  4.4482144E-01
      1681  5.4881164E-01  4.5293180E-01
      1682  5.5156257E-01  4.6118075E-01
      1683  5.5432728E-01  4.6957038E-01
      1684  5.5710586E-01  4.7810279E-01
      1685  5.5989837E-01  4.8678013E-01
      1686  5.6270487E-01  4.9560455E-01
      1687  5.6552544E-01  5.0457822E-01
      1688  5.6836015E-01  5.1370334E-01
      1689  5.7120906E-01  5.2298214E-01
      1690  5.7407226E-01  5.3241686E-01
      1691  5.7694981E-01  5.4200976E-01
      1692  5.7984178E-01  5.5176313E-01
      1693  5.8274825E-01  5.6167929E-01
      1694  5.8566929E-01  5.7176057E-01
      1695  5.8860497E-01  5.8200930E-01
      1696  5.9155536E-01  5.9242788E-01
      1697  5.9452055E-01  6.0301869E-01
      1698  5.9750059E-01  6.1378415E-01
      1699  6.0049558E-01  6.2472669E-01
      1700  6.0350558E-01  6.3584877E-01
      1701  6.0653066E-01  6.4715286E-01
      1702  6.0957091E-01  6.5864146E-01
      1703  6.1262639E-01  6.7031707E-01
      1704  6.1569720E-01  6.8218223E-01
      1705  6.1878339E-01  6.9423949E-01
      1706  6.2188506E-01  7.0649142E-01
      1707  6.2500227E-01  7.1894059E-01
      1708  6.2813511E-01  7.3158961E-01
      1709  6.3128365E-01  7.4444109E-01
      1710  6.3444797E-01  7.5749767E-01
      1711  6.3762815E-01  7.7076199E-01
      1712  6.4082428E-01  7.8423671E-01
      1713  6.4403642E-01  7.9792451E-01
      1714  6.4726467E-01  8.1182807E-01
      1715  6.5050909E-01  8.2595009E-01
      1716  6.5376979E-01  8.4029329E-01
      1717  6.5704682E-01  8.5486037E-01
      1718  6.6034028E-01  8.6965408E-01
      1719  6.6365025E-01  8.8467715E-01
      1720  6.6697681E-01  8.9993233E-01
      1721  6.7032005E-01  9.1542238E-01
      1722  6.7368004E-01  9.3115004E-01
      1723  6.7705687E-01  9.4711809E-01
      1724  6.8045064E-01  9.6332930E-01
      1725  6.8386141E-01  9.7978643E-01
      1726  6.8728928E-01  9.9649225E-01
      1727  6.9073433E-01  1.0134496E+00
      1728  6.9419665E-01  1.0306611E+00
      1729  6.9767633E-01  1.0481296E+00
      1730  7.0117344E-01  1.0658580E+00
      1731  7.0468809E-01  1.0838488E+00
      1732  7.0822035E-01  1.1021050E+00
      1733  7.1177032E-01  1.1206291E+00
      1734  7.1533809E-01  1.1394241E+00
      1735  7.1892373E-01  1.1584925E+00
      1736  7.2252735E-01  1.1778371E+00
      1737  7.2614904E-01  1.1974606E+00
      1738  7.2978887E-01  1.2173657E+00
      1739  7.3344696E-01  1.2375550E+00
      1740  7.3712337E-01  1.2580312E+00
      1741  7.4081822E-01  1.2787968E+00
      1742  7.4453159E-01  1.2998545E+00
      1743  7.4826357E-01  1.3212069E+00
      1744  7.5201425E-01  1.3428564E+00
      1745  7.5578374E-01  1.3648055E+00
      1746  7.5957212E-01  1.3870568E+00
      1747  7.6337949E-01  1.4096127E+00
      1748  7.6720595E-01  1.4324755E+00
      1749  7.7105159E-01  1.4556476E+00
      1750  7.7491650E-01  1.4791313E+00
      1751  7.7880078E-01  1.5029289E+00
      1752  7.8270454E-01  1.5270426E+00
      1753  7.8662786E-01  1.5514745E+00
      1754  7.9057085E-01  1.5762267E+00
      1755  7.9453360E-01  1.6013013E+00
      1756  7.9851622E-01  1.6267002E+00
      1757  8.0251880E-01  1.6524254E+00
      1758  8.0654144E-01  1.6784787E+00
      1759  8.1058425E-01  1.7048619E+00
      1760  8.1464732E-01  1.7315766E+00
      1761  8.1873075E-01  1.7586246E+00
      1762  8.2283466E-01  1.7860072E+00
      1763  8.2695913E-01  1.8137260E+00
      1764  8.3110428E-01  1.8417823E+00
      1765  8.3527021E-01  1.8701774E+00
      1766  8.3945702E-01  1.8989125E+00
      1767  8.4366482E-01  1.9279885E+00
      1768  8.4789370E-01  1.9574065E+00
      1769  8.5214379E-01  1.9871672E+00
      1770  8.5641518E-01  2.0172715E+00
      1771  8.6070798E-01  2.0477199E+00
      1772  8.6502229E-01  2.0785128E+00
      1773  8.6935824E-01  2.1096507E+00
      1774  8.7371591E-01  2.1411337E+00
      1775  8.7809543E-01  2.1729619E+00
      1776  8.8249690E-01  2.2051353E+00
      1777  8.8692044E-01  2.2376535E+00
      1778  8.9136614E-01  2.2705163E+00
      1779  8.9583414E-01  2.3037230E+00
      1780  9.0032452E-01  2.3372730E+00
      1781  9.0483742E-01  2.3711653E+00
      1782  9.0937293E-01  2.4053990E+00
      1783  9.1393119E-01  2.4399727E+00
      1784  9.1851228E-01  2.4748851E+00
      1785  9.2311635E-01  2.5101345E+00
      1786  9.2774349E-01  2.5457190E+00
      1787  9.3239382E-01  2.5816366E+00
      1788  9.3706746E-01  2.6178852E+00
      1789  9.4176453E-01  2.6544621E+00
      1790  9.4648515E-01  2.6913647E+00
      1791  9.5122942E-01  2.7285900E+00
      1792  9.5599748E-01  2.7661349E+00
      1793  9.6078944E-01  2.8039959E+00
      1794  9.6560542E-01  2.8421694E+00
      1795  9.7044553E-01  2.8806515E+00
      1796  9.7530991E-01  2.9194378E+00
      1797  9.8019867E-01  2.9585240E+00
      1798  9.8511194E-01  2.9979052E+00
      1799  9.9004983E-01  3.0375765E+00
      1800  9.9501248E-01  3.0775324E+00
      1801  1.0000000E+00  3.1177674E+00
      1802  1.0050125E+00  3.1582754E+00
      1803  1.0100502E+00  3.1990501E+00
      1804  1.0151131E+00  3.2400850E+00
      1805  1.0202013E+00  3.2813732E+00
      1806  1.0253151E+00  3.3229073E+00
      1807  1.0304545E+00  3.3646797E+00
      1808  1.0356197E+00  3.4066825E+00
      1809  1.0408108E+00  3.4489072E+00
      1810  1.0460279E+00  3.4913453E+00
      1811  1.0512711E+00  3.5339875E+00
      1812  1.0565406E+00  3.5768245E+00
      1813  1.0618365E+00  3.6198463E+00
      1814  1.0671590E+00  3.6630427E+00
      1815  1.0725082E+00  3.7064030E+00
      1816  1.0778842E+00  3.7499162E+00
      1817  1.0832871E+00  3.7935706E+00
      1818  1.0887171E+00  3.8373545E+00
      1819  1.0941743E+00  3.8812554E+00
      1820  1.0996589E+00  3.9252605E+00
      1821  1.1051709E+00  3.9693566E+00
      1822  1.1107106E+00  4.0135299E+00
      1823  1.1162781E+00  4.0577663E+00
      1824  1.1218734E+00  4.1020512E+00
      1825  1.1274969E+00  4.1463693E+00
      1826  1.1331485E+00  4.1907052E+00
      1827  1.1388284E+00  4.2350428E+00
      1828  1.1445368E+00  4.2793654E+00
      1829  1.1502738E+00  4.3236561E+00
      1830  1.1560396E+00  4.3678972E+00
      1831  1.1618342E+00  4.4120707E+00
      1832  1.1676580E+00  4.4561581E+00
      1833  1.1735109E+00  4.5001402E+00
      1834  1.1793931E+00  4.5439975E+00
      1835  1.1853049E+00  4.5877098E+00
      1836  1.1912462E+00  4.6312564E+00
      1837  1.1972174E+00  4.6746163E+00
      1838  1.2032184E+00  4.7177677E+00
      1839  1.2092496E+00  4.7606885E+00
      1840  1.2153110E+00  4.8033558E+00
      1841  1.2214028E+00  4.8457463E+00
      1842  1.2275251E+00  4.8878364E+00
      1843  1.2336781E+00  4.9296016E+00
      1844  1.2398619E+00  4.9710172E+00
      1845  1.2460767E+00  5.0120576E+00
      1846  1.2523227E+00  5.0526971E+00
      1847  1.2586000E+00  5.0929092E+00
      1848  1.2649088E+00  5.1326669E+00
      1849  1.2712492E+00  5.1719429E+00
      1850  1.2776213E+00  5.2107092E+00
      1851  1.2840254E+00  5.2489374E+00
      1852  1.2904616E+00  5.2865985E+00
      1853  1.2969301E+00  5.3236631E+00
      1854  1.3034310E+00  5.3601014E+00
      1855  1.3099645E+00  5.3958830E+00
      1856  1.3165307E+00  5.4309771E+00
      1857  1.3231298E+00  5.4653525E+00
      1858  1.3297620E+00  5.4989775E+00
      1859  1.3364275E+00  5.5318201E+00
      1860  1.3431264E+00  5.5638479E+00
      1861  1.3498588E+00  5.5950279E+00
      1862  1.3566250E+00  5.6253271E+00
      1863  1.3634251E+00  5.6547118E+00
      1864  1.3702593E+00  5.6831483E+00
      1865  1.3771278E+00  5.7106023E+00
      1866  1.3840306E+00  5.7370394E+00
      1867  1.3909681E+00  5.7624250E+00
      1868  1.3979404E+00  5.7867242E+00
      1869  1.4049476E+00  5.8099018E+00
      1870  1.4119899E+00  5.8319226E+00
      1871  1.4190675E+00  5.8527512E+00
      1872  1.4261807E+00  5.8723521E+00
      1873  1.4333294E+00  5.8906896E+00
      1874  1.4405140E+00  5.9077283E+00
      1875  1.4477346E+00  5.9234323E+00
      1876  1.4549914E+00  5.9377662E+00
      1877  1.4622846E+00  5.9506944E+00
      1878  1.4696143E+00  5.9621816E+00
      1879  1.4769808E+00  5.9721925E+00
      1880  1.4843842E+00  5.9806921E+00
      1881  1.4918247E+00  5.9876456E+00
      1882  1.4993025E+00  5.9930186E+00
      1883  1.5068178E+00  5.9967771E+00
      1884  1.5143707E+00  5.9988871E+00
      1885  1.5219616E+00  5.9993156E+00
      1886  1.5295904E+00  5.9980299E+00
      1887  1.5372575E+00  5.9949977E+00
      1888  1.5449631E+00  5.9901876E+00
      1889  1.5527072E+00  5.9835688E+00
      1890  1.5604902E+00  5.9751113E+00
      1891  1.5683122E+00  5.9647857E+00
      1892  1.5761734E+00  5.9525639E+00
      1893  1.5840740E+00  5.9384184E+00
      1894  1.5920142E+00  5.9223229E+00
      1895  1.5999942E+00  5.9042521E+00
      1896  1.6080142E+00  5.8841821E+00
      1897  1.6160744E+00  5.8620900E+00
      1898  1.6241750E+00  5.8379544E+00
      1899  1.6323162E+00  5.8117552E+00
      1900  1.6404982E+00  5.7834738E+00
      1901  1.6487213E+00  5.7530933E+00
      1902  1.6569855E+00  5.7205983E+00
      1903  1.6652912E+00  5.6859752E+00
      1904  1.6736385E+00  5.6492122E+00
      1905  1.6820276E+00  5.6102994E+00
      1906  1.6904588E+00  5.5692289E+00
      1907  1.6989323E+00  5.5259949E+00
      1908  1.7074482E+00  5.4805939E+00
      1909  1.7160069E+00  5.4330242E+00
      1910  1.7246084E+00  5.3832870E+00
      1911  1.7332530E+00  5.3313855E+00
      1912  1.7419410E+00  5.2773257E+00
      1913  1.7506725E+00  5.2211161E+00
      1914  1.7594478E+00  5.1627678E+00
      1915  1.7682671E+00  5.1022949E+00
      1916  1.7771305E+00  5.0397141E+00
      1917  1.7860384E+00  4.9750454E+00
      1918  1.7949910E+00  4.9083113E+00
      1919  1.8039884E+00  4.8395381E+00
      1920  1.8130309E+00  4.7687547E+00
      1921  1.8221188E+00  4.6959935E+00
      1922  1.8312522E+00  4.6212905E+00
      1923  1.8404314E+00  4.5446846E+00
      1924  1.8496566E+00  4.4662187E+00
      1925  1.8589280E+00  4.3859389E+00
      1926  1.8682460E+00  4.3038951E+00
      1927  1.8776106E+00  4.2201408E+00
      1928  1.8870221E+00  4.1347333E+00
      1929  1.8964809E+00  4.0477338E+00
      1930  1.9059870E+00  3.9592069E+00
      1931  1.9155408E+00  3.8692215E+00
      1932  1.9251425E+00  3.7778502E+00
      1933  1.9347923E+00  3.6851696E+00
      1934  1.9444905E+00  3.5912601E+00
      1935  1.9542373E+00  3.4962063E+00
      1936  1.9640330E+00  3.4000965E+00
      1937  1.9738777E+00  3.3030231E+00
      1938  1.9837718E+00  3.2050825E+00
      1939  1.9937155E+00  3.1063747E+00
      1940  2.0037091E+00  3.0070041E+00
      1941  2.0137527E+00  2.9070783E+00
      1942  2.0238467E+00  2.8067094E+00
      1943  2.0339913E+00  2.7060126E+00
      1944  2.0441867E+00  2.6051071E+00
      1945  2.0544332E+00  2.5041156E+00
      1946  2.0647311E+00  2.4031643E+00
      1947  2.0750806E+00  2.3023827E+00
      1948  2.0854820E+00  2.2019035E+00
      1949  2.0959355E+00  2.1018625E+00
      1950  2.1064414E+00  2.0023986E+00
      1951  2.1170000E+00  1.9036532E+00
      1952  2.1276115E+00  1.8057704E+00
      1953  2.1382762E+00  1.7088967E+00
      1954  2.1489944E+00  1.6131808E+00
      1955  2.1597663E+00  1.5187735E+00
      1956  2.1705921E+00  1.4258267E+00
      1957  2.1814723E+00  1.3344944E+00
      1958  2.1924069E+00  1.2449313E+00
      1959  2.2033964E+00  1.1572932E+00
      1960  2.2144410E+00  1.0717364E+00
      1961  2.2255409E+00  9.8841716E-01
      1962  2.2366965E+00  9.0749160E-01
      1963  2.2479080E+00  8.2911601E-01
      1964  2.2591757E+00  7.5344621E-01
      1965  2.2704998E+00  6.8063094E-01
      1966  2.2818808E+00  6.1082365E-01
      1967  2.2933187E+00  5.4419157E-01
      1968  2.3048140E+00  4.8086185E-01
      1969  2.3163670E+00  4.2090061E-01
      1970  2.3279778E+00  3.6437175E-01
      1971  2.3396469E+00  3.1134956E-01
      1972  2.3513744E+00  2.6196860E-01
      1973  2.3631607E+00  2.1638342E-01
      1974  2.3750061E+00  1.7472031E-01
      1975  2.3869109E+00  1.3710167E-01
      1976  2.3988753E+00  1.0365270E-01
      1977  2.4108997E+00  7.4472464E-02
      1978  2.4229844E+00  4.9637996E-02
      1979  2.4351297E+00  2.9309499E-02
      1980  2.4473358E+00  1.3624279E-02
      1981  2.4596031E+00  2.3073953E-03
      1982  2.4719319E+00 -4.5260326E-03
      1983  2.4843225E+00 -5.3174789E-03
      1984  2.4967753E+00 -1.4976035E-03
      1985  2.5092904E+00  7.6083036E-04
      1986  2.5218683E+00  1.7875632E-04
      1987  2.5345092E+00  0.0000000E+00
      1988  2.5472135E+00  0.0000000E+00
      1989  2.5599814E+00  0.0000000E+00
      1990  2.5728134E+00  0.0000000E+00
      1991  2.5857097E+00  0.0000000E+00
      1992  2.5986706E+00  0.0000000E+00
      1993  2.6116965E+00  0.0000000E+00
      1994  2.6247877E+00  0.0000000E+00
      1995  2.6379445E+00  0.0000000E+00
      1996  2.6511672E+00  0.0000000E+00
      1997  2.6644562E+00  0.0000000E+00
      1998  2.6778119E+00  0.0000000E+00
      1999  2.6912345E+00  0.0000000E+00
      2000  2.7047243E+00  0.0000000E+00
      2001  2.7182818E+00  0.0000000E+00
      2002  2.7319073E+00  0.0000000E+00
      2003  2.7456010E+00  0.0000000E+00
      2004  2.7593634E+00  0.0000000E+00
      2005  2.7731948E+00  0.0000000E+00
      2006  2.7870955E+00  0.0000000E+00
      2007  2.8010658E+00  0.0000000E+00
      2008  2.8151062E+00  0.0000000E+00
      2009  2.8292170E+00  0.0000000E+00
      2010  2.8433985E+00  0.0000000E+00
      2011  2.8576511E+00  0.0000000E+00
      2012  2.8719752E+00  0.0000000E+00
      2013  2.8863710E+00  0.0000000E+00
      2014  2.9008390E+00  0.0000000E+00
      2015  2.9153795E+00  0.0000000E+00
      2016  2.9299929E+00  0.0000000E+00
      2017  2.9446796E+00  0.0000000E+00
      2018  2.9594398E+00  0.0000000E+00
      2019  2.9742741E+00  0.0000000E+00
      2020  2.9891827E+00  0.0000000E+00
      2021  3.0041660E+00  0.0000000E+00
      2022  3.0192245E+00  0.0000000E+00
      2023  3.0343584E+00  0.0000000E+00
      2024  3.0495682E+00  0.0000000E+00
      2025  3.0648542E+00  0.0000000E+00
      2026  3.0802168E+00  0.0000000E+00
      2027  3.0956565E+00  0.0000000E+00
      2028  3.1111735E+00  0.0000000E+00
      2029  3.1267684E+00  0.0000000E+00
      2030  3.1424414E+00  0.0000000E+00
      2031  3.1581929E+00  0.0000000E+00
      2032  3.1740234E+00  0.0000000E+00
      2033  3.1899333E+00  0.0000000E+00
      2034  3.2059229E+00  0.0000000E+00
      2035  3.2219926E+00  0.0000000E+00
      2036  3.2381429E+00  0.0000000E+00
      2037  3.2543742E+00  0.0000000E+00
      2038  3.2706868E+00  0.0000000E+00
      2039  3.2870812E+00  0.0000000E+00
      2040  3.3035578E+00  0.0000000E+00
      2041  3.3201169E+00  0.0000000E+00
      2042  3.3367591E+00  0.0000000E+00
      2043  3.3534847E+00  0.0000000E+00
      2044  3.3702941E+00  0.0000000E+00
      2045  3.3871877E+00  0.0000000E+00
      2046  3.4041661E+00  0.0000000E+00
      2047  3.4212295E+00  0.0000000E+00
      2048  3.4383785E+00  0.0000000E+00
      2049  3.4556135E+00  0.0000000E+00
      2050  3.4729348E+00  0.0000000E+00
      2051  3.4903430E+00  0.0000000E+00
      2052  3.5078384E+00  0.0000000E+00
      2053  3.5254215E+00  0.0000000E+00
      2054  3.5430927E+00  0.0000000E+00
      2055  3.5608526E+00  0.0000000E+00
      2056  3.5787014E+00  0.0000000E+00
      2057  3.5966397E+00  0.0000000E+00
      2058  3.6146680E+00  0.0000000E+00
      2059  3.6327866E+00  0.0000000E+00
      2060  3.6509960E+00  0.0000000E+00
      2061  3.6692967E+00  0.0000000E+00
      2062  3.6876891E+00  0.0000000E+00
      2063  3.7061737E+00  0.0000000E+00
      2064  3.7247510E+00  0.0000000E+00
      2065  3.7434214E+00  0.0000000E+00
      2066  3.7621854E+00  0.0000000E+00
      2067  3.7810434E+00  0.0000000E+00
      2068  3.7999959E+00  0.0000000E+00
      2069  3.8190435E+00  0.0000000E+00
      2070  3.8381865E+00  0.0000000E+00
      2071  3.8574255E+00  0.0000000E+00
      2072  3.8767610E+00  0.0000000E+00
      2073  3.8961933E+00  0.0000000E+00
      2074  3.9157231E+00  0.0000000E+00
      2075  3.9353507E+00  0.0000000E+00
      2076  3.9550767E+00  0.0000000E+00
      2077  3.9749016E+00  0.0000000E+00
      2078  3.9948259E+00  0.0000000E+00
      2079  4.0148501E+00  0.0000000E+00
      2080  4.0349746E+00  0.0000000E+00
      2081  4.0552000E+00  0.0000000E+00
      2082  4.0755267E+00  0.0000000E+00
      2083  4.0959554E+00  0.0000000E+00
      2084  4.1164865E+00  0.0000000E+00
      2085  4.1371204E+00  0.0000000E+00
      2086  4.1578578E+00  0.0000000E+00
      2087  4.1786992E+00  0.0000000E+00
      2088  4.1996450E+00  0.0000000E+00
      2089  4.2206958E+00  0.0000000E+00
      2090  4.2418521E+00  0.0000000E+00
      2091  4.2631145E+00  0.0000000E+00
      2092  4.2844835E+00  0.0000000E+00
      2093  4.3059595E+00  0.0000000E+00
      2094  4.3275432E+00  0.0000000E+00
      2095  4.3492351E+00  0.0000000E+00
      2096  4.3710358E+00  0.0000000E+00
      2097  4.3929457E+00  0.0000000E+00
      2098  4.4149654E+00  0.0000000E+00
      2099  4.4370955E+00  0.0000000E+00
      2100  4.4593366E+00  0.0000000E+00
      2101  4.4816891E+00  0.0000000E+00
      2102  4.5041536E+00  0.0000000E+00
      2103  4.5267308E+00  0.0000000E+00
      2104  4.5494211E+00  0.0000000E+00
      2105  4.5722252E+00  0.0000000E+00
      2106  4.5951436E+00  0.0000000E+00
      2107  4.6181768E+00  0.0000000E+00
      2108  4.6413255E+00  0.0000000E+00
      2109  4.6645903E+00  0.0000000E+00
      2110  4.6879716E+00  0.0000000E+00
      2111  4.7114702E+00  0.0000000E+00
      2112  4.7350865E+00  0.0000000E+00
      2113  4.7588212E+00  0.0000000E+00
      2114  4.7826749E+00  0.0000000E+00
      2115  4.8066482E+00  0.0000000E+00
      2116  4.8307416E+00  0.0000000E+00
      2117  4.8549558E+00  0.0000000E+00
      2118  4.8792914E+00  0.0000000E+00
      2119  4.9037489E+00  0.0000000E+00
      2120  4.9283291E+00  0.0000000E+00
      2121  4.9530324E+00  0.0000000E+00
      2122  4.9778596E+00  0.0000000E+00
      2123  5.0028112E+00  0.0000000E+00
      2124  5.0278879E+00  0.0000000E+00
      2125  5.0530903E+00  0.0000000E+00
      2126  5.0784190E+00  0.0000000E+00
      2127  5.1038747E+00  0.0000000E+00
      2128  5.1294580E+00  0.0000000E+00
      2129  5.1551695E+00  0.0000000E+00
      2130  5.1810099E+00  0.0000000E+00
      2131  5.2069798E+00  0.0000000E+00
      2132  5.2330799E+00  0.0000000E+00
      2133  5.2593108E+00  0.0000000E+00
      2134  5.2856732E+00  0.0000000E+00
      2135  5.3121678E+00  0.0000000E+00
      2136  5.3387951E+00  0.0000000E+00
      2137  5.3655560E+00  0.0000000E+00
      2138  5.3924509E+00  0.0000000E+00
      2139  5.4194807E+00  0.0000000E+00
      2140  5.4466460E+00  0.0000000E+00
      2141  5.4739474E+00  0.0000000E+00
      2142  5.5013857E+00  0.0000000E+00
      2143  5.5289615E+00  0.0000000E+00
      2144  5.5566755E+00  0.0000000E+00
      2145  5.5845285E+00  0.0000000E+00
      2146  5.6125210E+00  0.0000000E+00
      2147  5.6406539E+00  0.0000000E+00
      2148  5.6689278E+00  0.0000000E+00
      2149  5.6973434E+00  0.0000000E+00
      2150  5.7259015E+00  0.0000000E+00
      2151  5.7546027E+00  0.0000000E+00
      2152  5.7834477E+00  0.0000000E+00
      2153  5.8124374E+00  0.0000000E+00
      2154  5.8415724E+00  0.0000000E+00
      2155  5.8708534E+00  0.0000000E+00
      2156  5.9002811E+00  0.0000000E+00
      2157  5.9298564E+00  0.0000000E+00
      2158  5.9595799E+00  0.0000000E+00
      2159  5.9894525E+00  0.0000000E+00
      2160  6.0194747E+00  0.0000000E+00
      2161  6.0496475E+00  0.0000000E+00
      2162  6.0799714E+00  0.0000000E+00
      2163  6.1104474E+00  0.0000000E+00
      2164  6.1410762E+00  0.0000000E+00
      2165  6.1718584E+00  0.0000000E+00
      2166  6.2027950E+00  0.0000000E+00
      2167  6.2338867E+00  0.0000000E+00
      2168  6.2651341E+00  0.0000000E+00
      2169  6.2965383E+00  0.0000000E+00
      2170  6.3280998E+00  0.0000000E+00
      2171  6.3598195E+00  0.0000000E+00
      2172  6.3916983E+00  0.0000000E+00
      2173  6.4237368E+00  0.0000000E+00
      2174  6.4559359E+00  0.0000000E+00
      2175  6.4882964E+00  0.0000000E+00
      2176  6.5208191E+00  0.0000000E+00
      2177  6.5535049E+00  0.0000000E+00
      2178  6.5863544E+00  0.0000000E+00
      2179  6.6193687E+00  0.0000000E+00
      2180  6.6525484E+00  0.0000000E+00
      2181  6.6858944E+00  0.0000000E+00
      2182  6.7194076E+00  0.0000000E+00
      2183  6.7530888E+00  0.0000000E+00
      2184  6.7869388E+00  0.0000000E+00
      2185  6.8209585E+00  0.0000000E+00
      2186  6.8551487E+00  0.0000000E+00
      2187  6.8895102E+00  0.0000000E+00
      2188  6.9240441E+00  0.0000000E+00
      2189  6.9587510E+00  0.0000000E+00
      2190  6.9936319E+00  0.0000000E+00
      2191  7.0286876E+00  0.0000000E+00
      2192  7.0639190E+00  0.0000000E+00
      2193  7.0993271E+00  0.0000000E+00
      2194  7.1349126E+00  0.0000000E+00
      2195  7.1706765E+00  0.0000000E+00
      2196  7.2066197E+00  0.0000000E+00
      2197  7.2427430E+00  0.0000000E+00
      2198  7.2790474E+00  0.0000000E+00
      2199  7.3155338E+00  0.0000000E+00
      2200  7.3522030E+00  0.0000000E+00
      2201  7.3890561E+00  0.0000000E+00
      2202  7.4260939E+00  0.0000000E+00
      2203  7.4633173E+00  0.0000000E+00
      2204  7.5007274E+00  0.0000000E+00
      2205  7.5383249E+00  0.0000000E+00
      2206  7.5761109E+00  0.0000000E+00
      2207  7.6140864E+00  0.0000000E+00
      2208  7.6522521E+00  0.0000000E+00
      2209  7.6906092E+00  0.0000000E+00
      2210  7.7291585E+00  0.0000000E+00
      2211  7.7679011E+00  0.0000000E+00
      2212  7.8068379E+00  0.0000000E+00
      2213  7.8459698E+00  0.0000000E+00
      2214  7.8852979E+00  0.0000000E+00
      2215  7.9248231E+00  0.0000000E+00
      2216  7.9645465E+00  0.0000000E+00
      2217  8.0044689E+00  0.0000000E+00
      2218  8.0445915E+00  0.0000000E+00
      2219  8.0849152E+00  0.0000000E+00
      2220  8.1254410E+00  0.0000000E+00
      2221  8.1661699E+00  0.0000000E+00
      2222  8.2071030E+00  0.0000000E+00
      2223  8.2482413E+00  0.0000000E+00
      2224  8.2895858E+00  0.0000000E+00
      2225  8.3311375E+00  0.0000000E+00
      2226  8.3728975E+00  0.0000000E+00
      2227  8.4148668E+00  0.0000000E+00
      2228  8.4570465E+00  0.0000000E+00
      2229  8.4994376E+00  0.0000000E+00
      2230  8.5420412E+00  0.0000000E+00
      2231  8.5848584E+00  0.0000000E+00
      2232  8.6278902E+00  0.0000000E+00
      2233  8.6711377E+00  0.0000000E+00
      2234  8.7146019E+00  0.0000000E+00
      2235  8.7582840E+00  0.0000000E+00
      2236  8.8021851E+00  0.0000000E+00
      2237  8.8463063E+00  0.0000000E+00
      2238  8.8906486E+00  0.0000000E+00
      2239  8.9352131E+00  0.0000000E+00
      2240  8.9800011E+00  0.0000000E+00
      2241  9.0250135E+00  0.0000000E+00
      2242  9.0702516E+00  0.0000000E+00
      2243  9.1157164E+00  0.0000000E+00
      2244  9.1614091E+00  0.0000000E+00
      2245  9.2073309E+00  0.0000000E+00
      2246  9.2534828E+00  0.0000000E+00
      2247  9.2998661E+00  0.0000000E+00
      2248  9.3464819E+00  0.0000000E+00
      2249  9.3933313E+00  0.0000000E+00
      2250  9.4404156E+00  0.0000000E+00
      2251  9.4877358E+00  0.0000000E+00
      2252  9.5352933E+00  0.0000000E+00
      2253  9.5830892E+00  0.0000000E+00
      2254  9.6311246E+00  0.0000000E+00
      2255  9.6794008E+00  0.0000000E+00
      2256  9.7279190E+00  0.0000000E+00
      2257  9.7766804E+00  0.0000000E+00
      2258  9.8256862E+00  0.0000000E+00
      2259  9.8749377E+00  0.0000000E+00
      2260  9.9244360E+00  0.0000000E+00
      2261  9.9741825E+00  0.0000000E+00
      2262  1.0024178E+01  0.0000000E+00
      2263  1.0074425E+01  0.0000000E+00
      2264  1.0124923E+01  0.0000000E+00
      2265  1.0175674E+01  0.0000000E+00
      2266  1.0226680E+01  0.0000000E+00
      2267  1.0277942E+01  0.0000000E+00
      2268  1.0329460E+01  0.0000000E+00
      2269  1.0381237E+01  0.0000000E+00
      2270  1.0433273E+01  0.0000000E+00
      2271  1.0485570E+01  0.0000000E+00
      2272  1.0538129E+01  0.0000000E+00
      2273  1.0590951E+01  0.0000000E+00
      2274  1.0644039E+01  0.0000000E+00
      2275  1.0697392E+01  0.0000000E+00
      2276  1.0751013E+01  0.0000000E+00
      2277  1.0804903E+01  0.0000000E+00
      2278  1.0859063E+01  0.0000000E+00
      2279  1.0913494E+01  0.0000000E+00
      2280  1.0968198E+01  0.0000000E+00
      2281  1.1023176E+01  0.0000000E+00
      2282  1.1078430E+01  0.0000000E+00
      2283  1.1133961E+01  0.0000000E+00
      2284  1.1189770E+01  0.0000000E+00
      2285  1.1245859E+01  0.0000000E+00
      2286  1.1302229E+01  0.0000000E+00
      2287  1.1358882E+01  0.0000000E+00
      2288  1.1415819E+01  0.0000000E+00
      2289  1.1473041E+01  0.0000000E+00
      2290  1.1530550E+01  0.0000000E+00
      2291  1.1588347E+01  0.0000000E+00
      2292  1.1646434E+01  0.0000000E+00
      2293  1.1704812E+01  0.0000000E+00
      2294  1.1763482E+01  0.0000000E+00
      2295  1.1822447E+01  0.0000000E+00
      2296  1.1881707E+01  0.0000000E+00
      2297  1.1941264E+01  0.0000000E+00
      2298  1.2001120E+01  0.0000000E+00
      2299  1.2061276E+01  0.0000000E+00
      2300  1.2121734E+01  0.0000000E+00
      2301  1.2182494E+01  0.0000000E+00
      2302  1.2243559E+01  0.0000000E+00
      2303  1.2304930E+01  0.0000000E+00
      2304  1.2366609E+01  0.0000000E+00
      2305  1.2428597E+01  0.0000000E+00
      2306  1.2490895E+01  0.0000000E+00
      2307  1.2553506E+01  0.0000000E+00
      2308  1.2616431E+01  0.0000000E+00
      2309  1.2679671E+01  0.0000000E+00
      2310  1.2743228E+01  0.0000000E+00
      2311  1.2807104E+01  0.0000000E+00
      2312  1.2871300E+01  0.0000000E+00
      2313  1.2935817E+01  0.0000000E+00
      2314  1.3000658E+01  0.0000000E+00
      2315  1.3065824E+01  0.0000000E+00
      2316  1.3131317E+01  0.0000000E+00
      2317  1.3197138E+01  0.0000000E+00
      2318  1.3263289E+01  0.0000000E+00
      2319  1.3329772E+01  0.0000000E+00
      2320  1.3396587E+01  0.0000000E+00
      2321  1.3463738E+01  0.0000000E+00
      2322  1.3531225E+01  0.0000000E+00
      2323  1.3599051E+01  0.0000000E+00
      2324  1.3667216E+01  0.0000000E+00
      2325  1.3735724E+01  0.0000000E+00
      2326  1.3804574E+01  0.0000000E+00
      2327  1.3873770E+01  0.0000000E+00
      2328  1.3943312E+01  0.0000000E+00
      2329  1.4013204E+01  0.0000000E+00
      2330  1.4083445E+01  0.0000000E+00
      2331  1.4154039E+01  0.0000000E+00
      2332  1.4224986E+01  0.0000000E+00
      2333  1.4296289E+01  0.0000000E+00
      2334  1.4367950E+01  0.0000000E+00
      2335  1.4439969E+01  0.0000000E+00
      2336  1.4512350E+01  0.0000000E+00
      2337  1.4585093E+01  0.0000000E+00
      2338  1.4658201E+01  0.0000000E+00
      2339  1.4731676E+01  0.0000000E+00
      2340  1.4805519E+01  0.0000000E+00
      2341  1.4879732E+01  0.0000000E+00
      2342  1.4954317E+01  0.0000000E+00
