         1  1.2340980E-04 -6.2545168E-16
         2  1.2402840E-04 -6.3808661E-16
         3  1.2465009E-04 -6.5097679E-16
         4  1.2527490E-04 -6.6412738E-16
         5  1.2590285E-04 -6.7754365E-16
         6  1.2653394E-04 -6.9123097E-16
         7  1.2716819E-04 -7.0519482E-16
         8  1.2780563E-04 -7.1944077E-16
         9  1.2844625E-04 -7.3397450E-16
        10  1.2909009E-04 -7.4880182E-16
        11  1.2973716E-04 -7.6392863E-16
        12  1.3038747E-04 -7.7936097E-16
        13  1.3104104E-04 -7.9510503E-16
        14  1.3169789E-04 -8.1116717E-16
        15  1.3235802E-04 -8.2755384E-16
        16  1.3302147E-04 -8.4427163E-16
        17  1.3368824E-04 -8.6132717E-16
        18  1.3435836E-04 -8.7872721E-16
        19  1.3503183E-04 -8.9647866E-16
        20  1.3570868E-04 -9.1458862E-16
        21  1.3638893E-04 -9.3306443E-16
        22  1.3707258E-04 -9.5191352E-16
        23  1.3775966E-04 -9.7114348E-16
        24  1.3845018E-04 -9.9076196E-16
        25  1.3914417E-04 -1.0107768E-15
        26  1.3984163E-04 -1.0311958E-15
        27  1.4054259E-04 -1.0520273E-15
        28  1.4124706E-04 -1.0732797E-15
        29  1.4195506E-04 -1.0949613E-15
        30  1.4266662E-04 -1.1170809E-15
        31  1.4338174E-04 -1.1396474E-15
        32  1.4410044E-04 -1.1626699E-15
        33  1.4482275E-04 -1.1861574E-15
        34  1.4554867E-04 -1.2101194E-15
        35  1.4627824E-04 -1.2345655E-15
        36  1.4701146E-04 -1.2595053E-15
        37  1.4774836E-04 -1.2849490E-15
        38  1.4848895E-04 -1.3109066E-15
        39  1.4923326E-04 -1.3373887E-15
        40  1.4998129E-04 -1.3644056E-15
        41  1.5073308E-04 -1.3919685E-15
        42  1.5148863E-04 -1.4200881E-15
        43  1.5224797E-04 -1.4487758E-15
        44  1.5301111E-04 -1.4780431E-15
        45  1.5377809E-04 -1.5079016E-15
        46  1.5454890E-04 -1.5383632E-15
        47  1.5532358E-04 -1.5694401E-15
        48  1.5610214E-04 -1.6011448E-15
        49  1.5688461E-04 -1.6334900E-15
        50  1.5767100E-04 -1.6664887E-15
        51  1.5846133E-04 -1.7001540E-15
        52  1.5925562E-04 -1.7344994E-15
        53  1.6005389E-04 -1.7695386E-15
        54  1.6085616E-04 -1.8052857E-15
        55  1.6166246E-04 -1.8417550E-15
        56  1.6247279E-04 -1.8789611E-15
        57  1.6328719E-04 -1.9169187E-15
        58  1.6410567E-04 -1.9556430E-15
        59  1.6492825E-04 -1.9951494E-15
        60  1.6575496E-04 -2.0354539E-15
        61  1.6658581E-04 -2.0765727E-15
        62  1.6742083E-04 -2.1185222E-15
        63  1.6826003E-04 -2.1613193E-15
        64  1.6910343E-04 -2.2049810E-15
        65  1.6995107E-04 -2.2495246E-15
        66  1.7080295E-04 -2.2949680E-15
        67  1.7165910E-04 -2.3413294E-15
        68  1.7251955E-04 -2.3886273E-15
        69  1.7338431E-04 -2.4368807E-15
        70  1.7425340E-04 -2.4861090E-15
        71  1.7512685E-04 -2.5363319E-15
        72  1.7600468E-04 -2.5875694E-15
        73  1.7688690E-04 -2.6398419E-15
        74  1.7777355E-04 -2.6931702E-15
        75  1.7866465E-04 -2.7475757E-15
        76  1.7956021E-04 -2.8030801E-15
        77  1.8046025E-04 -2.8597060E-15
        78  1.8136482E-04 -2.9174759E-15
        79  1.8227391E-04 -2.9764129E-15
        80  1.8318756E-04 -3.0365405E-15
        81  1.8410579E-04 -3.0978825E-15
        82  1.8502863E-04 -3.1604638E-15
        83  1.8595609E-04 -3.2243095E-15
        84  1.8688820E-04 -3.2894451E-15
        85  1.8782498E-04 -3.3558966E-15
        86  1.8876645E-04 -3.4236903E-15
        87  1.8971265E-04 -3.4928534E-15
        88  1.9066359E-04 -3.5634136E-15
        89  1.9161929E-04 -3.6353992E-15
        90  1.9257979E-04 -3.7088392E-15
        91  1.9354510E-04 -3.7837627E-15
        92  1.9451525E-04 -3.8601997E-15
        93  1.9549026E-04 -3.9381807E-15
        94  1.9647016E-04 -4.0177371E-15
        95  1.9745497E-04 -4.0989010E-15
        96  1.9844472E-04 -4.1817047E-15
        97  1.9943943E-04 -4.2661811E-15
        98  2.0043912E-04 -4.3523636E-15
        99  2.0144382E-04 -4.4402867E-15
       100  2.0245357E-04 -4.5299859E-15
       101  2.0346837E-04 -4.6214975E-15
       102  2.0448826E-04 -4.7148579E-15
       103  2.0551326E-04 -4.8101047E-15
       104  2.0654340E-04 -4.9072756E-15
       105  2.0757870E-04 -5.0064095E-15
       106  2.0861920E-04 -5.1075459E-15
       107  2.0966490E-04 -5.2107250E-15
       108  2.1071585E-04 -5.3159884E-15
       109  2.1177207E-04 -5.4233783E-15
       110  2.1283358E-04 -5.5329379E-15
       111  2.1390042E-04 -5.6447109E-15
       112  2.1497260E-04 -5.7587417E-15
       113  2.1605015E-04 -5.8750758E-15
       114  2.1713311E-04 -5.9937599E-15
       115  2.1822149E-04 -6.1148416E-15
       116  2.1931533E-04 -6.2383694E-15
       117  2.2041465E-04 -6.3643929E-15
       118  2.2151949E-04 -6.4929625E-15
       119  2.2262986E-04 -6.6241296E-15
       120  2.2374579E-04 -6.7579462E-15
       121  2.2486732E-04 -6.8944655E-15
       122  2.2599448E-04 -7.0337424E-15
       123  2.2712728E-04 -7.1758331E-15
       124  2.2826576E-04 -7.3207946E-15
       125  2.2940995E-04 -7.4686849E-15
       126  2.3055987E-04 -7.6195624E-15
       127  2.3171555E-04 -7.7734874E-15
       128  2.3287703E-04 -7.9305218E-15
       129  2.3404433E-04 -8.0907289E-15
       130  2.3521749E-04 -8.2541729E-15
       131  2.3639652E-04 -8.4209187E-15
       132  2.3758146E-04 -8.5910326E-15
       133  2.3877234E-04 -8.7645825E-15
       134  2.3996919E-04 -8.9416385E-15
       135  2.4117204E-04 -9.1222716E-15
       136  2.4238092E-04 -9.3065540E-15
       137  2.4359586E-04 -9.4945592E-15
       138  2.4481689E-04 -9.6863622E-15
       139  2.4604404E-04 -9.8820399E-15
       140  2.4727734E-04 -1.0081670E-14
       141  2.4851683E-04 -1.0285334E-14
       142  2.4976252E-04 -1.0493111E-14
       143  2.5101446E-04 -1.0705086E-14
       144  2.5227268E-04 -1.0921343E-14
       145  2.5353720E-04 -1.1141969E-14
       146  2.5480806E-04 -1.1367051E-14
       147  2.5608529E-04 -1.1596681E-14
       148  2.5736892E-04 -1.1830949E-14
       149  2.5865899E-04 -1.2069950E-14
       150  2.5995552E-04 -1.2313779E-14
       151  2.6125856E-04 -1.2562534E-14
       152  2.6256812E-04 -1.2816314E-14
       153  2.6388425E-04 -1.3075221E-14
       154  2.6520697E-04 -1.3339358E-14
       155  2.6653633E-04 -1.3608831E-14
       156  2.6787235E-04 -1.3883748E-14
       157  2.6921506E-04 -1.4164218E-14
       158  2.7056451E-04 -1.4450354E-14
       159  2.7192072E-04 -1.4742270E-14
       160  2.7328373E-04 -1.5040084E-14
       161  2.7465357E-04 -1.5343914E-14
       162  2.7603028E-04 -1.5653881E-14
       163  2.7741388E-04 -1.5970111E-14
       164  2.7880443E-04 -1.6292728E-14
       165  2.8020194E-04 -1.6621863E-14
       166  2.8160646E-04 -1.6957647E-14
       167  2.8301802E-04 -1.7300214E-14
       168  2.8443665E-04 -1.7649701E-14
       169  2.8586239E-04 -1.8006249E-14
       170  2.8729529E-04 -1.8370000E-14
       171  2.8873536E-04 -1.8741099E-14
       172  2.9018265E-04 -1.9119695E-14
       173  2.9163720E-04 -1.9505938E-14
       174  2.9309904E-04 -1.9899984E-14
       175  2.9456820E-04 -2.0301989E-14
       176  2.9604473E-04 -2.0712116E-14
       177  2.9752866E-04 -2.1130528E-14
       178  2.9902003E-04 -2.1557394E-14
       179  3.0051887E-04 -2.1992882E-14
       180  3.0202523E-04 -2.2437167E-14
       181  3.0353914E-04 -2.2890428E-14
       182  3.0506063E-04 -2.3352846E-14
       183  3.0658976E-04 -2.3824605E-14
       184  3.0812654E-04 -2.4305895E-14
       185  3.0967104E-04 -2.4796906E-14
       186  3.1122327E-04 -2.5297837E-14
       187  3.1278328E-04 -2.5808887E-14
       188  3.1435111E-04 -2.6330261E-14
       189  3.1592681E-04 -2.6862167E-14
       190  3.1751040E-04 -2.7404819E-14
       191  3.1910192E-04 -2.7958433E-14
       192  3.2070143E-04 -2.8523231E-14
       193  3.2230895E-04 -2.9099439E-14
       194  3.2392453E-04 -2.9687287E-14
       195  3.2554821E-04 -3.0287010E-14
       196  3.2718003E-04 -3.0898848E-14
       197  3.2882002E-04 -3.1523046E-14
       198  3.3046824E-04 -3.2159853E-14
       199  3.3212472E-04 -3.2809525E-14
       200  3.3378950E-04 -3.3472322E-14
       201  3.3546263E-04 -3.4148507E-14
       202  3.3714414E-04 -3.4838353E-14
       203  3.3883408E-04 -3.5542135E-14
       204  3.4053250E-04 -3.6260133E-14
       205  3.4223942E-04 -3.6992635E-14
       206  3.4395490E-04 -3.7739935E-14
       207  3.4567899E-04 -3.8502333E-14
       208  3.4741171E-04 -3.9280132E-14
       209  3.4915312E-04 -4.0073644E-14
       210  3.5090325E-04 -4.0883186E-14
       211  3.5266216E-04 -4.1709081E-14
       212  3.5442989E-04 -4.2551660E-14
       213  3.5620648E-04 -4.3411260E-14
       214  3.5799197E-04 -4.4288226E-14
       215  3.5978641E-04 -4.5182907E-14
       216  3.6158985E-04 -4.6095663E-14
       217  3.6340233E-04 -4.7026857E-14
       218  3.6522389E-04 -4.7976863E-14
       219  3.6705458E-04 -4.8946059E-14
       220  3.6889445E-04 -4.9934833E-14
       221  3.7074354E-04 -5.0943583E-14
       222  3.7260190E-04 -5.1972712E-14
       223  3.7446957E-04 -5.3022632E-14
       224  3.7634661E-04 -5.4093761E-14
       225  3.7823306E-04 -5.5186528E-14
       226  3.8012896E-04 -5.6301369E-14
       227  3.8203436E-04 -5.7438732E-14
       228  3.8394932E-04 -5.8599070E-14
       229  3.8587387E-04 -5.9782849E-14
       230  3.8780807E-04 -6.0990542E-14
       231  3.8975197E-04 -6.2222633E-14
       232  3.9170561E-04 -6.3479616E-14
       233  3.9366904E-04 -6.4761990E-14
       234  3.9564231E-04 -6.6070269E-14
       235  3.9762548E-04 -6.7404976E-14
       236  3.9961859E-04 -6.8766645E-14
       237  4.0162168E-04 -7.0155823E-14
       238  4.0363482E-04 -7.1573066E-14
       239  4.0565805E-04 -7.3018939E-14
       240  4.0769142E-04 -7.4494019E-14
       241  4.0973498E-04 -7.5998897E-14
       242  4.1178878E-04 -7.7534176E-14
       243  4.1385288E-04 -7.9100470E-14
       244  4.1592733E-04 -8.0698405E-14
       245  4.1801217E-04 -8.2328621E-14
       246  4.2010747E-04 -8.3991769E-14
       247  4.2221327E-04 -8.5688515E-14
       248  4.2432962E-04 -8.7419538E-14
       249  4.2645658E-04 -8.9185531E-14
       250  4.2859420E-04 -9.0987198E-14
       251  4.3074254E-04 -9.2825261E-14
       252  4.3290165E-04 -9.4700455E-14
       253  4.3507158E-04 -9.6613532E-14
       254  4.3725238E-04 -9.8565255E-14
       255  4.3944412E-04 -1.0055641E-13
       256  4.4164684E-04 -1.0258778E-13
       257  4.4386060E-04 -1.0466019E-13
       258  4.4608546E-04 -1.0677446E-13
       259  4.4832148E-04 -1.0893145E-13
       260  4.5056870E-04 -1.1113202E-13
       261  4.5282718E-04 -1.1337703E-13
       262  4.5509699E-04 -1.1566740E-13
       263  4.5737817E-04 -1.1800403E-13
       264  4.5967079E-04 -1.2038787E-13
       265  4.6197490E-04 -1.2281987E-13
       266  4.6429056E-04 -1.2530099E-13
       267  4.6661782E-04 -1.2783224E-13
       268  4.6895676E-04 -1.3041463E-13
       269  4.7130741E-04 -1.3304918E-13
       270  4.7366985E-04 -1.3573695E-13
       271  4.7604413E-04 -1.3847902E-13
       272  4.7843031E-04 -1.4127648E-13
       273  4.8082845E-04 -1.4413045E-13
       274  4.8323861E-04 -1.4704208E-13
       275  4.8566086E-04 -1.5001252E-13
       276  4.8809524E-04 -1.5304298E-13
       277  4.9054183E-04 -1.5613465E-13
       278  4.9300068E-04 -1.5928878E-13
       279  4.9547186E-04 -1.6250663E-13
       280  4.9795542E-04 -1.6578948E-13
       281  5.0045143E-04 -1.6913865E-13
       282  5.0295996E-04 -1.7255547E-13
       283  5.0548105E-04 -1.7604133E-13
       284  5.0801479E-04 -1.7959760E-13
       285  5.1056122E-04 -1.8322571E-13
       286  5.1312042E-04 -1.8692711E-13
       287  5.1569245E-04 -1.9070329E-13
       288  5.1827737E-04 -1.9455575E-13
       289  5.2087524E-04 -1.9848604E-13
       290  5.2348614E-04 -2.0249573E-13
       291  5.2611013E-04 -2.0658641E-13
       292  5.2874727E-04 -2.1075973E-13
       293  5.3139762E-04 -2.1501736E-13
       294  5.3406126E-04 -2.1936100E-13
       295  5.3673826E-04 -2.2379238E-13
       296  5.3942867E-04 -2.2831329E-13
       297  5.4213257E-04 -2.3292552E-13
       298  5.4485002E-04 -2.3763093E-13
       299  5.4758109E-04 -2.4243140E-13
       300  5.5032585E-04 -2.4732883E-13
       301  5.5308437E-04 -2.5232520E-13
       302  5.5585672E-04 -2.5742251E-13
       303  5.5864296E-04 -2.6262279E-13
       304  5.6144317E-04 -2.6792812E-13
       305  5.6425742E-04 -2.7334063E-13
       306  5.6708577E-04 -2.7886248E-13
       307  5.6992830E-04 -2.8449587E-13
       308  5.7278507E-04 -2.9024307E-13
       309  5.7565617E-04 -2.9610637E-13
       310  5.7854166E-04 -3.0208811E-13
       311  5.8144161E-04 -3.0819070E-13
       312  5.8435610E-04 -3.1441656E-13
       313  5.8728520E-04 -3.2076819E-13
       314  5.9022898E-04 -3.2724814E-13
       315  5.9318751E-04 -3.3385898E-13
       316  5.9616088E-04 -3.4060338E-13
       317  5.9914915E-04 -3.4748403E-13
       318  6.0215239E-04 -3.5450367E-13
       319  6.0517069E-04 -3.6166512E-13
       320  6.0820413E-04 -3.6897124E-13
       321  6.1125276E-04 -3.7642495E-13
       322  6.1431668E-04 -3.8402924E-13
       323  6.1739595E-04 -3.9178715E-13
       324  6.2049066E-04 -3.9970177E-13
       325  6.2360089E-04 -4.0777628E-13
       326  6.2672670E-04 -4.1601391E-13
       327  6.2986818E-04 -4.2441795E-13
       328  6.3302541E-04 -4.3299176E-13
       329  6.3619846E-04 -4.4173877E-13
       330  6.3938742E-04 -4.5066248E-13
       331  6.4259236E-04 -4.5976647E-13
       332  6.4581337E-04 -4.6905436E-13
       333  6.4905052E-04 -4.7852989E-13
       334  6.5230390E-04 -4.8819683E-13
       335  6.5557359E-04 -4.9805907E-13
       336  6.5885966E-04 -5.0812052E-13
       337  6.6216221E-04 -5.1838524E-13
       338  6.6548131E-04 -5.2885731E-13
       339  6.6881705E-04 -5.3954093E-13
       340  6.7216951E-04 -5.5044038E-13
       341  6.7553878E-04 -5.6156002E-13
       342  6.7892493E-04 -5.7290428E-13
       343  6.8232805E-04 -5.8447771E-13
       344  6.8574824E-04 -5.9628494E-13
       345  6.8918556E-04 -6.0833069E-13
       346  6.9264012E-04 -6.2061979E-13
       347  6.9611199E-04 -6.3315714E-13
       348  6.9960127E-04 -6.4594776E-13
       349  7.0310804E-04 -6.5899677E-13
       350  7.0663238E-04 -6.7230938E-13
       351  7.1017439E-04 -6.8589093E-13
       352  7.1373415E-04 -6.9974685E-13
       353  7.1731176E-04 -7.1388267E-13
       354  7.2090730E-04 -7.2830405E-13
       355  7.2452086E-04 -7.4301677E-13
       356  7.2815254E-04 -7.5802670E-13
       357  7.3180242E-04 -7.7333985E-13
       358  7.3547059E-04 -7.8896235E-13
       359  7.3915716E-04 -8.0490044E-13
       360  7.4286220E-04 -8.2116050E-13
       361  7.4658581E-04 -8.3774904E-13
       362  7.5032809E-04 -8.5467270E-13
       363  7.5408912E-04 -8.7193823E-13
       364  7.5786901E-04 -8.8955254E-13
       365  7.6166784E-04 -9.0752269E-13
       366  7.6548572E-04 -9.2585586E-13
       367  7.6932273E-04 -9.4455939E-13
       368  7.7317898E-04 -9.6364076E-13
       369  7.7705455E-04 -9.8310759E-13
       370  7.8094956E-04 -1.0029677E-12
       371  7.8486408E-04 -1.0232290E-12
       372  7.8879823E-04 -1.0438996E-12
       373  7.9275210E-04 -1.0649877E-12
       374  7.9672578E-04 -1.0865019E-12
       375  8.0071939E-04 -1.1084507E-12
       376  8.0473301E-04 -1.1308429E-12
       377  8.0876675E-04 -1.1536874E-12
       378  8.1282071E-04 -1.1769934E-12
       379  8.1689499E-04 -1.2007703E-12
       380  8.2098970E-04 -1.2250274E-12
       381  8.2510492E-04 -1.2497746E-12
       382  8.2924078E-04 -1.2750217E-12
       383  8.3339737E-04 -1.3007789E-12
       384  8.3757479E-04 -1.3270564E-12
       385  8.4177315E-04 -1.3538647E-12
       386  8.4599255E-04 -1.3812145E-12
       387  8.5023311E-04 -1.4091169E-12
       388  8.5449492E-04 -1.4375830E-12
       389  8.5877809E-04 -1.4666241E-12
       390  8.6308274E-04 -1.4962518E-12
       391  8.6740896E-04 -1.5264781E-12
       392  8.7175686E-04 -1.5573150E-12
       393  8.7612656E-04 -1.5887748E-12
       394  8.8051816E-04 -1.6208702E-12
       395  8.8493178E-04 -1.6536140E-12
       396  8.8936752E-04 -1.6870192E-12
       397  8.9382549E-04 -1.7210992E-12
       398  8.9830581E-04 -1.7558677E-12
       399  9.0280859E-04 -1.7913386E-12
       400  9.0733394E-04 -1.8275260E-12
       401  9.1188197E-04 -1.8644445E-12
       402  9.1645279E-04 -1.9021087E-12
       403  9.2104653E-04 -1.9405339E-12
       404  9.2566330E-04 -1.9797353E-12
       405  9.3030320E-04 -2.0197286E-12
       406  9.3496637E-04 -2.0605298E-12
       407  9.3965291E-04 -2.1021552E-12
       408  9.4436294E-04 -2.1446215E-12
       409  9.4909657E-04 -2.1879458E-12
       410  9.5385394E-04 -2.2321452E-12
       411  9.5863515E-04 -2.2772375E-12
       412  9.6344033E-04 -2.3232407E-12
       413  9.6826960E-04 -2.3701733E-12
       414  9.7312307E-04 -2.4180540E-12
       415  9.7800087E-04 -2.4669019E-12
       416  9.8290312E-04 -2.5167366E-12
       417  9.8782994E-04 -2.5675780E-12
       418  9.9278146E-04 -2.6194465E-12
       419  9.9775780E-04 -2.6723628E-12
       420  1.0027591E-03 -2.7263481E-12
       421  1.0077854E-03 -2.7814240E-12
       422  1.0128370E-03 -2.8376125E-12
       423  1.0179138E-03 -2.8949360E-12
       424  1.0230162E-03 -2.9534176E-12
       425  1.0281440E-03 -3.0130806E-12
       426  1.0332976E-03 -3.0739488E-12
       427  1.0384771E-03 -3.1360467E-12
       428  1.0436825E-03 -3.1993990E-12
       429  1.0489139E-03 -3.2640311E-12
       430  1.0541716E-03 -3.3299689E-12
       431  1.0594557E-03 -3.3972387E-12
       432  1.0647662E-03 -3.4658675E-12
       433  1.0701034E-03 -3.5358826E-12
       434  1.0754673E-03 -3.6073122E-12
       435  1.0808581E-03 -3.6801847E-12
       436  1.0862759E-03 -3.7545293E-12
       437  1.0917209E-03 -3.8303758E-12
       438  1.0971932E-03 -3.9077545E-12
       439  1.1026929E-03 -3.9866963E-12
       440  1.1082202E-03 -4.0672329E-12
       441  1.1137751E-03 -4.1493964E-12
       442  1.1193580E-03 -4.2332198E-12
       443  1.1249688E-03 -4.3187364E-12
       444  1.1306077E-03 -4.4059807E-12
       445  1.1362749E-03 -4.4949874E-12
       446  1.1419705E-03 -4.5857921E-12
       447  1.1476947E-03 -4.6784312E-12
       448  1.1534475E-03 -4.7729417E-12
       449  1.1592292E-03 -4.8693615E-12
       450  1.1650398E-03 -4.9677291E-12
       451  1.1708796E-03 -5.0680838E-12
       452  1.1767487E-03 -5.1704659E-12
       453  1.1826472E-03 -5.2749162E-12
       454  1.1885752E-03 -5.3814765E-12
       455  1.1945330E-03 -5.4901895E-12
       456  1.2005206E-03 -5.6010986E-12
       457  1.2065382E-03 -5.7142483E-12
       458  1.2125860E-03 -5.8296837E-12
       459  1.2186641E-03 -5.9474511E-12
       460  1.2247727E-03 -6.0675975E-12
       461  1.2309119E-03 -6.1901710E-12
       462  1.2370819E-03 -6.3152207E-12
       463  1.2432828E-03 -6.4427966E-12
       464  1.2495148E-03 -6.5729496E-12
       465  1.2557780E-03 -6.7057319E-12
       466  1.2620726E-03 -6.8411966E-12
       467  1.2683988E-03 -6.9793979E-12
       468  1.2747566E-03 -7.1203910E-12
       469  1.2811464E-03 -7.2642324E-12
       470  1.2875681E-03 -7.4109796E-12
       471  1.2940221E-03 -7.5606912E-12
       472  1.3005084E-03 -7.7134272E-12
       473  1.3070272E-03 -7.8692487E-12
       474  1.3135787E-03 -8.0282180E-12
       475  1.3201631E-03 -8.1903986E-12
       476  1.3267804E-03 -8.3558556E-12
       477  1.3334309E-03 -8.5246550E-12
       478  1.3401148E-03 -8.6968643E-12
       479  1.3468321E-03 -8.8725526E-12
       480  1.3535832E-03 -9.0517899E-12
       481  1.3603680E-03 -9.2346481E-12
       482  1.3671869E-03 -9.4212003E-12
       483  1.3740400E-03 -9.6115210E-12
       484  1.3809274E-03 -9.8056865E-12
       485  1.3878493E-03 -1.0003774E-11
       486  1.3948059E-03 -1.0205864E-11
       487  1.4017974E-03 -1.0412036E-11
       488  1.4088240E-03 -1.0622373E-11
       489  1.4158857E-03 -1.0836959E-11
       490  1.4229829E-03 -1.1055880E-11
       491  1.4301156E-03 -1.1279223E-11
       492  1.4372841E-03 -1.1507079E-11
       493  1.4444885E-03 -1.1739537E-11
       494  1.4517290E-03 -1.1976691E-11
       495  1.4590058E-03 -1.2218636E-11
       496  1.4663191E-03 -1.2465469E-11
       497  1.4736691E-03 -1.2717288E-11
       498  1.4810559E-03 -1.2974194E-11
       499  1.4884797E-03 -1.3236290E-11
       500  1.4959408E-03 -1.3503680E-11
       501  1.5034392E-03 -1.3776473E-11
       502  1.5109752E-03 -1.4054776E-11
       503  1.5185490E-03 -1.4338701E-11
       504  1.5261608E-03 -1.4628361E-11
       505  1.5338107E-03 -1.4923874E-11
       506  1.5414989E-03 -1.5225356E-11
       507  1.5492257E-03 -1.5532928E-11
       508  1.5569913E-03 -1.5846714E-11
       509  1.5647957E-03 -1.6166838E-11
       510  1.5726393E-03 -1.6493430E-11
       511  1.5805222E-03 -1.6826619E-11
       512  1.5884446E-03 -1.7166539E-11
       513  1.5964067E-03 -1.7513326E-11
       514  1.6044087E-03 -1.7867118E-11
       515  1.6124508E-03 -1.8228058E-11
       516  1.6205333E-03 -1.8596289E-11
       517  1.6286562E-03 -1.8971958E-11
       518  1.6368199E-03 -1.9355217E-11
       519  1.6450245E-03 -1.9746218E-11
       520  1.6532702E-03 -2.0145118E-11
       521  1.6615573E-03 -2.0552076E-11
       522  1.6698859E-03 -2.0967255E-11
       523  1.6782562E-03 -2.1390821E-11
       524  1.6866685E-03 -2.1822944E-11
       525  1.6951230E-03 -2.2263796E-11
       526  1.7036198E-03 -2.2713554E-11
       527  1.7121592E-03 -2.3172398E-11
       528  1.7207415E-03 -2.3640511E-11
       529  1.7293667E-03 -2.4118081E-11
       530  1.7380352E-03 -2.4605298E-11
       531  1.7467471E-03 -2.5102357E-11
       532  1.7555027E-03 -2.5609458E-11
       533  1.7643022E-03 -2.6126803E-11
       534  1.7731458E-03 -2.6654599E-11
       535  1.7820338E-03 -2.7193057E-11
       536  1.7909663E-03 -2.7742393E-11
       537  1.7999435E-03 -2.8302825E-11
       538  1.8089658E-03 -2.8874580E-11
       539  1.8180332E-03 -2.9457884E-11
       540  1.8271462E-03 -3.0052973E-11
       541  1.8363048E-03 -3.0660082E-11
       542  1.8455093E-03 -3.1279456E-11
       543  1.8547599E-03 -3.1911343E-11
       544  1.8640570E-03 -3.2555994E-11
       545  1.8734006E-03 -3.3213668E-11
       546  1.8827911E-03 -3.3884628E-11
       547  1.8922286E-03 -3.4569142E-11
       548  1.9017134E-03 -3.5267484E-11
       549  1.9112458E-03 -3.5979934E-11
       550  1.9208260E-03 -3.6706776E-11
       551  1.9304541E-03 -3.7448301E-11
       552  1.9401306E-03 -3.8204806E-11
       553  1.9498555E-03 -3.8976593E-11
       554  1.9596292E-03 -3.9763972E-11
       555  1.9694519E-03 -4.0567256E-11
       556  1.9793238E-03 -4.1386768E-11
       557  1.9892452E-03 -4.2222835E-11
       558  1.9992164E-03 -4.3075792E-11
       559  2.0092375E-03 -4.3945980E-11
       560  2.0193088E-03 -4.4833746E-11
       561  2.0294306E-03 -4.5739447E-11
       562  2.0396032E-03 -4.6663444E-11
       563  2.0498268E-03 -4.7606106E-11
       564  2.0601016E-03 -4.8567812E-11
       565  2.0704279E-03 -4.9548946E-11
       566  2.0808059E-03 -5.0549900E-11
       567  2.0912360E-03 -5.1571074E-11
       568  2.1017184E-03 -5.2612877E-11
       569  2.1122533E-03 -5.3675726E-11
       570  2.1228410E-03 -5.4760047E-11
       571  2.1334818E-03 -5.5866271E-11
       572  2.1441759E-03 -5.6994843E-11
       573  2.1549236E-03 -5.8146214E-11
       574  2.1657252E-03 -5.9320843E-11
       575  2.1765810E-03 -6.0519202E-11
       576  2.1874911E-03 -6.1741769E-11
       577  2.1984560E-03 -6.2989034E-11
       578  2.2094758E-03 -6.4261495E-11
       579  2.2205508E-03 -6.5559661E-11
       580  2.2316814E-03 -6.6884052E-11
       581  2.2428677E-03 -6.8235197E-11
       582  2.2541101E-03 -6.9613638E-11
       583  2.2654089E-03 -7.1019924E-11
       584  2.2767643E-03 -7.2454619E-11
       585  2.2881767E-03 -7.3918297E-11
       586  2.2996462E-03 -7.5411544E-11
       587  2.3111732E-03 -7.6934955E-11
       588  2.3227580E-03 -7.8489142E-11
       589  2.3344009E-03 -8.0074725E-11
       590  2.3461021E-03 -8.1692339E-11
       591  2.3578620E-03 -8.3342631E-11
       592  2.3696808E-03 -8.5026261E-11
       593  2.3815589E-03 -8.6743902E-11
       594  2.3934965E-03 -8.8496242E-11
       595  2.4054940E-03 -9.0283981E-11
       596  2.4175516E-03 -9.2107836E-11
       597  2.4296696E-03 -9.3968534E-11
       598  2.4418484E-03 -9.5866821E-11
       599  2.4540882E-03 -9.7803455E-11
       600  2.4663893E-03 -9.9779212E-11
       601  2.4787522E-03 -1.0179488E-10
       602  2.4911770E-03 -1.0385127E-10
       603  2.5036641E-03 -1.0594920E-10
       604  2.5162137E-03 -1.0808951E-10
       605  2.5288263E-03 -1.1027306E-10
       606  2.5415021E-03 -1.1250072E-10
       607  2.5542414E-03 -1.1477338E-10
       608  2.5670446E-03 -1.1709195E-10
       609  2.5799120E-03 -1.1945736E-10
       610  2.5928438E-03 -1.2187056E-10
       611  2.6058405E-03 -1.2433250E-10
       612  2.6189023E-03 -1.2684418E-10
       613  2.6320297E-03 -1.2940659E-10
       614  2.6452228E-03 -1.3202078E-10
       615  2.6584820E-03 -1.3468777E-10
       616  2.6718077E-03 -1.3740863E-10
       617  2.6852002E-03 -1.4018447E-10
       618  2.6986598E-03 -1.4301637E-10
       619  2.7121869E-03 -1.4590549E-10
       620  2.7257818E-03 -1.4885297E-10
       621  2.7394448E-03 -1.5185999E-10
       622  2.7531763E-03 -1.5492776E-10
       623  2.7669767E-03 -1.5805750E-10
       624  2.7808462E-03 -1.6125046E-10
       625  2.7947853E-03 -1.6450793E-10
       626  2.8087942E-03 -1.6783120E-10
       627  2.8228733E-03 -1.7122161E-10
       628  2.8370230E-03 -1.7468051E-10
       629  2.8512437E-03 -1.7820928E-10
       630  2.8655356E-03 -1.8180934E-10
       631  2.8798992E-03 -1.8548212E-10
       632  2.8943347E-03 -1.8922910E-10
       633  2.9088426E-03 -1.9305177E-10
       634  2.9234233E-03 -1.9695166E-10
       635  2.9380770E-03 -2.0093034E-10
       636  2.9528042E-03 -2.0498939E-10
       637  2.9676051E-03 -2.0913044E-10
       638  2.9824803E-03 -2.1335514E-10
       639  2.9974301E-03 -2.1766519E-10
       640  3.0124548E-03 -2.2206231E-10
       641  3.0275547E-03 -2.2654825E-10
       642  3.0427304E-03 -2.3112481E-10
       643  3.0579822E-03 -2.3579383E-10
       644  3.0733104E-03 -2.4055717E-10
       645  3.0887154E-03 -2.4541673E-10
       646  3.1041977E-03 -2.5037446E-10
       647  3.1197575E-03 -2.5543235E-10
       648  3.1353954E-03 -2.6059241E-10
       649  3.1511116E-03 -2.6585671E-10
       650  3.1669066E-03 -2.7122735E-10
       651  3.1827808E-03 -2.7670649E-10
       652  3.1987346E-03 -2.8229631E-10
       653  3.2147683E-03 -2.8799906E-10
       654  3.2308824E-03 -2.9381701E-10
       655  3.2470772E-03 -2.9975249E-10
       656  3.2633533E-03 -3.0580787E-10
       657  3.2797109E-03 -3.1198558E-10
       658  3.2961505E-03 -3.1828808E-10
       659  3.3126725E-03 -3.2471790E-10
       660  3.3292774E-03 -3.3127762E-10
       661  3.3459655E-03 -3.3796985E-10
       662  3.3627372E-03 -3.4479727E-10
       663  3.3795930E-03 -3.5176261E-10
       664  3.3965332E-03 -3.5886866E-10
       665  3.4135584E-03 -3.6611826E-10
       666  3.4306690E-03 -3.7351431E-10
       667  3.4478653E-03 -3.8105977E-10
       668  3.4651478E-03 -3.8875766E-10
       669  3.4825169E-03 -3.9661106E-10
       670  3.4999731E-03 -4.0462310E-10
       671  3.5175168E-03 -4.1279700E-10
       672  3.5351484E-03 -4.2113602E-10
       673  3.5528684E-03 -4.2964350E-10
       674  3.5706772E-03 -4.3832284E-10
       675  3.5885753E-03 -4.4717751E-10
       676  3.6065631E-03 -4.5621106E-10
       677  3.6246411E-03 -4.6542710E-10
       678  3.6428097E-03 -4.7482931E-10
       679  3.6610694E-03 -4.8442146E-10
       680  3.6794205E-03 -4.9420738E-10
       681  3.6978637E-03 -5.0419099E-10
       682  3.7163993E-03 -5.1437627E-10
       683  3.7350279E-03 -5.2476732E-10
       684  3.7537498E-03 -5.3536828E-10
       685  3.7725655E-03 -5.4618338E-10
       686  3.7914756E-03 -5.5721697E-10
       687  3.8104804E-03 -5.6847345E-10
       688  3.8295805E-03 -5.7995732E-10
       689  3.8487764E-03 -5.9167318E-10
       690  3.8680685E-03 -6.0362572E-10
       691  3.8874572E-03 -6.1581971E-10
       692  3.9069432E-03 -6.2826003E-10
       693  3.9265268E-03 -6.4095166E-10
       694  3.9462086E-03 -6.5389968E-10
       695  3.9659891E-03 -6.6710927E-10
       696  3.9858687E-03 -6.8058570E-10
       697  4.0058479E-03 -6.9433438E-10
       698  4.0259273E-03 -7.0836079E-10
       699  4.0461074E-03 -7.2267056E-10
       700  4.0663886E-03 -7.3726939E-10
       701  4.0867714E-03 -7.5216314E-10
       702  4.1072565E-03 -7.6735777E-10
       703  4.1278442E-03 -7.8285934E-10
       704  4.1485351E-03 -7.9867406E-10
       705  4.1693297E-03 -8.1480826E-10
       706  4.1902285E-03 -8.3126839E-10
       707  4.2112322E-03 -8.4806103E-10
       708  4.2323410E-03 -8.6519291E-10
       709  4.2535557E-03 -8.8267086E-10
       710  4.2748768E-03 -9.0050189E-10
       711  4.2963047E-03 -9.1869313E-10
       712  4.3178400E-03 -9.3725186E-10
       713  4.3394833E-03 -9.5618549E-10
       714  4.3612350E-03 -9.7550160E-10
       715  4.3830958E-03 -9.9520792E-10
       716  4.4050662E-03 -1.0153123E-09
       717  4.4271466E-03 -1.0358229E-09
       718  4.4493378E-03 -1.0567478E-09
       719  4.4716402E-03 -1.0780953E-09
       720  4.4940544E-03 -1.0998742E-09
       721  4.5165809E-03 -1.1220930E-09
       722  4.5392204E-03 -1.1447606E-09
       723  4.5619733E-03 -1.1678862E-09
       724  4.5848403E-03 -1.1914789E-09
       725  4.6078219E-03 -1.2155482E-09
       726  4.6309187E-03 -1.2401037E-09
       727  4.6541313E-03 -1.2651553E-09
       728  4.6774602E-03 -1.2907130E-09
       729  4.7009061E-03 -1.3167869E-09
       730  4.7244695E-03 -1.3433876E-09
       731  4.7481510E-03 -1.3705256E-09
       732  4.7719512E-03 -1.3982119E-09
       733  4.7958707E-03 -1.4264574E-09
       734  4.8199101E-03 -1.4552736E-09
       735  4.8440700E-03 -1.4846718E-09
       736  4.8683510E-03 -1.5146640E-09
       737  4.8927537E-03 -1.5452620E-09
       738  4.9172788E-03 -1.5764781E-09
       739  4.9419267E-03 -1.6083248E-09
       740  4.9666982E-03 -1.6408149E-09
       741  4.9915939E-03 -1.6739613E-09
       742  5.0166144E-03 -1.7077773E-09
       743  5.0417603E-03 -1.7422764E-09
       744  5.0670322E-03 -1.7774724E-09
       745  5.0924308E-03 -1.8133795E-09
       746  5.1179567E-03 -1.8500119E-09
       747  5.1436106E-03 -1.8873843E-09
       748  5.1693930E-03 -1.9255116E-09
       749  5.1953047E-03 -1.9644092E-09
       750  5.2213463E-03 -2.0040926E-09
       751  5.2475184E-03 -2.0445776E-09
       752  5.2738217E-03 -2.0858804E-09
       753  5.3002568E-03 -2.1280177E-09
       754  5.3268245E-03 -2.1710061E-09
       755  5.3535253E-03 -2.2148629E-09
       756  5.3803600E-03 -2.2596057E-09
       757  5.4073291E-03 -2.3052524E-09
       758  5.4344335E-03 -2.3518211E-09
       759  5.4616737E-03 -2.3993306E-09
       760  5.4890504E-03 -2.4477998E-09
       761  5.5165644E-03 -2.4972482E-09
       762  5.5442163E-03 -2.5476955E-09
       763  5.5720068E-03 -2.5991618E-09
       764  5.5999366E-03 -2.6516679E-09
       765  5.6280064E-03 -2.7052346E-09
       766  5.6562169E-03 -2.7598834E-09
       767  5.6845688E-03 -2.8156362E-09
       768  5.7130628E-03 -2.8725152E-09
       769  5.7416997E-03 -2.9305433E-09
       770  5.7704801E-03 -2.9897436E-09
       771  5.7994047E-03 -3.0501398E-09
       772  5.8284744E-03 -3.1117560E-09
       773  5.8576897E-03 -3.1746170E-09
       774  5.8870515E-03 -3.2387478E-09
       775  5.9165605E-03 -3.3041741E-09
       776  5.9462174E-03 -3.3709221E-09
       777  5.9760229E-03 -3.4390185E-09
       778  6.0059778E-03 -3.5084905E-09
       779  6.0360829E-03 -3.5793659E-09
       780  6.0663389E-03 -3.6516731E-09
       781  6.0967466E-03 -3.7254409E-09
       782  6.1273066E-03 -3.8006989E-09
       783  6.1580199E-03 -3.8774772E-09
       784  6.1888871E-03 -3.9558065E-09
       785  6.2199090E-03 -4.0357181E-09
       786  6.2510864E-03 -4.1172441E-09
       787  6.2824201E-03 -4.2004169E-09
       788  6.3139109E-03 -4.2852699E-09
       789  6.3455595E-03 -4.3718370E-09
       790  6.3773668E-03 -4.4601528E-09
       791  6.4093334E-03 -4.5502527E-09
       792  6.4414604E-03 -4.6421727E-09
       793  6.4737483E-03 -4.7359496E-09
       794  6.5061981E-03 -4.8316209E-09
       795  6.5388106E-03 -4.9292248E-09
       796  6.5715865E-03 -5.0288004E-09
       797  6.6045267E-03 -5.1303875E-09
       798  6.6376320E-03 -5.2340268E-09
       799  6.6709033E-03 -5.3397596E-09
       800  6.7043413E-03 -5.4476284E-09
       801  6.7379470E-03 -5.5576763E-09
       802  6.7717211E-03 -5.6699472E-09
       803  6.8056645E-03 -5.7844860E-09
       804  6.8397780E-03 -5.9013387E-09
       805  6.8740626E-03 -6.0205519E-09
       806  6.9085189E-03 -6.1421733E-09
       807  6.9431480E-03 -6.2662515E-09
       808  6.9779507E-03 -6.3928363E-09
       809  7.0129278E-03 -6.5219781E-09
       810  7.0480803E-03 -6.6537288E-09
       811  7.0834089E-03 -6.7881409E-09
       812  7.1189147E-03 -6.9252683E-09
       813  7.1545984E-03 -7.0651657E-09
       814  7.1904609E-03 -7.2078892E-09
       815  7.2265033E-03 -7.3534959E-09
       816  7.2627263E-03 -7.5020439E-09
       817  7.2991308E-03 -7.6535927E-09
       818  7.3357179E-03 -7.8082029E-09
       819  7.3724883E-03 -7.9659364E-09
       820  7.4094431E-03 -8.1268562E-09
       821  7.4465831E-03 -8.2910268E-09
       822  7.4839092E-03 -8.4585137E-09
       823  7.5214225E-03 -8.6293839E-09
       824  7.5591238E-03 -8.8037059E-09
       825  7.5970140E-03 -8.9815494E-09
       826  7.6350942E-03 -9.1629854E-09
       827  7.6733653E-03 -9.3480866E-09
       828  7.7118282E-03 -9.5369269E-09
       829  7.7504839E-03 -9.7295820E-09
       830  7.7893334E-03 -9.9261289E-09
       831  7.8283775E-03 -1.0126646E-08
       832  7.8676175E-03 -1.0331214E-08
       833  7.9070541E-03 -1.0539914E-08
       834  7.9466883E-03 -1.0752830E-08
       835  7.9865213E-03 -1.0970048E-08
       836  8.0265539E-03 -1.1191653E-08
       837  8.0667871E-03 -1.1417735E-08
       838  8.1072221E-03 -1.1648383E-08
       839  8.1478597E-03 -1.1883692E-08
       840  8.1887010E-03 -1.2123753E-08
       841  8.2297470E-03 -1.2368664E-08
       842  8.2709988E-03 -1.2618522E-08
       843  8.3124574E-03 -1.2873428E-08
       844  8.3541237E-03 -1.3133482E-08
       845  8.3959990E-03 -1.3398790E-08
       846  8.4380841E-03 -1.3669458E-08
       847  8.4803802E-03 -1.3945593E-08
       848  8.5228882E-03 -1.4227306E-08
       849  8.5656094E-03 -1.4514710E-08
       850  8.6085447E-03 -1.4807920E-08
       851  8.6516952E-03 -1.5107053E-08
       852  8.6950620E-03 -1.5412229E-08
       853  8.7386462E-03 -1.5723569E-08
       854  8.7824488E-03 -1.6041198E-08
       855  8.8264710E-03 -1.6365244E-08
       856  8.8707139E-03 -1.6695836E-08
       857  8.9151785E-03 -1.7033106E-08
       858  8.9598661E-03 -1.7377188E-08
       859  9.0047776E-03 -1.7728222E-08
       860  9.0499142E-03 -1.8086347E-08
       861  9.0952771E-03 -1.8451706E-08
       862  9.1408674E-03 -1.8824445E-08
       863  9.1866862E-03 -1.9204714E-08
       864  9.2327346E-03 -1.9592665E-08
       865  9.2790139E-03 -1.9988452E-08
       866  9.3255251E-03 -2.0392235E-08
       867  9.3722695E-03 -2.0804174E-08
       868  9.4192482E-03 -2.1224434E-08
       869  9.4664624E-03 -2.1653184E-08
       870  9.5139132E-03 -2.2090595E-08
       871  9.5616019E-03 -2.2536842E-08
       872  9.6095297E-03 -2.2992103E-08
       873  9.6576976E-03 -2.3456561E-08
       874  9.7061070E-03 -2.3930401E-08
       875  9.7547591E-03 -2.4413813E-08
       876  9.8036550E-03 -2.4906990E-08
       877  9.8527961E-03 -2.5410129E-08
       878  9.9021834E-03 -2.5923432E-08
       879  9.9518183E-03 -2.6447104E-08
       880  1.0001702E-02 -2.6981354E-08
       881  1.0051836E-02 -2.7526396E-08
       882  1.0102221E-02 -2.8082448E-08
       883  1.0152858E-02 -2.8649733E-08
       884  1.0203750E-02 -2.9228477E-08
       885  1.0254896E-02 -2.9818912E-08
       886  1.0306299E-02 -3.0421274E-08
       887  1.0357960E-02 -3.1035804E-08
       888  1.0409879E-02 -3.1662748E-08
       889  1.0462059E-02 -3.2302356E-08
       890  1.0514500E-02 -3.2954884E-08
       891  1.0567204E-02 -3.3620593E-08
       892  1.0620173E-02 -3.4299750E-08
       893  1.0673407E-02 -3.4992627E-08
       894  1.0726907E-02 -3.5699499E-08
       895  1.0780676E-02 -3.6420651E-08
       896  1.0834714E-02 -3.7156369E-08
       897  1.0889024E-02 -3.7906950E-08
       898  1.0943605E-02 -3.8672692E-08
       899  1.0998460E-02 -3.9453903E-08
       900  1.1053590E-02 -4.0250894E-08
       901  1.1108997E-02 -4.1063985E-08
       902  1.1164681E-02 -4.1893500E-08
       903  1.1220644E-02 -4.2739771E-08
       904  1.1276888E-02 -4.3603138E-08
       905  1.1333413E-02 -4.4483944E-08
       906  1.1390222E-02 -4.5382543E-08
       907  1.1447316E-02 -4.6299293E-08
       908  1.1504696E-02 -4.7234562E-08
       909  1.1562363E-02 -4.8188724E-08
       910  1.1620320E-02 -4.9162159E-08
       911  1.1678567E-02 -5.0155259E-08
       912  1.1737106E-02 -5.1168418E-08
       913  1.1795939E-02 -5.2202044E-08
       914  1.1855066E-02 -5.3256549E-08
       915  1.1914490E-02 -5.4332354E-08
       916  1.1974211E-02 -5.5429892E-08
       917  1.2034232E-02 -5.6549599E-08
       918  1.2094554E-02 -5.7691924E-08
       919  1.2155178E-02 -5.8857324E-08
       920  1.2216106E-02 -6.0046266E-08
       921  1.2277340E-02 -6.1259223E-08
       922  1.2338880E-02 -6.2496683E-08
       923  1.2400729E-02 -6.3759139E-08
       924  1.2462888E-02 -6.5047096E-08
       925  1.2525359E-02 -6.6361070E-08
       926  1.2588142E-02 -6.7701586E-08
       927  1.2651241E-02 -6.9069180E-08
       928  1.2714655E-02 -7.0464400E-08
       929  1.2778388E-02 -7.1887802E-08
       930  1.2842440E-02 -7.3339957E-08
       931  1.2906813E-02 -7.4821445E-08
       932  1.2971508E-02 -7.6332859E-08
       933  1.3036528E-02 -7.7874803E-08
       934  1.3101874E-02 -7.9447894E-08
       935  1.3167547E-02 -8.1052760E-08
       936  1.3233550E-02 -8.2690045E-08
       937  1.3299884E-02 -8.4360402E-08
       938  1.3366549E-02 -8.6064500E-08
       939  1.3433550E-02 -8.7803020E-08
       940  1.3500886E-02 -8.9576657E-08
       941  1.3568559E-02 -9.1386121E-08
       942  1.3636572E-02 -9.3232136E-08
       943  1.3704925E-02 -9.5115439E-08
       944  1.3773622E-02 -9.7036784E-08
       945  1.3842662E-02 -9.8996940E-08
       946  1.3912049E-02 -1.0099669E-07
       947  1.3981783E-02 -1.0303683E-07
       948  1.4051867E-02 -1.0511819E-07
       949  1.4122302E-02 -1.0724158E-07
       950  1.4193091E-02 -1.0940787E-07
       951  1.4264234E-02 -1.1161791E-07
       952  1.4335734E-02 -1.1387260E-07
       953  1.4407592E-02 -1.1617283E-07
       954  1.4479810E-02 -1.1851952E-07
       955  1.4552391E-02 -1.2091362E-07
       956  1.4625335E-02 -1.2335607E-07
       957  1.4698645E-02 -1.2584786E-07
       958  1.4772322E-02 -1.2838998E-07
       959  1.4846368E-02 -1.3098345E-07
       960  1.4920786E-02 -1.3362931E-07
       961  1.4995577E-02 -1.3632861E-07
       962  1.5070742E-02 -1.3908243E-07
       963  1.5146285E-02 -1.4189188E-07
       964  1.5222206E-02 -1.4475808E-07
       965  1.5298508E-02 -1.4768217E-07
       966  1.5375192E-02 -1.5066533E-07
       967  1.5452260E-02 -1.5370874E-07
       968  1.5529715E-02 -1.5681363E-07
       969  1.5607558E-02 -1.5998124E-07
       970  1.5685791E-02 -1.6321282E-07
       971  1.5764416E-02 -1.6650968E-07
       972  1.5843436E-02 -1.6987314E-07
       973  1.5922852E-02 -1.7330453E-07
       974  1.6002665E-02 -1.7680523E-07
       975  1.6082879E-02 -1.8037665E-07
       976  1.6163495E-02 -1.8402020E-07
       977  1.6244514E-02 -1.8773735E-07
       978  1.6325940E-02 -1.9152958E-07
       979  1.6407775E-02 -1.9539840E-07
       980  1.6490019E-02 -1.9934538E-07
       981  1.6572675E-02 -2.0337207E-07
       982  1.6655746E-02 -2.0748011E-07
       983  1.6739234E-02 -2.1167111E-07
       984  1.6823139E-02 -2.1594677E-07
       985  1.6907466E-02 -2.2030880E-07
       986  1.6992215E-02 -2.2475893E-07
       987  1.7077389E-02 -2.2929895E-07
       988  1.7162989E-02 -2.3393066E-07
       989  1.7249019E-02 -2.3865594E-07
       990  1.7335480E-02 -2.4347665E-07
       991  1.7422375E-02 -2.4839474E-07
       992  1.7509705E-02 -2.5341216E-07
       993  1.7597472E-02 -2.5853093E-07
       994  1.7685680E-02 -2.6375309E-07
       995  1.7774330E-02 -2.6908073E-07
       996  1.7863424E-02 -2.7451598E-07
       997  1.7952965E-02 -2.8006101E-07
       998  1.8042955E-02 -2.8571804E-07
       999  1.8133395E-02 -2.9148933E-07
      1000  1.8224289E-02 -2.9737720E-07
      1001  1.8315639E-02 -3.0338398E-07
      1002  1.8407446E-02 -3.0951209E-07
      1003  1.8499714E-02 -3.1576398E-07
      1004  1.8592444E-02 -3.2214215E-07
      1005  1.8685639E-02 -3.2864914E-07
      1006  1.8779301E-02 -3.3528756E-07
      1007  1.8873433E-02 -3.4206006E-07
      1008  1.8968037E-02 -3.4896935E-07
      1009  1.9063114E-02 -3.5601820E-07
      1010  1.9158669E-02 -3.6320942E-07
      1011  1.9254702E-02 -3.7054588E-07
      1012  1.9351216E-02 -3.7803053E-07
      1013  1.9448215E-02 -3.8566635E-07
      1014  1.9545699E-02 -3.9345639E-07
      1015  1.9643673E-02 -4.0140378E-07
      1016  1.9742137E-02 -4.0951168E-07
      1017  1.9841095E-02 -4.1778335E-07
      1018  1.9940549E-02 -4.2622208E-07
      1019  2.0040501E-02 -4.3483125E-07
      1020  2.0140954E-02 -4.4361431E-07
      1021  2.0241911E-02 -4.5257476E-07
      1022  2.0343374E-02 -4.6171619E-07
      1023  2.0445346E-02 -4.7104226E-07
      1024  2.0547829E-02 -4.8055669E-07
      1025  2.0650825E-02 -4.9026328E-07
      1026  2.0754338E-02 -5.0016592E-07
      1027  2.0858369E-02 -5.1026856E-07
      1028  2.0962922E-02 -5.2057525E-07
      1029  2.1068000E-02 -5.3109011E-07
      1030  2.1173603E-02 -5.4181733E-07
      1031  2.1279736E-02 -5.5276121E-07
      1032  2.1386402E-02 -5.6392613E-07
      1033  2.1493601E-02 -5.7531655E-07
      1034  2.1601338E-02 -5.8693701E-07
      1035  2.1709616E-02 -5.9879218E-07
      1036  2.1818436E-02 -6.1088678E-07
      1037  2.1927801E-02 -6.2322565E-07
      1038  2.2037714E-02 -6.3581373E-07
      1039  2.2148179E-02 -6.4865604E-07
      1040  2.2259197E-02 -6.6175773E-07
      1041  2.2370772E-02 -6.7512403E-07
      1042  2.2482906E-02 -6.8876028E-07
      1043  2.2595602E-02 -7.0267193E-07
      1044  2.2708863E-02 -7.1686456E-07
      1045  2.2822691E-02 -7.3134382E-07
      1046  2.2937091E-02 -7.4611551E-07
      1047  2.3052063E-02 -7.6118553E-07
      1048  2.3167612E-02 -7.7655991E-07
      1049  2.3283740E-02 -7.9224480E-07
      1050  2.3400451E-02 -8.0824646E-07
      1051  2.3517746E-02 -8.2457129E-07
      1052  2.3635629E-02 -8.4122582E-07
      1053  2.3754103E-02 -8.5821671E-07
      1054  2.3873171E-02 -8.7555074E-07
      1055  2.3992836E-02 -8.9323485E-07
      1056  2.4113100E-02 -9.1127610E-07
      1057  2.4233968E-02 -9.2968172E-07
      1058  2.4355441E-02 -9.4845904E-07
      1059  2.4477523E-02 -9.6761559E-07
      1060  2.4600217E-02 -9.8715902E-07
      1061  2.4723526E-02 -1.0070971E-06
      1062  2.4847454E-02 -1.0274379E-06
      1063  2.4972002E-02 -1.0481895E-06
      1064  2.5097175E-02 -1.0693601E-06
      1065  2.5222975E-02 -1.0909583E-06
      1066  2.5349406E-02 -1.1129927E-06
      1067  2.5476470E-02 -1.1354721E-06
      1068  2.5604171E-02 -1.1584054E-06
      1069  2.5732513E-02 -1.1818019E-06
      1070  2.5861497E-02 -1.2056709E-06
      1071  2.5991129E-02 -1.2300219E-06
      1072  2.6121410E-02 -1.2548647E-06
      1073  2.6252344E-02 -1.2802092E-06
      1074  2.6383934E-02 -1.3060655E-06
      1075  2.6516184E-02 -1.3324439E-06
      1076  2.6649097E-02 -1.3593551E-06
      1077  2.6782676E-02 -1.3868097E-06
      1078  2.6916925E-02 -1.4148188E-06
      1079  2.7051847E-02 -1.4433935E-06
      1080  2.7187445E-02 -1.4725452E-06
      1081  2.7323722E-02 -1.5022856E-06
      1082  2.7460683E-02 -1.5326266E-06
      1083  2.7598330E-02 -1.5635804E-06
      1084  2.7736668E-02 -1.5951592E-06
      1085  2.7875698E-02 -1.6273757E-06
      1086  2.8015426E-02 -1.6602428E-06
      1087  2.8155854E-02 -1.6937736E-06
      1088  2.8296985E-02 -1.7279815E-06
      1089  2.8438825E-02 -1.7628802E-06
      1090  2.8581375E-02 -1.7984836E-06
      1091  2.8724640E-02 -1.8348060E-06
      1092  2.8868623E-02 -1.8718618E-06
      1093  2.9013327E-02 -1.9096660E-06
      1094  2.9158757E-02 -1.9482335E-06
      1095  2.9304916E-02 -1.9875799E-06
      1096  2.9451807E-02 -2.0277207E-06
      1097  2.9599435E-02 -2.0686722E-06
      1098  2.9747803E-02 -2.1104505E-06
      1099  2.9896914E-02 -2.1530725E-06
      1100  3.0046773E-02 -2.1965552E-06
      1101  3.0197383E-02 -2.2409158E-06
      1102  3.0348748E-02 -2.2861723E-06
      1103  3.0500872E-02 -2.3323426E-06
      1104  3.0653758E-02 -2.3794451E-06
      1105  3.0807411E-02 -2.4274988E-06
      1106  3.0961834E-02 -2.4765228E-06
      1107  3.1117031E-02 -2.5265367E-06
      1108  3.1273005E-02 -2.5775605E-06
      1109  3.1429762E-02 -2.6296146E-06
      1110  3.1587304E-02 -2.6827197E-06
      1111  3.1745636E-02 -2.7368971E-06
      1112  3.1904762E-02 -2.7921685E-06
      1113  3.2064685E-02 -2.8485559E-06
      1114  3.2225410E-02 -2.9060818E-06
      1115  3.2386941E-02 -2.9647692E-06
      1116  3.2549281E-02 -3.0246417E-06
      1117  3.2712435E-02 -3.0857230E-06
      1118  3.2876407E-02 -3.1480376E-06
      1119  3.3041200E-02 -3.2116105E-06
      1120  3.3206820E-02 -3.2764669E-06
      1121  3.3373270E-02 -3.3426328E-06
      1122  3.3540554E-02 -3.4101347E-06
      1123  3.3708677E-02 -3.4789994E-06
      1124  3.3877642E-02 -3.5492546E-06
      1125  3.4047455E-02 -3.6209283E-06
      1126  3.4218118E-02 -3.6940490E-06
      1127  3.4389637E-02 -3.7686461E-06
      1128  3.4562016E-02 -3.8447493E-06
      1129  3.4735259E-02 -3.9223890E-06
      1130  3.4909370E-02 -4.0015963E-06
      1131  3.5084354E-02 -4.0824027E-06
      1132  3.5260215E-02 -4.1648406E-06
      1133  3.5436958E-02 -4.2489429E-06
      1134  3.5614586E-02 -4.3347431E-06
      1135  3.5793105E-02 -4.4222756E-06
      1136  3.5972519E-02 -4.5115752E-06
      1137  3.6152832E-02 -4.6026778E-06
      1138  3.6334049E-02 -4.6956196E-06
      1139  3.6516174E-02 -4.7904378E-06
      1140  3.6699212E-02 -4.8871702E-06
      1141  3.6883167E-02 -4.9858555E-06
      1142  3.7068045E-02 -5.0865331E-06
      1143  3.7253849E-02 -5.1892432E-06
      1144  3.7440585E-02 -5.2940268E-06
      1145  3.7628257E-02 -5.4009258E-06
      1146  3.7816869E-02 -5.5099828E-06
      1147  3.8006427E-02 -5.6212415E-06
      1148  3.8196935E-02 -5.7347462E-06
      1149  3.8388398E-02 -5.8505422E-06
      1150  3.8580821E-02 -5.9686759E-06
      1151  3.8774208E-02 -6.0891944E-06
      1152  3.8968564E-02 -6.2121457E-06
      1153  3.9163895E-02 -6.3375791E-06
      1154  3.9360205E-02 -6.4655445E-06
      1155  3.9557499E-02 -6.5960931E-06
      1156  3.9755782E-02 -6.7292771E-06
      1157  3.9955058E-02 -6.8651495E-06
      1158  4.0155334E-02 -7.0037646E-06
      1159  4.0356613E-02 -7.1451778E-06
      1160  4.0558902E-02 -7.2894456E-06
      1161  4.0762204E-02 -7.4366255E-06
      1162  4.0966525E-02 -7.5867763E-06
      1163  4.1171871E-02 -7.7399579E-06
      1164  4.1378246E-02 -7.8962315E-06
      1165  4.1585655E-02 -8.0556596E-06
      1166  4.1794104E-02 -8.2183056E-06
      1167  4.2003598E-02 -8.3842346E-06
      1168  4.2214142E-02 -8.5535128E-06
      1169  4.2425741E-02 -8.7262077E-06
      1170  4.2638401E-02 -8.9023884E-06
      1171  4.2852127E-02 -9.0821251E-06
      1172  4.3066924E-02 -9.2654895E-06
      1173  4.3282798E-02 -9.4525550E-06
      1174  4.3499754E-02 -9.6433960E-06
      1175  4.3717797E-02 -9.8380888E-06
      1176  4.3936934E-02 -1.0036711E-05
      1177  4.4157168E-02 -1.0239342E-05
      1178  4.4378507E-02 -1.0446063E-05
      1179  4.4600955E-02 -1.0656956E-05
      1180  4.4824519E-02 -1.0872105E-05
      1181  4.5049202E-02 -1.1091597E-05
      1182  4.5275012E-02 -1.1315518E-05
      1183  4.5501954E-02 -1.1543958E-05
      1184  4.5730034E-02 -1.1777009E-05
      1185  4.5959257E-02 -1.2014763E-05
      1186  4.6189628E-02 -1.2257315E-05
      1187  4.6421155E-02 -1.2504761E-05
      1188  4.6653842E-02 -1.2757202E-05
      1189  4.6887695E-02 -1.3014737E-05
      1190  4.7122721E-02 -1.3277469E-05
      1191  4.7358924E-02 -1.3545503E-05
      1192  4.7596312E-02 -1.3818946E-05
      1193  4.7834889E-02 -1.4097907E-05
      1194  4.8074663E-02 -1.4382498E-05
      1195  4.8315638E-02 -1.4672831E-05
      1196  4.8557821E-02 -1.4969023E-05
      1197  4.8801218E-02 -1.5271191E-05
      1198  4.9045835E-02 -1.5579457E-05
      1199  4.9291679E-02 -1.5893944E-05
      1200  4.9538754E-02 -1.6214776E-05
      1201  4.9787068E-02 -1.6542081E-05
      1202  5.0036627E-02 -1.6875991E-05
      1203  5.0287437E-02 -1.7216639E-05
      1204  5.0539504E-02 -1.7564159E-05
      1205  5.0792834E-02 -1.7918692E-05
      1206  5.1047434E-02 -1.8280378E-05
      1207  5.1303310E-02 -1.8649361E-05
      1208  5.1560469E-02 -1.9025789E-05
      1209  5.1818917E-02 -1.9409812E-05
      1210  5.2078661E-02 -1.9801583E-05
      1211  5.2339706E-02 -2.0201258E-05
      1212  5.2602060E-02 -2.0608997E-05
      1213  5.2865729E-02 -2.1024961E-05
      1214  5.3130719E-02 -2.1449318E-05
      1215  5.3397038E-02 -2.1882236E-05
      1216  5.3664692E-02 -2.2323887E-05
      1217  5.3933687E-02 -2.2774448E-05
      1218  5.4204031E-02 -2.3234099E-05
      1219  5.4475730E-02 -2.3703022E-05
      1220  5.4748791E-02 -2.4181405E-05
      1221  5.5023220E-02 -2.4669438E-05
      1222  5.5299025E-02 -2.5167316E-05
      1223  5.5576213E-02 -2.5675238E-05
      1224  5.5854790E-02 -2.6193404E-05
      1225  5.6134763E-02 -2.6722024E-05
      1226  5.6416140E-02 -2.7261306E-05
      1227  5.6698927E-02 -2.7811466E-05
      1228  5.6983131E-02 -2.8372722E-05
      1229  5.7268760E-02 -2.8945300E-05
      1230  5.7555821E-02 -2.9529427E-05
      1231  5.7844321E-02 -3.0125335E-05
      1232  5.8134267E-02 -3.0733262E-05
      1233  5.8425666E-02 -3.1353451E-05
      1234  5.8718526E-02 -3.1986148E-05
      1235  5.9012854E-02 -3.2631605E-05
      1236  5.9308657E-02 -3.3290081E-05
      1237  5.9605943E-02 -3.3961836E-05
      1238  5.9904719E-02 -3.4647138E-05
      1239  6.0204992E-02 -3.5346262E-05
      1240  6.0506771E-02 -3.6059484E-05
      1241  6.0810063E-02 -3.6787089E-05
      1242  6.1114874E-02 -3.7529367E-05
      1243  6.1421214E-02 -3.8286614E-05
      1244  6.1729089E-02 -3.9059131E-05
      1245  6.2038507E-02 -3.9847225E-05
      1246  6.2349477E-02 -4.0651212E-05
      1247  6.2662005E-02 -4.1471409E-05
      1248  6.2976099E-02 -4.2308146E-05
      1249  6.3291768E-02 -4.3161753E-05
      1250  6.3609020E-02 -4.4032572E-05
      1251  6.3927861E-02 -4.4920949E-05
      1252  6.4248301E-02 -4.5827238E-05
      1253  6.4570347E-02 -4.6751799E-05
      1254  6.4894007E-02 -4.7695001E-05
      1255  6.5219290E-02 -4.8657219E-05
      1256  6.5546203E-02 -4.9638835E-05
      1257  6.5874754E-02 -5.0640242E-05
      1258  6.6204953E-02 -5.1661836E-05
      1259  6.6536807E-02 -5.2704026E-05
      1260  6.6870324E-02 -5.3767225E-05
      1261  6.7205513E-02 -5.4851856E-05
      1262  6.7542382E-02 -5.5958352E-05
      1263  6.7880939E-02 -5.7087152E-05
      1264  6.8221194E-02 -5.8238705E-05
      1265  6.8563154E-02 -5.9413471E-05
      1266  6.8906828E-02 -6.0611915E-05
      1267  6.9252225E-02 -6.1834515E-05
      1268  6.9599354E-02 -6.3081757E-05
      1269  6.9948222E-02 -6.4354138E-05
      1270  7.0298839E-02 -6.5652162E-05
      1271  7.0651213E-02 -6.6976348E-05
      1272  7.1005354E-02 -6.8327220E-05
      1273  7.1361270E-02 -6.9705316E-05
      1274  7.1718969E-02 -7.1111185E-05
      1275  7.2078462E-02 -7.2545386E-05
      1276  7.2439757E-02 -7.4008487E-05
      1277  7.2802863E-02 -7.5501072E-05
      1278  7.3167789E-02 -7.7023734E-05
      1279  7.3534544E-02 -7.8577077E-05
      1280  7.3903137E-02 -8.0161719E-05
      1281  7.4273578E-02 -8.1778291E-05
      1282  7.4645876E-02 -8.3427434E-05
      1283  7.5020040E-02 -8.5109805E-05
      1284  7.5396080E-02 -8.6826071E-05
      1285  7.5774004E-02 -8.8576914E-05
      1286  7.6153823E-02 -9.0363031E-05
      1287  7.6535545E-02 -9.2185130E-05
      1288  7.6919181E-02 -9.4043937E-05
      1289  7.7304740E-02 -9.5940188E-05
      1290  7.7692232E-02 -9.7874638E-05
      1291  7.8081666E-02 -9.9848055E-05
      1292  7.8473052E-02 -1.0186122E-04
      1293  7.8866400E-02 -1.0391494E-04
      1294  7.9261719E-02 -1.0601002E-04
      1295  7.9659020E-02 -1.0814730E-04
      1296  8.0058313E-02 -1.1032763E-04
      1297  8.0459607E-02 -1.1255187E-04
      1298  8.0862912E-02 -1.1482090E-04
      1299  8.1268239E-02 -1.1713563E-04
      1300  8.1675598E-02 -1.1949697E-04
      1301  8.2084999E-02 -1.2190587E-04
      1302  8.2496451E-02 -1.2436327E-04
      1303  8.2909967E-02 -1.2687015E-04
      1304  8.3325555E-02 -1.2942752E-04
      1305  8.3743226E-02 -1.3203637E-04
      1306  8.4162990E-02 -1.3469775E-04
      1307  8.4584859E-02 -1.3741272E-04
      1308  8.5008842E-02 -1.4018234E-04
      1309  8.5434951E-02 -1.4300773E-04
      1310  8.5863195E-02 -1.4588999E-04
      1311  8.6293586E-02 -1.4883028E-04
      1312  8.6726135E-02 -1.5182975E-04
      1313  8.7160851E-02 -1.5488960E-04
      1314  8.7597747E-02 -1.5801104E-04
      1315  8.8036833E-02 -1.6119531E-04
      1316  8.8478119E-02 -1.6444367E-04
      1317  8.8921617E-02 -1.6775740E-04
      1318  8.9367339E-02 -1.7113783E-04
      1319  8.9815295E-02 -1.7458629E-04
      1320  9.0265496E-02 -1.7810415E-04
      1321  9.0717953E-02 -1.8169279E-04
      1322  9.1172679E-02 -1.8535365E-04
      1323  9.1629684E-02 -1.8908817E-04
      1324  9.2088980E-02 -1.9289784E-04
      1325  9.2550578E-02 -1.9678415E-04
      1326  9.3014489E-02 -2.0074866E-04
      1327  9.3480726E-02 -2.0479292E-04
      1328  9.3949300E-02 -2.0891855E-04
      1329  9.4420223E-02 -2.1312717E-04
      1330  9.4893507E-02 -2.1742045E-04
      1331  9.5369162E-02 -2.2180008E-04
      1332  9.5847202E-02 -2.2626782E-04
      1333  9.6327638E-02 -2.3082541E-04
      1334  9.6810483E-02 -2.3547467E-04
      1335  9.7295747E-02 -2.4021743E-04
      1336  9.7783444E-02 -2.4505557E-04
      1337  9.8273586E-02 -2.4999101E-04
      1338  9.8766184E-02 -2.5502569E-04
      1339  9.9261252E-02 -2.6016160E-04
      1340  9.9758801E-02 -2.6540079E-04
      1341  1.0025884E-01 -2.7074531E-04
      1342  1.0076139E-01 -2.7619729E-04
      1343  1.0126646E-01 -2.8175887E-04
      1344  1.0177406E-01 -2.8743226E-04
      1345  1.0228421E-01 -2.9321969E-04
      1346  1.0279691E-01 -2.9912346E-04
      1347  1.0331218E-01 -3.0514589E-04
      1348  1.0383003E-01 -3.1128936E-04
      1349  1.0435048E-01 -3.1755631E-04
      1350  1.0487354E-01 -3.2394921E-04
      1351  1.0539922E-01 -3.3047057E-04
      1352  1.0592754E-01 -3.3712298E-04
      1353  1.0645850E-01 -3.4390907E-04
      1354  1.0699213E-01 -3.5083150E-04
      1355  1.0752843E-01 -3.5789302E-04
      1356  1.0806742E-01 -3.6509640E-04
      1357  1.0860911E-01 -3.7244450E-04
      1358  1.0915351E-01 -3.7994020E-04
      1359  1.0970065E-01 -3.8758647E-04
      1360  1.1025053E-01 -3.9538633E-04
      1361  1.1080316E-01 -4.0334284E-04
      1362  1.1135856E-01 -4.1145915E-04
      1363  1.1191675E-01 -4.1973845E-04
      1364  1.1247773E-01 -4.2818400E-04
      1365  1.1304153E-01 -4.3679915E-04
      1366  1.1360815E-01 -4.4558727E-04
      1367  1.1417762E-01 -4.5455184E-04
      1368  1.1474993E-01 -4.6369639E-04
      1369  1.1532512E-01 -4.7302451E-04
      1370  1.1590319E-01 -4.8253988E-04
      1371  1.1648416E-01 -4.9224624E-04
      1372  1.1706804E-01 -5.0214742E-04
      1373  1.1765484E-01 -5.1224732E-04
      1374  1.1824459E-01 -5.2254990E-04
      1375  1.1883729E-01 -5.3305923E-04
      1376  1.1943297E-01 -5.4377943E-04
      1377  1.2003163E-01 -5.5471473E-04
      1378  1.2063329E-01 -5.6586942E-04
      1379  1.2123797E-01 -5.7724790E-04
      1380  1.2184567E-01 -5.8885462E-04
      1381  1.2245643E-01 -6.0069417E-04
      1382  1.2307024E-01 -6.1277118E-04
      1383  1.2368714E-01 -6.2509040E-04
      1384  1.2430712E-01 -6.3765668E-04
      1385  1.2493021E-01 -6.5047495E-04
      1386  1.2555643E-01 -6.6355024E-04
      1387  1.2618578E-01 -6.7688769E-04
      1388  1.2681829E-01 -6.9049253E-04
      1389  1.2745397E-01 -7.0437011E-04
      1390  1.2809284E-01 -7.1852586E-04
      1391  1.2873490E-01 -7.3296534E-04
      1392  1.2938019E-01 -7.4769422E-04
      1393  1.3002871E-01 -7.6271828E-04
      1394  1.3068048E-01 -7.7804339E-04
      1395  1.3133552E-01 -7.9367558E-04
      1396  1.3199384E-01 -8.0962096E-04
      1397  1.3265547E-01 -8.2588579E-04
      1398  1.3332040E-01 -8.4247644E-04
      1399  1.3398867E-01 -8.5939940E-04
      1400  1.3466030E-01 -8.7666131E-04
      1401  1.3533528E-01 -8.9426891E-04
      1402  1.3601365E-01 -9.1222912E-04
      1403  1.3669543E-01 -9.3054894E-04
      1404  1.3738061E-01 -9.4923555E-04
      1405  1.3806924E-01 -9.6829627E-04
      1406  1.3876131E-01 -9.8773853E-04
      1407  1.3945686E-01 -1.0075700E-03
      1408  1.4015589E-01 -1.0277983E-03
      1409  1.4085842E-01 -1.0484314E-03
      1410  1.4156448E-01 -1.0694774E-03
      1411  1.4227407E-01 -1.0909446E-03
      1412  1.4298722E-01 -1.1128411E-03
      1413  1.4370395E-01 -1.1351758E-03
      1414  1.4442427E-01 -1.1579571E-03
      1415  1.4514820E-01 -1.1811941E-03
      1416  1.4587576E-01 -1.2048958E-03
      1417  1.4660696E-01 -1.2290715E-03
      1418  1.4734183E-01 -1.2537305E-03
      1419  1.4808039E-01 -1.2788825E-03
      1420  1.4882264E-01 -1.3045373E-03
      1421  1.4956862E-01 -1.3307048E-03
      1422  1.5031834E-01 -1.3573954E-03
      1423  1.5107181E-01 -1.3846193E-03
      1424  1.5182906E-01 -1.4123872E-03
      1425  1.5259011E-01 -1.4407098E-03
      1426  1.5335497E-01 -1.4695983E-03
      1427  1.5412366E-01 -1.4990638E-03
      1428  1.5489621E-01 -1.5291177E-03
      1429  1.5567263E-01 -1.5597719E-03
      1430  1.5645294E-01 -1.5910381E-03
      1431  1.5723717E-01 -1.6229286E-03
      1432  1.5802532E-01 -1.6554556E-03
      1433  1.5881743E-01 -1.6886320E-03
      1434  1.5961350E-01 -1.7224704E-03
      1435  1.6041357E-01 -1.7569841E-03
      1436  1.6121764E-01 -1.7921865E-03
      1437  1.6202575E-01 -1.8280911E-03
      1438  1.6283791E-01 -1.8647120E-03
      1439  1.6365414E-01 -1.9020632E-03
      1440  1.6447446E-01 -1.9401594E-03
      1441  1.6529889E-01 -1.9790152E-03
      1442  1.6612745E-01 -2.0186456E-03
      1443  1.6696017E-01 -2.0590661E-03
      1444  1.6779706E-01 -2.1002922E-03
      1445  1.6863815E-01 -2.1423399E-03
      1446  1.6948345E-01 -2.1852255E-03
      1447  1.7033299E-01 -2.2289655E-03
      1448  1.7118679E-01 -2.2735768E-03
      1449  1.7204486E-01 -2.3190767E-03
      1450  1.7290724E-01 -2.3654828E-03
      1451  1.7377394E-01 -2.4128128E-03
      1452  1.7464499E-01 -2.4610852E-03
      1453  1.7552040E-01 -2.5103184E-03
      1454  1.7640020E-01 -2.5605316E-03
      1455  1.7728441E-01 -2.6117440E-03
      1456  1.7817305E-01 -2.6639754E-03
      1457  1.7906615E-01 -2.7172458E-03
      1458  1.7996372E-01 -2.7715759E-03
      1459  1.8086579E-01 -2.8269864E-03
      1460  1.8177239E-01 -2.8834987E-03
      1461  1.8268352E-01 -2.9411346E-03
      1462  1.8359923E-01 -2.9999161E-03
      1463  1.8451952E-01 -3.0598658E-03
      1464  1.8544443E-01 -3.1210069E-03
      1465  1.8637398E-01 -3.1833627E-03
      1466  1.8730818E-01 -3.2469571E-03
      1467  1.8824707E-01 -3.3118146E-03
      1468  1.8919066E-01 -3.3779600E-03
      1469  1.9013898E-01 -3.4454186E-03
      1470  1.9109206E-01 -3.5142163E-03
      1471  1.9204991E-01 -3.5843794E-03
      1472  1.9301256E-01 -3.6559348E-03
      1473  1.9398004E-01 -3.7289098E-03
      1474  1.9495237E-01 -3.8033323E-03
      1475  1.9592957E-01 -3.8792308E-03
      1476  1.9691168E-01 -3.9566342E-03
      1477  1.9789870E-01 -4.0355721E-03
      1478  1.9889067E-01 -4.1160746E-03
      1479  1.9988761E-01 -4.1981723E-03
      1480  2.0088955E-01 -4.2818967E-03
      1481  2.0189652E-01 -4.3672795E-03
      1482  2.0290853E-01 -4.4543533E-03
      1483  2.0392561E-01 -4.5431512E-03
      1484  2.0494779E-01 -4.6337070E-03
      1485  2.0597510E-01 -4.7260552E-03
      1486  2.0700755E-01 -4.8202307E-03
      1487  2.0804518E-01 -4.9162694E-03
      1488  2.0908801E-01 -5.0142077E-03
      1489  2.1013607E-01 -5.1140828E-03
      1490  2.1118938E-01 -5.2159325E-03
      1491  2.1224797E-01 -5.3197954E-03
      1492  2.1331187E-01 -5.4257109E-03
      1493  2.1438110E-01 -5.5337190E-03
      1494  2.1545569E-01 -5.6438606E-03
      1495  2.1653567E-01 -5.7561773E-03
      1496  2.1762106E-01 -5.8707116E-03
      1497  2.1871189E-01 -5.9875066E-03
      1498  2.1980818E-01 -6.1066065E-03
      1499  2.2090998E-01 -6.2280562E-03
      1500  2.2201729E-01 -6.3519015E-03
      1501  2.2313016E-01 -6.4781889E-03
      1502  2.2424860E-01 -6.6069661E-03
      1503  2.2537266E-01 -6.7382815E-03
      1504  2.2650234E-01 -6.8721843E-03
      1505  2.2763769E-01 -7.0087250E-03
      1506  2.2877873E-01 -7.1479548E-03
      1507  2.2992549E-01 -7.2899259E-03
      1508  2.3107799E-01 -7.4346916E-03
      1509  2.3223627E-01 -7.5823060E-03
      1510  2.3340036E-01 -7.7328244E-03
      1511  2.3457029E-01 -7.8863032E-03
      1512  2.3574608E-01 -8.0427998E-03
      1513  2.3692776E-01 -8.2023725E-03
      1514  2.3811536E-01 -8.3650810E-03
      1515  2.3930892E-01 -8.5309860E-03
      1516  2.4050846E-01 -8.7001493E-03
      1517  2.4171402E-01 -8.8726338E-03
      1518  2.4292561E-01 -9.0485039E-03
      1519  2.4414328E-01 -9.2278249E-03
      1520  2.4536706E-01 -9.4106635E-03
      1521  2.4659696E-01 -9.5970875E-03
      1522  2.4783304E-01 -9.7871661E-03
      1523  2.4907530E-01 -9.9809698E-03
      1524  2.5032380E-01 -1.0178570E-02
      1525  2.5157855E-01 -1.0380041E-02
      1526  2.5283960E-01 -1.0585456E-02
      1527  2.5410696E-01 -1.0794892E-02
      1528  2.5538068E-01 -1.1008425E-02
      1529  2.5666078E-01 -1.1226135E-02
      1530  2.5794729E-01 -1.1448101E-02
      1531  2.5924026E-01 -1.1674406E-02
      1532  2.6053971E-01 -1.1905133E-02
      1533  2.6184567E-01 -1.2140366E-02
      1534  2.6315818E-01 -1.2380193E-02
      1535  2.6447726E-01 -1.2624700E-02
      1536  2.6580296E-01 -1.2873977E-02
      1537  2.6713530E-01 -1.3128117E-02
      1538  2.6847432E-01 -1.3387211E-02
      1539  2.6982006E-01 -1.3651355E-02
      1540  2.7117254E-01 -1.3920645E-02
      1541  2.7253179E-01 -1.4195179E-02
      1542  2.7389786E-01 -1.4475057E-02
      1543  2.7527078E-01 -1.4760382E-02
      1544  2.7665058E-01 -1.5051256E-02
      1545  2.7803730E-01 -1.5347786E-02
      1546  2.7943097E-01 -1.5650079E-02
      1547  2.8083162E-01 -1.5958245E-02
      1548  2.8223930E-01 -1.6272395E-02
      1549  2.8365403E-01 -1.6592644E-02
      1550  2.8507585E-01 -1.6919106E-02
      1551  2.8650480E-01 -1.7251900E-02
      1552  2.8794091E-01 -1.7591145E-02
      1553  2.8938422E-01 -1.7936964E-02
      1554  2.9083476E-01 -1.8289481E-02
      1555  2.9229258E-01 -1.8648823E-02
      1556  2.9375770E-01 -1.9015119E-02
      1557  2.9523017E-01 -1.9388500E-02
      1558  2.9671001E-01 -1.9769100E-02
      1559  2.9819728E-01 -2.0157055E-02
      1560  2.9969200E-01 -2.0552503E-02
      1561  3.0119421E-01 -2.0955585E-02
      1562  3.0270395E-01 -2.1366446E-02
      1563  3.0422126E-01 -2.1785231E-02
      1564  3.0574618E-01 -2.2212089E-02
      1565  3.0727874E-01 -2.2647172E-02
      1566  3.0881898E-01 -2.3090633E-02
      1567  3.1036694E-01 -2.3542630E-02
      1568  3.1192266E-01 -2.4003323E-02
      1569  3.1348618E-01 -2.4472874E-02
      1570  3.1505754E-01 -2.4951448E-02
      1571  3.1663677E-01 -2.5439214E-02
      1572  3.1822392E-01 -2.5936344E-02
      1573  3.1981902E-01 -2.6443012E-02
      1574  3.2142212E-01 -2.6959395E-02
      1575  3.2303326E-01 -2.7485674E-02
      1576  3.2465247E-01 -2.8022034E-02
      1577  3.2627979E-01 -2.8568660E-02
      1578  3.2791528E-01 -2.9125744E-02
      1579  3.2955896E-01 -2.9693480E-02
      1580  3.3121088E-01 -3.0272064E-02
      1581  3.3287108E-01 -3.0861697E-02
      1582  3.3453961E-01 -3.1462583E-02
      1583  3.3621649E-01 -3.2074930E-02
      1584  3.3790179E-01 -3.2698950E-02
      1585  3.3959553E-01 -3.3334856E-02
      1586  3.4129776E-01 -3.3982867E-02
      1587  3.4300852E-01 -3.4643207E-02
      1588  3.4472785E-01 -3.5316101E-02
      1589  3.4645581E-01 -3.6001780E-02
      1590  3.4819243E-01 -3.6700477E-02
      1591  3.4993775E-01 -3.7412431E-02
      1592  3.5169182E-01 -3.8137883E-02
      1593  3.5345468E-01 -3.8877081E-02
      1594  3.5522638E-01 -3.9630275E-02
      1595  3.5700696E-01 -4.0397719E-02
      1596  3.5879647E-01 -4.1179673E-02
      1597  3.6059494E-01 -4.1976400E-02
      1598  3.6240243E-01 -4.2788167E-02
      1599  3.6421898E-01 -4.3615249E-02
      1600  3.6604463E-01 -4.4457921E-02
      1601  3.6787944E-01 -4.5316465E-02
      1602  3.6972344E-01 -4.6191167E-02
      1603  3.7157669E-01 -4.7082319E-02
      1604  3.7343923E-01 -4.7990217E-02
      1605  3.7531110E-01 -4.8915161E-02
      1606  3.7719235E-01 -4.9857458E-02
      1607  3.7908304E-01 -5.0817417E-02
      1608  3.8098320E-01 -5.1795356E-02
      1609  3.8289289E-01 -5.2791596E-02
      1610  3.8481214E-01 -5.3806462E-02
      1611  3.8674102E-01 -5.4840287E-02
      1612  3.8867957E-01 -5.5893408E-02
      1613  3.9062784E-01 -5.6966167E-02
      1614  3.9258587E-01 -5.8058913E-02
      1615  3.9455371E-01 -5.9171999E-02
      1616  3.9653142E-01 -6.0305785E-02
      1617  3.9851904E-01 -6.1460636E-02
      1618  4.0051663E-01 -6.2636923E-02
      1619  4.0252422E-01 -6.3835023E-02
      1620  4.0454189E-01 -6.5055319E-02
      1621  4.0656966E-01 -6.6298199E-02
      1622  4.0860760E-01 -6.7564059E-02
      1623  4.1065575E-01 -6.8853300E-02
      1624  4.1271417E-01 -7.0166329E-02
      1625  4.1478291E-01 -7.1503560E-02
      1626  4.1686202E-01 -7.2865414E-02
      1627  4.1895155E-01 -7.4252317E-02
      1628  4.2105155E-01 -7.5664702E-02
      1629  4.2316208E-01 -7.7103009E-02
      1630  4.2528319E-01 -7.8567685E-02
      1631  4.2741493E-01 -8.0059183E-02
      1632  4.2955736E-01 -8.1577964E-02
      1633  4.3171052E-01 -8.3124493E-02
      1634  4.3387448E-01 -8.4699247E-02
      1635  4.3604929E-01 -8.6302704E-02
      1636  4.3823499E-01 -8.7935355E-02
      1637  4.4043165E-01 -8.9597694E-02
      1638  4.4263933E-01 -9.1290224E-02
      1639  4.4485807E-01 -9.3013455E-02
      1640  4.4708793E-01 -9.4767904E-02
      1641  4.4932896E-01 -9.6554097E-02
      1642  4.5158123E-01 -9.8372566E-02
      1643  4.5384480E-01 -1.0022385E-01
      1644  4.5611970E-01 -1.0210850E-01
      1645  4.5840601E-01 -1.0402707E-01
      1646  4.6070378E-01 -1.0598012E-01
      1647  4.6301307E-01 -1.0796823E-01
      1648  4.6533393E-01 -1.0999196E-01
      1649  4.6766643E-01 -1.1205192E-01
      1650  4.7001061E-01 -1.1414869E-01
      1651  4.7236655E-01 -1.1628288E-01
      1652  4.7473430E-01 -1.1845510E-01
      1653  4.7711392E-01 -1.2066597E-01
      1654  4.7950546E-01 -1.2291611E-01
      1655  4.8190899E-01 -1.2520617E-01
      1656  4.8432457E-01 -1.2753678E-01
      1657  4.8675226E-01 -1.2990860E-01
      1658  4.8919211E-01 -1.3232229E-01
      1659  4.9164420E-01 -1.3477852E-01
      1660  4.9410857E-01 -1.3727797E-01
      1661  4.9658530E-01 -1.3982132E-01
      1662  4.9907445E-01 -1.4240926E-01
      1663  5.0157607E-01 -1.4504251E-01
      1664  5.0409023E-01 -1.4772178E-01
      1665  5.0661699E-01 -1.5044778E-01
      1666  5.0915642E-01 -1.5322124E-01
      1667  5.1170858E-01 -1.5604290E-01
      1668  5.1427353E-01 -1.5891351E-01
      1669  5.1685133E-01 -1.6183382E-01
      1670  5.1944206E-01 -1.6480460E-01
      1671  5.2204578E-01 -1.6782661E-01
      1672  5.2466254E-01 -1.7090064E-01
      1673  5.2729242E-01 -1.7402749E-01
      1674  5.2993549E-01 -1.7720793E-01
      1675  5.3259180E-01 -1.8044279E-01
      1676  5.3526143E-01 -1.8373288E-01
      1677  5.3794444E-01 -1.8707901E-01
      1678  5.4064090E-01 -1.9048203E-01
      1679  5.4335087E-01 -1.9394277E-01
      1680  5.4607443E-01 -1.9746207E-01
      1681  5.4881164E-01 -2.0104080E-01
      1682  5.5156257E-01 -2.0467982E-01
      1683  5.5432728E-01 -2.0838001E-01
      1684  5.5710586E-01 -2.1214223E-01
      1685  5.5989837E-01 -2.1596738E-01
      1686  5.6270487E-01 -2.1985636E-01
      1687  5.6552544E-01 -2.2381007E-01
      1688  5.6836015E-01 -2.2782942E-01
      1689  5.7120906E-01 -2.3191533E-01
      1690  5.7407226E-01 -2.3606871E-01
      1691  5.7694981E-01 -2.4029052E-01
      1692  5.7984178E-01 -2.4458168E-01
      1693  5.8274825E-01 -2.4894313E-01
      1694  5.8566929E-01 -2.5337584E-01
      1695  5.8860497E-01 -2.5788076E-01
      1696  5.9155536E-01 -2.6245886E-01
      1697  5.9452055E-01 -2.6711110E-01
      1698  5.9750059E-01 -2.7183846E-01
      1699  6.0049558E-01 -2.7664192E-01
      1700  6.0350558E-01 -2.8152247E-01
      1701  6.0653066E-01 -2.8648109E-01
      1702  6.0957091E-01 -2.9151880E-01
      1703  6.1262639E-01 -2.9663657E-01
      1704  6.1569720E-01 -3.0183542E-01
      1705  6.1878339E-01 -3.0711636E-01
      1706  6.2188506E-01 -3.1248038E-01
      1707  6.2500227E-01 -3.1792852E-01
      1708  6.2813511E-01 -3.2346177E-01
      1709  6.3128365E-01 -3.2908116E-01
      1710  6.3444797E-01 -3.3478770E-01
      1711  6.3762815E-01 -3.4058241E-01
      1712  6.4082428E-01 -3.4646632E-01
      1713  6.4403642E-01 -3.5244044E-01
      1714  6.4726467E-01 -3.5850579E-01
      1715  6.5050909E-01 -3.6466339E-01
      1716  6.5376979E-01 -3.7091425E-01
      1717  6.5704682E-01 -3.7725939E-01
      1718  6.6034028E-01 -3.8369983E-01
      1719  6.6365025E-01 -3.9023655E-01
      1720  6.6697681E-01 -3.9687058E-01
      1721  6.7032005E-01 -4.0360291E-01
      1722  6.7368004E-01 -4.1043452E-01
      1723  6.7705687E-01 -4.1736642E-01
      1724  6.8045064E-01 -4.2439957E-01
      1725  6.8386141E-01 -4.3153495E-01
      1726  6.8728928E-01 -4.3877352E-01
      1727  6.9073433E-01 -4.4611624E-01
      1728  6.9419665E-01 -4.5356404E-01
      1729  6.9767633E-01 -4.6111786E-01
      1730  7.0117344E-01 -4.6877861E-01
      1731  7.0468809E-01 -4.7654721E-01
      1732  7.0822035E-01 -4.8442454E-01
      1733  7.1177032E-01 -4.9241148E-01
      1734  7.1533809E-01 -5.0050888E-01
      1735  7.1892373E-01 -5.0871760E-01
      1736  7.2252735E-01 -5.1703844E-01
      1737  7.2614904E-01 -5.2547221E-01
      1738  7.2978887E-01 -5.3401969E-01
      1739  7.3344696E-01 -5.4268164E-01
      1740  7.3712337E-01 -5.5145879E-01
      1741  7.4081822E-01 -5.6035186E-01
      1742  7.4453159E-01 -5.6936151E-01
      1743  7.4826357E-01 -5.7848841E-01
      1744  7.5201425E-01 -5.8773317E-01
      1745  7.5578374E-01 -5.9709639E-01
      1746  7.5957212E-01 -6.0657863E-01
      1747  7.6337949E-01 -6.1618041E-01
      1748  7.6720595E-01 -6.2590221E-01
      1749  7.7105159E-01 -6.3574448E-01
      1750  7.7491650E-01 -6.4570765E-01
      1751  7.7880078E-01 -6.5579206E-01
      1752  7.8270454E-01 -6.6599804E-01
      1753  7.8662786E-01 -6.7632587E-01
      1754  7.9057085E-01 -6.8677579E-01
      1755  7.9453360E-01 -6.9734796E-01
      1756  7.9851622E-01 -7.0804252E-01
      1757  8.0251880E-01 -7.1885954E-01
      1758  8.0654144E-01 -7.2979904E-01
      1759  8.1058425E-01 -7.4086096E-01
      1760  8.1464732E-01 -7.5204522E-01
      1761  8.1873075E-01 -7.6335164E-01
      1762  8.2283466E-01 -7.7477999E-01
      1763  8.2695913E-01 -7.8632997E-01
      1764  8.3110428E-01 -7.9800120E-01
      1765  8.3527021E-01 -8.0979324E-01
      1766  8.3945702E-01 -8.2170557E-01
      1767  8.4366482E-01 -8.3373756E-01
      1768  8.4789370E-01 -8.4588856E-01
      1769  8.5214379E-01 -8.5815777E-01
      1770  8.5641518E-01 -8.7054435E-01
      1771  8.6070798E-01 -8.8304733E-01
      1772  8.6502229E-01 -8.9566568E-01
      1773  8.6935824E-01 -9.0839825E-01
      1774  8.7371591E-01 -9.2124379E-01
      1775  8.7809543E-01 -9.3420096E-01
      1776  8.8249690E-01 -9.4726829E-01
      1777  8.8692044E-01 -9.6044422E-01
      1778  8.9136614E-01 -9.7372706E-01
      1779  8.9583414E-01 -9.8711502E-01
      1780  9.0032452E-01 -1.0006062E+00
      1781  9.0483742E-01 -1.0141984E+00
      1782  9.0937293E-01 -1.0278897E+00
      1783  9.1393119E-01 -1.0416775E+00
      1784  9.1851228E-01 -1.0555596E+00
      1785  9.2311635E-01 -1.0695333E+00
      1786  9.2774349E-01 -1.0835958E+00
      1787  9.3239382E-01 -1.0977443E+00
      1788  9.3706746E-01 -1.1119757E+00
      1789  9.4176453E-01 -1.1262868E+00
      1790  9.4648515E-01 -1.1406743E+00
      1791  9.5122942E-01 -1.1551346E+00
      1792  9.5599748E-01 -1.1696640E+00
      1793  9.6078944E-01 -1.1842587E+00
      1794  9.6560542E-01 -1.1989146E+00
      1795  9.7044553E-01 -1.2136274E+00
      1796  9.7530991E-01 -1.2283927E+00
      1797  9.8019867E-01 -1.2432059E+00
      1798  9.8511194E-01 -1.2580621E+00
      1799  9.9004983E-01 -1.2729564E+00
      1800  9.9501248E-01 -1.2878834E+00
      1801  1.0000000E+00 -1.3028378E+00
      1802  1.0050125E+00 -1.3178138E+00
      1803  1.0100502E+00 -1.3328056E+00
      1804  1.0151131E+00 -1.3478070E+00
      1805  1.0202013E+00 -1.3628117E+00
      1806  1.0253151E+00 -1.3778132E+00
      1807  1.0304545E+00 -1.3928044E+00
      1808  1.0356197E+00 -1.4077785E+00
      1809  1.0408108E+00 -1.4227280E+00
      1810  1.0460279E+00 -1.4376454E+00
      1811  1.0512711E+00 -1.4525228E+00
      1812  1.0565406E+00 -1.4673521E+00
      1813  1.0618365E+00 -1.4821249E+00
      1814  1.0671590E+00 -1.4968325E+00
      1815  1.0725082E+00 -1.5114660E+00
      1816  1.0778842E+00 -1.5260162E+00
      1817  1.0832871E+00 -1.5404736E+00
      1818  1.0887171E+00 -1.5548283E+00
      1819  1.0941743E+00 -1.5690702E+00
      1820  1.0996589E+00 -1.5831890E+00
      1821  1.1051709E+00 -1.5971738E+00
      1822  1.1107106E+00 -1.6110138E+00
      1823  1.1162781E+00 -1.6246975E+00
      1824  1.1218734E+00 -1.6382134E+00
      1825  1.1274969E+00 -1.6515493E+00
      1826  1.1331485E+00 -1.6646931E+00
      1827  1.1388284E+00 -1.6776322E+00
      1828  1.1445368E+00 -1.6903535E+00
      1829  1.1502738E+00 -1.7028438E+00
      1830  1.1560396E+00 -1.7150895E+00
      1831  1.1618342E+00 -1.7270766E+00
      1832  1.1676580E+00 -1.7387909E+00
      1833  1.1735109E+00 -1.7502177E+00
      1834  1.1793931E+00 -1.7613421E+00
      1835  1.1853049E+00 -1.7721488E+00
      1836  1.1912462E+00 -1.7826222E+00
      1837  1.1972174E+00 -1.7927463E+00
      1838  1.2032184E+00 -1.8025048E+00
      1839  1.2092496E+00 -1.8118810E+00
      1840  1.2153110E+00 -1.8208581E+00
      1841  1.2214028E+00 -1.8294185E+00
      1842  1.2275251E+00 -1.8375449E+00
      1843  1.2336781E+00 -1.8452191E+00
      1844  1.2398619E+00 -1.8524229E+00
      1845  1.2460767E+00 -1.8591376E+00
      1846  1.2523227E+00 -1.8653445E+00
      1847  1.2586000E+00 -1.8710242E+00
      1848  1.2649088E+00 -1.8761573E+00
      1849  1.2712492E+00 -1.8807240E+00
      1850  1.2776213E+00 -1.8847041E+00
      1851  1.2840254E+00 -1.8880773E+00
      1852  1.2904616E+00 -1.8908230E+00
      1853  1.2969301E+00 -1.8929203E+00
      1854  1.3034310E+00 -1.8943481E+00
      1855  1.3099645E+00 -1.8950851E+00
      1856  1.3165307E+00 -1.8951096E+00
      1857  1.3231298E+00 -1.8944000E+00
      1858  1.3297620E+00 -1.8929343E+00
      1859  1.3364275E+00 -1.8906903E+00
      1860  1.3431264E+00 -1.8876460E+00
      1861  1.3498588E+00 -1.8837787E+00
      1862  1.3566250E+00 -1.8790662E+00
      1863  1.3634251E+00 -1.8734858E+00
      1864  1.3702593E+00 -1.8670149E+00
      1865  1.3771278E+00 -1.8596309E+00
      1866  1.3840306E+00 -1.8513110E+00
      1867  1.3909681E+00 -1.8420326E+00
      1868  1.3979404E+00 -1.8317731E+00
      1869  1.4049476E+00 -1.8205101E+00
      1870  1.4119899E+00 -1.8082211E+00
      1871  1.4190675E+00 -1.7948838E+00
      1872  1.4261807E+00 -1.7804763E+00
      1873  1.4333294E+00 -1.7649765E+00
      1874  1.4405140E+00 -1.7483630E+00
      1875  1.4477346E+00 -1.7306145E+00
      1876  1.4549914E+00 -1.7117101E+00
      1877  1.4622846E+00 -1.6916291E+00
      1878  1.4696143E+00 -1.6703516E+00
      1879  1.4769808E+00 -1.6478579E+00
      1880  1.4843842E+00 -1.6241290E+00
      1881  1.4918247E+00 -1.5991464E+00
      1882  1.4993025E+00 -1.5728923E+00
      1883  1.5068178E+00 -1.5453497E+00
      1884  1.5143707E+00 -1.5165022E+00
      1885  1.5219616E+00 -1.4863343E+00
      1886  1.5295904E+00 -1.4548314E+00
      1887  1.5372575E+00 -1.4219800E+00
      1888  1.5449631E+00 -1.3877675E+00
      1889  1.5527072E+00 -1.3521824E+00
      1890  1.5604902E+00 -1.3152144E+00
      1891  1.5683122E+00 -1.2768546E+00
      1892  1.5761734E+00 -1.2370952E+00
      1893  1.5840740E+00 -1.1959301E+00
      1894  1.5920142E+00 -1.1533545E+00
      1895  1.5999942E+00 -1.1093652E+00
      1896  1.6080142E+00 -1.0639608E+00
      1897  1.6160744E+00 -1.0171417E+00
      1898  1.6241750E+00 -9.6890988E-01
      1899  1.6323162E+00 -9.1926970E-01
      1900  1.6404982E+00 -8.6822718E-01
      1901  1.6487213E+00 -8.1579085E-01
      1902  1.6569855E+00 -7.6197123E-01
      1903  1.6652912E+00 -7.0678137E-01
      1904  1.6736385E+00 -6.5023675E-01
      1905  1.6820276E+00 -5.9235536E-01
      1906  1.6904588E+00 -5.3315806E-01
      1907  1.6989323E+00 -4.7266823E-01
      1908  1.7074482E+00 -4.1091252E-01
      1909  1.7160069E+00 -3.4792023E-01
      1910  1.7246084E+00 -2.8372414E-01
      1911  1.7332530E+00 -2.1836005E-01
      1912  1.7419410E+00 -1.5186726E-01
      1913  1.7506725E+00 -8.4288574E-02
      1914  1.7594478E+00 -1.5670247E-02
      1915  1.7682671E+00  5.3937432E-02
      1916  1.7771305E+00  1.2448071E-01
      1917  1.7860384E+00  1.9590147E-01
      1918  1.7949910E+00  2.6813785E-01
      1919  1.8039884E+00  3.4112354E-01
      1920  1.8130309E+00  4.1478803E-01
      1921  1.8221188E+00  4.8905640E-01
      1922  1.8312522E+00  5.6384903E-01
      1923  1.8404314E+00  6.3908192E-01
      1924  1.8496566E+00  7.1466595E-01
      1925  1.8589280E+00  7.9050752E-01
      1926  1.8682460E+00  8.6650770E-01
      1927  1.8776106E+00  9.4256277E-01
      1928  1.8870221E+00  1.0185637E+00
      1929  1.8964809E+00  1.0943963E+00
      1930  1.9059870E+00  1.1699410E+00
      1931  1.9155408E+00  1.2450728E+00
      1932  1.9251425E+00  1.3196615E+00
      1933  1.9347923E+00  1.3935708E+00
      1934  1.9444905E+00  1.4666594E+00
      1935  1.9542373E+00  1.5387801E+00
      1936  1.9640330E+00  1.6097800E+00
      1937  1.9738777E+00  1.6795006E+00
      1938  1.9837718E+00  1.7477777E+00
      1939  1.9937155E+00  1.8144413E+00
      1940  2.0037091E+00  1.8793158E+00
      1941  2.0137527E+00  1.9422198E+00
      1942  2.0238467E+00  2.0029663E+00
      1943  2.0339913E+00  2.0613628E+00
      1944  2.0441867E+00  2.1172112E+00
      1945  2.0544332E+00  2.1703079E+00
      1946  2.0647311E+00  2.2204440E+00
      1947  2.0750806E+00  2.2674053E+00
      1948  2.0854820E+00  2.3109727E+00
      1949  2.0959355E+00  2.3509220E+00
      1950  2.1064414E+00  2.3870243E+00
      1951  2.1170000E+00  2.4190460E+00
      1952  2.1276115E+00  2.4467494E+00
      1953  2.1382762E+00  2.4698926E+00
      1954  2.1489944E+00  2.4882301E+00
      1955  2.1597663E+00  2.5015123E+00
      1956  2.1705921E+00  2.5094872E+00
      1957  2.1814723E+00  2.5118991E+00
      1958  2.1924069E+00  2.5084913E+00
      1959  2.2033964E+00  2.4990034E+00
      1960  2.2144410E+00  2.4831727E+00
      1961  2.2255409E+00  2.4607395E+00
      1962  2.2366965E+00  2.4314460E+00
      1963  2.2479080E+00  2.3950132E+00
      1964  2.2591757E+00  2.3511680E+00
      1965  2.2704998E+00  2.2997301E+00
      1966  2.2818808E+00  2.2404169E+00
      1967  2.2933187E+00  2.1726316E+00
      1968  2.3048140E+00  2.0964978E+00
      1969  2.3163670E+00  2.0132392E+00
      1970  2.3279778E+00  1.9241627E+00
      1971  2.3396469E+00  1.8304078E+00
      1972  2.3513744E+00  1.7318677E+00
      1973  2.3631607E+00  1.6279893E+00
      1974  2.3750061E+00  1.5186126E+00
      1975  2.3869109E+00  1.4035628E+00
      1976  2.3988753E+00  1.2824694E+00
      1977  2.4108997E+00  1.1553097E+00
      1978  2.4229844E+00  1.0223221E+00
      1979  2.4351297E+00  8.8207408E-01
      1980  2.4473358E+00  7.3341125E-01
      1981  2.4596031E+00  5.8241759E-01
      1982  2.4719319E+00  4.2798754E-01
      1983  2.4843225E+00  2.4273615E-01
      1984  2.4967753E+00  5.3871686E-02
      1985  2.5092904E+00 -2.6539683E-02
      1986  2.5218683E+00 -6.2354716E-03
      1987  2.5345092E+00  0.0000000E+00
      1988  2.5472135E+00  0.0000000E+00
      1989  2.5599814E+00  0.0000000E+00
      1990  2.5728134E+00  0.0000000E+00
      1991  2.5857097E+00  0.0000000E+00
      1992  2.5986706E+00  0.0000000E+00
      1993  2.6116965E+00  0.0000000E+00
      1994  2.6247877E+00  0.0000000E+00
      1995  2.6379445E+00  0.0000000E+00
      1996  2.6511672E+00  0.0000000E+00
      1997  2.6644562E+00  0.0000000E+00
      1998  2.6778119E+00  0.0000000E+00
      1999  2.6912345E+00  0.0000000E+00
      2000  2.7047243E+00  0.0000000E+00
      2001  2.7182818E+00  0.0000000E+00
      2002  2.7319073E+00  0.0000000E+00
      2003  2.7456010E+00  0.0000000E+00
      2004  2.7593634E+00  0.0000000E+00
      2005  2.7731948E+00  0.0000000E+00
      2006  2.7870955E+00  0.0000000E+00
      2007  2.8010658E+00  0.0000000E+00
      2008  2.8151062E+00  0.0000000E+00
      2009  2.8292170E+00  0.0000000E+00
      2010  2.8433985E+00  0.0000000E+00
      2011  2.8576511E+00  0.0000000E+00
      2012  2.8719752E+00  0.0000000E+00
      2013  2.8863710E+00  0.0000000E+00
      2014  2.9008390E+00  0.0000000E+00
      2015  2.9153795E+00  0.0000000E+00
      2016  2.9299929E+00  0.0000000E+00
      2017  2.9446796E+00  0.0000000E+00
      2018  2.9594398E+00  0.0000000E+00
      2019  2.9742741E+00  0.0000000E+00
      2020  2.9891827E+00  0.0000000E+00
      2021  3.0041660E+00  0.0000000E+00
      2022  3.0192245E+00  0.0000000E+00
      2023  3.0343584E+00  0.0000000E+00
      2024  3.0495682E+00  0.0000000E+00
      2025  3.0648542E+00  0.0000000E+00
      2026  3.0802168E+00  0.0000000E+00
      2027  3.0956565E+00  0.0000000E+00
      2028  3.1111735E+00  0.0000000E+00
      2029  3.1267684E+00  0.0000000E+00
      2030  3.1424414E+00  0.0000000E+00
      2031  3.1581929E+00  0.0000000E+00
      2032  3.1740234E+00  0.0000000E+00
      2033  3.1899333E+00  0.0000000E+00
      2034  3.2059229E+00  0.0000000E+00
      2035  3.2219926E+00  0.0000000E+00
      2036  3.2381429E+00  0.0000000E+00
      2037  3.2543742E+00  0.0000000E+00
      2038  3.2706868E+00  0.0000000E+00
      2039  3.2870812E+00  0.0000000E+00
      2040  3.3035578E+00  0.0000000E+00
      2041  3.3201169E+00  0.0000000E+00
      2042  3.3367591E+00  0.0000000E+00
      2043  3.3534847E+00  0.0000000E+00
      2044  3.3702941E+00  0.0000000E+00
      2045  3.3871877E+00  0.0000000E+00
      2046  3.4041661E+00  0.0000000E+00
      2047  3.4212295E+00  0.0000000E+00
      2048  3.4383785E+00  0.0000000E+00
      2049  3.4556135E+00  0.0000000E+00
      2050  3.4729348E+00  0.0000000E+00
      2051  3.4903430E+00  0.0000000E+00
      2052  3.5078384E+00  0.0000000E+00
      2053  3.5254215E+00  0.0000000E+00
      2054  3.5430927E+00  0.0000000E+00
      2055  3.5608526E+00  0.0000000E+00
      2056  3.5787014E+00  0.0000000E+00
      2057  3.5966397E+00  0.0000000E+00
      2058  3.6146680E+00  0.0000000E+00
      2059  3.6327866E+00  0.0000000E+00
      2060  3.6509960E+00  0.0000000E+00
      2061  3.6692967E+00  0.0000000E+00
      2062  3.6876891E+00  0.0000000E+00
      2063  3.7061737E+00  0.0000000E+00
      2064  3.7247510E+00  0.0000000E+00
      2065  3.7434214E+00  0.0000000E+00
      2066  3.7621854E+00  0.0000000E+00
      2067  3.7810434E+00  0.0000000E+00
      2068  3.7999959E+00  0.0000000E+00
      2069  3.8190435E+00  0.0000000E+00
      2070  3.8381865E+00  0.0000000E+00
      2071  3.8574255E+00  0.0000000E+00
      2072  3.8767610E+00  0.0000000E+00
      2073  3.8961933E+00  0.0000000E+00
      2074  3.9157231E+00  0.0000000E+00
      2075  3.9353507E+00  0.0000000E+00
      2076  3.9550767E+00  0.0000000E+00
      2077  3.9749016E+00  0.0000000E+00
      2078  3.9948259E+00  0.0000000E+00
      2079  4.0148501E+00  0.0000000E+00
      2080  4.0349746E+00  0.0000000E+00
      2081  4.0552000E+00  0.0000000E+00
      2082  4.0755267E+00  0.0000000E+00
      2083  4.0959554E+00  0.0000000E+00
      2084  4.1164865E+00  0.0000000E+00
      2085  4.1371204E+00  0.0000000E+00
      2086  4.1578578E+00  0.0000000E+00
      2087  4.1786992E+00  0.0000000E+00
      2088  4.1996450E+00  0.0000000E+00
      2089  4.2206958E+00  0.0000000E+00
      2090  4.2418521E+00  0.0000000E+00
      2091  4.2631145E+00  0.0000000E+00
      2092  4.2844835E+00  0.0000000E+00
      2093  4.3059595E+00  0.0000000E+00
      2094  4.3275432E+00  0.0000000E+00
      2095  4.3492351E+00  0.0000000E+00
      2096  4.3710358E+00  0.0000000E+00
      2097  4.3929457E+00  0.0000000E+00
      2098  4.4149654E+00  0.0000000E+00
      2099  4.4370955E+00  0.0000000E+00
      2100  4.4593366E+00  0.0000000E+00
      2101  4.4816891E+00  0.0000000E+00
      2102  4.5041536E+00  0.0000000E+00
      2103  4.5267308E+00  0.0000000E+00
      2104  4.5494211E+00  0.0000000E+00
      2105  4.5722252E+00  0.0000000E+00
      2106  4.5951436E+00  0.0000000E+00
      2107  4.6181768E+00  0.0000000E+00
      2108  4.6413255E+00  0.0000000E+00
      2109  4.6645903E+00  0.0000000E+00
      2110  4.6879716E+00  0.0000000E+00
      2111  4.7114702E+00  0.0000000E+00
      2112  4.7350865E+00  0.0000000E+00
      2113  4.7588212E+00  0.0000000E+00
      2114  4.7826749E+00  0.0000000E+00
      2115  4.8066482E+00  0.0000000E+00
      2116  4.8307416E+00  0.0000000E+00
      2117  4.8549558E+00  0.0000000E+00
      2118  4.8792914E+00  0.0000000E+00
      2119  4.9037489E+00  0.0000000E+00
      2120  4.9283291E+00  0.0000000E+00
      2121  4.9530324E+00  0.0000000E+00
      2122  4.9778596E+00  0.0000000E+00
      2123  5.0028112E+00  0.0000000E+00
      2124  5.0278879E+00  0.0000000E+00
      2125  5.0530903E+00  0.0000000E+00
      2126  5.0784190E+00  0.0000000E+00
      2127  5.1038747E+00  0.0000000E+00
      2128  5.1294580E+00  0.0000000E+00
      2129  5.1551695E+00  0.0000000E+00
      2130  5.1810099E+00  0.0000000E+00
      2131  5.2069798E+00  0.0000000E+00
      2132  5.2330799E+00  0.0000000E+00
      2133  5.2593108E+00  0.0000000E+00
      2134  5.2856732E+00  0.0000000E+00
      2135  5.3121678E+00  0.0000000E+00
      2136  5.3387951E+00  0.0000000E+00
      2137  5.3655560E+00  0.0000000E+00
      2138  5.3924509E+00  0.0000000E+00
      2139  5.4194807E+00  0.0000000E+00
      2140  5.4466460E+00  0.0000000E+00
      2141  5.4739474E+00  0.0000000E+00
      2142  5.5013857E+00  0.0000000E+00
      2143  5.5289615E+00  0.0000000E+00
      2144  5.5566755E+00  0.0000000E+00
      2145  5.5845285E+00  0.0000000E+00
      2146  5.6125210E+00  0.0000000E+00
      2147  5.6406539E+00  0.0000000E+00
      2148  5.6689278E+00  0.0000000E+00
      2149  5.6973434E+00  0.0000000E+00
      2150  5.7259015E+00  0.0000000E+00
      2151  5.7546027E+00  0.0000000E+00
      2152  5.7834477E+00  0.0000000E+00
      2153  5.8124374E+00  0.0000000E+00
      2154  5.8415724E+00  0.0000000E+00
      2155  5.8708534E+00  0.0000000E+00
      2156  5.9002811E+00  0.0000000E+00
      2157  5.9298564E+00  0.0000000E+00
      2158  5.9595799E+00  0.0000000E+00
      2159  5.9894525E+00  0.0000000E+00
      2160  6.0194747E+00  0.0000000E+00
      2161  6.0496475E+00  0.0000000E+00
      2162  6.0799714E+00  0.0000000E+00
      2163  6.1104474E+00  0.0000000E+00
      2164  6.1410762E+00  0.0000000E+00
      2165  6.1718584E+00  0.0000000E+00
      2166  6.2027950E+00  0.0000000E+00
      2167  6.2338867E+00  0.0000000E+00
      2168  6.2651341E+00  0.0000000E+00
      2169  6.2965383E+00  0.0000000E+00
      2170  6.3280998E+00  0.0000000E+00
      2171  6.3598195E+00  0.0000000E+00
      2172  6.3916983E+00  0.0000000E+00
      2173  6.4237368E+00  0.0000000E+00
      2174  6.4559359E+00  0.0000000E+00
      2175  6.4882964E+00  0.0000000E+00
      2176  6.5208191E+00  0.0000000E+00
      2177  6.5535049E+00  0.0000000E+00
      2178  6.5863544E+00  0.0000000E+00
      2179  6.6193687E+00  0.0000000E+00
      2180  6.6525484E+00  0.0000000E+00
      2181  6.6858944E+00  0.0000000E+00
      2182  6.7194076E+00  0.0000000E+00
      2183  6.7530888E+00  0.0000000E+00
      2184  6.7869388E+00  0.0000000E+00
      2185  6.8209585E+00  0.0000000E+00
      2186  6.8551487E+00  0.0000000E+00
      2187  6.8895102E+00  0.0000000E+00
      2188  6.9240441E+00  0.0000000E+00
      2189  6.9587510E+00  0.0000000E+00
      2190  6.9936319E+00  0.0000000E+00
      2191  7.0286876E+00  0.0000000E+00
      2192  7.0639190E+00  0.0000000E+00
      2193  7.0993271E+00  0.0000000E+00
      2194  7.1349126E+00  0.0000000E+00
      2195  7.1706765E+00  0.0000000E+00
      2196  7.2066197E+00  0.0000000E+00
      2197  7.2427430E+00  0.0000000E+00
      2198  7.2790474E+00  0.0000000E+00
      2199  7.3155338E+00  0.0000000E+00
      2200  7.3522030E+00  0.0000000E+00
      2201  7.3890561E+00  0.0000000E+00
      2202  7.4260939E+00  0.0000000E+00
      2203  7.4633173E+00  0.0000000E+00
      2204  7.5007274E+00  0.0000000E+00
      2205  7.5383249E+00  0.0000000E+00
      2206  7.5761109E+00  0.0000000E+00
      2207  7.6140864E+00  0.0000000E+00
      2208  7.6522521E+00  0.0000000E+00
      2209  7.6906092E+00  0.0000000E+00
      2210  7.7291585E+00  0.0000000E+00
      2211  7.7679011E+00  0.0000000E+00
      2212  7.8068379E+00  0.0000000E+00
      2213  7.8459698E+00  0.0000000E+00
      2214  7.8852979E+00  0.0000000E+00
      2215  7.9248231E+00  0.0000000E+00
      2216  7.9645465E+00  0.0000000E+00
      2217  8.0044689E+00  0.0000000E+00
      2218  8.0445915E+00  0.0000000E+00
      2219  8.0849152E+00  0.0000000E+00
      2220  8.1254410E+00  0.0000000E+00
      2221  8.1661699E+00  0.0000000E+00
      2222  8.2071030E+00  0.0000000E+00
      2223  8.2482413E+00  0.0000000E+00
      2224  8.2895858E+00  0.0000000E+00
      2225  8.3311375E+00  0.0000000E+00
      2226  8.3728975E+00  0.0000000E+00
      2227  8.4148668E+00  0.0000000E+00
      2228  8.4570465E+00  0.0000000E+00
      2229  8.4994376E+00  0.0000000E+00
      2230  8.5420412E+00  0.0000000E+00
      2231  8.5848584E+00  0.0000000E+00
      2232  8.6278902E+00  0.0000000E+00
      2233  8.6711377E+00  0.0000000E+00
      2234  8.7146019E+00  0.0000000E+00
      2235  8.7582840E+00  0.0000000E+00
      2236  8.8021851E+00  0.0000000E+00
      2237  8.8463063E+00  0.0000000E+00
      2238  8.8906486E+00  0.0000000E+00
      2239  8.9352131E+00  0.0000000E+00
      2240  8.9800011E+00  0.0000000E+00
      2241  9.0250135E+00  0.0000000E+00
      2242  9.0702516E+00  0.0000000E+00
      2243  9.1157164E+00  0.0000000E+00
      2244  9.1614091E+00  0.0000000E+00
      2245  9.2073309E+00  0.0000000E+00
      2246  9.2534828E+00  0.0000000E+00
      2247  9.2998661E+00  0.0000000E+00
      2248  9.3464819E+00  0.0000000E+00
      2249  9.3933313E+00  0.0000000E+00
      2250  9.4404156E+00  0.0000000E+00
      2251  9.4877358E+00  0.0000000E+00
      2252  9.5352933E+00  0.0000000E+00
      2253  9.5830892E+00  0.0000000E+00
      2254  9.6311246E+00  0.0000000E+00
      2255  9.6794008E+00  0.0000000E+00
      2256  9.7279190E+00  0.0000000E+00
      2257  9.7766804E+00  0.0000000E+00
      2258  9.8256862E+00  0.0000000E+00
      2259  9.8749377E+00  0.0000000E+00
      2260  9.9244360E+00  0.0000000E+00
      2261  9.9741825E+00  0.0000000E+00
      2262  1.0024178E+01  0.0000000E+00
      2263  1.0074425E+01  0.0000000E+00
      2264  1.0124923E+01  0.0000000E+00
      2265  1.0175674E+01  0.0000000E+00
      2266  1.0226680E+01  0.0000000E+00
      2267  1.0277942E+01  0.0000000E+00
      2268  1.0329460E+01  0.0000000E+00
      2269  1.0381237E+01  0.0000000E+00
      2270  1.0433273E+01  0.0000000E+00
      2271  1.0485570E+01  0.0000000E+00
      2272  1.0538129E+01  0.0000000E+00
      2273  1.0590951E+01  0.0000000E+00
      2274  1.0644039E+01  0.0000000E+00
      2275  1.0697392E+01  0.0000000E+00
      2276  1.0751013E+01  0.0000000E+00
      2277  1.0804903E+01  0.0000000E+00
      2278  1.0859063E+01  0.0000000E+00
      2279  1.0913494E+01  0.0000000E+00
      2280  1.0968198E+01  0.0000000E+00
      2281  1.1023176E+01  0.0000000E+00
      2282  1.1078430E+01  0.0000000E+00
      2283  1.1133961E+01  0.0000000E+00
      2284  1.1189770E+01  0.0000000E+00
      2285  1.1245859E+01  0.0000000E+00
      2286  1.1302229E+01  0.0000000E+00
      2287  1.1358882E+01  0.0000000E+00
      2288  1.1415819E+01  0.0000000E+00
      2289  1.1473041E+01  0.0000000E+00
      2290  1.1530550E+01  0.0000000E+00
      2291  1.1588347E+01  0.0000000E+00
      2292  1.1646434E+01  0.0000000E+00
      2293  1.1704812E+01  0.0000000E+00
      2294  1.1763482E+01  0.0000000E+00
      2295  1.1822447E+01  0.0000000E+00
      2296  1.1881707E+01  0.0000000E+00
      2297  1.1941264E+01  0.0000000E+00
      2298  1.2001120E+01  0.0000000E+00
      2299  1.2061276E+01  0.0000000E+00
      2300  1.2121734E+01  0.0000000E+00
      2301  1.2182494E+01  0.0000000E+00
      2302  1.2243559E+01  0.0000000E+00
      2303  1.2304930E+01  0.0000000E+00
      2304  1.2366609E+01  0.0000000E+00
      2305  1.2428597E+01  0.0000000E+00
      2306  1.2490895E+01  0.0000000E+00
      2307  1.2553506E+01  0.0000000E+00
      2308  1.2616431E+01  0.0000000E+00
      2309  1.2679671E+01  0.0000000E+00
      2310  1.2743228E+01  0.0000000E+00
      2311  1.2807104E+01  0.0000000E+00
      2312  1.2871300E+01  0.0000000E+00
      2313  1.2935817E+01  0.0000000E+00
      2314  1.3000658E+01  0.0000000E+00
      2315  1.3065824E+01  0.0000000E+00
      2316  1.3131317E+01  0.0000000E+00
      2317  1.3197138E+01  0.0000000E+00
      2318  1.3263289E+01  0.0000000E+00
      2319  1.3329772E+01  0.0000000E+00
      2320  1.3396587E+01  0.0000000E+00
      2321  1.3463738E+01  0.0000000E+00
      2322  1.3531225E+01  0.0000000E+00
      2323  1.3599051E+01  0.0000000E+00
      2324  1.3667216E+01  0.0000000E+00
      2325  1.3735724E+01  0.0000000E+00
      2326  1.3804574E+01  0.0000000E+00
      2327  1.3873770E+01  0.0000000E+00
      2328  1.3943312E+01  0.0000000E+00
      2329  1.4013204E+01  0.0000000E+00
      2330  1.4083445E+01  0.0000000E+00
      2331  1.4154039E+01  0.0000000E+00
      2332  1.4224986E+01  0.0000000E+00
      2333  1.4296289E+01  0.0000000E+00
      2334  1.4367950E+01  0.0000000E+00
      2335  1.4439969E+01  0.0000000E+00
      2336  1.4512350E+01  0.0000000E+00
      2337  1.4585093E+01  0.0000000E+00
      2338  1.4658201E+01  0.0000000E+00
      2339  1.4731676E+01  0.0000000E+00
      2340  1.4805519E+01  0.0000000E+00
      2341  1.4879732E+01  0.0000000E+00
      2342  1.4954317E+01  0.0000000E+00
