         1  1.2340980E-04 -1.1098296E-03
         2  1.2402840E-04 -1.1153926E-03
         3  1.2465009E-04 -1.1209835E-03
         4  1.2527490E-04 -1.1266025E-03
         5  1.2590285E-04 -1.1322496E-03
         6  1.2653394E-04 -1.1379250E-03
         7  1.2716819E-04 -1.1436289E-03
         8  1.2780563E-04 -1.1493614E-03
         9  1.2844625E-04 -1.1551226E-03
        10  1.2909009E-04 -1.1609126E-03
        11  1.2973716E-04 -1.1667317E-03
        12  1.3038747E-04 -1.1725800E-03
        13  1.3104104E-04 -1.1784576E-03
        14  1.3169789E-04 -1.1843646E-03
        15  1.3235802E-04 -1.1903013E-03
        16  1.3302147E-04 -1.1962677E-03
        17  1.3368824E-04 -1.2022640E-03
        18  1.3435836E-04 -1.2082904E-03
        19  1.3503183E-04 -1.2143470E-03
        20  1.3570868E-04 -1.2204339E-03
        21  1.3638893E-04 -1.2265514E-03
        22  1.3707258E-04 -1.2326995E-03
        23  1.3775966E-04 -1.2388784E-03
        24  1.3845018E-04 -1.2450883E-03
        25  1.3914417E-04 -1.2513293E-03
        26  1.3984163E-04 -1.2576016E-03
        27  1.4054259E-04 -1.2639054E-03
        28  1.4124706E-04 -1.2702408E-03
        29  1.4195506E-04 -1.2766079E-03
        30  1.4266662E-04 -1.2830069E-03
        31  1.4338174E-04 -1.2894380E-03
        32  1.4410044E-04 -1.2959013E-03
        33  1.4482275E-04 -1.3023970E-03
        34  1.4554867E-04 -1.3089253E-03
        35  1.4627824E-04 -1.3154864E-03
        36  1.4701146E-04 -1.3220803E-03
        37  1.4774836E-04 -1.3287072E-03
        38  1.4848895E-04 -1.3353674E-03
        39  1.4923326E-04 -1.3420609E-03
        40  1.4998129E-04 -1.3487880E-03
        41  1.5073308E-04 -1.3555489E-03
        42  1.5148863E-04 -1.3623436E-03
        43  1.5224797E-04 -1.3691724E-03
        44  1.5301111E-04 -1.3760354E-03
        45  1.5377809E-04 -1.3829328E-03
        46  1.5454890E-04 -1.3898648E-03
        47  1.5532358E-04 -1.3968315E-03
        48  1.5610214E-04 -1.4038331E-03
        49  1.5688461E-04 -1.4108699E-03
        50  1.5767100E-04 -1.4179419E-03
        51  1.5846133E-04 -1.4250493E-03
        52  1.5925562E-04 -1.4321924E-03
        53  1.6005389E-04 -1.4393713E-03
        54  1.6085616E-04 -1.4465862E-03
        55  1.6166246E-04 -1.4538372E-03
        56  1.6247279E-04 -1.4611246E-03
        57  1.6328719E-04 -1.4684485E-03
        58  1.6410567E-04 -1.4758092E-03
        59  1.6492825E-04 -1.4832067E-03
        60  1.6575496E-04 -1.4906413E-03
        61  1.6658581E-04 -1.4981132E-03
        62  1.6742083E-04 -1.5056225E-03
        63  1.6826003E-04 -1.5131695E-03
        64  1.6910343E-04 -1.5207543E-03
        65  1.6995107E-04 -1.5283771E-03
        66  1.7080295E-04 -1.5360381E-03
        67  1.7165910E-04 -1.5437375E-03
        68  1.7251955E-04 -1.5514755E-03
        69  1.7338431E-04 -1.5592523E-03
        70  1.7425340E-04 -1.5670681E-03
        71  1.7512685E-04 -1.5749231E-03
        72  1.7600468E-04 -1.5828174E-03
        73  1.7688690E-04 -1.5907513E-03
        74  1.7777355E-04 -1.5987250E-03
        75  1.7866465E-04 -1.6067386E-03
        76  1.7956021E-04 -1.6147924E-03
        77  1.8046025E-04 -1.6228866E-03
        78  1.8136482E-04 -1.6310214E-03
        79  1.8227391E-04 -1.6391969E-03
        80  1.8318756E-04 -1.6474134E-03
        81  1.8410579E-04 -1.6556711E-03
        82  1.8502863E-04 -1.6639702E-03
        83  1.8595609E-04 -1.6723109E-03
        84  1.8688820E-04 -1.6806933E-03
        85  1.8782498E-04 -1.6891179E-03
        86  1.8876645E-04 -1.6975846E-03
        87  1.8971265E-04 -1.7060938E-03
        88  1.9066359E-04 -1.7146456E-03
        89  1.9161929E-04 -1.7232403E-03
        90  1.9257979E-04 -1.7318781E-03
        91  1.9354510E-04 -1.7405591E-03
        92  1.9451525E-04 -1.7492837E-03
        93  1.9549026E-04 -1.7580520E-03
        94  1.9647016E-04 -1.7668643E-03
        95  1.9745497E-04 -1.7757208E-03
        96  1.9844472E-04 -1.7846216E-03
        97  1.9943943E-04 -1.7935670E-03
        98  2.0043912E-04 -1.8025573E-03
        99  2.0144382E-04 -1.8115927E-03
       100  2.0245357E-04 -1.8206733E-03
       101  2.0346837E-04 -1.8297995E-03
       102  2.0448826E-04 -1.8389714E-03
       103  2.0551326E-04 -1.8481893E-03
       104  2.0654340E-04 -1.8574534E-03
       105  2.0757870E-04 -1.8667639E-03
       106  2.0861920E-04 -1.8761211E-03
       107  2.0966490E-04 -1.8855252E-03
       108  2.1071585E-04 -1.8949764E-03
       109  2.1177207E-04 -1.9044750E-03
       110  2.1283358E-04 -1.9140212E-03
       111  2.1390042E-04 -1.9236153E-03
       112  2.1497260E-04 -1.9332575E-03
       113  2.1605015E-04 -1.9429479E-03
       114  2.1713311E-04 -1.9526870E-03
       115  2.1822149E-04 -1.9624749E-03
       116  2.1931533E-04 -1.9723118E-03
       117  2.2041465E-04 -1.9821981E-03
       118  2.2151949E-04 -1.9921339E-03
       119  2.2262986E-04 -2.0021195E-03
       120  2.2374579E-04 -2.0121552E-03
       121  2.2486732E-04 -2.0222411E-03
       122  2.2599448E-04 -2.0323777E-03
       123  2.2712728E-04 -2.0425650E-03
       124  2.2826576E-04 -2.0528034E-03
       125  2.2940995E-04 -2.0630931E-03
       126  2.3055987E-04 -2.0734344E-03
       127  2.3171555E-04 -2.0838275E-03
       128  2.3287703E-04 -2.0942728E-03
       129  2.3404433E-04 -2.1047703E-03
       130  2.3521749E-04 -2.1153205E-03
       131  2.3639652E-04 -2.1259236E-03
       132  2.3758146E-04 -2.1365799E-03
       133  2.3877234E-04 -2.1472895E-03
       134  2.3996919E-04 -2.1580528E-03
       135  2.4117204E-04 -2.1688701E-03
       136  2.4238092E-04 -2.1797416E-03
       137  2.4359586E-04 -2.1906676E-03
       138  2.4481689E-04 -2.2016484E-03
       139  2.4604404E-04 -2.2126842E-03
       140  2.4727734E-04 -2.2237753E-03
       141  2.4851683E-04 -2.2349220E-03
       142  2.4976252E-04 -2.2461246E-03
       143  2.5101446E-04 -2.2573834E-03
       144  2.5227268E-04 -2.2686985E-03
       145  2.5353720E-04 -2.2800704E-03
       146  2.5480806E-04 -2.2914993E-03
       147  2.5608529E-04 -2.3029855E-03
       148  2.5736892E-04 -2.3145293E-03
       149  2.5865899E-04 -2.3261309E-03
       150  2.5995552E-04 -2.3377907E-03
       151  2.6125856E-04 -2.3495089E-03
       152  2.6256812E-04 -2.3612858E-03
       153  2.6388425E-04 -2.3731218E-03
       154  2.6520697E-04 -2.3850172E-03
       155  2.6653633E-04 -2.3969721E-03
       156  2.6787235E-04 -2.4089870E-03
       157  2.6921506E-04 -2.4210621E-03
       158  2.7056451E-04 -2.4331977E-03
       159  2.7192072E-04 -2.4453941E-03
       160  2.7328373E-04 -2.4576517E-03
       161  2.7465357E-04 -2.4699707E-03
       162  2.7603028E-04 -2.4823515E-03
       163  2.7741388E-04 -2.4947943E-03
       164  2.7880443E-04 -2.5072995E-03
       165  2.8020194E-04 -2.5198674E-03
       166  2.8160646E-04 -2.5324983E-03
       167  2.8301802E-04 -2.5451925E-03
       168  2.8443665E-04 -2.5579503E-03
       169  2.8586239E-04 -2.5707721E-03
       170  2.8729529E-04 -2.5836581E-03
       171  2.8873536E-04 -2.5966088E-03
       172  2.9018265E-04 -2.6096243E-03
       173  2.9163720E-04 -2.6227051E-03
       174  2.9309904E-04 -2.6358515E-03
       175  2.9456820E-04 -2.6490637E-03
       176  2.9604473E-04 -2.6623422E-03
       177  2.9752866E-04 -2.6756873E-03
       178  2.9902003E-04 -2.6890992E-03
       179  3.0051887E-04 -2.7025783E-03
       180  3.0202523E-04 -2.7161251E-03
       181  3.0353914E-04 -2.7297397E-03
       182  3.0506063E-04 -2.7434226E-03
       183  3.0658976E-04 -2.7571740E-03
       184  3.0812654E-04 -2.7709944E-03
       185  3.0967104E-04 -2.7848841E-03
       186  3.1122327E-04 -2.7988434E-03
       187  3.1278328E-04 -2.8128726E-03
       188  3.1435111E-04 -2.8269722E-03
       189  3.1592681E-04 -2.8411424E-03
       190  3.1751040E-04 -2.8553837E-03
       191  3.1910192E-04 -2.8696964E-03
       192  3.2070143E-04 -2.8840808E-03
       193  3.2230895E-04 -2.8985373E-03
       194  3.2392453E-04 -2.9130663E-03
       195  3.2554821E-04 -2.9276680E-03
       196  3.2718003E-04 -2.9423430E-03
       197  3.2882002E-04 -2.9570916E-03
       198  3.3046824E-04 -2.9719141E-03
       199  3.3212472E-04 -2.9868108E-03
       200  3.3378950E-04 -3.0017823E-03
       201  3.3546263E-04 -3.0168288E-03
       202  3.3714414E-04 -3.0319507E-03
       203  3.3883408E-04 -3.0471484E-03
       204  3.4053250E-04 -3.0624223E-03
       205  3.4223942E-04 -3.0777727E-03
       206  3.4395490E-04 -3.0932001E-03
       207  3.4567899E-04 -3.1087048E-03
       208  3.4741171E-04 -3.1242873E-03
       209  3.4915312E-04 -3.1399478E-03
       210  3.5090325E-04 -3.1556868E-03
       211  3.5266216E-04 -3.1715048E-03
       212  3.5442989E-04 -3.1874020E-03
       213  3.5620648E-04 -3.2033789E-03
       214  3.5799197E-04 -3.2194359E-03
       215  3.5978641E-04 -3.2355734E-03
       216  3.6158985E-04 -3.2517917E-03
       217  3.6340233E-04 -3.2680914E-03
       218  3.6522389E-04 -3.2844728E-03
       219  3.6705458E-04 -3.3009362E-03
       220  3.6889445E-04 -3.3174822E-03
       221  3.7074354E-04 -3.3341112E-03
       222  3.7260190E-04 -3.3508235E-03
       223  3.7446957E-04 -3.3676195E-03
       224  3.7634661E-04 -3.3844998E-03
       225  3.7823306E-04 -3.4014646E-03
       226  3.8012896E-04 -3.4185145E-03
       227  3.8203436E-04 -3.4356499E-03
       228  3.8394932E-04 -3.4528712E-03
       229  3.8587387E-04 -3.4701787E-03
       230  3.8780807E-04 -3.4875731E-03
       231  3.8975197E-04 -3.5050546E-03
       232  3.9170561E-04 -3.5226237E-03
       233  3.9366904E-04 -3.5402809E-03
       234  3.9564231E-04 -3.5580267E-03
       235  3.9762548E-04 -3.5758613E-03
       236  3.9961859E-04 -3.5937854E-03
       237  4.0162168E-04 -3.6117993E-03
       238  4.0363482E-04 -3.6299035E-03
       239  4.0565805E-04 -3.6480984E-03
       240  4.0769142E-04 -3.6663846E-03
       241  4.0973498E-04 -3.6847624E-03
       242  4.1178878E-04 -3.7032323E-03
       243  4.1385288E-04 -3.7217949E-03
       244  4.1592733E-04 -3.7404504E-03
       245  4.1801217E-04 -3.7591995E-03
       246  4.2010747E-04 -3.7780425E-03
       247  4.2221327E-04 -3.7969800E-03
       248  4.2432962E-04 -3.8160124E-03
       249  4.2645658E-04 -3.8351403E-03
       250  4.2859420E-04 -3.8543640E-03
       251  4.3074254E-04 -3.8736840E-03
       252  4.3290165E-04 -3.8931009E-03
       253  4.3507158E-04 -3.9126152E-03
       254  4.3725238E-04 -3.9322272E-03
       255  4.3944412E-04 -3.9519376E-03
       256  4.4164684E-04 -3.9717467E-03
       257  4.4386060E-04 -3.9916552E-03
       258  4.4608546E-04 -4.0116634E-03
       259  4.4832148E-04 -4.0317719E-03
       260  4.5056870E-04 -4.0519812E-03
       261  4.5282718E-04 -4.0722918E-03
       262  4.5509699E-04 -4.0927043E-03
       263  4.5737817E-04 -4.1132190E-03
       264  4.5967079E-04 -4.1338366E-03
       265  4.6197490E-04 -4.1545575E-03
       266  4.6429056E-04 -4.1753823E-03
       267  4.6661782E-04 -4.1963114E-03
       268  4.6895676E-04 -4.2173455E-03
       269  4.7130741E-04 -4.2384850E-03
       270  4.7366985E-04 -4.2597305E-03
       271  4.7604413E-04 -4.2810825E-03
       272  4.7843031E-04 -4.3025414E-03
       273  4.8082845E-04 -4.3241080E-03
       274  4.8323861E-04 -4.3457827E-03
       275  4.8566086E-04 -4.3675660E-03
       276  4.8809524E-04 -4.3894584E-03
       277  4.9054183E-04 -4.4114607E-03
       278  4.9300068E-04 -4.4335732E-03
       279  4.9547186E-04 -4.4557965E-03
       280  4.9795542E-04 -4.4781313E-03
       281  5.0045143E-04 -4.5005780E-03
       282  5.0295996E-04 -4.5231372E-03
       283  5.0548105E-04 -4.5458095E-03
       284  5.0801479E-04 -4.5685954E-03
       285  5.1056122E-04 -4.5914955E-03
       286  5.1312042E-04 -4.6145105E-03
       287  5.1569245E-04 -4.6376408E-03
       288  5.1827737E-04 -4.6608870E-03
       289  5.2087524E-04 -4.6842498E-03
       290  5.2348614E-04 -4.7077296E-03
       291  5.2611013E-04 -4.7313272E-03
       292  5.2874727E-04 -4.7550430E-03
       293  5.3139762E-04 -4.7788777E-03
       294  5.3406126E-04 -4.8028319E-03
       295  5.3673826E-04 -4.8269062E-03
       296  5.3942867E-04 -4.8511011E-03
       297  5.4213257E-04 -4.8754173E-03
       298  5.4485002E-04 -4.8998554E-03
       299  5.4758109E-04 -4.9244160E-03
       300  5.5032585E-04 -4.9490997E-03
       301  5.5308437E-04 -4.9739071E-03
       302  5.5585672E-04 -4.9988389E-03
       303  5.5864296E-04 -5.0238956E-03
       304  5.6144317E-04 -5.0490780E-03
       305  5.6425742E-04 -5.0743865E-03
       306  5.6708577E-04 -5.0998220E-03
       307  5.6992830E-04 -5.1253849E-03
       308  5.7278507E-04 -5.1510759E-03
       309  5.7565617E-04 -5.1768958E-03
       310  5.7854166E-04 -5.2028450E-03
       311  5.8144161E-04 -5.2289243E-03
       312  5.8435610E-04 -5.2551344E-03
       313  5.8728520E-04 -5.2814758E-03
       314  5.9022898E-04 -5.3079493E-03
       315  5.9318751E-04 -5.3345554E-03
       316  5.9616088E-04 -5.3612949E-03
       317  5.9914915E-04 -5.3881685E-03
       318  6.0215239E-04 -5.4151767E-03
       319  6.0517069E-04 -5.4423204E-03
       320  6.0820413E-04 -5.4696001E-03
       321  6.1125276E-04 -5.4970165E-03
       322  6.1431668E-04 -5.5245703E-03
       323  6.1739595E-04 -5.5522623E-03
       324  6.2049066E-04 -5.5800931E-03
       325  6.2360089E-04 -5.6080633E-03
       326  6.2672670E-04 -5.6361738E-03
       327  6.2986818E-04 -5.6644252E-03
       328  6.3302541E-04 -5.6928182E-03
       329  6.3619846E-04 -5.7213535E-03
       330  6.3938742E-04 -5.7500318E-03
       331  6.4259236E-04 -5.7788539E-03
       332  6.4581337E-04 -5.8078205E-03
       333  6.4905052E-04 -5.8369322E-03
       334  6.5230390E-04 -5.8661899E-03
       335  6.5557359E-04 -5.8955942E-03
       336  6.5885966E-04 -5.9251460E-03
       337  6.6216221E-04 -5.9548458E-03
       338  6.6548131E-04 -5.9846945E-03
       339  6.6881705E-04 -6.0146929E-03
       340  6.7216951E-04 -6.0448416E-03
       341  6.7553878E-04 -6.0751414E-03
       342  6.7892493E-04 -6.1055931E-03
       343  6.8232805E-04 -6.1361974E-03
       344  6.8574824E-04 -6.1669552E-03
       345  6.8918556E-04 -6.1978671E-03
       346  6.9264012E-04 -6.2289339E-03
       347  6.9611199E-04 -6.2601565E-03
       348  6.9960127E-04 -6.2915356E-03
       349  7.0310804E-04 -6.3230719E-03
       350  7.0663238E-04 -6.3547664E-03
       351  7.1017439E-04 -6.3866197E-03
       352  7.1373415E-04 -6.4186327E-03
       353  7.1731176E-04 -6.4508061E-03
       354  7.2090730E-04 -6.4831408E-03
       355  7.2452086E-04 -6.5156376E-03
       356  7.2815254E-04 -6.5482973E-03
       357  7.3180242E-04 -6.5811207E-03
       358  7.3547059E-04 -6.6141086E-03
       359  7.3915716E-04 -6.6472618E-03
       360  7.4286220E-04 -6.6805813E-03
       361  7.4658581E-04 -6.7140677E-03
       362  7.5032809E-04 -6.7477220E-03
       363  7.5408912E-04 -6.7815450E-03
       364  7.5786901E-04 -6.8155375E-03
       365  7.6166784E-04 -6.8497005E-03
       366  7.6548572E-04 -6.8840346E-03
       367  7.6932273E-04 -6.9185409E-03
       368  7.7317898E-04 -6.9532201E-03
       369  7.7705455E-04 -6.9880731E-03
       370  7.8094956E-04 -7.0231009E-03
       371  7.8486408E-04 -7.0583042E-03
       372  7.8879823E-04 -7.0936840E-03
       373  7.9275210E-04 -7.1292411E-03
       374  7.9672578E-04 -7.1649765E-03
       375  8.0071939E-04 -7.2008909E-03
       376  8.0473301E-04 -7.2369854E-03
       377  8.0876675E-04 -7.2732608E-03
       378  8.1282071E-04 -7.3097181E-03
       379  8.1689499E-04 -7.3463580E-03
       380  8.2098970E-04 -7.3831817E-03
       381  8.2510492E-04 -7.4201899E-03
       382  8.2924078E-04 -7.4573836E-03
       383  8.3339737E-04 -7.4947638E-03
       384  8.3757479E-04 -7.5323313E-03
       385  8.4177315E-04 -7.5700871E-03
       386  8.4599255E-04 -7.6080322E-03
       387  8.5023311E-04 -7.6461674E-03
       388  8.5449492E-04 -7.6844939E-03
       389  8.5877809E-04 -7.7230124E-03
       390  8.6308274E-04 -7.7617240E-03
       391  8.6740896E-04 -7.8006296E-03
       392  8.7175686E-04 -7.8397303E-03
       393  8.7612656E-04 -7.8790269E-03
       394  8.8051816E-04 -7.9185206E-03
       395  8.8493178E-04 -7.9582121E-03
       396  8.8936752E-04 -7.9981027E-03
       397  8.9382549E-04 -8.0381932E-03
       398  8.9830581E-04 -8.0784846E-03
       399  9.0280859E-04 -8.1189780E-03
       400  9.0733394E-04 -8.1596743E-03
       401  9.1188197E-04 -8.2005747E-03
       402  9.1645279E-04 -8.2416801E-03
       403  9.2104653E-04 -8.2829915E-03
       404  9.2566330E-04 -8.3245099E-03
       405  9.3030320E-04 -8.3662365E-03
       406  9.3496637E-04 -8.4081723E-03
       407  9.3965291E-04 -8.4503182E-03
       408  9.4436294E-04 -8.4926754E-03
       409  9.4909657E-04 -8.5352449E-03
       410  9.5385394E-04 -8.5780278E-03
       411  9.5863515E-04 -8.6210251E-03
       412  9.6344033E-04 -8.6642379E-03
       413  9.6826960E-04 -8.7076674E-03
       414  9.7312307E-04 -8.7513145E-03
       415  9.7800087E-04 -8.7951805E-03
       416  9.8290312E-04 -8.8392663E-03
       417  9.8782994E-04 -8.8835730E-03
       418  9.9278146E-04 -8.9281019E-03
       419  9.9775780E-04 -8.9728539E-03
       420  1.0027591E-03 -9.0178303E-03
       421  1.0077854E-03 -9.0630321E-03
       422  1.0128370E-03 -9.1084605E-03
       423  1.0179138E-03 -9.1541166E-03
       424  1.0230162E-03 -9.2000015E-03
       425  1.0281440E-03 -9.2461165E-03
       426  1.0332976E-03 -9.2924625E-03
       427  1.0384771E-03 -9.3390409E-03
       428  1.0436825E-03 -9.3858528E-03
       429  1.0489139E-03 -9.4328993E-03
       430  1.0541716E-03 -9.4801816E-03
       431  1.0594557E-03 -9.5277009E-03
       432  1.0647662E-03 -9.5754584E-03
       433  1.0701034E-03 -9.6234553E-03
       434  1.0754673E-03 -9.6716928E-03
       435  1.0808581E-03 -9.7201720E-03
       436  1.0862759E-03 -9.7688943E-03
       437  1.0917209E-03 -9.8178608E-03
       438  1.0971932E-03 -9.8670727E-03
       439  1.1026929E-03 -9.9165313E-03
       440  1.1082202E-03 -9.9662377E-03
       441  1.1137751E-03 -1.0016193E-02
       442  1.1193580E-03 -1.0066399E-02
       443  1.1249688E-03 -1.0116857E-02
       444  1.1306077E-03 -1.0167568E-02
       445  1.1362749E-03 -1.0218532E-02
       446  1.1419705E-03 -1.0269753E-02
       447  1.1476947E-03 -1.0321230E-02
       448  1.1534475E-03 -1.0372965E-02
       449  1.1592292E-03 -1.0424959E-02
       450  1.1650398E-03 -1.0477214E-02
       451  1.1708796E-03 -1.0529731E-02
       452  1.1767487E-03 -1.0582511E-02
       453  1.1826472E-03 -1.0635556E-02
       454  1.1885752E-03 -1.0688866E-02
       455  1.1945330E-03 -1.0742444E-02
       456  1.2005206E-03 -1.0796290E-02
       457  1.2065382E-03 -1.0850406E-02
       458  1.2125860E-03 -1.0904794E-02
       459  1.2186641E-03 -1.0959454E-02
       460  1.2247727E-03 -1.1014388E-02
       461  1.2309119E-03 -1.1069597E-02
       462  1.2370819E-03 -1.1125083E-02
       463  1.2432828E-03 -1.1180848E-02
       464  1.2495148E-03 -1.1236891E-02
       465  1.2557780E-03 -1.1293216E-02
       466  1.2620726E-03 -1.1349823E-02
       467  1.2683988E-03 -1.1406714E-02
       468  1.2747566E-03 -1.1463890E-02
       469  1.2811464E-03 -1.1521352E-02
       470  1.2875681E-03 -1.1579103E-02
       471  1.2940221E-03 -1.1637143E-02
       472  1.3005084E-03 -1.1695474E-02
       473  1.3070272E-03 -1.1754097E-02
       474  1.3135787E-03 -1.1813014E-02
       475  1.3201631E-03 -1.1872226E-02
       476  1.3267804E-03 -1.1931736E-02
       477  1.3334309E-03 -1.1991543E-02
       478  1.3401148E-03 -1.2051650E-02
       479  1.3468321E-03 -1.2112059E-02
       480  1.3535832E-03 -1.2172770E-02
       481  1.3603680E-03 -1.2233786E-02
       482  1.3671869E-03 -1.2295107E-02
       483  1.3740400E-03 -1.2356736E-02
       484  1.3809274E-03 -1.2418674E-02
       485  1.3878493E-03 -1.2480922E-02
       486  1.3948059E-03 -1.2543482E-02
       487  1.4017974E-03 -1.2606356E-02
       488  1.4088240E-03 -1.2669545E-02
       489  1.4158857E-03 -1.2733051E-02
       490  1.4229829E-03 -1.2796875E-02
       491  1.4301156E-03 -1.2861019E-02
       492  1.4372841E-03 -1.2925484E-02
       493  1.4444885E-03 -1.2990273E-02
       494  1.4517290E-03 -1.3055386E-02
       495  1.4590058E-03 -1.3120825E-02
       496  1.4663191E-03 -1.3186593E-02
       497  1.4736691E-03 -1.3252690E-02
       498  1.4810559E-03 -1.3319119E-02
       499  1.4884797E-03 -1.3385881E-02
       500  1.4959408E-03 -1.3452977E-02
       501  1.5034392E-03 -1.3520409E-02
       502  1.5109752E-03 -1.3588180E-02
       503  1.5185490E-03 -1.3656290E-02
       504  1.5261608E-03 -1.3724741E-02
       505  1.5338107E-03 -1.3793536E-02
       506  1.5414989E-03 -1.3862676E-02
       507  1.5492257E-03 -1.3932162E-02
       508  1.5569913E-03 -1.4001996E-02
       509  1.5647957E-03 -1.4072180E-02
       510  1.5726393E-03 -1.4142716E-02
       511  1.5805222E-03 -1.4213606E-02
       512  1.5884446E-03 -1.4284851E-02
       513  1.5964067E-03 -1.4356453E-02
       514  1.6044087E-03 -1.4428414E-02
       515  1.6124508E-03 -1.4500736E-02
       516  1.6205333E-03 -1.4573420E-02
       517  1.6286562E-03 -1.4646469E-02
       518  1.6368199E-03 -1.4719883E-02
       519  1.6450245E-03 -1.4793666E-02
       520  1.6532702E-03 -1.4867819E-02
       521  1.6615573E-03 -1.4942343E-02
       522  1.6698859E-03 -1.5017240E-02
       523  1.6782562E-03 -1.5092513E-02
       524  1.6866685E-03 -1.5168164E-02
       525  1.6951230E-03 -1.5244193E-02
       526  1.7036198E-03 -1.5320604E-02
       527  1.7121592E-03 -1.5397398E-02
       528  1.7207415E-03 -1.5474576E-02
       529  1.7293667E-03 -1.5552141E-02
       530  1.7380352E-03 -1.5630096E-02
       531  1.7467471E-03 -1.5708440E-02
       532  1.7555027E-03 -1.5787178E-02
       533  1.7643022E-03 -1.5866310E-02
       534  1.7731458E-03 -1.5945839E-02
       535  1.7820338E-03 -1.6025767E-02
       536  1.7909663E-03 -1.6106095E-02
       537  1.7999435E-03 -1.6186825E-02
       538  1.8089658E-03 -1.6267961E-02
       539  1.8180332E-03 -1.6349503E-02
       540  1.8271462E-03 -1.6431453E-02
       541  1.8363048E-03 -1.6513815E-02
       542  1.8455093E-03 -1.6596589E-02
       543  1.8547599E-03 -1.6679778E-02
       544  1.8640570E-03 -1.6763385E-02
       545  1.8734006E-03 -1.6847410E-02
       546  1.8827911E-03 -1.6931856E-02
       547  1.8922286E-03 -1.7016726E-02
       548  1.9017134E-03 -1.7102021E-02
       549  1.9112458E-03 -1.7187743E-02
       550  1.9208260E-03 -1.7273896E-02
       551  1.9304541E-03 -1.7360480E-02
       552  1.9401306E-03 -1.7447498E-02
       553  1.9498555E-03 -1.7534952E-02
       554  1.9596292E-03 -1.7622844E-02
       555  1.9694519E-03 -1.7711177E-02
       556  1.9793238E-03 -1.7799953E-02
       557  1.9892452E-03 -1.7889174E-02
       558  1.9992164E-03 -1.7978842E-02
       559  2.0092375E-03 -1.8068959E-02
       560  2.0193088E-03 -1.8159528E-02
       561  2.0294306E-03 -1.8250551E-02
       562  2.0396032E-03 -1.8342030E-02
       563  2.0498268E-03 -1.8433968E-02
       564  2.0601016E-03 -1.8526366E-02
       565  2.0704279E-03 -1.8619228E-02
       566  2.0808059E-03 -1.8712555E-02
       567  2.0912360E-03 -1.8806350E-02
       568  2.1017184E-03 -1.8900615E-02
       569  2.1122533E-03 -1.8995352E-02
       570  2.1228410E-03 -1.9090564E-02
       571  2.1334818E-03 -1.9186254E-02
       572  2.1441759E-03 -1.9282423E-02
       573  2.1549236E-03 -1.9379074E-02
       574  2.1657252E-03 -1.9476210E-02
       575  2.1765810E-03 -1.9573832E-02
       576  2.1874911E-03 -1.9671944E-02
       577  2.1984560E-03 -1.9770547E-02
       578  2.2094758E-03 -1.9869645E-02
       579  2.2205508E-03 -1.9969239E-02
       580  2.2316814E-03 -2.0069333E-02
       581  2.2428677E-03 -2.0169928E-02
       582  2.2541101E-03 -2.0271027E-02
       583  2.2654089E-03 -2.0372633E-02
       584  2.2767643E-03 -2.0474749E-02
       585  2.2881767E-03 -2.0577376E-02
       586  2.2996462E-03 -2.0680517E-02
       587  2.3111732E-03 -2.0784176E-02
       588  2.3227580E-03 -2.0888354E-02
       589  2.3344009E-03 -2.0993054E-02
       590  2.3461021E-03 -2.1098279E-02
       591  2.3578620E-03 -2.1204032E-02
       592  2.3696808E-03 -2.1310314E-02
       593  2.3815589E-03 -2.1417129E-02
       594  2.3934965E-03 -2.1524480E-02
       595  2.4054940E-03 -2.1632368E-02
       596  2.4175516E-03 -2.1740797E-02
       597  2.4296696E-03 -2.1849770E-02
       598  2.4418484E-03 -2.1959289E-02
       599  2.4540882E-03 -2.2069357E-02
       600  2.4663893E-03 -2.2179976E-02
       601  2.4787522E-03 -2.2291150E-02
       602  2.4911770E-03 -2.2402881E-02
       603  2.5036641E-03 -2.2515172E-02
       604  2.5162137E-03 -2.2628026E-02
       605  2.5288263E-03 -2.2741445E-02
       606  2.5415021E-03 -2.2855433E-02
       607  2.5542414E-03 -2.2969993E-02
       608  2.5670446E-03 -2.3085126E-02
       609  2.5799120E-03 -2.3200837E-02
       610  2.5928438E-03 -2.3317127E-02
       611  2.6058405E-03 -2.3434000E-02
       612  2.6189023E-03 -2.3551459E-02
       613  2.6320297E-03 -2.3669507E-02
       614  2.6452228E-03 -2.3788146E-02
       615  2.6584820E-03 -2.3907380E-02
       616  2.6718077E-03 -2.4027212E-02
       617  2.6852002E-03 -2.4147644E-02
       618  2.6986598E-03 -2.4268680E-02
       619  2.7121869E-03 -2.4390322E-02
       620  2.7257818E-03 -2.4512574E-02
       621  2.7394448E-03 -2.4635439E-02
       622  2.7531763E-03 -2.4758920E-02
       623  2.7669767E-03 -2.4883019E-02
       624  2.7808462E-03 -2.5007741E-02
       625  2.7947853E-03 -2.5133087E-02
       626  2.8087942E-03 -2.5259062E-02
       627  2.8228733E-03 -2.5385668E-02
       628  2.8370230E-03 -2.5512908E-02
       629  2.8512437E-03 -2.5640787E-02
       630  2.8655356E-03 -2.5769306E-02
       631  2.8798992E-03 -2.5898469E-02
       632  2.8943347E-03 -2.6028280E-02
       633  2.9088426E-03 -2.6158741E-02
       634  2.9234233E-03 -2.6289856E-02
       635  2.9380770E-03 -2.6421629E-02
       636  2.9528042E-03 -2.6554061E-02
       637  2.9676051E-03 -2.6687158E-02
       638  2.9824803E-03 -2.6820921E-02
       639  2.9974301E-03 -2.6955355E-02
       640  3.0124548E-03 -2.7090463E-02
       641  3.0275547E-03 -2.7226247E-02
       642  3.0427304E-03 -2.7362713E-02
       643  3.0579822E-03 -2.7499862E-02
       644  3.0733104E-03 -2.7637698E-02
       645  3.0887154E-03 -2.7776226E-02
       646  3.1041977E-03 -2.7915447E-02
       647  3.1197575E-03 -2.8055367E-02
       648  3.1353954E-03 -2.8195987E-02
       649  3.1511116E-03 -2.8337313E-02
       650  3.1669066E-03 -2.8479346E-02
       651  3.1827808E-03 -2.8622092E-02
       652  3.1987346E-03 -2.8765552E-02
       653  3.2147683E-03 -2.8909732E-02
       654  3.2308824E-03 -2.9054635E-02
       655  3.2470772E-03 -2.9200263E-02
       656  3.2633533E-03 -2.9346622E-02
       657  3.2797109E-03 -2.9493714E-02
       658  3.2961505E-03 -2.9641543E-02
       659  3.3126725E-03 -2.9790113E-02
       660  3.3292774E-03 -2.9939427E-02
       661  3.3459655E-03 -3.0089490E-02
       662  3.3627372E-03 -3.0240305E-02
       663  3.3795930E-03 -3.0391876E-02
       664  3.3965332E-03 -3.0544206E-02
       665  3.4135584E-03 -3.0697300E-02
       666  3.4306690E-03 -3.0851161E-02
       667  3.4478653E-03 -3.1005793E-02
       668  3.4651478E-03 -3.1161200E-02
       669  3.4825169E-03 -3.1317386E-02
       670  3.4999731E-03 -3.1474354E-02
       671  3.5175168E-03 -3.1632110E-02
       672  3.5351484E-03 -3.1790655E-02
       673  3.5528684E-03 -3.1949996E-02
       674  3.5706772E-03 -3.2110135E-02
       675  3.5885753E-03 -3.2271076E-02
       676  3.6065631E-03 -3.2432824E-02
       677  3.6246411E-03 -3.2595383E-02
       678  3.6428097E-03 -3.2758756E-02
       679  3.6610694E-03 -3.2922948E-02
       680  3.6794205E-03 -3.3087963E-02
       681  3.6978637E-03 -3.3253804E-02
       682  3.7163993E-03 -3.3420477E-02
       683  3.7350279E-03 -3.3587985E-02
       684  3.7537498E-03 -3.3756333E-02
       685  3.7725655E-03 -3.3925524E-02
       686  3.7914756E-03 -3.4095563E-02
       687  3.8104804E-03 -3.4266454E-02
       688  3.8295805E-03 -3.4438202E-02
       689  3.8487764E-03 -3.4610810E-02
       690  3.8680685E-03 -3.4784284E-02
       691  3.8874572E-03 -3.4958626E-02
       692  3.9069432E-03 -3.5133842E-02
       693  3.9265268E-03 -3.5309937E-02
       694  3.9462086E-03 -3.5486914E-02
       695  3.9659891E-03 -3.5664777E-02
       696  3.9858687E-03 -3.5843532E-02
       697  4.0058479E-03 -3.6023183E-02
       698  4.0259273E-03 -3.6203734E-02
       699  4.0461074E-03 -3.6385190E-02
       700  4.0663886E-03 -3.6567555E-02
       701  4.0867714E-03 -3.6750834E-02
       702  4.1072565E-03 -3.6935031E-02
       703  4.1278442E-03 -3.7120152E-02
       704  4.1485351E-03 -3.7306200E-02
       705  4.1693297E-03 -3.7493180E-02
       706  4.1902285E-03 -3.7681098E-02
       707  4.2112322E-03 -3.7869957E-02
       708  4.2323410E-03 -3.8059762E-02
       709  4.2535557E-03 -3.8250519E-02
       710  4.2748768E-03 -3.8442231E-02
       711  4.2963047E-03 -3.8634904E-02
       712  4.3178400E-03 -3.8828543E-02
       713  4.3394833E-03 -3.9023152E-02
       714  4.3612350E-03 -3.9218736E-02
       715  4.3830958E-03 -3.9415300E-02
       716  4.4050662E-03 -3.9612849E-02
       717  4.4271466E-03 -3.9811388E-02
       718  4.4493378E-03 -4.0010922E-02
       719  4.4716402E-03 -4.0211456E-02
       720  4.4940544E-03 -4.0412994E-02
       721  4.5165809E-03 -4.0615543E-02
       722  4.5392204E-03 -4.0819106E-02
       723  4.5619733E-03 -4.1023690E-02
       724  4.5848403E-03 -4.1229298E-02
       725  4.6078219E-03 -4.1435937E-02
       726  4.6309187E-03 -4.1643611E-02
       727  4.6541313E-03 -4.1852326E-02
       728  4.6774602E-03 -4.2062087E-02
       729  4.7009061E-03 -4.2272898E-02
       730  4.7244695E-03 -4.2484767E-02
       731  4.7481510E-03 -4.2697696E-02
       732  4.7719512E-03 -4.2911693E-02
       733  4.7958707E-03 -4.3126762E-02
       734  4.8199101E-03 -4.3342908E-02
       735  4.8440700E-03 -4.3560137E-02
       736  4.8683510E-03 -4.3778455E-02
       737  4.8927537E-03 -4.3997867E-02
       738  4.9172788E-03 -4.4218378E-02
       739  4.9419267E-03 -4.4439994E-02
       740  4.9666982E-03 -4.4662721E-02
       741  4.9915939E-03 -4.4886563E-02
       742  5.0166144E-03 -4.5111527E-02
       743  5.0417603E-03 -4.5337618E-02
       744  5.0670322E-03 -4.5564842E-02
       745  5.0924308E-03 -4.5793205E-02
       746  5.1179567E-03 -4.6022712E-02
       747  5.1436106E-03 -4.6253368E-02
       748  5.1693930E-03 -4.6485180E-02
       749  5.1953047E-03 -4.6718154E-02
       750  5.2213463E-03 -4.6952295E-02
       751  5.2475184E-03 -4.7187609E-02
       752  5.2738217E-03 -4.7424102E-02
       753  5.3002568E-03 -4.7661780E-02
       754  5.3268245E-03 -4.7900649E-02
       755  5.3535253E-03 -4.8140714E-02
       756  5.3803600E-03 -4.8381983E-02
       757  5.4073291E-03 -4.8624460E-02
       758  5.4344335E-03 -4.8868152E-02
       759  5.4616737E-03 -4.9113064E-02
       760  5.4890504E-03 -4.9359204E-02
       761  5.5165644E-03 -4.9606577E-02
       762  5.5442163E-03 -4.9855190E-02
       763  5.5720068E-03 -5.0105048E-02
       764  5.5999366E-03 -5.0356157E-02
       765  5.6280064E-03 -5.0608525E-02
       766  5.6562169E-03 -5.0862157E-02
       767  5.6845688E-03 -5.1117060E-02
       768  5.7130628E-03 -5.1373240E-02
       769  5.7416997E-03 -5.1630703E-02
       770  5.7704801E-03 -5.1889456E-02
       771  5.7994047E-03 -5.2149505E-02
       772  5.8284744E-03 -5.2410857E-02
       773  5.8576897E-03 -5.2673519E-02
       774  5.8870515E-03 -5.2937496E-02
       775  5.9165605E-03 -5.3202796E-02
       776  5.9462174E-03 -5.3469425E-02
       777  5.9760229E-03 -5.3737389E-02
       778  6.0059778E-03 -5.4006696E-02
       779  6.0360829E-03 -5.4277352E-02
       780  6.0663389E-03 -5.4549364E-02
       781  6.0967466E-03 -5.4822738E-02
       782  6.1273066E-03 -5.5097482E-02
       783  6.1580199E-03 -5.5373602E-02
       784  6.1888871E-03 -5.5651106E-02
       785  6.2199090E-03 -5.5929999E-02
       786  6.2510864E-03 -5.6210290E-02
       787  6.2824201E-03 -5.6491985E-02
       788  6.3139109E-03 -5.6775091E-02
       789  6.3455595E-03 -5.7059614E-02
       790  6.3773668E-03 -5.7345564E-02
       791  6.4093334E-03 -5.7632945E-02
       792  6.4414604E-03 -5.7921766E-02
       793  6.4737483E-03 -5.8212034E-02
       794  6.5061981E-03 -5.8503756E-02
       795  6.5388106E-03 -5.8796939E-02
       796  6.5715865E-03 -5.9091590E-02
       797  6.6045267E-03 -5.9387718E-02
       798  6.6376320E-03 -5.9685329E-02
       799  6.6709033E-03 -5.9984430E-02
       800  6.7043413E-03 -6.0285030E-02
       801  6.7379470E-03 -6.0587135E-02
       802  6.7717211E-03 -6.0890753E-02
       803  6.8056645E-03 -6.1195892E-02
       804  6.8397780E-03 -6.1502560E-02
       805  6.8740626E-03 -6.1810764E-02
       806  6.9085189E-03 -6.2120511E-02
       807  6.9431480E-03 -6.2431809E-02
       808  6.9779507E-03 -6.2744667E-02
       809  7.0129278E-03 -6.3059092E-02
       810  7.0480803E-03 -6.3375091E-02
       811  7.0834089E-03 -6.3692673E-02
       812  7.1189147E-03 -6.4011846E-02
       813  7.1545984E-03 -6.4332617E-02
       814  7.1904609E-03 -6.4654995E-02
       815  7.2265033E-03 -6.4978988E-02
       816  7.2627263E-03 -6.5304603E-02
       817  7.2991308E-03 -6.5631848E-02
       818  7.3357179E-03 -6.5960733E-02
       819  7.3724883E-03 -6.6291265E-02
       820  7.4094431E-03 -6.6623451E-02
       821  7.4465831E-03 -6.6957302E-02
       822  7.4839092E-03 -6.7292825E-02
       823  7.5214225E-03 -6.7630027E-02
       824  7.5591238E-03 -6.7968919E-02
       825  7.5970140E-03 -6.8309507E-02
       826  7.6350942E-03 -6.8651801E-02
       827  7.6733653E-03 -6.8995810E-02
       828  7.7118282E-03 -6.9341541E-02
       829  7.7504839E-03 -6.9689003E-02
       830  7.7893334E-03 -7.0038205E-02
       831  7.8283775E-03 -7.0389156E-02
       832  7.8676175E-03 -7.0741864E-02
       833  7.9070541E-03 -7.1096338E-02
       834  7.9466883E-03 -7.1452588E-02
       835  7.9865213E-03 -7.1810621E-02
       836  8.0265539E-03 -7.2170447E-02
       837  8.0667871E-03 -7.2532074E-02
       838  8.1072221E-03 -7.2895513E-02
       839  8.1478597E-03 -7.3260771E-02
       840  8.1887010E-03 -7.3627858E-02
       841  8.2297470E-03 -7.3996783E-02
       842  8.2709988E-03 -7.4367555E-02
       843  8.3124574E-03 -7.4740184E-02
       844  8.3541237E-03 -7.5114678E-02
       845  8.3959990E-03 -7.5491047E-02
       846  8.4380841E-03 -7.5869301E-02
       847  8.4803802E-03 -7.6249449E-02
       848  8.5228882E-03 -7.6631499E-02
       849  8.5656094E-03 -7.7015463E-02
       850  8.6085447E-03 -7.7401349E-02
       851  8.6516952E-03 -7.7789166E-02
       852  8.6950620E-03 -7.8178926E-02
       853  8.7386462E-03 -7.8570636E-02
       854  8.7824488E-03 -7.8964308E-02
       855  8.8264710E-03 -7.9359950E-02
       856  8.8707139E-03 -7.9757573E-02
       857  8.9151785E-03 -8.0157186E-02
       858  8.9598661E-03 -8.0558800E-02
       859  9.0047776E-03 -8.0962425E-02
       860  9.0499142E-03 -8.1368069E-02
       861  9.0952771E-03 -8.1775745E-02
       862  9.1408674E-03 -8.2185461E-02
       863  9.1866862E-03 -8.2597228E-02
       864  9.2327346E-03 -8.3011056E-02
       865  9.2790139E-03 -8.3426956E-02
       866  9.3255251E-03 -8.3844937E-02
       867  9.3722695E-03 -8.4265010E-02
       868  9.4192482E-03 -8.4687186E-02
       869  9.4664624E-03 -8.5111475E-02
       870  9.5139132E-03 -8.5537888E-02
       871  9.5616019E-03 -8.5966435E-02
       872  9.6095297E-03 -8.6397127E-02
       873  9.6576976E-03 -8.6829974E-02
       874  9.7061070E-03 -8.7264988E-02
       875  9.7547591E-03 -8.7702179E-02
       876  9.8036550E-03 -8.8141558E-02
       877  9.8527961E-03 -8.8583136E-02
       878  9.9021834E-03 -8.9026923E-02
       879  9.9518183E-03 -8.9472932E-02
       880  1.0001702E-02 -8.9921172E-02
       881  1.0051836E-02 -9.0371656E-02
       882  1.0102221E-02 -9.0824394E-02
       883  1.0152858E-02 -9.1279398E-02
       884  1.0203750E-02 -9.1736678E-02
       885  1.0254896E-02 -9.2196247E-02
       886  1.0306299E-02 -9.2658115E-02
       887  1.0357960E-02 -9.3122294E-02
       888  1.0409879E-02 -9.3588796E-02
       889  1.0462059E-02 -9.4057632E-02
       890  1.0514500E-02 -9.4528814E-02
       891  1.0567204E-02 -9.5002354E-02
       892  1.0620173E-02 -9.5478263E-02
       893  1.0673407E-02 -9.5956552E-02
       894  1.0726907E-02 -9.6437235E-02
       895  1.0780676E-02 -9.6920323E-02
       896  1.0834714E-02 -9.7405827E-02
       897  1.0889024E-02 -9.7893761E-02
       898  1.0943605E-02 -9.8384135E-02
       899  1.0998460E-02 -9.8876963E-02
       900  1.1053590E-02 -9.9372256E-02
       901  1.1108997E-02 -9.9870027E-02
       902  1.1164681E-02 -1.0037029E-01
       903  1.1220644E-02 -1.0087305E-01
       904  1.1276888E-02 -1.0137833E-01
       905  1.1333413E-02 -1.0188613E-01
       906  1.1390222E-02 -1.0239648E-01
       907  1.1447316E-02 -1.0290938E-01
       908  1.1504696E-02 -1.0342484E-01
       909  1.1562363E-02 -1.0394288E-01
       910  1.1620320E-02 -1.0446352E-01
       911  1.1678567E-02 -1.0498675E-01
       912  1.1737106E-02 -1.0551261E-01
       913  1.1795939E-02 -1.0604109E-01
       914  1.1855066E-02 -1.0657222E-01
       915  1.1914490E-02 -1.0710600E-01
       916  1.1974211E-02 -1.0764245E-01
       917  1.2034232E-02 -1.0818158E-01
       918  1.2094554E-02 -1.0872341E-01
       919  1.2155178E-02 -1.0926795E-01
       920  1.2216106E-02 -1.0981522E-01
       921  1.2277340E-02 -1.1036522E-01
       922  1.2338880E-02 -1.1091797E-01
       923  1.2400729E-02 -1.1147348E-01
       924  1.2462888E-02 -1.1203177E-01
       925  1.2525359E-02 -1.1259285E-01
       926  1.2588142E-02 -1.1315674E-01
       927  1.2651241E-02 -1.1372344E-01
       928  1.2714655E-02 -1.1429298E-01
       929  1.2778388E-02 -1.1486537E-01
       930  1.2842440E-02 -1.1544062E-01
       931  1.2906813E-02 -1.1601874E-01
       932  1.2971508E-02 -1.1659975E-01
       933  1.3036528E-02 -1.1718367E-01
       934  1.3101874E-02 -1.1777051E-01
       935  1.3167547E-02 -1.1836028E-01
       936  1.3233550E-02 -1.1895299E-01
       937  1.3299884E-02 -1.1954867E-01
       938  1.3366549E-02 -1.2014733E-01
       939  1.3433550E-02 -1.2074898E-01
       940  1.3500886E-02 -1.2135364E-01
       941  1.3568559E-02 -1.2196131E-01
       942  1.3636572E-02 -1.2257203E-01
       943  1.3704925E-02 -1.2318579E-01
       944  1.3773622E-02 -1.2380263E-01
       945  1.3842662E-02 -1.2442254E-01
       946  1.3912049E-02 -1.2504556E-01
       947  1.3981783E-02 -1.2567168E-01
       948  1.4051867E-02 -1.2630094E-01
       949  1.4122302E-02 -1.2693334E-01
       950  1.4193091E-02 -1.2756889E-01
       951  1.4264234E-02 -1.2820763E-01
       952  1.4335734E-02 -1.2884955E-01
       953  1.4407592E-02 -1.2949468E-01
       954  1.4479810E-02 -1.3014303E-01
       955  1.4552391E-02 -1.3079463E-01
       956  1.4625335E-02 -1.3144947E-01
       957  1.4698645E-02 -1.3210759E-01
       958  1.4772322E-02 -1.3276900E-01
       959  1.4846368E-02 -1.3343370E-01
       960  1.4920786E-02 -1.3410173E-01
       961  1.4995577E-02 -1.3477310E-01
       962  1.5070742E-02 -1.3544781E-01
       963  1.5146285E-02 -1.3612590E-01
       964  1.5222206E-02 -1.3680737E-01
       965  1.5298508E-02 -1.3749225E-01
       966  1.5375192E-02 -1.3818054E-01
       967  1.5452260E-02 -1.3887228E-01
       968  1.5529715E-02 -1.3956746E-01
       969  1.5607558E-02 -1.4026612E-01
       970  1.5685791E-02 -1.4096826E-01
       971  1.5764416E-02 -1.4167391E-01
       972  1.5843436E-02 -1.4238309E-01
       973  1.5922852E-02 -1.4309580E-01
       974  1.6002665E-02 -1.4381207E-01
       975  1.6082879E-02 -1.4453191E-01
       976  1.6163495E-02 -1.4525535E-01
       977  1.6244514E-02 -1.4598240E-01
       978  1.6325940E-02 -1.4671308E-01
       979  1.6407775E-02 -1.4744740E-01
       980  1.6490019E-02 -1.4818539E-01
       981  1.6572675E-02 -1.4892706E-01
       982  1.6655746E-02 -1.4967243E-01
       983  1.6739234E-02 -1.5042152E-01
       984  1.6823139E-02 -1.5117435E-01
       985  1.6907466E-02 -1.5193094E-01
       986  1.6992215E-02 -1.5269130E-01
       987  1.7077389E-02 -1.5345545E-01
       988  1.7162989E-02 -1.5422341E-01
       989  1.7249019E-02 -1.5499521E-01
       990  1.7335480E-02 -1.5577085E-01
       991  1.7422375E-02 -1.5655037E-01
       992  1.7509705E-02 -1.5733377E-01
       993  1.7597472E-02 -1.5812108E-01
       994  1.7685680E-02 -1.5891231E-01
       995  1.7774330E-02 -1.5970749E-01
       996  1.7863424E-02 -1.6050664E-01
       997  1.7952965E-02 -1.6130977E-01
       998  1.8042955E-02 -1.6211690E-01
       999  1.8133395E-02 -1.6292806E-01
      1000  1.8224289E-02 -1.6374326E-01
      1001  1.8315639E-02 -1.6456253E-01
      1002  1.8407446E-02 -1.6538588E-01
      1003  1.8499714E-02 -1.6621333E-01
      1004  1.8592444E-02 -1.6704491E-01
      1005  1.8685639E-02 -1.6788064E-01
      1006  1.8779301E-02 -1.6872052E-01
      1007  1.8873433E-02 -1.6956460E-01
      1008  1.8968037E-02 -1.7041288E-01
      1009  1.9063114E-02 -1.7126539E-01
      1010  1.9158669E-02 -1.7212214E-01
      1011  1.9254702E-02 -1.7298316E-01
      1012  1.9351216E-02 -1.7384848E-01
      1013  1.9448215E-02 -1.7471810E-01
      1014  1.9545699E-02 -1.7559205E-01
      1015  1.9643673E-02 -1.7647036E-01
      1016  1.9742137E-02 -1.7735305E-01
      1017  1.9841095E-02 -1.7824013E-01
      1018  1.9940549E-02 -1.7913162E-01
      1019  2.0040501E-02 -1.8002756E-01
      1020  2.0140954E-02 -1.8092796E-01
      1021  2.0241911E-02 -1.8183284E-01
      1022  2.0343374E-02 -1.8274222E-01
      1023  2.0445346E-02 -1.8365614E-01
      1024  2.0547829E-02 -1.8457460E-01
      1025  2.0650825E-02 -1.8549763E-01
      1026  2.0754338E-02 -1.8642526E-01
      1027  2.0858369E-02 -1.8735751E-01
      1028  2.0962922E-02 -1.8829439E-01
      1029  2.1068000E-02 -1.8923594E-01
      1030  2.1173603E-02 -1.9018217E-01
      1031  2.1279736E-02 -1.9113311E-01
      1032  2.1386402E-02 -1.9208878E-01
      1033  2.1493601E-02 -1.9304921E-01
      1034  2.1601338E-02 -1.9401441E-01
      1035  2.1709616E-02 -1.9498441E-01
      1036  2.1818436E-02 -1.9595924E-01
      1037  2.1927801E-02 -1.9693892E-01
      1038  2.2037714E-02 -1.9792347E-01
      1039  2.2148179E-02 -1.9891291E-01
      1040  2.2259197E-02 -1.9990727E-01
      1041  2.2370772E-02 -2.0090658E-01
      1042  2.2482906E-02 -2.0191086E-01
      1043  2.2595602E-02 -2.0292012E-01
      1044  2.2708863E-02 -2.0393441E-01
      1045  2.2822691E-02 -2.0495373E-01
      1046  2.2937091E-02 -2.0597812E-01
      1047  2.3052063E-02 -2.0700760E-01
      1048  2.3167612E-02 -2.0804219E-01
      1049  2.3283740E-02 -2.0908193E-01
      1050  2.3400451E-02 -2.1012683E-01
      1051  2.3517746E-02 -2.1117692E-01
      1052  2.3635629E-02 -2.1223223E-01
      1053  2.3754103E-02 -2.1329277E-01
      1054  2.3873171E-02 -2.1435859E-01
      1055  2.3992836E-02 -2.1542969E-01
      1056  2.4113100E-02 -2.1650612E-01
      1057  2.4233968E-02 -2.1758789E-01
      1058  2.4355441E-02 -2.1867503E-01
      1059  2.4477523E-02 -2.1976756E-01
      1060  2.4600217E-02 -2.2086552E-01
      1061  2.4723526E-02 -2.2196892E-01
      1062  2.4847454E-02 -2.2307780E-01
      1063  2.4972002E-02 -2.2419218E-01
      1064  2.5097175E-02 -2.2531210E-01
      1065  2.5222975E-02 -2.2643756E-01
      1066  2.5349406E-02 -2.2756861E-01
      1067  2.5476470E-02 -2.2870527E-01
      1068  2.5604171E-02 -2.2984756E-01
      1069  2.5732513E-02 -2.3099552E-01
      1070  2.5861497E-02 -2.3214917E-01
      1071  2.5991129E-02 -2.3330854E-01
      1072  2.6121410E-02 -2.3447365E-01
      1073  2.6252344E-02 -2.3564454E-01
      1074  2.6383934E-02 -2.3682123E-01
      1075  2.6516184E-02 -2.3800376E-01
      1076  2.6649097E-02 -2.3919214E-01
      1077  2.6782676E-02 -2.4038641E-01
      1078  2.6916925E-02 -2.4158659E-01
      1079  2.7051847E-02 -2.4279272E-01
      1080  2.7187445E-02 -2.4400482E-01
      1081  2.7323722E-02 -2.4522292E-01
      1082  2.7460683E-02 -2.4644705E-01
      1083  2.7598330E-02 -2.4767725E-01
      1084  2.7736668E-02 -2.4891353E-01
      1085  2.7875698E-02 -2.5015593E-01
      1086  2.8015426E-02 -2.5140448E-01
      1087  2.8155854E-02 -2.5265920E-01
      1088  2.8296985E-02 -2.5392013E-01
      1089  2.8438825E-02 -2.5518730E-01
      1090  2.8581375E-02 -2.5646074E-01
      1091  2.8724640E-02 -2.5774047E-01
      1092  2.8868623E-02 -2.5902653E-01
      1093  2.9013327E-02 -2.6031895E-01
      1094  2.9158757E-02 -2.6161776E-01
      1095  2.9304916E-02 -2.6292298E-01
      1096  2.9451807E-02 -2.6423466E-01
      1097  2.9599435E-02 -2.6555282E-01
      1098  2.9747803E-02 -2.6687748E-01
      1099  2.9896914E-02 -2.6820870E-01
      1100  3.0046773E-02 -2.6954648E-01
      1101  3.0197383E-02 -2.7089087E-01
      1102  3.0348748E-02 -2.7224190E-01
      1103  3.0500872E-02 -2.7359960E-01
      1104  3.0653758E-02 -2.7496400E-01
      1105  3.0807411E-02 -2.7633513E-01
      1106  3.0961834E-02 -2.7771303E-01
      1107  3.1117031E-02 -2.7909772E-01
      1108  3.1273005E-02 -2.8048924E-01
      1109  3.1429762E-02 -2.8188763E-01
      1110  3.1587304E-02 -2.8329291E-01
      1111  3.1745636E-02 -2.8470512E-01
      1112  3.1904762E-02 -2.8612429E-01
      1113  3.2064685E-02 -2.8755046E-01
      1114  3.2225410E-02 -2.8898365E-01
      1115  3.2386941E-02 -2.9042390E-01
      1116  3.2549281E-02 -2.9187125E-01
      1117  3.2712435E-02 -2.9332572E-01
      1118  3.2876407E-02 -2.9478736E-01
      1119  3.3041200E-02 -2.9625619E-01
      1120  3.3206820E-02 -2.9773226E-01
      1121  3.3373270E-02 -2.9921558E-01
      1122  3.3540554E-02 -3.0070621E-01
      1123  3.3708677E-02 -3.0220416E-01
      1124  3.3877642E-02 -3.0370949E-01
      1125  3.4047455E-02 -3.0522222E-01
      1126  3.4218118E-02 -3.0674238E-01
      1127  3.4389637E-02 -3.0827002E-01
      1128  3.4562016E-02 -3.0980516E-01
      1129  3.4735259E-02 -3.1134785E-01
      1130  3.4909370E-02 -3.1289812E-01
      1131  3.5084354E-02 -3.1445600E-01
      1132  3.5260215E-02 -3.1602153E-01
      1133  3.5436958E-02 -3.1759475E-01
      1134  3.5614586E-02 -3.1917568E-01
      1135  3.5793105E-02 -3.2076438E-01
      1136  3.5972519E-02 -3.2236087E-01
      1137  3.6152832E-02 -3.2396520E-01
      1138  3.6334049E-02 -3.2557739E-01
      1139  3.6516174E-02 -3.2719748E-01
      1140  3.6699212E-02 -3.2882552E-01
      1141  3.6883167E-02 -3.3046154E-01
      1142  3.7068045E-02 -3.3210557E-01
      1143  3.7253849E-02 -3.3375765E-01
      1144  3.7440585E-02 -3.3541783E-01
      1145  3.7628257E-02 -3.3708613E-01
      1146  3.7816869E-02 -3.3876261E-01
      1147  3.8006427E-02 -3.4044728E-01
      1148  3.8196935E-02 -3.4214020E-01
      1149  3.8388398E-02 -3.4384140E-01
      1150  3.8580821E-02 -3.4555092E-01
      1151  3.8774208E-02 -3.4726879E-01
      1152  3.8968564E-02 -3.4899507E-01
      1153  3.9163895E-02 -3.5072978E-01
      1154  3.9360205E-02 -3.5247296E-01
      1155  3.9557499E-02 -3.5422466E-01
      1156  3.9755782E-02 -3.5598491E-01
      1157  3.9955058E-02 -3.5775375E-01
      1158  4.0155334E-02 -3.5953122E-01
      1159  4.0356613E-02 -3.6131737E-01
      1160  4.0558902E-02 -3.6311222E-01
      1161  4.0762204E-02 -3.6491583E-01
      1162  4.0966525E-02 -3.6672823E-01
      1163  4.1171871E-02 -3.6854946E-01
      1164  4.1378246E-02 -3.7037957E-01
      1165  4.1585655E-02 -3.7221859E-01
      1166  4.1794104E-02 -3.7406656E-01
      1167  4.2003598E-02 -3.7592353E-01
      1168  4.2214142E-02 -3.7778953E-01
      1169  4.2425741E-02 -3.7966461E-01
      1170  4.2638401E-02 -3.8154880E-01
      1171  4.2852127E-02 -3.8344216E-01
      1172  4.3066924E-02 -3.8534472E-01
      1173  4.3282798E-02 -3.8725652E-01
      1174  4.3499754E-02 -3.8917761E-01
      1175  4.3717797E-02 -3.9110803E-01
      1176  4.3936934E-02 -3.9304781E-01
      1177  4.4157168E-02 -3.9499701E-01
      1178  4.4378507E-02 -3.9695566E-01
      1179  4.4600955E-02 -3.9892380E-01
      1180  4.4824519E-02 -4.0090149E-01
      1181  4.5049202E-02 -4.0288876E-01
      1182  4.5275012E-02 -4.0488565E-01
      1183  4.5501954E-02 -4.0689221E-01
      1184  4.5730034E-02 -4.0890849E-01
      1185  4.5959257E-02 -4.1093452E-01
      1186  4.6189628E-02 -4.1297035E-01
      1187  4.6421155E-02 -4.1501602E-01
      1188  4.6653842E-02 -4.1707158E-01
      1189  4.6887695E-02 -4.1913708E-01
      1190  4.7122721E-02 -4.2121254E-01
      1191  4.7358924E-02 -4.2329803E-01
      1192  4.7596312E-02 -4.2539358E-01
      1193  4.7834889E-02 -4.2749923E-01
      1194  4.8074663E-02 -4.2961504E-01
      1195  4.8315638E-02 -4.3174105E-01
      1196  4.8557821E-02 -4.3387730E-01
      1197  4.8801218E-02 -4.3602384E-01
      1198  4.9045835E-02 -4.3818072E-01
      1199  4.9291679E-02 -4.4034797E-01
      1200  4.9538754E-02 -4.4252564E-01
      1201  4.9787068E-02 -4.4471379E-01
      1202  5.0036627E-02 -4.4691245E-01
      1203  5.0287437E-02 -4.4912167E-01
      1204  5.0539504E-02 -4.5134150E-01
      1205  5.0792834E-02 -4.5357199E-01
      1206  5.1047434E-02 -4.5581317E-01
      1207  5.1303310E-02 -4.5806510E-01
      1208  5.1560469E-02 -4.6032782E-01
      1209  5.1818917E-02 -4.6260139E-01
      1210  5.2078661E-02 -4.6488584E-01
      1211  5.2339706E-02 -4.6718122E-01
      1212  5.2602060E-02 -4.6948758E-01
      1213  5.2865729E-02 -4.7180497E-01
      1214  5.3130719E-02 -4.7413344E-01
      1215  5.3397038E-02 -4.7647302E-01
      1216  5.3664692E-02 -4.7882378E-01
      1217  5.3933687E-02 -4.8118575E-01
      1218  5.4204031E-02 -4.8355899E-01
      1219  5.4475730E-02 -4.8594354E-01
      1220  5.4748791E-02 -4.8833945E-01
      1221  5.5023220E-02 -4.9074677E-01
      1222  5.5299025E-02 -4.9316555E-01
      1223  5.5576213E-02 -4.9559583E-01
      1224  5.5854790E-02 -4.9803767E-01
      1225  5.6134763E-02 -5.0049111E-01
      1226  5.6416140E-02 -5.0295620E-01
      1227  5.6698927E-02 -5.0543298E-01
      1228  5.6983131E-02 -5.0792152E-01
      1229  5.7268760E-02 -5.1042185E-01
      1230  5.7555821E-02 -5.1293403E-01
      1231  5.7844321E-02 -5.1545810E-01
      1232  5.8134267E-02 -5.1799412E-01
      1233  5.8425666E-02 -5.2054213E-01
      1234  5.8718526E-02 -5.2310218E-01
      1235  5.9012854E-02 -5.2567432E-01
      1236  5.9308657E-02 -5.2825861E-01
      1237  5.9605943E-02 -5.3085509E-01
      1238  5.9904719E-02 -5.3346380E-01
      1239  6.0204992E-02 -5.3608481E-01
      1240  6.0506771E-02 -5.3871816E-01
      1241  6.0810063E-02 -5.4136390E-01
      1242  6.1114874E-02 -5.4402207E-01
      1243  6.1421214E-02 -5.4669274E-01
      1244  6.1729089E-02 -5.4937595E-01
      1245  6.2038507E-02 -5.5207175E-01
      1246  6.2349477E-02 -5.5478019E-01
      1247  6.2662005E-02 -5.5750132E-01
      1248  6.2976099E-02 -5.6023519E-01
      1249  6.3291768E-02 -5.6298185E-01
      1250  6.3609020E-02 -5.6574135E-01
      1251  6.3927861E-02 -5.6851375E-01
      1252  6.4248301E-02 -5.7129909E-01
      1253  6.4570347E-02 -5.7409742E-01
      1254  6.4894007E-02 -5.7690880E-01
      1255  6.5219290E-02 -5.7973327E-01
      1256  6.5546203E-02 -5.8257089E-01
      1257  6.5874754E-02 -5.8542170E-01
      1258  6.6204953E-02 -5.8828576E-01
      1259  6.6536807E-02 -5.9116312E-01
      1260  6.6870324E-02 -5.9405383E-01
      1261  6.7205513E-02 -5.9695793E-01
      1262  6.7542382E-02 -5.9987549E-01
      1263  6.7880939E-02 -6.0280654E-01
      1264  6.8221194E-02 -6.0575115E-01
      1265  6.8563154E-02 -6.0870936E-01
      1266  6.8906828E-02 -6.1168123E-01
      1267  6.9252225E-02 -6.1466680E-01
      1268  6.9599354E-02 -6.1766612E-01
      1269  6.9948222E-02 -6.2067925E-01
      1270  7.0298839E-02 -6.2370623E-01
      1271  7.0651213E-02 -6.2674713E-01
      1272  7.1005354E-02 -6.2980198E-01
      1273  7.1361270E-02 -6.3287084E-01
      1274  7.1718969E-02 -6.3595376E-01
      1275  7.2078462E-02 -6.3905079E-01
      1276  7.2439757E-02 -6.4216198E-01
      1277  7.2802863E-02 -6.4528739E-01
      1278  7.3167789E-02 -6.4842705E-01
      1279  7.3534544E-02 -6.5158103E-01
      1280  7.3903137E-02 -6.5474937E-01
      1281  7.4273578E-02 -6.5793213E-01
      1282  7.4645876E-02 -6.6112934E-01
      1283  7.5020040E-02 -6.6434108E-01
      1284  7.5396080E-02 -6.6756737E-01
      1285  7.5774004E-02 -6.7080828E-01
      1286  7.6153823E-02 -6.7406385E-01
      1287  7.6535545E-02 -6.7733414E-01
      1288  7.6919181E-02 -6.8061919E-01
      1289  7.7304740E-02 -6.8391906E-01
      1290  7.7692232E-02 -6.8723379E-01
      1291  7.8081666E-02 -6.9056342E-01
      1292  7.8473052E-02 -6.9390803E-01
      1293  7.8866400E-02 -6.9726764E-01
      1294  7.9261719E-02 -7.0064231E-01
      1295  7.9659020E-02 -7.0403209E-01
      1296  8.0058313E-02 -7.0743703E-01
      1297  8.0459607E-02 -7.1085717E-01
      1298  8.0862912E-02 -7.1429257E-01
      1299  8.1268239E-02 -7.1774327E-01
      1300  8.1675598E-02 -7.2120932E-01
      1301  8.2084999E-02 -7.2469077E-01
      1302  8.2496451E-02 -7.2818766E-01
      1303  8.2909967E-02 -7.3170005E-01
      1304  8.3325555E-02 -7.3522798E-01
      1305  8.3743226E-02 -7.3877150E-01
      1306  8.4162990E-02 -7.4233065E-01
      1307  8.4584859E-02 -7.4590549E-01
      1308  8.5008842E-02 -7.4949605E-01
      1309  8.5434951E-02 -7.5310239E-01
      1310  8.5863195E-02 -7.5672455E-01
      1311  8.6293586E-02 -7.6036257E-01
      1312  8.6726135E-02 -7.6401651E-01
      1313  8.7160851E-02 -7.6768640E-01
      1314  8.7597747E-02 -7.7137229E-01
      1315  8.8036833E-02 -7.7507423E-01
      1316  8.8478119E-02 -7.7879225E-01
      1317  8.8921617E-02 -7.8252642E-01
      1318  8.9367339E-02 -7.8627676E-01
      1319  8.9815295E-02 -7.9004331E-01
      1320  9.0265496E-02 -7.9382614E-01
      1321  9.0717953E-02 -7.9762527E-01
      1322  9.1172679E-02 -8.0144074E-01
      1323  9.1629684E-02 -8.0527261E-01
      1324  9.2088980E-02 -8.0912091E-01
      1325  9.2550578E-02 -8.1298568E-01
      1326  9.3014489E-02 -8.1686697E-01
      1327  9.3480726E-02 -8.2076481E-01
      1328  9.3949300E-02 -8.2467924E-01
      1329  9.4420223E-02 -8.2861031E-01
      1330  9.4893507E-02 -8.3255804E-01
      1331  9.5369162E-02 -8.3652249E-01
      1332  9.5847202E-02 -8.4050369E-01
      1333  9.6327638E-02 -8.4450167E-01
      1334  9.6810483E-02 -8.4851647E-01
      1335  9.7295747E-02 -8.5254814E-01
      1336  9.7783444E-02 -8.5659670E-01
      1337  9.8273586E-02 -8.6066219E-01
      1338  9.8766184E-02 -8.6474464E-01
      1339  9.9261252E-02 -8.6884410E-01
      1340  9.9758801E-02 -8.7296059E-01
      1341  1.0025884E-01 -8.7709415E-01
      1342  1.0076139E-01 -8.8124481E-01
      1343  1.0126646E-01 -8.8541260E-01
      1344  1.0177406E-01 -8.8959755E-01
      1345  1.0228421E-01 -8.9379970E-01
      1346  1.0279691E-01 -8.9801907E-01
      1347  1.0331218E-01 -9.0225570E-01
      1348  1.0383003E-01 -9.0650960E-01
      1349  1.0435048E-01 -9.1078082E-01
      1350  1.0487354E-01 -9.1506938E-01
      1351  1.0539922E-01 -9.1937530E-01
      1352  1.0592754E-01 -9.2369861E-01
      1353  1.0645850E-01 -9.2803934E-01
      1354  1.0699213E-01 -9.3239751E-01
      1355  1.0752843E-01 -9.3677314E-01
      1356  1.0806742E-01 -9.4116625E-01
      1357  1.0860911E-01 -9.4557688E-01
      1358  1.0915351E-01 -9.5000503E-01
      1359  1.0970065E-01 -9.5445073E-01
      1360  1.1025053E-01 -9.5891400E-01
      1361  1.1080316E-01 -9.6339486E-01
      1362  1.1135856E-01 -9.6789332E-01
      1363  1.1191675E-01 -9.7240941E-01
      1364  1.1247773E-01 -9.7694313E-01
      1365  1.1304153E-01 -9.8149450E-01
      1366  1.1360815E-01 -9.8606353E-01
      1367  1.1417762E-01 -9.9065024E-01
      1368  1.1474993E-01 -9.9525464E-01
      1369  1.1532512E-01 -9.9987674E-01
      1370  1.1590319E-01 -1.0045165E+00
      1371  1.1648416E-01 -1.0091741E+00
      1372  1.1706804E-01 -1.0138493E+00
      1373  1.1765484E-01 -1.0185423E+00
      1374  1.1824459E-01 -1.0232530E+00
      1375  1.1883729E-01 -1.0279815E+00
      1376  1.1943297E-01 -1.0327277E+00
      1377  1.2003163E-01 -1.0374916E+00
      1378  1.2063329E-01 -1.0422733E+00
      1379  1.2123797E-01 -1.0470727E+00
      1380  1.2184567E-01 -1.0518898E+00
      1381  1.2245643E-01 -1.0567247E+00
      1382  1.2307024E-01 -1.0615774E+00
      1383  1.2368714E-01 -1.0664477E+00
      1384  1.2430712E-01 -1.0713358E+00
      1385  1.2493021E-01 -1.0762415E+00
      1386  1.2555643E-01 -1.0811650E+00
      1387  1.2618578E-01 -1.0861061E+00
      1388  1.2681829E-01 -1.0910649E+00
      1389  1.2745397E-01 -1.0960414E+00
      1390  1.2809284E-01 -1.1010354E+00
      1391  1.2873490E-01 -1.1060471E+00
      1392  1.2938019E-01 -1.1110764E+00
      1393  1.3002871E-01 -1.1161233E+00
      1394  1.3068048E-01 -1.1211877E+00
      1395  1.3133552E-01 -1.1262697E+00
      1396  1.3199384E-01 -1.1313691E+00
      1397  1.3265547E-01 -1.1364860E+00
      1398  1.3332040E-01 -1.1416204E+00
      1399  1.3398867E-01 -1.1467721E+00
      1400  1.3466030E-01 -1.1519412E+00
      1401  1.3533528E-01 -1.1571277E+00
      1402  1.3601365E-01 -1.1623314E+00
      1403  1.3669543E-01 -1.1675524E+00
      1404  1.3738061E-01 -1.1727906E+00
      1405  1.3806924E-01 -1.1780460E+00
      1406  1.3876131E-01 -1.1833185E+00
      1407  1.3945686E-01 -1.1886081E+00
      1408  1.4015589E-01 -1.1939147E+00
      1409  1.4085842E-01 -1.1992383E+00
      1410  1.4156448E-01 -1.2045787E+00
      1411  1.4227407E-01 -1.2099361E+00
      1412  1.4298722E-01 -1.2153102E+00
      1413  1.4370395E-01 -1.2207011E+00
      1414  1.4442427E-01 -1.2261086E+00
      1415  1.4514820E-01 -1.2315328E+00
      1416  1.4587576E-01 -1.2369734E+00
      1417  1.4660696E-01 -1.2424306E+00
      1418  1.4734183E-01 -1.2479041E+00
      1419  1.4808039E-01 -1.2533939E+00
      1420  1.4882264E-01 -1.2589000E+00
      1421  1.4956862E-01 -1.2644222E+00
      1422  1.5031834E-01 -1.2699605E+00
      1423  1.5107181E-01 -1.2755148E+00
      1424  1.5182906E-01 -1.2810849E+00
      1425  1.5259011E-01 -1.2866709E+00
      1426  1.5335497E-01 -1.2922725E+00
      1427  1.5412366E-01 -1.2978898E+00
      1428  1.5489621E-01 -1.3035225E+00
      1429  1.5567263E-01 -1.3091706E+00
      1430  1.5645294E-01 -1.3148340E+00
      1431  1.5723717E-01 -1.3205126E+00
      1432  1.5802532E-01 -1.3262062E+00
      1433  1.5881743E-01 -1.3319148E+00
      1434  1.5961350E-01 -1.3376382E+00
      1435  1.6041357E-01 -1.3433763E+00
      1436  1.6121764E-01 -1.3491289E+00
      1437  1.6202575E-01 -1.3548960E+00
      1438  1.6283791E-01 -1.3606774E+00
      1439  1.6365414E-01 -1.3664730E+00
      1440  1.6447446E-01 -1.3722825E+00
      1441  1.6529889E-01 -1.3781060E+00
      1442  1.6612745E-01 -1.3839432E+00
      1443  1.6696017E-01 -1.3897939E+00
      1444  1.6779706E-01 -1.3956581E+00
      1445  1.6863815E-01 -1.4015355E+00
      1446  1.6948345E-01 -1.4074260E+00
      1447  1.7033299E-01 -1.4133294E+00
      1448  1.7118679E-01 -1.4192456E+00
      1449  1.7204486E-01 -1.4251743E+00
      1450  1.7290724E-01 -1.4311155E+00
      1451  1.7377394E-01 -1.4370688E+00
      1452  1.7464499E-01 -1.4430342E+00
      1453  1.7552040E-01 -1.4490114E+00
      1454  1.7640020E-01 -1.4550002E+00
      1455  1.7728441E-01 -1.4610004E+00
      1456  1.7817305E-01 -1.4670119E+00
      1457  1.7906615E-01 -1.4730344E+00
      1458  1.7996372E-01 -1.4790676E+00
      1459  1.8086579E-01 -1.4851114E+00
      1460  1.8177239E-01 -1.4911656E+00
      1461  1.8268352E-01 -1.4972298E+00
      1462  1.8359923E-01 -1.5033040E+00
      1463  1.8451952E-01 -1.5093877E+00
      1464  1.8544443E-01 -1.5154809E+00
      1465  1.8637398E-01 -1.5215832E+00
      1466  1.8730818E-01 -1.5276944E+00
      1467  1.8824707E-01 -1.5338141E+00
      1468  1.8919066E-01 -1.5399423E+00
      1469  1.9013898E-01 -1.5460785E+00
      1470  1.9109206E-01 -1.5522225E+00
      1471  1.9204991E-01 -1.5583740E+00
      1472  1.9301256E-01 -1.5645327E+00
      1473  1.9398004E-01 -1.5706984E+00
      1474  1.9495237E-01 -1.5768707E+00
      1475  1.9592957E-01 -1.5830493E+00
      1476  1.9691168E-01 -1.5892339E+00
      1477  1.9789870E-01 -1.5954242E+00
      1478  1.9889067E-01 -1.6016199E+00
      1479  1.9988761E-01 -1.6078206E+00
      1480  2.0088955E-01 -1.6140259E+00
      1481  2.0189652E-01 -1.6202356E+00
      1482  2.0290853E-01 -1.6264494E+00
      1483  2.0392561E-01 -1.6326667E+00
      1484  2.0494779E-01 -1.6388873E+00
      1485  2.0597510E-01 -1.6451108E+00
      1486  2.0700755E-01 -1.6513369E+00
      1487  2.0804518E-01 -1.6575650E+00
      1488  2.0908801E-01 -1.6637949E+00
      1489  2.1013607E-01 -1.6700262E+00
      1490  2.1118938E-01 -1.6762584E+00
      1491  2.1224797E-01 -1.6824911E+00
      1492  2.1331187E-01 -1.6887239E+00
      1493  2.1438110E-01 -1.6949563E+00
      1494  2.1545569E-01 -1.7011880E+00
      1495  2.1653567E-01 -1.7074185E+00
      1496  2.1762106E-01 -1.7136473E+00
      1497  2.1871189E-01 -1.7198740E+00
      1498  2.1980818E-01 -1.7260981E+00
      1499  2.2090998E-01 -1.7323191E+00
      1500  2.2201729E-01 -1.7385366E+00
      1501  2.2313016E-01 -1.7447500E+00
      1502  2.2424860E-01 -1.7509589E+00
      1503  2.2537266E-01 -1.7571626E+00
      1504  2.2650234E-01 -1.7633608E+00
      1505  2.2763769E-01 -1.7695529E+00
      1506  2.2877873E-01 -1.7757384E+00
      1507  2.2992549E-01 -1.7819166E+00
      1508  2.3107799E-01 -1.7880871E+00
      1509  2.3223627E-01 -1.7942493E+00
      1510  2.3340036E-01 -1.8004026E+00
      1511  2.3457029E-01 -1.8065464E+00
      1512  2.3574608E-01 -1.8126802E+00
      1513  2.3692776E-01 -1.8188033E+00
      1514  2.3811536E-01 -1.8249151E+00
      1515  2.3930892E-01 -1.8310150E+00
      1516  2.4050846E-01 -1.8371024E+00
      1517  2.4171402E-01 -1.8431766E+00
      1518  2.4292561E-01 -1.8492370E+00
      1519  2.4414328E-01 -1.8552829E+00
      1520  2.4536706E-01 -1.8613137E+00
      1521  2.4659696E-01 -1.8673286E+00
      1522  2.4783304E-01 -1.8733269E+00
      1523  2.4907530E-01 -1.8793080E+00
      1524  2.5032380E-01 -1.8852712E+00
      1525  2.5157855E-01 -1.8912157E+00
      1526  2.5283960E-01 -1.8971407E+00
      1527  2.5410696E-01 -1.9030456E+00
      1528  2.5538068E-01 -1.9089296E+00
      1529  2.5666078E-01 -1.9147918E+00
      1530  2.5794729E-01 -1.9206316E+00
      1531  2.5924026E-01 -1.9264481E+00
      1532  2.6053971E-01 -1.9322404E+00
      1533  2.6184567E-01 -1.9380079E+00
      1534  2.6315818E-01 -1.9437497E+00
      1535  2.6447726E-01 -1.9494648E+00
      1536  2.6580296E-01 -1.9551525E+00
      1537  2.6713530E-01 -1.9608119E+00
      1538  2.6847432E-01 -1.9664421E+00
      1539  2.6982006E-01 -1.9720422E+00
      1540  2.7117254E-01 -1.9776114E+00
      1541  2.7253179E-01 -1.9831486E+00
      1542  2.7389786E-01 -1.9886530E+00
      1543  2.7527078E-01 -1.9941236E+00
      1544  2.7665058E-01 -1.9995594E+00
      1545  2.7803730E-01 -2.0049595E+00
      1546  2.7943097E-01 -2.0103229E+00
      1547  2.8083162E-01 -2.0156486E+00
      1548  2.8223930E-01 -2.0209356E+00
      1549  2.8365403E-01 -2.0261828E+00
      1550  2.8507585E-01 -2.0313893E+00
      1551  2.8650480E-01 -2.0365538E+00
      1552  2.8794091E-01 -2.0416755E+00
      1553  2.8938422E-01 -2.0467532E+00
      1554  2.9083476E-01 -2.0517858E+00
      1555  2.9229258E-01 -2.0567721E+00
      1556  2.9375770E-01 -2.0617111E+00
      1557  2.9523017E-01 -2.0666016E+00
      1558  2.9671001E-01 -2.0714425E+00
      1559  2.9819728E-01 -2.0762326E+00
      1560  2.9969200E-01 -2.0809706E+00
      1561  3.0119421E-01 -2.0856555E+00
      1562  3.0270395E-01 -2.0902859E+00
      1563  3.0422126E-01 -2.0948606E+00
      1564  3.0574618E-01 -2.0993784E+00
      1565  3.0727874E-01 -2.1038380E+00
      1566  3.0881898E-01 -2.1082382E+00
      1567  3.1036694E-01 -2.1125776E+00
      1568  3.1192266E-01 -2.1168549E+00
      1569  3.1348618E-01 -2.1210688E+00
      1570  3.1505754E-01 -2.1252180E+00
      1571  3.1663677E-01 -2.1293010E+00
      1572  3.1822392E-01 -2.1333165E+00
      1573  3.1981902E-01 -2.1372631E+00
      1574  3.2142212E-01 -2.1411395E+00
      1575  3.2303326E-01 -2.1449440E+00
      1576  3.2465247E-01 -2.1486754E+00
      1577  3.2627979E-01 -2.1523322E+00
      1578  3.2791528E-01 -2.1559128E+00
      1579  3.2955896E-01 -2.1594157E+00
      1580  3.3121088E-01 -2.1628396E+00
      1581  3.3287108E-01 -2.1661827E+00
      1582  3.3453961E-01 -2.1694437E+00
      1583  3.3621649E-01 -2.1726208E+00
      1584  3.3790179E-01 -2.1757126E+00
      1585  3.3959553E-01 -2.1787174E+00
      1586  3.4129776E-01 -2.1816336E+00
      1587  3.4300852E-01 -2.1844596E+00
      1588  3.4472785E-01 -2.1871937E+00
      1589  3.4645581E-01 -2.1898342E+00
      1590  3.4819243E-01 -2.1923795E+00
      1591  3.4993775E-01 -2.1948279E+00
      1592  3.5169182E-01 -2.1971776E+00
      1593  3.5345468E-01 -2.1994268E+00
      1594  3.5522638E-01 -2.2015739E+00
      1595  3.5700696E-01 -2.2036170E+00
      1596  3.5879647E-01 -2.2055544E+00
      1597  3.6059494E-01 -2.2073843E+00
      1598  3.6240243E-01 -2.2091047E+00
      1599  3.6421898E-01 -2.2107139E+00
      1600  3.6604463E-01 -2.2122100E+00
      1601  3.6787944E-01 -2.2135911E+00
      1602  3.6972344E-01 -2.2148553E+00
      1603  3.7157669E-01 -2.2160007E+00
      1604  3.7343923E-01 -2.2170254E+00
      1605  3.7531110E-01 -2.2179274E+00
      1606  3.7719235E-01 -2.2187046E+00
      1607  3.7908304E-01 -2.2193553E+00
      1608  3.8098320E-01 -2.2198772E+00
      1609  3.8289289E-01 -2.2202685E+00
      1610  3.8481214E-01 -2.2205271E+00
      1611  3.8674102E-01 -2.2206508E+00
      1612  3.8867957E-01 -2.2206378E+00
      1613  3.9062784E-01 -2.2204857E+00
      1614  3.9258587E-01 -2.2201926E+00
      1615  3.9455371E-01 -2.2197563E+00
      1616  3.9653142E-01 -2.2191747E+00
      1617  3.9851904E-01 -2.2184456E+00
      1618  4.0051663E-01 -2.2175669E+00
      1619  4.0252422E-01 -2.2165363E+00
      1620  4.0454189E-01 -2.2153516E+00
      1621  4.0656966E-01 -2.2140107E+00
      1622  4.0860760E-01 -2.2125113E+00
      1623  4.1065575E-01 -2.2108512E+00
      1624  4.1271417E-01 -2.2090280E+00
      1625  4.1478291E-01 -2.2070396E+00
      1626  4.1686202E-01 -2.2048835E+00
      1627  4.1895155E-01 -2.2025576E+00
      1628  4.2105155E-01 -2.2000594E+00
      1629  4.2316208E-01 -2.1973867E+00
      1630  4.2528319E-01 -2.1945371E+00
      1631  4.2741493E-01 -2.1915082E+00
      1632  4.2955736E-01 -2.1882977E+00
      1633  4.3171052E-01 -2.1849032E+00
      1634  4.3387448E-01 -2.1813223E+00
      1635  4.3604929E-01 -2.1775525E+00
      1636  4.3823499E-01 -2.1735915E+00
      1637  4.4043165E-01 -2.1694369E+00
      1638  4.4263933E-01 -2.1650861E+00
      1639  4.4485807E-01 -2.1605368E+00
      1640  4.4708793E-01 -2.1557865E+00
      1641  4.4932896E-01 -2.1508327E+00
      1642  4.5158123E-01 -2.1456729E+00
      1643  4.5384480E-01 -2.1403047E+00
      1644  4.5611970E-01 -2.1347256E+00
      1645  4.5840601E-01 -2.1289331E+00
      1646  4.6070378E-01 -2.1229247E+00
      1647  4.6301307E-01 -2.1166978E+00
      1648  4.6533393E-01 -2.1102500E+00
      1649  4.6766643E-01 -2.1035788E+00
      1650  4.7001061E-01 -2.0966816E+00
      1651  4.7236655E-01 -2.0895560E+00
      1652  4.7473430E-01 -2.0821993E+00
      1653  4.7711392E-01 -2.0746091E+00
      1654  4.7950546E-01 -2.0667829E+00
      1655  4.8190899E-01 -2.0587181E+00
      1656  4.8432457E-01 -2.0504122E+00
      1657  4.8675226E-01 -2.0418627E+00
      1658  4.8919211E-01 -2.0330671E+00
      1659  4.9164420E-01 -2.0240229E+00
      1660  4.9410857E-01 -2.0147276E+00
      1661  4.9658530E-01 -2.0051786E+00
      1662  4.9907445E-01 -1.9953735E+00
      1663  5.0157607E-01 -1.9853098E+00
      1664  5.0409023E-01 -1.9749849E+00
      1665  5.0661699E-01 -1.9643966E+00
      1666  5.0915642E-01 -1.9535422E+00
      1667  5.1170858E-01 -1.9424194E+00
      1668  5.1427353E-01 -1.9310257E+00
      1669  5.1685133E-01 -1.9193588E+00
      1670  5.1944206E-01 -1.9074161E+00
      1671  5.2204578E-01 -1.8951954E+00
      1672  5.2466254E-01 -1.8826942E+00
      1673  5.2729242E-01 -1.8699102E+00
      1674  5.2993549E-01 -1.8568412E+00
      1675  5.3259180E-01 -1.8434847E+00
      1676  5.3526143E-01 -1.8298386E+00
      1677  5.3794444E-01 -1.8159005E+00
      1678  5.4064090E-01 -1.8016682E+00
      1679  5.4335087E-01 -1.7871396E+00
      1680  5.4607443E-01 -1.7723125E+00
      1681  5.4881164E-01 -1.7571847E+00
      1682  5.5156257E-01 -1.7417541E+00
      1683  5.5432728E-01 -1.7260187E+00
      1684  5.5710586E-01 -1.7099764E+00
      1685  5.5989837E-01 -1.6936252E+00
      1686  5.6270487E-01 -1.6769632E+00
      1687  5.6552544E-01 -1.6599885E+00
      1688  5.6836015E-01 -1.6426991E+00
      1689  5.7120906E-01 -1.6250934E+00
      1690  5.7407226E-01 -1.6071693E+00
      1691  5.7694981E-01 -1.5889254E+00
      1692  5.7984178E-01 -1.5703598E+00
      1693  5.8274825E-01 -1.5514709E+00
      1694  5.8566929E-01 -1.5322572E+00
      1695  5.8860497E-01 -1.5127171E+00
      1696  5.9155536E-01 -1.4928492E+00
      1697  5.9452055E-01 -1.4726521E+00
      1698  5.9750059E-01 -1.4521245E+00
      1699  6.0049558E-01 -1.4312651E+00
      1700  6.0350558E-01 -1.4100727E+00
      1701  6.0653066E-01 -1.3885461E+00
      1702  6.0957091E-01 -1.3666843E+00
      1703  6.1262639E-01 -1.3444864E+00
      1704  6.1569720E-01 -1.3219514E+00
      1705  6.1878339E-01 -1.2990785E+00
      1706  6.2188506E-01 -1.2758670E+00
      1707  6.2500227E-01 -1.2523161E+00
      1708  6.2813511E-01 -1.2284254E+00
      1709  6.3128365E-01 -1.2041944E+00
      1710  6.3444797E-01 -1.1796227E+00
      1711  6.3762815E-01 -1.1547099E+00
      1712  6.4082428E-01 -1.1294560E+00
      1713  6.4403642E-01 -1.1038607E+00
      1714  6.4726467E-01 -1.0779242E+00
      1715  6.5050909E-01 -1.0516465E+00
      1716  6.5376979E-01 -1.0250279E+00
      1717  6.5704682E-01 -9.9806879E-01
      1718  6.6034028E-01 -9.7076952E-01
      1719  6.6365025E-01 -9.4313071E-01
      1720  6.6697681E-01 -9.1515308E-01
      1721  6.7032005E-01 -8.8683744E-01
      1722  6.7368004E-01 -8.5818475E-01
      1723  6.7705687E-01 -8.2919610E-01
      1724  6.8045064E-01 -7.9987269E-01
      1725  6.8386141E-01 -7.7021591E-01
      1726  6.8728928E-01 -7.4022723E-01
      1727  6.9073433E-01 -7.0990830E-01
      1728  6.9419665E-01 -6.7926091E-01
      1729  6.9767633E-01 -6.4828700E-01
      1730  7.0117344E-01 -6.1698866E-01
      1731  7.0468809E-01 -5.8536815E-01
      1732  7.0822035E-01 -5.5342786E-01
      1733  7.1177032E-01 -5.2117038E-01
      1734  7.1533809E-01 -4.8859846E-01
      1735  7.1892373E-01 -4.5571499E-01
      1736  7.2252735E-01 -4.2252307E-01
      1737  7.2614904E-01 -3.8902596E-01
      1738  7.2978887E-01 -3.5522711E-01
      1739  7.3344696E-01 -3.2113014E-01
      1740  7.3712337E-01 -2.8673886E-01
      1741  7.4081822E-01 -2.5205730E-01
      1742  7.4453159E-01 -2.1708964E-01
      1743  7.4826357E-01 -1.8184029E-01
      1744  7.5201425E-01 -1.4631385E-01
      1745  7.5578374E-01 -1.1051513E-01
      1746  7.5957212E-01 -7.4449134E-02
      1747  7.6337949E-01 -3.8121095E-02
      1748  7.6720595E-01 -1.5364548E-03
      1749  7.7105159E-01  3.5299132E-02
      1750  7.7491650E-01  7.2379783E-02
      1751  7.7880078E-01  1.0969939E-01
      1752  7.8270454E-01  1.4725162E-01
      1753  7.8662786E-01  1.8502992E-01
      1754  7.9057085E-01  2.2302747E-01
      1755  7.9453360E-01  2.6123724E-01
      1756  7.9851622E-01  2.9965196E-01
      1757  8.0251880E-01  3.3826410E-01
      1758  8.0654144E-01  3.7706589E-01
      1759  8.1058425E-01  4.1604932E-01
      1760  8.1464732E-01  4.5520611E-01
      1761  8.1873075E-01  4.9452774E-01
      1762  8.2283466E-01  5.3400543E-01
      1763  8.2695913E-01  5.7363012E-01
      1764  8.3110428E-01  6.1339251E-01
      1765  8.3527021E-01  6.5328303E-01
      1766  8.3945702E-01  6.9329182E-01
      1767  8.4366482E-01  7.3340879E-01
      1768  8.4789370E-01  7.7362355E-01
      1769  8.5214379E-01  8.1392543E-01
      1770  8.5641518E-01  8.5430351E-01
      1771  8.6070798E-01  8.9474657E-01
      1772  8.6502229E-01  9.3524310E-01
      1773  8.6935824E-01  9.7578136E-01
      1774  8.7371591E-01  1.0163493E+00
      1775  8.7809543E-01  1.0569345E+00
      1776  8.8249690E-01  1.0975244E+00
      1777  8.8692044E-01  1.1381061E+00
      1778  8.9136614E-01  1.1786663E+00
      1779  8.9583414E-01  1.2191916E+00
      1780  9.0032452E-01  1.2596683E+00
      1781  9.0483742E-01  1.3000822E+00
      1782  9.0937293E-01  1.3404190E+00
      1783  9.1393119E-01  1.3806641E+00
      1784  9.1851228E-01  1.4208026E+00
      1785  9.2311635E-01  1.4608192E+00
      1786  9.2774349E-01  1.5006984E+00
      1787  9.3239382E-01  1.5404246E+00
      1788  9.3706746E-01  1.5799815E+00
      1789  9.4176453E-01  1.6193529E+00
      1790  9.4648515E-01  1.6585223E+00
      1791  9.5122942E-01  1.6974725E+00
      1792  9.5599748E-01  1.7361866E+00
      1793  9.6078944E-01  1.7746471E+00
      1794  9.6560542E-01  1.8128361E+00
      1795  9.7044553E-01  1.8507359E+00
      1796  9.7530991E-01  1.8883282E+00
      1797  9.8019867E-01  1.9255945E+00
      1798  9.8511194E-01  1.9625160E+00
      1799  9.9004983E-01  1.9990738E+00
      1800  9.9501248E-01  2.0352486E+00
      1801  1.0000000E+00  2.0710210E+00
      1802  1.0050125E+00  2.1063713E+00
      1803  1.0100502E+00  2.1412796E+00
      1804  1.0151131E+00  2.1757258E+00
      1805  1.0202013E+00  2.2096895E+00
      1806  1.0253151E+00  2.2431502E+00
      1807  1.0304545E+00  2.2760873E+00
      1808  1.0356197E+00  2.3084796E+00
      1809  1.0408108E+00  2.3403063E+00
      1810  1.0460279E+00  2.3715461E+00
      1811  1.0512711E+00  2.4021774E+00
      1812  1.0565406E+00  2.4321789E+00
      1813  1.0618365E+00  2.4615289E+00
      1814  1.0671590E+00  2.4902055E+00
      1815  1.0725082E+00  2.5181868E+00
      1816  1.0778842E+00  2.5454510E+00
      1817  1.0832871E+00  2.5719757E+00
      1818  1.0887171E+00  2.5977391E+00
      1819  1.0941743E+00  2.6227187E+00
      1820  1.0996589E+00  2.6468925E+00
      1821  1.1051709E+00  2.6702382E+00
      1822  1.1107106E+00  2.6927334E+00
      1823  1.1162781E+00  2.7143560E+00
      1824  1.1218734E+00  2.7350839E+00
      1825  1.1274969E+00  2.7548947E+00
      1826  1.1331485E+00  2.7737665E+00
      1827  1.1388284E+00  2.7916773E+00
      1828  1.1445368E+00  2.8086050E+00
      1829  1.1502738E+00  2.8245282E+00
      1830  1.1560396E+00  2.8394251E+00
      1831  1.1618342E+00  2.8532743E+00
      1832  1.1676580E+00  2.8660547E+00
      1833  1.1735109E+00  2.8777453E+00
      1834  1.1793931E+00  2.8883252E+00
      1835  1.1853049E+00  2.8977743E+00
      1836  1.1912462E+00  2.9060723E+00
      1837  1.1972174E+00  2.9131993E+00
      1838  1.2032184E+00  2.9191362E+00
      1839  1.2092496E+00  2.9238638E+00
      1840  1.2153110E+00  2.9273635E+00
      1841  1.2214028E+00  2.9296174E+00
      1842  1.2275251E+00  2.9306076E+00
      1843  1.2336781E+00  2.9303173E+00
      1844  1.2398619E+00  2.9287300E+00
      1845  1.2460767E+00  2.9258295E+00
      1846  1.2523227E+00  2.9216009E+00
      1847  1.2586000E+00  2.9160295E+00
      1848  1.2649088E+00  2.9091014E+00
      1849  1.2712492E+00  2.9008038E+00
      1850  1.2776213E+00  2.8911242E+00
      1851  1.2840254E+00  2.8800512E+00
      1852  1.2904616E+00  2.8675747E+00
      1853  1.2969301E+00  2.8536848E+00
      1854  1.3034310E+00  2.8383730E+00
      1855  1.3099645E+00  2.8216321E+00
      1856  1.3165307E+00  2.8034553E+00
      1857  1.3231298E+00  2.7838378E+00
      1858  1.3297620E+00  2.7627755E+00
      1859  1.3364275E+00  2.7402653E+00
      1860  1.3431264E+00  2.7163064E+00
      1861  1.3498588E+00  2.6908985E+00
      1862  1.3566250E+00  2.6640427E+00
      1863  1.3634251E+00  2.6357426E+00
      1864  1.3702593E+00  2.6060023E+00
      1865  1.3771278E+00  2.5748279E+00
      1866  1.3840306E+00  2.5422278E+00
      1867  1.3909681E+00  2.5082112E+00
      1868  1.3979404E+00  2.4727896E+00
      1869  1.4049476E+00  2.4359771E+00
      1870  1.4119899E+00  2.3977885E+00
      1871  1.4190675E+00  2.3582418E+00
      1872  1.4261807E+00  2.3173569E+00
      1873  1.4333294E+00  2.2751553E+00
      1874  1.4405140E+00  2.2316619E+00
      1875  1.4477346E+00  2.1869037E+00
      1876  1.4549914E+00  2.1409094E+00
      1877  1.4622846E+00  2.0937117E+00
      1878  1.4696143E+00  2.0453453E+00
      1879  1.4769808E+00  1.9958472E+00
      1880  1.4843842E+00  1.9452588E+00
      1881  1.4918247E+00  1.8936232E+00
      1882  1.4993025E+00  1.8409870E+00
      1883  1.5068178E+00  1.7874010E+00
      1884  1.5143707E+00  1.7329179E+00
      1885  1.5219616E+00  1.6775948E+00
      1886  1.5295904E+00  1.6214928E+00
      1887  1.5372575E+00  1.5646755E+00
      1888  1.5449631E+00  1.5072116E+00
      1889  1.5527072E+00  1.4491736E+00
      1890  1.5604902E+00  1.3906373E+00
      1891  1.5683122E+00  1.3316842E+00
      1892  1.5761734E+00  1.2723995E+00
      1893  1.5840740E+00  1.2128723E+00
      1894  1.5920142E+00  1.1531981E+00
      1895  1.5999942E+00  1.0934763E+00
      1896  1.6080142E+00  1.0338110E+00
      1897  1.6160744E+00  9.7431295E-01
      1898  1.6241750E+00  9.1509694E-01
      1899  1.6323162E+00  8.5628378E-01
      1900  1.6404982E+00  7.9800107E-01
      1901  1.6487213E+00  7.4038054E-01
      1902  1.6569855E+00  6.8356136E-01
      1903  1.6652912E+00  6.2768920E-01
      1904  1.6736385E+00  5.7291458E-01
      1905  1.6820276E+00  5.1939699E-01
      1906  1.6904588E+00  4.6730233E-01
      1907  1.6989323E+00  4.1680210E-01
      1908  1.7074482E+00  3.6807627E-01
      1909  1.7160069E+00  3.2131072E-01
      1910  1.7246084E+00  2.7670007E-01
      1911  1.7332530E+00  2.3445301E-01
      1912  1.7419410E+00  1.9478500E-01
      1913  1.7506725E+00  1.5791123E-01
      1914  1.7594478E+00  1.2404369E-01
      1915  1.7682671E+00  9.3401739E-02
      1916  1.7771305E+00  6.6259403E-02
      1917  1.7860384E+00  4.2942793E-02
      1918  1.7949910E+00  2.3810576E-02
      1919  1.8039884E+00  9.4483739E-03
      1920  1.8130309E+00  5.8193881E-04
      1921  1.8221188E+00 -2.4612925E-03
      1922  1.8312522E+00 -1.6711718E-03
      1923  1.8404314E+00  1.0083165E-04
      1924  1.8496566E+00  6.8974236E-04
      1925  1.8589280E+00  3.6738466E-04
      1926  1.8682460E+00 -8.4144847E-05
      1927  1.8776106E+00 -1.8517765E-04
      1928  1.8870221E+00 -7.4794915E-05
      1929  1.8964809E+00  3.4809150E-05
      1930  1.9059870E+00  4.7838150E-05
      1931  1.9155408E+00  1.3457719E-05
      1932  1.9251425E+00 -1.1827956E-05
      1933  1.9347923E+00 -1.1897738E-05
      1934  1.9444905E+00 -1.8681380E-06
      1935  1.9542373E+00  3.6388572E-06
      1936  1.9640330E+00  2.8403198E-06
      1937  1.9738777E+00  6.9033410E-08
      1938  1.9837718E+00 -1.0501567E-06
      1939  1.9937155E+00 -6.4613312E-07
      1940  2.0037091E+00  8.0924346E-08
      1941  2.0137527E+00  2.8887300E-07
      1942  2.0238467E+00  1.3807425E-07
      1943  2.0339913E+00 -4.3500187E-08
      1944  2.0441867E+00 -7.6305826E-08
      1945  2.0544332E+00 -2.6925661E-08
      1946  2.0647311E+00  1.6251890E-08
      1947  2.0750806E+00  1.9407011E-08
      1948  2.0854820E+00  4.4710356E-09
      1949  2.0959355E+00 -5.2651648E-09
      1950  2.1064414E+00 -4.7480115E-09
      1951  2.1170000E+00 -4.9079726E-10
      1952  2.1276115E+00  1.5730840E-09
      1953  2.1382762E+00  1.1123141E-09
      1954  2.1489944E+00 -3.8825254E-11
      1955  2.1597663E+00 -4.4445179E-10
      1956  2.1705921E+00 -2.4711057E-10
      1957  2.1814723E+00  4.8677071E-11
      1958  2.1924069E+00  1.2014752E-10
      1959  2.2033964E+00  5.1081529E-11
      1960  2.2144410E+00 -2.1314360E-11
      1961  2.2255409E+00 -3.1237817E-11
      1962  2.2366965E+00  0.0000000E+00
      1963  2.2479080E+00  0.0000000E+00
      1964  2.2591757E+00  0.0000000E+00
      1965  2.2704998E+00  0.0000000E+00
      1966  2.2818808E+00  0.0000000E+00
      1967  2.2933187E+00  0.0000000E+00
      1968  2.3048140E+00  0.0000000E+00
      1969  2.3163670E+00  0.0000000E+00
      1970  2.3279778E+00  0.0000000E+00
      1971  2.3396469E+00  0.0000000E+00
      1972  2.3513744E+00  0.0000000E+00
      1973  2.3631607E+00  0.0000000E+00
      1974  2.3750061E+00  0.0000000E+00
      1975  2.3869109E+00  0.0000000E+00
      1976  2.3988753E+00  0.0000000E+00
      1977  2.4108997E+00  0.0000000E+00
      1978  2.4229844E+00  0.0000000E+00
      1979  2.4351297E+00  0.0000000E+00
      1980  2.4473358E+00  0.0000000E+00
      1981  2.4596031E+00  0.0000000E+00
      1982  2.4719319E+00  0.0000000E+00
      1983  2.4843225E+00  0.0000000E+00
      1984  2.4967753E+00  0.0000000E+00
      1985  2.5092904E+00  0.0000000E+00
      1986  2.5218683E+00  0.0000000E+00
      1987  2.5345092E+00  0.0000000E+00
      1988  2.5472135E+00  0.0000000E+00
      1989  2.5599814E+00  0.0000000E+00
      1990  2.5728134E+00  0.0000000E+00
      1991  2.5857097E+00  0.0000000E+00
      1992  2.5986706E+00  0.0000000E+00
      1993  2.6116965E+00  0.0000000E+00
      1994  2.6247877E+00  0.0000000E+00
      1995  2.6379445E+00  0.0000000E+00
      1996  2.6511672E+00  0.0000000E+00
      1997  2.6644562E+00  0.0000000E+00
      1998  2.6778119E+00  0.0000000E+00
      1999  2.6912345E+00  0.0000000E+00
      2000  2.7047243E+00  0.0000000E+00
      2001  2.7182818E+00  0.0000000E+00
      2002  2.7319073E+00  0.0000000E+00
      2003  2.7456010E+00  0.0000000E+00
      2004  2.7593634E+00  0.0000000E+00
      2005  2.7731948E+00  0.0000000E+00
      2006  2.7870955E+00  0.0000000E+00
      2007  2.8010658E+00  0.0000000E+00
      2008  2.8151062E+00  0.0000000E+00
      2009  2.8292170E+00  0.0000000E+00
      2010  2.8433985E+00  0.0000000E+00
      2011  2.8576511E+00  0.0000000E+00
      2012  2.8719752E+00  0.0000000E+00
      2013  2.8863710E+00  0.0000000E+00
      2014  2.9008390E+00  0.0000000E+00
      2015  2.9153795E+00  0.0000000E+00
      2016  2.9299929E+00  0.0000000E+00
      2017  2.9446796E+00  0.0000000E+00
      2018  2.9594398E+00  0.0000000E+00
      2019  2.9742741E+00  0.0000000E+00
      2020  2.9891827E+00  0.0000000E+00
      2021  3.0041660E+00  0.0000000E+00
      2022  3.0192245E+00  0.0000000E+00
      2023  3.0343584E+00  0.0000000E+00
      2024  3.0495682E+00  0.0000000E+00
      2025  3.0648542E+00  0.0000000E+00
      2026  3.0802168E+00  0.0000000E+00
      2027  3.0956565E+00  0.0000000E+00
      2028  3.1111735E+00  0.0000000E+00
      2029  3.1267684E+00  0.0000000E+00
      2030  3.1424414E+00  0.0000000E+00
      2031  3.1581929E+00  0.0000000E+00
      2032  3.1740234E+00  0.0000000E+00
      2033  3.1899333E+00  0.0000000E+00
      2034  3.2059229E+00  0.0000000E+00
      2035  3.2219926E+00  0.0000000E+00
      2036  3.2381429E+00  0.0000000E+00
      2037  3.2543742E+00  0.0000000E+00
      2038  3.2706868E+00  0.0000000E+00
      2039  3.2870812E+00  0.0000000E+00
      2040  3.3035578E+00  0.0000000E+00
      2041  3.3201169E+00  0.0000000E+00
      2042  3.3367591E+00  0.0000000E+00
      2043  3.3534847E+00  0.0000000E+00
      2044  3.3702941E+00  0.0000000E+00
      2045  3.3871877E+00  0.0000000E+00
      2046  3.4041661E+00  0.0000000E+00
      2047  3.4212295E+00  0.0000000E+00
      2048  3.4383785E+00  0.0000000E+00
      2049  3.4556135E+00  0.0000000E+00
      2050  3.4729348E+00  0.0000000E+00
      2051  3.4903430E+00  0.0000000E+00
      2052  3.5078384E+00  0.0000000E+00
      2053  3.5254215E+00  0.0000000E+00
      2054  3.5430927E+00  0.0000000E+00
      2055  3.5608526E+00  0.0000000E+00
      2056  3.5787014E+00  0.0000000E+00
      2057  3.5966397E+00  0.0000000E+00
      2058  3.6146680E+00  0.0000000E+00
      2059  3.6327866E+00  0.0000000E+00
      2060  3.6509960E+00  0.0000000E+00
      2061  3.6692967E+00  0.0000000E+00
      2062  3.6876891E+00  0.0000000E+00
      2063  3.7061737E+00  0.0000000E+00
      2064  3.7247510E+00  0.0000000E+00
      2065  3.7434214E+00  0.0000000E+00
      2066  3.7621854E+00  0.0000000E+00
      2067  3.7810434E+00  0.0000000E+00
      2068  3.7999959E+00  0.0000000E+00
      2069  3.8190435E+00  0.0000000E+00
      2070  3.8381865E+00  0.0000000E+00
      2071  3.8574255E+00  0.0000000E+00
      2072  3.8767610E+00  0.0000000E+00
      2073  3.8961933E+00  0.0000000E+00
      2074  3.9157231E+00  0.0000000E+00
      2075  3.9353507E+00  0.0000000E+00
      2076  3.9550767E+00  0.0000000E+00
      2077  3.9749016E+00  0.0000000E+00
      2078  3.9948259E+00  0.0000000E+00
      2079  4.0148501E+00  0.0000000E+00
      2080  4.0349746E+00  0.0000000E+00
      2081  4.0552000E+00  0.0000000E+00
      2082  4.0755267E+00  0.0000000E+00
      2083  4.0959554E+00  0.0000000E+00
      2084  4.1164865E+00  0.0000000E+00
      2085  4.1371204E+00  0.0000000E+00
      2086  4.1578578E+00  0.0000000E+00
      2087  4.1786992E+00  0.0000000E+00
      2088  4.1996450E+00  0.0000000E+00
      2089  4.2206958E+00  0.0000000E+00
      2090  4.2418521E+00  0.0000000E+00
      2091  4.2631145E+00  0.0000000E+00
      2092  4.2844835E+00  0.0000000E+00
      2093  4.3059595E+00  0.0000000E+00
      2094  4.3275432E+00  0.0000000E+00
      2095  4.3492351E+00  0.0000000E+00
      2096  4.3710358E+00  0.0000000E+00
      2097  4.3929457E+00  0.0000000E+00
      2098  4.4149654E+00  0.0000000E+00
      2099  4.4370955E+00  0.0000000E+00
      2100  4.4593366E+00  0.0000000E+00
      2101  4.4816891E+00  0.0000000E+00
      2102  4.5041536E+00  0.0000000E+00
      2103  4.5267308E+00  0.0000000E+00
      2104  4.5494211E+00  0.0000000E+00
      2105  4.5722252E+00  0.0000000E+00
      2106  4.5951436E+00  0.0000000E+00
      2107  4.6181768E+00  0.0000000E+00
      2108  4.6413255E+00  0.0000000E+00
      2109  4.6645903E+00  0.0000000E+00
      2110  4.6879716E+00  0.0000000E+00
      2111  4.7114702E+00  0.0000000E+00
      2112  4.7350865E+00  0.0000000E+00
      2113  4.7588212E+00  0.0000000E+00
      2114  4.7826749E+00  0.0000000E+00
      2115  4.8066482E+00  0.0000000E+00
      2116  4.8307416E+00  0.0000000E+00
      2117  4.8549558E+00  0.0000000E+00
      2118  4.8792914E+00  0.0000000E+00
      2119  4.9037489E+00  0.0000000E+00
      2120  4.9283291E+00  0.0000000E+00
      2121  4.9530324E+00  0.0000000E+00
      2122  4.9778596E+00  0.0000000E+00
      2123  5.0028112E+00  0.0000000E+00
      2124  5.0278879E+00  0.0000000E+00
      2125  5.0530903E+00  0.0000000E+00
      2126  5.0784190E+00  0.0000000E+00
      2127  5.1038747E+00  0.0000000E+00
      2128  5.1294580E+00  0.0000000E+00
      2129  5.1551695E+00  0.0000000E+00
      2130  5.1810099E+00  0.0000000E+00
      2131  5.2069798E+00  0.0000000E+00
      2132  5.2330799E+00  0.0000000E+00
      2133  5.2593108E+00  0.0000000E+00
      2134  5.2856732E+00  0.0000000E+00
      2135  5.3121678E+00  0.0000000E+00
      2136  5.3387951E+00  0.0000000E+00
      2137  5.3655560E+00  0.0000000E+00
      2138  5.3924509E+00  0.0000000E+00
      2139  5.4194807E+00  0.0000000E+00
      2140  5.4466460E+00  0.0000000E+00
      2141  5.4739474E+00  0.0000000E+00
      2142  5.5013857E+00  0.0000000E+00
      2143  5.5289615E+00  0.0000000E+00
      2144  5.5566755E+00  0.0000000E+00
      2145  5.5845285E+00  0.0000000E+00
      2146  5.6125210E+00  0.0000000E+00
      2147  5.6406539E+00  0.0000000E+00
      2148  5.6689278E+00  0.0000000E+00
      2149  5.6973434E+00  0.0000000E+00
      2150  5.7259015E+00  0.0000000E+00
      2151  5.7546027E+00  0.0000000E+00
      2152  5.7834477E+00  0.0000000E+00
      2153  5.8124374E+00  0.0000000E+00
      2154  5.8415724E+00  0.0000000E+00
      2155  5.8708534E+00  0.0000000E+00
      2156  5.9002811E+00  0.0000000E+00
      2157  5.9298564E+00  0.0000000E+00
      2158  5.9595799E+00  0.0000000E+00
      2159  5.9894525E+00  0.0000000E+00
      2160  6.0194747E+00  0.0000000E+00
      2161  6.0496475E+00  0.0000000E+00
      2162  6.0799714E+00  0.0000000E+00
      2163  6.1104474E+00  0.0000000E+00
      2164  6.1410762E+00  0.0000000E+00
      2165  6.1718584E+00  0.0000000E+00
      2166  6.2027950E+00  0.0000000E+00
      2167  6.2338867E+00  0.0000000E+00
      2168  6.2651341E+00  0.0000000E+00
      2169  6.2965383E+00  0.0000000E+00
      2170  6.3280998E+00  0.0000000E+00
      2171  6.3598195E+00  0.0000000E+00
      2172  6.3916983E+00  0.0000000E+00
      2173  6.4237368E+00  0.0000000E+00
      2174  6.4559359E+00  0.0000000E+00
      2175  6.4882964E+00  0.0000000E+00
      2176  6.5208191E+00  0.0000000E+00
      2177  6.5535049E+00  0.0000000E+00
      2178  6.5863544E+00  0.0000000E+00
      2179  6.6193687E+00  0.0000000E+00
      2180  6.6525484E+00  0.0000000E+00
      2181  6.6858944E+00  0.0000000E+00
      2182  6.7194076E+00  0.0000000E+00
      2183  6.7530888E+00  0.0000000E+00
      2184  6.7869388E+00  0.0000000E+00
      2185  6.8209585E+00  0.0000000E+00
      2186  6.8551487E+00  0.0000000E+00
      2187  6.8895102E+00  0.0000000E+00
      2188  6.9240441E+00  0.0000000E+00
      2189  6.9587510E+00  0.0000000E+00
      2190  6.9936319E+00  0.0000000E+00
      2191  7.0286876E+00  0.0000000E+00
      2192  7.0639190E+00  0.0000000E+00
      2193  7.0993271E+00  0.0000000E+00
      2194  7.1349126E+00  0.0000000E+00
      2195  7.1706765E+00  0.0000000E+00
      2196  7.2066197E+00  0.0000000E+00
      2197  7.2427430E+00  0.0000000E+00
      2198  7.2790474E+00  0.0000000E+00
      2199  7.3155338E+00  0.0000000E+00
      2200  7.3522030E+00  0.0000000E+00
      2201  7.3890561E+00  0.0000000E+00
      2202  7.4260939E+00  0.0000000E+00
      2203  7.4633173E+00  0.0000000E+00
      2204  7.5007274E+00  0.0000000E+00
      2205  7.5383249E+00  0.0000000E+00
      2206  7.5761109E+00  0.0000000E+00
      2207  7.6140864E+00  0.0000000E+00
      2208  7.6522521E+00  0.0000000E+00
      2209  7.6906092E+00  0.0000000E+00
      2210  7.7291585E+00  0.0000000E+00
      2211  7.7679011E+00  0.0000000E+00
      2212  7.8068379E+00  0.0000000E+00
      2213  7.8459698E+00  0.0000000E+00
      2214  7.8852979E+00  0.0000000E+00
      2215  7.9248231E+00  0.0000000E+00
      2216  7.9645465E+00  0.0000000E+00
      2217  8.0044689E+00  0.0000000E+00
      2218  8.0445915E+00  0.0000000E+00
      2219  8.0849152E+00  0.0000000E+00
      2220  8.1254410E+00  0.0000000E+00
      2221  8.1661699E+00  0.0000000E+00
      2222  8.2071030E+00  0.0000000E+00
      2223  8.2482413E+00  0.0000000E+00
      2224  8.2895858E+00  0.0000000E+00
      2225  8.3311375E+00  0.0000000E+00
      2226  8.3728975E+00  0.0000000E+00
      2227  8.4148668E+00  0.0000000E+00
      2228  8.4570465E+00  0.0000000E+00
      2229  8.4994376E+00  0.0000000E+00
      2230  8.5420412E+00  0.0000000E+00
      2231  8.5848584E+00  0.0000000E+00
      2232  8.6278902E+00  0.0000000E+00
      2233  8.6711377E+00  0.0000000E+00
      2234  8.7146019E+00  0.0000000E+00
      2235  8.7582840E+00  0.0000000E+00
      2236  8.8021851E+00  0.0000000E+00
      2237  8.8463063E+00  0.0000000E+00
      2238  8.8906486E+00  0.0000000E+00
      2239  8.9352131E+00  0.0000000E+00
      2240  8.9800011E+00  0.0000000E+00
      2241  9.0250135E+00  0.0000000E+00
      2242  9.0702516E+00  0.0000000E+00
      2243  9.1157164E+00  0.0000000E+00
      2244  9.1614091E+00  0.0000000E+00
      2245  9.2073309E+00  0.0000000E+00
      2246  9.2534828E+00  0.0000000E+00
      2247  9.2998661E+00  0.0000000E+00
      2248  9.3464819E+00  0.0000000E+00
      2249  9.3933313E+00  0.0000000E+00
      2250  9.4404156E+00  0.0000000E+00
      2251  9.4877358E+00  0.0000000E+00
      2252  9.5352933E+00  0.0000000E+00
      2253  9.5830892E+00  0.0000000E+00
      2254  9.6311246E+00  0.0000000E+00
      2255  9.6794008E+00  0.0000000E+00
      2256  9.7279190E+00  0.0000000E+00
      2257  9.7766804E+00  0.0000000E+00
      2258  9.8256862E+00  0.0000000E+00
      2259  9.8749377E+00  0.0000000E+00
      2260  9.9244360E+00  0.0000000E+00
      2261  9.9741825E+00  0.0000000E+00
      2262  1.0024178E+01  0.0000000E+00
      2263  1.0074425E+01  0.0000000E+00
      2264  1.0124923E+01  0.0000000E+00
      2265  1.0175674E+01  0.0000000E+00
      2266  1.0226680E+01  0.0000000E+00
      2267  1.0277942E+01  0.0000000E+00
      2268  1.0329460E+01  0.0000000E+00
      2269  1.0381237E+01  0.0000000E+00
      2270  1.0433273E+01  0.0000000E+00
      2271  1.0485570E+01  0.0000000E+00
      2272  1.0538129E+01  0.0000000E+00
      2273  1.0590951E+01  0.0000000E+00
      2274  1.0644039E+01  0.0000000E+00
      2275  1.0697392E+01  0.0000000E+00
      2276  1.0751013E+01  0.0000000E+00
      2277  1.0804903E+01  0.0000000E+00
      2278  1.0859063E+01  0.0000000E+00
      2279  1.0913494E+01  0.0000000E+00
      2280  1.0968198E+01  0.0000000E+00
      2281  1.1023176E+01  0.0000000E+00
      2282  1.1078430E+01  0.0000000E+00
      2283  1.1133961E+01  0.0000000E+00
      2284  1.1189770E+01  0.0000000E+00
      2285  1.1245859E+01  0.0000000E+00
      2286  1.1302229E+01  0.0000000E+00
      2287  1.1358882E+01  0.0000000E+00
      2288  1.1415819E+01  0.0000000E+00
      2289  1.1473041E+01  0.0000000E+00
      2290  1.1530550E+01  0.0000000E+00
      2291  1.1588347E+01  0.0000000E+00
      2292  1.1646434E+01  0.0000000E+00
      2293  1.1704812E+01  0.0000000E+00
      2294  1.1763482E+01  0.0000000E+00
      2295  1.1822447E+01  0.0000000E+00
      2296  1.1881707E+01  0.0000000E+00
      2297  1.1941264E+01  0.0000000E+00
      2298  1.2001120E+01  0.0000000E+00
      2299  1.2061276E+01  0.0000000E+00
      2300  1.2121734E+01  0.0000000E+00
      2301  1.2182494E+01  0.0000000E+00
      2302  1.2243559E+01  0.0000000E+00
      2303  1.2304930E+01  0.0000000E+00
      2304  1.2366609E+01  0.0000000E+00
      2305  1.2428597E+01  0.0000000E+00
      2306  1.2490895E+01  0.0000000E+00
      2307  1.2553506E+01  0.0000000E+00
      2308  1.2616431E+01  0.0000000E+00
      2309  1.2679671E+01  0.0000000E+00
      2310  1.2743228E+01  0.0000000E+00
      2311  1.2807104E+01  0.0000000E+00
      2312  1.2871300E+01  0.0000000E+00
      2313  1.2935817E+01  0.0000000E+00
      2314  1.3000658E+01  0.0000000E+00
      2315  1.3065824E+01  0.0000000E+00
      2316  1.3131317E+01  0.0000000E+00
      2317  1.3197138E+01  0.0000000E+00
      2318  1.3263289E+01  0.0000000E+00
      2319  1.3329772E+01  0.0000000E+00
      2320  1.3396587E+01  0.0000000E+00
      2321  1.3463738E+01  0.0000000E+00
      2322  1.3531225E+01  0.0000000E+00
      2323  1.3599051E+01  0.0000000E+00
      2324  1.3667216E+01  0.0000000E+00
      2325  1.3735724E+01  0.0000000E+00
      2326  1.3804574E+01  0.0000000E+00
      2327  1.3873770E+01  0.0000000E+00
      2328  1.3943312E+01  0.0000000E+00
      2329  1.4013204E+01  0.0000000E+00
      2330  1.4083445E+01  0.0000000E+00
      2331  1.4154039E+01  0.0000000E+00
      2332  1.4224986E+01  0.0000000E+00
      2333  1.4296289E+01  0.0000000E+00
      2334  1.4367950E+01  0.0000000E+00
      2335  1.4439969E+01  0.0000000E+00
      2336  1.4512350E+01  0.0000000E+00
      2337  1.4585093E+01  0.0000000E+00
      2338  1.4658201E+01  0.0000000E+00
      2339  1.4731676E+01  0.0000000E+00
      2340  1.4805519E+01  0.0000000E+00
      2341  1.4879732E+01  0.0000000E+00
      2342  1.4954317E+01  0.0000000E+00
