         1  1.2340980E-04  1.2518502E-10
         2  1.2402840E-04  1.2707695E-10
         3  1.2465009E-04  1.2899747E-10
         4  1.2527490E-04  1.3094702E-10
         5  1.2590285E-04  1.3292603E-10
         6  1.2653394E-04  1.3493495E-10
         7  1.2716819E-04  1.3697423E-10
         8  1.2780563E-04  1.3904433E-10
         9  1.2844625E-04  1.4114572E-10
        10  1.2909009E-04  1.4327886E-10
        11  1.2973716E-04  1.4544424E-10
        12  1.3038747E-04  1.4764235E-10
        13  1.3104104E-04  1.4987368E-10
        14  1.3169789E-04  1.5213873E-10
        15  1.3235802E-04  1.5443801E-10
        16  1.3302147E-04  1.5677204E-10
        17  1.3368824E-04  1.5914135E-10
        18  1.3435836E-04  1.6154646E-10
        19  1.3503183E-04  1.6398793E-10
        20  1.3570868E-04  1.6646629E-10
        21  1.3638893E-04  1.6898210E-10
        22  1.3707258E-04  1.7153594E-10
        23  1.3775966E-04  1.7412837E-10
        24  1.3845018E-04  1.7675999E-10
        25  1.3914417E-04  1.7943137E-10
        26  1.3984163E-04  1.8214313E-10
        27  1.4054259E-04  1.8489587E-10
        28  1.4124706E-04  1.8769021E-10
        29  1.4195506E-04  1.9052679E-10
        30  1.4266662E-04  1.9340623E-10
        31  1.4338174E-04  1.9632919E-10
        32  1.4410044E-04  1.9929633E-10
        33  1.4482275E-04  2.0230830E-10
        34  1.4554867E-04  2.0536580E-10
        35  1.4627824E-04  2.0846951E-10
        36  1.4701146E-04  2.1162012E-10
        37  1.4774836E-04  2.1481835E-10
        38  1.4848895E-04  2.1806492E-10
        39  1.4923326E-04  2.2136054E-10
        40  1.4998129E-04  2.2470598E-10
        41  1.5073308E-04  2.2810198E-10
        42  1.5148863E-04  2.3154930E-10
        43  1.5224797E-04  2.3504872E-10
        44  1.5301111E-04  2.3860102E-10
        45  1.5377809E-04  2.4220701E-10
        46  1.5454890E-04  2.4586750E-10
        47  1.5532358E-04  2.4958332E-10
        48  1.5610214E-04  2.5335528E-10
        49  1.5688461E-04  2.5718426E-10
        50  1.5767100E-04  2.6107110E-10
        51  1.5846133E-04  2.6501669E-10
        52  1.5925562E-04  2.6902190E-10
        53  1.6005389E-04  2.7308765E-10
        54  1.6085616E-04  2.7721484E-10
        55  1.6166246E-04  2.8140440E-10
        56  1.6247279E-04  2.8565729E-10
        57  1.6328719E-04  2.8997444E-10
        58  1.6410567E-04  2.9435684E-10
        59  1.6492825E-04  2.9880548E-10
        60  1.6575496E-04  3.0332135E-10
        61  1.6658581E-04  3.0790546E-10
        62  1.6742083E-04  3.1255886E-10
        63  1.6826003E-04  3.1728258E-10
        64  1.6910343E-04  3.2207769E-10
        65  1.6995107E-04  3.2694527E-10
        66  1.7080295E-04  3.3188641E-10
        67  1.7165910E-04  3.3690224E-10
        68  1.7251955E-04  3.4199386E-10
        69  1.7338431E-04  3.4716244E-10
        70  1.7425340E-04  3.5240912E-10
        71  1.7512685E-04  3.5773511E-10
        72  1.7600468E-04  3.6314158E-10
        73  1.7688690E-04  3.6862976E-10
        74  1.7777355E-04  3.7420089E-10
        75  1.7866465E-04  3.7985621E-10
        76  1.7956021E-04  3.8559700E-10
        77  1.8046025E-04  3.9142455E-10
        78  1.8136482E-04  3.9734018E-10
        79  1.8227391E-04  4.0334520E-10
        80  1.8318756E-04  4.0944099E-10
        81  1.8410579E-04  4.1562889E-10
        82  1.8502863E-04  4.2191032E-10
        83  1.8595609E-04  4.2828668E-10
        84  1.8688820E-04  4.3475940E-10
        85  1.8782498E-04  4.4132995E-10
        86  1.8876645E-04  4.4799980E-10
        87  1.8971265E-04  4.5477045E-10
        88  1.9066359E-04  4.6164342E-10
        89  1.9161929E-04  4.6862027E-10
        90  1.9257979E-04  4.7570256E-10
        91  1.9354510E-04  4.8289188E-10
        92  1.9451525E-04  4.9018986E-10
        93  1.9549026E-04  4.9759813E-10
        94  1.9647016E-04  5.0511836E-10
        95  1.9745497E-04  5.1275224E-10
        96  1.9844472E-04  5.2050150E-10
        97  1.9943943E-04  5.2836787E-10
        98  2.0043912E-04  5.3635313E-10
        99  2.0144382E-04  5.4445907E-10
       100  2.0245357E-04  5.5268752E-10
       101  2.0346837E-04  5.6104032E-10
       102  2.0448826E-04  5.6951936E-10
       103  2.0551326E-04  5.7812654E-10
       104  2.0654340E-04  5.8686380E-10
       105  2.0757870E-04  5.9573311E-10
       106  2.0861920E-04  6.0473647E-10
       107  2.0966490E-04  6.1387589E-10
       108  2.1071585E-04  6.2315343E-10
       109  2.1177207E-04  6.3257119E-10
       110  2.1283358E-04  6.4213128E-10
       111  2.1390042E-04  6.5183585E-10
       112  2.1497260E-04  6.6168709E-10
       113  2.1605015E-04  6.7168721E-10
       114  2.1713311E-04  6.8183846E-10
       115  2.1822149E-04  6.9214313E-10
       116  2.1931533E-04  7.0260353E-10
       117  2.2041465E-04  7.1322202E-10
       118  2.2151949E-04  7.2400099E-10
       119  2.2262986E-04  7.3494287E-10
       120  2.2374579E-04  7.4605010E-10
       121  2.2486732E-04  7.5732521E-10
       122  2.2599448E-04  7.6877071E-10
       123  2.2712728E-04  7.8038919E-10
       124  2.2826576E-04  7.9218326E-10
       125  2.2940995E-04  8.0415558E-10
       126  2.3055987E-04  8.1630884E-10
       127  2.3171555E-04  8.2864576E-10
       128  2.3287703E-04  8.4116914E-10
       129  2.3404433E-04  8.5388178E-10
       130  2.3521749E-04  8.6678655E-10
       131  2.3639652E-04  8.7988635E-10
       132  2.3758146E-04  8.9318413E-10
       133  2.3877234E-04  9.0668288E-10
       134  2.3996919E-04  9.2038564E-10
       135  2.4117204E-04  9.3429548E-10
       136  2.4238092E-04  9.4841555E-10
       137  2.4359586E-04  9.6274902E-10
       138  2.4481689E-04  9.7729910E-10
       139  2.4604404E-04  9.9206909E-10
       140  2.4727734E-04  1.0070623E-09
       141  2.4851683E-04  1.0222821E-09
       142  2.4976252E-04  1.0377319E-09
       143  2.5101446E-04  1.0534152E-09
       144  2.5227268E-04  1.0693355E-09
       145  2.5353720E-04  1.0854965E-09
       146  2.5480806E-04  1.1019017E-09
       147  2.5608529E-04  1.1185548E-09
       148  2.5736892E-04  1.1354596E-09
       149  2.5865899E-04  1.1526198E-09
       150  2.5995552E-04  1.1700394E-09
       151  2.6125856E-04  1.1877223E-09
       152  2.6256812E-04  1.2056725E-09
       153  2.6388425E-04  1.2238939E-09
       154  2.6520697E-04  1.2423906E-09
       155  2.6653633E-04  1.2611670E-09
       156  2.6787235E-04  1.2802271E-09
       157  2.6921506E-04  1.2995752E-09
       158  2.7056451E-04  1.3192158E-09
       159  2.7192072E-04  1.3391532E-09
       160  2.7328373E-04  1.3593919E-09
       161  2.7465357E-04  1.3799365E-09
       162  2.7603028E-04  1.4007915E-09
       163  2.7741388E-04  1.4219618E-09
       164  2.7880443E-04  1.4434520E-09
       165  2.8020194E-04  1.4652670E-09
       166  2.8160646E-04  1.4874116E-09
       167  2.8301802E-04  1.5098910E-09
       168  2.8443665E-04  1.5327101E-09
       169  2.8586239E-04  1.5558740E-09
       170  2.8729529E-04  1.5793880E-09
       171  2.8873536E-04  1.6032574E-09
       172  2.9018265E-04  1.6274875E-09
       173  2.9163720E-04  1.6520839E-09
       174  2.9309904E-04  1.6770519E-09
       175  2.9456820E-04  1.7023973E-09
       176  2.9604473E-04  1.7281257E-09
       177  2.9752866E-04  1.7542430E-09
       178  2.9902003E-04  1.7807550E-09
       179  3.0051887E-04  1.8076677E-09
       180  3.0202523E-04  1.8349871E-09
       181  3.0353914E-04  1.8627193E-09
       182  3.0506063E-04  1.8908707E-09
       183  3.0658976E-04  1.9194476E-09
       184  3.0812654E-04  1.9484563E-09
       185  3.0967104E-04  1.9779035E-09
       186  3.1122327E-04  2.0077956E-09
       187  3.1278328E-04  2.0381396E-09
       188  3.1435111E-04  2.0689421E-09
       189  3.1592681E-04  2.1002102E-09
       190  3.1751040E-04  2.1319508E-09
       191  3.1910192E-04  2.1641711E-09
       192  3.2070143E-04  2.1968784E-09
       193  3.2230895E-04  2.2300799E-09
       194  3.2392453E-04  2.2637833E-09
       195  3.2554821E-04  2.2979960E-09
       196  3.2718003E-04  2.3327257E-09
       197  3.2882002E-04  2.3679803E-09
       198  3.3046824E-04  2.4037678E-09
       199  3.3212472E-04  2.4400961E-09
       200  3.3378950E-04  2.4769734E-09
       201  3.3546263E-04  2.5144081E-09
       202  3.3714414E-04  2.5524085E-09
       203  3.3883408E-04  2.5909832E-09
       204  3.4053250E-04  2.6301409E-09
       205  3.4223942E-04  2.6698904E-09
       206  3.4395490E-04  2.7102406E-09
       207  3.4567899E-04  2.7512006E-09
       208  3.4741171E-04  2.7927797E-09
       209  3.4915312E-04  2.8349871E-09
       210  3.5090325E-04  2.8778325E-09
       211  3.5266216E-04  2.9213253E-09
       212  3.5442989E-04  2.9654755E-09
       213  3.5620648E-04  3.0102929E-09
       214  3.5799197E-04  3.0557877E-09
       215  3.5978641E-04  3.1019700E-09
       216  3.6158985E-04  3.1488503E-09
       217  3.6340233E-04  3.1964390E-09
       218  3.6522389E-04  3.2447470E-09
       219  3.6705458E-04  3.2937851E-09
       220  3.6889445E-04  3.3435643E-09
       221  3.7074354E-04  3.3940958E-09
       222  3.7260190E-04  3.4453909E-09
       223  3.7446957E-04  3.4974614E-09
       224  3.7634661E-04  3.5503187E-09
       225  3.7823306E-04  3.6039749E-09
       226  3.8012896E-04  3.6584420E-09
       227  3.8203436E-04  3.7137323E-09
       228  3.8394932E-04  3.7698581E-09
       229  3.8587387E-04  3.8268322E-09
       230  3.8780807E-04  3.8846674E-09
       231  3.8975197E-04  3.9433766E-09
       232  3.9170561E-04  4.0029731E-09
       233  3.9366904E-04  4.0634703E-09
       234  3.9564231E-04  4.1248818E-09
       235  3.9762548E-04  4.1872214E-09
       236  3.9961859E-04  4.2505031E-09
       237  4.0162168E-04  4.3147412E-09
       238  4.0363482E-04  4.3799502E-09
       239  4.0565805E-04  4.4461447E-09
       240  4.0769142E-04  4.5133395E-09
       241  4.0973498E-04  4.5815499E-09
       242  4.1178878E-04  4.6507911E-09
       243  4.1385288E-04  4.7210788E-09
       244  4.1592733E-04  4.7924288E-09
       245  4.1801217E-04  4.8648571E-09
       246  4.2010747E-04  4.9383800E-09
       247  4.2221327E-04  5.0130140E-09
       248  4.2432962E-04  5.0887760E-09
       249  4.2645658E-04  5.1656830E-09
       250  4.2859420E-04  5.2437523E-09
       251  4.3074254E-04  5.3230014E-09
       252  4.3290165E-04  5.4034483E-09
       253  4.3507158E-04  5.4851109E-09
       254  4.3725238E-04  5.5680078E-09
       255  4.3944412E-04  5.6521574E-09
       256  4.4164684E-04  5.7375788E-09
       257  4.4386060E-04  5.8242912E-09
       258  4.4608546E-04  5.9123141E-09
       259  4.4832148E-04  6.0016673E-09
       260  4.5056870E-04  6.0923708E-09
       261  4.5282718E-04  6.1844452E-09
       262  4.5509699E-04  6.2779111E-09
       263  4.5737817E-04  6.3727896E-09
       264  4.5967079E-04  6.4691019E-09
       265  4.6197490E-04  6.5668699E-09
       266  4.6429056E-04  6.6661154E-09
       267  4.6661782E-04  6.7668608E-09
       268  4.6895676E-04  6.8691288E-09
       269  4.7130741E-04  6.9729424E-09
       270  4.7366985E-04  7.0783249E-09
       271  4.7604413E-04  7.1853000E-09
       272  4.7843031E-04  7.2938919E-09
       273  4.8082845E-04  7.4041250E-09
       274  4.8323861E-04  7.5160240E-09
       275  4.8566086E-04  7.6296141E-09
       276  4.8809524E-04  7.7449209E-09
       277  4.9054183E-04  7.8619704E-09
       278  4.9300068E-04  7.9807888E-09
       279  4.9547186E-04  8.1014030E-09
       280  4.9795542E-04  8.2238400E-09
       281  5.0045143E-04  8.3481274E-09
       282  5.0295996E-04  8.4742932E-09
       283  5.0548105E-04  8.6023657E-09
       284  5.0801479E-04  8.7323738E-09
       285  5.1056122E-04  8.8643467E-09
       286  5.1312042E-04  8.9983141E-09
       287  5.1569245E-04  9.1343062E-09
       288  5.1827737E-04  9.2723535E-09
       289  5.2087524E-04  9.4124871E-09
       290  5.2348614E-04  9.5547386E-09
       291  5.2611013E-04  9.6991400E-09
       292  5.2874727E-04  9.8457237E-09
       293  5.3139762E-04  9.9945227E-09
       294  5.3406126E-04  1.0145571E-08
       295  5.3673826E-04  1.0298901E-08
       296  5.3942867E-04  1.0454549E-08
       297  5.4213257E-04  1.0612549E-08
       298  5.4485002E-04  1.0772937E-08
       299  5.4758109E-04  1.0935749E-08
       300  5.5032585E-04  1.1101022E-08
       301  5.5308437E-04  1.1268793E-08
       302  5.5585672E-04  1.1439099E-08
       303  5.5864296E-04  1.1611978E-08
       304  5.6144317E-04  1.1787471E-08
       305  5.6425742E-04  1.1965616E-08
       306  5.6708577E-04  1.2146453E-08
       307  5.6992830E-04  1.2330023E-08
       308  5.7278507E-04  1.2516367E-08
       309  5.7565617E-04  1.2705528E-08
       310  5.7854166E-04  1.2897547E-08
       311  5.8144161E-04  1.3092469E-08
       312  5.8435610E-04  1.3290336E-08
       313  5.8728520E-04  1.3491194E-08
       314  5.9022898E-04  1.3695087E-08
       315  5.9318751E-04  1.3902061E-08
       316  5.9616088E-04  1.4112164E-08
       317  5.9914915E-04  1.4325442E-08
       318  6.0215239E-04  1.4541943E-08
       319  6.0517069E-04  1.4761717E-08
       320  6.0820413E-04  1.4984811E-08
       321  6.1125276E-04  1.5211278E-08
       322  6.1431668E-04  1.5441167E-08
       323  6.1739595E-04  1.5674530E-08
       324  6.2049066E-04  1.5911420E-08
       325  6.2360089E-04  1.6151890E-08
       326  6.2672670E-04  1.6395995E-08
       327  6.2986818E-04  1.6643788E-08
       328  6.3302541E-04  1.6895327E-08
       329  6.3619846E-04  1.7150667E-08
       330  6.3938742E-04  1.7409866E-08
       331  6.4259236E-04  1.7672983E-08
       332  6.4581337E-04  1.7940075E-08
       333  6.4905052E-04  1.8211205E-08
       334  6.5230390E-04  1.8486432E-08
       335  6.5557359E-04  1.8765818E-08
       336  6.5885966E-04  1.9049427E-08
       337  6.6216221E-04  1.9337322E-08
       338  6.6548131E-04  1.9629568E-08
       339  6.6881705E-04  1.9926231E-08
       340  6.7216951E-04  2.0227378E-08
       341  6.7553878E-04  2.0533075E-08
       342  6.7892493E-04  2.0843393E-08
       343  6.8232805E-04  2.1158400E-08
       344  6.8574824E-04  2.1478168E-08
       345  6.8918556E-04  2.1802769E-08
       346  6.9264012E-04  2.2132276E-08
       347  6.9611199E-04  2.2466762E-08
       348  6.9960127E-04  2.2806304E-08
       349  7.0310804E-04  2.3150977E-08
       350  7.0663238E-04  2.3500859E-08
       351  7.1017439E-04  2.3856029E-08
       352  7.1373415E-04  2.4216566E-08
       353  7.1731176E-04  2.4582552E-08
       354  7.2090730E-04  2.4954070E-08
       355  7.2452086E-04  2.5331202E-08
       356  7.2815254E-04  2.5714034E-08
       357  7.3180242E-04  2.6102652E-08
       358  7.3547059E-04  2.6497143E-08
       359  7.3915716E-04  2.6897596E-08
       360  7.4286220E-04  2.7304101E-08
       361  7.4658581E-04  2.7716749E-08
       362  7.5032809E-04  2.8135634E-08
       363  7.5408912E-04  2.8560849E-08
       364  7.5786901E-04  2.8992491E-08
       365  7.6166784E-04  2.9430656E-08
       366  7.6548572E-04  2.9875444E-08
       367  7.6932273E-04  3.0326953E-08
       368  7.7317898E-04  3.0785286E-08
       369  7.7705455E-04  3.1250546E-08
       370  7.8094956E-04  3.1722837E-08
       371  7.8486408E-04  3.2202266E-08
       372  7.8879823E-04  3.2688941E-08
       373  7.9275210E-04  3.3182971E-08
       374  7.9672578E-04  3.3684467E-08
       375  8.0071939E-04  3.4193542E-08
       376  8.0473301E-04  3.4710311E-08
       377  8.0876675E-04  3.5234890E-08
       378  8.1282071E-04  3.5767397E-08
       379  8.1689499E-04  3.6307951E-08
       380  8.2098970E-04  3.6856676E-08
       381  8.2510492E-04  3.7413693E-08
       382  8.2924078E-04  3.7979128E-08
       383  8.3339737E-04  3.8553109E-08
       384  8.3757479E-04  3.9135764E-08
       385  8.4177315E-04  3.9727225E-08
       386  8.4599255E-04  4.0327625E-08
       387  8.5023311E-04  4.0937098E-08
       388  8.5449492E-04  4.1555783E-08
       389  8.5877809E-04  4.2183818E-08
       390  8.6308274E-04  4.2821344E-08
       391  8.6740896E-04  4.3468506E-08
       392  8.7175686E-04  4.4125448E-08
       393  8.7612656E-04  4.4792318E-08
       394  8.8051816E-04  4.5469267E-08
       395  8.8493178E-04  4.6156446E-08
       396  8.8936752E-04  4.6854011E-08
       397  8.9382549E-04  4.7562118E-08
       398  8.9830581E-04  4.8280927E-08
       399  9.0280859E-04  4.9010600E-08
       400  9.0733394E-04  4.9751299E-08
       401  9.1188197E-04  5.0503194E-08
       402  9.1645279E-04  5.1266451E-08
       403  9.2104653E-04  5.2041244E-08
       404  9.2566330E-04  5.2827746E-08
       405  9.3030320E-04  5.3626135E-08
       406  9.3496637E-04  5.4436589E-08
       407  9.3965291E-04  5.5259292E-08
       408  9.4436294E-04  5.6094429E-08
       409  9.4909657E-04  5.6942187E-08
       410  9.5385394E-04  5.7802758E-08
       411  9.5863515E-04  5.8676334E-08
       412  9.6344033E-04  5.9563112E-08
       413  9.6826960E-04  6.0463293E-08
       414  9.7312307E-04  6.1377078E-08
       415  9.7800087E-04  6.2304673E-08
       416  9.8290312E-04  6.3246287E-08
       417  9.8782994E-04  6.4202131E-08
       418  9.9278146E-04  6.5172421E-08
       419  9.9775780E-04  6.6157376E-08
       420  1.0027591E-03  6.7157216E-08
       421  1.0077854E-03  6.8172166E-08
       422  1.0128370E-03  6.9202456E-08
       423  1.0179138E-03  7.0248316E-08
       424  1.0230162E-03  7.1309982E-08
       425  1.0281440E-03  7.2387694E-08
       426  1.0332976E-03  7.3481693E-08
       427  1.0384771E-03  7.4592226E-08
       428  1.0436825E-03  7.5719542E-08
       429  1.0489139E-03  7.6863895E-08
       430  1.0541716E-03  7.8025543E-08
       431  1.0594557E-03  7.9204747E-08
       432  1.0647662E-03  8.0401773E-08
       433  1.0701034E-03  8.1616889E-08
       434  1.0754673E-03  8.2850369E-08
       435  1.0808581E-03  8.4102491E-08
       436  1.0862759E-03  8.5373536E-08
       437  1.0917209E-03  8.6663790E-08
       438  1.0971932E-03  8.7973545E-08
       439  1.1026929E-03  8.9303093E-08
       440  1.1082202E-03  9.0652735E-08
       441  1.1137751E-03  9.2022775E-08
       442  1.1193580E-03  9.3413520E-08
       443  1.1249688E-03  9.4825283E-08
       444  1.1306077E-03  9.6258382E-08
       445  1.1362749E-03  9.7713140E-08
       446  1.1419705E-03  9.9189883E-08
       447  1.1476947E-03  1.0068894E-07
       448  1.1534475E-03  1.0221066E-07
       449  1.1592292E-03  1.0375538E-07
       450  1.1650398E-03  1.0532344E-07
       451  1.1708796E-03  1.0691519E-07
       452  1.1767487E-03  1.0853101E-07
       453  1.1826472E-03  1.1017124E-07
       454  1.1885752E-03  1.1183627E-07
       455  1.1945330E-03  1.1352645E-07
       456  1.2005206E-03  1.1524218E-07
       457  1.2065382E-03  1.1698384E-07
       458  1.2125860E-03  1.1875183E-07
       459  1.2186641E-03  1.2054653E-07
       460  1.2247727E-03  1.2236835E-07
       461  1.2309119E-03  1.2421771E-07
       462  1.2370819E-03  1.2609502E-07
       463  1.2432828E-03  1.2800070E-07
       464  1.2495148E-03  1.2993518E-07
       465  1.2557780E-03  1.3189890E-07
       466  1.2620726E-03  1.3389229E-07
       467  1.2683988E-03  1.3591581E-07
       468  1.2747566E-03  1.3796991E-07
       469  1.2811464E-03  1.4005506E-07
       470  1.2875681E-03  1.4217172E-07
       471  1.2940221E-03  1.4432037E-07
       472  1.3005084E-03  1.4650149E-07
       473  1.3070272E-03  1.4871557E-07
       474  1.3135787E-03  1.5096311E-07
       475  1.3201631E-03  1.5324463E-07
       476  1.3267804E-03  1.5556062E-07
       477  1.3334309E-03  1.5791161E-07
       478  1.3401148E-03  1.6029814E-07
       479  1.3468321E-03  1.6272073E-07
       480  1.3535832E-03  1.6517994E-07
       481  1.3603680E-03  1.6767631E-07
       482  1.3671869E-03  1.7021041E-07
       483  1.3740400E-03  1.7278281E-07
       484  1.3809274E-03  1.7539408E-07
       485  1.3878493E-03  1.7804482E-07
       486  1.3948059E-03  1.8073562E-07
       487  1.4017974E-03  1.8346708E-07
       488  1.4088240E-03  1.8623983E-07
       489  1.4158857E-03  1.8905448E-07
       490  1.4229829E-03  1.9191166E-07
       491  1.4301156E-03  1.9481203E-07
       492  1.4372841E-03  1.9775624E-07
       493  1.4444885E-03  2.0074493E-07
       494  1.4517290E-03  2.0377880E-07
       495  1.4590058E-03  2.0685852E-07
       496  1.4663191E-03  2.0998478E-07
       497  1.4736691E-03  2.1315829E-07
       498  1.4810559E-03  2.1637976E-07
       499  1.4884797E-03  2.1964991E-07
       500  1.4959408E-03  2.2296949E-07
       501  1.5034392E-03  2.2633923E-07
       502  1.5109752E-03  2.2975991E-07
       503  1.5185490E-03  2.3323228E-07
       504  1.5261608E-03  2.3675713E-07
       505  1.5338107E-03  2.4033525E-07
       506  1.5414989E-03  2.4396744E-07
       507  1.5492257E-03  2.4765453E-07
       508  1.5569913E-03  2.5139734E-07
       509  1.5647957E-03  2.5519672E-07
       510  1.5726393E-03  2.5905352E-07
       511  1.5805222E-03  2.6296860E-07
       512  1.5884446E-03  2.6694285E-07
       513  1.5964067E-03  2.7097717E-07
       514  1.6044087E-03  2.7507246E-07
       515  1.6124508E-03  2.7922964E-07
       516  1.6205333E-03  2.8344964E-07
       517  1.6286562E-03  2.8773343E-07
       518  1.6368199E-03  2.9208195E-07
       519  1.6450245E-03  2.9649620E-07
       520  1.6532702E-03  3.0097715E-07
       521  1.6615573E-03  3.0552583E-07
       522  1.6698859E-03  3.1014325E-07
       523  1.6782562E-03  3.1483046E-07
       524  1.6866685E-03  3.1958850E-07
       525  1.6951230E-03  3.2441845E-07
       526  1.7036198E-03  3.2932140E-07
       527  1.7121592E-03  3.3429844E-07
       528  1.7207415E-03  3.3935070E-07
       529  1.7293667E-03  3.4447932E-07
       530  1.7380352E-03  3.4968545E-07
       531  1.7467471E-03  3.5497025E-07
       532  1.7555027E-03  3.6033493E-07
       533  1.7643022E-03  3.6578068E-07
       534  1.7731458E-03  3.7130873E-07
       535  1.7820338E-03  3.7692033E-07
       536  1.7909663E-03  3.8261674E-07
       537  1.7999435E-03  3.8839924E-07
       538  1.8089658E-03  3.9426913E-07
       539  1.8180332E-03  4.0022772E-07
       540  1.8271462E-03  4.0627638E-07
       541  1.8363048E-03  4.1241644E-07
       542  1.8455093E-03  4.1864930E-07
       543  1.8547599E-03  4.2497636E-07
       544  1.8640570E-03  4.3139904E-07
       545  1.8734006E-03  4.3791878E-07
       546  1.8827911E-03  4.4453706E-07
       547  1.8922286E-03  4.5125536E-07
       548  1.9017134E-03  4.5807519E-07
       549  1.9112458E-03  4.6499809E-07
       550  1.9208260E-03  4.7202561E-07
       551  1.9304541E-03  4.7915935E-07
       552  1.9401306E-03  4.8640089E-07
       553  1.9498555E-03  4.9375188E-07
       554  1.9596292E-03  5.0121396E-07
       555  1.9694519E-03  5.0878882E-07
       556  1.9793238E-03  5.1647815E-07
       557  1.9892452E-03  5.2428369E-07
       558  1.9992164E-03  5.3220720E-07
       559  2.0092375E-03  5.4025046E-07
       560  2.0193088E-03  5.4841527E-07
       561  2.0294306E-03  5.5670348E-07
       562  2.0396032E-03  5.6511695E-07
       563  2.0498268E-03  5.7365757E-07
       564  2.0601016E-03  5.8232727E-07
       565  2.0704279E-03  5.9112799E-07
       566  2.0808059E-03  6.0006171E-07
       567  2.0912360E-03  6.0913045E-07
       568  2.1017184E-03  6.1833625E-07
       569  2.1122533E-03  6.2768117E-07
       570  2.1228410E-03  6.3716733E-07
       571  2.1334818E-03  6.4679684E-07
       572  2.1441759E-03  6.5657189E-07
       573  2.1549236E-03  6.6649467E-07
       574  2.1657252E-03  6.7656741E-07
       575  2.1765810E-03  6.8679238E-07
       576  2.1874911E-03  6.9717188E-07
       577  2.1984560E-03  7.0770824E-07
       578  2.2094758E-03  7.1840384E-07
       579  2.2205508E-03  7.2926108E-07
       580  2.2316814E-03  7.4028241E-07
       581  2.2428677E-03  7.5147030E-07
       582  2.2541101E-03  7.6282728E-07
       583  2.2654089E-03  7.7435589E-07
       584  2.2767643E-03  7.8605873E-07
       585  2.2881767E-03  7.9793844E-07
       586  2.2996462E-03  8.0999769E-07
       587  2.3111732E-03  8.2223918E-07
       588  2.3227580E-03  8.3466568E-07
       589  2.3344009E-03  8.4727999E-07
       590  2.3461021E-03  8.6008493E-07
       591  2.3578620E-03  8.7308339E-07
       592  2.3696808E-03  8.8627830E-07
       593  2.3815589E-03  8.9967262E-07
       594  2.3934965E-03  9.1326937E-07
       595  2.4054940E-03  9.2707161E-07
       596  2.4175516E-03  9.4108244E-07
       597  2.4296696E-03  9.5530501E-07
       598  2.4418484E-03  9.6974253E-07
       599  2.4540882E-03  9.8439825E-07
       600  2.4663893E-03  9.9927545E-07
       601  2.4787522E-03  1.0143775E-06
       602  2.4911770E-03  1.0297078E-06
       603  2.5036641E-03  1.0452697E-06
       604  2.5162137E-03  1.0610669E-06
       605  2.5288263E-03  1.0771028E-06
       606  2.5415021E-03  1.0933810E-06
       607  2.5542414E-03  1.1099053E-06
       608  2.5670446E-03  1.1266793E-06
       609  2.5799120E-03  1.1437067E-06
       610  2.5928438E-03  1.1609916E-06
       611  2.6058405E-03  1.1785376E-06
       612  2.6189023E-03  1.1963488E-06
       613  2.6320297E-03  1.2144292E-06
       614  2.6452228E-03  1.2327829E-06
       615  2.6584820E-03  1.2514139E-06
       616  2.6718077E-03  1.2703265E-06
       617  2.6852002E-03  1.2895249E-06
       618  2.6986598E-03  1.3090135E-06
       619  2.7121869E-03  1.3287966E-06
       620  2.7257818E-03  1.3488787E-06
       621  2.7394448E-03  1.3692642E-06
       622  2.7531763E-03  1.3899579E-06
       623  2.7669767E-03  1.4109643E-06
       624  2.7808462E-03  1.4322881E-06
       625  2.7947853E-03  1.4539343E-06
       626  2.8087942E-03  1.4759075E-06
       627  2.8228733E-03  1.4982129E-06
       628  2.8370230E-03  1.5208553E-06
       629  2.8512437E-03  1.5438400E-06
       630  2.8655356E-03  1.5671720E-06
       631  2.8798992E-03  1.5908566E-06
       632  2.8943347E-03  1.6148992E-06
       633  2.9088426E-03  1.6393051E-06
       634  2.9234233E-03  1.6640798E-06
       635  2.9380770E-03  1.6892290E-06
       636  2.9528042E-03  1.7147583E-06
       637  2.9676051E-03  1.7406733E-06
       638  2.9824803E-03  1.7669801E-06
       639  2.9974301E-03  1.7936844E-06
       640  3.0124548E-03  1.8207922E-06
       641  3.0275547E-03  1.8483098E-06
       642  3.0427304E-03  1.8762432E-06
       643  3.0579822E-03  1.9045988E-06
       644  3.0733104E-03  1.9333829E-06
       645  3.0887154E-03  1.9626020E-06
       646  3.1041977E-03  1.9922628E-06
       647  3.1197575E-03  2.0223717E-06
       648  3.1353954E-03  2.0529357E-06
       649  3.1511116E-03  2.0839616E-06
       650  3.1669066E-03  2.1154564E-06
       651  3.1827808E-03  2.1474272E-06
       652  3.1987346E-03  2.1798812E-06
       653  3.2147683E-03  2.2128256E-06
       654  3.2308824E-03  2.2462679E-06
       655  3.2470772E-03  2.2802156E-06
       656  3.2633533E-03  2.3146764E-06
       657  3.2797109E-03  2.3496579E-06
       658  3.2961505E-03  2.3851682E-06
       659  3.3126725E-03  2.4212150E-06
       660  3.3292774E-03  2.4578067E-06
       661  3.3459655E-03  2.4949514E-06
       662  3.3627372E-03  2.5326574E-06
       663  3.3795930E-03  2.5709333E-06
       664  3.3965332E-03  2.6097876E-06
       665  3.4135584E-03  2.6492291E-06
       666  3.4306690E-03  2.6892668E-06
       667  3.4478653E-03  2.7299094E-06
       668  3.4651478E-03  2.7711664E-06
       669  3.4825169E-03  2.8130468E-06
       670  3.4999731E-03  2.8555601E-06
       671  3.5175168E-03  2.8987160E-06
       672  3.5351484E-03  2.9425240E-06
       673  3.5528684E-03  2.9869942E-06
       674  3.5706772E-03  3.0321363E-06
       675  3.5885753E-03  3.0779608E-06
       676  3.6065631E-03  3.1244777E-06
       677  3.6246411E-03  3.1716977E-06
       678  3.6428097E-03  3.2196312E-06
       679  3.6610694E-03  3.2682892E-06
       680  3.6794205E-03  3.3176826E-06
       681  3.6978637E-03  3.3678224E-06
       682  3.7163993E-03  3.4187200E-06
       683  3.7350279E-03  3.4703867E-06
       684  3.7537498E-03  3.5228343E-06
       685  3.7725655E-03  3.5760746E-06
       686  3.7914756E-03  3.6301194E-06
       687  3.8104804E-03  3.6849810E-06
       688  3.8295805E-03  3.7406717E-06
       689  3.8487764E-03  3.7972041E-06
       690  3.8680685E-03  3.8545908E-06
       691  3.8874572E-03  3.9128448E-06
       692  3.9069432E-03  3.9719792E-06
       693  3.9265268E-03  4.0320073E-06
       694  3.9462086E-03  4.0929425E-06
       695  3.9659891E-03  4.1547987E-06
       696  3.9858687E-03  4.2175896E-06
       697  4.0058479E-03  4.2813295E-06
       698  4.0259273E-03  4.3460327E-06
       699  4.0461074E-03  4.4117138E-06
       700  4.0663886E-03  4.4783874E-06
       701  4.0867714E-03  4.5460687E-06
       702  4.1072565E-03  4.6147728E-06
       703  4.1278442E-03  4.6845153E-06
       704  4.1485351E-03  4.7553117E-06
       705  4.1693297E-03  4.8271781E-06
       706  4.1902285E-03  4.9001305E-06
       707  4.2112322E-03  4.9741855E-06
       708  4.2323410E-03  5.0493596E-06
       709  4.2535557E-03  5.1256699E-06
       710  4.2748768E-03  5.2031333E-06
       711  4.2963047E-03  5.2817675E-06
       712  4.3178400E-03  5.3615900E-06
       713  4.3394833E-03  5.4426189E-06
       714  4.3612350E-03  5.5248723E-06
       715  4.3830958E-03  5.6083688E-06
       716  4.4050662E-03  5.6931272E-06
       717  4.4271466E-03  5.7791665E-06
       718  4.4493378E-03  5.8665061E-06
       719  4.4716402E-03  5.9551656E-06
       720  4.4940544E-03  6.0451650E-06
       721  4.5165809E-03  6.1365245E-06
       722  4.5392204E-03  6.2292647E-06
       723  4.5619733E-03  6.3234064E-06
       724  4.5848403E-03  6.4189709E-06
       725  4.6078219E-03  6.5159797E-06
       726  4.6309187E-03  6.6144544E-06
       727  4.6541313E-03  6.7144174E-06
       728  4.6774602E-03  6.8158911E-06
       729  4.7009061E-03  6.9188984E-06
       730  4.7244695E-03  7.0234623E-06
       731  4.7481510E-03  7.1296065E-06
       732  4.7719512E-03  7.2373548E-06
       733  4.7958707E-03  7.3467314E-06
       734  4.8199101E-03  7.4577611E-06
       735  4.8440700E-03  7.5704686E-06
       736  4.8683510E-03  7.6848795E-06
       737  4.8927537E-03  7.8010194E-06
       738  4.9172788E-03  7.9189145E-06
       739  4.9419267E-03  8.0385913E-06
       740  4.9666982E-03  8.1600767E-06
       741  4.9915939E-03  8.2833981E-06
       742  5.0166144E-03  8.4085832E-06
       743  5.0417603E-03  8.5356601E-06
       744  5.0670322E-03  8.6646576E-06
       745  5.0924308E-03  8.7956044E-06
       746  5.1179567E-03  8.9285303E-06
       747  5.1436106E-03  9.0634650E-06
       748  5.1693930E-03  9.2004388E-06
       749  5.1953047E-03  9.3394828E-06
       750  5.2213463E-03  9.4806280E-06
       751  5.2475184E-03  9.6239062E-06
       752  5.2738217E-03  9.7693498E-06
       753  5.3002568E-03  9.9169914E-06
       754  5.3268245E-03  1.0066864E-05
       755  5.3535253E-03  1.0219002E-05
       756  5.3803600E-03  1.0373439E-05
       757  5.4073291E-03  1.0530210E-05
       758  5.4344335E-03  1.0689350E-05
       759  5.4616737E-03  1.0850895E-05
       760  5.4890504E-03  1.1014881E-05
       761  5.5165644E-03  1.1181346E-05
       762  5.5442163E-03  1.1350327E-05
       763  5.5720068E-03  1.1521861E-05
       764  5.5999366E-03  1.1695987E-05
       765  5.6280064E-03  1.1872745E-05
       766  5.6562169E-03  1.2052174E-05
       767  5.6845688E-03  1.2234315E-05
       768  5.7130628E-03  1.2419208E-05
       769  5.7416997E-03  1.2606895E-05
       770  5.7704801E-03  1.2797419E-05
       771  5.7994047E-03  1.2990822E-05
       772  5.8284744E-03  1.3187148E-05
       773  5.8576897E-03  1.3386441E-05
       774  5.8870515E-03  1.3588746E-05
       775  5.9165605E-03  1.3794108E-05
       776  5.9462174E-03  1.4002574E-05
       777  5.9760229E-03  1.4214190E-05
       778  6.0059778E-03  1.4429003E-05
       779  6.0360829E-03  1.4647064E-05
       780  6.0663389E-03  1.4868419E-05
       781  6.0967466E-03  1.5093120E-05
       782  6.1273066E-03  1.5321217E-05
       783  6.1580199E-03  1.5552761E-05
       784  6.1888871E-03  1.5787804E-05
       785  6.2199090E-03  1.6026398E-05
       786  6.2510864E-03  1.6268599E-05
       787  6.2824201E-03  1.6514460E-05
       788  6.3139109E-03  1.6764036E-05
       789  6.3455595E-03  1.7017384E-05
       790  6.3773668E-03  1.7274561E-05
       791  6.4093334E-03  1.7535624E-05
       792  6.4414604E-03  1.7800633E-05
       793  6.4737483E-03  1.8069646E-05
       794  6.5061981E-03  1.8342725E-05
       795  6.5388106E-03  1.8619930E-05
       796  6.5715865E-03  1.8901325E-05
       797  6.6045267E-03  1.9186972E-05
       798  6.6376320E-03  1.9476936E-05
       799  6.6709033E-03  1.9771283E-05
       800  6.7043413E-03  2.0070077E-05
       801  6.7379470E-03  2.0373386E-05
       802  6.7717211E-03  2.0681280E-05
       803  6.8056645E-03  2.0993826E-05
       804  6.8397780E-03  2.1311096E-05
       805  6.8740626E-03  2.1633160E-05
       806  6.9085189E-03  2.1960091E-05
       807  6.9431480E-03  2.2291963E-05
       808  6.9779507E-03  2.2628850E-05
       809  7.0129278E-03  2.2970828E-05
       810  7.0480803E-03  2.3317974E-05
       811  7.0834089E-03  2.3670367E-05
       812  7.1189147E-03  2.4028084E-05
       813  7.1545984E-03  2.4391208E-05
       814  7.1904609E-03  2.4759819E-05
       815  7.2265033E-03  2.5134000E-05
       816  7.2627263E-03  2.5513837E-05
       817  7.2991308E-03  2.5899413E-05
       818  7.3357179E-03  2.6290816E-05
       819  7.3724883E-03  2.6688134E-05
       820  7.4094431E-03  2.7091456E-05
       821  7.4465831E-03  2.7500874E-05
       822  7.4839092E-03  2.7916478E-05
       823  7.5214225E-03  2.8338363E-05
       824  7.5591238E-03  2.8766623E-05
       825  7.5970140E-03  2.9201356E-05
       826  7.6350942E-03  2.9642658E-05
       827  7.6733653E-03  3.0090629E-05
       828  7.7118282E-03  3.0545369E-05
       829  7.7504839E-03  3.1006982E-05
       830  7.7893334E-03  3.1475570E-05
       831  7.8283775E-03  3.1951240E-05
       832  7.8676175E-03  3.2434098E-05
       833  7.9070541E-03  3.2924253E-05
       834  7.9466883E-03  3.3421815E-05
       835  7.9865213E-03  3.3926896E-05
       836  8.0265539E-03  3.4439609E-05
       837  8.0667871E-03  3.4960071E-05
       838  8.1072221E-03  3.5488398E-05
       839  8.1478597E-03  3.6024709E-05
       840  8.1887010E-03  3.6569124E-05
       841  8.2297470E-03  3.7121766E-05
       842  8.2709988E-03  3.7682760E-05
       843  8.3124574E-03  3.8252232E-05
       844  8.3541237E-03  3.8830309E-05
       845  8.3959990E-03  3.9417121E-05
       846  8.4380841E-03  4.0012802E-05
       847  8.4803802E-03  4.0617484E-05
       848  8.5228882E-03  4.1231304E-05
       849  8.5656094E-03  4.1854400E-05
       850  8.6085447E-03  4.2486912E-05
       851  8.6516952E-03  4.3128982E-05
       852  8.6950620E-03  4.3780755E-05
       853  8.7386462E-03  4.4442377E-05
       854  8.7824488E-03  4.5113997E-05
       855  8.8264710E-03  4.5795767E-05
       856  8.8707139E-03  4.6487839E-05
       857  8.9151785E-03  4.7190369E-05
       858  8.9598661E-03  4.7903516E-05
       859  9.0047776E-03  4.8627439E-05
       860  9.0499142E-03  4.9362302E-05
       861  9.0952771E-03  5.0108269E-05
       862  9.1408674E-03  5.0865510E-05
       863  9.1866862E-03  5.1634193E-05
       864  9.2327346E-03  5.2414492E-05
       865  9.2790139E-03  5.3206583E-05
       866  9.3255251E-03  5.4010643E-05
       867  9.3722695E-03  5.4826854E-05
       868  9.4192482E-03  5.5655398E-05
       869  9.4664624E-03  5.6496463E-05
       870  9.5139132E-03  5.7350238E-05
       871  9.5616019E-03  5.8216914E-05
       872  9.6095297E-03  5.9096687E-05
       873  9.6576976E-03  5.9989754E-05
       874  9.7061070E-03  6.0896317E-05
       875  9.7547591E-03  6.1816579E-05
       876  9.8036550E-03  6.2750747E-05
       877  9.8527961E-03  6.3699031E-05
       878  9.9021834E-03  6.4661646E-05
       879  9.9518183E-03  6.5638806E-05
       880  1.0001702E-02  6.6630732E-05
       881  1.0051836E-02  6.7637648E-05
       882  1.0102221E-02  6.8659779E-05
       883  1.0152858E-02  6.9697356E-05
       884  1.0203750E-02  7.0750611E-05
       885  1.0254896E-02  7.1819782E-05
       886  1.0306299E-02  7.2905109E-05
       887  1.0357960E-02  7.4006837E-05
       888  1.0409879E-02  7.5125213E-05
       889  1.0462059E-02  7.6260489E-05
       890  1.0514500E-02  7.7412919E-05
       891  1.0567204E-02  7.8582764E-05
       892  1.0620173E-02  7.9770287E-05
       893  1.0673407E-02  8.0975753E-05
       894  1.0726907E-02  8.2199436E-05
       895  1.0780676E-02  8.3441609E-05
       896  1.0834714E-02  8.4702552E-05
       897  1.0889024E-02  8.5982549E-05
       898  1.0943605E-02  8.7281888E-05
       899  1.0998460E-02  8.8600861E-05
       900  1.1053590E-02  8.9939764E-05
       901  1.1108997E-02  9.1298899E-05
       902  1.1164681E-02  9.2678572E-05
       903  1.1220644E-02  9.4079092E-05
       904  1.1276888E-02  9.5500775E-05
       905  1.1333413E-02  9.6943940E-05
       906  1.1390222E-02  9.8408912E-05
       907  1.1447316E-02  9.9896021E-05
       908  1.1504696E-02  1.0140560E-04
       909  1.1562363E-02  1.0293799E-04
       910  1.1620320E-02  1.0449354E-04
       911  1.1678567E-02  1.0607259E-04
       912  1.1737106E-02  1.0767550E-04
       913  1.1795939E-02  1.0930263E-04
       914  1.1855066E-02  1.1095434E-04
       915  1.1914490E-02  1.1263102E-04
       916  1.1974211E-02  1.1433303E-04
       917  1.2034232E-02  1.1606076E-04
       918  1.2094554E-02  1.1781459E-04
       919  1.2155178E-02  1.1959493E-04
       920  1.2216106E-02  1.2140216E-04
       921  1.2277340E-02  1.2323671E-04
       922  1.2338880E-02  1.2509897E-04
       923  1.2400729E-02  1.2698937E-04
       924  1.2462888E-02  1.2890834E-04
       925  1.2525359E-02  1.3085630E-04
       926  1.2588142E-02  1.3283370E-04
       927  1.2651241E-02  1.3484097E-04
       928  1.2714655E-02  1.3687858E-04
       929  1.2778388E-02  1.3894697E-04
       930  1.2842440E-02  1.4104662E-04
       931  1.2906813E-02  1.4317799E-04
       932  1.2971508E-02  1.4534156E-04
       933  1.3036528E-02  1.4753783E-04
       934  1.3101874E-02  1.4976728E-04
       935  1.3167547E-02  1.5203042E-04
       936  1.3233550E-02  1.5432775E-04
       937  1.3299884E-02  1.5665979E-04
       938  1.3366549E-02  1.5902707E-04
       939  1.3433550E-02  1.6143012E-04
       940  1.3500886E-02  1.6386948E-04
       941  1.3568559E-02  1.6634570E-04
       942  1.3636572E-02  1.6885933E-04
       943  1.3704925E-02  1.7141094E-04
       944  1.3773622E-02  1.7400110E-04
       945  1.3842662E-02  1.7663040E-04
       946  1.3912049E-02  1.7929942E-04
       947  1.3981783E-02  1.8200877E-04
       948  1.4051867E-02  1.8475906E-04
       949  1.4122302E-02  1.8755091E-04
       950  1.4193091E-02  1.9038493E-04
       951  1.4264234E-02  1.9326178E-04
       952  1.4335734E-02  1.9618209E-04
       953  1.4407592E-02  1.9914652E-04
       954  1.4479810E-02  2.0215574E-04
       955  1.4552391E-02  2.0521043E-04
       956  1.4625335E-02  2.0831128E-04
       957  1.4698645E-02  2.1145897E-04
       958  1.4772322E-02  2.1465422E-04
       959  1.4846368E-02  2.1789775E-04
       960  1.4920786E-02  2.2119028E-04
       961  1.4995577E-02  2.2453256E-04
       962  1.5070742E-02  2.2792534E-04
       963  1.5146285E-02  2.3136937E-04
       964  1.5222206E-02  2.3486544E-04
       965  1.5298508E-02  2.3841433E-04
       966  1.5375192E-02  2.4201684E-04
       967  1.5452260E-02  2.4567378E-04
       968  1.5529715E-02  2.4938597E-04
       969  1.5607558E-02  2.5315424E-04
       970  1.5685791E-02  2.5697944E-04
       971  1.5764416E-02  2.6086244E-04
       972  1.5843436E-02  2.6480410E-04
       973  1.5922852E-02  2.6880532E-04
       974  1.6002665E-02  2.7286698E-04
       975  1.6082879E-02  2.7699001E-04
       976  1.6163495E-02  2.8117532E-04
       977  1.6244514E-02  2.8542387E-04
       978  1.6325940E-02  2.8973661E-04
       979  1.6407775E-02  2.9411450E-04
       980  1.6490019E-02  2.9855853E-04
       981  1.6572675E-02  3.0306970E-04
       982  1.6655746E-02  3.0764903E-04
       983  1.6739234E-02  3.1229754E-04
       984  1.6823139E-02  3.1701627E-04
       985  1.6907466E-02  3.2180629E-04
       986  1.6992215E-02  3.2666868E-04
       987  1.7077389E-02  3.3160453E-04
       988  1.7162989E-02  3.3661494E-04
       989  1.7249019E-02  3.4170105E-04
       990  1.7335480E-02  3.4686399E-04
       991  1.7422375E-02  3.5210493E-04
       992  1.7509705E-02  3.5742505E-04
       993  1.7597472E-02  3.6282553E-04
       994  1.7685680E-02  3.6830761E-04
       995  1.7774330E-02  3.7387250E-04
       996  1.7863424E-02  3.7952145E-04
       997  1.7952965E-02  3.8525575E-04
       998  1.8042955E-02  3.9107667E-04
       999  1.8133395E-02  3.9698553E-04
      1000  1.8224289E-02  4.0298365E-04
      1001  1.8315639E-02  4.0907238E-04
      1002  1.8407446E-02  4.1525308E-04
      1003  1.8499714E-02  4.2152716E-04
      1004  1.8592444E-02  4.2789602E-04
      1005  1.8685639E-02  4.3436108E-04
      1006  1.8779301E-02  4.4092381E-04
      1007  1.8873433E-02  4.4758567E-04
      1008  1.8968037E-02  4.5434817E-04
      1009  1.9063114E-02  4.6121283E-04
      1010  1.9158669E-02  4.6818118E-04
      1011  1.9254702E-02  4.7525479E-04
      1012  1.9351216E-02  4.8243526E-04
      1013  1.9448215E-02  4.8972419E-04
      1014  1.9545699E-02  4.9712322E-04
      1015  1.9643673E-02  5.0463403E-04
      1016  1.9742137E-02  5.1225828E-04
      1017  1.9841095E-02  5.1999770E-04
      1018  1.9940549E-02  5.2785403E-04
      1019  2.0040501E-02  5.3582904E-04
      1020  2.0140954E-02  5.4392450E-04
      1021  2.0241911E-02  5.5214225E-04
      1022  2.0343374E-02  5.6048413E-04
      1023  2.0445346E-02  5.6895201E-04
      1024  2.0547829E-02  5.7754779E-04
      1025  2.0650825E-02  5.8627342E-04
      1026  2.0754338E-02  5.9513084E-04
      1027  2.0858369E-02  6.0412205E-04
      1028  2.0962922E-02  6.1324906E-04
      1029  2.1068000E-02  6.2251394E-04
      1030  2.1173603E-02  6.3191875E-04
      1031  2.1279736E-02  6.4146562E-04
      1032  2.1386402E-02  6.5115668E-04
      1033  2.1493601E-02  6.6099412E-04
      1034  2.1601338E-02  6.7098015E-04
      1035  2.1709616E-02  6.8111700E-04
      1036  2.1818436E-02  6.9140695E-04
      1037  2.1927801E-02  7.0185233E-04
      1038  2.2037714E-02  7.1245546E-04
      1039  2.2148179E-02  7.2321874E-04
      1040  2.2259197E-02  7.3414458E-04
      1041  2.2370772E-02  7.4523544E-04
      1042  2.2482906E-02  7.5649381E-04
      1043  2.2595602E-02  7.6792221E-04
      1044  2.2708863E-02  7.7952321E-04
      1045  2.2822691E-02  7.9129943E-04
      1046  2.2937091E-02  8.0325350E-04
      1047  2.3052063E-02  8.1538810E-04
      1048  2.3167612E-02  8.2770597E-04
      1049  2.3283740E-02  8.4020988E-04
      1050  2.3400451E-02  8.5290262E-04
      1051  2.3517746E-02  8.6578705E-04
      1052  2.3635629E-02  8.7886606E-04
      1053  2.3754103E-02  8.9214259E-04
      1054  2.3873171E-02  9.0561963E-04
      1055  2.3992836E-02  9.1930019E-04
      1056  2.4113100E-02  9.3318736E-04
      1057  2.4233968E-02  9.4728424E-04
      1058  2.4355441E-02  9.6159400E-04
      1059  2.4477523E-02  9.7611987E-04
      1060  2.4600217E-02  9.9086509E-04
      1061  2.4723526E-02  1.0058330E-03
      1062  2.4847454E-02  1.0210269E-03
      1063  2.4972002E-02  1.0364503E-03
      1064  2.5097175E-02  1.0521065E-03
      1065  2.5222975E-02  1.0679992E-03
      1066  2.5349406E-02  1.0841319E-03
      1067  2.5476470E-02  1.1005082E-03
      1068  2.5604171E-02  1.1171318E-03
      1069  2.5732513E-02  1.1340064E-03
      1070  2.5861497E-02  1.1511358E-03
      1071  2.5991129E-02  1.1685238E-03
      1072  2.6121410E-02  1.1861744E-03
      1073  2.6252344E-02  1.2040916E-03
      1074  2.6383934E-02  1.2222792E-03
      1075  2.6516184E-02  1.2407415E-03
      1076  2.6649097E-02  1.2594826E-03
      1077  2.6782676E-02  1.2785066E-03
      1078  2.6916925E-02  1.2978179E-03
      1079  2.7051847E-02  1.3174207E-03
      1080  2.7187445E-02  1.3373195E-03
      1081  2.7323722E-02  1.3575188E-03
      1082  2.7460683E-02  1.3780230E-03
      1083  2.7598330E-02  1.3988369E-03
      1084  2.7736668E-02  1.4199649E-03
      1085  2.7875698E-02  1.4414120E-03
      1086  2.8015426E-02  1.4631828E-03
      1087  2.8155854E-02  1.4852824E-03
      1088  2.8296985E-02  1.5077156E-03
      1089  2.8438825E-02  1.5304875E-03
      1090  2.8581375E-02  1.5536031E-03
      1091  2.8724640E-02  1.5770678E-03
      1092  2.8868623E-02  1.6008867E-03
      1093  2.9013327E-02  1.6250651E-03
      1094  2.9158757E-02  1.6496086E-03
      1095  2.9304916E-02  1.6745226E-03
      1096  2.9451807E-02  1.6998127E-03
      1097  2.9599435E-02  1.7254846E-03
      1098  2.9747803E-02  1.7515440E-03
      1099  2.9896914E-02  1.7779968E-03
      1100  3.0046773E-02  1.8048489E-03
      1101  3.0197383E-02  1.8321064E-03
      1102  3.0348748E-02  1.8597753E-03
      1103  3.0500872E-02  1.8878619E-03
      1104  3.0653758E-02  1.9163724E-03
      1105  3.0807411E-02  1.9453133E-03
      1106  3.0961834E-02  1.9746910E-03
      1107  3.1117031E-02  2.0045122E-03
      1108  3.1273005E-02  2.0347835E-03
      1109  3.1429762E-02  2.0655117E-03
      1110  3.1587304E-02  2.0967037E-03
      1111  3.1745636E-02  2.1283665E-03
      1112  3.1904762E-02  2.1605072E-03
      1113  3.2064685E-02  2.1931330E-03
      1114  3.2225410E-02  2.2262512E-03
      1115  3.2386941E-02  2.2598692E-03
      1116  3.2549281E-02  2.2939946E-03
      1117  3.2712435E-02  2.3286351E-03
      1118  3.2876407E-02  2.3637983E-03
      1119  3.3041200E-02  2.3994922E-03
      1120  3.3206820E-02  2.4357248E-03
      1121  3.3373270E-02  2.4725042E-03
      1122  3.3540554E-02  2.5098386E-03
      1123  3.3708677E-02  2.5477365E-03
      1124  3.3877642E-02  2.5862062E-03
      1125  3.4047455E-02  2.6252565E-03
      1126  3.4218118E-02  2.6648960E-03
      1127  3.4389637E-02  2.7051338E-03
      1128  3.4562016E-02  2.7459786E-03
      1129  3.4735259E-02  2.7874399E-03
      1130  3.4909370E-02  2.8295267E-03
      1131  3.5084354E-02  2.8722486E-03
      1132  3.5260215E-02  2.9156151E-03
      1133  3.5436958E-02  2.9596360E-03
      1134  3.5614586E-02  3.0043210E-03
      1135  3.5793105E-02  3.0496803E-03
      1136  3.5972519E-02  3.0957240E-03
      1137  3.6152832E-02  3.1424623E-03
      1138  3.6334049E-02  3.1899058E-03
      1139  3.6516174E-02  3.2380650E-03
      1140  3.6699212E-02  3.2869509E-03
      1141  3.6883167E-02  3.3365742E-03
      1142  3.7068045E-02  3.3869462E-03
      1143  3.7253849E-02  3.4380781E-03
      1144  3.7440585E-02  3.4899814E-03
      1145  3.7628257E-02  3.5426677E-03
      1146  3.7816869E-02  3.5961487E-03
      1147  3.8006427E-02  3.6504365E-03
      1148  3.8196935E-02  3.7055432E-03
      1149  3.8388398E-02  3.7614811E-03
      1150  3.8580821E-02  3.8182628E-03
      1151  3.8774208E-02  3.8759010E-03
      1152  3.8968564E-02  3.9344086E-03
      1153  3.9163895E-02  3.9937987E-03
      1154  3.9360205E-02  4.0540845E-03
      1155  3.9557499E-02  4.1152796E-03
      1156  3.9755782E-02  4.1773976E-03
      1157  3.9955058E-02  4.2404525E-03
      1158  4.0155334E-02  4.3044584E-03
      1159  4.0356613E-02  4.3694296E-03
      1160  4.0558902E-02  4.4353806E-03
      1161  4.0762204E-02  4.5023262E-03
      1162  4.0966525E-02  4.5702814E-03
      1163  4.1171871E-02  4.6392613E-03
      1164  4.1378246E-02  4.7092814E-03
      1165  4.1585655E-02  4.7803573E-03
      1166  4.1794104E-02  4.8525051E-03
      1167  4.2003598E-02  4.9257407E-03
      1168  4.2214142E-02  5.0000806E-03
      1169  4.2425741E-02  5.0755413E-03
      1170  4.2638401E-02  5.1521399E-03
      1171  4.2852127E-02  5.2298933E-03
      1172  4.3066924E-02  5.3088190E-03
      1173  4.3282798E-02  5.3889347E-03
      1174  4.3499754E-02  5.4702582E-03
      1175  4.3717797E-02  5.5528077E-03
      1176  4.3936934E-02  5.6366016E-03
      1177  4.4157168E-02  5.7216588E-03
      1178  4.4378507E-02  5.8079982E-03
      1179  4.4600955E-02  5.8956390E-03
      1180  4.4824519E-02  5.9846010E-03
      1181  4.5049202E-02  6.0749039E-03
      1182  4.5275012E-02  6.1665680E-03
      1183  4.5501954E-02  6.2596137E-03
      1184  4.5730034E-02  6.3540618E-03
      1185  4.5959257E-02  6.4499334E-03
      1186  4.6189628E-02  6.5472499E-03
      1187  4.6421155E-02  6.6460331E-03
      1188  4.6653842E-02  6.7463050E-03
      1189  4.6887695E-02  6.8480881E-03
      1190  4.7122721E-02  6.9514049E-03
      1191  4.7358924E-02  7.0562787E-03
      1192  4.7596312E-02  7.1627328E-03
      1193  4.7834889E-02  7.2707911E-03
      1194  4.8074663E-02  7.3804775E-03
      1195  4.8315638E-02  7.4918166E-03
      1196  4.8557821E-02  7.6048333E-03
      1197  4.8801218E-02  7.7195528E-03
      1198  4.9045835E-02  7.8360006E-03
      1199  4.9291679E-02  7.9542029E-03
      1200  4.9538754E-02  8.0741858E-03
      1201  4.9787068E-02  8.1959763E-03
      1202  5.0036627E-02  8.3196014E-03
      1203  5.0287437E-02  8.4450888E-03
      1204  5.0539504E-02  8.5724664E-03
      1205  5.0792834E-02  8.7017627E-03
      1206  5.1047434E-02  8.8330065E-03
      1207  5.1303310E-02  8.9662270E-03
      1208  5.1560469E-02  9.1014540E-03
      1209  5.1818917E-02  9.2387176E-03
      1210  5.2078661E-02  9.3780484E-03
      1211  5.2339706E-02  9.5194775E-03
      1212  5.2602060E-02  9.6630364E-03
      1213  5.2865729E-02  9.8087570E-03
      1214  5.3130719E-02  9.9566719E-03
      1215  5.3397038E-02  1.0106814E-02
      1216  5.3664692E-02  1.0259217E-02
      1217  5.3933687E-02  1.0413914E-02
      1218  5.4204031E-02  1.0570941E-02
      1219  5.4475730E-02  1.0730331E-02
      1220  5.4748791E-02  1.0892121E-02
      1221  5.5023220E-02  1.1056347E-02
      1222  5.5299025E-02  1.1223045E-02
      1223  5.5576213E-02  1.1392252E-02
      1224  5.5854790E-02  1.1564006E-02
      1225  5.6134763E-02  1.1738345E-02
      1226  5.6416140E-02  1.1915309E-02
      1227  5.6698927E-02  1.2094935E-02
      1228  5.6983131E-02  1.2277265E-02
      1229  5.7268760E-02  1.2462339E-02
      1230  5.7555821E-02  1.2650197E-02
      1231  5.7844321E-02  1.2840883E-02
      1232  5.8134267E-02  1.3034438E-02
      1233  5.8425666E-02  1.3230905E-02
      1234  5.8718526E-02  1.3430329E-02
      1235  5.9012854E-02  1.3632752E-02
      1236  5.9308657E-02  1.3838221E-02
      1237  5.9605943E-02  1.4046781E-02
      1238  5.9904719E-02  1.4258478E-02
      1239  6.0204992E-02  1.4473360E-02
      1240  6.0506771E-02  1.4691474E-02
      1241  6.0810063E-02  1.4912868E-02
      1242  6.1114874E-02  1.5137593E-02
      1243  6.1421214E-02  1.5365697E-02
      1244  6.1729089E-02  1.5597231E-02
      1245  6.2038507E-02  1.5832247E-02
      1246  6.2349477E-02  1.6070797E-02
      1247  6.2662005E-02  1.6312934E-02
      1248  6.2976099E-02  1.6558712E-02
      1249  6.3291768E-02  1.6808185E-02
      1250  6.3609020E-02  1.7061409E-02
      1251  6.3927861E-02  1.7318439E-02
      1252  6.4248301E-02  1.7579333E-02
      1253  6.4570347E-02  1.7844149E-02
      1254  6.4894007E-02  1.8112945E-02
      1255  6.5219290E-02  1.8385781E-02
      1256  6.5546203E-02  1.8662718E-02
      1257  6.5874754E-02  1.8943817E-02
      1258  6.6204953E-02  1.9229139E-02
      1259  6.6536807E-02  1.9518750E-02
      1260  6.6870324E-02  1.9812711E-02
      1261  6.7205513E-02  2.0111090E-02
      1262  6.7542382E-02  2.0413951E-02
      1263  6.7880939E-02  2.0721363E-02
      1264  6.8221194E-02  2.1033392E-02
      1265  6.8563154E-02  2.1350108E-02
      1266  6.8906828E-02  2.1671582E-02
      1267  6.9252225E-02  2.1997883E-02
      1268  6.9599354E-02  2.2329086E-02
      1269  6.9948222E-02  2.2665262E-02
      1270  7.0298839E-02  2.3006486E-02
      1271  7.0651213E-02  2.3352834E-02
      1272  7.1005354E-02  2.3704382E-02
      1273  7.1361270E-02  2.4061209E-02
      1274  7.1718969E-02  2.4423392E-02
      1275  7.2078462E-02  2.4791012E-02
      1276  7.2439757E-02  2.5164150E-02
      1277  7.2802863E-02  2.5542889E-02
      1278  7.3167789E-02  2.5927312E-02
      1279  7.3534544E-02  2.6317504E-02
      1280  7.3903137E-02  2.6713552E-02
      1281  7.4273578E-02  2.7115542E-02
      1282  7.4645876E-02  2.7523564E-02
      1283  7.5020040E-02  2.7937707E-02
      1284  7.5396080E-02  2.8358064E-02
      1285  7.5774004E-02  2.8784726E-02
      1286  7.6153823E-02  2.9217788E-02
      1287  7.6535545E-02  2.9657345E-02
      1288  7.6919181E-02  3.0103494E-02
      1289  7.7304740E-02  3.0556334E-02
      1290  7.7692232E-02  3.1015964E-02
      1291  7.8081666E-02  3.1482486E-02
      1292  7.8473052E-02  3.1956003E-02
      1293  7.8866400E-02  3.2436618E-02
      1294  7.9261719E-02  3.2924437E-02
      1295  7.9659020E-02  3.3419569E-02
      1296  8.0058313E-02  3.3922121E-02
      1297  8.0459607E-02  3.4432205E-02
      1298  8.0862912E-02  3.4949932E-02
      1299  8.1268239E-02  3.5475417E-02
      1300  8.1675598E-02  3.6008775E-02
      1301  8.2084999E-02  3.6550124E-02
      1302  8.2496451E-02  3.7099582E-02
      1303  8.2909967E-02  3.7657270E-02
      1304  8.3325555E-02  3.8223310E-02
      1305  8.3743226E-02  3.8797828E-02
      1306  8.4162990E-02  3.9380949E-02
      1307  8.4584859E-02  3.9972800E-02
      1308  8.5008842E-02  4.0573513E-02
      1309  8.5434951E-02  4.1183219E-02
      1310  8.5863195E-02  4.1802051E-02
      1311  8.6293586E-02  4.2430145E-02
      1312  8.6726135E-02  4.3067639E-02
      1313  8.7160851E-02  4.3714673E-02
      1314  8.7597747E-02  4.4371389E-02
      1315  8.8036833E-02  4.5037930E-02
      1316  8.8478119E-02  4.5714442E-02
      1317  8.8921617E-02  4.6401074E-02
      1318  8.9367339E-02  4.7097975E-02
      1319  8.9815295E-02  4.7805299E-02
      1320  9.0265496E-02  4.8523199E-02
      1321  9.0717953E-02  4.9251834E-02
      1322  9.1172679E-02  4.9991362E-02
      1323  9.1629684E-02  5.0741945E-02
      1324  9.2088980E-02  5.1503746E-02
      1325  9.2550578E-02  5.2276934E-02
      1326  9.3014489E-02  5.3061675E-02
      1327  9.3480726E-02  5.3858142E-02
      1328  9.3949300E-02  5.4666508E-02
      1329  9.4420223E-02  5.5486950E-02
      1330  9.4893507E-02  5.6319647E-02
      1331  9.5369162E-02  5.7164780E-02
      1332  9.5847202E-02  5.8022533E-02
      1333  9.6327638E-02  5.8893094E-02
      1334  9.6810483E-02  5.9776651E-02
      1335  9.7295747E-02  6.0673398E-02
      1336  9.7783444E-02  6.1583530E-02
      1337  9.8273586E-02  6.2507244E-02
      1338  9.8766184E-02  6.3444742E-02
      1339  9.9261252E-02  6.4396227E-02
      1340  9.9758801E-02  6.5361906E-02
      1341  1.0025884E-01  6.6341990E-02
      1342  1.0076139E-01  6.7336690E-02
      1343  1.0126646E-01  6.8346224E-02
      1344  1.0177406E-01  6.9370809E-02
      1345  1.0228421E-01  7.0410669E-02
      1346  1.0279691E-01  7.1466029E-02
      1347  1.0331218E-01  7.2537118E-02
      1348  1.0383003E-01  7.3624168E-02
      1349  1.0435048E-01  7.4727414E-02
      1350  1.0487354E-01  7.5847096E-02
      1351  1.0539922E-01  7.6983455E-02
      1352  1.0592754E-01  7.8136739E-02
      1353  1.0645850E-01  7.9307195E-02
      1354  1.0699213E-01  8.0495078E-02
      1355  1.0752843E-01  8.1700644E-02
      1356  1.0806742E-01  8.2924153E-02
      1357  1.0860911E-01  8.4165871E-02
      1358  1.0915351E-01  8.5426064E-02
      1359  1.0970065E-01  8.6705004E-02
      1360  1.1025053E-01  8.8002969E-02
      1361  1.1080316E-01  8.9320236E-02
      1362  1.1135856E-01  9.0657091E-02
      1363  1.1191675E-01  9.2013821E-02
      1364  1.1247773E-01  9.3390719E-02
      1365  1.1304153E-01  9.4788080E-02
      1366  1.1360815E-01  9.6206205E-02
      1367  1.1417762E-01  9.7645400E-02
      1368  1.1474993E-01  9.9105973E-02
      1369  1.1532512E-01  1.0058824E-01
      1370  1.1590319E-01  1.0209251E-01
      1371  1.1648416E-01  1.0361912E-01
      1372  1.1706804E-01  1.0516839E-01
      1373  1.1765484E-01  1.0674065E-01
      1374  1.1824459E-01  1.0833625E-01
      1375  1.1883729E-01  1.0995551E-01
      1376  1.1943297E-01  1.1159879E-01
      1377  1.2003163E-01  1.1326644E-01
      1378  1.2063329E-01  1.1495882E-01
      1379  1.2123797E-01  1.1667628E-01
      1380  1.2184567E-01  1.1841920E-01
      1381  1.2245643E-01  1.2018795E-01
      1382  1.2307024E-01  1.2198290E-01
      1383  1.2368714E-01  1.2380444E-01
      1384  1.2430712E-01  1.2565295E-01
      1385  1.2493021E-01  1.2752884E-01
      1386  1.2555643E-01  1.2943249E-01
      1387  1.2618578E-01  1.3136432E-01
      1388  1.2681829E-01  1.3332472E-01
      1389  1.2745397E-01  1.3531414E-01
      1390  1.2809284E-01  1.3733297E-01
      1391  1.2873490E-01  1.3938166E-01
      1392  1.2938019E-01  1.4146063E-01
      1393  1.3002871E-01  1.4357033E-01
      1394  1.3068048E-01  1.4571121E-01
      1395  1.3133552E-01  1.4788371E-01
      1396  1.3199384E-01  1.5008830E-01
      1397  1.3265547E-01  1.5232545E-01
      1398  1.3332040E-01  1.5459562E-01
      1399  1.3398867E-01  1.5689930E-01
      1400  1.3466030E-01  1.5923697E-01
      1401  1.3533528E-01  1.6160913E-01
      1402  1.3601365E-01  1.6401627E-01
      1403  1.3669543E-01  1.6645891E-01
      1404  1.3738061E-01  1.6893755E-01
      1405  1.3806924E-01  1.7145272E-01
      1406  1.3876131E-01  1.7400495E-01
      1407  1.3945686E-01  1.7659477E-01
      1408  1.4015589E-01  1.7922273E-01
      1409  1.4085842E-01  1.8188938E-01
      1410  1.4156448E-01  1.8459527E-01
      1411  1.4227407E-01  1.8734098E-01
      1412  1.4298722E-01  1.9012707E-01
      1413  1.4370395E-01  1.9295414E-01
      1414  1.4442427E-01  1.9582277E-01
      1415  1.4514820E-01  1.9873356E-01
      1416  1.4587576E-01  2.0168712E-01
      1417  1.4660696E-01  2.0468406E-01
      1418  1.4734183E-01  2.0772501E-01
      1419  1.4808039E-01  2.1081060E-01
      1420  1.4882264E-01  2.1394147E-01
      1421  1.4956862E-01  2.1711828E-01
      1422  1.5031834E-01  2.2034168E-01
      1423  1.5107181E-01  2.2361234E-01
      1424  1.5182906E-01  2.2693094E-01
      1425  1.5259011E-01  2.3029817E-01
      1426  1.5335497E-01  2.3371472E-01
      1427  1.5412366E-01  2.3718130E-01
      1428  1.5489621E-01  2.4069863E-01
      1429  1.5567263E-01  2.4426743E-01
      1430  1.5645294E-01  2.4788844E-01
      1431  1.5723717E-01  2.5156240E-01
      1432  1.5802532E-01  2.5529007E-01
      1433  1.5881743E-01  2.5907221E-01
      1434  1.5961350E-01  2.6290961E-01
      1435  1.6041357E-01  2.6680305E-01
      1436  1.6121764E-01  2.7075332E-01
      1437  1.6202575E-01  2.7476124E-01
      1438  1.6283791E-01  2.7882763E-01
      1439  1.6365414E-01  2.8295332E-01
      1440  1.6447446E-01  2.8713915E-01
      1441  1.6529889E-01  2.9138597E-01
      1442  1.6612745E-01  2.9569465E-01
      1443  1.6696017E-01  3.0006607E-01
      1444  1.6779706E-01  3.0450111E-01
      1445  1.6863815E-01  3.0900068E-01
      1446  1.6948345E-01  3.1356569E-01
      1447  1.7033299E-01  3.1819706E-01
      1448  1.7118679E-01  3.2289573E-01
      1449  1.7204486E-01  3.2766265E-01
      1450  1.7290724E-01  3.3249879E-01
      1451  1.7377394E-01  3.3740512E-01
      1452  1.7464499E-01  3.4238262E-01
      1453  1.7552040E-01  3.4743230E-01
      1454  1.7640020E-01  3.5255518E-01
      1455  1.7728441E-01  3.5775228E-01
      1456  1.7817305E-01  3.6302465E-01
      1457  1.7906615E-01  3.6837334E-01
      1458  1.7996372E-01  3.7379941E-01
      1459  1.8086579E-01  3.7930397E-01
      1460  1.8177239E-01  3.8488809E-01
      1461  1.8268352E-01  3.9055291E-01
      1462  1.8359923E-01  3.9629953E-01
      1463  1.8451952E-01  4.0212911E-01
      1464  1.8544443E-01  4.0804280E-01
      1465  1.8637398E-01  4.1404178E-01
      1466  1.8730818E-01  4.2012722E-01
      1467  1.8824707E-01  4.2630034E-01
      1468  1.8919066E-01  4.3256236E-01
      1469  1.9013898E-01  4.3891450E-01
      1470  1.9109206E-01  4.4535801E-01
      1471  1.9204991E-01  4.5189417E-01
      1472  1.9301256E-01  4.5852425E-01
      1473  1.9398004E-01  4.6524955E-01
      1474  1.9495237E-01  4.7207140E-01
      1475  1.9592957E-01  4.7899112E-01
      1476  1.9691168E-01  4.8601006E-01
      1477  1.9789870E-01  4.9312958E-01
      1478  1.9889067E-01  5.0035108E-01
      1479  1.9988761E-01  5.0767596E-01
      1480  2.0088955E-01  5.1510563E-01
      1481  2.0189652E-01  5.2264152E-01
      1482  2.0290853E-01  5.3028511E-01
      1483  2.0392561E-01  5.3803786E-01
      1484  2.0494779E-01  5.4590125E-01
      1485  2.0597510E-01  5.5387682E-01
      1486  2.0700755E-01  5.6196607E-01
      1487  2.0804518E-01  5.7017057E-01
      1488  2.0908801E-01  5.7849188E-01
      1489  2.1013607E-01  5.8693159E-01
      1490  2.1118938E-01  5.9549131E-01
      1491  2.1224797E-01  6.0417266E-01
      1492  2.1331187E-01  6.1297729E-01
      1493  2.1438110E-01  6.2190687E-01
      1494  2.1545569E-01  6.3096308E-01
      1495  2.1653567E-01  6.4014764E-01
      1496  2.1762106E-01  6.4946228E-01
      1497  2.1871189E-01  6.5890873E-01
      1498  2.1980818E-01  6.6848879E-01
      1499  2.2090998E-01  6.7820423E-01
      1500  2.2201729E-01  6.8805688E-01
      1501  2.2313016E-01  6.9804857E-01
      1502  2.2424860E-01  7.0818115E-01
      1503  2.2537266E-01  7.1845651E-01
      1504  2.2650234E-01  7.2887656E-01
      1505  2.2763769E-01  7.3944321E-01
      1506  2.2877873E-01  7.5015841E-01
      1507  2.2992549E-01  7.6102415E-01
      1508  2.3107799E-01  7.7204240E-01
      1509  2.3223627E-01  7.8321518E-01
      1510  2.3340036E-01  7.9454455E-01
      1511  2.3457029E-01  8.0603256E-01
      1512  2.3574608E-01  8.1768130E-01
      1513  2.3692776E-01  8.2949288E-01
      1514  2.3811536E-01  8.4146945E-01
      1515  2.3930892E-01  8.5361315E-01
      1516  2.4050846E-01  8.6592619E-01
      1517  2.4171402E-01  8.7841076E-01
      1518  2.4292561E-01  8.9106911E-01
      1519  2.4414328E-01  9.0390349E-01
      1520  2.4536706E-01  9.1691619E-01
      1521  2.4659696E-01  9.3010953E-01
      1522  2.4783304E-01  9.4348583E-01
      1523  2.4907530E-01  9.5704747E-01
      1524  2.5032380E-01  9.7079683E-01
      1525  2.5157855E-01  9.8473633E-01
      1526  2.5283960E-01  9.9886842E-01
      1527  2.5410696E-01  1.0131955E+00
      1528  2.5538068E-01  1.0277202E+00
      1529  2.5666078E-01  1.0424450E+00
      1530  2.5794729E-01  1.0573723E+00
      1531  2.5924026E-01  1.0725048E+00
      1532  2.6053971E-01  1.0878452E+00
      1533  2.6184567E-01  1.1033959E+00
      1534  2.6315818E-01  1.1191598E+00
      1535  2.6447726E-01  1.1351394E+00
      1536  2.6580296E-01  1.1513374E+00
      1537  2.6713530E-01  1.1677567E+00
      1538  2.6847432E-01  1.1844000E+00
      1539  2.6982006E-01  1.2012701E+00
      1540  2.7117254E-01  1.2183698E+00
      1541  2.7253179E-01  1.2357020E+00
      1542  2.7389786E-01  1.2532695E+00
      1543  2.7527078E-01  1.2710752E+00
      1544  2.7665058E-01  1.2891222E+00
      1545  2.7803730E-01  1.3074133E+00
      1546  2.7943097E-01  1.3259516E+00
      1547  2.8083162E-01  1.3447401E+00
      1548  2.8223930E-01  1.3637819E+00
      1549  2.8365403E-01  1.3830799E+00
      1550  2.8507585E-01  1.4026374E+00
      1551  2.8650480E-01  1.4224575E+00
      1552  2.8794091E-01  1.4425433E+00
      1553  2.8938422E-01  1.4628981E+00
      1554  2.9083476E-01  1.4835251E+00
      1555  2.9229258E-01  1.5044275E+00
      1556  2.9375770E-01  1.5256086E+00
      1557  2.9523017E-01  1.5470717E+00
      1558  2.9671001E-01  1.5688203E+00
      1559  2.9819728E-01  1.5908576E+00
      1560  2.9969200E-01  1.6131870E+00
      1561  3.0119421E-01  1.6358120E+00
      1562  3.0270395E-01  1.6587361E+00
      1563  3.0422126E-01  1.6819627E+00
      1564  3.0574618E-01  1.7054954E+00
      1565  3.0727874E-01  1.7293376E+00
      1566  3.0881898E-01  1.7534930E+00
      1567  3.1036694E-01  1.7779652E+00
      1568  3.1192266E-01  1.8027578E+00
      1569  3.1348618E-01  1.8278744E+00
      1570  3.1505754E-01  1.8533187E+00
      1571  3.1663677E-01  1.8790945E+00
      1572  3.1822392E-01  1.9052055E+00
      1573  3.1981902E-01  1.9316554E+00
      1574  3.2142212E-01  1.9584481E+00
      1575  3.2303326E-01  1.9855873E+00
      1576  3.2465247E-01  2.0130769E+00
      1577  3.2627979E-01  2.0409208E+00
      1578  3.2791528E-01  2.0691228E+00
      1579  3.2955896E-01  2.0976869E+00
      1580  3.3121088E-01  2.1266171E+00
      1581  3.3287108E-01  2.1559172E+00
      1582  3.3453961E-01  2.1855914E+00
      1583  3.3621649E-01  2.2156435E+00
      1584  3.3790179E-01  2.2460777E+00
      1585  3.3959553E-01  2.2768980E+00
      1586  3.4129776E-01  2.3081085E+00
      1587  3.4300852E-01  2.3397133E+00
      1588  3.4472785E-01  2.3717165E+00
      1589  3.4645581E-01  2.4041222E+00
      1590  3.4819243E-01  2.4369347E+00
      1591  3.4993775E-01  2.4701581E+00
      1592  3.5169182E-01  2.5037966E+00
      1593  3.5345468E-01  2.5378544E+00
      1594  3.5522638E-01  2.5723358E+00
      1595  3.5700696E-01  2.6072451E+00
      1596  3.5879647E-01  2.6425864E+00
      1597  3.6059494E-01  2.6783641E+00
      1598  3.6240243E-01  2.7145825E+00
      1599  3.6421898E-01  2.7512459E+00
      1600  3.6604463E-01  2.7883585E+00
      1601  3.6787944E-01  2.8259248E+00
      1602  3.6972344E-01  2.8639491E+00
      1603  3.7157669E-01  2.9024357E+00
      1604  3.7343923E-01  2.9413890E+00
      1605  3.7531110E-01  2.9808134E+00
      1606  3.7719235E-01  3.0207131E+00
      1607  3.7908304E-01  3.0610927E+00
      1608  3.8098320E-01  3.1019564E+00
      1609  3.8289289E-01  3.1433087E+00
      1610  3.8481214E-01  3.1851540E+00
      1611  3.8674102E-01  3.2274965E+00
      1612  3.8867957E-01  3.2703408E+00
      1613  3.9062784E-01  3.3136911E+00
      1614  3.9258587E-01  3.3575518E+00
      1615  3.9455371E-01  3.4019274E+00
      1616  3.9653142E-01  3.4468221E+00
      1617  3.9851904E-01  3.4922403E+00
      1618  4.0051663E-01  3.5381863E+00
      1619  4.0252422E-01  3.5846645E+00
      1620  4.0454189E-01  3.6316791E+00
      1621  4.0656966E-01  3.6792344E+00
      1622  4.0860760E-01  3.7273348E+00
      1623  4.1065575E-01  3.7759844E+00
      1624  4.1271417E-01  3.8251874E+00
      1625  4.1478291E-01  3.8749481E+00
      1626  4.1686202E-01  3.9252707E+00
      1627  4.1895155E-01  3.9761592E+00
      1628  4.2105155E-01  4.0276178E+00
      1629  4.2316208E-01  4.0796505E+00
      1630  4.2528319E-01  4.1322614E+00
      1631  4.2741493E-01  4.1854546E+00
      1632  4.2955736E-01  4.2392338E+00
      1633  4.3171052E-01  4.2936031E+00
      1634  4.3387448E-01  4.3485664E+00
      1635  4.3604929E-01  4.4041273E+00
      1636  4.3823499E-01  4.4602897E+00
      1637  4.4043165E-01  4.5170574E+00
      1638  4.4263933E-01  4.5744339E+00
      1639  4.4485807E-01  4.6324228E+00
      1640  4.4708793E-01  4.6910276E+00
      1641  4.4932896E-01  4.7502519E+00
      1642  4.5158123E-01  4.8100989E+00
      1643  4.5384480E-01  4.8705721E+00
      1644  4.5611970E-01  4.9316745E+00
      1645  4.5840601E-01  4.9934094E+00
      1646  4.6070378E-01  5.0557798E+00
      1647  4.6301307E-01  5.1187887E+00
      1648  4.6533393E-01  5.1824390E+00
      1649  4.6766643E-01  5.2467334E+00
      1650  4.7001061E-01  5.3116747E+00
      1651  4.7236655E-01  5.3772653E+00
      1652  4.7473430E-01  5.4435078E+00
      1653  4.7711392E-01  5.5104046E+00
      1654  4.7950546E-01  5.5779577E+00
      1655  4.8190899E-01  5.6461694E+00
      1656  4.8432457E-01  5.7150417E+00
      1657  4.8675226E-01  5.7845763E+00
      1658  4.8919211E-01  5.8547750E+00
      1659  4.9164420E-01  5.9256395E+00
      1660  4.9410857E-01  5.9971709E+00
      1661  4.9658530E-01  6.0693708E+00
      1662  4.9907445E-01  6.1422401E+00
      1663  5.0157607E-01  6.2157799E+00
      1664  5.0409023E-01  6.2899908E+00
      1665  5.0661699E-01  6.3648736E+00
      1666  5.0915642E-01  6.4404287E+00
      1667  5.1170858E-01  6.5166563E+00
      1668  5.1427353E-01  6.5935564E+00
      1669  5.1685133E-01  6.6711289E+00
      1670  5.1944206E-01  6.7493735E+00
      1671  5.2204578E-01  6.8282896E+00
      1672  5.2466254E-01  6.9078764E+00
      1673  5.2729242E-01  6.9881330E+00
      1674  5.2993549E-01  7.0690582E+00
      1675  5.3259180E-01  7.1506504E+00
      1676  5.3526143E-01  7.2329079E+00
      1677  5.3794444E-01  7.3158289E+00
      1678  5.4064090E-01  7.3994111E+00
      1679  5.4335087E-01  7.4836521E+00
      1680  5.4607443E-01  7.5685490E+00
      1681  5.4881164E-01  7.6540990E+00
      1682  5.5156257E-01  7.7402986E+00
      1683  5.5432728E-01  7.8271442E+00
      1684  5.5710586E-01  7.9146321E+00
      1685  5.5989837E-01  8.0027579E+00
      1686  5.6270487E-01  8.0915172E+00
      1687  5.6552544E-01  8.1809050E+00
      1688  5.6836015E-01  8.2709162E+00
      1689  5.7120906E-01  8.3615452E+00
      1690  5.7407226E-01  8.4527863E+00
      1691  5.7694981E-01  8.5446330E+00
      1692  5.7984178E-01  8.6370788E+00
      1693  5.8274825E-01  8.7301168E+00
      1694  5.8566929E-01  8.8237395E+00
      1695  5.8860497E-01  8.9179391E+00
      1696  5.9155536E-01  9.0127076E+00
      1697  5.9452055E-01  9.1080362E+00
      1698  5.9750059E-01  9.2039160E+00
      1699  6.0049558E-01  9.3003375E+00
      1700  6.0350558E-01  9.3972908E+00
      1701  6.0653066E-01  9.4947656E+00
      1702  6.0957091E-01  9.5927511E+00
      1703  6.1262639E-01  9.6912359E+00
      1704  6.1569720E-01  9.7902084E+00
      1705  6.1878339E-01  9.8896562E+00
      1706  6.2188506E-01  9.9895665E+00
      1707  6.2500227E-01  1.0089926E+01
      1708  6.2813511E-01  1.0190721E+01
      1709  6.3128365E-01  1.0291938E+01
      1710  6.3444797E-01  1.0393560E+01
      1711  6.3762815E-01  1.0495574E+01
      1712  6.4082428E-01  1.0597962E+01
      1713  6.4403642E-01  1.0700709E+01
      1714  6.4726467E-01  1.0803796E+01
      1715  6.5050909E-01  1.0907207E+01
      1716  6.5376979E-01  1.1010923E+01
      1717  6.5704682E-01  1.1114925E+01
      1718  6.6034028E-01  1.1219193E+01
      1719  6.6365025E-01  1.1323707E+01
      1720  6.6697681E-01  1.1428446E+01
      1721  6.7032005E-01  1.1533389E+01
      1722  6.7368004E-01  1.1638513E+01
      1723  6.7705687E-01  1.1743795E+01
      1724  6.8045064E-01  1.1849211E+01
      1725  6.8386141E-01  1.1954738E+01
      1726  6.8728928E-01  1.2060351E+01
      1727  6.9073433E-01  1.2166022E+01
      1728  6.9419665E-01  1.2271726E+01
      1729  6.9767633E-01  1.2377436E+01
      1730  7.0117344E-01  1.2483123E+01
      1731  7.0468809E-01  1.2588759E+01
      1732  7.0822035E-01  1.2694314E+01
      1733  7.1177032E-01  1.2799758E+01
      1734  7.1533809E-01  1.2905058E+01
      1735  7.1892373E-01  1.3010184E+01
      1736  7.2252735E-01  1.3115103E+01
      1737  7.2614904E-01  1.3219780E+01
      1738  7.2978887E-01  1.3324182E+01
      1739  7.3344696E-01  1.3428273E+01
      1740  7.3712337E-01  1.3532016E+01
      1741  7.4081822E-01  1.3635375E+01
      1742  7.4453159E-01  1.3738311E+01
      1743  7.4826357E-01  1.3840786E+01
      1744  7.5201425E-01  1.3942760E+01
      1745  7.5578374E-01  1.4044193E+01
      1746  7.5957212E-01  1.4145042E+01
      1747  7.6337949E-01  1.4245266E+01
      1748  7.6720595E-01  1.4344821E+01
      1749  7.7105159E-01  1.4443662E+01
      1750  7.7491650E-01  1.4541745E+01
      1751  7.7880078E-01  1.4639022E+01
      1752  7.8270454E-01  1.4735448E+01
      1753  7.8662786E-01  1.4830974E+01
      1754  7.9057085E-01  1.4925551E+01
      1755  7.9453360E-01  1.5019129E+01
      1756  7.9851622E-01  1.5111658E+01
      1757  8.0251880E-01  1.5203084E+01
      1758  8.0654144E-01  1.5293356E+01
      1759  8.1058425E-01  1.5382420E+01
      1760  8.1464732E-01  1.5470221E+01
      1761  8.1873075E-01  1.5556703E+01
      1762  8.2283466E-01  1.5641810E+01
      1763  8.2695913E-01  1.5725483E+01
      1764  8.3110428E-01  1.5807666E+01
      1765  8.3527021E-01  1.5888297E+01
      1766  8.3945702E-01  1.5967317E+01
      1767  8.4366482E-01  1.6044665E+01
      1768  8.4789370E-01  1.6120277E+01
      1769  8.5214379E-01  1.6194092E+01
      1770  8.5641518E-01  1.6266044E+01
      1771  8.6070798E-01  1.6336070E+01
      1772  8.6502229E-01  1.6404102E+01
      1773  8.6935824E-01  1.6470075E+01
      1774  8.7371591E-01  1.6533920E+01
      1775  8.7809543E-01  1.6595570E+01
      1776  8.8249690E-01  1.6654955E+01
      1777  8.8692044E-01  1.6712005E+01
      1778  8.9136614E-01  1.6766649E+01
      1779  8.9583414E-01  1.6818816E+01
      1780  9.0032452E-01  1.6868434E+01
      1781  9.0483742E-01  1.6915429E+01
      1782  9.0937293E-01  1.6959727E+01
      1783  9.1393119E-01  1.7001255E+01
      1784  9.1851228E-01  1.7039936E+01
      1785  9.2311635E-01  1.7075697E+01
      1786  9.2774349E-01  1.7108459E+01
      1787  9.3239382E-01  1.7138147E+01
      1788  9.3706746E-01  1.7164684E+01
      1789  9.4176453E-01  1.7187991E+01
      1790  9.4648515E-01  1.7207990E+01
      1791  9.5122942E-01  1.7224603E+01
      1792  9.5599748E-01  1.7237752E+01
      1793  9.6078944E-01  1.7247356E+01
      1794  9.6560542E-01  1.7253336E+01
      1795  9.7044553E-01  1.7255613E+01
      1796  9.7530991E-01  1.7254108E+01
      1797  9.8019867E-01  1.7248739E+01
      1798  9.8511194E-01  1.7239427E+01
      1799  9.9004983E-01  1.7226094E+01
      1800  9.9501248E-01  1.7208657E+01
      1801  1.0000000E+00  1.7187039E+01
      1802  1.0050125E+00  1.7161160E+01
      1803  1.0100502E+00  1.7130940E+01
      1804  1.0151131E+00  1.7096301E+01
      1805  1.0202013E+00  1.7057165E+01
      1806  1.0253151E+00  1.7013453E+01
      1807  1.0304545E+00  1.6965090E+01
      1808  1.0356197E+00  1.6911997E+01
      1809  1.0408108E+00  1.6854101E+01
      1810  1.0460279E+00  1.6791325E+01
      1811  1.0512711E+00  1.6723596E+01
      1812  1.0565406E+00  1.6650841E+01
      1813  1.0618365E+00  1.6572988E+01
      1814  1.0671590E+00  1.6489967E+01
      1815  1.0725082E+00  1.6401710E+01
      1816  1.0778842E+00  1.6308147E+01
      1817  1.0832871E+00  1.6209214E+01
      1818  1.0887171E+00  1.6104846E+01
      1819  1.0941743E+00  1.5994980E+01
      1820  1.0996589E+00  1.5879556E+01
      1821  1.1051709E+00  1.5758516E+01
      1822  1.1107106E+00  1.5631802E+01
      1823  1.1162781E+00  1.5499361E+01
      1824  1.1218734E+00  1.5361143E+01
      1825  1.1274969E+00  1.5217096E+01
      1826  1.1331485E+00  1.5067175E+01
      1827  1.1388284E+00  1.4911338E+01
      1828  1.1445368E+00  1.4749543E+01
      1829  1.1502738E+00  1.4581753E+01
      1830  1.1560396E+00  1.4407935E+01
      1831  1.1618342E+00  1.4228057E+01
      1832  1.1676580E+00  1.4042094E+01
      1833  1.1735109E+00  1.3850023E+01
      1834  1.1793931E+00  1.3651824E+01
      1835  1.1853049E+00  1.3447483E+01
      1836  1.1912462E+00  1.3236990E+01
      1837  1.1972174E+00  1.3020338E+01
      1838  1.2032184E+00  1.2797527E+01
      1839  1.2092496E+00  1.2568560E+01
      1840  1.2153110E+00  1.2333445E+01
      1841  1.2214028E+00  1.2092198E+01
      1842  1.2275251E+00  1.1844837E+01
      1843  1.2336781E+00  1.1591386E+01
      1844  1.2398619E+00  1.1331879E+01
      1845  1.2460767E+00  1.1066350E+01
      1846  1.2523227E+00  1.0794843E+01
      1847  1.2586000E+00  1.0517409E+01
      1848  1.2649088E+00  1.0234102E+01
      1849  1.2712492E+00  9.9449866E+00
      1850  1.2776213E+00  9.6501327E+00
      1851  1.2840254E+00  9.3496171E+00
      1852  1.2904616E+00  9.0435261E+00
      1853  1.2969301E+00  8.7319510E+00
      1854  1.3034310E+00  8.4149925E+00
      1855  1.3099645E+00  8.0927604E+00
      1856  1.3165307E+00  7.7653699E+00
      1857  1.3231298E+00  7.4329477E+00
      1858  1.3297620E+00  7.0956286E+00
      1859  1.3364275E+00  6.7535541E+00
      1860  1.3431264E+00  6.4068782E+00
      1861  1.3498588E+00  6.0557626E+00
      1862  1.3566250E+00  5.7003776E+00
      1863  1.3634251E+00  5.3409060E+00
      1864  1.3702593E+00  4.9775384E+00
      1865  1.3771278E+00  4.6104755E+00
      1866  1.3840306E+00  4.2399309E+00
      1867  1.3909681E+00  3.8661258E+00
      1868  1.3979404E+00  3.4892935E+00
      1869  1.4049476E+00  3.1096794E+00
      1870  1.4119899E+00  2.7275374E+00
      1871  1.4190675E+00  2.3431349E+00
      1872  1.4261807E+00  1.9567505E+00
      1873  1.4333294E+00  1.5686728E+00
      1874  1.4405140E+00  1.1792042E+00
      1875  1.4477346E+00  7.8865828E-01
      1876  1.4549914E+00  3.9735939E-01
      1877  1.4622846E+00  5.6460585E-03
      1878  1.4696143E+00 -3.8613210E-01
      1879  1.4769808E+00 -7.7761364E-01
      1880  1.4843842E+00 -1.1684234E+00
      1881  1.4918247E+00 -1.5581747E+00
      1882  1.4993025E+00 -1.9464686E+00
      1883  1.5068178E+00 -2.3328927E+00
      1884  1.5143707E+00 -2.7170230E+00
      1885  1.5219616E+00 -3.0984228E+00
      1886  1.5295904E+00 -3.4766428E+00
      1887  1.5372575E+00 -3.8512214E+00
      1888  1.5449631E+00 -4.2216850E+00
      1889  1.5527072E+00 -4.5875477E+00
      1890  1.5604902E+00 -4.9483111E+00
      1891  1.5683122E+00 -5.3034662E+00
      1892  1.5761734E+00 -5.6524915E+00
      1893  1.5840740E+00 -5.9948535E+00
      1894  1.5920142E+00 -6.3300099E+00
      1895  1.5999942E+00 -6.6574054E+00
      1896  1.6080142E+00 -6.9764744E+00
      1897  1.6160744E+00 -7.2866441E+00
      1898  1.6241750E+00 -7.5873284E+00
      1899  1.6323162E+00 -7.8779338E+00
      1900  1.6404982E+00 -8.1578608E+00
      1901  1.6487213E+00 -8.4264965E+00
      1902  1.6569855E+00 -8.6832256E+00
      1903  1.6652912E+00 -8.9274265E+00
      1904  1.6736385E+00 -9.1584656E+00
      1905  1.6820276E+00 -9.3757128E+00
      1906  1.6904588E+00 -9.5785309E+00
      1907  1.6989323E+00 -9.7662739E+00
      1908  1.7074482E+00 -9.9383050E+00
      1909  1.7160069E+00 -1.0093979E+01
      1910  1.7246084E+00 -1.0232649E+01
      1911  1.7332530E+00 -1.0353683E+01
      1912  1.7419410E+00 -1.0456438E+01
      1913  1.7506725E+00 -1.0540279E+01
      1914  1.7594478E+00 -1.0604587E+01
      1915  1.7682671E+00 -1.0648730E+01
      1916  1.7771305E+00 -1.0672108E+01
      1917  1.7860384E+00 -1.0674145E+01
      1918  1.7949910E+00 -1.0654186E+01
      1919  1.8039884E+00 -1.0610886E+01
      1920  1.8130309E+00 -1.0542481E+01
      1921  1.8221188E+00 -1.0447935E+01
      1922  1.8312522E+00 -1.0330513E+01
      1923  1.8404314E+00 -1.0195067E+01
      1924  1.8496566E+00 -1.0045302E+01
      1925  1.8589280E+00 -9.8808187E+00
      1926  1.8682460E+00 -9.7003658E+00
      1927  1.8776106E+00 -9.5032538E+00
      1928  1.8870221E+00 -9.2899346E+00
      1929  1.8964809E+00 -9.0610064E+00
      1930  1.9059870E+00 -8.8169398E+00
      1931  1.9155408E+00 -8.5580432E+00
      1932  1.9251425E+00 -8.2846388E+00
      1933  1.9347923E+00 -7.9972228E+00
      1934  1.9444905E+00 -7.6964310E+00
      1935  1.9542373E+00 -7.3829373E+00
      1936  1.9640330E+00 -7.0575345E+00
      1937  1.9738777E+00 -6.7210871E+00
      1938  1.9837718E+00 -6.3745233E+00
      1939  1.9937155E+00 -6.0189556E+00
      1940  2.0037091E+00 -5.6555750E+00
      1941  2.0137527E+00 -5.2856717E+00
      1942  2.0238467E+00 -4.9107356E+00
      1943  2.0339913E+00 -4.5323305E+00
      1944  2.0441867E+00 -4.1521832E+00
      1945  2.0544332E+00 -3.7722558E+00
      1946  2.0647311E+00 -3.3945913E+00
      1947  2.0750806E+00 -3.0214192E+00
      1948  2.0854820E+00 -2.6551590E+00
      1949  2.0959355E+00 -2.2983439E+00
      1950  2.1064414E+00 -1.9539859E+00
      1951  2.1170000E+00 -1.6254349E+00
      1952  2.1276115E+00 -1.3160669E+00
      1953  2.1382762E+00 -1.0288982E+00
      1954  2.1489944E+00 -7.6685863E-01
      1955  2.1597663E+00 -5.3388569E-01
      1956  2.1705921E+00 -3.3730570E-01
      1957  2.1814723E+00 -1.8535312E-01
      1958  2.1924069E+00 -8.1711661E-02
      1959  2.2033964E+00 -2.0051008E-02
      1960  2.2144410E+00  7.4958357E-03
      1961  2.2255409E+00  1.0985718E-02
      1962  2.2366965E+00  0.0000000E+00
      1963  2.2479080E+00  0.0000000E+00
      1964  2.2591757E+00  0.0000000E+00
      1965  2.2704998E+00  0.0000000E+00
      1966  2.2818808E+00  0.0000000E+00
      1967  2.2933187E+00  0.0000000E+00
      1968  2.3048140E+00  0.0000000E+00
      1969  2.3163670E+00  0.0000000E+00
      1970  2.3279778E+00  0.0000000E+00
      1971  2.3396469E+00  0.0000000E+00
      1972  2.3513744E+00  0.0000000E+00
      1973  2.3631607E+00  0.0000000E+00
      1974  2.3750061E+00  0.0000000E+00
      1975  2.3869109E+00  0.0000000E+00
      1976  2.3988753E+00  0.0000000E+00
      1977  2.4108997E+00  0.0000000E+00
      1978  2.4229844E+00  0.0000000E+00
      1979  2.4351297E+00  0.0000000E+00
      1980  2.4473358E+00  0.0000000E+00
      1981  2.4596031E+00  0.0000000E+00
      1982  2.4719319E+00  0.0000000E+00
      1983  2.4843225E+00  0.0000000E+00
      1984  2.4967753E+00  0.0000000E+00
      1985  2.5092904E+00  0.0000000E+00
      1986  2.5218683E+00  0.0000000E+00
      1987  2.5345092E+00  0.0000000E+00
      1988  2.5472135E+00  0.0000000E+00
      1989  2.5599814E+00  0.0000000E+00
      1990  2.5728134E+00  0.0000000E+00
      1991  2.5857097E+00  0.0000000E+00
      1992  2.5986706E+00  0.0000000E+00
      1993  2.6116965E+00  0.0000000E+00
      1994  2.6247877E+00  0.0000000E+00
      1995  2.6379445E+00  0.0000000E+00
      1996  2.6511672E+00  0.0000000E+00
      1997  2.6644562E+00  0.0000000E+00
      1998  2.6778119E+00  0.0000000E+00
      1999  2.6912345E+00  0.0000000E+00
      2000  2.7047243E+00  0.0000000E+00
      2001  2.7182818E+00  0.0000000E+00
      2002  2.7319073E+00  0.0000000E+00
      2003  2.7456010E+00  0.0000000E+00
      2004  2.7593634E+00  0.0000000E+00
      2005  2.7731948E+00  0.0000000E+00
      2006  2.7870955E+00  0.0000000E+00
      2007  2.8010658E+00  0.0000000E+00
      2008  2.8151062E+00  0.0000000E+00
      2009  2.8292170E+00  0.0000000E+00
      2010  2.8433985E+00  0.0000000E+00
      2011  2.8576511E+00  0.0000000E+00
      2012  2.8719752E+00  0.0000000E+00
      2013  2.8863710E+00  0.0000000E+00
      2014  2.9008390E+00  0.0000000E+00
      2015  2.9153795E+00  0.0000000E+00
      2016  2.9299929E+00  0.0000000E+00
      2017  2.9446796E+00  0.0000000E+00
      2018  2.9594398E+00  0.0000000E+00
      2019  2.9742741E+00  0.0000000E+00
      2020  2.9891827E+00  0.0000000E+00
      2021  3.0041660E+00  0.0000000E+00
      2022  3.0192245E+00  0.0000000E+00
      2023  3.0343584E+00  0.0000000E+00
      2024  3.0495682E+00  0.0000000E+00
      2025  3.0648542E+00  0.0000000E+00
      2026  3.0802168E+00  0.0000000E+00
      2027  3.0956565E+00  0.0000000E+00
      2028  3.1111735E+00  0.0000000E+00
      2029  3.1267684E+00  0.0000000E+00
      2030  3.1424414E+00  0.0000000E+00
      2031  3.1581929E+00  0.0000000E+00
      2032  3.1740234E+00  0.0000000E+00
      2033  3.1899333E+00  0.0000000E+00
      2034  3.2059229E+00  0.0000000E+00
      2035  3.2219926E+00  0.0000000E+00
      2036  3.2381429E+00  0.0000000E+00
      2037  3.2543742E+00  0.0000000E+00
      2038  3.2706868E+00  0.0000000E+00
      2039  3.2870812E+00  0.0000000E+00
      2040  3.3035578E+00  0.0000000E+00
      2041  3.3201169E+00  0.0000000E+00
      2042  3.3367591E+00  0.0000000E+00
      2043  3.3534847E+00  0.0000000E+00
      2044  3.3702941E+00  0.0000000E+00
      2045  3.3871877E+00  0.0000000E+00
      2046  3.4041661E+00  0.0000000E+00
      2047  3.4212295E+00  0.0000000E+00
      2048  3.4383785E+00  0.0000000E+00
      2049  3.4556135E+00  0.0000000E+00
      2050  3.4729348E+00  0.0000000E+00
      2051  3.4903430E+00  0.0000000E+00
      2052  3.5078384E+00  0.0000000E+00
      2053  3.5254215E+00  0.0000000E+00
      2054  3.5430927E+00  0.0000000E+00
      2055  3.5608526E+00  0.0000000E+00
      2056  3.5787014E+00  0.0000000E+00
      2057  3.5966397E+00  0.0000000E+00
      2058  3.6146680E+00  0.0000000E+00
      2059  3.6327866E+00  0.0000000E+00
      2060  3.6509960E+00  0.0000000E+00
      2061  3.6692967E+00  0.0000000E+00
      2062  3.6876891E+00  0.0000000E+00
      2063  3.7061737E+00  0.0000000E+00
      2064  3.7247510E+00  0.0000000E+00
      2065  3.7434214E+00  0.0000000E+00
      2066  3.7621854E+00  0.0000000E+00
      2067  3.7810434E+00  0.0000000E+00
      2068  3.7999959E+00  0.0000000E+00
      2069  3.8190435E+00  0.0000000E+00
      2070  3.8381865E+00  0.0000000E+00
      2071  3.8574255E+00  0.0000000E+00
      2072  3.8767610E+00  0.0000000E+00
      2073  3.8961933E+00  0.0000000E+00
      2074  3.9157231E+00  0.0000000E+00
      2075  3.9353507E+00  0.0000000E+00
      2076  3.9550767E+00  0.0000000E+00
      2077  3.9749016E+00  0.0000000E+00
      2078  3.9948259E+00  0.0000000E+00
      2079  4.0148501E+00  0.0000000E+00
      2080  4.0349746E+00  0.0000000E+00
      2081  4.0552000E+00  0.0000000E+00
      2082  4.0755267E+00  0.0000000E+00
      2083  4.0959554E+00  0.0000000E+00
      2084  4.1164865E+00  0.0000000E+00
      2085  4.1371204E+00  0.0000000E+00
      2086  4.1578578E+00  0.0000000E+00
      2087  4.1786992E+00  0.0000000E+00
      2088  4.1996450E+00  0.0000000E+00
      2089  4.2206958E+00  0.0000000E+00
      2090  4.2418521E+00  0.0000000E+00
      2091  4.2631145E+00  0.0000000E+00
      2092  4.2844835E+00  0.0000000E+00
      2093  4.3059595E+00  0.0000000E+00
      2094  4.3275432E+00  0.0000000E+00
      2095  4.3492351E+00  0.0000000E+00
      2096  4.3710358E+00  0.0000000E+00
      2097  4.3929457E+00  0.0000000E+00
      2098  4.4149654E+00  0.0000000E+00
      2099  4.4370955E+00  0.0000000E+00
      2100  4.4593366E+00  0.0000000E+00
      2101  4.4816891E+00  0.0000000E+00
      2102  4.5041536E+00  0.0000000E+00
      2103  4.5267308E+00  0.0000000E+00
      2104  4.5494211E+00  0.0000000E+00
      2105  4.5722252E+00  0.0000000E+00
      2106  4.5951436E+00  0.0000000E+00
      2107  4.6181768E+00  0.0000000E+00
      2108  4.6413255E+00  0.0000000E+00
      2109  4.6645903E+00  0.0000000E+00
      2110  4.6879716E+00  0.0000000E+00
      2111  4.7114702E+00  0.0000000E+00
      2112  4.7350865E+00  0.0000000E+00
      2113  4.7588212E+00  0.0000000E+00
      2114  4.7826749E+00  0.0000000E+00
      2115  4.8066482E+00  0.0000000E+00
      2116  4.8307416E+00  0.0000000E+00
      2117  4.8549558E+00  0.0000000E+00
      2118  4.8792914E+00  0.0000000E+00
      2119  4.9037489E+00  0.0000000E+00
      2120  4.9283291E+00  0.0000000E+00
      2121  4.9530324E+00  0.0000000E+00
      2122  4.9778596E+00  0.0000000E+00
      2123  5.0028112E+00  0.0000000E+00
      2124  5.0278879E+00  0.0000000E+00
      2125  5.0530903E+00  0.0000000E+00
      2126  5.0784190E+00  0.0000000E+00
      2127  5.1038747E+00  0.0000000E+00
      2128  5.1294580E+00  0.0000000E+00
      2129  5.1551695E+00  0.0000000E+00
      2130  5.1810099E+00  0.0000000E+00
      2131  5.2069798E+00  0.0000000E+00
      2132  5.2330799E+00  0.0000000E+00
      2133  5.2593108E+00  0.0000000E+00
      2134  5.2856732E+00  0.0000000E+00
      2135  5.3121678E+00  0.0000000E+00
      2136  5.3387951E+00  0.0000000E+00
      2137  5.3655560E+00  0.0000000E+00
      2138  5.3924509E+00  0.0000000E+00
      2139  5.4194807E+00  0.0000000E+00
      2140  5.4466460E+00  0.0000000E+00
      2141  5.4739474E+00  0.0000000E+00
      2142  5.5013857E+00  0.0000000E+00
      2143  5.5289615E+00  0.0000000E+00
      2144  5.5566755E+00  0.0000000E+00
      2145  5.5845285E+00  0.0000000E+00
      2146  5.6125210E+00  0.0000000E+00
      2147  5.6406539E+00  0.0000000E+00
      2148  5.6689278E+00  0.0000000E+00
      2149  5.6973434E+00  0.0000000E+00
      2150  5.7259015E+00  0.0000000E+00
      2151  5.7546027E+00  0.0000000E+00
      2152  5.7834477E+00  0.0000000E+00
      2153  5.8124374E+00  0.0000000E+00
      2154  5.8415724E+00  0.0000000E+00
      2155  5.8708534E+00  0.0000000E+00
      2156  5.9002811E+00  0.0000000E+00
      2157  5.9298564E+00  0.0000000E+00
      2158  5.9595799E+00  0.0000000E+00
      2159  5.9894525E+00  0.0000000E+00
      2160  6.0194747E+00  0.0000000E+00
      2161  6.0496475E+00  0.0000000E+00
      2162  6.0799714E+00  0.0000000E+00
      2163  6.1104474E+00  0.0000000E+00
      2164  6.1410762E+00  0.0000000E+00
      2165  6.1718584E+00  0.0000000E+00
      2166  6.2027950E+00  0.0000000E+00
      2167  6.2338867E+00  0.0000000E+00
      2168  6.2651341E+00  0.0000000E+00
      2169  6.2965383E+00  0.0000000E+00
      2170  6.3280998E+00  0.0000000E+00
      2171  6.3598195E+00  0.0000000E+00
      2172  6.3916983E+00  0.0000000E+00
      2173  6.4237368E+00  0.0000000E+00
      2174  6.4559359E+00  0.0000000E+00
      2175  6.4882964E+00  0.0000000E+00
      2176  6.5208191E+00  0.0000000E+00
      2177  6.5535049E+00  0.0000000E+00
      2178  6.5863544E+00  0.0000000E+00
      2179  6.6193687E+00  0.0000000E+00
      2180  6.6525484E+00  0.0000000E+00
      2181  6.6858944E+00  0.0000000E+00
      2182  6.7194076E+00  0.0000000E+00
      2183  6.7530888E+00  0.0000000E+00
      2184  6.7869388E+00  0.0000000E+00
      2185  6.8209585E+00  0.0000000E+00
      2186  6.8551487E+00  0.0000000E+00
      2187  6.8895102E+00  0.0000000E+00
      2188  6.9240441E+00  0.0000000E+00
      2189  6.9587510E+00  0.0000000E+00
      2190  6.9936319E+00  0.0000000E+00
      2191  7.0286876E+00  0.0000000E+00
      2192  7.0639190E+00  0.0000000E+00
      2193  7.0993271E+00  0.0000000E+00
      2194  7.1349126E+00  0.0000000E+00
      2195  7.1706765E+00  0.0000000E+00
      2196  7.2066197E+00  0.0000000E+00
      2197  7.2427430E+00  0.0000000E+00
      2198  7.2790474E+00  0.0000000E+00
      2199  7.3155338E+00  0.0000000E+00
      2200  7.3522030E+00  0.0000000E+00
      2201  7.3890561E+00  0.0000000E+00
      2202  7.4260939E+00  0.0000000E+00
      2203  7.4633173E+00  0.0000000E+00
      2204  7.5007274E+00  0.0000000E+00
      2205  7.5383249E+00  0.0000000E+00
      2206  7.5761109E+00  0.0000000E+00
      2207  7.6140864E+00  0.0000000E+00
      2208  7.6522521E+00  0.0000000E+00
      2209  7.6906092E+00  0.0000000E+00
      2210  7.7291585E+00  0.0000000E+00
      2211  7.7679011E+00  0.0000000E+00
      2212  7.8068379E+00  0.0000000E+00
      2213  7.8459698E+00  0.0000000E+00
      2214  7.8852979E+00  0.0000000E+00
      2215  7.9248231E+00  0.0000000E+00
      2216  7.9645465E+00  0.0000000E+00
      2217  8.0044689E+00  0.0000000E+00
      2218  8.0445915E+00  0.0000000E+00
      2219  8.0849152E+00  0.0000000E+00
      2220  8.1254410E+00  0.0000000E+00
      2221  8.1661699E+00  0.0000000E+00
      2222  8.2071030E+00  0.0000000E+00
      2223  8.2482413E+00  0.0000000E+00
      2224  8.2895858E+00  0.0000000E+00
      2225  8.3311375E+00  0.0000000E+00
      2226  8.3728975E+00  0.0000000E+00
      2227  8.4148668E+00  0.0000000E+00
      2228  8.4570465E+00  0.0000000E+00
      2229  8.4994376E+00  0.0000000E+00
      2230  8.5420412E+00  0.0000000E+00
      2231  8.5848584E+00  0.0000000E+00
      2232  8.6278902E+00  0.0000000E+00
      2233  8.6711377E+00  0.0000000E+00
      2234  8.7146019E+00  0.0000000E+00
      2235  8.7582840E+00  0.0000000E+00
      2236  8.8021851E+00  0.0000000E+00
      2237  8.8463063E+00  0.0000000E+00
      2238  8.8906486E+00  0.0000000E+00
      2239  8.9352131E+00  0.0000000E+00
      2240  8.9800011E+00  0.0000000E+00
      2241  9.0250135E+00  0.0000000E+00
      2242  9.0702516E+00  0.0000000E+00
      2243  9.1157164E+00  0.0000000E+00
      2244  9.1614091E+00  0.0000000E+00
      2245  9.2073309E+00  0.0000000E+00
      2246  9.2534828E+00  0.0000000E+00
      2247  9.2998661E+00  0.0000000E+00
      2248  9.3464819E+00  0.0000000E+00
      2249  9.3933313E+00  0.0000000E+00
      2250  9.4404156E+00  0.0000000E+00
      2251  9.4877358E+00  0.0000000E+00
      2252  9.5352933E+00  0.0000000E+00
      2253  9.5830892E+00  0.0000000E+00
      2254  9.6311246E+00  0.0000000E+00
      2255  9.6794008E+00  0.0000000E+00
      2256  9.7279190E+00  0.0000000E+00
      2257  9.7766804E+00  0.0000000E+00
      2258  9.8256862E+00  0.0000000E+00
      2259  9.8749377E+00  0.0000000E+00
      2260  9.9244360E+00  0.0000000E+00
      2261  9.9741825E+00  0.0000000E+00
      2262  1.0024178E+01  0.0000000E+00
      2263  1.0074425E+01  0.0000000E+00
      2264  1.0124923E+01  0.0000000E+00
      2265  1.0175674E+01  0.0000000E+00
      2266  1.0226680E+01  0.0000000E+00
      2267  1.0277942E+01  0.0000000E+00
      2268  1.0329460E+01  0.0000000E+00
      2269  1.0381237E+01  0.0000000E+00
      2270  1.0433273E+01  0.0000000E+00
      2271  1.0485570E+01  0.0000000E+00
      2272  1.0538129E+01  0.0000000E+00
      2273  1.0590951E+01  0.0000000E+00
      2274  1.0644039E+01  0.0000000E+00
      2275  1.0697392E+01  0.0000000E+00
      2276  1.0751013E+01  0.0000000E+00
      2277  1.0804903E+01  0.0000000E+00
      2278  1.0859063E+01  0.0000000E+00
      2279  1.0913494E+01  0.0000000E+00
      2280  1.0968198E+01  0.0000000E+00
      2281  1.1023176E+01  0.0000000E+00
      2282  1.1078430E+01  0.0000000E+00
      2283  1.1133961E+01  0.0000000E+00
      2284  1.1189770E+01  0.0000000E+00
      2285  1.1245859E+01  0.0000000E+00
      2286  1.1302229E+01  0.0000000E+00
      2287  1.1358882E+01  0.0000000E+00
      2288  1.1415819E+01  0.0000000E+00
      2289  1.1473041E+01  0.0000000E+00
      2290  1.1530550E+01  0.0000000E+00
      2291  1.1588347E+01  0.0000000E+00
      2292  1.1646434E+01  0.0000000E+00
      2293  1.1704812E+01  0.0000000E+00
      2294  1.1763482E+01  0.0000000E+00
      2295  1.1822447E+01  0.0000000E+00
      2296  1.1881707E+01  0.0000000E+00
      2297  1.1941264E+01  0.0000000E+00
      2298  1.2001120E+01  0.0000000E+00
      2299  1.2061276E+01  0.0000000E+00
      2300  1.2121734E+01  0.0000000E+00
      2301  1.2182494E+01  0.0000000E+00
      2302  1.2243559E+01  0.0000000E+00
      2303  1.2304930E+01  0.0000000E+00
      2304  1.2366609E+01  0.0000000E+00
      2305  1.2428597E+01  0.0000000E+00
      2306  1.2490895E+01  0.0000000E+00
      2307  1.2553506E+01  0.0000000E+00
      2308  1.2616431E+01  0.0000000E+00
      2309  1.2679671E+01  0.0000000E+00
      2310  1.2743228E+01  0.0000000E+00
      2311  1.2807104E+01  0.0000000E+00
      2312  1.2871300E+01  0.0000000E+00
      2313  1.2935817E+01  0.0000000E+00
      2314  1.3000658E+01  0.0000000E+00
      2315  1.3065824E+01  0.0000000E+00
      2316  1.3131317E+01  0.0000000E+00
      2317  1.3197138E+01  0.0000000E+00
      2318  1.3263289E+01  0.0000000E+00
      2319  1.3329772E+01  0.0000000E+00
      2320  1.3396587E+01  0.0000000E+00
      2321  1.3463738E+01  0.0000000E+00
      2322  1.3531225E+01  0.0000000E+00
      2323  1.3599051E+01  0.0000000E+00
      2324  1.3667216E+01  0.0000000E+00
      2325  1.3735724E+01  0.0000000E+00
      2326  1.3804574E+01  0.0000000E+00
      2327  1.3873770E+01  0.0000000E+00
      2328  1.3943312E+01  0.0000000E+00
      2329  1.4013204E+01  0.0000000E+00
      2330  1.4083445E+01  0.0000000E+00
      2331  1.4154039E+01  0.0000000E+00
      2332  1.4224986E+01  0.0000000E+00
      2333  1.4296289E+01  0.0000000E+00
      2334  1.4367950E+01  0.0000000E+00
      2335  1.4439969E+01  0.0000000E+00
      2336  1.4512350E+01  0.0000000E+00
      2337  1.4585093E+01  0.0000000E+00
      2338  1.4658201E+01  0.0000000E+00
      2339  1.4731676E+01  0.0000000E+00
      2340  1.4805519E+01  0.0000000E+00
      2341  1.4879732E+01  0.0000000E+00
      2342  1.4954317E+01  0.0000000E+00
