 -5.0000E+00  2.1034E+00  2.1049E+00  1.1270E+00  1.1273E+00
 -4.9500E+00  2.0911E+00  2.0925E+00  1.1247E+00  1.1250E+00
 -4.9000E+00  2.0787E+00  2.0801E+00  1.1224E+00  1.1227E+00
 -4.8500E+00  2.0662E+00  2.0676E+00  1.1200E+00  1.1203E+00
 -4.8000E+00  2.0536E+00  2.0550E+00  1.1176E+00  1.1179E+00
 -4.7500E+00  2.0410E+00  2.0424E+00  1.1152E+00  1.1155E+00
 -4.7000E+00  2.0282E+00  2.0296E+00  1.1127E+00  1.1130E+00
 -4.6500E+00  2.0154E+00  2.0168E+00  1.1102E+00  1.1105E+00
 -4.6000E+00  2.0025E+00  2.0038E+00  1.1077E+00  1.1079E+00
 -4.5500E+00  1.9895E+00  1.9908E+00  1.1050E+00  1.1053E+00
 -4.5000E+00  1.9765E+00  1.9777E+00  1.1024E+00  1.1027E+00
 -4.4500E+00  1.9633E+00  1.9645E+00  1.0997E+00  1.1000E+00
 -4.4000E+00  1.9500E+00  1.9512E+00  1.0969E+00  1.0972E+00
 -4.3500E+00  1.9366E+00  1.9378E+00  1.0941E+00  1.0944E+00
 -4.3000E+00  1.9232E+00  1.9244E+00  1.0913E+00  1.0915E+00
 -4.2500E+00  1.9096E+00  1.9108E+00  1.0884E+00  1.0886E+00
 -4.2000E+00  1.8959E+00  1.8971E+00  1.0854E+00  1.0857E+00
 -4.1500E+00  1.8822E+00  1.8833E+00  1.0824E+00  1.0827E+00
 -4.1000E+00  1.8683E+00  1.8694E+00  1.0793E+00  1.0796E+00
 -4.0500E+00  1.8543E+00  1.8553E+00  1.0762E+00  1.0764E+00
 -4.0000E+00  1.8402E+00  1.8412E+00  1.0730E+00  1.0732E+00
 -3.9500E+00  1.8259E+00  1.8270E+00  1.0697E+00  1.0700E+00
 -3.9000E+00  1.8116E+00  1.8126E+00  1.0664E+00  1.0667E+00
 -3.8500E+00  1.7971E+00  1.7981E+00  1.0630E+00  1.0633E+00
 -3.8000E+00  1.7825E+00  1.7835E+00  1.0595E+00  1.0598E+00
 -3.7500E+00  1.7678E+00  1.7688E+00  1.0560E+00  1.0562E+00
 -3.7000E+00  1.7530E+00  1.7539E+00  1.0524E+00  1.0526E+00
 -3.6500E+00  1.7380E+00  1.7389E+00  1.0487E+00  1.0489E+00
 -3.6000E+00  1.7229E+00  1.7237E+00  1.0449E+00  1.0451E+00
 -3.5500E+00  1.7076E+00  1.7085E+00  1.0410E+00  1.0412E+00
 -3.5000E+00  1.6922E+00  1.6930E+00  1.0371E+00  1.0373E+00
 -3.4500E+00  1.6767E+00  1.6775E+00  1.0330E+00  1.0332E+00
 -3.4000E+00  1.6610E+00  1.6617E+00  1.0289E+00  1.0291E+00
 -3.3500E+00  1.6451E+00  1.6459E+00  1.0246E+00  1.0248E+00
 -3.3000E+00  1.6291E+00  1.6298E+00  1.0203E+00  1.0205E+00
 -3.2500E+00  1.6129E+00  1.6136E+00  1.0158E+00  1.0160E+00
 -3.2000E+00  1.5965E+00  1.5972E+00  1.0112E+00  1.0114E+00
 -3.1500E+00  1.5800E+00  1.5807E+00  1.0065E+00  1.0067E+00
 -3.1000E+00  1.5633E+00  1.5640E+00  1.0017E+00  1.0019E+00
 -3.0500E+00  1.5464E+00  1.5470E+00  9.9677E-01  9.9696E-01
 -3.0000E+00  1.5293E+00  1.5299E+00  9.9170E-01  9.9188E-01
 -2.9500E+00  1.5120E+00  1.5126E+00  9.8648E-01  9.8666E-01
 -2.9000E+00  1.4946E+00  1.4951E+00  9.8112E-01  9.8129E-01
 -2.8500E+00  1.4769E+00  1.4774E+00  9.7560E-01  9.7577E-01
 -2.8000E+00  1.4590E+00  1.4595E+00  9.6992E-01  9.7009E-01
 -2.7500E+00  1.4408E+00  1.4413E+00  9.6408E-01  9.6425E-01
 -2.7000E+00  1.4225E+00  1.4230E+00  9.5806E-01  9.5822E-01
 -2.6500E+00  1.4039E+00  1.4044E+00  9.5186E-01  9.5202E-01
 -2.6000E+00  1.3850E+00  1.3855E+00  9.4546E-01  9.4562E-01
 -2.5500E+00  1.3660E+00  1.3664E+00  9.3886E-01  9.3901E-01
 -2.5000E+00  1.3466E+00  1.3470E+00  9.3204E-01  9.3219E-01
 -2.4500E+00  1.3270E+00  1.3274E+00  9.2500E-01  9.2514E-01
 -2.4000E+00  1.3071E+00  1.3075E+00  9.1772E-01  9.1786E-01
 -2.3500E+00  1.2869E+00  1.2872E+00  9.1019E-01  9.1033E-01
 -2.3000E+00  1.2664E+00  1.2667E+00  9.0239E-01  9.0253E-01
 -2.2500E+00  1.2456E+00  1.2459E+00  8.9432E-01  8.9445E-01
 -2.2000E+00  1.2244E+00  1.2247E+00  8.8594E-01  8.8607E-01
 -2.1500E+00  1.2029E+00  1.2032E+00  8.7726E-01  8.7738E-01
 -2.1000E+00  1.1811E+00  1.1814E+00  8.6824E-01  8.6836E-01
 -2.0500E+00  1.1589E+00  1.1592E+00  8.5887E-01  8.5898E-01
 -2.0000E+00  1.1363E+00  1.1366E+00  8.4912E-01  8.4923E-01
 -1.9500E+00  1.1133E+00  1.1136E+00  8.3898E-01  8.3909E-01
 -1.9000E+00  1.0900E+00  1.0902E+00  8.2841E-01  8.2851E-01
 -1.8500E+00  1.0661E+00  1.0663E+00  8.1739E-01  8.1749E-01
 -1.8000E+00  1.0419E+00  1.0420E+00  8.0589E-01  8.0599E-01
 -1.7500E+00  1.0171E+00  1.0173E+00  7.9388E-01  7.9397E-01
 -1.7000E+00  9.9186E-01  9.9203E-01  7.8131E-01  7.8140E-01
 -1.6500E+00  9.6610E-01  9.6625E-01  7.6816E-01  7.6824E-01
 -1.6000E+00  9.3980E-01  9.3994E-01  7.5437E-01  7.5445E-01
 -1.5500E+00  9.1293E-01  9.1305E-01  7.3991E-01  7.3998E-01
 -1.5000E+00  8.8546E-01  8.8557E-01  7.2472E-01  7.2479E-01
 -1.4500E+00  8.5736E-01  8.5746E-01  7.0875E-01  7.0881E-01
 -1.4000E+00  8.2860E-01  8.2869E-01  6.9194E-01  6.9199E-01
 -1.3500E+00  7.9915E-01  7.9923E-01  6.7422E-01  6.7427E-01
 -1.3000E+00  7.6896E-01  7.6903E-01  6.5552E-01  6.5557E-01
 -1.2500E+00  7.3800E-01  7.3806E-01  6.3577E-01  6.3581E-01
 -1.2000E+00  7.0622E-01  7.0627E-01  6.1489E-01  6.1492E-01
 -1.1500E+00  6.7357E-01  6.7362E-01  5.9277E-01  5.9280E-01
 -1.1000E+00  6.4001E-01  6.4004E-01  5.6932E-01  5.6934E-01
 -1.0500E+00  6.0547E-01  6.0550E-01  5.4443E-01  5.4445E-01
 -1.0000E+00  5.6990E-01  5.6993E-01  5.1800E-01  5.1801E-01
 -9.5000E-01  5.3324E-01  5.3325E-01  4.8988E-01  4.8989E-01
 -9.0000E-01  4.9540E-01  4.9540E-01  4.5996E-01  4.5996E-01
 -8.5000E-01  4.5631E-01  4.5631E-01  4.2809E-01  4.2809E-01
 -8.0000E-01  4.1588E-01  4.1588E-01  3.9412E-01  3.9412E-01
 -7.5000E-01  3.7403E-01  3.7402E-01  3.5792E-01  3.5791E-01
 -7.0000E-01  3.3064E-01  3.3063E-01  3.1933E-01  3.1931E-01
 -6.5000E-01  2.8561E-01  2.8559E-01  2.7820E-01  2.7818E-01
 -6.0000E-01  2.3880E-01  2.3877E-01  2.3441E-01  2.3439E-01
 -5.5000E-01  1.9008E-01  1.9005E-01  1.8784E-01  1.8781E-01
 -5.0000E-01  1.3929E-01  1.3925E-01  1.3840E-01  1.3836E-01
 -4.5000E-01  8.6256E-02  8.6220E-02  8.6043E-02  8.6007E-02
 -4.0000E-01  3.0790E-02  3.0751E-02  3.0780E-02  3.0741E-02
 -3.5000E-01 -2.7326E-02 -2.7368E-02 -2.7319E-02 -2.7361E-02
 -3.0000E-01 -8.8336E-02 -8.8381E-02 -8.8107E-02 -8.8152E-02
 -2.5000E-01 -1.5251E-01 -1.5256E-01 -1.5135E-01 -1.5139E-01
 -2.0000E-01 -2.2017E-01 -2.2022E-01 -2.1671E-01 -2.1676E-01
 -1.5000E-01 -2.9166E-01 -2.9172E-01 -2.8379E-01 -2.8384E-01
 -1.0000E-01 -3.6739E-01 -3.6745E-01 -3.5208E-01 -3.5213E-01
 -5.0000E-02 -4.4782E-01 -4.4788E-01 -4.2104E-01 -4.2109E-01
  0.0000E+00 -5.3348E-01 -5.3355E-01 -4.9007E-01 -4.9012E-01
  5.0000E-02 -6.2501E-01 -6.2507E-01 -5.5860E-01 -5.5865E-01
  1.0000E-01 -7.2311E-01 -7.2318E-01 -6.2607E-01 -6.2611E-01
  1.5000E-01 -8.2864E-01 -8.2871E-01 -6.9196E-01 -6.9201E-01
  2.0000E-01 -9.4261E-01 -9.4269E-01 -7.5586E-01 -7.5590E-01
  2.5000E-01 -1.0662E+00 -1.0663E+00 -8.1743E-01 -8.1747E-01
  3.0000E-01 -1.2009E+00 -1.2009E+00 -8.7641E-01 -8.7644E-01
  3.5000E-01 -1.3483E+00 -1.3484E+00 -9.3265E-01 -9.3268E-01
  4.0000E-01 -1.5107E+00 -1.5108E+00 -9.8606E-01 -9.8609E-01
  4.5000E-01 -1.6906E+00 -1.6907E+00 -1.0366E+00 -1.0367E+00
  5.0000E-01 -1.8912E+00 -1.8913E+00 -1.0844E+00 -1.0844E+00
  5.5000E-01 -2.1169E+00 -2.1170E+00 -1.1295E+00 -1.1295E+00
  6.0000E-01 -2.3727E+00 -2.3728E+00 -1.1719E+00 -1.1719E+00
  6.5000E-01 -2.6658E+00 -2.6659E+00 -1.2119E+00 -1.2119E+00
  7.0000E-01 -3.0054E+00 -3.0054E+00 -1.2496E+00 -1.2496E+00
  7.5000E-01 -3.4040E+00 -3.4040E+00 -1.2851E+00 -1.2851E+00
  8.0000E-01 -3.8794E+00 -3.8793E+00 -1.3185E+00 -1.3185E+00
  8.5000E-01 -4.4571E+00 -4.4567E+00 -1.3501E+00 -1.3501E+00
  9.0000E-01 -5.1752E+00 -5.1745E+00 -1.3799E+00 -1.3799E+00
  9.5000E-01 -6.0938E+00 -6.0925E+00 -1.4081E+00 -1.4081E+00
  1.0000E+00 -7.3125E+00 -7.3101E+00 -1.4349E+00 -1.4348E+00
  1.0500E+00 -9.0107E+00 -9.0062E+00 -1.4603E+00 -1.4602E+00
  1.1000E+00 -1.1546E+01 -1.1537E+01 -1.4844E+00 -1.4843E+00
  1.1500E+00 -1.5748E+01 -1.5728E+01 -1.5074E+00 -1.5073E+00
  1.2000E+00 -2.4088E+01 -2.4035E+01 -1.5293E+00 -1.5292E+00
  1.2500E+00 -4.8695E+01 -4.8445E+01 -1.5503E+00 -1.5502E+00
  1.3000E+00 -2.1597E+03 -1.7092E+03 -1.5703E+00 -1.5702E+00
  1.3500E+00  5.3203E+01  5.3601E+01 -1.5896E+00 -1.5895E+00
  1.4000E+00  2.6794E+01  2.6908E+01 -1.6081E+00 -1.6079E+00
  1.4500E+00  1.8120E+01  1.8179E+01 -1.6259E+00 -1.6257E+00
  1.5000E+00  1.3800E+01  1.3839E+01 -1.6431E+00 -1.6429E+00
  1.5500E+00  1.1210E+01  1.1239E+01 -1.6598E+00 -1.6595E+00
  1.6000E+00  9.4818E+00  9.5048E+00 -1.6759E+00 -1.6756E+00
  1.6500E+00  8.2441E+00  8.2635E+00 -1.6915E+00 -1.6912E+00
  1.7000E+00  7.3126E+00  7.3297E+00 -1.7067E+00 -1.7064E+00
  1.7500E+00  6.5850E+00  6.6003E+00 -1.7215E+00 -1.7212E+00
  1.8000E+00  5.9998E+00  6.0140E+00 -1.7359E+00 -1.7356E+00
  1.8500E+00  5.5182E+00  5.5315E+00 -1.7501E+00 -1.7496E+00
  1.9000E+00  5.1142E+00  5.1268E+00 -1.7639E+00 -1.7634E+00
  1.9500E+00  4.7697E+00  4.7818E+00 -1.7775E+00 -1.7770E+00
  2.0000E+00  4.4721E+00  4.4838E+00 -1.7908E+00 -1.7902E+00
  2.0500E+00  4.2118E+00  4.2232E+00 -1.8039E+00 -1.8033E+00
  2.1000E+00  3.9818E+00  3.9931E+00 -1.8168E+00 -1.8162E+00
  2.1500E+00  3.7769E+00  3.7880E+00 -1.8296E+00 -1.8289E+00
  2.2000E+00  3.5926E+00  3.6037E+00 -1.8423E+00 -1.8415E+00
  2.2500E+00  3.4259E+00  3.4369E+00 -1.8548E+00 -1.8539E+00
  2.3000E+00  3.2740E+00  3.2850E+00 -1.8672E+00 -1.8663E+00
  2.3500E+00  3.1347E+00  3.1458E+00 -1.8796E+00 -1.8786E+00
  2.4000E+00  3.0064E+00  3.0175E+00 -1.8919E+00 -1.8908E+00
  2.4500E+00  2.8876E+00  2.8988E+00 -1.9042E+00 -1.9030E+00
  2.5000E+00  2.7770E+00  2.7883E+00 -1.9164E+00 -1.9151E+00
  2.5500E+00  2.6737E+00  2.6852E+00 -1.9287E+00 -1.9273E+00
  2.6000E+00  2.5768E+00  2.5885E+00 -1.9410E+00 -1.9395E+00
  2.6500E+00  2.4856E+00  2.4974E+00 -1.9533E+00 -1.9517E+00
  2.7000E+00  2.3994E+00  2.4115E+00 -1.9657E+00 -1.9639E+00
  2.7500E+00  2.3177E+00  2.3300E+00 -1.9781E+00 -1.9762E+00
  2.8000E+00  2.2401E+00  2.2527E+00 -1.9907E+00 -1.9886E+00
  2.8500E+00  2.1661E+00  2.1789E+00 -2.0033E+00 -2.0011E+00
  2.9000E+00  2.0954E+00  2.1085E+00 -2.0161E+00 -2.0136E+00
  2.9500E+00  2.0276E+00  2.0410E+00 -2.0290E+00 -2.0264E+00
  3.0000E+00  1.9625E+00  1.9763E+00 -2.0420E+00 -2.0392E+00
  3.0500E+00  1.8999E+00  1.9139E+00 -2.0553E+00 -2.0523E+00
  3.1000E+00  1.8394E+00  1.8539E+00 -2.0687E+00 -2.0655E+00
  3.1500E+00  1.7810E+00  1.7958E+00 -2.0824E+00 -2.0789E+00
  3.2000E+00  1.7244E+00  1.7396E+00 -2.0963E+00 -2.0925E+00
  3.2500E+00  1.6695E+00  1.6851E+00 -2.1105E+00 -2.1064E+00
  3.3000E+00  1.6161E+00  1.6321E+00 -2.1249E+00 -2.1205E+00
  3.3500E+00  1.5642E+00  1.5806E+00 -2.1396E+00 -2.1349E+00
  3.4000E+00  1.5135E+00  1.5304E+00 -2.1547E+00 -2.1496E+00
  3.4500E+00  1.4640E+00  1.4814E+00 -2.1701E+00 -2.1646E+00
  3.5000E+00  1.4156E+00  1.4335E+00 -2.1858E+00 -2.1799E+00
  3.5500E+00  1.3682E+00  1.3866E+00 -2.2020E+00 -2.1956E+00
  3.6000E+00  1.3217E+00  1.3406E+00 -2.2185E+00 -2.2117E+00
  3.6500E+00  1.2760E+00  1.2955E+00 -2.2355E+00 -2.2282E+00
  3.7000E+00  1.2311E+00  1.2512E+00 -2.2530E+00 -2.2451E+00
  3.7500E+00  1.1869E+00  1.2076E+00 -2.2709E+00 -2.2624E+00
  3.8000E+00  1.1433E+00  1.1646E+00 -2.2894E+00 -2.2803E+00
  3.8500E+00  1.1004E+00  1.1223E+00 -2.3085E+00 -2.2986E+00
  3.9000E+00  1.0579E+00  1.0805E+00 -2.3281E+00 -2.3175E+00
  3.9500E+00  1.0160E+00  1.0393E+00 -2.3483E+00 -2.3369E+00
  4.0000E+00  9.7445E-01  9.9850E-01 -2.3691E+00 -2.3569E+00
  4.0500E+00  9.3333E-01  9.5813E-01 -2.3907E+00 -2.3776E+00
  4.1000E+00  8.9257E-01  9.1814E-01 -2.4129E+00 -2.3988E+00
  4.1500E+00  8.5213E-01  8.7851E-01 -2.4359E+00 -2.4208E+00
  4.2000E+00  8.1197E-01  8.3918E-01 -2.4596E+00 -2.4434E+00
  4.2500E+00  7.7205E-01  8.0013E-01 -2.4841E+00 -2.4668E+00
  4.3000E+00  7.3236E-01  7.6133E-01 -2.5095E+00 -2.4909E+00
  4.3500E+00  6.9285E-01  7.2275E-01 -2.5357E+00 -2.5158E+00
  4.4000E+00  6.5349E-01  6.8436E-01 -2.5628E+00 -2.5414E+00
  4.4500E+00  6.1426E-01  6.4613E-01 -2.5908E+00 -2.5679E+00
  4.5000E+00  5.7513E-01  6.0803E-01 -2.6197E+00 -2.5953E+00
  4.5500E+00  5.3608E-01  5.7005E-01 -2.6495E+00 -2.6235E+00
  4.6000E+00  4.9707E-01  5.3215E-01 -2.6803E+00 -2.6526E+00
  4.6500E+00  4.5809E-01  4.9432E-01 -2.7120E+00 -2.6825E+00
  4.7000E+00  4.1910E-01  4.5652E-01 -2.7447E+00 -2.7133E+00
  4.7500E+00  3.8010E-01  4.1875E-01 -2.7784E+00 -2.7450E+00
  4.8000E+00  3.4104E-01  3.8098E-01 -2.8129E+00 -2.7776E+00
  4.8500E+00  3.0192E-01  3.4318E-01 -2.8484E+00 -2.8110E+00
  4.9000E+00  2.6271E-01  3.0535E-01 -2.8847E+00 -2.8452E+00
  4.9500E+00  2.2338E-01  2.6745E-01 -2.9218E+00 -2.8803E+00
