 -5.0000E+00  2.4512E+00  2.4486E+00  1.1834E+00  1.1831E+00
 -4.9500E+00  2.4411E+00  2.4385E+00  1.1820E+00  1.1816E+00
 -4.9000E+00  2.4309E+00  2.4283E+00  1.1805E+00  1.1801E+00
 -4.8500E+00  2.4207E+00  2.4181E+00  1.1790E+00  1.1787E+00
 -4.8000E+00  2.4105E+00  2.4078E+00  1.1776E+00  1.1772E+00
 -4.7500E+00  2.4002E+00  2.3975E+00  1.1760E+00  1.1756E+00
 -4.7000E+00  2.3899E+00  2.3872E+00  1.1745E+00  1.1741E+00
 -4.6500E+00  2.3796E+00  2.3768E+00  1.1730E+00  1.1725E+00
 -4.6000E+00  2.3691E+00  2.3664E+00  1.1714E+00  1.1710E+00
 -4.5500E+00  2.3587E+00  2.3559E+00  1.1698E+00  1.1694E+00
 -4.5000E+00  2.3482E+00  2.3454E+00  1.1682E+00  1.1678E+00
 -4.4500E+00  2.3377E+00  2.3348E+00  1.1666E+00  1.1661E+00
 -4.4000E+00  2.3271E+00  2.3242E+00  1.1649E+00  1.1645E+00
 -4.3500E+00  2.3165E+00  2.3136E+00  1.1633E+00  1.1628E+00
 -4.3000E+00  2.3058E+00  2.3029E+00  1.1616E+00  1.1611E+00
 -4.2500E+00  2.2951E+00  2.2921E+00  1.1599E+00  1.1594E+00
 -4.2000E+00  2.2843E+00  2.2813E+00  1.1582E+00  1.1577E+00
 -4.1500E+00  2.2735E+00  2.2705E+00  1.1564E+00  1.1559E+00
 -4.1000E+00  2.2626E+00  2.2596E+00  1.1546E+00  1.1541E+00
 -4.0500E+00  2.2517E+00  2.2486E+00  1.1529E+00  1.1523E+00
 -4.0000E+00  2.2407E+00  2.2376E+00  1.1510E+00  1.1505E+00
 -3.9500E+00  2.2297E+00  2.2266E+00  1.1492E+00  1.1487E+00
 -3.9000E+00  2.2187E+00  2.2155E+00  1.1473E+00  1.1468E+00
 -3.8500E+00  2.2075E+00  2.2043E+00  1.1455E+00  1.1449E+00
 -3.8000E+00  2.1964E+00  2.1931E+00  1.1435E+00  1.1430E+00
 -3.7500E+00  2.1851E+00  2.1819E+00  1.1416E+00  1.1410E+00
 -3.7000E+00  2.1738E+00  2.1706E+00  1.1396E+00  1.1391E+00
 -3.6500E+00  2.1625E+00  2.1592E+00  1.1377E+00  1.1371E+00
 -3.6000E+00  2.1511E+00  2.1478E+00  1.1356E+00  1.1350E+00
 -3.5500E+00  2.1397E+00  2.1363E+00  1.1336E+00  1.1330E+00
 -3.5000E+00  2.1282E+00  2.1248E+00  1.1315E+00  1.1309E+00
 -3.4500E+00  2.1166E+00  2.1132E+00  1.1294E+00  1.1288E+00
 -3.4000E+00  2.1050E+00  2.1015E+00  1.1273E+00  1.1267E+00
 -3.3500E+00  2.0933E+00  2.0898E+00  1.1251E+00  1.1245E+00
 -3.3000E+00  2.0815E+00  2.0780E+00  1.1229E+00  1.1223E+00
 -3.2500E+00  2.0697E+00  2.0662E+00  1.1207E+00  1.1200E+00
 -3.2000E+00  2.0578E+00  2.0543E+00  1.1185E+00  1.1178E+00
 -3.1500E+00  2.0459E+00  2.0423E+00  1.1162E+00  1.1155E+00
 -3.1000E+00  2.0339E+00  2.0303E+00  1.1138E+00  1.1131E+00
 -3.0500E+00  2.0218E+00  2.0182E+00  1.1115E+00  1.1108E+00
 -3.0000E+00  2.0097E+00  2.0060E+00  1.1091E+00  1.1084E+00
 -2.9500E+00  1.9975E+00  1.9938E+00  1.1066E+00  1.1059E+00
 -2.9000E+00  1.9852E+00  1.9815E+00  1.1042E+00  1.1034E+00
 -2.8500E+00  1.9729E+00  1.9691E+00  1.1017E+00  1.1009E+00
 -2.8000E+00  1.9604E+00  1.9567E+00  1.0991E+00  1.0983E+00
 -2.7500E+00  1.9479E+00  1.9442E+00  1.0965E+00  1.0957E+00
 -2.7000E+00  1.9354E+00  1.9316E+00  1.0939E+00  1.0931E+00
 -2.6500E+00  1.9227E+00  1.9190E+00  1.0912E+00  1.0904E+00
 -2.6000E+00  1.9100E+00  1.9062E+00  1.0885E+00  1.0877E+00
 -2.5500E+00  1.8972E+00  1.8934E+00  1.0857E+00  1.0849E+00
 -2.5000E+00  1.8844E+00  1.8805E+00  1.0829E+00  1.0821E+00
 -2.4500E+00  1.8714E+00  1.8676E+00  1.0800E+00  1.0792E+00
 -2.4000E+00  1.8584E+00  1.8545E+00  1.0771E+00  1.0763E+00
 -2.3500E+00  1.8453E+00  1.8414E+00  1.0742E+00  1.0733E+00
 -2.3000E+00  1.8321E+00  1.8282E+00  1.0712E+00  1.0703E+00
 -2.2500E+00  1.8188E+00  1.8149E+00  1.0681E+00  1.0672E+00
 -2.2000E+00  1.8054E+00  1.8015E+00  1.0650E+00  1.0640E+00
 -2.1500E+00  1.7919E+00  1.7880E+00  1.0618E+00  1.0609E+00
 -2.1000E+00  1.7784E+00  1.7744E+00  1.0586E+00  1.0576E+00
 -2.0500E+00  1.7647E+00  1.7608E+00  1.0553E+00  1.0543E+00
 -2.0000E+00  1.7510E+00  1.7471E+00  1.0519E+00  1.0509E+00
 -1.9500E+00  1.7372E+00  1.7332E+00  1.0485E+00  1.0475E+00
 -1.9000E+00  1.7232E+00  1.7193E+00  1.0450E+00  1.0440E+00
 -1.8500E+00  1.7092E+00  1.7052E+00  1.0414E+00  1.0404E+00
 -1.8000E+00  1.6951E+00  1.6911E+00  1.0378E+00  1.0368E+00
 -1.7500E+00  1.6808E+00  1.6769E+00  1.0341E+00  1.0331E+00
 -1.7000E+00  1.6665E+00  1.6625E+00  1.0303E+00  1.0293E+00
 -1.6500E+00  1.6520E+00  1.6481E+00  1.0265E+00  1.0254E+00
 -1.6000E+00  1.6375E+00  1.6336E+00  1.0225E+00  1.0215E+00
 -1.5500E+00  1.6228E+00  1.6189E+00  1.0185E+00  1.0175E+00
 -1.5000E+00  1.6080E+00  1.6041E+00  1.0144E+00  1.0134E+00
 -1.4500E+00  1.5931E+00  1.5892E+00  1.0102E+00  1.0092E+00
 -1.4000E+00  1.5780E+00  1.5742E+00  1.0060E+00  1.0049E+00
 -1.3500E+00  1.5629E+00  1.5591E+00  1.0016E+00  1.0005E+00
 -1.3000E+00  1.5476E+00  1.5439E+00  9.9713E-01  9.9603E-01
 -1.2500E+00  1.5322E+00  1.5285E+00  9.9256E-01  9.9145E-01
 -1.2000E+00  1.5167E+00  1.5130E+00  9.8789E-01  9.8678E-01
 -1.1500E+00  1.5010E+00  1.4974E+00  9.8310E-01  9.8200E-01
 -1.1000E+00  1.4852E+00  1.4817E+00  9.7821E-01  9.7710E-01
 -1.0500E+00  1.4693E+00  1.4658E+00  9.7320E-01  9.7210E-01
 -1.0000E+00  1.4532E+00  1.4498E+00  9.6807E-01  9.6697E-01
 -9.5000E-01  1.4369E+00  1.4336E+00  9.6281E-01  9.6172E-01
 -9.0000E-01  1.4206E+00  1.4173E+00  9.5742E-01  9.5634E-01
 -8.5000E-01  1.4040E+00  1.4009E+00  9.5190E-01  9.5084E-01
 -8.0000E-01  1.3873E+00  1.3843E+00  9.4624E-01  9.4519E-01
 -7.5000E-01  1.3705E+00  1.3675E+00  9.4043E-01  9.3940E-01
 -7.0000E-01  1.3534E+00  1.3506E+00  9.3446E-01  9.3346E-01
 -6.5000E-01  1.3362E+00  1.3335E+00  9.2834E-01  9.2736E-01
 -6.0000E-01  1.3189E+00  1.3163E+00  9.2206E-01  9.2111E-01
 -5.5000E-01  1.3013E+00  1.2989E+00  9.1560E-01  9.1469E-01
 -5.0000E-01  1.2836E+00  1.2813E+00  9.0896E-01  9.0809E-01
 -4.5000E-01  1.2657E+00  1.2636E+00  9.0214E-01  9.0132E-01
 -4.0000E-01  1.2476E+00  1.2456E+00  8.9511E-01  8.9435E-01
 -3.5000E-01  1.2293E+00  1.2275E+00  8.8789E-01  8.8719E-01
 -3.0000E-01  1.2108E+00  1.2092E+00  8.8045E-01  8.7982E-01
 -2.5000E-01  1.1921E+00  1.1907E+00  8.7279E-01  8.7223E-01
 -2.0000E-01  1.1731E+00  1.1720E+00  8.6489E-01  8.6443E-01
 -1.5000E-01  1.1540E+00  1.1531E+00  8.5675E-01  8.5639E-01
 -1.0000E-01  1.1346E+00  1.1340E+00  8.4836E-01  8.4810E-01
 -5.0000E-02  1.1150E+00  1.1147E+00  8.3970E-01  8.3957E-01
  0.0000E+00  1.0951E+00  1.0951E+00  8.3075E-01  8.3076E-01
  5.0000E-02  1.0750E+00  1.0753E+00  8.2151E-01  8.2167E-01
  1.0000E-01  1.0546E+00  1.0553E+00  8.1197E-01  8.1230E-01
  1.5000E-01  1.0340E+00  1.0350E+00  8.0210E-01  8.0261E-01
  2.0000E-01  1.0131E+00  1.0145E+00  7.9188E-01  7.9261E-01
  2.5000E-01  9.9186E-01  9.9377E-01  7.8131E-01  7.8227E-01
  3.0000E-01  9.7037E-01  9.7274E-01  7.7036E-01  7.7158E-01
  3.5000E-01  9.4858E-01  9.5144E-01  7.5902E-01  7.6052E-01
  4.0000E-01  9.2648E-01  9.2986E-01  7.4725E-01  7.4907E-01
  4.5000E-01  9.0405E-01  9.0800E-01  7.3505E-01  7.3722E-01
  5.0000E-01  8.8129E-01  8.8584E-01  7.2238E-01  7.2494E-01
  5.5000E-01  8.5818E-01  8.6337E-01  7.0923E-01  7.1221E-01
  6.0000E-01  8.3472E-01  8.4059E-01  6.9556E-01  6.9901E-01
  6.5000E-01  8.1088E-01  8.1748E-01  6.8134E-01  6.8531E-01
  7.0000E-01  7.8666E-01  7.9404E-01  6.6655E-01  6.7110E-01
  7.5000E-01  7.6203E-01  7.7025E-01  6.5116E-01  6.5634E-01
  8.0000E-01  7.3699E-01  7.4610E-01  6.3512E-01  6.4100E-01
  8.5000E-01  7.1151E-01  7.2158E-01  6.1841E-01  6.2506E-01
  9.0000E-01  6.8559E-01  6.9668E-01  6.0099E-01  6.0849E-01
  9.5000E-01  6.5920E-01  6.7138E-01  5.8281E-01  5.9126E-01
  1.0000E+00  6.3232E-01  6.4567E-01  5.6385E-01  5.7332E-01
  1.0500E+00  6.0493E-01  6.1953E-01  5.4404E-01  5.5465E-01
  1.1000E+00  5.7702E-01  5.9295E-01  5.2335E-01  5.3522E-01
  1.1500E+00  5.4855E-01  5.6591E-01  5.0173E-01  5.1498E-01
  1.2000E+00  5.1950E-01  5.3840E-01  4.7913E-01  4.9389E-01
  1.2500E+00  4.8985E-01  5.1039E-01  4.5550E-01  4.7193E-01
  1.3000E+00  4.5957E-01  4.8187E-01  4.3079E-01  4.4904E-01
  1.3500E+00  4.2863E-01  4.5282E-01  4.0494E-01  4.2520E-01
  1.4000E+00  3.9700E-01  4.2322E-01  3.7792E-01  4.0036E-01
  1.4500E+00  3.6464E-01  3.9304E-01  3.4966E-01  3.7449E-01
  1.5000E+00  3.3152E-01  3.6226E-01  3.2012E-01  3.4755E-01
  1.5500E+00  2.9761E-01  3.3085E-01  2.8926E-01  3.1951E-01
  1.6000E+00  2.6285E-01  2.9879E-01  2.5703E-01  2.9035E-01
  1.6500E+00  2.2720E-01  2.6605E-01  2.2341E-01  2.6003E-01
  1.7000E+00  1.9062E-01  2.3260E-01  1.8836E-01  2.2854E-01
  1.7500E+00  1.5306E-01  1.9841E-01  1.5188E-01  1.9587E-01
  1.8000E+00  1.1446E-01  1.6344E-01  1.1396E-01  1.6201E-01
  1.8500E+00  7.4757E-02  1.2766E-01  7.4618E-02  1.2698E-01
  1.9000E+00  3.3891E-02  9.1034E-02  3.3878E-02  9.0784E-02
  1.9500E+00 -8.2091E-03  5.3512E-02 -8.2089E-03  5.3461E-02
  2.0000E+00 -5.1619E-02  1.5055E-02 -5.1573E-02  1.5054E-02
  2.0500E+00 -9.6421E-02 -2.4384E-02 -9.6124E-02 -2.4379E-02
  2.1000E+00 -1.4270E-01 -6.4855E-02 -1.4175E-01 -6.4764E-02
  2.1500E+00 -1.9057E-01 -1.0641E-01 -1.8831E-01 -1.0601E-01
  2.2000E+00 -2.4012E-01 -1.4911E-01 -2.3566E-01 -1.4802E-01
  2.2500E+00 -2.9147E-01 -1.9302E-01 -2.8361E-01 -1.9067E-01
  2.3000E+00 -3.4476E-01 -2.3819E-01 -3.3200E-01 -2.3383E-01
  2.3500E+00 -4.0012E-01 -2.8471E-01 -3.8061E-01 -2.7737E-01
  2.4000E+00 -4.5771E-01 -3.3265E-01 -4.2925E-01 -3.2113E-01
  2.4500E+00 -5.1770E-01 -3.8209E-01 -4.7771E-01 -3.6497E-01
  2.5000E+00 -5.8028E-01 -4.3312E-01 -5.2580E-01 -4.0873E-01
  2.5500E+00 -6.4567E-01 -4.8584E-01 -5.7333E-01 -4.5226E-01
  2.6000E+00 -7.1410E-01 -5.4036E-01 -6.2013E-01 -4.9541E-01
  2.6500E+00 -7.8584E-01 -5.9679E-01 -6.6605E-01 -5.3806E-01
  2.7000E+00 -8.6118E-01 -6.5526E-01 -7.1095E-01 -5.8007E-01
  2.7500E+00 -9.4046E-01 -7.1590E-01 -7.5472E-01 -6.2132E-01
  2.8000E+00 -1.0240E+00 -7.7887E-01 -7.9728E-01 -6.6172E-01
  2.8500E+00 -1.1124E+00 -8.4431E-01 -8.3855E-01 -7.0118E-01
  2.9000E+00 -1.2059E+00 -9.1243E-01 -8.7848E-01 -7.3964E-01
  2.9500E+00 -1.3053E+00 -9.8341E-01 -9.1706E-01 -7.7703E-01
  3.0000E+00 -1.4111E+00 -1.0575E+00 -9.5426E-01 -8.1332E-01
  3.0500E+00 -1.5240E+00 -1.1349E+00 -9.9009E-01 -8.4848E-01
  3.1000E+00 -1.6449E+00 -1.2158E+00 -1.0246E+00 -8.8249E-01
  3.1500E+00 -1.7749E+00 -1.3007E+00 -1.0577E+00 -9.1535E-01
  3.2000E+00 -1.9151E+00 -1.3898E+00 -1.0896E+00 -9.4707E-01
  3.2500E+00 -2.0669E+00 -1.4834E+00 -1.1202E+00 -9.7765E-01
  3.3000E+00 -2.2319E+00 -1.5821E+00 -1.1496E+00 -1.0071E+00
  3.3500E+00 -2.4122E+00 -1.6862E+00 -1.1778E+00 -1.0355E+00
  3.4000E+00 -2.6102E+00 -1.7964E+00 -1.2049E+00 -1.0628E+00
  3.4500E+00 -2.8289E+00 -1.9131E+00 -1.2310E+00 -1.0891E+00
  3.5000E+00 -3.0719E+00 -2.0371E+00 -1.2561E+00 -1.1145E+00
  3.5500E+00 -3.3438E+00 -2.1692E+00 -1.2802E+00 -1.1388E+00
  3.6000E+00 -3.6505E+00 -2.3103E+00 -1.3034E+00 -1.1623E+00
  3.6500E+00 -3.9995E+00 -2.4613E+00 -1.3258E+00 -1.1849E+00
  3.7000E+00 -4.4008E+00 -2.6235E+00 -1.3474E+00 -1.2066E+00
  3.7500E+00 -4.8677E+00 -2.7984E+00 -1.3682E+00 -1.2276E+00
  3.8000E+00 -5.4184E+00 -2.9874E+00 -1.3883E+00 -1.2478E+00
  3.8500E+00 -6.0784E+00 -3.1927E+00 -1.4077E+00 -1.2673E+00
  3.9000E+00 -6.8853E+00 -3.4166E+00 -1.4266E+00 -1.2861E+00
  3.9500E+00 -7.8955E+00 -3.6617E+00 -1.4448E+00 -1.3042E+00
  4.0000E+00 -9.1990E+00 -3.9317E+00 -1.4625E+00 -1.3217E+00
  4.0500E+00 -1.0948E+01 -4.2305E+00 -1.4797E+00 -1.3387E+00
  4.1000E+00 -1.3422E+01 -4.5633E+00 -1.4964E+00 -1.3551E+00
  4.1500E+00 -1.7195E+01 -4.9367E+00 -1.5127E+00 -1.3709E+00
  4.2000E+00 -2.3671E+01 -5.3588E+00 -1.5286E+00 -1.3863E+00
  4.2500E+00 -3.7402E+01 -5.8402E+00 -1.5441E+00 -1.4012E+00
  4.3000E+00 -8.6268E+01 -6.3948E+00 -1.5592E+00 -1.4157E+00
  4.3500E+00  3.1020E+02 -7.0411E+00 -1.5740E+00 -1.4297E+00
  4.4000E+00  5.6362E+01 -7.8048E+00 -1.5885E+00 -1.4434E+00
  4.4500E+00  3.1255E+01 -8.7217E+00 -1.6028E+00 -1.4566E+00
  4.5000E+00  2.1735E+01 -9.8442E+00 -1.6168E+00 -1.4696E+00
  4.5500E+00  1.6718E+01 -1.1251E+01 -1.6305E+00 -1.4821E+00
  4.6000E+00  1.3617E+01 -1.3069E+01 -1.6441E+00 -1.4944E+00
  4.6500E+00  1.1507E+01 -1.5509E+01 -1.6575E+00 -1.5064E+00
  4.7000E+00  9.9769E+00 -1.8962E+01 -1.6707E+00 -1.5181E+00
  4.7500E+00  8.8143E+00 -2.4230E+01 -1.6838E+00 -1.5295E+00
  4.8000E+00  7.8998E+00 -3.3263E+01 -1.6967E+00 -1.5407E+00
  4.8500E+00  7.1604E+00 -5.2373E+01 -1.7096E+00 -1.5517E+00
  4.9000E+00  6.5494E+00 -1.1981E+02 -1.7223E+00 -1.5624E+00
  4.9500E+00  6.0352E+00  4.5553E+02 -1.7350E+00 -1.5730E+00
