 -5.0000E+00  2.7042E+00  2.7104E+00  1.2166E+00  1.2173E+00
 -4.9500E+00  2.6952E+00  2.7014E+00  1.2155E+00  1.2163E+00
 -4.9000E+00  2.6861E+00  2.6924E+00  1.2144E+00  1.2152E+00
 -4.8500E+00  2.6770E+00  2.6834E+00  1.2133E+00  1.2141E+00
 -4.8000E+00  2.6679E+00  2.6743E+00  1.2122E+00  1.2130E+00
 -4.7500E+00  2.6588E+00  2.6653E+00  1.2110E+00  1.2119E+00
 -4.7000E+00  2.6496E+00  2.6562E+00  1.2099E+00  1.2107E+00
 -4.6500E+00  2.6404E+00  2.6470E+00  1.2088E+00  1.2096E+00
 -4.6000E+00  2.6311E+00  2.6379E+00  1.2076E+00  1.2084E+00
 -4.5500E+00  2.6219E+00  2.6287E+00  1.2064E+00  1.2073E+00
 -4.5000E+00  2.6126E+00  2.6195E+00  1.2052E+00  1.2061E+00
 -4.4500E+00  2.6032E+00  2.6102E+00  1.2040E+00  1.2049E+00
 -4.4000E+00  2.5939E+00  2.6009E+00  1.2028E+00  1.2037E+00
 -4.3500E+00  2.5845E+00  2.5916E+00  1.2016E+00  1.2025E+00
 -4.3000E+00  2.5750E+00  2.5823E+00  1.2004E+00  1.2013E+00
 -4.2500E+00  2.5656E+00  2.5729E+00  1.1991E+00  1.2001E+00
 -4.2000E+00  2.5561E+00  2.5635E+00  1.1979E+00  1.1989E+00
 -4.1500E+00  2.5466E+00  2.5541E+00  1.1966E+00  1.1976E+00
 -4.1000E+00  2.5370E+00  2.5446E+00  1.1953E+00  1.1964E+00
 -4.0500E+00  2.5274E+00  2.5352E+00  1.1940E+00  1.1951E+00
 -4.0000E+00  2.5178E+00  2.5256E+00  1.1927E+00  1.1938E+00
 -3.9500E+00  2.5082E+00  2.5161E+00  1.1914E+00  1.1925E+00
 -3.9000E+00  2.4985E+00  2.5065E+00  1.1901E+00  1.1912E+00
 -3.8500E+00  2.4887E+00  2.4969E+00  1.1887E+00  1.1899E+00
 -3.8000E+00  2.4790E+00  2.4872E+00  1.1874E+00  1.1885E+00
 -3.7500E+00  2.4692E+00  2.4775E+00  1.1860E+00  1.1872E+00
 -3.7000E+00  2.4594E+00  2.4678E+00  1.1846E+00  1.1858E+00
 -3.6500E+00  2.4495E+00  2.4581E+00  1.1832E+00  1.1844E+00
 -3.6000E+00  2.4396E+00  2.4483E+00  1.1818E+00  1.1830E+00
 -3.5500E+00  2.4297E+00  2.4385E+00  1.1803E+00  1.1816E+00
 -3.5000E+00  2.4197E+00  2.4286E+00  1.1789E+00  1.1802E+00
 -3.4500E+00  2.4097E+00  2.4187E+00  1.1774E+00  1.1788E+00
 -3.4000E+00  2.3996E+00  2.4088E+00  1.1760E+00  1.1773E+00
 -3.3500E+00  2.3895E+00  2.3988E+00  1.1745E+00  1.1758E+00
 -3.3000E+00  2.3794E+00  2.3888E+00  1.1729E+00  1.1743E+00
 -3.2500E+00  2.3693E+00  2.3788E+00  1.1714E+00  1.1728E+00
 -3.2000E+00  2.3591E+00  2.3687E+00  1.1699E+00  1.1713E+00
 -3.1500E+00  2.3488E+00  2.3586E+00  1.1683E+00  1.1698E+00
 -3.1000E+00  2.3385E+00  2.3485E+00  1.1667E+00  1.1682E+00
 -3.0500E+00  2.3282E+00  2.3383E+00  1.1651E+00  1.1667E+00
 -3.0000E+00  2.3179E+00  2.3281E+00  1.1635E+00  1.1651E+00
 -2.9500E+00  2.3074E+00  2.3178E+00  1.1618E+00  1.1635E+00
 -2.9000E+00  2.2970E+00  2.3075E+00  1.1602E+00  1.1619E+00
 -2.8500E+00  2.2865E+00  2.2972E+00  1.1585E+00  1.1602E+00
 -2.8000E+00  2.2760E+00  2.2868E+00  1.1568E+00  1.1586E+00
 -2.7500E+00  2.2654E+00  2.2764E+00  1.1551E+00  1.1569E+00
 -2.7000E+00  2.2548E+00  2.2659E+00  1.1534E+00  1.1552E+00
 -2.6500E+00  2.2441E+00  2.2554E+00  1.1516E+00  1.1535E+00
 -2.6000E+00  2.2334E+00  2.2449E+00  1.1498E+00  1.1517E+00
 -2.5500E+00  2.2227E+00  2.2343E+00  1.1480E+00  1.1500E+00
 -2.5000E+00  2.2119E+00  2.2236E+00  1.1462E+00  1.1482E+00
 -2.4500E+00  2.2010E+00  2.2130E+00  1.1443E+00  1.1464E+00
 -2.4000E+00  2.1901E+00  2.2023E+00  1.1425E+00  1.1446E+00
 -2.3500E+00  2.1792E+00  2.1915E+00  1.1406E+00  1.1427E+00
 -2.3000E+00  2.1682E+00  2.1807E+00  1.1387E+00  1.1408E+00
 -2.2500E+00  2.1572E+00  2.1698E+00  1.1367E+00  1.1389E+00
 -2.2000E+00  2.1461E+00  2.1589E+00  1.1347E+00  1.1370E+00
 -2.1500E+00  2.1349E+00  2.1480E+00  1.1327E+00  1.1351E+00
 -2.1000E+00  2.1237E+00  2.1370E+00  1.1307E+00  1.1331E+00
 -2.0500E+00  2.1125E+00  2.1260E+00  1.1287E+00  1.1311E+00
 -2.0000E+00  2.1012E+00  2.1149E+00  1.1266E+00  1.1291E+00
 -1.9500E+00  2.0899E+00  2.1038E+00  1.1245E+00  1.1271E+00
 -1.9000E+00  2.0785E+00  2.0926E+00  1.1224E+00  1.1250E+00
 -1.8500E+00  2.0670E+00  2.0814E+00  1.1202E+00  1.1229E+00
 -1.8000E+00  2.0555E+00  2.0701E+00  1.1180E+00  1.1208E+00
 -1.7500E+00  2.0440E+00  2.0588E+00  1.1158E+00  1.1186E+00
 -1.7000E+00  2.0324E+00  2.0474E+00  1.1135E+00  1.1165E+00
 -1.6500E+00  2.0207E+00  2.0360E+00  1.1113E+00  1.1142E+00
 -1.6000E+00  2.0090E+00  2.0245E+00  1.1089E+00  1.1120E+00
 -1.5500E+00  1.9972E+00  2.0129E+00  1.1066E+00  1.1097E+00
 -1.5000E+00  1.9853E+00  2.0014E+00  1.1042E+00  1.1074E+00
 -1.4500E+00  1.9734E+00  1.9897E+00  1.1018E+00  1.1051E+00
 -1.4000E+00  1.9615E+00  1.9780E+00  1.0993E+00  1.1027E+00
 -1.3500E+00  1.9494E+00  1.9663E+00  1.0968E+00  1.1003E+00
 -1.3000E+00  1.9373E+00  1.9545E+00  1.0943E+00  1.0979E+00
 -1.2500E+00  1.9252E+00  1.9426E+00  1.0917E+00  1.0954E+00
 -1.2000E+00  1.9130E+00  1.9307E+00  1.0891E+00  1.0929E+00
 -1.1500E+00  1.9007E+00  1.9187E+00  1.0865E+00  1.0903E+00
 -1.1000E+00  1.8883E+00  1.9066E+00  1.0838E+00  1.0878E+00
 -1.0500E+00  1.8759E+00  1.8945E+00  1.0810E+00  1.0851E+00
 -1.0000E+00  1.8634E+00  1.8824E+00  1.0783E+00  1.0825E+00
 -9.5000E-01  1.8509E+00  1.8702E+00  1.0754E+00  1.0798E+00
 -9.0000E-01  1.8383E+00  1.8579E+00  1.0726E+00  1.0770E+00
 -8.5000E-01  1.8256E+00  1.8455E+00  1.0697E+00  1.0742E+00
 -8.0000E-01  1.8128E+00  1.8331E+00  1.0667E+00  1.0714E+00
 -7.5000E-01  1.8000E+00  1.8206E+00  1.0637E+00  1.0685E+00
 -7.0000E-01  1.7871E+00  1.8081E+00  1.0606E+00  1.0656E+00
 -6.5000E-01  1.7741E+00  1.7955E+00  1.0575E+00  1.0626E+00
 -6.0000E-01  1.7610E+00  1.7828E+00  1.0543E+00  1.0596E+00
 -5.5000E-01  1.7479E+00  1.7700E+00  1.0511E+00  1.0565E+00
 -5.0000E-01  1.7347E+00  1.7572E+00  1.0478E+00  1.0534E+00
 -4.5000E-01  1.7214E+00  1.7443E+00  1.0445E+00  1.0503E+00
 -4.0000E-01  1.7080E+00  1.7314E+00  1.0411E+00  1.0470E+00
 -3.5000E-01  1.6945E+00  1.7184E+00  1.0377E+00  1.0438E+00
 -3.0000E-01  1.6810E+00  1.7053E+00  1.0341E+00  1.0404E+00
 -2.5000E-01  1.6673E+00  1.6921E+00  1.0306E+00  1.0370E+00
 -2.0000E-01  1.6536E+00  1.6788E+00  1.0269E+00  1.0336E+00
 -1.5000E-01  1.6398E+00  1.6655E+00  1.0232E+00  1.0301E+00
 -1.0000E-01  1.6259E+00  1.6521E+00  1.0194E+00  1.0265E+00
 -5.0000E-02  1.6119E+00  1.6386E+00  1.0155E+00  1.0229E+00
  0.0000E+00  1.5978E+00  1.6250E+00  1.0116E+00  1.0192E+00
  5.0000E-02  1.5837E+00  1.6114E+00  1.0076E+00  1.0154E+00
  1.0000E-01  1.5694E+00  1.5977E+00  1.0035E+00  1.0115E+00
  1.5000E-01  1.5550E+00  1.5838E+00  9.9930E-01  1.0076E+00
  2.0000E-01  1.5405E+00  1.5699E+00  9.9504E-01  1.0036E+00
  2.5000E-01  1.5260E+00  1.5560E+00  9.9069E-01  9.9958E-01
  3.0000E-01  1.5113E+00  1.5419E+00  9.8625E-01  9.9544E-01
  3.5000E-01  1.4965E+00  1.5277E+00  9.8172E-01  9.9122E-01
  4.0000E-01  1.4816E+00  1.5135E+00  9.7709E-01  9.8691E-01
  4.5000E-01  1.4666E+00  1.4991E+00  9.7237E-01  9.8253E-01
  5.0000E-01  1.4515E+00  1.4847E+00  9.6754E-01  9.7805E-01
  5.5000E-01  1.4363E+00  1.4702E+00  9.6261E-01  9.7348E-01
  6.0000E-01  1.4210E+00  1.4555E+00  9.5756E-01  9.6882E-01
  6.5000E-01  1.4055E+00  1.4408E+00  9.5241E-01  9.6407E-01
  7.0000E-01  1.3899E+00  1.4260E+00  9.4713E-01  9.5922E-01
  7.5000E-01  1.3742E+00  1.4110E+00  9.4174E-01  9.5426E-01
  8.0000E-01  1.3584E+00  1.3960E+00  9.3622E-01  9.4920E-01
  8.5000E-01  1.3425E+00  1.3809E+00  9.3057E-01  9.4403E-01
  9.0000E-01  1.3264E+00  1.3656E+00  9.2479E-01  9.3874E-01
  9.5000E-01  1.3102E+00  1.3503E+00  9.1887E-01  9.3335E-01
  1.0000E+00  1.2939E+00  1.3348E+00  9.1281E-01  9.2783E-01
  1.0500E+00  1.2774E+00  1.3192E+00  9.0659E-01  9.2219E-01
  1.1000E+00  1.2607E+00  1.3036E+00  9.0023E-01  9.1642E-01
  1.1500E+00  1.2440E+00  1.2877E+00  8.9370E-01  9.1052E-01
  1.2000E+00  1.2271E+00  1.2718E+00  8.8700E-01  9.0448E-01
  1.2500E+00  1.2100E+00  1.2558E+00  8.8013E-01  8.9830E-01
  1.3000E+00  1.1928E+00  1.2396E+00  8.7309E-01  8.9198E-01
  1.3500E+00  1.1754E+00  1.2233E+00  8.6585E-01  8.8550E-01
  1.4000E+00  1.1579E+00  1.2069E+00  8.5843E-01  8.7887E-01
  1.4500E+00  1.1402E+00  1.1903E+00  8.5080E-01  8.7208E-01
  1.5000E+00  1.1223E+00  1.1737E+00  8.4296E-01  8.6512E-01
  1.5500E+00  1.1043E+00  1.1568E+00  8.3490E-01  8.5799E-01
  1.6000E+00  1.0860E+00  1.1399E+00  8.2662E-01  8.5068E-01
  1.6500E+00  1.0676E+00  1.1228E+00  8.1810E-01  8.4318E-01
  1.7000E+00  1.0491E+00  1.1056E+00  8.0934E-01  8.3549E-01
  1.7500E+00  1.0303E+00  1.0882E+00  8.0032E-01  8.2760E-01
  1.8000E+00  1.0113E+00  1.0706E+00  7.9103E-01  8.1950E-01
  1.8500E+00  9.9217E-01  1.0529E+00  7.8147E-01  8.1118E-01
  1.9000E+00  9.7281E-01  1.0351E+00  7.7162E-01  8.0265E-01
  1.9500E+00  9.5324E-01  1.0171E+00  7.6146E-01  7.9388E-01
  2.0000E+00  9.3345E-01  9.9895E-01  7.5099E-01  7.8488E-01
  2.0500E+00  9.1344E-01  9.8063E-01  7.4019E-01  7.7562E-01
  2.1000E+00  8.9321E-01  9.6214E-01  7.2905E-01  7.6611E-01
  2.1500E+00  8.7275E-01  9.4348E-01  7.1755E-01  7.5632E-01
  2.2000E+00  8.5205E-01  9.2464E-01  7.0568E-01  7.4626E-01
  2.2500E+00  8.3111E-01  9.0562E-01  6.9342E-01  7.3591E-01
  2.3000E+00  8.0991E-01  8.8642E-01  6.8076E-01  7.2526E-01
  2.3500E+00  7.8846E-01  8.6704E-01  6.6767E-01  7.1430E-01
  2.4000E+00  7.6675E-01  8.4746E-01  6.5413E-01  7.0302E-01
  2.4500E+00  7.4476E-01  8.2768E-01  6.4014E-01  6.9139E-01
  2.5000E+00  7.2249E-01  8.0771E-01  6.2566E-01  6.7942E-01
  2.5500E+00  6.9993E-01  7.8753E-01  6.1068E-01  6.6709E-01
  2.6000E+00  6.7708E-01  7.6714E-01  5.9518E-01  6.5438E-01
  2.6500E+00  6.5392E-01  7.4654E-01  5.7912E-01  6.4128E-01
  2.7000E+00  6.3044E-01  7.2572E-01  5.6250E-01  6.2778E-01
  2.7500E+00  6.0664E-01  7.0467E-01  5.4529E-01  6.1385E-01
  2.8000E+00  5.8250E-01  6.8339E-01  5.2745E-01  5.9949E-01
  2.8500E+00  5.5802E-01  6.6188E-01  5.0898E-01  5.8468E-01
  2.9000E+00  5.3318E-01  6.4013E-01  4.8984E-01  5.6940E-01
  2.9500E+00  5.0797E-01  6.1813E-01  4.7000E-01  5.5364E-01
  3.0000E+00  4.8238E-01  5.9587E-01  4.4945E-01  5.3738E-01
  3.0500E+00  4.5639E-01  5.7335E-01  4.2816E-01  5.2060E-01
  3.1000E+00  4.3000E-01  5.5057E-01  4.0610E-01  5.0328E-01
  3.1500E+00  4.0318E-01  5.2751E-01  3.8325E-01  4.8542E-01
  3.2000E+00  3.7593E-01  5.0418E-01  3.5959E-01  4.6698E-01
  3.2500E+00  3.4823E-01  4.8055E-01  3.3510E-01  4.4797E-01
  3.3000E+00  3.2006E-01  4.5663E-01  3.0976E-01  4.2835E-01
  3.3500E+00  2.9140E-01  4.3240E-01  2.8355E-01  4.0812E-01
  3.4000E+00  2.6224E-01  4.0786E-01  2.5647E-01  3.8726E-01
  3.4500E+00  2.3256E-01  3.8300E-01  2.2850E-01  3.6576E-01
  3.5000E+00  2.0234E-01  3.5780E-01  1.9964E-01  3.4361E-01
  3.5500E+00  1.7155E-01  3.3227E-01  1.6989E-01  3.2079E-01
  3.6000E+00  1.4017E-01  3.0639E-01  1.3926E-01  2.9731E-01
  3.6500E+00  1.0819E-01  2.8015E-01  1.0777E-01  2.7314E-01
  3.7000E+00  7.5565E-02  2.5353E-01  7.5422E-02  2.4830E-01
  3.7500E+00  4.2284E-02  2.2654E-01  4.2259E-02  2.2278E-01
  3.8000E+00  8.3129E-03  1.9915E-01  8.3128E-03  1.9658E-01
  3.8500E+00 -2.6377E-02  1.7136E-01 -2.6371E-02  1.6971E-01
  3.9000E+00 -6.1817E-02  1.4314E-01 -6.1738E-02  1.4218E-01
  3.9500E+00 -9.8041E-02  1.1450E-01 -9.7728E-02  1.1400E-01
  4.0000E+00 -1.3508E-01  8.5414E-02 -1.3427E-01  8.5207E-02
  4.0500E+00 -1.7298E-01  5.5868E-02 -1.7129E-01  5.5810E-02
  4.1000E+00 -2.1178E-01  2.5848E-02 -2.0870E-01  2.5842E-02
  4.1500E+00 -2.5152E-01 -4.6617E-03 -2.4641E-01 -4.6617E-03
  4.2000E+00 -2.9224E-01 -3.5677E-02 -2.8433E-01 -3.5662E-02
  4.2500E+00 -3.3400E-01 -6.7215E-02 -3.2235E-01 -6.7115E-02
  4.3000E+00 -3.7685E-01 -9.9295E-02 -3.6039E-01 -9.8970E-02
  4.3500E+00 -4.2084E-01 -1.3193E-01 -3.9834E-01 -1.3118E-01
  4.4000E+00 -4.6603E-01 -1.6515E-01 -4.3611E-01 -1.6367E-01
  4.4500E+00 -5.1249E-01 -1.9897E-01 -4.7359E-01 -1.9640E-01
  4.5000E+00 -5.6029E-01 -2.3341E-01 -5.1071E-01 -2.2930E-01
  4.5500E+00 -6.0951E-01 -2.6849E-01 -5.4738E-01 -2.6231E-01
  4.6000E+00 -6.6021E-01 -3.0425E-01 -5.8352E-01 -2.9535E-01
  4.6500E+00 -7.1250E-01 -3.4069E-01 -6.1906E-01 -3.2836E-01
  4.7000E+00 -7.6646E-01 -3.7786E-01 -6.5395E-01 -3.6128E-01
  4.7500E+00 -8.2219E-01 -4.1578E-01 -6.8813E-01 -3.9403E-01
  4.8000E+00 -8.7981E-01 -4.5447E-01 -7.2155E-01 -4.2657E-01
  4.8500E+00 -9.3944E-01 -4.9397E-01 -7.5419E-01 -4.5881E-01
  4.9000E+00 -1.0012E+00 -5.3432E-01 -7.8600E-01 -4.9072E-01
  4.9500E+00 -1.0653E+00 -5.7554E-01 -8.1699E-01 -5.2224E-01
