  2.3518700E-06  3.5259286E-21  2.6576702E-23 -3.8822425E-05 -5.9999588E+01
  4.7235366E-06  4.3412293E-20  4.3243117E-22 -7.7971634E-05 -5.9999226E+01
  7.1151665E-06  1.8981092E-19  2.2263227E-21 -1.1745038E-04 -5.9998970E+01
  9.5269277E-06  5.4318532E-19  7.1558186E-21 -1.5726143E-04 -5.9998837E+01
  1.1958990E-05  1.2323182E-18  1.7767479E-20 -1.9740759E-04 -5.9998910E+01
  1.4411523E-05  2.4137997E-18  3.7470319E-20 -2.3789167E-04 -5.9999207E+01
  1.6884701E-05  4.2722698E-18  7.0602702E-20 -2.7871653E-04 -5.9999748E+01
  1.9378696E-05  7.0210277E-18  1.2250281E-19 -3.1988502E-04 -6.0000567E+01
  2.1893684E-05  1.0902851E-17  1.9958286E-19 -3.6140004E-04 -6.0001675E+01
  2.4429842E-05  1.6191067E-17  3.0940725E-19 -4.0326452E-04 -6.0003080E+01
  2.6987348E-05  2.3190741E-17  4.6077476E-19 -4.4548138E-04 -6.0004779E+01
  2.9566381E-05  3.2240005E-17  6.6380503E-19 -4.8805360E-04 -6.0006768E+01
  3.2167123E-05  4.3711511E-17  9.3002954E-19 -5.3098417E-04 -6.0009031E+01
  3.4789757E-05  5.8013999E-17  1.2724872E-18 -5.7427610E-04 -6.0011550E+01
  3.7434466E-05  7.5593955E-17  1.7058248E-18 -6.1793244E-04 -6.0014300E+01
  4.0101437E-05  9.6937392E-17  2.2464026E-18 -6.6195625E-04 -6.0017254E+01
  4.2790857E-05  1.2257171E-16  2.9124051E-18 -7.0635062E-04 -6.0020380E+01
  4.5502915E-05  1.5306769E-16  3.7239575E-18 -7.5111869E-04 -6.0023646E+01
  4.8237801E-05  1.8904154E-16  4.7032477E-18 -7.9626358E-04 -6.0027018E+01
  5.0995708E-05  2.3115709E-16  5.8746547E-18 -8.4178847E-04 -6.0030460E+01
  5.3776829E-05  2.8012808E-16  7.2648827E-18 -8.8769657E-04 -6.0033940E+01
  5.6581360E-05  3.3672056E-16  8.9031026E-18 -9.3399109E-04 -6.0037425E+01
  5.9409498E-05  4.0175534E-16  1.0821099E-17 -9.8067529E-04 -6.0040882E+01
  6.2261442E-05  4.7611069E-16  1.3053427E-17 -1.0277525E-03 -6.0044284E+01
  6.5137391E-05  5.6072502E-16  1.5637571E-17 -1.0752259E-03 -6.0047603E+01
  6.8037549E-05  6.5659974E-16  1.8614119E-17 -1.1230989E-03 -6.0050816E+01
  7.0962118E-05  7.6480228E-16  2.2026938E-17 -1.1713749E-03 -6.0053901E+01
  7.3911305E-05  8.8646914E-16  2.5923361E-17 -1.2200573E-03 -6.0056840E+01
  7.6885316E-05  1.0228092E-15  3.0354386E-17 -1.2691494E-03 -6.0059618E+01
  7.9884360E-05  1.1751071E-15  3.5374873E-17 -1.3186548E-03 -6.0062223E+01
  8.2908649E-05  1.3447268E-15  4.1043765E-17 -1.3685768E-03 -6.0064643E+01
  8.5958394E-05  1.5331152E-15  4.7424309E-17 -1.4189191E-03 -6.0066872E+01
  8.9033811E-05  1.7418059E-15  5.4584292E-17 -1.4696852E-03 -6.0068905E+01
  9.2135114E-05  1.9724234E-15  6.2596283E-17 -1.5208785E-03 -6.0070739E+01
  9.5262522E-05  2.2266873E-15  7.1537892E-17 -1.5725028E-03 -6.0072373E+01
  9.8416255E-05  2.5064164E-15  8.1492037E-17 -1.6245616E-03 -6.0073807E+01
  1.0159653E-04  2.8135334E-15  9.2547225E-17 -1.6770586E-03 -6.0075044E+01
  1.0480358E-04  3.1500696E-15  1.0479784E-16 -1.7299975E-03 -6.0076088E+01
  1.0803763E-04  3.5181697E-15  1.1834447E-16 -1.7833820E-03 -6.0076943E+01
  1.1129889E-04  3.9200972E-15  1.3329419E-16 -1.8372159E-03 -6.0077616E+01
  1.1458761E-04  4.3582393E-15  1.4976091E-16 -1.8915029E-03 -6.0078111E+01
  1.1790401E-04  4.8351128E-15  1.6786576E-16 -1.9462469E-03 -6.0078436E+01
  1.2124832E-04  5.3533697E-15  1.8773741E-16 -2.0014516E-03 -6.0078599E+01
  1.2462079E-04  5.9158032E-15  2.0951245E-16 -2.0571211E-03 -6.0078607E+01
  1.2802164E-04  6.5253541E-15  2.3333583E-16 -2.1132591E-03 -6.0078468E+01
  1.3145112E-04  7.1851170E-15  2.5936122E-16 -2.1698697E-03 -6.0078191E+01
  1.3490947E-04  7.8983474E-15  2.8775149E-16 -2.2269568E-03 -6.0077782E+01
  1.3839693E-04  8.6684683E-15  3.1867913E-16 -2.2845244E-03 -6.0077250E+01
  1.4191374E-04  9.4990781E-15  3.5232674E-16 -2.3425766E-03 -6.0076603E+01
  1.4546015E-04  1.0393958E-14  3.8888752E-16 -2.4011174E-03 -6.0075848E+01
  1.4903642E-04  1.1357078E-14  4.2856577E-16 -2.4601510E-03 -6.0074993E+01
  1.5264279E-04  1.2392611E-14  4.7157743E-16 -2.5196815E-03 -6.0074045E+01
  1.5627952E-04  1.3504932E-14  5.1815066E-16 -2.5797131E-03 -6.0073010E+01
  1.5994685E-04  1.4698636E-14  5.6852638E-16 -2.6402500E-03 -6.0071896E+01
  1.6364506E-04  1.5978543E-14  6.2295894E-16 -2.7012964E-03 -6.0070708E+01
  1.6737440E-04  1.7349706E-14  6.8171667E-16 -2.7628568E-03 -6.0069452E+01
  1.7113512E-04  1.8817424E-14  7.4508262E-16 -2.8249353E-03 -6.0068134E+01
  1.7492751E-04  2.0387254E-14  8.1335519E-16 -2.8875363E-03 -6.0066759E+01
  1.7875181E-04  2.2065015E-14  8.8684889E-16 -2.9506643E-03 -6.0065332E+01
  1.8260831E-04  2.3856807E-14  9.6589505E-16 -3.0143236E-03 -6.0063858E+01
  1.8649726E-04  2.5769015E-14  1.0508426E-15 -3.0785188E-03 -6.0062341E+01
  1.9041896E-04  2.7808330E-14  1.1420590E-15 -3.1432544E-03 -6.0060785E+01
  1.9437366E-04  2.9981752E-14  1.2399308E-15 -3.2085348E-03 -6.0059193E+01
  1.9836165E-04  3.2296611E-14  1.3448649E-15 -3.2743648E-03 -6.0057570E+01
  2.0238321E-04  3.4760576E-14  1.4572892E-15 -3.3407488E-03 -6.0055918E+01
  2.0643862E-04  3.7381669E-14  1.5776534E-15 -3.4076917E-03 -6.0054241E+01
  2.1052817E-04  4.0168284E-14  1.7064307E-15 -3.4751980E-03 -6.0052541E+01
  2.1465214E-04  4.3129197E-14  1.8441179E-15 -3.5432726E-03 -6.0050820E+01
  2.1881082E-04  4.6273584E-14  1.9912372E-15 -3.6119201E-03 -6.0049081E+01
  2.2300451E-04  4.9611037E-14  2.1483369E-15 -3.6811455E-03 -6.0047326E+01
  2.2723350E-04  5.3151583E-14  2.3159929E-15 -3.7509537E-03 -6.0045557E+01
  2.3149808E-04  5.6905699E-14  2.4948096E-15 -3.8213494E-03 -6.0043776E+01
  2.3579856E-04  6.0884329E-14  2.6854213E-15 -3.8923376E-03 -6.0041983E+01
  2.4013524E-04  6.5098910E-14  2.8884938E-15 -3.9639234E-03 -6.0040181E+01
  2.4450843E-04  6.9561383E-14  3.1047251E-15 -4.0361118E-03 -6.0038371E+01
  2.4891842E-04  7.4284218E-14  3.3348475E-15 -4.1089078E-03 -6.0036554E+01
  2.5336554E-04  7.9280438E-14  3.5796289E-15 -4.1823165E-03 -6.0034731E+01
  2.5785009E-04  8.4563635E-14  3.8398739E-15 -4.2563432E-03 -6.0032903E+01
  2.6237239E-04  9.0147996E-14  4.1164260E-15 -4.3309929E-03 -6.0031071E+01
  2.6693275E-04  9.6048328E-14  4.4101692E-15 -4.4062711E-03 -6.0029235E+01
  2.7153150E-04  1.0228008E-13  4.7220294E-15 -4.4821828E-03 -6.0027396E+01
  2.7616896E-04  1.0885937E-13  5.0529763E-15 -4.5587336E-03 -6.0025555E+01
  2.8084545E-04  1.1580302E-13  5.4040257E-15 -4.6359287E-03 -6.0023712E+01
  2.8556131E-04  1.2312856E-13  5.7762408E-15 -4.7137736E-03 -6.0021867E+01
  2.9031687E-04  1.3085428E-13  6.1707348E-15 -4.7922737E-03 -6.0020021E+01
  2.9511245E-04  1.3899926E-13  6.5886727E-15 -4.8714347E-03 -6.0018175E+01
  2.9994840E-04  1.4758338E-13  7.0312737E-15 -4.9512619E-03 -6.0016327E+01
  3.0482506E-04  1.5662736E-13  7.4998133E-15 -5.0317611E-03 -6.0014479E+01
  3.0974276E-04  1.6615283E-13  7.9956258E-15 -5.1129378E-03 -6.0012631E+01
  3.1470186E-04  1.7618228E-13  8.5201068E-15 -5.1947979E-03 -6.0010782E+01
  3.1970270E-04  1.8673920E-13  9.0747156E-15 -5.2773470E-03 -6.0008933E+01
  3.2474564E-04  1.9784803E-13  9.6609781E-15 -5.3605910E-03 -6.0007084E+01
  3.2983102E-04  2.0953425E-13  1.0280490E-14 -5.4445357E-03 -6.0005235E+01
  3.3495921E-04  2.2182440E-13  1.0934917E-14 -5.5291869E-03 -6.0003386E+01
  3.4013057E-04  2.3474613E-13  1.1626003E-14 -5.6145507E-03 -6.0001536E+01
  3.4534545E-04  2.4832823E-13  1.2355569E-14 -5.7006331E-03 -5.9999686E+01
  3.5060423E-04  2.6260068E-13  1.3125517E-14 -5.7874400E-03 -5.9997835E+01
  3.5590728E-04  2.7759471E-13  1.3937834E-14 -5.8749777E-03 -5.9995984E+01
  3.6125496E-04  2.9334283E-13  1.4794595E-14 -5.9632521E-03 -5.9994132E+01
  3.6664766E-04  3.0987888E-13  1.5697969E-14 -6.0522696E-03 -5.9992279E+01
  3.7208575E-04  3.2723810E-13  1.6650219E-14 -6.1420364E-03 -5.9990425E+01
  3.7756962E-04  3.4545717E-13  1.7653708E-14 -6.2325588E-03 -5.9988570E+01
  3.8309964E-04  3.6457425E-13  1.8710904E-14 -6.3238432E-03 -5.9986713E+01
  3.8867621E-04  3.8462908E-13  1.9824381E-14 -6.4158960E-03 -5.9984855E+01
  3.9429973E-04  4.0566300E-13  2.0996828E-14 -6.5087236E-03 -5.9982995E+01
  3.9997058E-04  4.2771901E-13  2.2231049E-14 -6.6023325E-03 -5.9981133E+01
  4.0568916E-04  4.5084188E-13  2.3529971E-14 -6.6967294E-03 -5.9979269E+01
  4.1145588E-04  4.7507817E-13  2.4896647E-14 -6.7919209E-03 -5.9977403E+01
  4.1727114E-04  5.0047631E-13  2.6334262E-14 -6.8879136E-03 -5.9975533E+01
  4.2313535E-04  5.2708669E-13  2.7846139E-14 -6.9847144E-03 -5.9973661E+01
  4.2904892E-04  5.5496170E-13  2.9435743E-14 -7.0823300E-03 -5.9971786E+01
  4.3501226E-04  5.8415585E-13  3.1106687E-14 -7.1807672E-03 -5.9969907E+01
  4.4102580E-04  6.1472581E-13  3.2862739E-14 -7.2800330E-03 -5.9968025E+01
  4.4708997E-04  6.4673051E-13  3.4707829E-14 -7.3801344E-03 -5.9966139E+01
  4.5320517E-04  6.8023124E-13  3.6646051E-14 -7.4810784E-03 -5.9964249E+01
  4.5937185E-04  7.1529170E-13  3.8681675E-14 -7.5828720E-03 -5.9962354E+01
  4.6559044E-04  7.5197813E-13  4.0819150E-14 -7.6855225E-03 -5.9960455E+01
  4.7186137E-04  7.9035938E-13  4.3063115E-14 -7.7890371E-03 -5.9958552E+01
  4.7818508E-04  8.3050703E-13  4.5418402E-14 -7.8934229E-03 -5.9956643E+01
  4.8456203E-04  8.7249547E-13  4.7890047E-14 -7.9986875E-03 -5.9954729E+01
  4.9099265E-04  9.1640202E-13  5.0483298E-14 -8.1048381E-03 -5.9952809E+01
  4.9747740E-04  9.6230704E-13  5.3203620E-14 -8.2118821E-03 -5.9950884E+01
  5.0401674E-04  1.0102940E-12  5.6056707E-14 -8.3198273E-03 -5.9948952E+01
  5.1061112E-04  1.0604498E-12  5.9048493E-14 -8.4286810E-03 -5.9947014E+01
  5.1726101E-04  1.1128644E-12  6.2185153E-14 -8.5384510E-03 -5.9945070E+01
  5.2396687E-04  1.1676316E-12  6.5473122E-14 -8.6491450E-03 -5.9943119E+01
  5.3072918E-04  1.2248488E-12  6.8919100E-14 -8.7607708E-03 -5.9941161E+01
  5.3754841E-04  1.2846170E-12  7.2530064E-14 -8.8733361E-03 -5.9939196E+01
  5.4442504E-04  1.3470412E-12  7.6313276E-14 -8.9868490E-03 -5.9937224E+01
  5.5135956E-04  1.4122306E-12  8.0276300E-14 -9.1013173E-03 -5.9935243E+01
  5.5835244E-04  1.4802985E-12  8.4427007E-14 -9.2167492E-03 -5.9933255E+01
  5.6540419E-04  1.5513626E-12  8.8773592E-14 -9.3331526E-03 -5.9931259E+01
  5.7251529E-04  1.6255452E-12  9.3324586E-14 -9.4505360E-03 -5.9929254E+01
  5.7968625E-04  1.7029732E-12  9.8088864E-14 -9.5689073E-03 -5.9927241E+01
  5.8691757E-04  1.7837784E-12  1.0307567E-13 -9.6882751E-03 -5.9925218E+01
  5.9420976E-04  1.8680978E-12  1.0829461E-13 -9.8086476E-03 -5.9923187E+01
  6.0156334E-04  1.9560734E-12  1.1375569E-13 -9.9300333E-03 -5.9921147E+01
  6.0897880E-04  2.0478530E-12  1.1946932E-13 -1.0052441E-02 -5.9919096E+01
  6.1645669E-04  2.1435897E-12  1.2544633E-13 -1.0175879E-02 -5.9917036E+01
  6.2399753E-04  2.2434426E-12  1.3169799E-13 -1.0300356E-02 -5.9914966E+01
  6.3160183E-04  2.3475770E-12  1.3823602E-13 -1.0425880E-02 -5.9912886E+01
  6.3927015E-04  2.4561642E-12  1.4507259E-13 -1.0552461E-02 -5.9910796E+01
  6.4700301E-04  2.5693822E-12  1.5222041E-13 -1.0680108E-02 -5.9908694E+01
  6.5480097E-04  2.6874157E-12  1.5969264E-13 -1.0808829E-02 -5.9906582E+01
  6.6266456E-04  2.8104566E-12  1.6750302E-13 -1.0938634E-02 -5.9904459E+01
  6.7059434E-04  2.9387038E-12  1.7566579E-13 -1.1069531E-02 -5.9902324E+01
  6.7859087E-04  3.0723639E-12  1.8419579E-13 -1.1201530E-02 -5.9900178E+01
  6.8665471E-04  3.2116513E-12  1.9310845E-13 -1.1334641E-02 -5.9898020E+01
  6.9478643E-04  3.3567883E-12  2.0241979E-13 -1.1468871E-02 -5.9895850E+01
  7.0298660E-04  3.5080058E-12  2.1214648E-13 -1.1604232E-02 -5.9893668E+01
  7.1125579E-04  3.6655433E-12  2.2230585E-13 -1.1740732E-02 -5.9891474E+01
  7.1959458E-04  3.8296494E-12  2.3291592E-13 -1.1878381E-02 -5.9889267E+01
  7.2800357E-04  4.0005821E-12  2.4399541E-13 -1.2017188E-02 -5.9887047E+01
  7.3648334E-04  4.1786087E-12  2.5556379E-13 -1.2157164E-02 -5.9884813E+01
  7.4503448E-04  4.3640070E-12  2.6764129E-13 -1.2298318E-02 -5.9882567E+01
  7.5365761E-04  4.5570648E-12  2.8024893E-13 -1.2440660E-02 -5.9880307E+01
  7.6235331E-04  4.7580811E-12  2.9340856E-13 -1.2584201E-02 -5.9878033E+01
  7.7112222E-04  4.9673657E-12  3.0714289E-13 -1.2728950E-02 -5.9875746E+01
  7.7996493E-04  5.1852401E-12  3.2147552E-13 -1.2874917E-02 -5.9873444E+01
  7.8888208E-04  5.4120378E-12  3.3643096E-13 -1.3022112E-02 -5.9871128E+01
  7.9787429E-04  5.6481047E-12  3.5203469E-13 -1.3170547E-02 -5.9868797E+01
  8.0694218E-04  5.8937996E-12  3.6831317E-13 -1.3320231E-02 -5.9866452E+01
  8.1608641E-04  6.1494946E-12  3.8529392E-13 -1.3471175E-02 -5.9864092E+01
  8.2530760E-04  6.4155757E-12  4.0300548E-13 -1.3623390E-02 -5.9861716E+01
  8.3460642E-04  6.6924432E-12  4.2147755E-13 -1.3776886E-02 -5.9859325E+01
  8.4398351E-04  6.9805121E-12  4.4074094E-13 -1.3931674E-02 -5.9856918E+01
  8.5343952E-04  7.2802129E-12  4.6082768E-13 -1.4087765E-02 -5.9854496E+01
  8.6297514E-04  7.5919919E-12  4.8177102E-13 -1.4245170E-02 -5.9852057E+01
  8.7259101E-04  7.9163122E-12  5.0360552E-13 -1.4403900E-02 -5.9849602E+01
  8.8228783E-04  8.2536537E-12  5.2636704E-13 -1.4563965E-02 -5.9847130E+01
  8.9206627E-04  8.6045140E-12  5.5009285E-13 -1.4725379E-02 -5.9844642E+01
  9.0192702E-04  8.9694092E-12  5.7482164E-13 -1.4888150E-02 -5.9842137E+01
  9.1187077E-04  9.3488744E-12  6.0059359E-13 -1.5052292E-02 -5.9839615E+01
  9.2189822E-04  9.7434642E-12  6.2745042E-13 -1.5217816E-02 -5.9837075E+01
  9.3201008E-04  1.0153754E-11  6.5543546E-13 -1.5384733E-02 -5.9834518E+01
  9.4220705E-04  1.0580339E-11  6.8459368E-13 -1.5553055E-02 -5.9831943E+01
  9.5248986E-04  1.1023839E-11  7.1497181E-13 -1.5722793E-02 -5.9829350E+01
  9.6285922E-04  1.1484894E-11  7.4661831E-13 -1.5893961E-02 -5.9826739E+01
  9.7331586E-04  1.1964167E-11  7.7958353E-13 -1.6066569E-02 -5.9824110E+01
  9.8386052E-04  1.2462349E-11  8.1391974E-13 -1.6240630E-02 -5.9821461E+01
  9.9449394E-04  1.2980151E-11  8.4968118E-13 -1.6416157E-02 -5.9818794E+01
  1.0052169E-03  1.3518315E-11  8.8692417E-13 -1.6593160E-02 -5.9816108E+01
  1.0160300E-03  1.4077607E-11  9.2570717E-13 -1.6771654E-02 -5.9813402E+01
  1.0269342E-03  1.4658822E-11  9.6609084E-13 -1.6951650E-02 -5.9810677E+01
  1.0379302E-03  1.5262783E-11  1.0081382E-12 -1.7133162E-02 -5.9807932E+01
  1.0490188E-03  1.5890345E-11  1.0519145E-12 -1.7316201E-02 -5.9805167E+01
  1.0602007E-03  1.6542391E-11  1.0974877E-12 -1.7500780E-02 -5.9802382E+01
  1.0714767E-03  1.7219841E-11  1.1449282E-12 -1.7686914E-02 -5.9799576E+01
  1.0828476E-03  1.7923642E-11  1.1943090E-12 -1.7874614E-02 -5.9796750E+01
  1.0943142E-03  1.8654781E-11  1.2457059E-12 -1.8063894E-02 -5.9793903E+01
  1.1058774E-03  1.9414278E-11  1.2991976E-12 -1.8254768E-02 -5.9791035E+01
  1.1175378E-03  2.0203191E-11  1.3548659E-12 -1.8447248E-02 -5.9788145E+01
  1.1292965E-03  2.1022615E-11  1.4127953E-12 -1.8641348E-02 -5.9785234E+01
  1.1411541E-03  2.1873686E-11  1.4730737E-12 -1.8837082E-02 -5.9782301E+01
  1.1531115E-03  2.2757581E-11  1.5357925E-12 -1.9034464E-02 -5.9779346E+01
  1.1651696E-03  2.3675519E-11  1.6010462E-12 -1.9233507E-02 -5.9776369E+01
  1.1773292E-03  2.4628764E-11  1.6689329E-12 -1.9434226E-02 -5.9773369E+01
  1.1895911E-03  2.5618623E-11  1.7395546E-12 -1.9636634E-02 -5.9770346E+01
  1.2019562E-03  2.6646454E-11  1.8130169E-12 -1.9840746E-02 -5.9767301E+01
  1.2144254E-03  2.7713661E-11  1.8894293E-12 -2.0046576E-02 -5.9764232E+01
  1.2269996E-03  2.8821700E-11  1.9689057E-12 -2.0254138E-02 -5.9761140E+01
  1.2396796E-03  2.9972079E-11  2.0515640E-12 -2.0463448E-02 -5.9758024E+01
  1.2524664E-03  3.1166360E-11  2.1375265E-12 -2.0674519E-02 -5.9754884E+01
  1.2653607E-03  3.2406162E-11  2.2269201E-12 -2.0887367E-02 -5.9751720E+01
  1.2783637E-03  3.3693162E-11  2.3198765E-12 -2.1102007E-02 -5.9748532E+01
  1.2914760E-03  3.5029096E-11  2.4165322E-12 -2.1318454E-02 -5.9745319E+01
  1.3046988E-03  3.6415763E-11  2.5170288E-12 -2.1536722E-02 -5.9742081E+01
  1.3180328E-03  3.7855027E-11  2.6215132E-12 -2.1756828E-02 -5.9738818E+01
  1.3314791E-03  3.9348820E-11  2.7301377E-12 -2.1978786E-02 -5.9735529E+01
  1.3450386E-03  4.0899140E-11  2.8430603E-12 -2.2202613E-02 -5.9732215E+01
  1.3587122E-03  4.2508058E-11  2.9604447E-12 -2.2428323E-02 -5.9728874E+01
  1.3725009E-03  4.4177721E-11  3.0824610E-12 -2.2655934E-02 -5.9725508E+01
  1.3864056E-03  4.5910351E-11  3.2092852E-12 -2.2885461E-02 -5.9722115E+01
  1.4004274E-03  4.7708248E-11  3.3411000E-12 -2.3116919E-02 -5.9718696E+01
  1.4145672E-03  4.9573797E-11  3.4780950E-12 -2.3350326E-02 -5.9715249E+01
  1.4288261E-03  5.1509467E-11  3.6204664E-12 -2.3585697E-02 -5.9711776E+01
  1.4432050E-03  5.3517815E-11  3.7684180E-12 -2.3823050E-02 -5.9708275E+01
  1.4577049E-03  5.5601489E-11  3.9221610E-12 -2.4062401E-02 -5.9704746E+01
  1.4723268E-03  5.7763230E-11  4.0819143E-12 -2.4303766E-02 -5.9701189E+01
  1.4870719E-03  6.0005881E-11  4.2479049E-12 -2.4547163E-02 -5.9697604E+01
  1.5019410E-03  6.2332381E-11  4.4203682E-12 -2.4792609E-02 -5.9693990E+01
  1.5169353E-03  6.4745777E-11  4.5995483E-12 -2.5040120E-02 -5.9690347E+01
  1.5320558E-03  6.7249223E-11  4.7856980E-12 -2.5289716E-02 -5.9686676E+01
  1.5473036E-03  6.9845985E-11  4.9790797E-12 -2.5541412E-02 -5.9682975E+01
  1.5626798E-03  7.2539447E-11  5.1799653E-12 -2.5795226E-02 -5.9679244E+01
  1.5781854E-03  7.5333109E-11  5.3886365E-12 -2.6051178E-02 -5.9675484E+01
  1.5938214E-03  7.8230600E-11  5.6053856E-12 -2.6309283E-02 -5.9671693E+01
  1.6095892E-03  8.1235674E-11  5.8305155E-12 -2.6569561E-02 -5.9667872E+01
  1.6254896E-03  8.4352220E-11  6.0643400E-12 -2.6832030E-02 -5.9664020E+01
  1.6415238E-03  8.7584264E-11  6.3071847E-12 -2.7096709E-02 -5.9660137E+01
  1.6576931E-03  9.0935975E-11  6.5593868E-12 -2.7363615E-02 -5.9656222E+01
  1.6739984E-03  9.4411669E-11  6.8212960E-12 -2.7632768E-02 -5.9652276E+01
  1.6904410E-03  9.8015816E-11  7.0932746E-12 -2.7904187E-02 -5.9648298E+01
  1.7070220E-03  1.0175304E-10  7.3756983E-12 -2.8177890E-02 -5.9644288E+01
  1.7237426E-03  1.0562814E-10  7.6689563E-12 -2.8453897E-02 -5.9640245E+01
  1.7406039E-03  1.0964606E-10  7.9734522E-12 -2.8732227E-02 -5.9636170E+01
  1.7576071E-03  1.1381196E-10  8.2896040E-12 -2.9012900E-02 -5.9632061E+01
  1.7747534E-03  1.1813113E-10  8.6178452E-12 -2.9295936E-02 -5.9627919E+01
  1.7920441E-03  1.2260909E-10  8.9586248E-12 -2.9581354E-02 -5.9623743E+01
  1.8094803E-03  1.2725153E-10  9.3124083E-12 -2.9869174E-02 -5.9619533E+01
  1.8270633E-03  1.3206435E-10  9.6796781E-12 -3.0159418E-02 -5.9615289E+01
  1.8447943E-03  1.3705365E-10  1.0060934E-11 -3.0452104E-02 -5.9611010E+01
  1.8626746E-03  1.4222577E-10  1.0456694E-11 -3.0747254E-02 -5.9606696E+01
  1.8807053E-03  1.4758724E-10  1.0867495E-11 -3.1044888E-02 -5.9602347E+01
  1.8988878E-03  1.5314483E-10  1.1293893E-11 -3.1345028E-02 -5.9597962E+01
  1.9172234E-03  1.5890556E-10  1.1736464E-11 -3.1647694E-02 -5.9593541E+01
  1.9357133E-03  1.6487669E-10  1.2195806E-11 -3.1952908E-02 -5.9589084E+01
  1.9543589E-03  1.7106573E-10  1.2672537E-11 -3.2260691E-02 -5.9584590E+01
  1.9731614E-03  1.7748046E-10  1.3167299E-11 -3.2571064E-02 -5.9580060E+01
  1.9921221E-03  1.8412892E-10  1.3680755E-11 -3.2884050E-02 -5.9575492E+01
  2.0112425E-03  1.9101946E-10  1.4213596E-11 -3.3199671E-02 -5.9570886E+01
  2.0305238E-03  1.9816069E-10  1.4766532E-11 -3.3517948E-02 -5.9566243E+01
  2.0499674E-03  2.0556154E-10  1.5340304E-11 -3.3838905E-02 -5.9561561E+01
  2.0695746E-03  2.1323125E-10  1.5935677E-11 -3.4162563E-02 -5.9556841E+01
  2.0893470E-03  2.2117939E-10  1.6553444E-11 -3.4488945E-02 -5.9552082E+01
  2.1092857E-03  2.2941586E-10  1.7194426E-11 -3.4818075E-02 -5.9547283E+01
  2.1293923E-03  2.3795089E-10  1.7859476E-11 -3.5149975E-02 -5.9542445E+01
  2.1496681E-03  2.4679510E-10  1.8549475E-11 -3.5484669E-02 -5.9537566E+01
  2.1701146E-03  2.5595945E-10  1.9265337E-11 -3.5822180E-02 -5.9532648E+01
  2.1907332E-03  2.6545531E-10  2.0008008E-11 -3.6162532E-02 -5.9527688E+01
  2.2115253E-03  2.7529443E-10  2.0778469E-11 -3.6505749E-02 -5.9522687E+01
  2.2324925E-03  2.8548896E-10  2.1577736E-11 -3.6851855E-02 -5.9517645E+01
  2.2536361E-03  2.9605151E-10  2.2406860E-11 -3.7200874E-02 -5.9512562E+01
  2.2749578E-03  3.0699511E-10  2.3266932E-11 -3.7552831E-02 -5.9507436E+01
  2.2964589E-03  3.1833322E-10  2.4159081E-11 -3.7907751E-02 -5.9502267E+01
  2.3181409E-03  3.3007982E-10  2.5084477E-11 -3.8265658E-02 -5.9497055E+01
  2.3400055E-03  3.4224933E-10  2.6044331E-11 -3.8626578E-02 -5.9491800E+01
  2.3620542E-03  3.5485670E-10  2.7039897E-11 -3.8990536E-02 -5.9486502E+01
  2.3842884E-03  3.6791739E-10  2.8072476E-11 -3.9357557E-02 -5.9481159E+01
  2.4067098E-03  3.8144741E-10  2.9143414E-11 -3.9727668E-02 -5.9475772E+01
  2.4293199E-03  3.9546332E-10  3.0254105E-11 -4.0100894E-02 -5.9470340E+01
  2.4521203E-03  4.0998224E-10  3.1405994E-11 -4.0477262E-02 -5.9464862E+01
  2.4751127E-03  4.2502191E-10  3.2600577E-11 -4.0856797E-02 -5.9459339E+01
  2.4982986E-03  4.4060068E-10  3.3839403E-11 -4.1239528E-02 -5.9453770E+01
  2.5216796E-03  4.5673752E-10  3.5124078E-11 -4.1625480E-02 -5.9448154E+01
  2.5452575E-03  4.7345209E-10  3.6456262E-11 -4.2014681E-02 -5.9442492E+01
  2.5690338E-03  4.9076471E-10  3.7837677E-11 -4.2407158E-02 -5.9436782E+01
  2.5930102E-03  5.0869641E-10  3.9270107E-11 -4.2802938E-02 -5.9431025E+01
  2.6171885E-03  5.2726895E-10  4.0755398E-11 -4.3202050E-02 -5.9425219E+01
  2.6415703E-03  5.4650485E-10  4.2295460E-11 -4.3604521E-02 -5.9419365E+01
  2.6661573E-03  5.6642741E-10  4.3892276E-11 -4.4010380E-02 -5.9413462E+01
  2.6909513E-03  5.8706072E-10  4.5547896E-11 -4.4419656E-02 -5.9407509E+01
  2.7159540E-03  6.0842974E-10  4.7264443E-11 -4.4832376E-02 -5.9401507E+01
  2.7411671E-03  6.3056025E-10  4.9044117E-11 -4.5248571E-02 -5.9395454E+01
  2.7665925E-03  6.5347897E-10  5.0889195E-11 -4.5668269E-02 -5.9389351E+01
  2.7922319E-03  6.7721350E-10  5.2802037E-11 -4.6091499E-02 -5.9383197E+01
  2.8180871E-03  7.0179244E-10  5.4785084E-11 -4.6518292E-02 -5.9376991E+01
  2.8441600E-03  7.2724533E-10  5.6840866E-11 -4.6948678E-02 -5.9370733E+01
  2.8704523E-03  7.5360278E-10  5.8972001E-11 -4.7382686E-02 -5.9364422E+01
  2.8969659E-03  7.8089642E-10  6.1181203E-11 -4.7820347E-02 -5.9358059E+01
  2.9237027E-03  8.0915899E-10  6.3471279E-11 -4.8261693E-02 -5.9351642E+01
  2.9506645E-03  8.3842437E-10  6.5845137E-11 -4.8706753E-02 -5.9345172E+01
  2.9778533E-03  8.6872759E-10  6.8305788E-11 -4.9155560E-02 -5.9338647E+01
  3.0052710E-03  9.0010489E-10  7.0856351E-11 -4.9608144E-02 -5.9332067E+01
  3.0329194E-03  9.3259379E-10  7.3500053E-11 -5.0064539E-02 -5.9325432E+01
  3.0608006E-03  9.6623306E-10  7.6240238E-11 -5.0524774E-02 -5.9318741E+01
  3.0889164E-03  1.0010629E-09  7.9080366E-11 -5.0988884E-02 -5.9311995E+01
  3.1172689E-03  1.0371247E-09  8.2024022E-11 -5.1456900E-02 -5.9305191E+01
  3.1458601E-03  1.0744615E-09  8.5074915E-11 -5.1928856E-02 -5.9298330E+01
  3.1746919E-03  1.1131176E-09  8.8236889E-11 -5.2404784E-02 -5.9291412E+01
  3.2037665E-03  1.1531392E-09  9.1513920E-11 -5.2884719E-02 -5.9284435E+01
  3.2330857E-03  1.1945736E-09  9.4910128E-11 -5.3368693E-02 -5.9277400E+01
  3.2626518E-03  1.2374700E-09  9.8429776E-11 -5.3856741E-02 -5.9270306E+01
  3.2924667E-03  1.2818794E-09  1.0207728E-10 -5.4348897E-02 -5.9263152E+01
  3.3225326E-03  1.3278544E-09  1.0585721E-10 -5.4845196E-02 -5.9255938E+01
  3.3528515E-03  1.3754493E-09  1.0977429E-10 -5.5345673E-02 -5.9248663E+01
  3.3834257E-03  1.4247204E-09  1.1383344E-10 -5.5850362E-02 -5.9241327E+01
  3.4142572E-03  1.4757260E-09  1.1803971E-10 -5.6359299E-02 -5.9233929E+01
  3.4453483E-03  1.5285264E-09  1.2239837E-10 -5.6872520E-02 -5.9226469E+01
  3.4767010E-03  1.5831837E-09  1.2691484E-10 -5.7390062E-02 -5.9218946E+01
  3.5083177E-03  1.6397625E-09  1.3159475E-10 -5.7911959E-02 -5.9211360E+01
  3.5402004E-03  1.6983294E-09  1.3644394E-10 -5.8438250E-02 -5.9203710E+01
  3.5723516E-03  1.7589533E-09  1.4146843E-10 -5.8968970E-02 -5.9195996E+01
  3.6047734E-03  1.8217055E-09  1.4667447E-10 -5.9504158E-02 -5.9188217E+01
  3.6374681E-03  1.8866598E-09  1.5206852E-10 -6.0043851E-02 -5.9180372E+01
  3.6704380E-03  1.9538924E-09  1.5765728E-10 -6.0588087E-02 -5.9172461E+01
  3.7036854E-03  2.0234822E-09  1.6344767E-10 -6.1136903E-02 -5.9164484E+01
  3.7372127E-03  2.0955109E-09  1.6944686E-10 -6.1690340E-02 -5.9156440E+01
  3.7710222E-03  2.1700627E-09  1.7566228E-10 -6.2248434E-02 -5.9148327E+01
  3.8051162E-03  2.2472250E-09  1.8210161E-10 -6.2811227E-02 -5.9140147E+01
  3.8394973E-03  2.3270880E-09  1.8877280E-10 -6.3378756E-02 -5.9131897E+01
  3.8741677E-03  2.4097450E-09  1.9568410E-10 -6.3951063E-02 -5.9123579E+01
  3.9091300E-03  2.4952927E-09  2.0284403E-10 -6.4528187E-02 -5.9115190E+01
  3.9443866E-03  2.5838307E-09  2.1026140E-10 -6.5110169E-02 -5.9106730E+01
  3.9799400E-03  2.6754624E-09  2.1794535E-10 -6.5697050E-02 -5.9098199E+01
  4.0157926E-03  2.7702946E-09  2.2590535E-10 -6.6288871E-02 -5.9089597E+01
  4.0519470E-03  2.8684377E-09  2.3415116E-10 -6.6885673E-02 -5.9080922E+01
  4.0884057E-03  2.9700059E-09  2.4269294E-10 -6.7487499E-02 -5.9072174E+01
  4.1251713E-03  3.0751172E-09  2.5154114E-10 -6.8094391E-02 -5.9063352E+01
  4.1622464E-03  3.1838938E-09  2.6070664E-10 -6.8706391E-02 -5.9054456E+01
  4.1996336E-03  3.2964621E-09  2.7020067E-10 -6.9323543E-02 -5.9045486E+01
  4.2373355E-03  3.4129525E-09  2.8003485E-10 -6.9945889E-02 -5.9036439E+01
  4.2753547E-03  3.5335002E-09  2.9022122E-10 -7.0573474E-02 -5.9027317E+01
  4.3136939E-03  3.6582448E-09  3.0077223E-10 -7.1206342E-02 -5.9018118E+01
  4.3523559E-03  3.7873308E-09  3.1170079E-10 -7.1844537E-02 -5.9008841E+01
  4.3913433E-03  3.9209074E-09  3.2302022E-10 -7.2488103E-02 -5.8999487E+01
  4.4306589E-03  4.0591291E-09  3.3474436E-10 -7.3137087E-02 -5.8990054E+01
  4.4703054E-03  4.2021557E-09  3.4688749E-10 -7.3791534E-02 -5.8980541E+01
  4.5102856E-03  4.3501521E-09  3.5946441E-10 -7.4451489E-02 -5.8970949E+01
  4.5506023E-03  4.5032892E-09  3.7249044E-10 -7.5117000E-02 -5.8961275E+01
  4.5912584E-03  4.6617435E-09  3.8598142E-10 -7.5788112E-02 -5.8951521E+01
  4.6322568E-03  4.8256975E-09  3.9995377E-10 -7.6464873E-02 -5.8941684E+01
  4.6736002E-03  4.9953401E-09  4.1442445E-10 -7.7147331E-02 -5.8931765E+01
  4.7152916E-03  5.1708663E-09  4.2941105E-10 -7.7835534E-02 -5.8921762E+01
  4.7573340E-03  5.3524781E-09  4.4493175E-10 -7.8529529E-02 -5.8911676E+01
  4.7997303E-03  5.5403840E-09  4.6100538E-10 -7.9229366E-02 -5.8901505E+01
  4.8424834E-03  5.7347998E-09  4.7765140E-10 -7.9935094E-02 -5.8891248E+01
  4.8855964E-03  5.9359486E-09  4.9489000E-10 -8.0646762E-02 -5.8880905E+01
  4.9290723E-03  6.1440610E-09  5.1274202E-10 -8.1364420E-02 -5.8870475E+01
  4.9729141E-03  6.3593755E-09  5.3122906E-10 -8.2088120E-02 -5.8859958E+01
  5.0171250E-03  6.5821387E-09  5.5037348E-10 -8.2817911E-02 -5.8849352E+01
  5.0617080E-03  6.8126055E-09  5.7019840E-10 -8.3553845E-02 -5.8838658E+01
  5.1066663E-03  7.0510394E-09  5.9072776E-10 -8.4295973E-02 -5.8827874E+01
  5.1520030E-03  7.2977129E-09  6.1198632E-10 -8.5044349E-02 -5.8816999E+01
  5.1977214E-03  7.5529077E-09  6.3399972E-10 -8.5799023E-02 -5.8806033E+01
  5.2438246E-03  7.8169152E-09  6.5679449E-10 -8.6560051E-02 -5.8794975E+01
  5.2903158E-03  8.0900364E-09  6.8039809E-10 -8.7327484E-02 -5.8783825E+01
  5.3371984E-03  8.3725827E-09  7.0483892E-10 -8.8101376E-02 -5.8772581E+01
  5.3844756E-03  8.6648759E-09  7.3014639E-10 -8.8881783E-02 -5.8761243E+01
  5.4321508E-03  8.9672488E-09  7.5635092E-10 -8.9668759E-02 -5.8749810E+01
  5.4802272E-03  9.2800453E-09  7.8348401E-10 -9.0462360E-02 -5.8738282E+01
  5.5287083E-03  9.6036212E-09  8.1157823E-10 -9.1262640E-02 -5.8726657E+01
  5.5775976E-03  9.9383439E-09  8.4066730E-10 -9.2069657E-02 -5.8714934E+01
  5.6268983E-03  1.0284594E-08  8.7078612E-10 -9.2883466E-02 -5.8703114E+01
  5.6766140E-03  1.0642763E-08  9.0197079E-10 -9.3704126E-02 -5.8691195E+01
  5.7267482E-03  1.1013259E-08  9.3425868E-10 -9.4531694E-02 -5.8679176E+01
  5.7773045E-03  1.1396501E-08  9.6768846E-10 -9.5366227E-02 -5.8667057E+01
  5.8282862E-03  1.1792922E-08  1.0023001E-09 -9.6207785E-02 -5.8654837E+01
  5.8796971E-03  1.2202973E-08  1.0381351E-09 -9.7056427E-02 -5.8642514E+01
  5.9315407E-03  1.2627116E-08  1.0752362E-09 -9.7912213E-02 -5.8630089E+01
  5.9838208E-03  1.3065831E-08  1.1136479E-09 -9.8775201E-02 -5.8617560E+01
  6.0365408E-03  1.3519613E-08  1.1534158E-09 -9.9645454E-02 -5.8604927E+01
  6.0897047E-03  1.3988976E-08  1.1945876E-09 -1.0052303E-01 -5.8592189E+01
  6.1433161E-03  1.4474448E-08  1.2372123E-09 -1.0140800E-01 -5.8579344E+01
  6.1973787E-03  1.4976577E-08  1.2813409E-09 -1.0230041E-01 -5.8566392E+01
  6.2518964E-03  1.5495929E-08  1.3270258E-09 -1.0320034E-01 -5.8553333E+01
  6.3068730E-03  1.6033088E-08  1.3743215E-09 -1.0410784E-01 -5.8540165E+01
  6.3623123E-03  1.6588661E-08  1.4232843E-09 -1.0502298E-01 -5.8526887E+01
  6.4182183E-03  1.7163270E-08  1.4739725E-09 -1.0594582E-01 -5.8513499E+01
  6.4745949E-03  1.7757562E-08  1.5264463E-09 -1.0687643E-01 -5.8500000E+01
  6.5314460E-03  1.8372205E-08  1.5807683E-09 -1.0781488E-01 -5.8486388E+01
  6.5887757E-03  1.9007890E-08  1.6370029E-09 -1.0876122E-01 -5.8472664E+01
  6.6465879E-03  1.9665328E-08  1.6952168E-09 -1.0971553E-01 -5.8458826E+01
  6.7048868E-03  2.0345257E-08  1.7554794E-09 -1.1067787E-01 -5.8444872E+01
  6.7636764E-03  2.1048440E-08  1.8178619E-09 -1.1164831E-01 -5.8430804E+01
  6.8229608E-03  2.1775664E-08  1.8824385E-09 -1.1262692E-01 -5.8416619E+01
  6.8827443E-03  2.2527743E-08  1.9492858E-09 -1.1361377E-01 -5.8402316E+01
  6.9430310E-03  2.3305517E-08  2.0184828E-09 -1.1460893E-01 -5.8387895E+01
  7.0038251E-03  2.4109857E-08  2.0901116E-09 -1.1561246E-01 -5.8373354E+01
  7.0651310E-03  2.4941661E-08  2.1642570E-09 -1.1662444E-01 -5.8358694E+01
  7.1269529E-03  2.5801859E-08  2.2410067E-09 -1.1764494E-01 -5.8343912E+01
  7.1892952E-03  2.6691408E-08  2.3204516E-09 -1.1867402E-01 -5.8329008E+01
  7.2521622E-03  2.7611303E-08  2.4026855E-09 -1.1971177E-01 -5.8313982E+01
  7.3155585E-03  2.8562567E-08  2.4878057E-09 -1.2075826E-01 -5.8298831E+01
  7.3794883E-03  2.9546261E-08  2.5759127E-09 -1.2181355E-01 -5.8283556E+01
  7.4439563E-03  3.0563479E-08  2.6671106E-09 -1.2287772E-01 -5.8268154E+01
  7.5089669E-03  3.1615352E-08  2.7615070E-09 -1.2395086E-01 -5.8252626E+01
  7.5745248E-03  3.2703051E-08  2.8592133E-09 -1.2503302E-01 -5.8236970E+01
  7.6406345E-03  3.3827784E-08  2.9603447E-09 -1.2612430E-01 -5.8221186E+01
  7.7073006E-03  3.4990799E-08  3.0650204E-09 -1.2722476E-01 -5.8205271E+01
  7.7745279E-03  3.6193388E-08  3.1733639E-09 -1.2833449E-01 -5.8189226E+01
  7.8423211E-03  3.7436883E-08  3.2855027E-09 -1.2945355E-01 -5.8173050E+01
  7.9106849E-03  3.8722663E-08  3.4015689E-09 -1.3058204E-01 -5.8156741E+01
  7.9796242E-03  4.0052152E-08  3.5216990E-09 -1.3172002E-01 -5.8140298E+01
  8.0491438E-03  4.1426823E-08  3.6460345E-09 -1.3286758E-01 -5.8123720E+01
  8.1192485E-03  4.2848194E-08  3.7747216E-09 -1.3402480E-01 -5.8107007E+01
  8.1899434E-03  4.4317839E-08  3.9079115E-09 -1.3519177E-01 -5.8090158E+01
  8.2612333E-03  4.5837381E-08  4.0457607E-09 -1.3636855E-01 -5.8073170E+01
  8.3331232E-03  4.7408497E-08  4.1884313E-09 -1.3755524E-01 -5.8056044E+01
  8.4056183E-03  4.9032922E-08  4.3360908E-09 -1.3875192E-01 -5.8038778E+01
  8.4787237E-03  5.0712447E-08  4.4889124E-09 -1.3995868E-01 -5.8021372E+01
  8.5524444E-03  5.2448924E-08  4.6470756E-09 -1.4117559E-01 -5.8003824E+01
  8.6267856E-03  5.4244264E-08  4.8107658E-09 -1.4240274E-01 -5.7986133E+01
  8.7017526E-03  5.6100444E-08  4.9801750E-09 -1.4364022E-01 -5.7968298E+01
  8.7773506E-03  5.8019507E-08  5.1555017E-09 -1.4488812E-01 -5.7950318E+01
  8.8535849E-03  6.0003561E-08  5.3369514E-09 -1.4614653E-01 -5.7932193E+01
  8.9304610E-03  6.2054788E-08  5.5247366E-09 -1.4741552E-01 -5.7913920E+01
  9.0079841E-03  6.4175439E-08  5.7190773E-09 -1.4869520E-01 -5.7895500E+01
  9.0861598E-03  6.6367842E-08  5.9202008E-09 -1.4998565E-01 -5.7876930E+01
  9.1649935E-03  6.8634401E-08  6.1283425E-09 -1.5128696E-01 -5.7858210E+01
  9.2444908E-03  7.0977600E-08  6.3437459E-09 -1.5259923E-01 -5.7839339E+01
  9.3246572E-03  7.3400005E-08  6.5666628E-09 -1.5392254E-01 -5.7820315E+01
  9.4054985E-03  7.5904269E-08  6.7973538E-09 -1.5525699E-01 -5.7801138E+01
  9.4870202E-03  7.8493130E-08  7.0360885E-09 -1.5660267E-01 -5.7781807E+01
  9.5692281E-03  8.1169420E-08  7.2831457E-09 -1.5795968E-01 -5.7762319E+01
  9.6521280E-03  8.3936061E-08  7.5388140E-09 -1.5932811E-01 -5.7742675E+01
  9.7357257E-03  8.6796075E-08  7.8033917E-09 -1.6070807E-01 -5.7722874E+01
  9.8200271E-03  8.9752582E-08  8.0771877E-09 -1.6209963E-01 -5.7702913E+01
  9.9050381E-03  9.2808806E-08  8.3605213E-09 -1.6350291E-01 -5.7682792E+01
  9.9907646E-03  9.5968078E-08  8.6537231E-09 -1.6491800E-01 -5.7662510E+01
  1.0077213E-02  9.9233838E-08  8.9571347E-09 -1.6634501E-01 -5.7642066E+01
  1.0164389E-02  1.0260964E-07  9.2711098E-09 -1.6778402E-01 -5.7621458E+01
  1.0252298E-02  1.0609916E-07  9.5960143E-09 -1.6923515E-01 -5.7600686E+01
  1.0340948E-02  1.0970618E-07  9.9322266E-09 -1.7069849E-01 -5.7579748E+01
  1.0430344E-02  1.1343463E-07  1.0280138E-08 -1.7217415E-01 -5.7558644E+01
  1.0520492E-02  1.1728856E-07  1.0640154E-08 -1.7366223E-01 -5.7537371E+01
  1.0611399E-02  1.2127213E-07  1.1012693E-08 -1.7516284E-01 -5.7515929E+01
  1.0703071E-02  1.2538968E-07  1.1398189E-08 -1.7667608E-01 -5.7494317E+01
  1.0795515E-02  1.2964566E-07  1.1797090E-08 -1.7820205E-01 -5.7472533E+01
  1.0888737E-02  1.3404468E-07  1.2209859E-08 -1.7974087E-01 -5.7450577E+01
  1.0982744E-02  1.3859151E-07  1.2636977E-08 -1.8129265E-01 -5.7428447E+01
  1.1077542E-02  1.4329105E-07  1.3078940E-08 -1.8285748E-01 -5.7406142E+01
  1.1173138E-02  1.4814838E-07  1.3536261E-08 -1.8443549E-01 -5.7383661E+01
  1.1269538E-02  1.5316876E-07  1.4009472E-08 -1.8602678E-01 -5.7361003E+01
  1.1366751E-02  1.5835759E-07  1.4499122E-08 -1.8763146E-01 -5.7338167E+01
  1.1464781E-02  1.6372048E-07  1.5005778E-08 -1.8924965E-01 -5.7315150E+01
  1.1563636E-02  1.6926320E-07  1.5530030E-08 -1.9088147E-01 -5.7291953E+01
  1.1663324E-02  1.7499172E-07  1.6072485E-08 -1.9252701E-01 -5.7268574E+01
  1.1763851E-02  1.8091220E-07  1.6633772E-08 -1.9418641E-01 -5.7245012E+01
  1.1865224E-02  1.8703102E-07  1.7214543E-08 -1.9585978E-01 -5.7221265E+01
  1.1967450E-02  1.9335475E-07  1.7815469E-08 -1.9754723E-01 -5.7197333E+01
  1.2070537E-02  1.9989019E-07  1.8437249E-08 -1.9924889E-01 -5.7173213E+01
  1.2174491E-02  2.0664433E-07  1.9080601E-08 -2.0096487E-01 -5.7148906E+01
  1.2279320E-02  2.1362444E-07  1.9746272E-08 -2.0269529E-01 -5.7124410E+01
  1.2385032E-02  2.2083799E-07  2.0435032E-08 -2.0444028E-01 -5.7099723E+01
  1.2491634E-02  2.2829270E-07  2.1147678E-08 -2.0619996E-01 -5.7074845E+01
  1.2599133E-02  2.3599656E-07  2.1885035E-08 -2.0797445E-01 -5.7049773E+01
  1.2707537E-02  2.4395780E-07  2.2647956E-08 -2.0976388E-01 -5.7024508E+01
  1.2816853E-02  2.5218494E-07  2.3437324E-08 -2.1156837E-01 -5.6999047E+01
  1.2927089E-02  2.6068675E-07  2.4254052E-08 -2.1338804E-01 -5.6973390E+01
  1.3038254E-02  2.6947232E-07  2.5099083E-08 -2.1522304E-01 -5.6947535E+01
  1.3150354E-02  2.7855101E-07  2.5973395E-08 -2.1707348E-01 -5.6921481E+01
  1.3263398E-02  2.8793250E-07  2.6877998E-08 -2.1893950E-01 -5.6895226E+01
  1.3377393E-02  2.9762678E-07  2.7813938E-08 -2.2082122E-01 -5.6868771E+01
  1.3492348E-02  3.0764417E-07  2.8782294E-08 -2.2271878E-01 -5.6842112E+01
  1.3608270E-02  3.1799532E-07  2.9784186E-08 -2.2463232E-01 -5.6815250E+01
  1.3725168E-02  3.2869122E-07  3.0820770E-08 -2.2656196E-01 -5.6788182E+01
  1.3843050E-02  3.3974324E-07  3.1893243E-08 -2.2850784E-01 -5.6760908E+01
  1.3961924E-02  3.5116310E-07  3.3002842E-08 -2.3047011E-01 -5.6733426E+01
  1.4081799E-02  3.6296292E-07  3.4150847E-08 -2.3244889E-01 -5.6705735E+01
  1.4202683E-02  3.7515518E-07  3.5338583E-08 -2.3444433E-01 -5.6677834E+01
  1.4324585E-02  3.8775281E-07  3.6567419E-08 -2.3645656E-01 -5.6649721E+01
  1.4447513E-02  4.0076913E-07  3.7838773E-08 -2.3848573E-01 -5.6621396E+01
  1.4571475E-02  4.1421790E-07  3.9154109E-08 -2.4053198E-01 -5.6592857E+01
  1.4696481E-02  4.2811333E-07  4.0514943E-08 -2.4259546E-01 -5.6564103E+01
  1.4822539E-02  4.4247008E-07  4.1922843E-08 -2.4467631E-01 -5.6535132E+01
  1.4949658E-02  4.5730329E-07  4.3379432E-08 -2.4677467E-01 -5.6505943E+01
  1.5077847E-02  4.7262861E-07  4.4886386E-08 -2.4889069E-01 -5.6476535E+01
  1.5207115E-02  4.8846216E-07  4.6445441E-08 -2.5102452E-01 -5.6446907E+01
  1.5337472E-02  5.0482061E-07  4.8058391E-08 -2.5317632E-01 -5.6417057E+01
  1.5468925E-02  5.2172116E-07  4.9727094E-08 -2.5534623E-01 -5.6386985E+01
  1.5601485E-02  5.3918157E-07  5.1453468E-08 -2.5753440E-01 -5.6356688E+01
  1.5735161E-02  5.5722016E-07  5.3239501E-08 -2.5974099E-01 -5.6326166E+01
  1.5869962E-02  5.7585587E-07  5.5087247E-08 -2.6196616E-01 -5.6295417E+01
  1.6005898E-02  5.9510821E-07  5.6998830E-08 -2.6421005E-01 -5.6264441E+01
  1.6142978E-02  6.1499737E-07  5.8976449E-08 -2.6647284E-01 -5.6233235E+01
  1.6281211E-02  6.3554414E-07  6.1022377E-08 -2.6875467E-01 -5.6201798E+01
  1.6420609E-02  6.5677002E-07  6.3138964E-08 -2.7105570E-01 -5.6170130E+01
  1.6561179E-02  6.7869718E-07  6.5328645E-08 -2.7337611E-01 -5.6138229E+01
  1.6702933E-02  7.0134851E-07  6.7593933E-08 -2.7571605E-01 -5.6106093E+01
  1.6845881E-02  7.2474763E-07  6.9937431E-08 -2.7807568E-01 -5.6073722E+01
  1.6990031E-02  7.4891895E-07  7.2361831E-08 -2.8045518E-01 -5.6041114E+01
  1.7135395E-02  7.7388762E-07  7.4869915E-08 -2.8285470E-01 -5.6008267E+01
  1.7281982E-02  7.9967962E-07  7.7464564E-08 -2.8527442E-01 -5.5975181E+01
  1.7429803E-02  8.2632178E-07  8.0148755E-08 -2.8771451E-01 -5.5941855E+01
  1.7578869E-02  8.5384176E-07  8.2925569E-08 -2.9017514E-01 -5.5908286E+01
  1.7729189E-02  8.8226813E-07  8.5798191E-08 -2.9265648E-01 -5.5874474E+01
  1.7880775E-02  9.1163036E-07  8.8769916E-08 -2.9515871E-01 -5.5840417E+01
  1.8033636E-02  9.4195888E-07  9.1844154E-08 -2.9768200E-01 -5.5806114E+01
  1.8187784E-02  9.7328507E-07  9.5024429E-08 -3.0022653E-01 -5.5771564E+01
  1.8343230E-02  1.0056414E-06  9.8314387E-08 -3.0279248E-01 -5.5736765E+01
  1.8499984E-02  1.0390612E-06  1.0171780E-07 -3.0538003E-01 -5.5701717E+01
  1.8658058E-02  1.0735790E-06  1.0523857E-07 -3.0798935E-01 -5.5666417E+01
  1.8817462E-02  1.1092304E-06  1.0888073E-07 -3.1062064E-01 -5.5630865E+01
  1.8978208E-02  1.1460523E-06  1.1264845E-07 -3.1327408E-01 -5.5595060E+01
  1.9140307E-02  1.1840824E-06  1.1654604E-07 -3.1594985E-01 -5.5558999E+01
  1.9303771E-02  1.2233599E-06  1.2057798E-07 -3.1864815E-01 -5.5522682E+01
  1.9468610E-02  1.2639253E-06  1.2474888E-07 -3.2136916E-01 -5.5486107E+01
  1.9634837E-02  1.3058200E-06  1.2906352E-07 -3.2411307E-01 -5.5449274E+01
  1.9802463E-02  1.3490873E-06  1.3352682E-07 -3.2688008E-01 -5.5412180E+01
  1.9971500E-02  1.3937713E-06  1.3814391E-07 -3.2967038E-01 -5.5374825E+01
  2.0141960E-02  1.4399178E-06  1.4292006E-07 -3.3248417E-01 -5.5337207E+01
  2.0313855E-02  1.4875742E-06  1.4786075E-07 -3.3532164E-01 -5.5299325E+01
  2.0487197E-02  1.5367890E-06  1.5297161E-07 -3.3818300E-01 -5.5261177E+01
  2.0661998E-02  1.5876125E-06  1.5825850E-07 -3.4106844E-01 -5.5222763E+01
  2.0838270E-02  1.6400967E-06  1.6372746E-07 -3.4397817E-01 -5.5184080E+01
  2.1016026E-02  1.6942949E-06  1.6938475E-07 -3.4691239E-01 -5.5145129E+01
  2.1195278E-02  1.7502625E-06  1.7523683E-07 -3.4987131E-01 -5.5105906E+01
  2.1376039E-02  1.8080562E-06  1.8129039E-07 -3.5285513E-01 -5.5066412E+01
  2.1558322E-02  1.8677350E-06  1.8755235E-07 -3.5586407E-01 -5.5026645E+01
  2.1742138E-02  1.9293593E-06  1.9402987E-07 -3.5889834E-01 -5.4986603E+01
  2.1927503E-02  1.9929917E-06  2.0073034E-07 -3.6195815E-01 -5.4946285E+01
  2.2114427E-02  2.0586966E-06  2.0766142E-07 -3.6504372E-01 -5.4905690E+01
  2.2302925E-02  2.1265406E-06  2.1483103E-07 -3.6815525E-01 -5.4864816E+01
  2.2493009E-02  2.1965923E-06  2.2224735E-07 -3.7129298E-01 -5.4823662E+01
  2.2684694E-02  2.2689225E-06  2.2991885E-07 -3.7445712E-01 -5.4782228E+01
  2.2877992E-02  2.3436041E-06  2.3785429E-07 -3.7764789E-01 -5.4740511E+01
  2.3072917E-02  2.4207125E-06  2.4606273E-07 -3.8086552E-01 -5.4698510E+01
  2.3269483E-02  2.5003254E-06  2.5455352E-07 -3.8411024E-01 -5.4656224E+01
  2.3467703E-02  2.5825228E-06  2.6333637E-07 -3.8738226E-01 -5.4613652E+01
  2.3667592E-02  2.6673873E-06  2.7242130E-07 -3.9068183E-01 -5.4570791E+01
  2.3869164E-02  2.7550043E-06  2.8181866E-07 -3.9400917E-01 -5.4527642E+01
  2.4072432E-02  2.8454615E-06  2.9153917E-07 -3.9736452E-01 -5.4484203E+01
  2.4277411E-02  2.9388497E-06  3.0159392E-07 -4.0074811E-01 -5.4440471E+01
  2.4484116E-02  3.0352622E-06  3.1199438E-07 -4.0416018E-01 -5.4396447E+01
  2.4692560E-02  3.1347955E-06  3.2275240E-07 -4.0760098E-01 -5.4352128E+01
  2.4902759E-02  3.2375490E-06  3.3388024E-07 -4.1107073E-01 -5.4307513E+01
  2.5114728E-02  3.3436252E-06  3.4539060E-07 -4.1456969E-01 -5.4262602E+01
  2.5328480E-02  3.4531298E-06  3.5729657E-07 -4.1809811E-01 -5.4217392E+01
  2.5544032E-02  3.5661719E-06  3.6961174E-07 -4.2165622E-01 -5.4171882E+01
  2.5761398E-02  3.6828638E-06  3.8235013E-07 -4.2524428E-01 -5.4126071E+01
  2.5980594E-02  3.8033215E-06  3.9552625E-07 -4.2886254E-01 -5.4079957E+01
  2.6201635E-02  3.9276645E-06  4.0915511E-07 -4.3251126E-01 -5.4033540E+01
  2.6424537E-02  4.0560159E-06  4.2325223E-07 -4.3619069E-01 -5.3986817E+01
  2.6649314E-02  4.1885030E-06  4.3783365E-07 -4.3990110E-01 -5.3939788E+01
  2.6875984E-02  4.3252566E-06  4.5291599E-07 -4.4364273E-01 -5.3892451E+01
  2.7104562E-02  4.4664118E-06  4.6851641E-07 -4.4741586E-01 -5.3844804E+01
  2.7335064E-02  4.6121079E-06  4.8465266E-07 -4.5122075E-01 -5.3796847E+01
  2.7567506E-02  4.7624885E-06  5.0134312E-07 -4.5505766E-01 -5.3748578E+01
  2.7801905E-02  4.9177015E-06  5.1860676E-07 -4.5892687E-01 -5.3699996E+01
  2.8038276E-02  5.0778995E-06  5.3646323E-07 -4.6282865E-01 -5.3651098E+01
  2.8276638E-02  5.2432399E-06  5.5493284E-07 -4.6676327E-01 -5.3601885E+01
  2.8517005E-02  5.4138848E-06  5.7403661E-07 -4.7073101E-01 -5.3552354E+01
  2.8759396E-02  5.5900012E-06  5.9379625E-07 -4.7473215E-01 -5.3502503E+01
  2.9003827E-02  5.7717617E-06  6.1423424E-07 -4.7876696E-01 -5.3452333E+01
  2.9250316E-02  5.9593436E-06  6.3537381E-07 -4.8283574E-01 -5.3401840E+01
  2.9498880E-02  6.1529301E-06  6.5723900E-07 -4.8693877E-01 -5.3351025E+01
  2.9749535E-02  6.3527099E-06  6.7985465E-07 -4.9107633E-01 -5.3299884E+01
  3.0002301E-02  6.5588775E-06  7.0324647E-07 -4.9524872E-01 -5.3248418E+01
  3.0257194E-02  6.7716332E-06  7.2744105E-07 -4.9945622E-01 -5.3196624E+01
  3.0514233E-02  6.9911838E-06  7.5246586E-07 -5.0369915E-01 -5.3144501E+01
  3.0773435E-02  7.2177422E-06  7.7834935E-07 -5.0797778E-01 -5.3092048E+01
  3.1034820E-02  7.4515277E-06  8.0512091E-07 -5.1229243E-01 -5.3039263E+01
  3.1298404E-02  7.6927665E-06  8.3281096E-07 -5.1664340E-01 -5.2986145E+01
  3.1564207E-02  7.9416917E-06  8.6145092E-07 -5.2103099E-01 -5.2932692E+01
  3.1832248E-02  8.1985434E-06  8.9107334E-07 -5.2545551E-01 -5.2878903E+01
  3.2102544E-02  8.4635691E-06  9.2171183E-07 -5.2991727E-01 -5.2824776E+01
  3.2375116E-02  8.7370239E-06  9.5340118E-07 -5.3441659E-01 -5.2770310E+01
  3.2649982E-02  9.0191704E-06  9.8617736E-07 -5.3895378E-01 -5.2715504E+01
  3.2927162E-02  9.3102796E-06  1.0200776E-06 -5.4352916E-01 -5.2660355E+01
  3.3206675E-02  9.6106304E-06  1.0551403E-06 -5.4814305E-01 -5.2604863E+01
  3.3488541E-02  9.9205102E-06  1.0914052E-06 -5.5279577E-01 -5.2549026E+01
  3.3772779E-02  1.0240215E-05  1.1289136E-06 -5.5748766E-01 -5.2492843E+01
  3.4059410E-02  1.0570051E-05  1.1677080E-06 -5.6221904E-01 -5.2436311E+01
  3.4348454E-02  1.0910331E-05  1.2078324E-06 -5.6699025E-01 -5.2379430E+01
  3.4639930E-02  1.1261379E-05  1.2493322E-06 -5.7180161E-01 -5.2322198E+01
  3.4933860E-02  1.1623530E-05  1.2922545E-06 -5.7665347E-01 -5.2264613E+01
  3.5230264E-02  1.1997127E-05  1.3366481E-06 -5.8154617E-01 -5.2206675E+01
  3.5529163E-02  1.2382524E-05  1.3825631E-06 -5.8648005E-01 -5.2148380E+01
  3.5830579E-02  1.2780086E-05  1.4300517E-06 -5.9145546E-01 -5.2089729E+01
  3.6134531E-02  1.3190188E-05  1.4791678E-06 -5.9647275E-01 -5.2030719E+01
  3.6441041E-02  1.3613218E-05  1.5299668E-06 -6.0153226E-01 -5.1971348E+01
  3.6750132E-02  1.4049573E-05  1.5825065E-06 -6.0663437E-01 -5.1911616E+01
  3.7061825E-02  1.4499666E-05  1.6368463E-06 -6.1177941E-01 -5.1851521E+01
  3.7376141E-02  1.4963918E-05  1.6930478E-06 -6.1696776E-01 -5.1791061E+01
  3.7693103E-02  1.5442765E-05  1.7511747E-06 -6.2219979E-01 -5.1730234E+01
  3.8012732E-02  1.5936655E-05  1.8112927E-06 -6.2747584E-01 -5.1669039E+01
  3.8335053E-02  1.6446051E-05  1.8734699E-06 -6.3279631E-01 -5.1607475E+01
  3.8660086E-02  1.6971427E-05  1.9377769E-06 -6.3816156E-01 -5.1545540E+01
  3.8987855E-02  1.7513275E-05  2.0042863E-06 -6.4357197E-01 -5.1483233E+01
  3.9318384E-02  1.8072098E-05  2.0730734E-06 -6.4902791E-01 -5.1420551E+01
  3.9651694E-02  1.8648416E-05  2.1442161E-06 -6.5452978E-01 -5.1357493E+01
  3.9987810E-02  1.9242763E-05  2.2177950E-06 -6.6007795E-01 -5.1294058E+01
  4.0326755E-02  1.9855691E-05  2.2938932E-06 -6.6567282E-01 -5.1230245E+01
  4.0668554E-02  2.0487765E-05  2.3725968E-06 -6.7131478E-01 -5.1166051E+01
  4.1013229E-02  2.1139571E-05  2.4539950E-06 -6.7700423E-01 -5.1101474E+01
  4.1360806E-02  2.1811709E-05  2.5381797E-06 -6.8274156E-01 -5.1036515E+01
  4.1711308E-02  2.2504798E-05  2.6252463E-06 -6.8852719E-01 -5.0971170E+01
  4.2064761E-02  2.3219475E-05  2.7152930E-06 -6.9436151E-01 -5.0905439E+01
  4.2421189E-02  2.3956395E-05  2.8084219E-06 -7.0024493E-01 -5.0839319E+01
  4.2780617E-02  2.4716234E-05  2.9047381E-06 -7.0617787E-01 -5.0772809E+01
  4.3143070E-02  2.5499687E-05  3.0043505E-06 -7.1216075E-01 -5.0705909E+01
  4.3508574E-02  2.6307469E-05  3.1073717E-06 -7.1819398E-01 -5.0638615E+01
  4.3877155E-02  2.7140315E-05  3.2139182E-06 -7.2427798E-01 -5.0570927E+01
  4.4248839E-02  2.7998985E-05  3.3241103E-06 -7.3041320E-01 -5.0502843E+01
  4.4623651E-02  2.8884258E-05  3.4380726E-06 -7.3660005E-01 -5.0434361E+01
  4.5001618E-02  2.9796937E-05  3.5559337E-06 -7.4283897E-01 -5.0365481E+01
  4.5382767E-02  3.0737848E-05  3.6778269E-06 -7.4913040E-01 -5.0296200E+01
  4.5767123E-02  3.1707841E-05  3.8038898E-06 -7.5547478E-01 -5.0226517E+01
  4.6154715E-02  3.2707791E-05  3.9342647E-06 -7.6187256E-01 -5.0156430E+01
  4.6545570E-02  3.3738599E-05  4.0690989E-06 -7.6832418E-01 -5.0085939E+01
  4.6939715E-02  3.4801191E-05  4.2085445E-06 -7.7483010E-01 -5.0015040E+01
  4.7337177E-02  3.5896521E-05  4.3527591E-06 -7.8139077E-01 -4.9943734E+01
  4.7737985E-02  3.7025569E-05  4.5019054E-06 -7.8800666E-01 -4.9872019E+01
  4.8142166E-02  3.8189346E-05  4.6561516E-06 -7.9467823E-01 -4.9799892E+01
  4.8549750E-02  3.9388888E-05  4.8156719E-06 -8.0140594E-01 -4.9727353E+01
  4.8960765E-02  4.0625266E-05  4.9806462E-06 -8.0819028E-01 -4.9654401E+01
  4.9375239E-02  4.1899578E-05  5.1512607E-06 -8.1503171E-01 -4.9581033E+01
  4.9793202E-02  4.3212954E-05  5.3277077E-06 -8.2193072E-01 -4.9507248E+01
  5.0214683E-02  4.4566559E-05  5.5101863E-06 -8.2888779E-01 -4.9433046E+01
  5.0639712E-02  4.5961589E-05  5.6989023E-06 -8.3590340E-01 -4.9358424E+01
  5.1068319E-02  4.7399275E-05  5.8940684E-06 -8.4297806E-01 -4.9283382E+01
  5.1500533E-02  4.8880882E-05  6.0959046E-06 -8.5011226E-01 -4.9207918E+01
  5.1936386E-02  5.0407714E-05  6.3046385E-06 -8.5730649E-01 -4.9132030E+01
  5.2375907E-02  5.1981110E-05  6.5205054E-06 -8.6456127E-01 -4.9055719E+01
  5.2819128E-02  5.3602447E-05  6.7437483E-06 -8.7187710E-01 -4.8978981E+01
  5.3266079E-02  5.5273142E-05  6.9746190E-06 -8.7925449E-01 -4.8901816E+01
  5.3716793E-02  5.6994653E-05  7.2133775E-06 -8.8669396E-01 -4.8824224E+01
  5.4171301E-02  5.8768476E-05  7.4602927E-06 -8.9419605E-01 -4.8746202E+01
  5.4629634E-02  6.0596154E-05  7.7156428E-06 -9.0176126E-01 -4.8667750E+01
  5.5091826E-02  6.2479271E-05  7.9797152E-06 -9.0939013E-01 -4.8588867E+01
  5.5557907E-02  6.4419456E-05  8.2528073E-06 -9.1708320E-01 -4.8509551E+01
  5.6027912E-02  6.6418383E-05  8.5352265E-06 -9.2484100E-01 -4.8429803E+01
  5.6501874E-02  6.8477775E-05  8.8272908E-06 -9.3266409E-01 -4.8349620E+01
  5.6979825E-02  7.0599403E-05  9.1293288E-06 -9.4055301E-01 -4.8269003E+01
  5.7461798E-02  7.2785086E-05  9.4416804E-06 -9.4850830E-01 -4.8187950E+01
  5.7947829E-02  7.5036696E-05  9.7646971E-06 -9.5653054E-01 -4.8106461E+01
  5.8437951E-02  7.7356158E-05  1.0098742E-05 -9.6462028E-01 -4.8024535E+01
  5.8932199E-02  7.9745447E-05  1.0444191E-05 -9.7277809E-01 -4.7942172E+01
  5.9430607E-02  8.2206598E-05  1.0801433E-05 -9.8100454E-01 -4.7859372E+01
  5.9933210E-02  8.4741698E-05  1.1170869E-05 -9.8930020E-01 -4.7776134E+01
  6.0440043E-02  8.7352896E-05  1.1552915E-05 -9.9766567E-01 -4.7692459E+01
  6.0951143E-02  9.0042399E-05  1.1948000E-05 -1.0061015E+00 -4.7608346E+01
  6.1466545E-02  9.2812474E-05  1.2356568E-05 -1.0146084E+00 -4.7523796E+01
  6.1986286E-02  9.5665452E-05  1.2779078E-05 -1.0231868E+00 -4.7438809E+01
  6.2510401E-02  9.8603729E-05  1.3216005E-05 -1.0318373E+00 -4.7353386E+01
  6.3038928E-02  1.0162977E-04  1.3667840E-05 -1.0405607E+00 -4.7267526E+01
  6.3571904E-02  1.0474609E-04  1.4135091E-05 -1.0493574E+00 -4.7181232E+01
  6.4109366E-02  1.0795531E-04  1.4618281E-05 -1.0582282E+00 -4.7094505E+01
  6.4651352E-02  1.1126008E-04  1.5117954E-05 -1.0671736E+00 -4.7007345E+01
  6.5197900E-02  1.1466316E-04  1.5634670E-05 -1.0761942E+00 -4.6919754E+01
  6.5749049E-02  1.1816735E-04  1.6169010E-05 -1.0852908E+00 -4.6831734E+01
  6.6304837E-02  1.2177556E-04  1.6721572E-05 -1.0944638E+00 -4.6743288E+01
  6.6865303E-02  1.2549076E-04  1.7292978E-05 -1.1037140E+00 -4.6654416E+01
  6.7430487E-02  1.2931601E-04  1.7883868E-05 -1.1130421E+00 -4.6565123E+01
  6.8000428E-02  1.3325444E-04  1.8494905E-05 -1.1224486E+00 -4.6475410E+01
  6.8575167E-02  1.3730927E-04  1.9126773E-05 -1.1319342E+00 -4.6385280E+01
  6.9154744E-02  1.4148383E-04  1.9780183E-05 -1.1414996E+00 -4.6294737E+01
  6.9739199E-02  1.4578150E-04  2.0455865E-05 -1.1511455E+00 -4.6203784E+01
  7.0328573E-02  1.5020578E-04  2.1154578E-05 -1.1608725E+00 -4.6112425E+01
  7.0922909E-02  1.5476025E-04  2.1877104E-05 -1.1706813E+00 -4.6020664E+01
  7.1522247E-02  1.5944861E-04  2.2624253E-05 -1.1805726E+00 -4.5928504E+01
  7.2126631E-02  1.6427462E-04  2.3396862E-05 -1.1905471E+00 -4.5835951E+01
  7.2736101E-02  1.6924217E-04  2.4195796E-05 -1.2006055E+00 -4.5743007E+01
  7.3350702E-02  1.7435525E-04  2.5021950E-05 -1.2107485E+00 -4.5649679E+01
  7.3970476E-02  1.7961796E-04  2.5876249E-05 -1.2209768E+00 -4.5555971E+01
  7.4595467E-02  1.8503448E-04  2.6759648E-05 -1.2312911E+00 -4.5461886E+01
  7.5225719E-02  1.9060914E-04  2.7673137E-05 -1.2416921E+00 -4.5367431E+01
  7.5861276E-02  1.9634636E-04  2.8617738E-05 -1.2521806E+00 -4.5272610E+01
  7.6502182E-02  2.0225069E-04  2.9594506E-05 -1.2627573E+00 -4.5177428E+01
  7.7148484E-02  2.0832680E-04  3.0604536E-05 -1.2734230E+00 -4.5081889E+01
  7.7800225E-02  2.1457946E-04  3.1648955E-05 -1.2841783E+00 -4.4985998E+01
  7.8457453E-02  2.2101360E-04  3.2728932E-05 -1.2950240E+00 -4.4889759E+01
  7.9120213E-02  2.2763425E-04  3.3845674E-05 -1.3059609E+00 -4.4793177E+01
  7.9788551E-02  2.3444660E-04  3.5000428E-05 -1.3169898E+00 -4.4696257E+01
  8.0462515E-02  2.4145595E-04  3.6194484E-05 -1.3281114E+00 -4.4599000E+01
  8.1142152E-02  2.4866775E-04  3.7429177E-05 -1.3393264E+00 -4.4501412E+01
  8.1827510E-02  2.5608759E-04  3.8705885E-05 -1.3506358E+00 -4.4403495E+01
  8.2518637E-02  2.6372122E-04  4.0026033E-05 -1.3620402E+00 -4.4305251E+01
  8.3215581E-02  2.7157450E-04  4.1391095E-05 -1.3735404E+00 -4.4206684E+01
  8.3918392E-02  2.7965349E-04  4.2802595E-05 -1.3851374E+00 -4.4107795E+01
  8.4627119E-02  2.8796437E-04  4.4262106E-05 -1.3968317E+00 -4.4008584E+01
  8.5341811E-02  2.9651350E-04  4.5771256E-05 -1.4086244E+00 -4.3909054E+01
  8.6062519E-02  3.0530739E-04  4.7331729E-05 -1.4205162E+00 -4.3809204E+01
  8.6789293E-02  3.1435273E-04  4.8945264E-05 -1.4325079E+00 -4.3709034E+01
  8.7522186E-02  3.2365637E-04  5.0613660E-05 -1.4446003E+00 -4.3608543E+01
  8.8261247E-02  3.3322533E-04  5.2338775E-05 -1.4567944E+00 -4.3507729E+01
  8.9006529E-02  3.4306684E-04  5.4122531E-05 -1.4690909E+00 -4.3406590E+01
  8.9758084E-02  3.5318827E-04  5.5966914E-05 -1.4814907E+00 -4.3305124E+01
  9.0515966E-02  3.6359721E-04  5.7873979E-05 -1.4939946E+00 -4.3203328E+01
  9.1280227E-02  3.7430143E-04  5.9845847E-05 -1.5066036E+00 -4.3101197E+01
  9.2050921E-02  3.8530889E-04  6.1884712E-05 -1.5193185E+00 -4.2998727E+01
  9.2828103E-02  3.9662777E-04  6.3992844E-05 -1.5321402E+00 -4.2895914E+01
  9.3611826E-02  4.0826644E-04  6.6172586E-05 -1.5450695E+00 -4.2792751E+01
  9.4402146E-02  4.2023348E-04  6.8426362E-05 -1.5581075E+00 -4.2689234E+01
  9.5199118E-02  4.3253768E-04  7.0756676E-05 -1.5712549E+00 -4.2585357E+01
  9.6002799E-02  4.4518807E-04  7.3166118E-05 -1.5845127E+00 -4.2481113E+01
  9.6813245E-02  4.5819389E-04  7.5657365E-05 -1.5978818E+00 -4.2376495E+01
  9.7630513E-02  4.7156461E-04  7.8233183E-05 -1.6113631E+00 -4.2271498E+01
  9.8454660E-02  4.8530994E-04  8.0896431E-05 -1.6249576E+00 -4.2166115E+01
  9.9285744E-02  4.9943983E-04  8.3650066E-05 -1.6386661E+00 -4.2060339E+01
  1.0012382E-01  5.1396446E-04  8.6497141E-05 -1.6524897E+00 -4.1954164E+01
  1.0096896E-01  5.2889429E-04  8.9440815E-05 -1.6664293E+00 -4.1847583E+01
  1.0182121E-01  5.4424001E-04  9.2484351E-05 -1.6804859E+00 -4.1740591E+01
  1.0268063E-01  5.6001258E-04  9.5631123E-05 -1.6946604E+00 -4.1633183E+01
  1.0354728E-01  5.7622325E-04  9.8884617E-05 -1.7089538E+00 -4.1525352E+01
  1.0442123E-01  5.9288350E-04  1.0224844E-04 -1.7233670E+00 -4.1417094E+01
  1.0530254E-01  6.1000514E-04  1.0572631E-04 -1.7379012E+00 -4.1308404E+01
  1.0619127E-01  6.2760022E-04  1.0932208E-04 -1.7525572E+00 -4.1199279E+01
  1.0708747E-01  6.4568112E-04  1.1303972E-04 -1.7673361E+00 -4.1089714E+01
  1.0799122E-01  6.6426050E-04  1.1688336E-04 -1.7822389E+00 -4.0979708E+01
  1.0890258E-01  6.8335132E-04  1.2085724E-04 -1.7972666E+00 -4.0869256E+01
  1.0982161E-01  7.0296687E-04  1.2496575E-04 -1.8124203E+00 -4.0758358E+01
  1.1074837E-01  7.2312074E-04  1.2921342E-04 -1.8277009E+00 -4.0647011E+01
  1.1168294E-01  7.4382687E-04  1.3360496E-04 -1.8431096E+00 -4.0535215E+01
  1.1262537E-01  7.6509951E-04  1.3814521E-04 -1.8586473E+00 -4.0422967E+01
  1.1357574E-01  7.8695325E-04  1.4283918E-04 -1.8743152E+00 -4.0310269E+01
  1.1453410E-01  8.0940304E-04  1.4769204E-04 -1.8901142E+00 -4.0197120E+01
  1.1550053E-01  8.3246419E-04  1.5270916E-04 -1.9060456E+00 -4.0083520E+01
  1.1647510E-01  8.5615234E-04  1.5789605E-04 -1.9221103E+00 -3.9969469E+01
  1.1745787E-01  8.8048354E-04  1.6325843E-04 -1.9383095E+00 -3.9854969E+01
  1.1844891E-01  9.0547419E-04  1.6880220E-04 -1.9546442E+00 -3.9740020E+01
  1.1944829E-01  9.3114108E-04  1.7453348E-04 -1.9711156E+00 -3.9624623E+01
  1.2045609E-01  9.5750139E-04  1.8045856E-04 -1.9877248E+00 -3.9508781E+01
  1.2147237E-01  9.8457272E-04  1.8658396E-04 -2.0044729E+00 -3.9392495E+01
  1.2249720E-01  1.0123731E-03  1.9291641E-04 -2.0213610E+00 -3.9275766E+01
  1.2353066E-01  1.0409208E-03  1.9946288E-04 -2.0383902E+00 -3.9158597E+01
  1.2457282E-01  1.0702349E-03  2.0623054E-04 -2.0555618E+00 -3.9040990E+01
  1.2562375E-01  1.1003345E-03  2.1322684E-04 -2.0728769E+00 -3.8922947E+01
  1.2668353E-01  1.1312393E-03  2.2045943E-04 -2.0903366E+00 -3.8804469E+01
  1.2775223E-01  1.1629697E-03  2.2793627E-04 -2.1079420E+00 -3.8685561E+01
  1.2882992E-01  1.1955461E-03  2.3566553E-04 -2.1256945E+00 -3.8566224E+01
  1.2991669E-01  1.2289897E-03  2.4365570E-04 -2.1435952E+00 -3.8446461E+01
  1.3101260E-01  1.2633221E-03  2.5191551E-04 -2.1616452E+00 -3.8326276E+01
  1.3211774E-01  1.2985653E-03  2.6045400E-04 -2.1798457E+00 -3.8205670E+01
  1.3323218E-01  1.3347421E-03  2.6928052E-04 -2.1981981E+00 -3.8084647E+01
  1.3435600E-01  1.3718754E-03  2.7840472E-04 -2.2167034E+00 -3.7963210E+01
  1.3548928E-01  1.4099889E-03  2.8783655E-04 -2.2353629E+00 -3.7841363E+01
  1.3663210E-01  1.4491067E-03  2.9758633E-04 -2.2541779E+00 -3.7719108E+01
  1.3778453E-01  1.4892535E-03  3.0766468E-04 -2.2731496E+00 -3.7596449E+01
  1.3894667E-01  1.5304546E-03  3.1808261E-04 -2.2922792E+00 -3.7473390E+01
  1.4011860E-01  1.5727358E-03  3.2885147E-04 -2.3115680E+00 -3.7349934E+01
  1.4130038E-01  1.6161235E-03  3.3998299E-04 -2.3310173E+00 -3.7226085E+01
  1.4249212E-01  1.6606446E-03  3.5148928E-04 -2.3506282E+00 -3.7101846E+01
  1.4369388E-01  1.7063268E-03  3.6338288E-04 -2.3704022E+00 -3.6977222E+01
  1.4490576E-01  1.7531981E-03  3.7567670E-04 -2.3903405E+00 -3.6852216E+01
  1.4612784E-01  1.8012875E-03  3.8838412E-04 -2.4104443E+00 -3.6726832E+01
  1.4736021E-01  1.8506243E-03  4.0151892E-04 -2.4307150E+00 -3.6601073E+01
  1.4860295E-01  1.9012386E-03  4.1509536E-04 -2.4511539E+00 -3.6474945E+01
  1.4985616E-01  1.9531611E-03  4.2912817E-04 -2.4717623E+00 -3.6348451E+01
  1.5111991E-01  2.0064233E-03  4.4363255E-04 -2.4925415E+00 -3.6221595E+01
  1.5239430E-01  2.0610573E-03  4.5862421E-04 -2.5134929E+00 -3.6094381E+01
  1.5367941E-01  2.1170959E-03  4.7411938E-04 -2.5346177E+00 -3.5966812E+01
  1.5497534E-01  2.1745725E-03  4.9013481E-04 -2.5559174E+00 -3.5838894E+01
  1.5628219E-01  2.2335213E-03  5.0668781E-04 -2.5773932E+00 -3.5710630E+01
  1.5760003E-01  2.2939774E-03  5.2379625E-04 -2.5990465E+00 -3.5582024E+01
  1.5892896E-01  2.3559765E-03  5.4147859E-04 -2.6208787E+00 -3.5453079E+01
  1.6026908E-01  2.4195549E-03  5.5975391E-04 -2.6428911E+00 -3.5323800E+01
  1.6162048E-01  2.4847500E-03  5.7864187E-04 -2.6650851E+00 -3.5194191E+01
  1.6298326E-01  2.5515998E-03  5.9816283E-04 -2.6874621E+00 -3.5064255E+01
  1.6435751E-01  2.6201432E-03  6.1833776E-04 -2.7100234E+00 -3.4933996E+01
  1.6574332E-01  2.6904198E-03  6.3918837E-04 -2.7327705E+00 -3.4803418E+01
  1.6714080E-01  2.7624701E-03  6.6073703E-04 -2.7557047E+00 -3.4672523E+01
  1.6855004E-01  2.8363356E-03  6.8300686E-04 -2.7788274E+00 -3.4541317E+01
  1.6997115E-01  2.9120584E-03  7.0602174E-04 -2.8021401E+00 -3.4409801E+01
  1.7140422E-01  2.9896817E-03  7.2980631E-04 -2.8256440E+00 -3.4277979E+01
  1.7284935E-01  3.0692495E-03  7.5438603E-04 -2.8493407E+00 -3.4145854E+01
  1.7430664E-01  3.1508067E-03  7.7978717E-04 -2.8732315E+00 -3.4013429E+01
  1.7577620E-01  3.2343993E-03  8.0603686E-04 -2.8973179E+00 -3.3880707E+01
  1.7725813E-01  3.3200740E-03  8.3316312E-04 -2.9216012E+00 -3.3747691E+01
  1.7875254E-01  3.4078786E-03  8.6119485E-04 -2.9460829E+00 -3.3614383E+01
  1.8025952E-01  3.4978619E-03  8.9016191E-04 -2.9707644E+00 -3.3480785E+01
  1.8177919E-01  3.5900738E-03  9.2009512E-04 -2.9956471E+00 -3.3346901E+01
  1.8331165E-01  3.6845650E-03  9.5102630E-04 -3.0207325E+00 -3.3212732E+01
  1.8485701E-01  3.7813874E-03  9.8298828E-04 -3.0460219E+00 -3.3078280E+01
  1.8641538E-01  3.8805938E-03  1.0160150E-03 -3.0715168E+00 -3.2943547E+01
  1.8798686E-01  3.9822383E-03  1.0501413E-03 -3.0972185E+00 -3.2808535E+01
  1.8957157E-01  4.0863760E-03  1.0854035E-03 -3.1231287E+00 -3.2673245E+01
  1.9116962E-01  4.1930631E-03  1.1218388E-03 -3.1492485E+00 -3.2537679E+01
  1.9278113E-01  4.3023569E-03  1.1594856E-03 -3.1755795E+00 -3.2401839E+01
  1.9440620E-01  4.4143159E-03  1.1983837E-03 -3.2021232E+00 -3.2265724E+01
  1.9604494E-01  4.5289999E-03  1.2385741E-03 -3.2288808E+00 -3.2129337E+01
  1.9769748E-01  4.6464697E-03  1.2800990E-03 -3.2558538E+00 -3.1992678E+01
  1.9936393E-01  4.7667874E-03  1.3230021E-03 -3.2830436E+00 -3.1855748E+01
  2.0104441E-01  4.8900165E-03  1.3673284E-03 -3.3104516E+00 -3.1718547E+01
  2.0273904E-01  5.0162214E-03  1.4131244E-03 -3.3380793E+00 -3.1581077E+01
  2.0444792E-01  5.1454682E-03  1.4604380E-03 -3.3659279E+00 -3.1443337E+01
  2.0617120E-01  5.2778241E-03  1.5093188E-03 -3.3939990E+00 -3.1305328E+01
  2.0790897E-01  5.4133577E-03  1.5598177E-03 -3.4222938E+00 -3.1167050E+01
  2.0966138E-01  5.5521389E-03  1.6119875E-03 -3.4508137E+00 -3.1028503E+01
  2.1142853E-01  5.6942391E-03  1.6658824E-03 -3.4795601E+00 -3.0889687E+01
  2.1321056E-01  5.8397309E-03  1.7215586E-03 -3.5085344E+00 -3.0750602E+01
  2.1500759E-01  5.9886886E-03  1.7790738E-03 -3.5377378E+00 -3.0611249E+01
  2.1681975E-01  6.1411878E-03  1.8384877E-03 -3.5671717E+00 -3.0471626E+01
  2.1864716E-01  6.2973058E-03  1.8998618E-03 -3.5968374E+00 -3.0331734E+01
  2.2048995E-01  6.4571211E-03  1.9632596E-03 -3.6267362E+00 -3.0191573E+01
  2.2234826E-01  6.6207139E-03  2.0287466E-03 -3.6568694E+00 -3.0051143E+01
  2.2422220E-01  6.7881662E-03  2.0963902E-03 -3.6872382E+00 -2.9910442E+01
  2.2611192E-01  6.9595612E-03  2.1662601E-03 -3.7178439E+00 -2.9769472E+01
  2.2801755E-01  7.1349841E-03  2.2384280E-03 -3.7486878E+00 -2.9628232E+01
  2.2993922E-01  7.3145216E-03  2.3129681E-03 -3.7797709E+00 -2.9486722E+01
  2.3187706E-01  7.4982621E-03  2.3899565E-03 -3.8110946E+00 -2.9344941E+01
  2.3383121E-01  7.6862958E-03  2.4694722E-03 -3.8426599E+00 -2.9202890E+01
  2.3580182E-01  7.8787146E-03  2.5515962E-03 -3.8744681E+00 -2.9060570E+01
  2.3778901E-01  8.0756122E-03  2.6364122E-03 -3.9065201E+00 -2.8917979E+01
  2.3979293E-01  8.2770843E-03  2.7240064E-03 -3.9388172E+00 -2.8775119E+01
  2.4181371E-01  8.4832283E-03  2.8144679E-03 -3.9713603E+00 -2.8631989E+01
  2.4385151E-01  8.6941435E-03  2.9078883E-03 -4.0041505E+00 -2.8488591E+01
  2.4590645E-01  8.9099313E-03  3.0043620E-03 -4.0371888E+00 -2.8344925E+01
  2.4797870E-01  9.1306950E-03  3.1039865E-03 -4.0704760E+00 -2.8200991E+01
  2.5006839E-01  9.3565399E-03  3.2068621E-03 -4.1040133E+00 -2.8056791E+01
  2.5217566E-01  9.5875735E-03  3.3130923E-03 -4.1378013E+00 -2.7912326E+01
  2.5430068E-01  9.8239052E-03  3.4227837E-03 -4.1718410E+00 -2.7767597E+01
  2.5644358E-01  1.0065647E-02  3.5360461E-03 -4.2061332E+00 -2.7622605E+01
  2.5860452E-01  1.0312912E-02  3.6529928E-03 -4.2406785E+00 -2.7477353E+01
  2.6078365E-01  1.0565817E-02  3.7737403E-03 -4.2754778E+00 -2.7331842E+01
  2.6298112E-01  1.0824480E-02  3.8984088E-03 -4.3105316E+00 -2.7186074E+01
  2.6519709E-01  1.1089023E-02  4.0271221E-03 -4.3458406E+00 -2.7040053E+01
  2.6743172E-01  1.1359567E-02  4.1600077E-03 -4.3814052E+00 -2.6893781E+01
  2.6968515E-01  1.1636239E-02  4.2971969E-03 -4.4172261E+00 -2.6747261E+01
  2.7195755E-01  1.1919167E-02  4.4388250E-03 -4.4533036E+00 -2.6600499E+01
  2.7424907E-01  1.2208481E-02  4.5850312E-03 -4.4896380E+00 -2.6453498E+01
  2.7655989E-01  1.2504315E-02  4.7359592E-03 -4.5262298E+00 -2.6306264E+01
  2.7889016E-01  1.2806804E-02  4.8917565E-03 -4.5630790E+00 -2.6158803E+01
  2.8124004E-01  1.3116088E-02  5.0525753E-03 -4.6001859E+00 -2.6011123E+01
  2.8360970E-01  1.3432307E-02  5.2185723E-03 -4.6375505E+00 -2.5863231E+01
  2.8599931E-01  1.3755605E-02  5.3899086E-03 -4.6751728E+00 -2.5715137E+01
  2.8840903E-01  1.4086130E-02  5.5667503E-03 -4.7130528E+00 -2.5566853E+01
  2.9083904E-01  1.4424032E-02  5.7492681E-03 -4.7511903E+00 -2.5418390E+01
  2.9328950E-01  1.4769464E-02  5.9376380E-03 -4.7895850E+00 -2.5269765E+01
  2.9576059E-01  1.5122582E-02  6.1320409E-03 -4.8282365E+00 -2.5120992E+01
  2.9825247E-01  1.5483545E-02  6.3326631E-03 -4.8671444E+00 -2.4972092E+01
  3.0076534E-01  1.5852516E-02  6.5396961E-03 -4.9063082E+00 -2.4823085E+01
  3.0329935E-01  1.6229661E-02  6.7533371E-03 -4.9457271E+00 -2.4673996E+01
  3.0585469E-01  1.6615148E-02  6.9737891E-03 -4.9854004E+00 -2.4524849E+01
  3.0843155E-01  1.7009151E-02  7.2012605E-03 -5.0253272E+00 -2.4375675E+01
  3.1103009E-01  1.7411845E-02  7.4359662E-03 -5.0655065E+00 -2.4226506E+01
  3.1365051E-01  1.7823410E-02  7.6781268E-03 -5.1059371E+00 -2.4077375E+01
  3.1629298E-01  1.8244030E-02  7.9279693E-03 -5.1466178E+00 -2.3928320E+01
  3.1895770E-01  1.8673891E-02  8.1857272E-03 -5.1875471E+00 -2.3779380E+01
  3.2164485E-01  1.9113184E-02  8.4516405E-03 -5.2287235E+00 -2.3630594E+01
  3.2435461E-01  1.9562104E-02  8.7259560E-03 -5.2701453E+00 -2.3482007E+01
  3.2708719E-01  2.0020849E-02  9.0089274E-03 -5.3118107E+00 -2.3333659E+01
  3.2984276E-01  2.0489622E-02  9.3008153E-03 -5.3537175E+00 -2.3185593E+01
  3.3262153E-01  2.0968629E-02  9.6018877E-03 -5.3958637E+00 -2.3037851E+01
  3.3542369E-01  2.1458081E-02  9.9124200E-03 -5.4382469E+00 -2.2890472E+01
  3.3824944E-01  2.1958193E-02  1.0232695E-02 -5.4808646E+00 -2.2743491E+01
  3.4109897E-01  2.2469183E-02  1.0563004E-02 -5.5237140E+00 -2.2596939E+01
  3.4397249E-01  2.2991275E-02  1.0903645E-02 -5.5667922E+00 -2.2450842E+01
  3.4687020E-01  2.3524697E-02  1.1254925E-02 -5.6100961E+00 -2.2305217E+01
  3.4979230E-01  2.4069680E-02  1.1617159E-02 -5.6536225E+00 -2.2160075E+01
  3.5273899E-01  2.4626463E-02  1.1990670E-02 -5.6973677E+00 -2.2015415E+01
  3.5571049E-01  2.5195285E-02  1.2375792E-02 -5.7413281E+00 -2.1871228E+01
  3.5870700E-01  2.5776394E-02  1.2772863E-02 -5.7854995E+00 -2.1727494E+01
  3.6172873E-01  2.6370040E-02  1.3182236E-02 -5.8298780E+00 -2.1584183E+01
  3.6477590E-01  2.6976479E-02  1.3604269E-02 -5.8744588E+00 -2.1441255E+01
  3.6784871E-01  2.7595973E-02  1.4039330E-02 -5.9192374E+00 -2.1298661E+01
  3.7094739E-01  2.8228787E-02  1.4487799E-02 -5.9642088E+00 -2.1156344E+01
  3.7407216E-01  2.8875194E-02  1.4950063E-02 -6.0093676E+00 -2.1014244E+01
  3.7722323E-01  2.9535471E-02  1.5426520E-02 -6.0547084E+00 -2.0872295E+01
  3.8040082E-01  3.0209901E-02  1.5917579E-02 -6.1002253E+00 -2.0730433E+01
  3.8360516E-01  3.0898773E-02  1.6423659E-02 -6.1459122E+00 -2.0588594E+01
  3.8683647E-01  3.1602383E-02  1.6945189E-02 -6.1917627E+00 -2.0446718E+01
  3.9009497E-01  3.2321033E-02  1.7482609E-02 -6.2377700E+00 -2.0304753E+01
  3.9338091E-01  3.3055030E-02  1.8036371E-02 -6.2839269E+00 -2.0162653E+01
  3.9669451E-01  3.3804690E-02  1.8606937E-02 -6.3302261E+00 -2.0020380E+01
  4.0003600E-01  3.4570335E-02  1.9194780E-02 -6.3766598E+00 -1.9877908E+01
  4.0340561E-01  3.5352296E-02  1.9800387E-02 -6.4232199E+00 -1.9735218E+01
  4.0680359E-01  3.6150908E-02  2.0424255E-02 -6.4698977E+00 -1.9592300E+01
  4.1023017E-01  3.6966518E-02  2.1066893E-02 -6.5166844E+00 -1.9449154E+01
  4.1368560E-01  3.7799477E-02  2.1728822E-02 -6.5635707E+00 -1.9305786E+01
  4.1717011E-01  3.8650149E-02  2.2410578E-02 -6.6105470E+00 -1.9162208E+01
  4.2068394E-01  3.9518902E-02  2.3112706E-02 -6.6576029E+00 -1.9018438E+01
  4.2422736E-01  4.0406115E-02  2.3835766E-02 -6.7047281E+00 -1.8874496E+01
  4.2780061E-01  4.1312175E-02  2.4580331E-02 -6.7519114E+00 -1.8730406E+01
  4.3140393E-01  4.2237481E-02  2.5346986E-02 -6.7991415E+00 -1.8586195E+01
  4.3503758E-01  4.3182439E-02  2.6136331E-02 -6.8464063E+00 -1.8441887E+01
  4.3870182E-01  4.4147465E-02  2.6948978E-02 -6.8936935E+00 -1.8297511E+01
  4.4239690E-01  4.5132985E-02  2.7785554E-02 -6.9409902E+00 -1.8153091E+01
  4.4612308E-01  4.6139437E-02  2.8646701E-02 -6.9882830E+00 -1.8008655E+01
  4.4988063E-01  4.7167268E-02  2.9533071E-02 -7.0355579E+00 -1.7864226E+01
  4.5366981E-01  4.8216938E-02  3.0445336E-02 -7.0828005E+00 -1.7719829E+01
  4.5749088E-01  4.9288916E-02  3.1384178E-02 -7.1299957E+00 -1.7575487E+01
  4.6134411E-01  5.0383683E-02  3.2350295E-02 -7.1771281E+00 -1.7431219E+01
  4.6522978E-01  5.1501734E-02  3.3344402E-02 -7.2241814E+00 -1.7287047E+01
  4.6914816E-01  5.2643574E-02  3.4367226E-02 -7.2711390E+00 -1.7142991E+01
  4.7309952E-01  5.3809722E-02  3.5419511E-02 -7.3179836E+00 -1.6999067E+01
  4.7708414E-01  5.5000710E-02  3.6502016E-02 -7.3646972E+00 -1.6855293E+01
  4.8110230E-01  5.6217083E-02  3.7615515E-02 -7.4112614E+00 -1.6711686E+01
  4.8515429E-01  5.7459399E-02  3.8760798E-02 -7.4576569E+00 -1.6568261E+01
  4.8924038E-01  5.8728233E-02  3.9938671E-02 -7.5038639E+00 -1.6425034E+01
  4.9336086E-01  6.0024171E-02  4.1149956E-02 -7.5498620E+00 -1.6282020E+01
  4.9751603E-01  6.1347818E-02  4.2395490E-02 -7.5956301E+00 -1.6139234E+01
  5.0170617E-01  6.2699791E-02  4.3676128E-02 -7.6411463E+00 -1.5996690E+01
  5.0593158E-01  6.4080725E-02  4.4992740E-02 -7.6863881E+00 -1.5854402E+01
  5.1019257E-01  6.5491271E-02  4.6346211E-02 -7.7313324E+00 -1.5712386E+01
  5.1448941E-01  6.6932097E-02  4.7737447E-02 -7.7759552E+00 -1.5570655E+01
  5.1882243E-01  6.8403889E-02  4.9167366E-02 -7.8202319E+00 -1.5429225E+01
  5.2319192E-01  6.9907351E-02  5.0636904E-02 -7.8641371E+00 -1.5288111E+01
  5.2759818E-01  7.1443204E-02  5.2147016E-02 -7.9076448E+00 -1.5147329E+01
  5.3204154E-01  7.3012190E-02  5.3698671E-02 -7.9507281E+00 -1.5006893E+01
  5.3652230E-01  7.4615071E-02  5.5292857E-02 -7.9933595E+00 -1.4866820E+01
  5.4104077E-01  7.6252627E-02  5.6930576E-02 -8.0355105E+00 -1.4727126E+01
  5.4559728E-01  7.7925660E-02  5.8612852E-02 -8.0771521E+00 -1.4587827E+01
  5.5019215E-01  7.9634996E-02  6.0340722E-02 -8.1182544E+00 -1.4448941E+01
  5.5482569E-01  8.1381478E-02  6.2115242E-02 -8.1587868E+00 -1.4310486E+01
  5.5949823E-01  8.3165977E-02  6.3937484E-02 -8.1987179E+00 -1.4172477E+01
  5.6421010E-01  8.4989385E-02  6.5808539E-02 -8.2380155E+00 -1.4034933E+01
  5.6896164E-01  8.6852617E-02  6.7729514E-02 -8.2766467E+00 -1.3897872E+01
  5.7375316E-01  8.8756616E-02  6.9701534E-02 -8.3145777E+00 -1.3761313E+01
  5.7858503E-01  9.0702348E-02  7.1725743E-02 -8.3517741E+00 -1.3625272E+01
  5.8345756E-01  9.2690806E-02  7.3803299E-02 -8.3882006E+00 -1.3489768E+01
  5.8837111E-01  9.4723011E-02  7.5935380E-02 -8.4238213E+00 -1.3354820E+01
  5.9332602E-01  9.6800012E-02  7.8123182E-02 -8.4585994E+00 -1.3220446E+01
  5.9832263E-01  9.8922885E-02  8.0367917E-02 -8.4924974E+00 -1.3086664E+01
  6.0336130E-01  1.0109274E-01  8.2670816E-02 -8.5254773E+00 -1.2953492E+01
  6.0844239E-01  1.0331071E-01  8.5033127E-02 -8.5575000E+00 -1.2820949E+01
  6.1356625E-01  1.0557796E-01  8.7456117E-02 -8.5885261E+00 -1.2689051E+01
  6.1873323E-01  1.0789570E-01  8.9941071E-02 -8.6185153E+00 -1.2557817E+01
  6.2394371E-01  1.1026515E-01  9.2489290E-02 -8.6474267E+00 -1.2427264E+01
  6.2919804E-01  1.1268760E-01  9.5102097E-02 -8.6752188E+00 -1.2297409E+01
  6.3449661E-01  1.1516433E-01  9.7780830E-02 -8.7018495E+00 -1.2168270E+01
  6.3983977E-01  1.1769669E-01  1.0052685E-01 -8.7272762E+00 -1.2039861E+01
  6.4522791E-01  1.2028605E-01  1.0334152E-01 -8.7514557E+00 -1.1912200E+01
  6.5066140E-01  1.2293383E-01  1.0622626E-01 -8.7743442E+00 -1.1785302E+01
  6.5614063E-01  1.2564148E-01  1.0918247E-01 -8.7958978E+00 -1.1659182E+01
  6.6166598E-01  1.2841049E-01  1.1221158E-01 -8.8160717E+00 -1.1533855E+01
  6.6723784E-01  1.3124241E-01  1.1531506E-01 -8.8348212E+00 -1.1409335E+01
  6.7285660E-01  1.3413879E-01  1.1849437E-01 -8.8521010E+00 -1.1285636E+01
  6.7852266E-01  1.3710128E-01  1.2175101E-01 -8.8678657E+00 -1.1162772E+01
  6.8423641E-01  1.4013152E-01  1.2508651E-01 -8.8820695E+00 -1.1040755E+01
  6.8999825E-01  1.4323124E-01  1.2850239E-01 -8.8946667E+00 -1.0919598E+01
  6.9580860E-01  1.4640219E-01  1.3200023E-01 -8.9056114E+00 -1.0799311E+01
  7.0166785E-01  1.4964619E-01  1.3558160E-01 -8.9148578E+00 -1.0679907E+01
  7.0757642E-01  1.5296508E-01  1.3924812E-01 -8.9223600E+00 -1.0561396E+01
  7.1353473E-01  1.5636079E-01  1.4300141E-01 -8.9280724E+00 -1.0443788E+01
  7.1954319E-01  1.5983527E-01  1.4684314E-01 -8.9319497E+00 -1.0327092E+01
  7.2560222E-01  1.6339055E-01  1.5077500E-01 -8.9339467E+00 -1.0211318E+01
  7.3171226E-01  1.6702869E-01  1.5479869E-01 -8.9340189E+00 -1.0096473E+01
  7.3787372E-01  1.7075183E-01  1.5891597E-01 -8.9321221E+00 -9.9825653E+00
  7.4408705E-01  1.7456216E-01  1.6312859E-01 -8.9282130E+00 -9.8696021E+00
  7.5035269E-01  1.7846193E-01  1.6743838E-01 -8.9222487E+00 -9.7575898E+00
  7.5667106E-01  1.8245346E-01  1.7184717E-01 -8.9141874E+00 -9.6465345E+00
  7.6304261E-01  1.8653912E-01  1.7635683E-01 -8.9039883E+00 -9.5364415E+00
  7.6946780E-01  1.9072137E-01  1.8096928E-01 -8.8916115E+00 -9.4273157E+00
  7.7594707E-01  1.9500270E-01  1.8568646E-01 -8.8770186E+00 -9.3191614E+00
  7.8248088E-01  1.9938571E-01  1.9051037E-01 -8.8601724E+00 -9.2119823E+00
  7.8906969E-01  2.0387306E-01  1.9544304E-01 -8.8410372E+00 -9.1057815E+00
  7.9571395E-01  2.0846746E-01  2.0048657E-01 -8.8195790E+00 -9.0005618E+00
  8.0241415E-01  2.1317172E-01  2.0564307E-01 -8.7957658E+00 -8.8963253E+00
  8.0917074E-01  2.1798873E-01  2.1091474E-01 -8.7695674E+00 -8.7930735E+00
  8.1598421E-01  2.2292146E-01  2.1630381E-01 -8.7409557E+00 -8.6908076E+00
  8.2285503E-01  2.2797293E-01  2.2181258E-01 -8.7099049E+00 -8.5895282E+00
  8.2978368E-01  2.3314629E-01  2.2744342E-01 -8.6763919E+00 -8.4892355E+00
  8.3677065E-01  2.3844475E-01  2.3319874E-01 -8.6403961E+00 -8.3899291E+00
  8.4381644E-01  2.4387162E-01  2.3908104E-01 -8.6018997E+00 -8.2916082E+00
  8.5092153E-01  2.4943030E-01  2.4509290E-01 -8.5608881E+00 -8.1942717E+00
  8.5808643E-01  2.5512428E-01  2.5123697E-01 -8.5173498E+00 -8.0979179E+00
  8.6531164E-01  2.6095715E-01  2.5751597E-01 -8.4712767E+00 -8.0025449E+00
  8.7259767E-01  2.6693261E-01  2.6393272E-01 -8.4226645E+00 -7.9081502E+00
  8.7994502E-01  2.7305445E-01  2.7049015E-01 -8.3715125E+00 -7.8147310E+00
  8.8735422E-01  2.7932656E-01  2.7719127E-01 -8.3178241E+00 -7.7222842E+00
  8.9482579E-01  2.8575296E-01  2.8403920E-01 -8.2616070E+00 -7.6308063E+00
  9.0236025E-01  2.9233778E-01  2.9103716E-01 -8.2028733E+00 -7.5402937E+00
  9.0995813E-01  2.9908523E-01  2.9818852E-01 -8.1416398E+00 -7.4507421E+00
  9.1761996E-01  3.0599969E-01  3.0549673E-01 -8.0779280E+00 -7.3621473E+00
  9.2534629E-01  3.1308563E-01  3.1296541E-01 -8.0117647E+00 -7.2745046E+00
  9.3313765E-01  3.2034764E-01  3.2059830E-01 -7.9431817E+00 -7.1878091E+00
  9.4099460E-01  3.2779046E-01  3.2839929E-01 -7.8722165E+00 -7.1020558E+00
  9.4891768E-01  3.3541896E-01  3.3637242E-01 -7.7989122E+00 -7.0172393E+00
  9.5690745E-01  3.4323812E-01  3.4452190E-01 -7.7233178E+00 -6.9333542E+00
  9.6496448E-01  3.5125310E-01  3.5285210E-01 -7.6454883E+00 -6.8503948E+00
  9.7308932E-01  3.5946917E-01  3.6136757E-01 -7.5654849E+00 -6.7683552E+00
  9.8128256E-01  3.6789177E-01  3.7007306E-01 -7.4833754E+00 -6.6872295E+00
  9.8954476E-01  3.7652647E-01  3.7897349E-01 -7.3992341E+00 -6.6070116E+00
  9.9787650E-01  3.8537903E-01  3.8807402E-01 -7.3131418E+00 -6.5276953E+00
  1.0062784E+00  3.9445534E-01  3.9737998E-01 -7.2251865E+00 -6.4492743E+00
  1.0147510E+00  4.0376148E-01  4.0689697E-01 -7.1354629E+00 -6.3717423E+00
  1.0232949E+00  4.1330367E-01  4.1663079E-01 -7.0440729E+00 -6.2950927E+00
  1.0319107E+00  4.2308834E-01  4.2658749E-01 -6.9511255E+00 -6.2193192E+00
  1.0405991E+00  4.3312209E-01  4.3677338E-01 -6.8567368E+00 -6.1444152E+00
  1.0493606E+00  4.4341168E-01  4.4719503E-01 -6.7610303E+00 -6.0703742E+00
  1.0581958E+00  4.5396410E-01  4.5785927E-01 -6.6641364E+00 -5.9971896E+00
  1.0671054E+00  4.6478651E-01  4.6877322E-01 -6.5661927E+00 -5.9248549E+00
  1.0760900E+00  4.7588628E-01  4.7994429E-01 -6.4673440E+00 -5.8533635E+00
  1.0851503E+00  4.8727100E-01  4.9138018E-01 -6.3677418E+00 -5.7827090E+00
  1.0942868E+00  4.9894845E-01  5.0308891E-01 -6.2675442E+00 -5.7128849E+00
  1.1035002E+00  5.1092665E-01  5.1507881E-01 -6.1669159E+00 -5.6438848E+00
  1.1127911E+00  5.2321383E-01  5.2735854E-01 -6.0660276E+00 -5.5757021E+00
  1.1221603E+00  5.3581848E-01  5.3993708E-01 -5.9650559E+00 -5.5083307E+00
  1.1316083E+00  5.4874930E-01  5.5282377E-01 -5.8641823E+00 -5.4417643E+00
  1.1411359E+00  5.6201525E-01  5.6602827E-01 -5.7635933E+00 -5.3759965E+00
  1.1507436E+00  5.7562554E-01  5.7956062E-01 -5.6634797E+00 -5.3110214E+00
  1.1604322E+00  5.8958964E-01  5.9343120E-01 -5.5640352E+00 -5.2468328E+00
  1.1702024E+00  6.0391730E-01  6.0765077E-01 -5.4654564E+00 -5.1834247E+00
  1.1800548E+00  6.1861853E-01  6.2223043E-01 -5.3679415E+00 -5.1207913E+00
  1.1899902E+00  6.3370363E-01  6.3718169E-01 -5.2716892E+00 -5.0589266E+00
  1.2000091E+00  6.4918319E-01  6.5251639E-01 -5.1768977E+00 -4.9978251E+00
  1.2101125E+00  6.6506810E-01  6.6824676E-01 -5.0837633E+00 -4.9374809E+00
  1.2203008E+00  6.8136956E-01  6.8438542E-01 -4.9924791E+00 -4.8778886E+00
  1.2305749E+00  6.9809909E-01  7.0094534E-01 -4.9032332E+00 -4.8190427E+00
  1.2409355E+00  7.1526853E-01  7.1793986E-01 -4.8162074E+00 -4.7609376E+00
  1.2513833E+00  7.3289006E-01  7.3538269E-01 -4.7315751E+00 -4.7035683E+00
  1.2619191E+00  7.5097620E-01  7.5328792E-01 -4.6494991E+00 -4.6469293E+00
  1.2725435E+00  7.6953983E-01  7.7166996E-01 -4.5701302E+00 -4.5910155E+00
  1.2832574E+00  7.8859420E-01  7.9054361E-01 -4.4936045E+00 -4.5358219E+00
  1.2940614E+00  8.0815291E-01  8.0992397E-01 -4.4200409E+00 -4.4813435E+00
  1.3049564E+00  8.2822996E-01  8.2982651E-01 -4.3495394E+00 -4.4275753E+00
  1.3159431E+00  8.4883977E-01  8.5026702E-01 -4.2821779E+00 -4.3745125E+00
  1.3270223E+00  8.6999712E-01  8.7126159E-01 -4.2180103E+00 -4.3221503E+00
  1.3381947E+00  8.9171725E-01  8.9282663E-01 -4.1570636E+00 -4.2704841E+00
  1.3494612E+00  9.1401581E-01  9.1497887E-01 -4.0993357E+00 -4.2195091E+00
  1.3608225E+00  9.3690889E-01  9.3773532E-01 -4.0447932E+00 -4.1692208E+00
  1.3722794E+00  9.6041303E-01  9.6111327E-01 -3.9933691E+00 -4.1196146E+00
  1.3838328E+00  9.8454526E-01  9.8513032E-01 -3.9449611E+00 -4.0706861E+00
  1.3954834E+00  1.0093231E+00  1.0098044E+00 -3.8994303E+00 -4.0224308E+00
  1.4072321E+00  1.0347644E+00  1.0351535E+00 -3.8566005E+00 -3.9748443E+00
  1.4190797E+00  1.0608879E+00  1.0611964E+00 -3.8162574E+00 -3.9279222E+00
  1.4310270E+00  1.0877124E+00  1.0879516E+00 -3.7781503E+00 -3.8816600E+00
  1.4430749E+00  1.1152575E+00  1.1154383E+00 -3.7419928E+00 -3.8360535E+00
  1.4552242E+00  1.1435433E+00  1.1436761E+00 -3.7074666E+00 -3.7910983E+00
  1.4674757E+00  1.1725905E+00  1.1726847E+00 -3.6742260E+00 -3.7467898E+00
  1.4798304E+00  1.2024204E+00  1.2024845E+00 -3.6419040E+00 -3.7031237E+00
  1.4922891E+00  1.2330546E+00  1.2330963E+00 -3.6101216E+00 -3.6600954E+00
  1.5048526E+00  1.2645157E+00  1.2645412E+00 -3.5784986E+00 -3.6177004E+00
  1.5175219E+00  1.2968268E+00  1.2968413E+00 -3.5466688E+00 -3.5759339E+00
  1.5302979E+00  1.3300116E+00  1.3300190E+00 -3.5142975E+00 -3.5347912E+00
  1.5431814E+00  1.3640943E+00  1.3640977E+00 -3.4811044E+00 -3.4942674E+00
  1.5561733E+00  1.3991002E+00  1.3991015E+00 -3.4468904E+00 -3.4543574E+00
  1.5692746E+00  1.4350548E+00  1.4350553E+00 -3.4115714E+00 -3.4150559E+00
  1.5824861E+00  1.4719848E+00  1.4719849E+00 -3.3752172E+00 -3.3763576E+00
  1.5958089E+00  1.5099172E+00  1.5099172E+00 -3.3380996E+00 -3.3382568E+00
  1.6092438E+00  1.5488800E+00  1.5488800E+00 -3.3007477E+00 -3.3007477E+00
  1.6227918E+00  1.5889020E+00  1.5889020E+00 -3.2640148E+00 -3.2638242E+00
  1.6364539E+00  1.6300126E+00  1.6300126E+00 -3.2291556E+00 -3.2274800E+00
  1.6502309E+00  1.6722422E+00  1.6722419E+00 -3.1979177E+00 -3.1917085E+00
  1.6641239E+00  1.7156220E+00  1.7156200E+00 -3.1726472E+00 -3.1565029E+00
  1.6781339E+00  1.7601839E+00  1.7601769E+00 -3.1564121E+00 -3.1218561E+00
  1.6922617E+00  1.8059608E+00  1.8059414E+00 -3.1531453E+00 -3.0877606E+00
  1.7065085E+00  1.8529866E+00  1.8529401E+00 -3.1678085E+00 -3.0542089E+00
  1.7208753E+00  1.9012960E+00  1.9011964E+00 -3.2065823E+00 -3.0211930E+00
  1.7353629E+00  1.9509247E+00  1.9507280E+00 -3.2770817E+00 -2.9887048E+00
  1.7499725E+00  2.0019093E+00  2.0015448E+00 -3.3886028E+00 -2.9567359E+00
