   0.0000000E+00   0.0000000E+00  -8.0000000E+01
   5.0071180E-06  -8.4374924E-05  -7.9998681E+01
   1.0085348E-05  -1.6994816E-04  -7.9997605E+01
   1.5235701E-05  -2.5673673E-04  -7.9997029E+01
   2.0459200E-05  -3.4475789E-04  -7.9996969E+01
   2.5756884E-05  -4.3402915E-04  -7.9997759E+01
   3.1129808E-05  -5.2456826E-04  -7.9999360E+01
   3.6579039E-05  -6.1639323E-04  -8.0001730E+01
   4.2105661E-05  -7.0952232E-04  -8.0004860E+01
   4.7710774E-05  -8.0397405E-04  -8.0008634E+01
   5.3395492E-05  -8.9976720E-04  -8.0012917E+01
   5.9160945E-05  -9.9692083E-04  -8.0017549E+01
   6.5008281E-05  -1.0954543E-03  -8.0022369E+01
   7.0938662E-05  -1.1953871E-03  -8.0027216E+01
   7.6953268E-05  -1.2967392E-03  -8.0031940E+01
   8.3053295E-05  -1.3995307E-03  -8.0036412E+01
   8.9239956E-05  -1.5037821E-03  -8.0040521E+01
   9.5514481E-05  -1.6095141E-03  -8.0044181E+01
   1.0187812E-04  -1.7167477E-03  -8.0047329E+01
   1.0833213E-04  -1.8255043E-03  -8.0049922E+01
   1.1487781E-04  -1.9358055E-03  -8.0051937E+01
   1.2151645E-04  -2.0476732E-03  -8.0053368E+01
   1.2824938E-04  -2.1611297E-03  -8.0054222E+01
   1.3507792E-04  -2.2761975E-03  -8.0054518E+01
   1.4200345E-04  -2.3928995E-03  -8.0054282E+01
   1.4902733E-04  -2.5112589E-03  -8.0053545E+01
   1.5615097E-04  -2.6312994E-03  -8.0052343E+01
   1.6337579E-04  -2.7530446E-03  -8.0050714E+01
   1.7070321E-04  -2.8765189E-03  -8.0048695E+01
   1.7813469E-04  -3.0017469E-03  -8.0046324E+01
   1.8567172E-04  -3.1287533E-03  -8.0043638E+01
   1.9331579E-04  -3.2575635E-03  -8.0040669E+01
   2.0106843E-04  -3.3882032E-03  -8.0037451E+01
   2.0893117E-04  -3.5206981E-03  -8.0034012E+01
   2.1690558E-04  -3.6550749E-03  -8.0030379E+01
   2.2499324E-04  -3.7913600E-03  -8.0026577E+01
   2.3319577E-04  -3.9295807E-03  -8.0022626E+01
   2.4151479E-04  -4.0697645E-03  -8.0018547E+01
   2.4995196E-04  -4.2119392E-03  -8.0014356E+01
   2.5850895E-04  -4.3561331E-03  -8.0010069E+01
   2.6718748E-04  -4.5023748E-03  -8.0005696E+01
   2.7598925E-04  -4.6506935E-03  -8.0001251E+01
   2.8491604E-04  -4.8011187E-03  -7.9996742E+01
   2.9396960E-04  -4.9536803E-03  -7.9992177E+01
   3.0315175E-04  -5.1084085E-03  -7.9987563E+01
   3.1246430E-04  -5.2653343E-03  -7.9982906E+01
   3.2190911E-04  -5.4244887E-03  -7.9978209E+01
   3.3148806E-04  -5.5859035E-03  -7.9973478E+01
   3.4120305E-04  -5.7496107E-03  -7.9968714E+01
   3.5105602E-04  -5.9156430E-03  -7.9963921E+01
   3.6104892E-04  -6.0840332E-03  -7.9959099E+01
   3.7118374E-04  -6.2548150E-03  -7.9954249E+01
   3.8146249E-04  -6.4280223E-03  -7.9949373E+01
   3.9188723E-04  -6.6036895E-03  -7.9944471E+01
   4.0246003E-04  -6.7818516E-03  -7.9939543E+01
   4.1318298E-04  -6.9625439E-03  -7.9934588E+01
   4.2405822E-04  -7.1458025E-03  -7.9929606E+01
   4.3508792E-04  -7.3316638E-03  -7.9924596E+01
   4.4627426E-04  -7.5201647E-03  -7.9919557E+01
   4.5761947E-04  -7.7113428E-03  -7.9914489E+01
   4.6912581E-04  -7.9052360E-03  -7.9909390E+01
   4.8079557E-04  -8.1018829E-03  -7.9904259E+01
   4.9263106E-04  -8.3013226E-03  -7.9899094E+01
   5.0463464E-04  -8.5035949E-03  -7.9893895E+01
   5.1680870E-04  -8.7087398E-03  -7.9888659E+01
   5.2915566E-04  -8.9167983E-03  -7.9883385E+01
   5.4167797E-04  -9.1278116E-03  -7.9878071E+01
   5.5437813E-04  -9.3418218E-03  -7.9872717E+01
   5.6725866E-04  -9.5588714E-03  -7.9867320E+01
   5.8032212E-04  -9.7790036E-03  -7.9861879E+01
   5.9357112E-04  -1.0002262E-02  -7.9856392E+01
   6.0700827E-04  -1.0228692E-02  -7.9850858E+01
   6.2063627E-04  -1.0458337E-02  -7.9845274E+01
   6.3445781E-04  -1.0691243E-02  -7.9839640E+01
   6.4847565E-04  -1.0927458E-02  -7.9833953E+01
   6.6269258E-04  -1.1167027E-02  -7.9828212E+01
   6.7711141E-04  -1.1409998E-02  -7.9822416E+01
   6.9173503E-04  -1.1656421E-02  -7.9816561E+01
   7.0656634E-04  -1.1906343E-02  -7.9810648E+01
   7.2160828E-04  -1.2159814E-02  -7.9804674E+01
   7.3686385E-04  -1.2416886E-02  -7.9798638E+01
   7.5233609E-04  -1.2677608E-02  -7.9792538E+01
   7.6802806E-04  -1.2942033E-02  -7.9786372E+01
   7.8394290E-04  -1.3210214E-02  -7.9780139E+01
   8.0008376E-04  -1.3482203E-02  -7.9773837E+01
   8.1645386E-04  -1.3758055E-02  -7.9767464E+01
   8.3305645E-04  -1.4037825E-02  -7.9761019E+01
   8.4989484E-04  -1.4321568E-02  -7.9754500E+01
   8.6697237E-04  -1.4609341E-02  -7.9747905E+01
   8.8429244E-04  -1.4901201E-02  -7.9741233E+01
   9.0185849E-04  -1.5197206E-02  -7.9734482E+01
   9.1967402E-04  -1.5497415E-02  -7.9727651E+01
   9.3774256E-04  -1.5801888E-02  -7.9720737E+01
   9.5606773E-04  -1.6110684E-02  -7.9713740E+01
   9.7465315E-04  -1.6423867E-02  -7.9706657E+01
   9.9350253E-04  -1.6741497E-02  -7.9699486E+01
   1.0126196E-03  -1.7063638E-02  -7.9692227E+01
   1.0320082E-03  -1.7390354E-02  -7.9684877E+01
   1.0516721E-03  -1.7721711E-02  -7.9677434E+01
   1.0716154E-03  -1.8057773E-02  -7.9669898E+01
   1.0918418E-03  -1.8398608E-02  -7.9662265E+01
   1.1123555E-03  -1.8744284E-02  -7.9654535E+01
   1.1331606E-03  -1.9094869E-02  -7.9646706E+01
   1.1542611E-03  -1.9450434E-02  -7.9638775E+01
   1.1756613E-03  -1.9811048E-02  -7.9630741E+01
   1.1973655E-03  -2.0176783E-02  -7.9622603E+01
   1.2193779E-03  -2.0547713E-02  -7.9614358E+01
   1.2417029E-03  -2.0923910E-02  -7.9606005E+01
   1.2643450E-03  -2.1305451E-02  -7.9597541E+01
   1.2873086E-03  -2.1692410E-02  -7.9588965E+01
   1.3105984E-03  -2.2084865E-02  -7.9580276E+01
   1.3342189E-03  -2.2482894E-02  -7.9571470E+01
   1.3581750E-03  -2.2886575E-02  -7.9562547E+01
   1.3824712E-03  -2.3295989E-02  -7.9553504E+01
   1.4071125E-03  -2.3711219E-02  -7.9544339E+01
   1.4321038E-03  -2.4132345E-02  -7.9535050E+01
   1.4574500E-03  -2.4559452E-02  -7.9525636E+01
   1.4831562E-03  -2.4992625E-02  -7.9516094E+01
   1.5092274E-03  -2.5431950E-02  -7.9506423E+01
   1.5356689E-03  -2.5877514E-02  -7.9496619E+01
   1.5624860E-03  -2.6329406E-02  -7.9486682E+01
   1.5896839E-03  -2.6787716E-02  -7.9476609E+01
   1.6172681E-03  -2.7252535E-02  -7.9466398E+01
   1.6452441E-03  -2.7723955E-02  -7.9456046E+01
   1.6736173E-03  -2.8202070E-02  -7.9445552E+01
   1.7023936E-03  -2.8686976E-02  -7.9434913E+01
   1.7315785E-03  -2.9178768E-02  -7.9424128E+01
   1.7611779E-03  -2.9677545E-02  -7.9413193E+01
   1.7911977E-03  -3.0183406E-02  -7.9402107E+01
   1.8216438E-03  -3.0696450E-02  -7.9390867E+01
   1.8525224E-03  -3.1216781E-02  -7.9379471E+01
   1.8838394E-03  -3.1744502E-02  -7.9367916E+01
   1.9156013E-03  -3.2279718E-02  -7.9356201E+01
   1.9478142E-03  -3.2822534E-02  -7.9344322E+01
   1.9804847E-03  -3.3373060E-02  -7.9332278E+01
   2.0136191E-03  -3.3931404E-02  -7.9320066E+01
   2.0472241E-03  -3.4497678E-02  -7.9307682E+01
   2.0813064E-03  -3.5071994E-02  -7.9295126E+01
   2.1158728E-03  -3.5654466E-02  -7.9282393E+01
   2.1509300E-03  -3.6245211E-02  -7.9269483E+01
   2.1864852E-03  -3.6844345E-02  -7.9256391E+01
   2.2225453E-03  -3.7451989E-02  -7.9243115E+01
   2.2591175E-03  -3.8068262E-02  -7.9229653E+01
   2.2962091E-03  -3.8693287E-02  -7.9216001E+01
   2.3338276E-03  -3.9327189E-02  -7.9202158E+01
   2.3719803E-03  -3.9970093E-02  -7.9188119E+01
   2.4106748E-03  -4.0622128E-02  -7.9173883E+01
   2.4499189E-03  -4.1283423E-02  -7.9159447E+01
   2.4897204E-03  -4.1954110E-02  -7.9144807E+01
   2.5300871E-03  -4.2634322E-02  -7.9129960E+01
   2.5710271E-03  -4.3324194E-02  -7.9114905E+01
   2.6125486E-03  -4.4023863E-02  -7.9099636E+01
   2.6546598E-03  -4.4733469E-02  -7.9084152E+01
   2.6973690E-03  -4.5453153E-02  -7.9068450E+01
   2.7406848E-03  -4.6183058E-02  -7.9052526E+01
   2.7846158E-03  -4.6923328E-02  -7.9036376E+01
   2.8291707E-03  -4.7674112E-02  -7.9019999E+01
   2.8743583E-03  -4.8435558E-02  -7.9003390E+01
   2.9201878E-03  -4.9207818E-02  -7.8986547E+01
   2.9666681E-03  -4.9991045E-02  -7.8969465E+01
   3.0138086E-03  -5.0785396E-02  -7.8952142E+01
   3.0616185E-03  -5.1591028E-02  -7.8934574E+01
   3.1101075E-03  -5.2408101E-02  -7.8916758E+01
   3.1592851E-03  -5.3236778E-02  -7.8898689E+01
   3.2091611E-03  -5.4077223E-02  -7.8880366E+01
   3.2597455E-03  -5.4929605E-02  -7.8861783E+01
   3.3110483E-03  -5.5794091E-02  -7.8842937E+01
   3.3630798E-03  -5.6670854E-02  -7.8823826E+01
   3.4158501E-03  -5.7560069E-02  -7.8804444E+01
   3.4693700E-03  -5.8461913E-02  -7.8784788E+01
   3.5236499E-03  -5.9376563E-02  -7.8764855E+01
   3.5787008E-03  -6.0304204E-02  -7.8744640E+01
   3.6345335E-03  -6.1245018E-02  -7.8724140E+01
   3.6911591E-03  -6.2199193E-02  -7.8703350E+01
   3.7485889E-03  -6.3166919E-02  -7.8682267E+01
   3.8068344E-03  -6.4148387E-02  -7.8660887E+01
   3.8659071E-03  -6.5143794E-02  -7.8639205E+01
   3.9258188E-03  -6.6153338E-02  -7.8617217E+01
   3.9865813E-03  -6.7177218E-02  -7.8594920E+01
   4.0482068E-03  -6.8215639E-02  -7.8572308E+01
   4.1107075E-03  -6.9268806E-02  -7.8549378E+01
   4.1740959E-03  -7.0336930E-02  -7.8526126E+01
   4.2383845E-03  -7.1420223E-02  -7.8502546E+01
   4.3035862E-03  -7.2518899E-02  -7.8478635E+01
   4.3697139E-03  -7.3633179E-02  -7.8454388E+01
   4.4367807E-03  -7.4763282E-02  -7.8429800E+01
   4.5048001E-03  -7.5909434E-02  -7.8404867E+01
   4.5737854E-03  -7.7071863E-02  -7.8379585E+01
   4.6437506E-03  -7.8250799E-02  -7.8353948E+01
   4.7147093E-03  -7.9446477E-02  -7.8327953E+01
   4.7866759E-03  -8.0659136E-02  -7.8301593E+01
   4.8596645E-03  -8.1889015E-02  -7.8274865E+01
   4.9336898E-03  -8.3136360E-02  -7.8247763E+01
   5.0087663E-03  -8.4401418E-02  -7.8220282E+01
   5.0849092E-03  -8.5684441E-02  -7.8192419E+01
   5.1621334E-03  -8.6985684E-02  -7.8164166E+01
   5.2404543E-03  -8.8305405E-02  -7.8135521E+01
   5.3198877E-03  -8.9643868E-02  -7.8106476E+01
   5.4004491E-03  -9.1001337E-02  -7.8077028E+01
   5.4821547E-03  -9.2378084E-02  -7.8047171E+01
   5.5650207E-03  -9.3774381E-02  -7.8016899E+01
   5.6490636E-03  -9.5190506E-02  -7.7986208E+01
   5.7343000E-03  -9.6626741E-02  -7.7955092E+01
   5.8207471E-03  -9.8083371E-02  -7.7923546E+01
   5.9084218E-03  -9.9560686E-02  -7.7891563E+01
   5.9973418E-03  -1.0105898E-01  -7.7859139E+01
   6.0875246E-03  -1.0257855E-01  -7.7826269E+01
   6.1789882E-03  -1.0411970E-01  -7.7792945E+01
   6.2717508E-03  -1.0568273E-01  -7.7759164E+01
   6.3658308E-03  -1.0726796E-01  -7.7724918E+01
   6.4612470E-03  -1.0887569E-01  -7.7690203E+01
   6.5580183E-03  -1.1050626E-01  -7.7655012E+01
   6.6561639E-03  -1.1215998E-01  -7.7619339E+01
   6.7557035E-03  -1.1383718E-01  -7.7583180E+01
   6.8566567E-03  -1.1553820E-01  -7.7546527E+01
   6.9590437E-03  -1.1726338E-01  -7.7509375E+01
   7.0628849E-03  -1.1901305E-01  -7.7471717E+01
   7.1682008E-03  -1.2078756E-01  -7.7433549E+01
   7.2750124E-03  -1.2258727E-01  -7.7394862E+01
   7.3833410E-03  -1.2441254E-01  -7.7355652E+01
   7.4932081E-03  -1.2626372E-01  -7.7315912E+01
   7.6046355E-03  -1.2814119E-01  -7.7275636E+01
   7.7176455E-03  -1.3004532E-01  -7.7234817E+01
   7.8322605E-03  -1.3197649E-01  -7.7193449E+01
   7.9485033E-03  -1.3393507E-01  -7.7151526E+01
   8.0663969E-03  -1.3592146E-01  -7.7109041E+01
   8.1859649E-03  -1.3793606E-01  -7.7065988E+01
   8.3072311E-03  -1.3997927E-01  -7.7022360E+01
   8.4302195E-03  -1.4205148E-01  -7.6978150E+01
   8.5549546E-03  -1.4415311E-01  -7.6933353E+01
   8.6814613E-03  -1.4628459E-01  -7.6887961E+01
   8.8097646E-03  -1.4844633E-01  -7.6841968E+01
   8.9398901E-03  -1.5063876E-01  -7.6795367E+01
   9.0718637E-03  -1.5286232E-01  -7.6748151E+01
   9.2057116E-03  -1.5511745E-01  -7.6700313E+01
   9.3414604E-03  -1.5740459E-01  -7.6651847E+01
   9.4791372E-03  -1.5972421E-01  -7.6602746E+01
   9.6187693E-03  -1.6207676E-01  -7.6553003E+01
   9.7603845E-03  -1.6446271E-01  -7.6502610E+01
   9.9040109E-03  -1.6688253E-01  -7.6451561E+01
   1.0049677E-02  -1.6933671E-01  -7.6399850E+01
   1.0197412E-02  -1.7182573E-01  -7.6347468E+01
   1.0347245E-02  -1.7435008E-01  -7.6294408E+01
   1.0499207E-02  -1.7691028E-01  -7.6240665E+01
   1.0653326E-02  -1.7950681E-01  -7.6186230E+01
   1.0809634E-02  -1.8214021E-01  -7.6131096E+01
   1.0968162E-02  -1.8481099E-01  -7.6075257E+01
   1.1128942E-02  -1.8751969E-01  -7.6018704E+01
   1.1292005E-02  -1.9026683E-01  -7.5961432E+01
   1.1457384E-02  -1.9305298E-01  -7.5903431E+01
   1.1625111E-02  -1.9587867E-01  -7.5844696E+01
   1.1795221E-02  -1.9874448E-01  -7.5785219E+01
   1.1967747E-02  -2.0165096E-01  -7.5724992E+01
   1.2142723E-02  -2.0459870E-01  -7.5664009E+01
   1.2320184E-02  -2.0758828E-01  -7.5602261E+01
   1.2500165E-02  -2.1062030E-01  -7.5539741E+01
   1.2682703E-02  -2.1369535E-01  -7.5476442E+01
   1.2867833E-02  -2.1681405E-01  -7.5412357E+01
   1.3055592E-02  -2.1997701E-01  -7.5347477E+01
   1.3246017E-02  -2.2318487E-01  -7.5281796E+01
   1.3439148E-02  -2.2643825E-01  -7.5215305E+01
   1.3635021E-02  -2.2973781E-01  -7.5147998E+01
   1.3833676E-02  -2.3308420E-01  -7.5079866E+01
   1.4035152E-02  -2.3647808E-01  -7.5010902E+01
   1.4239490E-02  -2.3992012E-01  -7.4941099E+01
   1.4446730E-02  -2.4341101E-01  -7.4870448E+01
   1.4656913E-02  -2.4695144E-01  -7.4798942E+01
   1.4870081E-02  -2.5054211E-01  -7.4726574E+01
   1.5086276E-02  -2.5418374E-01  -7.4653335E+01
   1.5305542E-02  -2.5787704E-01  -7.4579218E+01
   1.5527922E-02  -2.6162275E-01  -7.4504214E+01
   1.5753461E-02  -2.6542161E-01  -7.4428317E+01
   1.5982202E-02  -2.6927437E-01  -7.4351518E+01
   1.6214193E-02  -2.7318179E-01  -7.4273810E+01
   1.6449478E-02  -2.7714466E-01  -7.4195184E+01
   1.6688104E-02  -2.8116375E-01  -7.4115632E+01
   1.6930120E-02  -2.8523986E-01  -7.4035147E+01
   1.7175572E-02  -2.8937380E-01  -7.3953720E+01
   1.7424511E-02  -2.9356638E-01  -7.3871344E+01
   1.7676985E-02  -2.9781844E-01  -7.3788010E+01
   1.7933045E-02  -3.0213082E-01  -7.3703711E+01
   1.8192742E-02  -3.0650437E-01  -7.3618437E+01
   1.8456127E-02  -3.1093996E-01  -7.3532182E+01
   1.8723252E-02  -3.1543847E-01  -7.3444936E+01
   1.8994171E-02  -3.2000078E-01  -7.3356691E+01
   1.9268938E-02  -3.2462779E-01  -7.3267439E+01
   1.9547607E-02  -3.2932043E-01  -7.3177172E+01
   1.9830234E-02  -3.3407963E-01  -7.3085881E+01
   2.0116875E-02  -3.3890631E-01  -7.2993557E+01
   2.0407587E-02  -3.4380144E-01  -7.2900193E+01
   2.0702428E-02  -3.4876598E-01  -7.2805779E+01
   2.1001456E-02  -3.5380092E-01  -7.2710307E+01
   2.1304730E-02  -3.5890725E-01  -7.2613769E+01
   2.1612312E-02  -3.6408598E-01  -7.2516155E+01
   2.1924263E-02  -3.6933813E-01  -7.2417456E+01
   2.2240644E-02  -3.7466474E-01  -7.2317664E+01
   2.2561518E-02  -3.8006686E-01  -7.2216770E+01
   2.2886949E-02  -3.8554555E-01  -7.2114765E+01
   2.3217002E-02  -3.9110191E-01  -7.2011639E+01
   2.3551742E-02  -3.9673702E-01  -7.1907385E+01
   2.3891237E-02  -4.0245199E-01  -7.1801991E+01
   2.4235553E-02  -4.0824796E-01  -7.1695450E+01
   2.4584759E-02  -4.1412607E-01  -7.1587752E+01
   2.4938925E-02  -4.2008747E-01  -7.1478888E+01
   2.5298121E-02  -4.2613334E-01  -7.1368847E+01
   2.5662418E-02  -4.3226487E-01  -7.1257622E+01
   2.6031889E-02  -4.3848327E-01  -7.1145201E+01
   2.6406607E-02  -4.4478976E-01  -7.1031576E+01
   2.6786647E-02  -4.5118558E-01  -7.0916737E+01
   2.7172085E-02  -4.5767200E-01  -7.0800675E+01
   2.7562996E-02  -4.6425029E-01  -7.0683379E+01
   2.7959460E-02  -4.7092175E-01  -7.0564840E+01
   2.8361554E-02  -4.7768767E-01  -7.0445047E+01
   2.8769359E-02  -4.8454940E-01  -7.0323992E+01
   2.9182955E-02  -4.9150829E-01  -7.0201665E+01
   2.9602426E-02  -4.9856569E-01  -7.0078055E+01
   3.0027853E-02  -5.0572300E-01  -6.9953152E+01
   3.0459323E-02  -5.1298163E-01  -6.9826947E+01
   3.0896921E-02  -5.2034298E-01  -6.9699430E+01
   3.1340734E-02  -5.2780851E-01  -6.9570591E+01
   3.1790849E-02  -5.3537969E-01  -6.9440420E+01
   3.2247358E-02  -5.4305799E-01  -6.9308908E+01
   3.2710350E-02  -5.5084492E-01  -6.9176043E+01
   3.3179917E-02  -5.5874200E-01  -6.9041818E+01
   3.3656153E-02  -5.6675078E-01  -6.8906221E+01
   3.4139153E-02  -5.7487283E-01  -6.8769244E+01
   3.4629013E-02  -5.8310973E-01  -6.8630876E+01
   3.5125829E-02  -5.9146309E-01  -6.8491108E+01
   3.5629702E-02  -5.9993455E-01  -6.8349931E+01
   3.6140731E-02  -6.0852576E-01  -6.8207336E+01
   3.6659017E-02  -6.1723840E-01  -6.8063314E+01
   3.7184664E-02  -6.2607415E-01  -6.7917855E+01
   3.7717777E-02  -6.3503476E-01  -6.7770951E+01
   3.8258461E-02  -6.4412195E-01  -6.7622593E+01
   3.8806824E-02  -6.5333750E-01  -6.7472774E+01
   3.9362975E-02  -6.6268321E-01  -6.7321485E+01
   3.9927025E-02  -6.7216089E-01  -6.7168719E+01
   4.0499085E-02  -6.8177237E-01  -6.7014469E+01
   4.1079270E-02  -6.9151954E-01  -6.6858729E+01
   4.1667695E-02  -7.0140427E-01  -6.6701493E+01
   4.2264476E-02  -7.1142849E-01  -6.6542755E+01
   4.2869734E-02  -7.2159413E-01  -6.6382511E+01
   4.3483587E-02  -7.3190317E-01  -6.6220758E+01
   4.4106158E-02  -7.4235760E-01  -6.6057493E+01
   4.4737572E-02  -7.5295943E-01  -6.5892716E+01
   4.5377953E-02  -7.6371073E-01  -6.5726425E+01
   4.6027428E-02  -7.7461355E-01  -6.5558621E+01
   4.6686128E-02  -7.8567001E-01  -6.5389309E+01
   4.7354183E-02  -7.9688223E-01  -6.5218490E+01
   4.8031725E-02  -8.0825236E-01  -6.5046172E+01
   4.8718891E-02  -8.1978261E-01  -6.4872361E+01
   4.9415815E-02  -8.3147517E-01  -6.4697066E+01
   5.0122637E-02  -8.4333230E-01  -6.4520297E+01
   5.0839498E-02  -8.5535626E-01  -6.4342065E+01
   5.1566540E-02  -8.6754936E-01  -6.4162384E+01
   5.2303908E-02  -8.7991393E-01  -6.3981267E+01
   5.3051747E-02  -8.9245233E-01  -6.3798728E+01
   5.3810208E-02  -9.0516695E-01  -6.3614783E+01
   5.4579441E-02  -9.1806022E-01  -6.3429446E+01
   5.5359598E-02  -9.3113459E-01  -6.3242732E+01
   5.6150836E-02  -9.4439254E-01  -6.3054656E+01
   5.6953310E-02  -9.5783660E-01  -6.2865230E+01
   5.7767182E-02  -9.7146930E-01  -6.2674466E+01
   5.8592613E-02  -9.8529323E-01  -6.2482372E+01
   5.9429766E-02  -9.9931101E-01  -6.2288956E+01
   6.0278809E-02  -1.0135253E+00  -6.2094223E+01
   6.1139910E-02  -1.0279387E+00  -6.1898174E+01
   6.2013241E-02  -1.0425540E+00  -6.1700807E+01
   6.2898975E-02  -1.0573739E+00  -6.1502116E+01
   6.3797289E-02  -1.0724013E+00  -6.1302094E+01
   6.4708360E-02  -1.0876388E+00  -6.1100727E+01
   6.5632371E-02  -1.1030894E+00  -6.0898001E+01
   6.6569505E-02  -1.1187560E+00  -6.0693896E+01
   6.7519948E-02  -1.1346414E+00  -6.0488391E+01
   6.8483890E-02  -1.1507486E+00  -6.0281461E+01
   6.9461521E-02  -1.1670806E+00  -6.0073081E+01
   7.0453038E-02  -1.1836405E+00  -5.9863223E+01
   7.1458636E-02  -1.2004312E+00  -5.9651858E+01
   7.2478516E-02  -1.2174559E+00  -5.9438958E+01
   7.3512880E-02  -1.2347177E+00  -5.9224496E+01
   7.4561935E-02  -1.2522197E+00  -5.9008446E+01
   7.5625888E-02  -1.2699652E+00  -5.8790783E+01
   7.6704952E-02  -1.2879575E+00  -5.8571486E+01
   7.7799342E-02  -1.3061997E+00  -5.8350535E+01
   7.8909274E-02  -1.3246951E+00  -5.8127913E+01
   8.0034969E-02  -1.3434473E+00  -5.7903608E+01
   8.1176652E-02  -1.3624594E+00  -5.7677607E+01
   8.2334550E-02  -1.3817350E+00  -5.7449903E+01
   8.3508892E-02  -1.4012775E+00  -5.7220490E+01
   8.4699912E-02  -1.4210903E+00  -5.6989364E+01
   8.5907848E-02  -1.4411771E+00  -5.6756525E+01
   8.7132939E-02  -1.4615414E+00  -5.6521973E+01
   8.8375429E-02  -1.4821868E+00  -5.6285710E+01
   8.9635565E-02  -1.5031169E+00  -5.6047739E+01
   9.0913598E-02  -1.5243355E+00  -5.5808067E+01
   9.2209782E-02  -1.5458462E+00  -5.5566699E+01
   9.3524374E-02  -1.5676528E+00  -5.5323644E+01
   9.4857637E-02  -1.5897591E+00  -5.5078910E+01
   9.6209835E-02  -1.6121689E+00  -5.4832507E+01
   9.7581238E-02  -1.6348860E+00  -5.4584445E+01
   9.8972117E-02  -1.6579145E+00  -5.4334738E+01
   1.0038275E-01  -1.6812581E+00  -5.4083397E+01
   1.0181342E-01  -1.7049209E+00  -5.3830436E+01
   1.0326440E-01  -1.7289068E+00  -5.3575868E+01
   1.0473600E-01  -1.7532200E+00  -5.3319709E+01
   1.0622849E-01  -1.7778644E+00  -5.3061972E+01
   1.0774218E-01  -1.8028442E+00  -5.2802674E+01
   1.0927737E-01  -1.8281635E+00  -5.2541829E+01
   1.1083436E-01  -1.8538265E+00  -5.2279453E+01
   1.1241346E-01  -1.8798374E+00  -5.2015562E+01
   1.1401499E-01  -1.9062003E+00  -5.1750171E+01
   1.1563926E-01  -1.9329196E+00  -5.1483295E+01
   1.1728661E-01  -1.9599996E+00  -5.1214950E+01
   1.1895735E-01  -1.9874445E+00  -5.0945148E+01
   1.2065182E-01  -2.0152588E+00  -5.0673905E+01
   1.2237035E-01  -2.0434467E+00  -5.0401234E+01
   1.2411329E-01  -2.0720127E+00  -5.0127148E+01
   1.2588098E-01  -2.1009611E+00  -4.9851658E+01
   1.2767378E-01  -2.1302965E+00  -4.9574777E+01
   1.2949204E-01  -2.1600233E+00  -4.9296514E+01
   1.3133613E-01  -2.1901459E+00  -4.9016881E+01
   1.3320640E-01  -2.2206689E+00  -4.8735886E+01
   1.3510324E-01  -2.2515967E+00  -4.8453538E+01
   1.3702701E-01  -2.2829340E+00  -4.8169845E+01
   1.3897811E-01  -2.3146852E+00  -4.7884814E+01
   1.4095692E-01  -2.3468548E+00  -4.7598453E+01
   1.4296383E-01  -2.3794476E+00  -4.7310768E+01
   1.4499924E-01  -2.4124679E+00  -4.7021764E+01
   1.4706356E-01  -2.4459204E+00  -4.6731448E+01
   1.4915720E-01  -2.4798097E+00  -4.6439826E+01
   1.5128058E-01  -2.5141402E+00  -4.6146904E+01
   1.5343411E-01  -2.5489167E+00  -4.5852686E+01
   1.5561822E-01  -2.5841436E+00  -4.5557181E+01
   1.5783336E-01  -2.6198255E+00  -4.5260396E+01
   1.6007995E-01  -2.6559669E+00  -4.4962336E+01
   1.6235845E-01  -2.6925724E+00  -4.4663013E+01
   1.6466931E-01  -2.7296464E+00  -4.4362436E+01
   1.6701299E-01  -2.7671934E+00  -4.4060616E+01
   1.6938996E-01  -2.8052179E+00  -4.3757566E+01
   1.7180068E-01  -2.8437243E+00  -4.3453303E+01
   1.7424565E-01  -2.8827170E+00  -4.3147843E+01
   1.7672533E-01  -2.9222002E+00  -4.2841209E+01
   1.7924023E-01  -2.9621784E+00  -4.2533425E+01
   1.8179085E-01  -3.0026557E+00  -4.2224519E+01
   1.8437770E-01  -3.0436363E+00  -4.1914525E+01
   1.8700128E-01  -3.0851244E+00  -4.1603484E+01
   1.8966213E-01  -3.1271240E+00  -4.1291441E+01
   1.9236076E-01  -3.1696391E+00  -4.0978450E+01
   1.9509772E-01  -3.2126736E+00  -4.0664576E+01
   1.9787355E-01  -3.2562313E+00  -4.0349891E+01
   2.0068881E-01  -3.3003160E+00  -4.0034480E+01
   2.0354404E-01  -3.3449313E+00  -3.9718438E+01
   2.0643983E-01  -3.3900806E+00  -3.9401872E+01
   2.0937675E-01  -3.4357675E+00  -3.9084900E+01
   2.1235537E-01  -3.4819952E+00  -3.8767650E+01
   2.1537630E-01  -3.5287669E+00  -3.8450256E+01
   2.1844014E-01  -3.5760855E+00  -3.8132857E+01
   2.2154748E-01  -3.6239539E+00  -3.7815590E+01
   2.2469896E-01  -3.6723749E+00  -3.7498585E+01
   2.2789520E-01  -3.7213509E+00  -3.7181957E+01
   2.3113683E-01  -3.7708844E+00  -3.6865800E+01
   2.3442449E-01  -3.8209774E+00  -3.6550174E+01
   2.3775885E-01  -3.8716319E+00  -3.6235105E+01
   2.4114057E-01  -3.9228498E+00  -3.5920574E+01
   2.4457031E-01  -3.9746324E+00  -3.5606518E+01
   2.4804877E-01  -4.0269810E+00  -3.5292836E+01
   2.5157662E-01  -4.0798968E+00  -3.4979392E+01
   2.5515458E-01  -4.1333804E+00  -3.4666034E+01
   2.5878335E-01  -4.1874324E+00  -3.4352605E+01
   2.6246366E-01  -4.2420529E+00  -3.4038962E+01
   2.6619624E-01  -4.2972417E+00  -3.3724989E+01
   2.6998183E-01  -4.3529985E+00  -3.3410609E+01
   2.7382119E-01  -4.4093224E+00  -3.3095784E+01
   2.7771507E-01  -4.4662123E+00  -3.2780518E+01
   2.8166425E-01  -4.5236666E+00  -3.2464849E+01
   2.8566952E-01  -4.5816833E+00  -3.2148846E+01
   2.8973168E-01  -4.6402602E+00  -3.1832597E+01
   2.9385152E-01  -4.6993945E+00  -3.1516201E+01
   2.9802988E-01  -4.7590827E+00  -3.1199765E+01
   3.0226758E-01  -4.8193214E+00  -3.0883397E+01
   3.0656546E-01  -4.8801061E+00  -3.0567199E+01
   3.1092439E-01  -4.9414322E+00  -3.0251274E+01
   3.1534522E-01  -5.0032944E+00  -2.9935716E+01
   3.1982883E-01  -5.0656867E+00  -2.9620616E+01
   3.2437612E-01  -5.1286028E+00  -2.9306058E+01
   3.2898800E-01  -5.1920354E+00  -2.8992125E+01
   3.3366537E-01  -5.2559769E+00  -2.8678897E+01
   3.3840918E-01  -5.3204189E+00  -2.8366454E+01
   3.4322035E-01  -5.3853522E+00  -2.8054872E+01
   3.4809986E-01  -5.4507670E+00  -2.7744233E+01
   3.5304866E-01  -5.5166526E+00  -2.7434615E+01
   3.5806775E-01  -5.5829977E+00  -2.7126101E+01
   3.6315812E-01  -5.6497899E+00  -2.6818773E+01
   3.6832079E-01  -5.7170163E+00  -2.6512714E+01
   3.7355677E-01  -5.7846628E+00  -2.6208010E+01
   3.7886712E-01  -5.8527145E+00  -2.5904743E+01
   3.8425289E-01  -5.9211555E+00  -2.5602999E+01
   3.8971515E-01  -5.9899690E+00  -2.5302859E+01
   3.9525499E-01  -6.0591371E+00  -2.5004404E+01
   4.0087350E-01  -6.1286408E+00  -2.4707711E+01
   4.0657181E-01  -6.1984601E+00  -2.4412854E+01
   4.1235105E-01  -6.2685737E+00  -2.4119902E+01
   4.1821236E-01  -6.3389593E+00  -2.3828922E+01
   4.2415692E-01  -6.4095932E+00  -2.3539972E+01
   4.3018591E-01  -6.4804506E+00  -2.3253107E+01
   4.3630052E-01  -6.5515053E+00  -2.2968375E+01
   4.4250197E-01  -6.6227298E+00  -2.2685818E+01
   4.4879150E-01  -6.6940952E+00  -2.2405470E+01
   4.5517035E-01  -6.7655711E+00  -2.2127361E+01
   4.6163979E-01  -6.8371259E+00  -2.1851511E+01
   4.6820112E-01  -6.9087261E+00  -2.1577937E+01
   4.7485563E-01  -6.9803369E+00  -2.1306645E+01
   4.8160465E-01  -7.0519220E+00  -2.1037640E+01
   4.8844953E-01  -7.1234431E+00  -2.0770915E+01
   4.9539161E-01  -7.1948606E+00  -2.0506463E+01
   5.0243229E-01  -7.2661329E+00  -2.0244266E+01
   5.0957296E-01  -7.3372169E+00  -1.9984305E+01
   5.1681504E-01  -7.4080675E+00  -1.9726556E+01
   5.2415998E-01  -7.4786379E+00  -1.9470989E+01
   5.3160923E-01  -7.5488793E+00  -1.9217575E+01
   5.3916428E-01  -7.6187410E+00  -1.8966279E+01
   5.4682663E-01  -7.6881704E+00  -1.8717066E+01
   5.5459780E-01  -7.7571131E+00  -1.8469900E+01
   5.6247934E-01  -7.8255123E+00  -1.8224745E+01
   5.7047281E-01  -7.8933094E+00  -1.7981566E+01
   5.7857981E-01  -7.9604438E+00  -1.7740329E+01
   5.8680195E-01  -8.0268527E+00  -1.7501002E+01
   5.9514086E-01  -8.0924711E+00  -1.7263556E+01
   6.0359820E-01  -8.1572320E+00  -1.7027965E+01
   6.1217565E-01  -8.2210663E+00  -1.6794207E+01
   6.2087493E-01  -8.2839026E+00  -1.6562262E+01
   6.2969775E-01  -8.3456674E+00  -1.6332116E+01
   6.3864587E-01  -8.4062850E+00  -1.6103757E+01
   6.4772108E-01  -8.4656777E+00  -1.5877180E+01
   6.5692518E-01  -8.5237656E+00  -1.5652381E+01
   6.6626000E-01  -8.5804664E+00  -1.5429367E+01
   6.7572739E-01  -8.6356962E+00  -1.5208149E+01
   6.8532924E-01  -8.6893685E+00  -1.4988750E+01
   6.9506745E-01  -8.7413951E+00  -1.4771209E+01
   7.0494398E-01  -8.7916858E+00  -1.4555583E+01
   7.1496077E-01  -8.8401483E+00  -1.4341954E+01
   7.2511982E-01  -8.8866885E+00  -1.4130436E+01
   7.3542315E-01  -8.9312105E+00  -1.3921177E+01
   7.4587281E-01  -8.9736168E+00  -1.3714367E+01
   7.5647089E-01  -9.0138081E+00  -1.3510229E+01
   7.6721947E-01  -9.0516836E+00  -1.3309017E+01
   7.7812072E-01  -9.0871413E+00  -1.3111000E+01
   7.8917678E-01  -9.1200778E+00  -1.2916436E+01
   8.0038987E-01  -9.1503886E+00  -1.2725549E+01
   8.1176220E-01  -9.1779681E+00  -1.2538489E+01
   8.2329605E-01  -9.2027101E+00  -1.2355308E+01
   8.3499371E-01  -9.2245078E+00  -1.2175931E+01
   8.4685749E-01  -9.2432540E+00  -1.2000156E+01
   8.5888978E-01  -9.2588411E+00  -1.1827656E+01
   8.7109294E-01  -9.2711618E+00  -1.1658014E+01
   8.8346942E-01  -9.2801091E+00  -1.1490764E+01
   8.9602167E-01  -9.2855764E+00  -1.1325440E+01
   9.0875219E-01  -9.2874583E+00  -1.1161621E+01
   9.2166352E-01  -9.2856503E+00  -1.0998963E+01
   9.3475821E-01  -9.2800494E+00  -1.0837219E+01
   9.4803888E-01  -9.2705548E+00  -1.0676234E+01
   9.6150816E-01  -9.2570675E+00  -1.0515941E+01
   9.7516874E-01  -9.2394915E+00  -1.0356333E+01
   9.8902333E-01  -9.2177337E+00  -1.0197453E+01
   1.0030747E+00  -9.1917043E+00  -1.0039364E+01
   1.0173256E+00  -9.1613178E+00  -9.8821442E+00
   1.0317789E+00  -9.1264929E+00  -9.7258687E+00
   1.0464375E+00  -9.0871531E+00  -9.5706077E+00
   1.0613042E+00  -9.0432276E+00  -9.4164213E+00
   1.0763822E+00  -8.9946516E+00  -9.2633596E+00
   1.0916742E+00  -8.9413668E+00  -9.1114629E+00
   1.1071834E+00  -8.8833221E+00  -8.9607639E+00
   1.1229129E+00  -8.8204745E+00  -8.8112891E+00
   1.1388658E+00  -8.7527894E+00  -8.6630611E+00
   1.1550453E+00  -8.6802415E+00  -8.5161004E+00
   1.1714545E+00  -8.6028155E+00  -8.3704265E+00
   1.1880968E+00  -8.5205070E+00  -8.2260594E+00
   1.2049754E+00  -8.4333236E+00  -8.0830199E+00
   1.2220938E+00  -8.3412851E+00  -7.9413300E+00
   1.2394553E+00  -8.2444253E+00  -7.8010133E+00
   1.2570633E+00  -8.1427925E+00  -7.6620948E+00
   1.2749214E+00  -8.0364510E+00  -7.5246004E+00
   1.2930332E+00  -7.9254820E+00  -7.3885566E+00
   1.3114021E+00  -7.8099855E+00  -7.2539904E+00
   1.3300320E+00  -7.6900811E+00  -7.1209284E+00
   1.3489264E+00  -7.5659103E+00  -6.9893969E+00
   1.3680892E+00  -7.4376380E+00  -6.8594208E+00
   1.3875242E+00  -7.3054546E+00  -6.7310240E+00
   1.4072351E+00  -7.1695784E+00  -6.6042286E+00
   1.4272260E+00  -7.0302579E+00  -6.4790550E+00
   1.4475008E+00  -6.8877749E+00  -6.3555214E+00
   1.4680636E+00  -6.7424479E+00  -6.2336441E+00
   1.4889184E+00  -6.5946354E+00  -6.1134371E+00
   1.5100694E+00  -6.4447401E+00  -5.9949123E+00
   1.5315208E+00  -6.2932141E+00  -5.8780796E+00
   1.5532768E+00  -6.1405635E+00  -5.7629469E+00
   1.5753418E+00  -5.9873548E+00  -5.6495203E+00
   1.5977202E+00  -5.8342217E+00  -5.5378043E+00
   1.6204164E+00  -5.6818726E+00  -5.4278018E+00
   1.6434350E+00  -5.5310991E+00  -5.3195147E+00
   1.6667804E+00  -5.3827856E+00  -5.2129440E+00
   1.6904574E+00  -5.2379204E+00  -5.1080897E+00
   1.7144707E+00  -5.0976069E+00  -5.0049515E+00
   1.7388251E+00  -4.9630774E+00  -4.9035289E+00
   1.7635253E+00  -4.8357071E+00  -4.8038213E+00
   1.7885763E+00  -4.7170301E+00  -4.7058281E+00
   1.8139831E+00  -4.6095492E+00  -4.6095492E+00
   1.8397507E+00  -4.5149850E+00  -4.5149850E+00
   1.8658843E+00  -4.4221363E+00  -4.4221363E+00
   1.8923891E+00  -4.3310048E+00  -4.3310048E+00
   1.9192702E+00  -4.2415925E+00  -4.2415925E+00
   1.9465332E+00  -4.1539024E+00  -4.1539024E+00
   1.9741833E+00  -4.0679380E+00  -4.0679380E+00
   2.0022261E+00  -3.9837036E+00  -3.9837036E+00
   2.0306672E+00  -3.9012037E+00  -3.9012037E+00
   2.0595123E+00  -3.8204438E+00  -3.8204438E+00
   2.0887670E+00  -3.7414293E+00  -3.7414293E+00
   2.1184371E+00  -3.6641663E+00  -3.6641663E+00
   2.1485287E+00  -3.5886610E+00  -3.5886610E+00
   2.1790476E+00  -3.5149201E+00  -3.5149201E+00
   2.2100000E+00  -3.4429500E+00  -3.4429500E+00
   2.2413920E+00  -3.3727575E+00  -3.3727575E+00
   2.2732298E+00  -3.3043492E+00  -3.3043492E+00
   2.3055197E+00  -3.2377313E+00  -3.2377313E+00
   2.3382683E+00  -3.1729096E+00  -3.1729096E+00
   2.3714819E+00  -3.1098885E+00  -3.1098885E+00
   2.4051673E+00  -3.0486711E+00  -3.0486711E+00
   2.4393311E+00  -2.9892581E+00  -2.9892581E+00
   2.4739800E+00  -2.9316471E+00  -2.9316471E+00
   2.5091211E+00  -2.8758316E+00  -2.8758316E+00
   2.5447612E+00  -2.8218002E+00  -2.8218002E+00
   2.5809076E+00  -2.7695356E+00  -2.7695356E+00
   2.6175672E+00  -2.7190137E+00  -2.7190137E+00
   2.6547476E+00  -2.6702032E+00  -2.6702032E+00
   2.6924559E+00  -2.6230652E+00  -2.6230652E+00
   2.7306998E+00  -2.5775529E+00  -2.5775529E+00
   2.7694869E+00  -2.5336126E+00  -2.5336126E+00
   2.8088248E+00  -2.4911839E+00  -2.4911839E+00
   2.8487214E+00  -2.4502007E+00  -2.4502007E+00
   2.8891847E+00  -2.4105931E+00  -2.4105931E+00
   2.9302226E+00  -2.3722881E+00  -2.3722881E+00
   2.9718433E+00  -2.3352115E+00  -2.3352115E+00
   3.0140551E+00  -2.2992894E+00  -2.2992894E+00
   3.0568665E+00  -2.2644489E+00  -2.2644489E+00
   3.1002858E+00  -2.2306198E+00  -2.2306198E+00
   3.1443219E+00  -2.1977347E+00  -2.1977347E+00
   3.1889833E+00  -2.1657302E+00  -2.1657302E+00
   3.2342790E+00  -2.1345465E+00  -2.1345465E+00
   3.2802180E+00  -2.1041278E+00  -2.1041278E+00
   3.3268095E+00  -2.0744222E+00  -2.0744222E+00
   3.3740626E+00  -2.0453808E+00  -2.0453808E+00
   3.4219869E+00  -2.0169580E+00  -2.0169580E+00
   3.4705917E+00  -1.9891106E+00  -1.9891106E+00
   3.5198869E+00  -1.9617972E+00  -1.9617972E+00
   3.5698822E+00  -1.9349780E+00  -1.9349780E+00
   3.6205875E+00  -1.9086138E+00  -1.9086138E+00
   3.6720130E+00  -1.8826662E+00  -1.8826662E+00
   3.7241688E+00  -1.8570964E+00  -1.8570964E+00
   3.7770654E+00  -1.8318651E+00  -1.8318651E+00
   3.8307132E+00  -1.8069324E+00  -1.8069324E+00
   3.8851229E+00  -1.7822569E+00  -1.7822569E+00
   3.9403053E+00  -1.7577962E+00  -1.7577962E+00
   3.9962715E+00  -1.7335060E+00  -1.7335060E+00
   4.0530325E+00  -1.7093407E+00  -1.7093407E+00
   4.1105997E+00  -1.6852530E+00  -1.6852530E+00
   4.1689844E+00  -1.6611948E+00  -1.6611948E+00
   4.2281983E+00  -1.6371166E+00  -1.6371166E+00
   4.2882532E+00  -1.6129693E+00  -1.6129693E+00
   4.3491610E+00  -1.5887041E+00  -1.5887041E+00
   4.4109339E+00  -1.5642742E+00  -1.5642742E+00
   4.4735840E+00  -1.5396356E+00  -1.5396356E+00
   4.5371239E+00  -1.5147491E+00  -1.5147491E+00
   4.6015663E+00  -1.4895816E+00  -1.4895816E+00
   4.6669238E+00  -1.4641080E+00  -1.4641080E+00
   4.7332096E+00  -1.4383130E+00  -1.4383130E+00
   4.8004368E+00  -1.4121926E+00  -1.4121926E+00
   4.8686187E+00  -1.3857557E+00  -1.3857557E+00
   4.9377690E+00  -1.3590249E+00  -1.3590249E+00
   5.0079014E+00  -1.3320371E+00  -1.3320371E+00
   5.0790299E+00  -1.3048437E+00  -1.3048437E+00
   5.1511685E+00  -1.2775097E+00  -1.2775097E+00
   5.2243316E+00  -1.2501123E+00  -1.2501123E+00
   5.2985338E+00  -1.2227396E+00  -1.2227396E+00
   5.3737899E+00  -1.1954877E+00  -1.1954877E+00
   5.4501147E+00  -1.1684581E+00  -1.1684581E+00
   5.5275236E+00  -1.1417551E+00  -1.1417551E+00
   5.6060318E+00  -1.1154824E+00  -1.1154824E+00
   5.6856550E+00  -1.0897402E+00  -1.0897402E+00
   5.7664091E+00  -1.0646227E+00  -1.0646227E+00
   5.8483100E+00  -1.0402155E+00  -1.0402155E+00
   5.9313741E+00  -1.0165936E+00  -1.0165936E+00
   6.0156179E+00  -9.9381971E-01  -9.9381971E-01
   6.1010582E+00  -9.7194307E-01  -9.7194307E-01
   6.1877119E+00  -9.5099873E-01  -9.5099873E-01
   6.2755963E+00  -9.3100712E-01  -9.3100712E-01
   6.3647288E+00  -9.1197404E-01  -9.1197404E-01
   6.4551272E+00  -8.9389099E-01  -8.9389099E-01
   6.5468095E+00  -8.7673571E-01  -8.7673571E-01
   6.6397938E+00  -8.6047306E-01  -8.6047306E-01
   6.7340988E+00  -8.4505604E-01  -8.4505604E-01
   6.8297431E+00  -8.3042699E-01  -8.3042699E-01
   6.9267458E+00  -8.1651896E-01  -8.1651896E-01
   7.0251261E+00  -8.0325715E-01  -8.0325715E-01
   7.1249036E+00  -7.9056053E-01  -7.9056053E-01
   7.2260982E+00  -7.7834349E-01  -7.7834349E-01
   7.3287300E+00  -7.6651748E-01  -7.6651748E-01
   7.4328194E+00  -7.5499280E-01  -7.5499280E-01
   7.5383871E+00  -7.4368029E-01  -7.4368029E-01
   7.6454541E+00  -7.3249304E-01  -7.3249304E-01
   7.7540416E+00  -7.2134794E-01  -7.2134794E-01
   7.8641714E+00  -7.1016722E-01  -7.1016722E-01
   7.9758653E+00  -6.9887977E-01  -6.9887977E-01
   8.0891454E+00  -6.8742230E-01  -6.8742230E-01
   8.2040344E+00  -6.7574024E-01  -6.7574024E-01
   8.3205551E+00  -6.6378848E-01  -6.6378848E-01
   8.4387306E+00  -6.5153173E-01  -6.5153173E-01
   8.5585845E+00  -6.3894475E-01  -6.3894475E-01
   8.6801406E+00  -6.2601222E-01  -6.2601222E-01
   8.8034230E+00  -6.1272841E-01  -6.1272841E-01
   8.9284564E+00  -5.9909662E-01  -5.9909662E-01
   9.0552655E+00  -5.8512852E-01  -5.8512852E-01
   9.1838755E+00  -5.7084317E-01  -5.7084317E-01
   9.3143121E+00  -5.5626616E-01  -5.5626616E-01
   9.4466012E+00  -5.4142849E-01  -5.4142849E-01
   9.5807691E+00  -5.2636558E-01  -5.2636558E-01
   9.7168425E+00  -5.1111619E-01  -5.1111619E-01
   9.8548485E+00  -4.9572143E-01  -4.9572143E-01
   9.9948144E+00  -4.8022383E-01  -4.8022383E-01
   1.0136768E+01  -4.6466650E-01  -4.6466650E-01
   1.0280738E+01  -4.4909235E-01  -4.4909235E-01
   1.0426752E+01  -4.3354346E-01  -4.3354346E-01
   1.0574841E+01  -4.1806053E-01  -4.1806053E-01
   1.0725032E+01  -4.0268241E-01  -4.0268241E-01
   1.0877357E+01  -3.8744577E-01  -3.8744577E-01
   1.1031845E+01  -3.7238482E-01  -3.7238482E-01
   1.1188526E+01  -3.5753114E-01  -3.5753114E-01
   1.1347434E+01  -3.4291356E-01  -3.4291356E-01
   1.1508598E+01  -3.2855807E-01  -3.2855807E-01
   1.1672050E+01  -3.1448789E-01  -3.1448789E-01
   1.1837825E+01  -3.0072345E-01  -3.0072345E-01
   1.2005953E+01  -2.8728248E-01  -2.8728248E-01
   1.2176470E+01  -2.7418013E-01  -2.7418013E-01
   1.2349408E+01  -2.6142906E-01  -2.6142906E-01
   1.2524802E+01  -2.4903961E-01  -2.4903961E-01
   1.2702687E+01  -2.3701989E-01  -2.3701989E-01
   1.2883099E+01  -2.2537599E-01  -2.2537599E-01
   1.3066073E+01  -2.1411210E-01  -2.1411210E-01
   1.3251645E+01  -2.0323066E-01  -2.0323066E-01
   1.3439853E+01  -1.9273252E-01  -1.9273252E-01
   1.3630735E+01  -1.8261707E-01  -1.8261707E-01
   1.3824327E+01  -1.7288240E-01  -1.7288240E-01
   1.4020668E+01  -1.6352540E-01  -1.6352540E-01
   1.4219798E+01  -1.5454191E-01  -1.5454191E-01
   1.4421756E+01  -1.4592685E-01  -1.4592685E-01
   1.4626582E+01  -1.3767427E-01  -1.3767427E-01
   1.4834317E+01  -1.2977754E-01  -1.2977754E-01
   1.5045003E+01  -1.2222937E-01  -1.2222937E-01
   1.5258681E+01  -1.1502193E-01  -1.1502193E-01
   1.5475393E+01  -1.0814695E-01  -1.0814695E-01
   1.5695183E+01  -1.0159575E-01  -1.0159575E-01
   1.5918095E+01  -9.5359356E-02  -9.5359356E-02
   1.6144173E+01  -8.9428538E-02  -8.9428538E-02
   1.6373461E+01  -8.3793868E-02  -8.3793868E-02
   1.6606006E+01  -7.8445785E-02  -7.8445785E-02
   1.6841853E+01  -7.3374631E-02  -7.3374631E-02
   1.7081050E+01  -6.8570705E-02  -6.8570705E-02
   1.7323645E+01  -6.4024295E-02  -6.4024295E-02
   1.7569684E+01  -5.9725720E-02  -5.9725720E-02
   1.7819218E+01  -5.5665356E-02  -5.5665356E-02
   1.8072296E+01  -5.1833671E-02  -5.1833671E-02
   1.8328968E+01  -4.8221246E-02  -4.8221246E-02
   1.8589285E+01  -4.4818800E-02  -4.4818800E-02
   1.8853300E+01  -4.1617209E-02  -4.1617209E-02
   1.9121064E+01  -3.8607524E-02  -3.8607524E-02
   1.9392631E+01  -3.5780988E-02  -3.5780988E-02
   1.9668055E+01  -3.3129046E-02  -3.3129046E-02
   1.9947390E+01  -3.0643358E-02  -3.0643358E-02
   2.0230693E+01  -2.8315809E-02  -2.8315809E-02
   2.0518019E+01  -2.6138513E-02  -2.6138513E-02
   2.0809426E+01  -2.4103825E-02  -2.4103825E-02
   2.1104971E+01  -2.2204340E-02  -2.2204340E-02
   2.1404714E+01  -2.0432898E-02  -2.0432898E-02
   2.1708714E+01  -1.8782590E-02  -1.8782590E-02
   2.2017031E+01  -1.7246751E-02  -1.7246751E-02
   2.2329728E+01  -1.5818968E-02  -1.5818968E-02
   2.2646865E+01  -1.4493075E-02  -1.4493075E-02
   2.2968506E+01  -1.3263152E-02  -1.3263152E-02
   2.3294715E+01  -1.2123523E-02  -1.2123523E-02
   2.3625557E+01  -1.1068752E-02  -1.1068752E-02
   2.3961098E+01  -1.0093641E-02  -1.0093641E-02
   2.4301405E+01  -9.1932252E-03  -9.1932252E-03
   2.4646544E+01  -8.3627678E-03  -8.3627678E-03
   2.4996585E+01  -7.5977561E-03  -7.5977561E-03
   2.5351598E+01  -6.8938959E-03  -6.8938959E-03
   2.5711652E+01  -6.2471058E-03  -6.2471058E-03
   2.6076820E+01  -5.6535119E-03  -5.6535119E-03
   2.6447174E+01  -5.1094415E-03  -5.1094415E-03
   2.6822789E+01  -4.6114174E-03  -4.6114174E-03
   2.7203737E+01  -4.1561514E-03  -4.1561514E-03
   2.7590096E+01  -3.7405381E-03  -3.7405381E-03
   2.7981942E+01  -3.3616490E-03  -3.3616490E-03
   2.8379354E+01  -3.0167255E-03  -3.0167255E-03
   2.8782409E+01  -2.7031728E-03  -2.7031728E-03
   2.9191189E+01  -2.4185536E-03  -2.4185536E-03
   2.9605774E+01  -2.1605817E-03  -2.1605817E-03
   3.0026247E+01  -1.9271156E-03  -1.9271156E-03
   3.0452692E+01  -1.7161523E-03  -1.7161523E-03
   3.0885194E+01  -1.5258213E-03  -1.5258213E-03
   3.1323838E+01  -1.3543781E-03  -1.3543781E-03
   3.1768711E+01  -1.2001985E-03  -1.2001985E-03
   3.2219903E+01  -1.0617726E-03  -1.0617726E-03
   3.2677503E+01  -9.3769926E-04  -9.3769926E-04
   3.3141602E+01  -8.2668317E-04  -8.2668317E-04
   3.3612292E+01  -7.3887894E-04  -7.3887894E-04
   3.4089667E+01  -5.4792055E-04  -5.4792055E-04
   3.4573821E+01  -5.5614843E-04  -5.5614843E-04
   3.5064852E+01  -5.0607043E-04  -5.0607043E-04
   3.5562856E+01  -3.9380262E-04  -3.9380262E-04
   3.6067934E+01  -3.6721468E-04  -3.6721468E-04
   3.6580184E+01  -3.2343428E-04  -3.2343428E-04
   3.7099710E+01  -2.8191560E-04  -2.8191560E-04
   3.7626614E+01  -2.4460782E-04  -2.4460782E-04
   3.8161001E+01  -2.1164616E-04  -2.1164616E-04
   3.8702978E+01  -1.8270835E-04  -1.8270835E-04
   3.9252652E+01  -1.5738674E-04  -1.5738674E-04
   3.9810132E+01  -1.3528370E-04  -1.3528370E-04
   4.0375530E+01  -1.1603312E-04  -1.1603312E-04
   4.0948958E+01  -9.9303624E-05  -9.9303624E-05
   4.1530530E+01  -8.4797121E-05  -8.4797121E-05
   4.2120362E+01  -7.2246323E-05  -7.2246323E-05
   4.2718570E+01  -6.1412182E-05  -6.1412182E-05
   4.3325275E+01  -5.2081411E-05  -5.2081411E-05
   4.3940596E+01  -4.4064160E-05  -4.4064160E-05
   4.4564656E+01  -3.7191844E-05  -3.7191844E-05
   4.5197578E+01  -3.1315122E-05  -3.1315122E-05
   4.5839490E+01  -2.6302026E-05  -2.6302026E-05
   4.6490519E+01  -2.2036230E-05  -2.2036230E-05
   4.7150793E+01  -1.8415456E-05  -1.8415456E-05
   4.7820445E+01  -1.5350008E-05  -1.5350008E-05
   4.8499608E+01  -1.2761429E-05  -1.2761429E-05
   4.9188416E+01  -1.0581274E-05  -1.0581274E-05
   4.9887006E+01  -8.7499931E-06  -8.7499931E-06
   5.0595519E+01  -7.2159148E-06  -7.2159148E-06
   5.1314093E+01  -5.9343286E-06  -5.9343286E-06
   5.2042873E+01  -4.8666548E-06  -4.8666548E-06
   5.2782004E+01  -3.9796986E-06  -3.9796986E-06
   5.3531632E+01  -3.2449801E-06  -3.2449801E-06
   5.4291906E+01  -2.6381366E-06  -2.6381366E-06
   5.5062977E+01  -2.1383884E-06  -2.1383884E-06
   5.5845000E+01  -1.7280637E-06  -1.7280637E-06
   5.6638129E+01  -1.3921842E-06  -1.3921842E-06
   5.7442522E+01  -1.1180886E-06  -1.1180886E-06
   5.8258340E+01  -8.9510989E-07  -8.9510989E-07
   5.9085744E+01  -7.1428913E-07  -7.1428913E-07
   5.9924899E+01  -5.6812647E-07  -5.6812647E-07
   6.0775972E+01  -4.5036371E-07  -4.5036371E-07
   6.1639131E+01   6.3036509E-10   6.3036509E-10
   6.2514550E+01   6.2483707E-10   6.2483707E-10
   6.3402402E+01   6.1936589E-10   6.1936589E-10
   6.4302863E+01   6.1379524E-10   6.1379524E-10
   6.5216113E+01   6.0818195E-10   6.0818195E-10
   6.6142333E+01   6.0259708E-10   6.0259708E-10
   6.7081707E+01   5.9692695E-10   5.9692695E-10
   6.8034422E+01   5.9129945E-10   5.9129945E-10
   6.9000669E+01   5.8557248E-10   5.8557248E-10
   6.9980638E+01   5.7985972E-10   5.7985972E-10
   7.0974525E+01   5.7406169E-10   5.7406169E-10
   7.1982527E+01   5.6820681E-10   5.6820681E-10
   7.3004845E+01   5.6240879E-10   5.6240879E-10
   7.4041682E+01   5.5648286E-10   5.5648286E-10
   7.5093245E+01   5.5058536E-10   5.5058536E-10
   7.6159742E+01   5.4460259E-10   5.4460259E-10
   7.7241386E+01   5.3861982E-10   5.3861982E-10
   7.8338392E+01   5.3255178E-10   5.3255178E-10
   7.9450978E+01   5.2646953E-10   5.2646953E-10
   8.0579365E+01   5.2040150E-10   5.2040150E-10
   8.1723777E+01   5.1420557E-10   5.1420557E-10
   8.2884443E+01   5.0809490E-10   5.0809490E-10
   8.4061592E+01   5.0184212E-10   5.0184212E-10
   8.5255460E+01   4.9563198E-10   4.9563198E-10
   8.6466284E+01   4.8930815E-10   4.8930815E-10
   8.7694304E+01   4.8295590E-10   4.8295590E-10
   8.8939764E+01   4.7663207E-10   4.7663207E-10
   9.0202913E+01   4.7018034E-10   4.7018034E-10
   9.1484002E+01   4.6375703E-10   4.6375703E-10
   9.2783284E+01   4.5724846E-10   4.5724846E-10
   9.4101020E+01   4.5072568E-10   4.5072568E-10
   9.5437470E+01   4.4410342E-10   4.4410342E-10
   9.6792901E+01   4.3745274E-10   4.3745274E-10
   9.8167582E+01   4.3078785E-10   4.3078785E-10
   9.9561787E+01   4.2400927E-10   4.2400927E-10
   1.0097579E+02   4.1727333E-10   4.1727333E-10
   1.0240988E+02   4.1040948E-10   4.1040948E-10
   1.0386433E+02   4.0350301E-10   4.0350301E-10
   1.0533945E+02   3.9661074E-10   3.9661074E-10
   1.0683551E+02   3.8960479E-10   3.8960479E-10
   1.0835282E+02   3.8259884E-10   3.8259884E-10
   1.0989167E+02   3.7547920E-10   3.7547920E-10
   1.1145239E+02   3.6841641E-10   3.6841641E-10
   1.1303526E+02   3.6121151E-10   3.6121151E-10
   1.1464062E+02   3.5396397E-10   3.5396397E-10
   1.1626878E+02   3.4671643E-10   3.4671643E-10
   1.1792006E+02   3.3936942E-10   3.3936942E-10
   1.1959480E+02   3.3200820E-10   3.3200820E-10
   1.2129332E+02   3.2451908E-10   3.2451908E-10
   1.2301596E+02   3.1702996E-10   3.1702996E-10
   1.2476307E+02   3.0939873E-10   3.0939873E-10
   1.2653499E+02   3.0171066E-10   3.0171066E-10
   1.2833207E+02   2.9405101E-10   2.9405101E-10
   1.3015468E+02   2.8624925E-10   2.8624925E-10
   1.3200317E+02   2.7846170E-10   2.7846170E-10
   1.3387792E+02   2.7054625E-10   2.7054625E-10
   1.3577929E+02   2.6264502E-10   2.6264502E-10
   1.3770766E+02   2.5458746E-10   2.5458746E-10
   1.3966343E+02   2.4648728E-10   2.4648728E-10
   1.4164697E+02   2.3837288E-10   2.3837288E-10
   1.4365867E+02   2.3015900E-10   2.3015900E-10
   1.4569895E+02   2.2190250E-10   2.2190250E-10
   1.4776821E+02   2.1353230E-10   2.1353230E-10
   1.4986686E+02   2.0509106E-10   2.0509106E-10
   1.5199531E+02   1.9664981E-10   1.9664981E-10
   1.5415398E+02   1.8808066E-10   1.8808066E-10
   1.5634332E+02   1.7949731E-10   1.7949731E-10
   1.5856375E+02   1.7075763E-10   1.7075763E-10
   1.6081572E+02   1.6201795E-10   1.6201795E-10
   1.6309967E+02   1.5312196E-10   1.5312196E-10
   1.6541605E+02   1.4415491E-10   1.4415491E-10
   1.6776534E+02   1.3515944E-10   1.3515944E-10
   1.7014798E+02   1.2605028E-10   1.2605028E-10
   1.7256447E+02   1.1692691E-10   1.1692691E-10
   1.7501528E+02   1.0763301E-10   1.0763301E-10
   1.7750089E+02   9.8324904E-11   9.8324904E-11
   1.8002181E+02   8.8860475E-11   8.8860475E-11
   1.8257853E+02   7.9324991E-11   7.9324991E-11
   1.8517155E+02   6.9775297E-11   6.9775297E-11
   1.8780141E+02   6.0040861E-11   6.0040861E-11
   1.9046862E+02   5.0306426E-11   5.0306426E-11
   1.9317370E+02   4.0401460E-11   4.0401460E-11
   1.9591721E+02   3.0510705E-11   3.0510705E-11
   1.9869967E+02   2.0420998E-11   2.0420998E-11
   2.0152166E+02   1.0246026E-11   1.0246026E-11
