 r   rveffall       rveffpseudo         rveffKresse
  0.0000000E+00 -8.00000000000000000E+01  0.00000000000000000E+00  0.00000000000000000E+00
  5.0071180E-06 -7.99986809061549025E+01 -8.43749240635993636E-05  0.00000000000000000E+00
  1.0085348E-05 -7.99976054882869647E+01 -1.69948161047087294E-04  0.00000000000000000E+00
  1.5235701E-05 -7.99970294011971674E+01 -2.56736729669819063E-04  0.00000000000000000E+00
  2.0459200E-05 -7.99969689752349780E+01 -3.44757890354493481E-04  0.00000000000000000E+00
  2.5756884E-05 -7.99977594560913587E+01 -4.34029148659848647E-04  0.00000000000000000E+00
  3.1129808E-05 -7.99993600621926504E+01 -5.24568258762111777E-04  0.00000000000000000E+00
  3.6579039E-05 -8.00017297828057110E+01 -6.16393226985884643E-04  0.00000000000000000E+00
  4.2105661E-05 -8.00048599993689464E+01 -7.09522315385179752E-04  0.00000000000000000E+00
  4.7710774E-05 -8.00086341789581610E+01 -8.03974045375313801E-04  0.00000000000000000E+00
  5.3395492E-05 -8.00129165518885088E+01 -8.99767201416375433E-04  0.00000000000000000E+00
  5.9160945E-05 -8.00175493157732944E+01 -9.96920834749009379E-04  0.00000000000000000E+00
  6.5008281E-05 -8.00223690110031782E+01 -1.09545426718325061E-03  0.00000000000000000E+00
  7.0938662E-05 -8.00272155228397821E+01 -1.19538709494116822E-03  0.00000000000000000E+00
  7.6953268E-05 -8.00319401166240851E+01 -1.29673919255408605E-03  0.00000000000000000E+00
  8.3053295E-05 -8.00364118199904340E+01 -1.39953071681514041E-03  0.00000000000000000E+00
  8.9239956E-05 -8.00405210782458028E+01 -1.50378211078797792E-03  0.00000000000000000E+00
  9.5514481E-05 -8.00441813349281261E+01 -1.60951410787238121E-03  0.00000000000000000E+00
  1.0187812E-04 -8.00473289280380271E+01 -1.71674773592763396E-03  0.00000000000000000E+00
  1.0833213E-04 -8.00499217080815271E+01 -1.82550432145443830E-03  0.00000000000000000E+00
  1.1487781E-04 -8.00519368043343746E+01 -1.93580549383622872E-03  0.00000000000000000E+00
  1.2151645E-04 -8.00533679053688161E+01 -2.04767318964072182E-03  0.00000000000000000E+00
  1.2824938E-04 -8.00542223503342285E+01 -2.16112965698253860E-03  0.00000000000000000E+00
  1.3507792E-04 -8.00545182548766405E+01 -2.27619745994780444E-03  0.00000000000000000E+00
  1.4200345E-04 -8.00542818267067560E+01 -2.39289948308156345E-03  0.00000000000000000E+00
  1.4902733E-04 -8.00535449667530656E+01 -2.51125893593893501E-03  0.00000000000000000E+00
  1.5615097E-04 -8.00523432045750525E+01 -2.63129935770090116E-03  0.00000000000000000E+00
  1.6337579E-04 -8.00507139812336987E+01 -2.75304462185563302E-03  0.00000000000000000E+00
  1.7070321E-04 -8.00486952680437440E+01 -2.87651894094631717E-03  0.00000000000000000E+00
  1.7813469E-04 -8.00463244938022171E+01 -3.00174687138638971E-03  0.00000000000000000E+00
  1.8567172E-04 -8.00436377442883327E+01 -3.12875331834315930E-03  0.00000000000000000E+00
  1.9331579E-04 -8.00406691942669823E+01 -3.25756354069079053E-03  0.00000000000000000E+00
  2.0106843E-04 -8.00374507322919015E+01 -3.38820315603361464E-03  0.00000000000000000E+00
  2.0893117E-04 -8.00340117410374745E+01 -3.52069814580078513E-03  0.00000000000000000E+00
  2.1690558E-04 -8.00303789996668655E+01 -3.65507486041327483E-03  0.00000000000000000E+00
  2.2499324E-04 -8.00265766791612236E+01 -3.79136002452426166E-03  0.00000000000000000E+00
  2.3319577E-04 -8.00226264060845551E+01 -3.92958074233392459E-03  0.00000000000000000E+00
  2.4151479E-04 -8.00185473745946325E+01 -4.06976450297971953E-03  0.00000000000000000E+00
  2.4995196E-04 -8.00143564904761746E+01 -4.21193918600319770E-03  0.00000000000000000E+00
  2.5850895E-04 -8.00100685344433060E+01 -4.35613306689446294E-03  0.00000000000000000E+00
  2.6718748E-04 -8.00056963349181274E+01 -4.50237482271536541E-03  0.00000000000000000E+00
  2.7598925E-04 -8.00012509429642762E+01 -4.65069353780254643E-03  0.00000000000000000E+00
  2.8491604E-04 -7.99967418040603775E+01 -4.80111870955147492E-03  0.00000000000000000E+00
  2.9396960E-04 -7.99921769230041235E+01 -4.95368025428261863E-03  0.00000000000000000E+00
  3.0315175E-04 -7.99875630195026304E+01 -5.10840851319091776E-03  0.00000000000000000E+00
  3.1246430E-04 -7.99829056729703041E+01 -5.26533425837975681E-03  0.00000000000000000E+00
  3.2190911E-04 -7.99782094557869527E+01 -5.42448869898060331E-03  0.00000000000000000E+00
  3.3148806E-04 -7.99734780548095188E+01 -5.58590348735957341E-03  0.00000000000000000E+00
  3.4120305E-04 -7.99687143813141574E+01 -5.74961072541211021E-03  0.00000000000000000E+00
  3.5105602E-04 -7.99639206698122962E+01 -5.91564297094705847E-03  0.00000000000000000E+00
  3.6104892E-04 -7.99590985663574401E+01 -6.08403324416141849E-03  0.00000000000000000E+00
  3.7118374E-04 -7.99542492070646773E+01 -6.25481503420700045E-03  0.00000000000000000E+00
  3.8146249E-04 -7.99493732876166234E+01 -6.42802230585036785E-03  0.00000000000000000E+00
  3.9188723E-04 -7.99444711245442221E+01 -6.60368950622732074E-03  0.00000000000000000E+00
  4.0246003E-04 -7.99395427090579318E+01 -6.78185157169333610E-03  0.00000000000000000E+00
  4.1318298E-04 -7.99345877541777696E+01 -6.96254393477123857E-03  0.00000000000000000E+00
  4.2405822E-04 -7.99296057358670424E+01 -7.14580253119756047E-03  0.00000000000000000E+00
  4.3508792E-04 -7.99245959288232797E+01 -7.33166380706895288E-03  0.00000000000000000E+00
  4.4627426E-04 -7.99195574375327453E+01 -7.52016472609006587E-03  0.00000000000000000E+00
  4.5761947E-04 -7.99144892231380624E+01 -7.71134277692437243E-03  0.00000000000000000E+00
  4.6912581E-04 -7.99093901266183622E+01 -7.90523598064934128E-03  0.00000000000000000E+00
  4.8079557E-04 -7.99042588887319596E+01 -8.10188289831749106E-03  0.00000000000000000E+00
  4.9263106E-04 -7.98990941671170987E+01 -8.30132263862481262E-03  0.00000000000000000E+00
  5.0463464E-04 -7.98938945509150216E+01 -8.50359486568806784E-03  0.00000000000000000E+00
  5.1680870E-04 -7.98886585732340819E+01 -8.70873980693252607E-03  0.00000000000000000E+00
  5.2915566E-04 -7.98833847217261024E+01 -8.91679826109170910E-03  0.00000000000000000E+00
  5.4167797E-04 -7.98780714475304165E+01 -9.12781160632071542E-03  0.00000000000000000E+00
  5.5437813E-04 -7.98727171728015861E+01 -9.34182180842476999E-03  0.00000000000000000E+00
  5.6725866E-04 -7.98673202970096270E+01 -9.55887142920457990E-03  0.00000000000000000E+00
  5.8032212E-04 -7.98618792021828767E+01 -9.77900363492022369E-03  0.00000000000000000E+00
  5.9357112E-04 -7.98563922572367346E+01 -1.00022622048751841E-02  0.00000000000000000E+00
  6.0700827E-04 -7.98508578215157456E+01 -1.02286915401222939E-02  0.00000000000000000E+00
  6.2063627E-04 -7.98452742476589492E+01 -1.04583366722932874E-02  0.00000000000000000E+00
  6.3445781E-04 -7.98396398838910244E+01 -1.06912432725537101E-02  0.00000000000000000E+00
  6.4847565E-04 -7.98339530758159839E+01 -1.09274576606849718E-02  0.00000000000000000E+00
  6.6269258E-04 -7.98282121677836471E+01 -1.11670268142954002E-02  0.00000000000000000E+00
  6.7711141E-04 -7.98224155039017518E+01 -1.14099983781620062E-02  0.00000000000000000E+00
  6.9173503E-04 -7.98165614287432845E+01 -1.16564206737049328E-02  0.00000000000000000E+00
  7.0656634E-04 -7.98106482877866483E+01 -1.19063427085964110E-02  0.00000000000000000E+00
  7.2160828E-04 -7.98046744276438886E+01 -1.21598141865061574E-02  0.00000000000000000E+00
  7.3686385E-04 -7.97986381961066229E+01 -1.24168855169850822E-02  0.00000000000000000E+00
  7.5233609E-04 -7.97925379420283321E+01 -1.26776078254894359E-02  0.00000000000000000E+00
  7.6802806E-04 -7.97863720150906630E+01 -1.29420329635471371E-02  0.00000000000000000E+00
  7.8394290E-04 -7.97801387654558170E+01 -1.32102135190685470E-02  0.00000000000000000E+00
  8.0008376E-04 -7.97738365433301340E+01 -1.34822028268035896E-02  0.00000000000000000E+00
  8.1645386E-04 -7.97674636984643968E+01 -1.37580549789473108E-02  0.00000000000000000E+00
  8.3305645E-04 -7.97610185795882245E+01 -1.40378248358960581E-02  0.00000000000000000E+00
  8.4989484E-04 -7.97544995338024734E+01 -1.43215680371562987E-02  0.00000000000000000E+00
  8.6697237E-04 -7.97479049059349023E+01 -1.46093410124084073E-02  0.00000000000000000E+00
  8.8429244E-04 -7.97412330378704439E+01 -1.49012009927274106E-02  0.00000000000000000E+00
  9.0185849E-04 -7.97344822678562082E+01 -1.51972060219630820E-02  0.00000000000000000E+00
  9.1967402E-04 -7.97276509297939100E+01 -1.54974149682816364E-02  0.00000000000000000E+00
  9.3774256E-04 -7.97207373525264842E+01 -1.58018875358711675E-02  0.00000000000000000E+00
  9.5606773E-04 -7.97137398591129624E+01 -1.61106842768133432E-02  0.00000000000000000E+00
  9.7465315E-04 -7.97066567661051693E+01 -1.64238666031236123E-02  0.00000000000000000E+00
  9.9350253E-04 -7.96994863828234941E+01 -1.67414967989622694E-02  0.00000000000000000E+00
  1.0126196E-03 -7.96922270106367137E+01 -1.70636380330189616E-02  0.00000000000000000E+00
  1.0320082E-03 -7.96848769422480956E+01 -1.73903543710729018E-02  0.00000000000000000E+00
  1.0516721E-03 -7.96774344609809901E+01 -1.77217107887314325E-02  0.00000000000000000E+00
  1.0716154E-03 -7.96698978400815889E+01 -1.80577731843494134E-02  0.00000000000000000E+00
  1.0918418E-03 -7.96622653420244262E+01 -1.83986083921319106E-02  0.00000000000000000E+00
  1.1123555E-03 -7.96545352178235646E+01 -1.87442841954229833E-02  0.00000000000000000E+00
  1.1331606E-03 -7.96467057063636048E+01 -1.90948693401830558E-02  0.00000000000000000E+00
  1.1542611E-03 -7.96387750337302123E+01 -1.94504335486575183E-02  0.00000000000000000E+00
  1.1756613E-03 -7.96307414125533342E+01 -1.98110475332394509E-02  0.00000000000000000E+00
  1.1973655E-03 -7.96226030413647266E+01 -2.01767830105289633E-02  0.00000000000000000E+00
  1.2193779E-03 -7.96143581039610808E+01 -2.05477127155922618E-02  0.00000000000000000E+00
  1.2417029E-03 -7.96060047687756764E+01 -2.09239104164229035E-02  0.00000000000000000E+00
  1.2643450E-03 -7.95975411882628521E+01 -2.13054509286084437E-02  0.00000000000000000E+00
  1.2873086E-03 -7.95889654982918842E+01 -2.16924101302051441E-02  0.00000000000000000E+00
  1.3105984E-03 -7.95802758175469194E+01 -2.20848649768238016E-02  0.00000000000000000E+00
  1.3342189E-03 -7.95714702469374515E+01 -2.24828935169297389E-02  0.00000000000000000E+00
  1.3581750E-03 -7.95625468690183624E+01 -2.28865749073598121E-02  0.00000000000000000E+00
  1.3824712E-03 -7.95535037474157036E+01 -2.32959894290596832E-02  0.00000000000000000E+00
  1.4071125E-03 -7.95443389262603091E+01 -2.37112185030444594E-02  0.00000000000000000E+00
  1.4321038E-03 -7.95350504296324914E+01 -2.41323447065856858E-02  0.00000000000000000E+00
  1.4574500E-03 -7.95256362610079179E+01 -2.45594517896281957E-02  0.00000000000000000E+00
  1.4831562E-03 -7.95160944027148702E+01 -2.49926246914398062E-02  0.00000000000000000E+00
  1.5092274E-03 -7.95064228153993184E+01 -2.54319495574972694E-02  0.00000000000000000E+00
  1.5356689E-03 -7.94966194374850090E+01 -2.58775137566118682E-02  0.00000000000000000E+00
  1.5624860E-03 -7.94866821846530911E+01 -2.63294058982979431E-02  0.00000000000000000E+00
  1.5896839E-03 -7.94766089493240031E+01 -2.67877158503878748E-02  0.00000000000000000E+00
  1.6172681E-03 -7.94663976001356360E+01 -2.72525347568970504E-02  0.00000000000000000E+00
  1.6452441E-03 -7.94560459814337321E+01 -2.77239550561420682E-02  0.00000000000000000E+00
  1.6736173E-03 -7.94455519127665326E+01 -2.82020704991163169E-02  0.00000000000000000E+00
  1.7023936E-03 -7.94349131883854085E+01 -2.86869761681258981E-02  0.00000000000000000E+00
  1.7315785E-03 -7.94241275767419239E+01 -2.91787684956901841E-02  0.00000000000000000E+00
  1.7611779E-03 -7.94131928199947907E+01 -2.96775452837103361E-02  0.00000000000000000E+00
  1.7911977E-03 -7.94021066335246815E+01 -3.01834057229097563E-02  0.00000000000000000E+00
  1.8216438E-03 -7.93908667054381141E+01 -3.06964504125503690E-02  0.00000000000000000E+00
  1.8525224E-03 -7.93794706960868837E+01 -3.12167813804284759E-02  0.00000000000000000E+00
  1.8838394E-03 -7.93679162375936755E+01 -3.17445021031542082E-02  0.00000000000000000E+00
  1.9156013E-03 -7.93562009333654288E+01 -3.22797175267187306E-02  0.00000000000000000E+00
  1.9478142E-03 -7.93443223576192906E+01 -3.28225340873529309E-02  0.00000000000000000E+00
  1.9804847E-03 -7.93322780549136297E+01 -3.33730597326821754E-02  0.00000000000000000E+00
  2.0136191E-03 -7.93200655396770600E+01 -3.39314039431808448E-02  0.00000000000000000E+00
  2.0472241E-03 -7.93076822957384877E+01 -3.44976777539311927E-02  0.00000000000000000E+00
  2.0813064E-03 -7.92951257758631556E+01 -3.50719937766907908E-02  0.00000000000000000E+00
  2.1158728E-03 -7.92823934012918130E+01 -3.56544662222727932E-02  0.00000000000000000E+00
  2.1509300E-03 -7.92694825612761775E+01 -3.62452109232436273E-02  0.00000000000000000E+00
  2.1864852E-03 -7.92563906126222264E+01 -3.68443453569423165E-02  0.00000000000000000E+00
  2.2225453E-03 -7.92431148792361171E+01 -3.74519886688263401E-02  0.00000000000000000E+00
  2.2591175E-03 -7.92296526516684310E+01 -3.80682616961484435E-02  0.00000000000000000E+00
  2.2962091E-03 -7.92160011866602503E+01 -3.86932869919688546E-02  0.00000000000000000E+00
  2.3338276E-03 -7.92021577066966387E+01 -3.93271888495082059E-02  0.00000000000000000E+00
  2.3719803E-03 -7.91881193995591843E+01 -3.99700933268453684E-02  0.00000000000000000E+00
  2.4106748E-03 -7.91738834178807878E+01 -4.06221282719655477E-02  0.00000000000000000E+00
  2.4499189E-03 -7.91594468787018144E+01 -4.12834233481631577E-02  0.00000000000000000E+00
  2.4897204E-03 -7.91448068630288617E+01 -4.19541100598050040E-02  0.00000000000000000E+00
  2.5300871E-03 -7.91299604154026071E+01 -4.26343217784581618E-02  0.00000000000000000E+00
  2.5710271E-03 -7.91149045434589198E+01 -4.33241937693884319E-02  0.00000000000000000E+00
  2.6125486E-03 -7.90996362174944352E+01 -4.40238632184340659E-02  0.00000000000000000E+00
  2.6546598E-03 -7.90841523700416644E+01 -4.47334692592603125E-02  0.00000000000000000E+00
  2.6973690E-03 -7.90684498954421997E+01 -4.54531530009999671E-02  0.00000000000000000E+00
  2.7406848E-03 -7.90525256494192803E+01 -4.61830575562857393E-02  0.00000000000000000E+00
  2.7846158E-03 -7.90363764486619544E+01 -4.69233280696793806E-02  0.00000000000000000E+00
  2.8291707E-03 -7.90199990704087298E+01 -4.76741117465036487E-02  0.00000000000000000E+00
  2.8743583E-03 -7.90033902520307265E+01 -4.84355578820826610E-02  0.00000000000000000E+00
  2.9201878E-03 -7.89865466906271365E+01 -4.92078178913962008E-02  0.00000000000000000E+00
  2.9666681E-03 -7.89694650426183671E+01 -4.99910453391540568E-02  0.00000000000000000E+00
  3.0138086E-03 -7.89521419233444135E+01 -5.07853959702960697E-02  0.00000000000000000E+00
  3.0616185E-03 -7.89345739066707637E+01 -5.15910277409242640E-02  0.00000000000000000E+00
  3.1101075E-03 -7.89167575245953827E+01 -5.24081008496724704E-02  0.00000000000000000E+00
  3.1592851E-03 -7.88986892668618935E+01 -5.32367777695202937E-02  0.00000000000000000E+00
  3.2091611E-03 -7.88803655805797774E+01 -5.40772232800574848E-02  0.00000000000000000E+00
  3.2597455E-03 -7.88617828698480707E+01 -5.49296045002044542E-02  0.00000000000000000E+00
  3.3110483E-03 -7.88429374953834241E+01 -5.57940909213963318E-02  0.00000000000000000E+00
  3.3630798E-03 -7.88238257741589763E+01 -5.66708544412363943E-02  0.00000000000000000E+00
  3.4158501E-03 -7.88044439790449900E+01 -5.75600693976254379E-02  0.00000000000000000E+00
  3.4693700E-03 -7.87847883384578012E+01 -5.84619126033743206E-02  0.00000000000000000E+00
  3.5236499E-03 -7.87648550360177921E+01 -5.93765633813057372E-02  0.00000000000000000E+00
  3.5787008E-03 -7.87446402102086580E+01 -6.03042035998528556E-02  0.00000000000000000E+00
  3.6345335E-03 -7.87241399540525180E+01 -6.12450177091609718E-02  0.00000000000000000E+00
  3.6911591E-03 -7.87033503147887927E+01 -6.21991927776998701E-02  0.00000000000000000E+00
  3.7485889E-03 -7.86822672935568619E+01 -6.31669185293938645E-02  0.00000000000000000E+00
  3.8068344E-03 -7.86608868450971812E+01 -6.41483873812765115E-02  0.00000000000000000E+00
  3.8659071E-03 -7.86392048774557963E+01 -6.51437944816777859E-02  0.00000000000000000E+00
  3.9258188E-03 -7.86172172516951377E+01 -6.61533377489507135E-02  0.00000000000000000E+00
  3.9865813E-03 -7.85949197816225222E+01 -6.71772179107454348E-02  0.00000000000000000E+00
  4.0482068E-03 -7.85723082335240974E+01 -6.82156385438379004E-02  0.00000000000000000E+00
  4.1107075E-03 -7.85493783259085916E+01 -6.92688061145215750E-02  0.00000000000000000E+00
  4.1740959E-03 -7.85261257292648480E+01 -7.03369300195692132E-02  0.00000000000000000E+00
  4.2383845E-03 -7.85025460658301029E+01 -7.14202226277732971E-02  0.00000000000000000E+00
  4.3035862E-03 -7.84786349093693758E+01 -7.25188993220729911E-02  0.00000000000000000E+00
  4.3697139E-03 -7.84543877849659026E+01 -7.36331785422759677E-02  0.00000000000000000E+00
  4.4367807E-03 -7.84298001688287059E+01 -7.47632818283828215E-02  0.00000000000000000E+00
  4.5048001E-03 -7.84048674881092751E+01 -7.59094338645231737E-02  0.00000000000000000E+00
  4.5737854E-03 -7.83795851207319458E+01 -7.70718625235117943E-02  0.00000000000000000E+00
  4.6437506E-03 -7.83539483952403231E+01 -7.82507989120329178E-02  0.00000000000000000E+00
  4.7147093E-03 -7.83279525906570910E+01 -7.94464774164620885E-02  0.00000000000000000E+00
  4.7866759E-03 -7.83015929363585030E+01 -8.06591357493341987E-02  0.00000000000000000E+00
  4.8596645E-03 -7.82748646119642473E+01 -8.18890149964663777E-02  0.00000000000000000E+00
  4.9336898E-03 -7.82477627472437831E+01 -8.31363596647453074E-02  0.00000000000000000E+00
  5.0087663E-03 -7.82202824220360498E+01 -8.44014177305879576E-02  0.00000000000000000E+00
  5.0849092E-03 -7.81924186661889138E+01 -8.56844406890849286E-02  0.00000000000000000E+00
  5.1621334E-03 -7.81641664595156271E+01 -8.69856836038361420E-02  0.00000000000000000E+00
  5.2404543E-03 -7.81355207317646716E+01 -8.83054051574883592E-02  0.00000000000000000E+00
  5.3198877E-03 -7.81064763626097545E+01 -8.96438677029840758E-02  0.00000000000000000E+00
  5.4004491E-03 -7.80770281816603244E+01 -9.10013373155318384E-02  0.00000000000000000E+00
  5.4821547E-03 -7.80471709684870518E+01 -9.23780838453078651E-02  0.00000000000000000E+00
  5.5650207E-03 -7.80168994526650579E+01 -9.37743809708991849E-02  0.00000000000000000E+00
  5.6490636E-03 -7.79862083138405211E+01 -9.51905062534980223E-02  0.00000000000000000E+00
  5.7343000E-03 -7.79550921818144218E+01 -9.66267411918585034E-02  0.00000000000000000E+00
  5.8207471E-03 -7.79235456366439649E+01 -9.80833712780259520E-02  0.00000000000000000E+00
  5.9084218E-03 -7.78915632087684600E+01 -9.95606860538486849E-02  0.00000000000000000E+00
  5.9973418E-03 -7.78591393791519266E+01 -1.01058979168284199E-01  0.00000000000000000E+00
  6.0875246E-03 -7.78262685794466336E+01 -1.02578548435509745E-01  0.00000000000000000E+00
  6.1789882E-03 -7.77929451921791895E+01 -1.04119695893849146E-01  0.00000000000000000E+00
  6.2717508E-03 -7.77591635509550088E+01 -1.05682727865525780E-01  0.00000000000000000E+00
  6.3658308E-03 -7.77249179406856570E+01 -1.07267955017254488E-01  0.00000000000000000E+00
  6.4612470E-03 -7.76902025978368584E+01 -1.08875692421683157E-01  0.00000000000000000E+00
  6.5580183E-03 -7.76550117106976359E+01 -1.10506259619694874E-01  0.00000000000000000E+00
  6.6561639E-03 -7.76193394196687336E+01 -1.12159980683584071E-01  0.00000000000000000E+00
  6.7557035E-03 -7.75831798175751715E+01 -1.13837184281117290E-01  0.00000000000000000E+00
  6.8566567E-03 -7.75465269500000716E+01 -1.15538203740490369E-01  0.00000000000000000E+00
  6.9590437E-03 -7.75093748156357947E+01 -1.17263377116195500E-01  0.00000000000000000E+00
  7.0628849E-03 -7.74717173666597034E+01 -1.19013047255809690E-01  0.00000000000000000E+00
  7.1682008E-03 -7.74335485091296647E+01 -1.20787561867716581E-01  0.00000000000000000E+00
  7.2750124E-03 -7.73948621033991060E+01 -1.22587273589775586E-01  0.00000000000000000E+00
  7.3833410E-03 -7.73556519645532745E+01 -1.24412540058949875E-01  0.00000000000000000E+00
  7.4932081E-03 -7.73159118628643967E+01 -1.26263723981907300E-01  0.00000000000000000E+00
  7.6046355E-03 -7.72756355242675141E+01 -1.28141193206605858E-01  0.00000000000000000E+00
  7.7176455E-03 -7.72348166308548798E+01 -1.30045320794878461E-01  0.00000000000000000E+00
  7.8322605E-03 -7.71934488213872214E+01 -1.31976485096029994E-01  0.00000000000000000E+00
  7.9485033E-03 -7.71515256918240055E+01 -1.33935069821458891E-01  0.00000000000000000E+00
  8.0663969E-03 -7.71090407958718629E+01 -1.35921464120319219E-01  0.00000000000000000E+00
  8.1859649E-03 -7.70659876455471533E+01 -1.37936062656235481E-01  0.00000000000000000E+00
  8.3072311E-03 -7.70223597117541914E+01 -1.39979265685084509E-01  0.00000000000000000E+00
  8.4302195E-03 -7.69781504248804822E+01 -1.42051479133858904E-01  0.00000000000000000E+00
  8.5549546E-03 -7.69333531754025159E+01 -1.44153114680626609E-01  0.00000000000000000E+00
  8.6814613E-03 -7.68879613145038689E+01 -1.46284589835600304E-01  0.00000000000000000E+00
  8.8097646E-03 -7.68419681547079136E+01 -1.48446328023331853E-01  0.00000000000000000E+00
  8.9398901E-03 -7.67953669705178186E+01 -1.50638758666046785E-01  0.00000000000000000E+00
  9.0718637E-03 -7.67481509990635402E+01 -1.52862317268133402E-01  0.00000000000000000E+00
  9.2057116E-03 -7.67003134407604392E+01 -1.55117445501801954E-01  0.00000000000000000E+00
  9.3414604E-03 -7.66518474599700710E+01 -1.57404591293928697E-01  0.00000000000000000E+00
  9.4791372E-03 -7.66027461856649978E+01 -1.59724208914101468E-01  0.00000000000000000E+00
  9.6187693E-03 -7.65530027120982339E+01 -1.62076759063880832E-01  0.00000000000000000E+00
  9.7603845E-03 -7.65026100994700613E+01 -1.64462708967293814E-01  0.00000000000000000E+00
  9.9040109E-03 -7.64515613745957836E+01 -1.66882532462576005E-01  0.00000000000000000E+00
  1.0049677E-02 -7.63998495315680515E+01 -1.69336710095177256E-01  0.00000000000000000E+00
  1.0197412E-02 -7.63474675324143277E+01 -1.71825729212048917E-01  0.00000000000000000E+00
  1.0347245E-02 -7.62944083077470765E+01 -1.74350084057226767E-01  0.00000000000000000E+00
  1.0499207E-02 -7.62406647574015892E+01 -1.76910275868729039E-01  0.00000000000000000E+00
  1.0653326E-02 -7.61862297510640758E+01 -1.79506812976783697E-01  0.00000000000000000E+00
  1.0809634E-02 -7.61310961288829020E+01 -1.82140210903402905E-01  0.00000000000000000E+00
  1.0968162E-02 -7.60752567020612389E+01 -1.84810992463323331E-01  0.00000000000000000E+00
  1.1128942E-02 -7.60187042534315935E+01 -1.87519687866325446E-01  0.00000000000000000E+00
  1.1292005E-02 -7.59614315380067779E+01 -1.90266834820954411E-01  0.00000000000000000E+00
  1.1457384E-02 -7.59034312835036502E+01 -1.93052978639655731E-01  0.00000000000000000E+00
  1.1625111E-02 -7.58446961908395849E+01 -1.95878672345345173E-01  0.00000000000000000E+00
  1.1795221E-02 -7.57852189345974949E+01 -1.98744476779431273E-01  0.00000000000000000E+00
  1.1967747E-02 -7.57249921634549281E+01 -2.01650960711306948E-01  0.00000000000000000E+00
  1.2142723E-02 -7.56640085005768412E+01 -2.04598700949330137E-01  0.00000000000000000E+00
  1.2320184E-02 -7.56022605439684412E+01 -2.07588282453309042E-01  0.00000000000000000E+00
  1.2500165E-02 -7.55397408667830632E+01 -2.10620298448512988E-01  0.00000000000000000E+00
  1.2682703E-02 -7.54764420175842758E+01 -2.13695350541226903E-01  0.00000000000000000E+00
  1.2867833E-02 -7.54123565205590580E+01 -2.16814048835865802E-01  0.00000000000000000E+00
  1.3055592E-02 -7.53474768756772306E+01 -2.19977012053670762E-01  0.00000000000000000E+00
  1.3246017E-02 -7.52817955587966878E+01 -2.23184867653004576E-01  0.00000000000000000E+00
  1.3439148E-02 -7.52153050217097388E+01 -2.26438251951264297E-01  0.00000000000000000E+00
  1.3635021E-02 -7.51479976921291097E+01 -2.29737810248432150E-01  0.00000000000000000E+00
  1.3833676E-02 -7.50798659736096852E+01 -2.33084196952283107E-01  0.00000000000000000E+00
  1.4035152E-02 -7.50109022454039263E+01 -2.36478075705266966E-01  0.00000000000000000E+00
  1.4239490E-02 -7.49410988622504419E+01 -2.39920119513086921E-01  0.00000000000000000E+00
  1.4446730E-02 -7.48704481540900417E+01 -2.43411010874992118E-01  0.00000000000000000E+00
  1.4656913E-02 -7.47989424257097397E+01 -2.46951441915804898E-01  0.00000000000000000E+00
  1.4870081E-02 -7.47265739563136435E+01 -2.50542114519700487E-01  0.00000000000000000E+00
  1.5086276E-02 -7.46533349990175594E+01 -2.54183740465761421E-01  0.00000000000000000E+00
  1.5305542E-02 -7.45792177802656511E+01 -2.57877041565325149E-01  0.00000000000000000E+00
  1.5527922E-02 -7.45042144991711552E+01 -2.61622749801142751E-01  0.00000000000000000E+00
  1.5753461E-02 -7.44283173267799611E+01 -2.65421607468372289E-01  0.00000000000000000E+00
  1.5982202E-02 -7.43515184052540548E+01 -2.69274367317424268E-01  0.00000000000000000E+00
  1.6214193E-02 -7.42738098469793329E+01 -2.73181792698677928E-01  0.00000000000000000E+00
  1.6449478E-02 -7.41951837335987534E+01 -2.77144657709091524E-01  0.00000000000000000E+00
  1.6688104E-02 -7.41156321149681077E+01 -2.81163747340723413E-01  0.00000000000000000E+00
  1.6930120E-02 -7.40351470080413065E+01 -2.85239857631185978E-01  0.00000000000000000E+00
  1.7175572E-02 -7.39537203956869007E+01 -2.89373795816049162E-01  0.00000000000000000E+00
  1.7424511E-02 -7.38713442254379800E+01 -2.93566380483217093E-01  0.00000000000000000E+00
  1.7676985E-02 -7.37880104081810089E+01 -2.97818441729295391E-01  0.00000000000000000E+00
  1.7933045E-02 -7.37037108167882167E+01 -3.02130821317967646E-01  0.00000000000000000E+00
  1.8192742E-02 -7.36184372847008035E+01 -3.06504372840402162E-01  0.00000000000000000E+00
  1.8456127E-02 -7.35321816044672687E+01 -3.10939961877710169E-01  0.00000000000000000E+00
  1.8723252E-02 -7.34449355262467662E+01 -3.15438466165468556E-01  0.00000000000000000E+00
  1.8994171E-02 -7.33566907562858574E+01 -3.20000775760333533E-01  0.00000000000000000E+00
  1.9268938E-02 -7.32674389553773722E+01 -3.24627793208759619E-01  0.00000000000000000E+00
  1.9547607E-02 -7.31771717373131025E+01 -3.29320433717841810E-01  0.00000000000000000E+00
  1.9830234E-02 -7.30858806673401915E+01 -3.34079625328306373E-01  0.00000000000000000E+00
  2.0116875E-02 -7.29935572606381555E+01 -3.38906309089656466E-01  0.00000000000000000E+00
  2.0407587E-02 -7.29001929808256506E+01 -3.43801439237503725E-01  0.00000000000000000E+00
  2.0702428E-02 -7.28057792385130682E+01 -3.48765983373094057E-01  0.00000000000000000E+00
  2.1001456E-02 -7.27103073899196772E+01 -3.53800922645049087E-01  0.00000000000000000E+00
  2.1304730E-02 -7.26137687355689536E+01 -3.58907251933339277E-01  0.00000000000000000E+00
  2.1612312E-02 -7.25161545190807573E+01 -3.64085980035505352E-01  0.00000000000000000E+00
  2.1924263E-02 -7.24174559260792847E+01 -3.69338129855145969E-01  0.00000000000000000E+00
  2.2240644E-02 -7.23176640832374886E+01 -3.74664738592682123E-01  0.00000000000000000E+00
  2.2561518E-02 -7.22167700574755003E+01 -3.80066857938420710E-01  0.00000000000000000E+00
  2.2886949E-02 -7.21147648553349825E+01 -3.85545554267927748E-01  0.00000000000000000E+00
  2.3217002E-02 -7.20116394225520224E+01 -3.91101908839724566E-01  0.00000000000000000E+00
  2.3551742E-02 -7.19073846438476778E+01 -3.96737017995323626E-01  0.00000000000000000E+00
  2.3891237E-02 -7.18019913429570522E+01 -4.02451993361616689E-01  0.00000000000000000E+00
  2.4235553E-02 -7.16954502829215699E+01 -4.08247962055622693E-01  0.00000000000000000E+00
  2.4584759E-02 -7.15877521666615166E+01 -4.14126066891613964E-01  0.00000000000000000E+00
  2.4938925E-02 -7.14788876378494678E+01 -4.20087466590627567E-01  0.00000000000000000E+00
  2.5298121E-02 -7.13688472821054205E+01 -4.26133335992370410E-01  0.00000000000000000E+00
  2.5662418E-02 -7.12576216285296482E+01 -4.32264866269531700E-01  0.00000000000000000E+00
  2.6031889E-02 -7.11452011515900296E+01 -4.38483265144505086E-01  0.00000000000000000E+00
  2.6406607E-02 -7.10315762733782208E+01 -4.44789757108534412E-01  0.00000000000000000E+00
  2.6786647E-02 -7.09167373662483413E+01 -4.51185583643280652E-01  0.00000000000000000E+00
  2.7172085E-02 -7.08006747558476945E+01 -4.57672003444822950E-01  0.00000000000000000E+00
  2.7562996E-02 -7.06833787245474667E+01 -4.64250292650092988E-01  0.00000000000000000E+00
  2.7959460E-02 -7.05648395152827703E+01 -4.70921745065745578E-01  0.00000000000000000E+00
  2.8361554E-02 -7.04450473358045741E+01 -4.77687672399466745E-01  0.00000000000000000E+00
  2.8769359E-02 -7.03239923633471307E+01 -4.84549404493721247E-01  0.00000000000000000E+00
  2.9182955E-02 -7.02016647497180770E+01 -4.91508289561931766E-01  0.00000000000000000E+00
  2.9602426E-02 -7.00780546268124453E+01 -4.98565694427093753E-01  0.00000000000000000E+00
  3.0027853E-02 -6.99531521125568929E+01 -5.05723004762814399E-01  0.00000000000000000E+00
  3.0459323E-02 -6.98269473172995276E+01 -5.12981625336773495E-01  0.00000000000000000E+00
  3.0896921E-02 -6.96994303506609043E+01 -5.20342980256593091E-01  0.00000000000000000E+00
  3.1340734E-02 -6.95705913288744568E+01 -5.27808513218108843E-01  0.00000000000000000E+00
  3.1790849E-02 -6.94404203826608182E+01 -5.35379687756029066E-01  0.00000000000000000E+00
  3.2247358E-02 -6.93089076656990812E+01 -5.43057987496963879E-01  0.00000000000000000E+00
  3.2710350E-02 -6.91760433637779215E+01 -5.50844916414809704E-01  0.00000000000000000E+00
  3.3179917E-02 -6.90418177047446164E+01 -5.58741999088471331E-01  0.00000000000000000E+00
  3.3656153E-02 -6.89062209694075705E+01 -5.66750780961892797E-01  0.00000000000000000E+00
  3.4139153E-02 -6.87692435035870915E+01 -5.74872828606377118E-01  0.00000000000000000E+00
  3.4629013E-02 -6.86308757315647426E+01 -5.83109729985167524E-01  0.00000000000000000E+00
  3.5125829E-02 -6.84911081712432690E+01 -5.91463094720252824E-01  0.00000000000000000E+00
  3.5629702E-02 -6.83499314513866949E+01 -5.99934554361370886E-01  0.00000000000000000E+00
  3.6140731E-02 -6.82073363313869834E+01 -6.08525762657168401E-01  0.00000000000000000E+00
  3.6659017E-02 -6.80633137240767638E+01 -6.17238395828475062E-01  0.00000000000000000E+00
  3.7184664E-02 -6.79178547221755338E+01 -6.26074152843652976E-01  0.00000000000000000E+00
  3.7717777E-02 -6.77709506290272401E+01 -6.35034755695965458E-01  0.00000000000000000E+00
  3.8258461E-02 -6.76225929943390724E+01 -6.44121949682921913E-01  0.00000000000000000E+00
  3.8806824E-02 -6.74727736556660744E+01 -6.53337503687532517E-01  0.00000000000000000E+00
  3.9362975E-02 -6.73214847863874155E+01 -6.62683210461418981E-01  0.00000000000000000E+00
  3.9927025E-02 -6.71687189508807023E+01 -6.72160886909716648E-01  0.00000000000000000E+00
  4.0499085E-02 -6.70144691675076132E+01 -6.81772374377688783E-01  0.00000000000000000E+00
  4.1079270E-02 -6.68587289798545470E+01 -6.91519538938987544E-01  0.00000000000000000E+00
  4.1667695E-02 -6.67014925364243538E+01 -7.01404271685476144E-01  0.00000000000000000E+00
  4.2264476E-02 -6.65427546786293931E+01 -7.11428489018526622E-01  0.00000000000000000E+00
  4.2869734E-02 -6.63825110364812474E+01 -7.21594132941698052E-01  0.00000000000000000E+00
  4.3483587E-02 -6.62207581308057911E+01 -7.31903171354703286E-01  0.00000000000000000E+00
  4.4106158E-02 -6.60574934801403231E+01 -7.42357598348554859E-01  0.00000000000000000E+00
  4.4737572E-02 -6.58927157096992886E+01 -7.52959434501778824E-01  0.00000000000000000E+00
  4.5377953E-02 -6.57264246589556649E+01 -7.63710727177578375E-01  0.00000000000000000E+00
  4.6027428E-02 -6.55586214835214207E+01 -7.74613550821825370E-01  0.00000000000000000E+00
  4.6686128E-02 -6.53893087461730147E+01 -7.85670007261736636E-01  0.00000000000000000E+00
  4.7354183E-02 -6.52184904911331387E+01 -7.96882226005104832E-01  0.00000000000000000E+00
  4.8031725E-02 -6.50461722951754240E+01 -8.08252364539926216E-01  0.00000000000000000E+00
  4.8718891E-02 -6.48723612888486940E+01 -8.19782608634268883E-01  0.00000000000000000E+00
  4.9415815E-02 -6.46970661412172490E+01 -8.31475172636212845E-01  0.00000000000000000E+00
  5.0122637E-02 -6.45202970020538373E+01 -8.43332299773683514E-01  0.00000000000000000E+00
  5.0839498E-02 -6.43420653964565048E+01 -8.55356262453997429E-01  0.00000000000000000E+00
  5.1566540E-02 -6.41623840683992057E+01 -8.67549362562905935E-01  0.00000000000000000E+00
  5.2303908E-02 -6.39812667717088317E+01 -8.79913931762946189E-01  0.00000000000000000E+00
  5.3051747E-02 -6.37987280093616818E+01 -8.92452331790866471E-01  0.00000000000000000E+00
  5.3810208E-02 -6.36147827244745940E+01 -9.05166954753895858E-01  0.00000000000000000E+00
  5.4579441E-02 -6.34294459489582252E+01 -9.18060223424614463E-01  0.00000000000000000E+00
  5.5359598E-02 -6.32427324183925919E+01 -9.31134591534164446E-01  0.00000000000000000E+00
  5.6150836E-02 -6.30546561633517371E+01 -9.44392544063524575E-01  0.00000000000000000E+00
  5.6953310E-02 -6.28652300887342506E+01 -9.57836597532571221E-01  0.00000000000000000E+00
  5.7767182E-02 -6.26744655536856143E+01 -9.71469300286616155E-01  0.00000000000000000E+00
  5.8592613E-02 -6.24823719645566840E+01 -9.85293232780106720E-01  0.00000000000000000E+00
  5.9429766E-02 -6.22889563928422945E+01 -9.99311007857153655E-01  0.00000000000000000E+00
  6.0278809E-02 -6.20942232294238465E+01 -1.01352527102853496E+00  0.00000000000000000E+00
  6.1139910E-02 -6.18981738856880952E+01 -1.02793870074481486E+00  0.00000000000000000E+00
  6.2013241E-02 -6.17008065516557593E+01 -1.04255400866517212E+00  0.00000000000000000E+00
  6.2898975E-02 -6.15021160212002087E+01 -1.05737393992155582E+00  0.00000000000000000E+00
  6.3797289E-02 -6.13020935947144778E+01 -1.07240127337772129E+00  0.00000000000000000E+00
  6.4708360E-02 -6.11007270698620957E+01 -1.08763882188271066E+00  0.00000000000000000E+00
  6.5632371E-02 -6.08980008307558052E+01 -1.10308943251829805E+00  0.00000000000000000E+00
  6.6569505E-02 -6.06938960443688273E+01 -1.11875598683992394E+00  0.00000000000000000E+00
  6.7519948E-02 -6.04883909695432536E+01 -1.13464140111057232E+00  0.00000000000000000E+00
  6.8483890E-02 -6.02814613782474780E+01 -1.15074862652708498E+00  0.00000000000000000E+00
  6.9461521E-02 -6.00730810809072722E+01 -1.16708064943831458E+00  0.00000000000000000E+00
  7.0453038E-02 -5.98632225384181567E+01 -1.18364049155453910E+00  0.00000000000000000E+00
  7.1458636E-02 -5.96518575341544803E+01 -1.20043121014750742E+00  0.00000000000000000E+00
  7.2478516E-02 -5.94389578715875047E+01 -1.21745589824046907E+00  0.00000000000000000E+00
  7.3512880E-02 -5.92244960586002094E+01 -1.23471768478749655E+00  0.00000000000000000E+00
  7.4561935E-02 -5.90084459393989249E+01 -1.25221973484138660E+00  0.00000000000000000E+00
  7.5625888E-02 -5.87907832394343899E+01 -1.26996524970940405E+00  0.00000000000000000E+00
  7.6704952E-02 -5.85714859974069881E+01 -1.28795746709606296E+00  0.00000000000000000E+00
  7.7799342E-02 -5.83505348698791266E+01 -1.30619966123214626E+00  0.00000000000000000E+00
  7.8909274E-02 -5.81279133064255120E+01 -1.32469514298909297E+00  0.00000000000000000E+00
  8.0034969E-02 -5.79036076047230779E+01 -1.34344725997785730E+00  0.00000000000000000E+00
  8.1176652E-02 -5.76776068639683075E+01 -1.36245939663131765E+00  0.00000000000000000E+00
  8.2334550E-02 -5.74499028605849986E+01 -1.38173497426922443E+00  0.00000000000000000E+00
  8.3508892E-02 -5.72204898721094324E+01 -1.40127745114469660E+00  0.00000000000000000E+00
  8.4699912E-02 -5.69893644738165648E+01 -1.42109032247117240E+00  0.00000000000000000E+00
  8.5907848E-02 -5.67565253288961316E+01 -1.44117712042870916E+00  0.00000000000000000E+00
  8.7132939E-02 -5.65219729878038066E+01 -1.46154141414845107E+00  0.00000000000000000E+00
  8.8375429E-02 -5.62857097067965384E+01 -1.48218680967406335E+00  0.00000000000000000E+00
  8.9635565E-02 -5.60477392904101350E+01 -1.50311694989883216E+00  0.00000000000000000E+00
  9.0913598E-02 -5.58080669582936650E+01 -1.52433551447712867E+00  0.00000000000000000E+00
  9.2209782E-02 -5.55666992336704482E+01 -1.54584621970882630E+00  0.00000000000000000E+00
  9.3524374E-02 -5.53236438487785307E+01 -1.56765281839523318E+00  0.00000000000000000E+00
  9.4857637E-02 -5.50789096618351977E+01 -1.58975909966501816E+00  0.00000000000000000E+00
  9.6209835E-02 -5.48325065801424785E+01 -1.61216888876856546E+00  0.00000000000000000E+00
  9.7581238E-02 -5.45844454846381666E+01 -1.63488604683909688E+00  0.00000000000000000E+00
  9.8972117E-02 -5.43347381522348627E+01 -1.65791447061884978E+00  0.00000000000000000E+00
  1.0038275E-01 -5.40833971734621883E+01 -1.68125809214852340E+00  0.00000000000000000E+00
  1.0181342E-01 -5.38304358640741327E+01 -1.70492087841812334E+00  0.00000000000000000E+00
  1.0326440E-01 -5.35758681702838473E+01 -1.72890683097725395E+00  0.00000000000000000E+00
  1.0473600E-01 -5.33197085680932119E+01 -1.75321998550283698E+00  0.00000000000000000E+00
  1.0622849E-01 -5.30619719577759952E+01 -1.77786441132213979E+00  0.00000000000000000E+00
  1.0774218E-01 -5.28026735549614799E+01 -1.80284421088889335E+00  0.00000000000000000E+00
  1.0927737E-01 -5.25418287799758943E+01 -1.82816351921024101E+00  0.00000000000000000E+00
  1.1083436E-01 -5.22794531471797512E+01 -1.85382650322208797E+00  0.00000000000000000E+00
  1.1241346E-01 -5.20155621560194561E+01 -1.87983736111039001E+00  0.00000000000000000E+00
  1.1401499E-01 -5.17501711854278739E+01 -1.90620032157577413E+00  0.00000000000000000E+00
  1.1563926E-01 -5.14832953930942949E+01 -1.93291964303879316E+00  0.00000000000000000E+00
  1.1728661E-01 -5.12149496209964639E+01 -1.95999961278302393E+00  0.00000000000000000E+00
  1.1895735E-01 -5.09451483084637502E+01 -1.98744454603304543E+00  0.00000000000000000E+00
  1.2065182E-01 -5.06739054139249419E+01 -2.01525878496430666E+00  0.00000000000000000E+00
  1.2237035E-01 -5.04012343463979846E+01 -2.04344669764167941E+00  0.00000000000000000E+00
  1.2411329E-01 -5.01271479076946420E+01 -2.07201267688342838E+00  0.00000000000000000E+00
  1.2588098E-01 -4.98516582462374842E+01 -2.10096113904715942E+00  0.00000000000000000E+00
  1.2767378E-01 -4.95747768233223169E+01 -2.13029652273421855E+00  0.00000000000000000E+00
  1.2949204E-01 -4.92965143925929823E+01 -2.16002328740879657E+00  0.00000000000000000E+00
  1.3133613E-01 -4.90168809934202443E+01 -2.19014591192794761E+00  0.00000000000000000E+00
  1.3320640E-01 -4.87358859587951017E+01 -2.22066889297849457E+00  0.00000000000000000E+00
  1.3510324E-01 -4.84535379382511593E+01 -2.25159674341668969E+00  0.00000000000000000E+00
  1.3702701E-01 -4.81698449362056635E+01 -2.28293399050632084E+00  0.00000000000000000E+00
  1.3897811E-01 -4.78848143659760552E+01 -2.31468517405077900E+00  0.00000000000000000E+00
  1.4095692E-01 -4.75984531195752751E+01 -2.34685484441448011E+00  0.00000000000000000E+00
  1.4296383E-01 -4.73107676532157981E+01 -2.37944756042877525E+00  0.00000000000000000E+00
  1.4499924E-01 -4.70217640882935157E+01 -2.41246788717738792E+00  0.00000000000000000E+00
  1.4706356E-01 -4.67314483274705665E+01 -2.44592039365618463E+00  0.00000000000000000E+00
  1.4915720E-01 -4.64398261853707552E+01 -2.47980965030189582E+00  0.00000000000000000E+00
  1.5128058E-01 -4.61469035333730773E+01 -2.51414022638421297E+00  0.00000000000000000E+00
  1.5343411E-01 -4.58526864580792335E+01 -2.54891668725551179E+00  0.00000000000000000E+00
  1.5561822E-01 -4.55571814332932590E+01 -2.58414359145215489E+00  0.00000000000000000E+00
  1.5783336E-01 -4.52603955058359517E+01 -2.61982548764125500E+00  0.00000000000000000E+00
  1.6007995E-01 -4.49623364962967429E+01 -2.65596691140641061E+00  0.00000000000000000E+00
  1.6235845E-01 -4.46630132169384026E+01 -2.69257238186580627E+00  0.00000000000000000E+00
  1.6466931E-01 -4.43624357104598559E+01 -2.72964639811578769E+00  0.00000000000000000E+00
  1.6701299E-01 -4.40606155151849919E+01 -2.76719343549278918E+00  0.00000000000000000E+00
  1.6938996E-01 -4.37575659644223052E+01 -2.80521794164628568E+00  0.00000000000000000E+00
  1.7180068E-01 -4.34533025300825457E+01 -2.84372433241511891E+00  0.00000000000000000E+00
  1.7424565E-01 -4.31478432228840347E+01 -2.88271698749937988E+00  0.00000000000000000E+00
  1.7672533E-01 -4.28412090632107123E+01 -2.92220024591970828E+00  0.00000000000000000E+00
  1.7924023E-01 -4.25334246373312865E+01 -2.96217840125563425E+00  0.00000000000000000E+00
  1.8179085E-01 -4.22245187524924646E+01 -3.00265569665429854E+00  0.00000000000000000E+00
  1.8437770E-01 -4.19145252004809308E+01 -3.04363631960065151E+00  0.00000000000000000E+00
  1.8700128E-01 -4.16034836316739600E+01 -3.08512439643990444E+00  0.00000000000000000E+00
  1.8966213E-01 -4.12914405295026867E+01 -3.12712398664275915E+00  0.00000000000000000E+00
  1.9236076E-01 -4.09784502580662746E+01 -3.16963907680364088E+00  0.00000000000000000E+00
  1.9509772E-01 -4.06645761333066105E+01 -3.21267357436189016E+00  0.00000000000000000E+00
  1.9787355E-01 -4.03498914413652159E+01 -3.25623130103554503E+00  0.00000000000000000E+00
  2.0068881E-01 -4.00344802980496226E+01 -3.30031598595706077E+00  0.00000000000000000E+00
  2.0354404E-01 -3.97184382137206740E+01 -3.34493125850007722E+00  0.00000000000000000E+00
  2.0643983E-01 -3.94018722001468475E+01 -3.39008064078591298E+00  0.00000000000000000E+00
  2.0937675E-01 -3.90849002359091600E+01 -3.43576753985832362E+00  0.00000000000000000E+00
  2.1235537E-01 -3.87676498995150993E+01 -3.48199523951466761E+00  0.00000000000000000E+00
  2.1537630E-01 -3.84502559827887680E+01 -3.52876689178133107E+00  0.00000000000000000E+00
  2.1844014E-01 -3.81328569240014090E+01 -3.57608550802103053E+00  0.00000000000000000E+00
  2.2154748E-01 -3.78155899598777481E+01 -3.62395394965923545E+00  0.00000000000000000E+00
  2.2469896E-01 -3.74985849933944948E+01 -3.67237491851679154E+00  0.00000000000000000E+00
  2.2789520E-01 -3.71819573322154753E+01 -3.72135094673535249E+00  0.00000000000000000E+00
  2.3113683E-01 -3.68657996840073849E+01 -3.77088438628221256E+00  0.00000000000000000E+00
  2.3442449E-01 -3.65501740945828288E+01 -3.82097739802061387E+00  0.00000000000000000E+00
  2.3775885E-01 -3.62351048452893423E+01 -3.87163194033155111E+00  0.00000000000000000E+00
  2.4114057E-01 -3.59205735965218551E+01 -3.92284975727271812E+00  0.00000000000000000E+00
  2.4457031E-01 -3.56065181374075479E+01 -3.97463236626011174E+00  0.00000000000000000E+00
  2.4804877E-01 -3.52928358330596055E+01 -4.02698104525751965E+00  0.00000000000000000E+00
  2.5157662E-01 -3.49793921793111195E+01 -4.07989681945901594E+00  0.00000000000000000E+00
  2.5515458E-01 -3.46660338636026992E+01 -4.13338044744933253E+00  0.00000000000000000E+00
  2.5878335E-01 -3.43526046527996058E+01 -4.18743240682689599E+00  0.00000000000000000E+00
  2.6246366E-01 -3.40389616533781023E+01 -4.24205287927416741E+00  0.00000000000000000E+00
  2.6619624E-01 -3.37249893278263002E+01 -4.29724173505985441E+00  0.00000000000000000E+00
  2.6998183E-01 -3.34106091923410204E+01 -4.35299851695752782E+00  0.00000000000000000E+00
  2.7382119E-01 -3.30957841747380144E+01 -4.40932242356507054E+00  0.00000000000000000E+00
  2.7771507E-01 -3.27805178012328327E+01 -4.46621229200957437E+00  0.00000000000000000E+00
  2.8166425E-01 -3.24648493271780438E+01 -4.52366658002222266E+00  0.00000000000000000E+00
  2.8566952E-01 -3.21488464081448200E+01 -4.58168334736788818E+00  0.00000000000000000E+00
  2.8973168E-01 -3.18325969124303612E+01 -4.64026023661435350E+00  0.00000000000000000E+00
  2.9385152E-01 -3.15162011477044075E+01 -4.69939445322630966E+00  0.00000000000000000E+00
  2.9802988E-01 -3.11997653080878834E+01 -4.75908274496950057E+00  0.00000000000000000E+00
  3.0226758E-01 -3.08833965036142857E+01 -4.81932138061093784E+00  0.00000000000000000E+00
  3.0656546E-01 -3.05671993991621278E+01 -4.88010612790136555E+00  0.00000000000000000E+00
  3.1092439E-01 -3.02512742846277263E+01 -4.94143223082684280E+00  0.00000000000000000E+00
  3.1534522E-01 -2.99357163013572034E+01 -5.00329438611684907E+00  0.00000000000000000E+00
  3.1982883E-01 -2.96206155264397353E+01 -5.06568671899711021E+00  0.00000000000000000E+00
  3.2437612E-01 -2.93060576342310242E+01 -5.12860275817614752E+00  0.00000000000000000E+00
  3.2898800E-01 -2.89921248912051084E+01 -5.19203541005548441E+00  0.00000000000000000E+00
  3.3366537E-01 -2.86788972834777240E+01 -5.25597693215459572E+00  0.00000000000000000E+00
  3.3840918E-01 -2.83664536203216500E+01 -5.32041890574282128E+00  0.00000000000000000E+00
  3.4322035E-01 -2.80548724992532215E+01 -5.38535220767185319E+00  0.00000000000000000E+00
  3.4809986E-01 -2.77442330575003950E+01 -5.45076698140392057E+00  0.00000000000000000E+00
  3.5304866E-01 -2.74346154696762525E+01 -5.51665260723245776E+00  0.00000000000000000E+00
  3.5806775E-01 -2.71261011810998554E+01 -5.58299767169390115E+00  0.00000000000000000E+00
  3.6315812E-01 -2.68187728894980779E+01 -5.64978993617129177E+00  0.00000000000000000E+00
  3.6832079E-01 -2.65127143043803670E+01 -5.71701630469262856E+00  0.00000000000000000E+00
  3.7355677E-01 -2.62080097234425082E+01 -5.78466279092932201E+00  0.00000000000000000E+00
  3.7886712E-01 -2.59047434697224048E+01 -5.85271448440283582E+00  0.00000000000000000E+00
  3.8425289E-01 -2.56029992330794443E+01 -5.92115551591050515E+00  0.00000000000000000E+00
  3.8971515E-01 -2.53028593562325241E+01 -5.98996902218471128E+00  0.00000000000000000E+00
  3.9525499E-01 -2.50044041003322803E+01 -6.05913710980298958E+00  0.00000000000000000E+00
  4.0087350E-01 -2.47077109189357600E+01 -6.12864081837052410E+00  0.00000000000000000E+00
  4.0657181E-01 -2.44128537631113929E+01 -6.19846008300037798E+00  0.00000000000000000E+00
  4.1235105E-01 -2.41199024347638300E+01 -6.26857369612126991E+00  0.00000000000000000E+00
  4.1821236E-01 -2.38289220004348508E+01 -6.33895926864737458E+00  0.00000000000000000E+00
  4.2415692E-01 -2.35399722739241852E+01 -6.40959319054966858E+00  0.00000000000000000E+00
  4.3018591E-01 -2.32531073730709537E+01 -6.48045059087384967E+00  0.00000000000000000E+00
  4.3630052E-01 -2.29683753538443511E+01 -6.55150529725550701E+00  0.00000000000000000E+00
  4.4250197E-01 -2.26858179233772361E+01 -6.62272979498967462E+00  0.00000000000000000E+00
  4.4879150E-01 -2.24054702326008695E+01 -6.69409518571832152E+00  0.00000000000000000E+00
  4.5517035E-01 -2.21273607485517587E+01 -6.76557114580658769E+00  0.00000000000000000E+00
  4.6163979E-01 -2.18515112061047247E+01 -6.83712588448599323E+00  0.00000000000000000E+00
  4.6820112E-01 -2.15779366387266478E+01 -6.90872610185101887E+00  0.00000000000000000E+00
  4.7485563E-01 -2.13066454877576987E+01 -6.98033694680377437E+00  0.00000000000000000E+00
  4.8160465E-01 -2.10376397896233414E+01 -7.05192197505067320E+00  0.00000000000000000E+00
  4.8844953E-01 -2.07709154402004970E+01 -7.12344310726446572E+00  0.00000000000000000E+00
  4.9539161E-01 -2.05064625352367997E+01 -7.19486058753508129E+00  0.00000000000000000E+00
  5.0243229E-01 -2.02442657851936474E+01 -7.26613294224332851E+00  0.00000000000000000E+00
  5.0957296E-01 -1.99843050020833104E+01 -7.33721693950270826E+00  0.00000000000000000E+00
  5.1681504E-01 -1.97265556547466190E+01 -7.40806754932631595E+00  0.00000000000000000E+00
  5.2415998E-01 -1.94709894875083762E+01 -7.47863790468799383E+00  0.00000000000000000E+00
  5.3160923E-01 -1.92175751952025138E+01 -7.54887926365998307E+00  0.00000000000000000E+00
  5.3916428E-01 -1.89662791451713559E+01 -7.61874097282254148E+00  0.00000000000000000E+00
  5.4682663E-01 -1.87170661340331819E+01 -7.68817043215505791E+00  0.00000000000000000E+00
  5.5459780E-01 -1.84699001638769147E+01 -7.75711306163277126E+00  0.00000000000000000E+00
  5.6247934E-01 -1.82247452193050421E+01 -7.82551226976825554E+00  0.00000000000000000E+00
  5.7047281E-01 -1.79815660237642732E+01 -7.89330942435237404E+00  0.00000000000000000E+00
  5.7857981E-01 -1.77403287514379073E+01 -7.96044382566562270E+00  0.00000000000000000E+00
  5.8680195E-01 -1.75010016704400684E+01 -8.02685268244724348E+00  0.00000000000000000E+00
  5.9514086E-01 -1.72635556952007576E+01 -8.09247109092651407E+00  0.00000000000000000E+00
  6.0359820E-01 -1.70279648320743888E+01 -8.15723201723799995E+00  0.00000000000000000E+00
  6.1217565E-01 -1.67942065138234540E+01 -8.22106628356022640E+00  0.00000000000000000E+00
  6.2087493E-01 -1.65622618370352939E+01 -8.28390255833528677E+00  0.00000000000000000E+00
  6.2969775E-01 -1.63321157432850441E+01 -8.34566735094495904E+00  0.00000000000000000E+00
  6.3864587E-01 -1.61037572187713067E+01 -8.40628501123731198E+00  0.00000000000000000E+00
  6.4772108E-01 -1.58771796307821234E+01 -8.46567773431609005E+00  0.00000000000000000E+00
  6.5692518E-01 -1.56523813593576619E+01 -8.52376557102341437E+00  0.00000000000000000E+00
  6.6626000E-01 -1.54293669236817550E+01 -8.58046644456450203E+00  0.00000000000000000E+00
  6.7572739E-01 -1.52081488293965208E+01 -8.63569617374089837E+00  0.00000000000000000E+00
  6.8532924E-01 -1.49887503401961482E+01 -8.68936850327611943E+00  0.00000000000000000E+00
  6.9506745E-01 -1.47712093111590121E+01 -8.74139514173449861E+00  0.00000000000000000E+00
  7.0494398E-01 -1.45555830711588641E+01 -8.79168580755023577E+00  0.00000000000000000E+00
  7.1496077E-01 -1.43419540858525494E+01 -8.84014828369879879E+00  0.00000000000000000E+00
  7.2511982E-01 -1.41304357810768835E+01 -8.88668848155738544E+00  0.00000000000000000E+00
  7.3542315E-01 -1.39211774767838676E+01 -8.93121051451413095E+00  0.00000000000000000E+00
  7.4587281E-01 -1.37143669490686761E+01 -8.97361678189758827E+00  0.00000000000000000E+00
  7.5647089E-01 -1.35102288243304258E+01 -9.01380806380837996E+00  0.00000000000000000E+00
  7.6721947E-01 -1.33090169806481384E+01 -9.05168362744350752E+00  0.00000000000000000E+00
  7.7812072E-01 -1.31109995626490274E+01 -9.08714134551079944E+00  0.00000000000000000E+00
  7.8917678E-01 -1.29164362347649444E+01 -9.12007782733573258E+00  0.00000000000000000E+00
  8.0038987E-01 -1.27255489059464821E+01 -9.15038856326596850E+00  0.00000000000000000E+00
  8.1176220E-01 -1.25384891570196544E+01 -9.17796808297963729E+00  0.00000000000000000E+00
  8.2329605E-01 -1.23553075427938950E+01 -9.20271012830215795E+00  0.00000000000000000E+00
  8.3499371E-01 -1.21759311601053213E+01 -9.22450784113294908E+00  0.00000000000000000E+00
  8.4685749E-01 -1.20001556472108462E+01 -9.24325396707808800E+00  0.00000000000000000E+00
  8.5888978E-01 -1.18276556391132885E+01 -9.25884107537765466E+00  0.00000000000000000E+00
  8.7109294E-01 -1.16580138084516136E+01 -9.27116179570804277E+00  0.00000000000000000E+00
  8.8346942E-01 -1.14907639762617180E+01 -9.28010907242959249E+00  0.00000000000000000E+00
  8.9602167E-01 -1.13254399993592614E+01 -9.28557643683991785E+00  0.00000000000000000E+00
  9.0875219E-01 -1.11616207507509131E+01 -9.28745829798332245E+00  0.00000000000000000E+00
  9.2166352E-01 -1.09989630938248695E+01 -9.28565025255828402E+00  0.00000000000000000E+00
  9.3475821E-01 -1.08372185942268118E+01 -9.28004941445900400E+00  0.00000000000000000E+00
  9.4803888E-01 -1.06762341934924621E+01 -9.27055476448537696E+00  0.00000000000000000E+00
  9.6150816E-01 -1.05159405502987653E+01 -9.25706752076011519E+00  0.00000000000000000E+00
  9.7516874E-01 -1.03563333539462548E+01 -9.23949153040464566E+00  0.00000000000000000E+00
  9.8902333E-01 -1.01974526949470885E+01 -9.21773368304967633E+00  0.00000000000000000E+00
  1.0030747E+00 -1.00393642246295371E+01 -9.19170434679514159E+00  0.00000000000000000E+00
  1.0173256E+00 -9.88214415408408797E+00 -9.16131782729194555E+00  0.00000000000000000E+00
  1.0317789E+00 -9.72586870546149385E+00 -9.12649285069873883E+00  0.00000000000000000E+00
  1.0464375E+00 -9.57060767870191853E+00 -9.08715307137706141E+00  0.00000000000000000E+00
  1.0613042E+00 -9.41642132566092016E+00 -9.04322760533299430E+00  0.00000000000000000E+00
  1.0763822E+00 -9.26335960180885820E+00 -8.99465159060159358E+00  0.00000000000000000E+00
  1.0916742E+00 -9.11146294525433120E+00 -8.94136677600878826E+00  0.00000000000000000E+00
  1.1071834E+00 -8.96076389864812484E+00 -8.88332214004545229E+00  0.00000000000000000E+00
  1.1229129E+00 -8.81128907078544898E+00 -8.82047454195921610E+00  0.00000000000000000E+00
  1.1388658E+00 -8.66306109668455804E+00 -8.75278940762541602E+00  0.00000000000000000E+00
  1.1550453E+00 -8.51610038542085590E+00 -8.68024145331172825E+00  0.00000000000000000E+00
  1.1714545E+00 -8.37042654349529869E+00 -8.60281545111797818E+00  0.00000000000000000E+00
  1.1880968E+00 -8.22605943206892221E+00 -8.52050704067060671E+00  0.00000000000000000E+00
  1.2049754E+00 -8.08301986417895080E+00 -8.43332359259793662E+00  0.00000000000000000E+00
  1.2220938E+00 -7.94132997800417684E+00 -8.34128513043044961E+00  0.00000000000000000E+00
  1.2394553E+00 -7.80101333862272384E+00 -8.24442531887950025E+00  0.00000000000000000E+00
  1.2570633E+00 -7.66209482714246803E+00 -8.14279252797447484E+00  0.00000000000000000E+00
  1.2749214E+00 -7.52460037559069406E+00 -8.03645098430534510E+00  0.00000000000000000E+00
  1.2930332E+00 -7.38855660101765466E+00 -7.92548202265193069E+00  0.00000000000000000E+00
  1.3114021E+00 -7.25399038485713277E+00 -7.80998545360989471E+00  0.00000000000000000E+00
  1.3300320E+00 -7.12092843514813012E+00 -7.69008106547025427E+00  0.00000000000000000E+00
  1.3489264E+00 -6.98939686081335765E+00 -7.56591028160257384E+00  0.00000000000000000E+00
  1.3680892E+00 -6.85942077943310835E+00 -7.43763799794975267E+00  0.00000000000000000E+00
  1.3875242E+00 -6.73102397323613388E+00 -7.30545462898655540E+00  0.00000000000000000E+00
  1.4072351E+00 -6.60422860245719789E+00 -7.16957839463262658E+00  0.00000000000000000E+00
  1.4272260E+00 -6.47905498078277731E+00 -7.03025788514750349E+00  0.00000000000000000E+00
  1.4475008E+00 -6.35552141422269301E+00 -6.88777494595902606E+00  0.00000000000000000E+00
  1.4680636E+00 -6.23364410222190202E+00 -6.74244792965690554E+00  0.00000000000000000E+00
  1.4889184E+00 -6.11343709803384172E+00 -6.59463536797143046E+00  0.00000000000000000E+00
  1.5100694E+00 -5.99491232411519093E+00 -6.44474012236751914E+00  0.00000000000000000E+00
  1.5315208E+00 -5.87807963745055417E+00 -6.29321407779757092E+00  0.00000000000000000E+00
  1.5532768E+00 -5.76294693914709910E+00 -6.14056345000097181E+00  0.00000000000000000E+00
  1.5753418E+00 -5.64952032224576328E+00 -5.98735478227666373E+00  0.00000000000000000E+00
  1.5977202E+00 -5.53780425145612298E+00 -5.83422171257670019E+00  0.00000000000000000E+00
  1.6204164E+00 -5.42780176817180404E+00 -5.68187259565385094E+00  0.00000000000000000E+00
  1.6434350E+00 -5.31951471429435685E+00 -5.53109906731041079E+00  0.00000000000000000E+00
  1.6667804E+00 -5.21294396817927463E+00 -5.38278563784064978E+00  0.00000000000000000E+00
  1.6904574E+00 -5.10808968522695750E+00 -5.23792039865438674E+00  0.00000000000000000E+00
  1.7144707E+00 -5.00495153666163617E+00 -5.09760691869517935E+00  0.00000000000000000E+00
  1.7388251E+00 -4.90352894020351471E+00 -4.96307739421591965E+00  0.00000000000000000E+00
  1.7635253E+00 -4.80382127561162520E+00 -4.83570709499358120E+00  0.00000000000000000E+00
  1.7885763E+00 -4.70582807930470892E+00 -4.71703011996361710E+00  0.00000000000000000E+00
  1.8139831E+00 -4.60954921281017960E+00 -4.60954921281017960E+00  0.00000000000000000E+00
  1.8397507E+00 -4.51498500111415524E+00 -4.51498500111415524E+00  0.00000000000000000E+00
  1.8658843E+00 -4.42213633835567066E+00 -4.42213633835567066E+00  0.00000000000000000E+00
  1.8923891E+00 -4.33100475842481103E+00 -4.33100475842481103E+00  0.00000000000000000E+00
  1.9192702E+00 -4.24159247160837083E+00 -4.24159247160837083E+00  0.00000000000000000E+00
  1.9465332E+00 -4.15390237041572163E+00 -4.15390237041572163E+00  0.00000000000000000E+00
  1.9741833E+00 -4.06793800767610492E+00 -4.06793800767610492E+00  0.00000000000000000E+00
  2.0022261E+00 -3.98370355270161269E+00 -3.98370355270161269E+00  0.00000000000000000E+00
  2.0306672E+00 -3.90120373241107643E+00 -3.90120373241107643E+00  0.00000000000000000E+00
  2.0595123E+00 -3.82044376402403429E+00 -3.82044376402403429E+00  0.00000000000000000E+00
  2.0887670E+00 -3.74142928547358622E+00 -3.74142928547358622E+00  0.00000000000000000E+00
  2.1184371E+00 -3.66416628755560225E+00 -3.66416628755560225E+00  0.00000000000000000E+00
  2.1485287E+00 -3.58866104861564850E+00 -3.58866104861564850E+00  0.00000000000000000E+00
  2.1790476E+00 -3.51492006818691038E+00 -3.51492006818691038E+00  0.00000000000000000E+00
  2.2100000E+00 -3.44294999063127705E+00 -3.44294999063127705E+00  0.00000000000000000E+00
  2.2413920E+00 -3.37275750414165998E+00 -3.37275750414165998E+00  0.00000000000000000E+00
  2.2732298E+00 -3.30434919515202807E+00 -3.30434919515202807E+00  0.00000000000000000E+00
  2.3055197E+00 -3.23773133430748317E+00 -3.23773133430748317E+00  0.00000000000000000E+00
  2.3382683E+00 -3.17290956877791075E+00 -3.17290956877791075E+00  0.00000000000000000E+00
  2.3714819E+00 -3.10988849802598111E+00 -3.10988849802598111E+00  0.00000000000000000E+00
  2.4051673E+00 -3.04867111701237548E+00 -3.04867111701237548E+00  0.00000000000000000E+00
  2.4393311E+00 -2.98925812265935065E+00 -2.98925812265935065E+00  0.00000000000000000E+00
  2.4739800E+00 -2.93164709581321858E+00 -2.93164709581321858E+00  0.00000000000000000E+00
  2.5091211E+00 -2.87583159058759463E+00 -2.87583159058759463E+00  0.00000000000000000E+00
  2.5447612E+00 -2.82180018349627915E+00 -2.82180018349627915E+00  0.00000000000000000E+00
  2.5809076E+00 -2.76953555299800769E+00 -2.76953555299800769E+00  0.00000000000000000E+00
  2.6175672E+00 -2.71901367244193182E+00 -2.71901367244193182E+00  0.00000000000000000E+00
  2.6547476E+00 -2.67020320266914268E+00 -2.67020320266914268E+00  0.00000000000000000E+00
  2.6924559E+00 -2.62306516138518475E+00 -2.62306516138518475E+00  0.00000000000000000E+00
  2.7306998E+00 -2.57755293584746425E+00 -2.57755293584746425E+00  0.00000000000000000E+00
  2.7694869E+00 -2.53361264223909188E+00 -2.53361264223909188E+00  0.00000000000000000E+00
  2.8088248E+00 -2.49118385934306730E+00 -2.49118385934306730E+00  0.00000000000000000E+00
  2.8487214E+00 -2.45020069533441642E+00 -2.45020069533441642E+00  0.00000000000000000E+00
  2.8891847E+00 -2.41059305138577429E+00 -2.41059305138577429E+00  0.00000000000000000E+00
  2.9302226E+00 -2.37228805176950175E+00 -2.37228805176950175E+00  0.00000000000000000E+00
  2.9718433E+00 -2.33521152367988805E+00 -2.33521152367988805E+00  0.00000000000000000E+00
  3.0140551E+00 -2.29928939184875958E+00 -2.29928939184875958E+00  0.00000000000000000E+00
  3.0568665E+00 -2.26444892655666763E+00 -2.26444892655666763E+00  0.00000000000000000E+00
  3.1002858E+00 -2.23061977099359865E+00 -2.23061977099359865E+00  0.00000000000000000E+00
  3.1443219E+00 -2.19773471095639650E+00 -2.19773471095639650E+00  0.00000000000000000E+00
  3.1889833E+00 -2.16573017513759680E+00 -2.16573017513759680E+00  0.00000000000000000E+00
  3.2342790E+00 -2.13454647725289703E+00 -2.13454647725289703E+00  0.00000000000000000E+00
  3.2802180E+00 -2.10412782842627166E+00 -2.10412782842627166E+00  0.00000000000000000E+00
  3.3268095E+00 -2.07442215888343640E+00 -2.07442215888343640E+00  0.00000000000000000E+00
  3.3740626E+00 -2.04538079245710946E+00 -2.04538079245710946E+00  0.00000000000000000E+00
  3.4219869E+00 -2.01695801681157150E+00 -2.01695801681157150E+00  0.00000000000000000E+00
  3.4705917E+00 -1.98911058812117858E+00 -1.98911058812117858E+00  0.00000000000000000E+00
  3.5198869E+00 -1.96179720275881664E+00 -1.96179720275881664E+00  0.00000000000000000E+00
  3.5698822E+00 -1.93497796173561198E+00 -1.93497796173561198E+00  0.00000000000000000E+00
  3.6205875E+00 -1.90861384721716831E+00 -1.90861384721716831E+00  0.00000000000000000E+00
  3.6720130E+00 -1.88266622518271731E+00 -1.88266622518271731E+00  0.00000000000000000E+00
  3.7241688E+00 -1.85709638455894321E+00 -1.85709638455894321E+00  0.00000000000000000E+00
  3.7770654E+00 -1.83186512114573929E+00 -1.83186512114573929E+00  0.00000000000000000E+00
  3.8307132E+00 -1.80693237428376108E+00 -1.80693237428376108E+00  0.00000000000000000E+00
  3.8851229E+00 -1.78225692534850566E+00 -1.78225692534850566E+00  0.00000000000000000E+00
  3.9403053E+00 -1.75779616951554374E+00 -1.75779616951554374E+00  0.00000000000000000E+00
  3.9962715E+00 -1.73350597545072560E+00 -1.73350597545072560E+00  0.00000000000000000E+00
  4.0530325E+00 -1.70934065121315371E+00 -1.70934065121315371E+00  0.00000000000000000E+00
  4.1105997E+00 -1.68525303812552352E+00 -1.68525303812552352E+00  0.00000000000000000E+00
  4.1689844E+00 -1.66119475702498676E+00 -1.66119475702498676E+00  0.00000000000000000E+00
  4.2281983E+00 -1.63711663232113835E+00 -1.63711663232113835E+00  0.00000000000000000E+00
  4.2882532E+00 -1.61296931778703367E+00 -1.61296931778703367E+00  0.00000000000000000E+00
  4.3491610E+00 -1.58870414309214425E+00 -1.58870414309214425E+00  0.00000000000000000E+00
  4.4109339E+00 -1.56427419093203923E+00 -1.56427419093203923E+00  0.00000000000000000E+00
  4.4735840E+00 -1.53963560077157524E+00 -1.53963560077157524E+00  0.00000000000000000E+00
  4.5371239E+00 -1.51474907669772563E+00 -1.51474907669772563E+00  0.00000000000000000E+00
  4.6015663E+00 -1.48958155453516383E+00 -1.48958155453516383E+00  0.00000000000000000E+00
  4.6669238E+00 -1.46410795889119072E+00 -1.46410795889119072E+00  0.00000000000000000E+00
  4.7332096E+00 -1.43831295689186334E+00 -1.43831295689186334E+00  0.00000000000000000E+00
  4.8004368E+00 -1.41219259549839649E+00 -1.41219259549839649E+00  0.00000000000000000E+00
  4.8686187E+00 -1.38575569702827295E+00 -1.38575569702827295E+00  0.00000000000000000E+00
  4.9377690E+00 -1.35902488664555676E+00 -1.35902488664555676E+00  0.00000000000000000E+00
  5.0079014E+00 -1.33203713748760322E+00 -1.33203713748760322E+00  0.00000000000000000E+00
  5.0790299E+00 -1.30484374531658887E+00 -1.30484374531658887E+00  0.00000000000000000E+00
  5.1511685E+00 -1.27750968233750939E+00 -1.27750968233750939E+00  0.00000000000000000E+00
  5.2243316E+00 -1.25011232678906481E+00 -1.25011232678906481E+00  0.00000000000000000E+00
  5.2985338E+00 -1.22273960857995689E+00 -1.22273960857995689E+00  0.00000000000000000E+00
  5.3737899E+00 -1.19548765964043469E+00 -1.19548765964043469E+00  0.00000000000000000E+00
  5.4501147E+00 -1.16845810016130258E+00 -1.16845810016130258E+00  0.00000000000000000E+00
  5.5275236E+00 -1.14175509858628743E+00 -1.14175509858628743E+00  0.00000000000000000E+00
  5.6060318E+00 -1.11548235559290276E+00 -1.11548235559290276E+00  0.00000000000000000E+00
  5.6856550E+00 -1.08974016662328665E+00 -1.08974016662328665E+00  0.00000000000000000E+00
  5.7664091E+00 -1.06462268899514356E+00 -1.06462268899514356E+00  0.00000000000000000E+00
  5.8483100E+00 -1.04021551341013208E+00 -1.04021551341013208E+00  0.00000000000000000E+00
  5.9313741E+00 -1.01659361248213997E+00 -1.01659361248213997E+00  0.00000000000000000E+00
  6.0156179E+00 -9.93819707367620708E-01 -9.93819707367620708E-01  0.00000000000000000E+00
  6.1010582E+00 -9.71943066400086764E-01 -9.71943066400086764E-01  0.00000000000000000E+00
  6.1877119E+00 -9.50998727338486560E-01 -9.50998727338486560E-01  0.00000000000000000E+00
  6.2755963E+00 -9.31007118424986402E-01 -9.31007118424986402E-01  0.00000000000000000E+00
  6.3647288E+00 -9.11974042925123740E-01 -9.11974042925123740E-01  0.00000000000000000E+00
  6.4551272E+00 -8.93890986559085832E-01 -8.93890986559085832E-01  0.00000000000000000E+00
  6.5468095E+00 -8.76735706159564643E-01 -8.76735706159564643E-01  0.00000000000000000E+00
  6.6397938E+00 -8.60473059795168638E-01 -8.60473059795168638E-01  0.00000000000000000E+00
  6.7340988E+00 -8.45056042252920747E-01 -8.45056042252920747E-01  0.00000000000000000E+00
  6.8297431E+00 -8.30426994076589153E-01 -8.30426994076589153E-01  0.00000000000000000E+00
  6.9267458E+00 -8.16518956401964147E-01 -8.16518956401964147E-01  0.00000000000000000E+00
  7.0251261E+00 -8.03257146931798616E-01 -8.03257146931798616E-01  0.00000000000000000E+00
  7.1249036E+00 -7.90560534122747072E-01 -7.90560534122747072E-01  0.00000000000000000E+00
  7.2260982E+00 -7.78343486812616447E-01 -7.78343486812616447E-01  0.00000000000000000E+00
  7.3287300E+00 -7.66517475164974371E-01 -7.66517475164974371E-01  0.00000000000000000E+00
  7.4328194E+00 -7.54992796206266803E-01 -7.54992796206266803E-01  0.00000000000000000E+00
  7.5383871E+00 -7.43680293856272101E-01 -7.43680293856272101E-01  0.00000000000000000E+00
  7.6454541E+00 -7.32493039814116287E-01 -7.32493039814116287E-01  0.00000000000000000E+00
  7.7540416E+00 -7.21347938655611642E-01 -7.21347938655611642E-01  0.00000000000000000E+00
  7.8641714E+00 -7.10167218727931981E-01 -7.10167218727931981E-01  0.00000000000000000E+00
  7.9758653E+00 -6.98879770496915853E-01 -6.98879770496915853E-01  0.00000000000000000E+00
  8.0891454E+00 -6.87422296349680551E-01 -6.87422296349680551E-01  0.00000000000000000E+00
  8.2040344E+00 -6.75740240661099278E-01 -6.75740240661099278E-01  0.00000000000000000E+00
  8.3205551E+00 -6.63788476083198020E-01 -6.63788476083198020E-01  0.00000000000000000E+00
  8.4387306E+00 -6.51531731120684299E-01 -6.51531731120684299E-01  0.00000000000000000E+00
  8.5585845E+00 -6.38944754445077479E-01 -6.38944754445077479E-01  0.00000000000000000E+00
  8.6801406E+00 -6.26012222275988961E-01 -6.26012222275988961E-01  0.00000000000000000E+00
  8.8034230E+00 -6.12728405624253014E-01 -6.12728405624253014E-01  0.00000000000000000E+00
  8.9284564E+00 -5.99096623434562048E-01 -5.99096623434562048E-01  0.00000000000000000E+00
  9.0552655E+00 -5.85128515009174066E-01 -5.85128515009174066E-01  0.00000000000000000E+00
  9.1838755E+00 -5.70843170090924446E-01 -5.70843170090924446E-01  0.00000000000000000E+00
  9.3143121E+00 -5.56266157453364940E-01 -5.56266157453364940E-01  0.00000000000000000E+00
  9.4466012E+00 -5.41428492843181175E-01 -5.41428492843181175E-01  0.00000000000000000E+00
  9.5807691E+00 -5.26365584937039444E-01 -5.26365584937039444E-01  0.00000000000000000E+00
  9.7168425E+00 -5.11116194033448323E-01 -5.11116194033448323E-01  0.00000000000000000E+00
  9.8548485E+00 -4.95721433023490476E-01 -4.95721433023490476E-01  0.00000000000000000E+00
  9.9948144E+00 -4.80223834303089347E-01 -4.80223834303089347E-01  0.00000000000000000E+00
  1.0136768E+01 -4.64666500190247689E-01 -4.64666500190247689E-01  0.00000000000000000E+00
  1.0280738E+01 -4.49092348519116058E-01 -4.49092348519116058E-01  0.00000000000000000E+00
  1.0426752E+01 -4.33543459697602884E-01 -4.33543459697602884E-01  0.00000000000000000E+00
  1.0574841E+01 -4.18060526861111725E-01 -4.18060526861111725E-01  0.00000000000000000E+00
  1.0725032E+01 -4.02682406930239267E-01 -4.02682406930239267E-01  0.00000000000000000E+00
  1.0877357E+01 -3.87445767419634990E-01 -3.87445767419634990E-01  0.00000000000000000E+00
  1.1031845E+01 -3.72384821714774716E-01 -3.72384821714774716E-01  0.00000000000000000E+00
  1.1188526E+01 -3.57531144143379720E-01 -3.57531144143379720E-01  0.00000000000000000E+00
  1.1347434E+01 -3.42913555427827532E-01 -3.42913555427827532E-01  0.00000000000000000E+00
  1.1508598E+01 -3.28558068880582255E-01 -3.28558068880582255E-01  0.00000000000000000E+00
  1.1672050E+01 -3.14487887894557616E-01 -3.14487887894557616E-01  0.00000000000000000E+00
  1.1837825E+01 -3.00723445764759845E-01 -3.00723445764759845E-01  0.00000000000000000E+00
  1.2005953E+01 -2.87282479565661220E-01 -2.87282479565661220E-01  0.00000000000000000E+00
  1.2176470E+01 -2.74180130624273488E-01 -2.74180130624273488E-01  0.00000000000000000E+00
  1.2349408E+01 -2.61429064994700866E-01 -2.61429064994700866E-01  0.00000000000000000E+00
  1.2524802E+01 -2.49039608223611708E-01 -2.49039608223611708E-01  0.00000000000000000E+00
  1.2702687E+01 -2.37019889544583862E-01 -2.37019889544583862E-01  0.00000000000000000E+00
  1.2883099E+01 -2.25375991438852452E-01 -2.25375991438852452E-01  0.00000000000000000E+00
  1.3066073E+01 -2.14112101231833662E-01 -2.14112101231833662E-01  0.00000000000000000E+00
  1.3251645E+01 -2.03230662044973087E-01 -2.03230662044973087E-01  0.00000000000000000E+00
  1.3439853E+01 -1.92732521000522183E-01 -1.92732521000522183E-01  0.00000000000000000E+00
  1.3630735E+01 -1.82617073066907665E-01 -1.82617073066907665E-01  0.00000000000000000E+00
  1.3824327E+01 -1.72882399357604299E-01 -1.72882399357604299E-01  0.00000000000000000E+00
  1.4020668E+01 -1.63525399044900155E-01 -1.63525399044900155E-01  0.00000000000000000E+00
  1.4219798E+01 -1.54541914338963693E-01 -1.54541914338963693E-01  0.00000000000000000E+00
  1.4421756E+01 -1.45926848220042871E-01 -1.45926848220042871E-01  0.00000000000000000E+00
  1.4626582E+01 -1.37674274793269547E-01 -1.37674274793269547E-01  0.00000000000000000E+00
  1.4834317E+01 -1.29777542285069103E-01 -1.29777542285069103E-01  0.00000000000000000E+00
  1.5045003E+01 -1.22229368806628713E-01 -1.22229368806628713E-01  0.00000000000000000E+00
  1.5258681E+01 -1.15021931094446472E-01 -1.15021931094446472E-01  0.00000000000000000E+00
  1.5475393E+01 -1.08146946494272811E-01 -1.08146946494272811E-01  0.00000000000000000E+00
  1.5695183E+01 -1.01595748491803306E-01 -1.01595748491803306E-01  0.00000000000000000E+00
  1.5918095E+01 -9.53593561209657992E-02 -9.53593561209657992E-02  0.00000000000000000E+00
  1.6144173E+01 -8.94285375860164322E-02 -8.94285375860164322E-02  0.00000000000000000E+00
  1.6373461E+01 -8.37938684419725632E-02 -8.37938684419725632E-02  0.00000000000000000E+00
  1.6606006E+01 -7.84457846676360759E-02 -7.84457846676360759E-02  0.00000000000000000E+00
  1.6841853E+01 -7.33746309609699665E-02 -7.33746309609699665E-02  0.00000000000000000E+00
  1.7081050E+01 -6.85707045705470364E-02 -6.85707045705470364E-02  0.00000000000000000E+00
  1.7323645E+01 -6.40242949624223456E-02 -6.40242949624223456E-02  0.00000000000000000E+00
  1.7569684E+01 -5.97257196083944564E-02 -5.97257196083944564E-02  0.00000000000000000E+00
  1.7819218E+01 -5.56653561609863345E-02 -5.56653561609863345E-02  0.00000000000000000E+00
  1.8072296E+01 -5.18336712692644141E-02 -5.18336712692644141E-02  0.00000000000000000E+00
  1.8328968E+01 -4.82212462688664800E-02 -4.82212462688664800E-02  0.00000000000000000E+00
  1.8589285E+01 -4.48187999694198425E-02 -4.48187999694198425E-02  0.00000000000000000E+00
  1.8853300E+01 -4.16172087454214079E-02 -4.16172087454214079E-02  0.00000000000000000E+00
  1.9121064E+01 -3.86075241241883305E-02 -3.86075241241883305E-02  0.00000000000000000E+00
  1.9392631E+01 -3.57809880546682280E-02 -3.57809880546682280E-02  0.00000000000000000E+00
  1.9668055E+01 -3.31290460261044473E-02 -3.31290460261044473E-02  0.00000000000000000E+00
  1.9947390E+01 -3.06433581994696169E-02 -3.06433581994696169E-02  0.00000000000000000E+00
  2.0230693E+01 -2.83158087023736016E-02 -2.83158087023736016E-02  0.00000000000000000E+00
  2.0518019E+01 -2.61385132302507373E-02 -2.61385132302507373E-02  0.00000000000000000E+00
  2.0809426E+01 -2.41038250901652873E-02 -2.41038250901652873E-02  0.00000000000000000E+00
  2.1104971E+01 -2.22043398133422443E-02 -2.22043398133422443E-02  0.00000000000000000E+00
  2.1404714E+01 -2.04328984588784124E-02 -2.04328984588784124E-02  0.00000000000000000E+00
  2.1708714E+01 -1.87825897206579384E-02 -1.87825897206579384E-02  0.00000000000000000E+00
  2.2017031E+01 -1.72467509467679747E-02 -1.72467509467679747E-02  0.00000000000000000E+00
  2.2329728E+01 -1.58189681722689102E-02 -1.58189681722689102E-02  0.00000000000000000E+00
  2.2646865E+01 -1.44930752600771484E-02 -1.44930752600771484E-02  0.00000000000000000E+00
  2.2968506E+01 -1.32631522415778136E-02 -1.32631522415778136E-02  0.00000000000000000E+00
  2.3294715E+01 -1.21235229385945331E-02 -1.21235229385945331E-02  0.00000000000000000E+00
  2.3625557E+01 -1.10687519479597540E-02 -1.10687519479597540E-02  0.00000000000000000E+00
  2.3961098E+01 -1.00936410591856429E-02 -1.00936410591856429E-02  0.00000000000000000E+00
  2.4301405E+01 -9.19322517570719810E-03 -9.19322517570719810E-03  0.00000000000000000E+00
  2.4646544E+01 -8.36276780100320138E-03 -8.36276780100320138E-03  0.00000000000000000E+00
  2.4996585E+01 -7.59775614776003749E-03 -7.59775614776003749E-03  0.00000000000000000E+00
  2.5351598E+01 -6.89389592453437672E-03 -6.89389592453437672E-03  0.00000000000000000E+00
  2.5711652E+01 -6.24710584706633654E-03 -6.24710584706633654E-03  0.00000000000000000E+00
  2.6076820E+01 -5.65351192061314123E-03 -5.65351192061314123E-03  0.00000000000000000E+00
  2.6447174E+01 -5.10944153228365394E-03 -5.10944153228365394E-03  0.00000000000000000E+00
  2.6822789E+01 -4.61141739148729357E-03 -4.61141739148729357E-03  0.00000000000000000E+00
  2.7203737E+01 -4.15615135158020621E-03 -4.15615135158020621E-03  0.00000000000000000E+00
  2.7590096E+01 -3.74053814185515421E-03 -3.74053814185515421E-03  0.00000000000000000E+00
  2.7981942E+01 -3.36164903947633320E-03 -3.36164903947633320E-03  0.00000000000000000E+00
  2.8379354E+01 -3.01672550322962252E-03 -3.01672550322962252E-03  0.00000000000000000E+00
  2.8782409E+01 -2.70317279377252362E-03 -2.70317279377252362E-03  0.00000000000000000E+00
  2.9191189E+01 -2.41855359914211476E-03 -2.41855359914211476E-03  0.00000000000000000E+00
  2.9605774E+01 -2.16058168375354853E-03 -2.16058168375354853E-03  0.00000000000000000E+00
  3.0026247E+01 -1.92711558004532435E-03 -1.92711558004532435E-03  0.00000000000000000E+00
  3.0452692E+01 -1.71615232950728114E-03 -1.71615232950728114E-03  0.00000000000000000E+00
  3.0885194E+01 -1.52582129058487226E-03 -1.52582129058487226E-03  0.00000000000000000E+00
  3.1323838E+01 -1.35437807627170059E-03 -1.35437807627170059E-03  0.00000000000000000E+00
  3.1768711E+01 -1.20019848689878472E-03 -1.20019848689878472E-03  0.00000000000000000E+00
  3.2219903E+01 -1.06177261825735059E-03 -1.06177261825735059E-03  0.00000000000000000E+00
  3.2677503E+01 -9.37699264966340706E-04 -9.37699264966340706E-04  0.00000000000000000E+00
  3.3141602E+01 -8.26683172292064228E-04 -8.26683172292064228E-04  0.00000000000000000E+00
  3.3612292E+01 -7.38878939813503166E-04 -7.38878939813503166E-04  0.00000000000000000E+00
  3.4089667E+01 -5.47920549806235613E-04 -5.47920549806235613E-04  0.00000000000000000E+00
  3.4573821E+01 -5.56148425374658473E-04 -5.56148425374658473E-04  0.00000000000000000E+00
  3.5064852E+01 -5.06070430063232379E-04 -5.06070430063232379E-04  0.00000000000000000E+00
  3.5562856E+01 -3.93802616557081819E-04 -3.93802616557081819E-04  0.00000000000000000E+00
  3.6067934E+01 -3.67214675463856111E-04 -3.67214675463856111E-04  0.00000000000000000E+00
  3.6580184E+01 -3.23434278200807057E-04 -3.23434278200807057E-04  0.00000000000000000E+00
  3.7099710E+01 -2.81915604858795632E-04 -2.81915604858795632E-04  0.00000000000000000E+00
  3.7626614E+01 -2.44607817876385525E-04 -2.44607817876385525E-04  0.00000000000000000E+00
  3.8161001E+01 -2.11646155648281820E-04 -2.11646155648281820E-04  0.00000000000000000E+00
  3.8702978E+01 -1.82708345022319918E-04 -1.82708345022319918E-04  0.00000000000000000E+00
  3.9252652E+01 -1.57386736717057829E-04 -1.57386736717057829E-04  0.00000000000000000E+00
  3.9810132E+01 -1.35283697758836752E-04 -1.35283697758836752E-04  0.00000000000000000E+00
  4.0375530E+01 -1.16033117052438683E-04 -1.16033117052438683E-04  0.00000000000000000E+00
  4.0948958E+01 -9.93036236422994989E-05 -9.93036236422994989E-05  0.00000000000000000E+00
  4.1530530E+01 -8.47971208486342221E-05 -8.47971208486342221E-05  0.00000000000000000E+00
  4.2120362E+01 -7.22463231142000950E-05 -7.22463231142000950E-05  0.00000000000000000E+00
  4.2718570E+01 -6.14121816795432096E-05 -6.14121816795432096E-05  0.00000000000000000E+00
  4.3325275E+01 -5.20814106010902833E-05 -5.20814106010902833E-05  0.00000000000000000E+00
  4.3940596E+01 -4.40641599226410108E-05 -4.40641599226410108E-05  0.00000000000000000E+00
  4.4564656E+01 -3.71918441004481792E-05 -3.71918441004481792E-05  0.00000000000000000E+00
  4.5197578E+01 -3.13151221007501590E-05 -3.13151221007501590E-05  0.00000000000000000E+00
  4.5839490E+01 -2.63020257875723473E-05 -2.63020257875723473E-05  0.00000000000000000E+00
  4.6490519E+01 -2.20362296374787547E-05 -2.20362296374787547E-05  0.00000000000000000E+00
  4.7150793E+01 -1.84154555142868048E-05 -1.84154555142868048E-05  0.00000000000000000E+00
  4.7820445E+01 -1.53500075299461969E-05 -1.53500075299461969E-05  0.00000000000000000E+00
  4.8499608E+01 -1.27614286071775496E-05 -1.27614286071775496E-05  0.00000000000000000E+00
  4.9188416E+01 -1.05812739548127865E-05 -1.05812739548127865E-05  0.00000000000000000E+00
  4.9887006E+01 -8.74999309985469154E-06 -8.74999309985469154E-06  0.00000000000000000E+00
  5.0595519E+01 -7.21591479191374674E-06 -7.21591479191374674E-06  0.00000000000000000E+00
  5.1314093E+01 -5.93432861251130817E-06 -5.93432861251130817E-06  0.00000000000000000E+00
  5.2042873E+01 -4.86665479115799826E-06 -4.86665479115799826E-06  0.00000000000000000E+00
  5.2782004E+01 -3.97969856180679926E-06 -3.97969856180679926E-06  0.00000000000000000E+00
  5.3531632E+01 -3.24498009263152198E-06 -3.24498009263152198E-06  0.00000000000000000E+00
  5.4291906E+01 -2.63813664957979199E-06 -2.63813664957979199E-06  0.00000000000000000E+00
  5.5062977E+01 -2.13838838192259573E-06 -2.13838838192259573E-06  0.00000000000000000E+00
  5.5845000E+01 -1.72806373655021162E-06 -1.72806373655021162E-06  0.00000000000000000E+00
  5.6638129E+01 -1.39218418837572244E-06 -1.39218418837572244E-06  0.00000000000000000E+00
  5.7442522E+01 -1.11808859060147370E-06 -1.11808859060147370E-06  0.00000000000000000E+00
  5.8258340E+01 -8.95109891985157446E-07 -8.95109891985157446E-07  0.00000000000000000E+00
  5.9085744E+01 -7.14289129177814175E-07 -7.14289129177814175E-07  0.00000000000000000E+00
  5.9924899E+01 -5.68126466760077165E-07 -5.68126466760077165E-07  0.00000000000000000E+00
  6.0775972E+01 -4.50363714321611042E-07 -4.50363714321611042E-07  0.00000000000000000E+00
  6.1639131E+01  6.30365093456930481E-10  6.30365093456930481E-10  0.00000000000000000E+00
  6.2514550E+01  6.24837070972716901E-10  6.24837070972716901E-10  0.00000000000000000E+00
  6.3402402E+01  6.19365891907364130E-10  6.19365891907364130E-10  0.00000000000000000E+00
  6.4302863E+01  6.13795236859004945E-10  6.13795236859004945E-10  0.00000000000000000E+00
  6.5216113E+01  6.08181949246500153E-10  6.08181949246500153E-10  0.00000000000000000E+00
  6.6142333E+01  6.02597083343425766E-10  6.02597083343425766E-10  0.00000000000000000E+00
  6.7081707E+01  5.96926952312060166E-10  5.96926952312060166E-10  0.00000000000000000E+00
  6.8034422E+01  5.91299453844840173E-10  5.91299453844840173E-10  0.00000000000000000E+00
  6.9000669E+01  5.85572479394613765E-10  5.85572479394613765E-10  0.00000000000000000E+00
  6.9980638E+01  5.79859715799102560E-10  5.79859715799102560E-10  0.00000000000000000E+00
  7.0974525E+01  5.74061687075300142E-10  5.74061687075300142E-10  0.00000000000000000E+00
  7.1982527E+01  5.68206814932636917E-10  5.68206814932636917E-10  0.00000000000000000E+00
  7.3004845E+01  5.62408786208834499E-10  5.62408786208834499E-10  0.00000000000000000E+00
  7.4041682E+01  5.56482859792595264E-10  5.56482859792595264E-10  0.00000000000000000E+00
  7.5093245E+01  5.50585355085786432E-10  5.50585355085786432E-10  0.00000000000000000E+00
  7.6159742E+01  5.44602585250686388E-10  5.44602585250686388E-10  0.00000000000000000E+00
  7.7241386E+01  5.38619815415586345E-10  5.38619815415586345E-10  0.00000000000000000E+00
  7.8338392E+01  5.32551780452195089E-10  5.32551780452195089E-10  0.00000000000000000E+00
  7.9450978E+01  5.26469534634088632E-10  5.26469534634088632E-10  0.00000000000000000E+00
  8.0579365E+01  5.20401499670697376E-10  5.20401499670697376E-10  0.00000000000000000E+00
  8.1723777E+01  5.14205567014869303E-10  5.14205567014869303E-10  0.00000000000000000E+00
  8.2884443E+01  5.08094899487332441E-10  5.08094899487332441E-10  0.00000000000000000E+00
  8.4061592E+01  5.01842123412643559E-10  5.01842123412643559E-10  0.00000000000000000E+00
  8.5255460E+01  4.95631979902100284E-10  4.95631979902100284E-10  0.00000000000000000E+00
  8.6466284E+01  4.89308149553835392E-10  4.89308149553835392E-10  0.00000000000000000E+00
  8.7694304E+01  4.82955897496140096E-10  4.82955897496140096E-10  0.00000000000000000E+00
  8.8939764E+01  4.76632067147875205E-10  4.76632067147875205E-10  0.00000000000000000E+00
  9.0202913E+01  4.70180339107173495E-10  4.70180339107173495E-10  0.00000000000000000E+00
  9.1484002E+01  4.63757032775902189E-10  4.63757032775902189E-10  0.00000000000000000E+00
  9.2783284E+01  4.57248461316339672E-10  4.57248461316339672E-10  0.00000000000000000E+00
  9.4101020E+01  4.50725679002061952E-10  4.50725679002061952E-10  0.00000000000000000E+00
  9.5437470E+01  4.44103420704777818E-10  4.44103420704777818E-10  0.00000000000000000E+00
  9.6792901E+01  4.37452740698063280E-10  4.37452740698063280E-10  0.00000000000000000E+00
  9.8167582E+01  4.30787849836633541E-10  4.30787849836633541E-10  0.00000000000000000E+00
  9.9561787E+01  4.24009272137482185E-10  4.24009272137482185E-10  0.00000000000000000E+00
  1.0097579E+02  4.17273327002476435E-10  4.17273327002476435E-10  0.00000000000000000E+00
  1.0240988E+02  4.10409484175033867E-10  4.10409484175033867E-10  0.00000000000000000E+00
  1.0386433E+02  4.03503008783445694E-10  4.03503008783445694E-10  0.00000000000000000E+00
  1.0533945E+02  3.96610744246572722E-10  3.96610744246572722E-10  0.00000000000000000E+00
  1.0683551E+02  3.89604792871978134E-10  3.89604792871978134E-10  0.00000000000000000E+00
  1.0835282E+02  3.82598841497383546E-10  3.82598841497383546E-10  0.00000000000000000E+00
  1.0989167E+02  3.75479203285067342E-10  3.75479203285067342E-10  0.00000000000000000E+00
  1.1145239E+02  3.68416408491611946E-10  3.68416408491611946E-10  0.00000000000000000E+00
  1.1303526E+02  3.61211505151004530E-10  3.61211505151004530E-10  0.00000000000000000E+00
  1.1464062E+02  3.53963969246251509E-10  3.53963969246251509E-10  0.00000000000000000E+00
  1.1626878E+02  3.46716433341498487E-10  3.46716433341498487E-10  0.00000000000000000E+00
  1.1792006E+02  3.39369421453739051E-10  3.39369421453739051E-10  0.00000000000000000E+00
  1.1959480E+02  3.32008198711264413E-10  3.32008198711264413E-10  0.00000000000000000E+00
  1.2129332E+02  3.24519078276352957E-10  3.24519078276352957E-10  0.00000000000000000E+00
  1.2301596E+02  3.17029957841441501E-10  3.17029957841441501E-10  0.00000000000000000E+00
  1.2476307E+02  3.09398728859378025E-10  3.09398728859378025E-10  0.00000000000000000E+00
  1.2653499E+02  3.01710656458453741E-10  3.01710656458453741E-10  0.00000000000000000E+00
  1.2833207E+02  2.94051005766959861E-10  2.94051005766959861E-10  0.00000000000000000E+00
  1.3015468E+02  2.86249246528313961E-10  2.86249246528313961E-10  0.00000000000000000E+00
  1.3200317E+02  2.78461698144383263E-10  2.78461698144383263E-10  0.00000000000000000E+00
  1.3387792E+02  2.70546252068015747E-10  2.70546252068015747E-10  0.00000000000000000E+00
  1.3577929E+02  2.62645016846363433E-10  2.62645016846363433E-10  0.00000000000000000E+00
  1.3770766E+02  2.54587462222843897E-10  2.54587462222843897E-10  0.00000000000000000E+00
  1.3966343E+02  2.46487275035178754E-10  2.46487275035178754E-10  0.00000000000000000E+00
  1.4164697E+02  2.38372876992798410E-10  2.38372876992798410E-10  0.00000000000000000E+00
  1.4365867E+02  2.30159002967411652E-10  2.30159002967411652E-10  0.00000000000000000E+00
  1.4569895E+02  2.21902496377879288E-10  2.21902496377879288E-10  0.00000000000000000E+00
  1.4776821E+02  2.13532302950625308E-10  2.13532302950625308E-10  0.00000000000000000E+00
  1.4986686E+02  2.05091055249795318E-10  2.05091055249795318E-10  0.00000000000000000E+00
  1.5199531E+02  1.96649807548965327E-10  1.96649807548965327E-10  0.00000000000000000E+00
  1.5415398E+02  1.88080662155698519E-10  1.88080662155698519E-10  0.00000000000000000E+00
  1.5634332E+02  1.79497305907716509E-10  1.79497305907716509E-10  0.00000000000000000E+00
  1.5856375E+02  1.70757630257867277E-10  1.70757630257867277E-10  0.00000000000000000E+00
  1.6081572E+02  1.62017954608018044E-10  1.62017954608018044E-10  0.00000000000000000E+00
  1.6309967E+02  1.53121959556301590E-10  1.53121959556301590E-10  0.00000000000000000E+00
  1.6541605E+02  1.44154910231009126E-10  1.44154910231009126E-10  0.00000000000000000E+00
  1.6776534E+02  1.35159439196286257E-10  1.35159439196286257E-10  0.00000000000000000E+00
  1.7014798E+02  1.26050281323841773E-10  1.26050281323841773E-10  0.00000000000000000E+00
  1.7256447E+02  1.16926912596682087E-10  1.16926912596682087E-10  0.00000000000000000E+00
  1.7501528E+02  1.07633013612939976E-10  1.07633013612939976E-10  0.00000000000000000E+00
  1.7750089E+02  9.83249037744826637E-11  9.83249037744826637E-11  0.00000000000000000E+00
  1.8002181E+02  8.88604745341581292E-11  8.88604745341581292E-11  0.00000000000000000E+00
  1.8257853E+02  7.93249910202575848E-11  7.93249910202575848E-11  0.00000000000000000E+00
  1.8517155E+02  6.97752966516418383E-11  6.97752966516418383E-11  0.00000000000000000E+00
  1.8780141E+02  6.00408611717284657E-11  6.00408611717284657E-11  0.00000000000000000E+00
  1.9046862E+02  5.03064256918150932E-11  5.03064256918150932E-11  0.00000000000000000E+00
  1.9317370E+02  4.04014599553192966E-11  4.04014599553192966E-11  0.00000000000000000E+00
  1.9591721E+02  3.05107050735387020E-11  3.05107050735387020E-11  0.00000000000000000E+00
  1.9869967E+02  2.04209982257452793E-11  2.04209982257452793E-11  0.00000000000000000E+00
  2.0152166E+02  1.02460262496606447E-11  1.02460262496606447E-11  0.00000000000000000E+00
