         1  1.2340980E-04  2.0484305E-08
         2  1.2402840E-04  2.0690175E-08
         3  1.2465009E-04  2.0898115E-08
         4  1.2527490E-04  2.1108144E-08
         5  1.2590285E-04  2.1320285E-08
         6  1.2653394E-04  2.1534557E-08
         7  1.2716819E-04  2.1750983E-08
         8  1.2780563E-04  2.1969584E-08
         9  1.2844625E-04  2.2190382E-08
        10  1.2909009E-04  2.2413399E-08
        11  1.2973716E-04  2.2638658E-08
        12  1.3038747E-04  2.2866180E-08
        13  1.3104104E-04  2.3095989E-08
        14  1.3169789E-04  2.3328107E-08
        15  1.3235802E-04  2.3562559E-08
        16  1.3302147E-04  2.3799366E-08
        17  1.3368824E-04  2.4038554E-08
        18  1.3435836E-04  2.4280145E-08
        19  1.3503183E-04  2.4524165E-08
        20  1.3570868E-04  2.4770637E-08
        21  1.3638893E-04  2.5019586E-08
        22  1.3707258E-04  2.5271037E-08
        23  1.3775966E-04  2.5525015E-08
        24  1.3845018E-04  2.5781546E-08
        25  1.3914417E-04  2.6040655E-08
        26  1.3984163E-04  2.6302368E-08
        27  1.4054259E-04  2.6566711E-08
        28  1.4124706E-04  2.6833711E-08
        29  1.4195506E-04  2.7103394E-08
        30  1.4266662E-04  2.7375788E-08
        31  1.4338174E-04  2.7650919E-08
        32  1.4410044E-04  2.7928815E-08
        33  1.4482275E-04  2.8209504E-08
        34  1.4554867E-04  2.8493015E-08
        35  1.4627824E-04  2.8779374E-08
        36  1.4701146E-04  2.9068612E-08
        37  1.4774836E-04  2.9360756E-08
        38  1.4848895E-04  2.9655837E-08
        39  1.4923326E-04  2.9953883E-08
        40  1.4998129E-04  3.0254924E-08
        41  1.5073308E-04  3.0558991E-08
        42  1.5148863E-04  3.0866114E-08
        43  1.5224797E-04  3.1176324E-08
        44  1.5301111E-04  3.1489651E-08
        45  1.5377809E-04  3.1806127E-08
        46  1.5454890E-04  3.2125784E-08
        47  1.5532358E-04  3.2448654E-08
        48  1.5610214E-04  3.2774768E-08
        49  1.5688461E-04  3.3104160E-08
        50  1.5767100E-04  3.3436862E-08
        51  1.5846133E-04  3.3772908E-08
        52  1.5925562E-04  3.4112332E-08
        53  1.6005389E-04  3.4455166E-08
        54  1.6085616E-04  3.4801447E-08
        55  1.6166246E-04  3.5151207E-08
        56  1.6247279E-04  3.5504482E-08
        57  1.6328719E-04  3.5861308E-08
        58  1.6410567E-04  3.6221720E-08
        59  1.6492825E-04  3.6585755E-08
        60  1.6575496E-04  3.6953448E-08
        61  1.6658581E-04  3.7324836E-08
        62  1.6742083E-04  3.7699957E-08
        63  1.6826003E-04  3.8078848E-08
        64  1.6910343E-04  3.8461547E-08
        65  1.6995107E-04  3.8848092E-08
        66  1.7080295E-04  3.9238521E-08
        67  1.7165910E-04  3.9632875E-08
        68  1.7251955E-04  4.0031192E-08
        69  1.7338431E-04  4.0433512E-08
        70  1.7425340E-04  4.0839876E-08
        71  1.7512685E-04  4.1250323E-08
        72  1.7600468E-04  4.1664896E-08
        73  1.7688690E-04  4.2083635E-08
        74  1.7777355E-04  4.2506583E-08
        75  1.7866465E-04  4.2933781E-08
        76  1.7956021E-04  4.3365273E-08
        77  1.8046025E-04  4.3801101E-08
        78  1.8136482E-04  4.4241309E-08
        79  1.8227391E-04  4.4685942E-08
        80  1.8318756E-04  4.5135043E-08
        81  1.8410579E-04  4.5588658E-08
        82  1.8502863E-04  4.6046831E-08
        83  1.8595609E-04  4.6509610E-08
        84  1.8688820E-04  4.6977039E-08
        85  1.8782498E-04  4.7449166E-08
        86  1.8876645E-04  4.7926038E-08
        87  1.8971265E-04  4.8407703E-08
        88  1.9066359E-04  4.8894208E-08
        89  1.9161929E-04  4.9385603E-08
        90  1.9257979E-04  4.9881937E-08
        91  1.9354510E-04  5.0383258E-08
        92  1.9451525E-04  5.0889619E-08
        93  1.9549026E-04  5.1401068E-08
        94  1.9647016E-04  5.1917657E-08
        95  1.9745497E-04  5.2439438E-08
        96  1.9844472E-04  5.2966463E-08
        97  1.9943943E-04  5.3498785E-08
        98  2.0043912E-04  5.4036457E-08
        99  2.0144382E-04  5.4579532E-08
       100  2.0245357E-04  5.5128066E-08
       101  2.0346837E-04  5.5682112E-08
       102  2.0448826E-04  5.6241726E-08
       103  2.0551326E-04  5.6806965E-08
       104  2.0654340E-04  5.7377885E-08
       105  2.0757870E-04  5.7954542E-08
       106  2.0861920E-04  5.8536995E-08
       107  2.0966490E-04  5.9125301E-08
       108  2.1071585E-04  5.9719520E-08
       109  2.1177207E-04  6.0319712E-08
       110  2.1283358E-04  6.0925935E-08
       111  2.1390042E-04  6.1538251E-08
       112  2.1497260E-04  6.2156720E-08
       113  2.1605015E-04  6.2781406E-08
       114  2.1713311E-04  6.3412369E-08
       115  2.1822149E-04  6.4049674E-08
       116  2.1931533E-04  6.4693384E-08
       117  2.2041465E-04  6.5343563E-08
       118  2.2151949E-04  6.6000277E-08
       119  2.2262986E-04  6.6663591E-08
       120  2.2374579E-04  6.7333571E-08
       121  2.2486732E-04  6.8010285E-08
       122  2.2599448E-04  6.8693799E-08
       123  2.2712728E-04  6.9384184E-08
       124  2.2826576E-04  7.0081506E-08
       125  2.2940995E-04  7.0785837E-08
       126  2.3055987E-04  7.1497246E-08
       127  2.3171555E-04  7.2215806E-08
       128  2.3287703E-04  7.2941587E-08
       129  2.3404433E-04  7.3674662E-08
       130  2.3521749E-04  7.4415104E-08
       131  2.3639652E-04  7.5162989E-08
       132  2.3758146E-04  7.5918389E-08
       133  2.3877234E-04  7.6681382E-08
       134  2.3996919E-04  7.7452042E-08
       135  2.4117204E-04  7.8230448E-08
       136  2.4238092E-04  7.9016677E-08
       137  2.4359586E-04  7.9810808E-08
       138  2.4481689E-04  8.0612920E-08
       139  2.4604404E-04  8.1423093E-08
       140  2.4727734E-04  8.2241409E-08
       141  2.4851683E-04  8.3067949E-08
       142  2.4976252E-04  8.3902796E-08
       143  2.5101446E-04  8.4746033E-08
       144  2.5227268E-04  8.5597744E-08
       145  2.5353720E-04  8.6458016E-08
       146  2.5480806E-04  8.7326934E-08
       147  2.5608529E-04  8.8204584E-08
       148  2.5736892E-04  8.9091055E-08
       149  2.5865899E-04  8.9986434E-08
       150  2.5995552E-04  9.0890813E-08
       151  2.6125856E-04  9.1804281E-08
       152  2.6256812E-04  9.2726929E-08
       153  2.6388425E-04  9.3658850E-08
       154  2.6520697E-04  9.4600137E-08
       155  2.6653633E-04  9.5550885E-08
       156  2.6787235E-04  9.6511187E-08
       157  2.6921506E-04  9.7481140E-08
       158  2.7056451E-04  9.8460842E-08
       159  2.7192072E-04  9.9450390E-08
       160  2.7328373E-04  1.0044988E-07
       161  2.7465357E-04  1.0145942E-07
       162  2.7603028E-04  1.0247911E-07
       163  2.7741388E-04  1.0350904E-07
       164  2.7880443E-04  1.0454932E-07
       165  2.8020194E-04  1.0560006E-07
       166  2.8160646E-04  1.0666136E-07
       167  2.8301802E-04  1.0773332E-07
       168  2.8443665E-04  1.0881606E-07
       169  2.8586239E-04  1.0990968E-07
       170  2.8729529E-04  1.1101429E-07
       171  2.8873536E-04  1.1213000E-07
       172  2.9018265E-04  1.1325693E-07
       173  2.9163720E-04  1.1439518E-07
       174  2.9309904E-04  1.1554487E-07
       175  2.9456820E-04  1.1670611E-07
       176  2.9604473E-04  1.1787903E-07
       177  2.9752866E-04  1.1906373E-07
       178  2.9902003E-04  1.2026034E-07
       179  3.0051887E-04  1.2146898E-07
       180  3.0202523E-04  1.2268976E-07
       181  3.0353914E-04  1.2392282E-07
       182  3.0506063E-04  1.2516826E-07
       183  3.0658976E-04  1.2642622E-07
       184  3.0812654E-04  1.2769683E-07
       185  3.0967104E-04  1.2898020E-07
       186  3.1122327E-04  1.3027647E-07
       187  3.1278328E-04  1.3158577E-07
       188  3.1435111E-04  1.3290823E-07
       189  3.1592681E-04  1.3424398E-07
       190  3.1751040E-04  1.3559316E-07
       191  3.1910192E-04  1.3695589E-07
       192  3.2070143E-04  1.3833232E-07
       193  3.2230895E-04  1.3972258E-07
       194  3.2392453E-04  1.4112682E-07
       195  3.2554821E-04  1.4254517E-07
       196  3.2718003E-04  1.4397777E-07
       197  3.2882002E-04  1.4542477E-07
       198  3.3046824E-04  1.4688631E-07
       199  3.3212472E-04  1.4836255E-07
       200  3.3378950E-04  1.4985361E-07
       201  3.3546263E-04  1.5135967E-07
       202  3.3714414E-04  1.5288086E-07
       203  3.3883408E-04  1.5441734E-07
       204  3.4053250E-04  1.5596926E-07
       205  3.4223942E-04  1.5753677E-07
       206  3.4395490E-04  1.5912004E-07
       207  3.4567899E-04  1.6071923E-07
       208  3.4741171E-04  1.6233448E-07
       209  3.4915312E-04  1.6396597E-07
       210  3.5090325E-04  1.6561385E-07
       211  3.5266216E-04  1.6727830E-07
       212  3.5442989E-04  1.6895948E-07
       213  3.5620648E-04  1.7065755E-07
       214  3.5799197E-04  1.7237268E-07
       215  3.5978641E-04  1.7410506E-07
       216  3.6158985E-04  1.7585484E-07
       217  3.6340233E-04  1.7762221E-07
       218  3.6522389E-04  1.7940735E-07
       219  3.6705458E-04  1.8121042E-07
       220  3.6889445E-04  1.8303161E-07
       221  3.7074354E-04  1.8487111E-07
       222  3.7260190E-04  1.8672910E-07
       223  3.7446957E-04  1.8860576E-07
       224  3.7634661E-04  1.9050128E-07
       225  3.7823306E-04  1.9241585E-07
       226  3.8012896E-04  1.9434966E-07
       227  3.8203436E-04  1.9630290E-07
       228  3.8394932E-04  1.9827578E-07
       229  3.8587387E-04  2.0026848E-07
       230  3.8780807E-04  2.0228122E-07
       231  3.8975197E-04  2.0431418E-07
       232  3.9170561E-04  2.0636757E-07
       233  3.9366904E-04  2.0844160E-07
       234  3.9564231E-04  2.1053647E-07
       235  3.9762548E-04  2.1265239E-07
       236  3.9961859E-04  2.1478959E-07
       237  4.0162168E-04  2.1694826E-07
       238  4.0363482E-04  2.1912862E-07
       239  4.0565805E-04  2.2133090E-07
       240  4.0769142E-04  2.2355531E-07
       241  4.0973498E-04  2.2580208E-07
       242  4.1178878E-04  2.2807143E-07
       243  4.1385288E-04  2.3036359E-07
       244  4.1592733E-04  2.3267878E-07
       245  4.1801217E-04  2.3501724E-07
       246  4.2010747E-04  2.3737920E-07
       247  4.2221327E-04  2.3976490E-07
       248  4.2432962E-04  2.4217458E-07
       249  4.2645658E-04  2.4460847E-07
       250  4.2859420E-04  2.4706683E-07
       251  4.3074254E-04  2.4954989E-07
       252  4.3290165E-04  2.5205791E-07
       253  4.3507158E-04  2.5459113E-07
       254  4.3725238E-04  2.5714982E-07
       255  4.3944412E-04  2.5973422E-07
       256  4.4164684E-04  2.6234459E-07
       257  4.4386060E-04  2.6498119E-07
       258  4.4608546E-04  2.6764430E-07
       259  4.4832148E-04  2.7033417E-07
       260  4.5056870E-04  2.7305107E-07
       261  4.5282718E-04  2.7579528E-07
       262  4.5509699E-04  2.7856707E-07
       263  4.5737817E-04  2.8136672E-07
       264  4.5967079E-04  2.8419450E-07
       265  4.6197490E-04  2.8705070E-07
       266  4.6429056E-04  2.8993561E-07
       267  4.6661782E-04  2.9284951E-07
       268  4.6895676E-04  2.9579269E-07
       269  4.7130741E-04  2.9876546E-07
       270  4.7366985E-04  3.0176810E-07
       271  4.7604413E-04  3.0480092E-07
       272  4.7843031E-04  3.0786422E-07
       273  4.8082845E-04  3.1095831E-07
       274  4.8323861E-04  3.1408349E-07
       275  4.8566086E-04  3.1724008E-07
       276  4.8809524E-04  3.2042840E-07
       277  4.9054183E-04  3.2364875E-07
       278  4.9300068E-04  3.2690148E-07
       279  4.9547186E-04  3.3018689E-07
       280  4.9795542E-04  3.3350533E-07
       281  5.0045143E-04  3.3685711E-07
       282  5.0295996E-04  3.4024258E-07
       283  5.0548105E-04  3.4366207E-07
       284  5.0801479E-04  3.4711593E-07
       285  5.1056122E-04  3.5060451E-07
       286  5.1312042E-04  3.5412814E-07
       287  5.1569245E-04  3.5768719E-07
       288  5.1827737E-04  3.6128200E-07
       289  5.2087524E-04  3.6491295E-07
       290  5.2348614E-04  3.6858038E-07
       291  5.2611013E-04  3.7228468E-07
       292  5.2874727E-04  3.7602620E-07
       293  5.3139762E-04  3.7980532E-07
       294  5.3406126E-04  3.8362243E-07
       295  5.3673826E-04  3.8747790E-07
       296  5.3942867E-04  3.9137212E-07
       297  5.4213257E-04  3.9530547E-07
       298  5.4485002E-04  3.9927836E-07
       299  5.4758109E-04  4.0329117E-07
       300  5.5032585E-04  4.0734431E-07
       301  5.5308437E-04  4.1143819E-07
       302  5.5585672E-04  4.1557321E-07
       303  5.5864296E-04  4.1974979E-07
       304  5.6144317E-04  4.2396835E-07
       305  5.6425742E-04  4.2822930E-07
       306  5.6708577E-04  4.3253307E-07
       307  5.6992830E-04  4.3688010E-07
       308  5.7278507E-04  4.4127082E-07
       309  5.7565617E-04  4.4570566E-07
       310  5.7854166E-04  4.5018508E-07
       311  5.8144161E-04  4.5470951E-07
       312  5.8435610E-04  4.5927942E-07
       313  5.8728520E-04  4.6389525E-07
       314  5.9022898E-04  4.6855748E-07
       315  5.9318751E-04  4.7326656E-07
       316  5.9616088E-04  4.7802297E-07
       317  5.9914915E-04  4.8282717E-07
       318  6.0215239E-04  4.8767967E-07
       319  6.0517069E-04  4.9258093E-07
       320  6.0820413E-04  4.9753145E-07
       321  6.1125276E-04  5.0253172E-07
       322  6.1431668E-04  5.0758225E-07
       323  6.1739595E-04  5.1268353E-07
       324  6.2049066E-04  5.1783609E-07
       325  6.2360089E-04  5.2304043E-07
       326  6.2672670E-04  5.2829707E-07
       327  6.2986818E-04  5.3360654E-07
       328  6.3302541E-04  5.3896938E-07
       329  6.3619846E-04  5.4438611E-07
       330  6.3938742E-04  5.4985728E-07
       331  6.4259236E-04  5.5538343E-07
       332  6.4581337E-04  5.6096513E-07
       333  6.4905052E-04  5.6660292E-07
       334  6.5230390E-04  5.7229737E-07
       335  6.5557359E-04  5.7804906E-07
       336  6.5885966E-04  5.8385854E-07
       337  6.6216221E-04  5.8972642E-07
       338  6.6548131E-04  5.9565327E-07
       339  6.6881705E-04  6.0163968E-07
       340  6.7216951E-04  6.0768626E-07
       341  6.7553878E-04  6.1379360E-07
       342  6.7892493E-04  6.1996233E-07
       343  6.8232805E-04  6.2619305E-07
       344  6.8574824E-04  6.3248640E-07
       345  6.8918556E-04  6.3884299E-07
       346  6.9264012E-04  6.4526347E-07
       347  6.9611199E-04  6.5174847E-07
       348  6.9960127E-04  6.5829865E-07
       349  7.0310804E-04  6.6491466E-07
       350  7.0663238E-04  6.7159716E-07
       351  7.1017439E-04  6.7834682E-07
       352  7.1373415E-04  6.8516432E-07
       353  7.1731176E-04  6.9205033E-07
       354  7.2090730E-04  6.9900555E-07
       355  7.2452086E-04  7.0603067E-07
       356  7.2815254E-04  7.1312640E-07
       357  7.3180242E-04  7.2029344E-07
       358  7.3547059E-04  7.2753250E-07
       359  7.3915716E-04  7.3484432E-07
       360  7.4286220E-04  7.4222963E-07
       361  7.4658581E-04  7.4968916E-07
       362  7.5032809E-04  7.5722366E-07
       363  7.5408912E-04  7.6483388E-07
       364  7.5786901E-04  7.7252059E-07
       365  7.6166784E-04  7.8028455E-07
       366  7.6548572E-04  7.8812653E-07
       367  7.6932273E-04  7.9604733E-07
       368  7.7317898E-04  8.0404774E-07
       369  7.7705455E-04  8.1212855E-07
       370  7.8094956E-04  8.2029058E-07
       371  7.8486408E-04  8.2853463E-07
       372  7.8879823E-04  8.3686154E-07
       373  7.9275210E-04  8.4527213E-07
       374  7.9672578E-04  8.5376726E-07
       375  8.0071939E-04  8.6234776E-07
       376  8.0473301E-04  8.7101449E-07
       377  8.0876675E-04  8.7976833E-07
       378  8.1282071E-04  8.8861015E-07
       379  8.1689499E-04  8.9754083E-07
       380  8.2098970E-04  9.0656126E-07
       381  8.2510492E-04  9.1567235E-07
       382  8.2924078E-04  9.2487500E-07
       383  8.3339737E-04  9.3417015E-07
       384  8.3757479E-04  9.4355871E-07
       385  8.4177315E-04  9.5304163E-07
       386  8.4599255E-04  9.6261985E-07
       387  8.5023311E-04  9.7229434E-07
       388  8.5449492E-04  9.8206606E-07
       389  8.5877809E-04  9.9193598E-07
       390  8.6308274E-04  1.0019051E-06
       391  8.6740896E-04  1.0119744E-06
       392  8.7175686E-04  1.0221449E-06
       393  8.7612656E-04  1.0324176E-06
       394  8.8051816E-04  1.0427936E-06
       395  8.8493178E-04  1.0532739E-06
       396  8.8936752E-04  1.0638594E-06
       397  8.9382549E-04  1.0745514E-06
       398  8.9830581E-04  1.0853508E-06
       399  9.0280859E-04  1.0962588E-06
       400  9.0733394E-04  1.1072763E-06
       401  9.1188197E-04  1.1184046E-06
       402  9.1645279E-04  1.1296448E-06
       403  9.2104653E-04  1.1409979E-06
       404  9.2566330E-04  1.1524651E-06
       405  9.3030320E-04  1.1640476E-06
       406  9.3496637E-04  1.1757464E-06
       407  9.3965291E-04  1.1875629E-06
       408  9.4436294E-04  1.1994981E-06
       409  9.4909657E-04  1.2115532E-06
       410  9.5385394E-04  1.2237295E-06
       411  9.5863515E-04  1.2360282E-06
       412  9.6344033E-04  1.2484505E-06
       413  9.6826960E-04  1.2609976E-06
       414  9.7312307E-04  1.2736709E-06
       415  9.7800087E-04  1.2864715E-06
       416  9.8290312E-04  1.2994007E-06
       417  9.8782994E-04  1.3124599E-06
       418  9.9278146E-04  1.3256503E-06
       419  9.9775780E-04  1.3389733E-06
       420  1.0027591E-03  1.3524302E-06
       421  1.0077854E-03  1.3660224E-06
       422  1.0128370E-03  1.3797511E-06
       423  1.0179138E-03  1.3936178E-06
       424  1.0230162E-03  1.4076239E-06
       425  1.0281440E-03  1.4217708E-06
       426  1.0332976E-03  1.4360598E-06
       427  1.0384771E-03  1.4504924E-06
       428  1.0436825E-03  1.4650701E-06
       429  1.0489139E-03  1.4797943E-06
       430  1.0541716E-03  1.4946665E-06
       431  1.0594557E-03  1.5096881E-06
       432  1.0647662E-03  1.5248607E-06
       433  1.0701034E-03  1.5401858E-06
       434  1.0754673E-03  1.5556649E-06
       435  1.0808581E-03  1.5712996E-06
       436  1.0862759E-03  1.5870914E-06
       437  1.0917209E-03  1.6030420E-06
       438  1.0971932E-03  1.6191528E-06
       439  1.1026929E-03  1.6354255E-06
       440  1.1082202E-03  1.6518618E-06
       441  1.1137751E-03  1.6684633E-06
       442  1.1193580E-03  1.6852316E-06
       443  1.1249688E-03  1.7021685E-06
       444  1.1306077E-03  1.7192755E-06
       445  1.1362749E-03  1.7365545E-06
       446  1.1419705E-03  1.7540072E-06
       447  1.1476947E-03  1.7716352E-06
       448  1.1534475E-03  1.7894404E-06
       449  1.1592292E-03  1.8074246E-06
       450  1.1650398E-03  1.8255895E-06
       451  1.1708796E-03  1.8439370E-06
       452  1.1767487E-03  1.8624688E-06
       453  1.1826472E-03  1.8811870E-06
       454  1.1885752E-03  1.9000932E-06
       455  1.1945330E-03  1.9191894E-06
       456  1.2005206E-03  1.9384776E-06
       457  1.2065382E-03  1.9579596E-06
       458  1.2125860E-03  1.9776374E-06
       459  1.2186641E-03  1.9975130E-06
       460  1.2247727E-03  2.0175883E-06
       461  1.2309119E-03  2.0378654E-06
       462  1.2370819E-03  2.0583462E-06
       463  1.2432828E-03  2.0790329E-06
       464  1.2495148E-03  2.0999276E-06
       465  1.2557780E-03  2.1210322E-06
       466  1.2620726E-03  2.1423489E-06
       467  1.2683988E-03  2.1638798E-06
       468  1.2747566E-03  2.1856272E-06
       469  1.2811464E-03  2.2075931E-06
       470  1.2875681E-03  2.2297797E-06
       471  1.2940221E-03  2.2521893E-06
       472  1.3005084E-03  2.2748242E-06
       473  1.3070272E-03  2.2976865E-06
       474  1.3135787E-03  2.3207787E-06
       475  1.3201631E-03  2.3441029E-06
       476  1.3267804E-03  2.3676615E-06
       477  1.3334309E-03  2.3914568E-06
       478  1.3401148E-03  2.4154913E-06
       479  1.3468321E-03  2.4397674E-06
       480  1.3535832E-03  2.4642875E-06
       481  1.3603680E-03  2.4890539E-06
       482  1.3671869E-03  2.5140693E-06
       483  1.3740400E-03  2.5393361E-06
       484  1.3809274E-03  2.5648568E-06
       485  1.3878493E-03  2.5906340E-06
       486  1.3948059E-03  2.6166703E-06
       487  1.4017974E-03  2.6429683E-06
       488  1.4088240E-03  2.6695305E-06
       489  1.4158857E-03  2.6963597E-06
       490  1.4229829E-03  2.7234585E-06
       491  1.4301156E-03  2.7508297E-06
       492  1.4372841E-03  2.7784760E-06
       493  1.4444885E-03  2.8064001E-06
       494  1.4517290E-03  2.8346049E-06
       495  1.4590058E-03  2.8630931E-06
       496  1.4663191E-03  2.8918676E-06
       497  1.4736691E-03  2.9209313E-06
       498  1.4810559E-03  2.9502872E-06
       499  1.4884797E-03  2.9799380E-06
       500  1.4959408E-03  3.0098868E-06
       501  1.5034392E-03  3.0401367E-06
       502  1.5109752E-03  3.0706905E-06
       503  1.5185490E-03  3.1015514E-06
       504  1.5261608E-03  3.1327225E-06
       505  1.5338107E-03  3.1642068E-06
       506  1.5414989E-03  3.1960076E-06
       507  1.5492257E-03  3.2281280E-06
       508  1.5569913E-03  3.2605712E-06
       509  1.5647957E-03  3.2933404E-06
       510  1.5726393E-03  3.3264390E-06
       511  1.5805222E-03  3.3598702E-06
       512  1.5884446E-03  3.3936374E-06
       513  1.5964067E-03  3.4277440E-06
       514  1.6044087E-03  3.4621933E-06
       515  1.6124508E-03  3.4969889E-06
       516  1.6205333E-03  3.5321342E-06
       517  1.6286562E-03  3.5676327E-06
       518  1.6368199E-03  3.6034879E-06
       519  1.6450245E-03  3.6397035E-06
       520  1.6532702E-03  3.6762831E-06
       521  1.6615573E-03  3.7132303E-06
       522  1.6698859E-03  3.7505488E-06
       523  1.6782562E-03  3.7882424E-06
       524  1.6866685E-03  3.8263148E-06
       525  1.6951230E-03  3.8647699E-06
       526  1.7036198E-03  3.9036114E-06
       527  1.7121592E-03  3.9428433E-06
       528  1.7207415E-03  3.9824695E-06
       529  1.7293667E-03  4.0224939E-06
       530  1.7380352E-03  4.0629205E-06
       531  1.7467471E-03  4.1037535E-06
       532  1.7555027E-03  4.1449969E-06
       533  1.7643022E-03  4.1866547E-06
       534  1.7731458E-03  4.2287312E-06
       535  1.7820338E-03  4.2712306E-06
       536  1.7909663E-03  4.3141571E-06
       537  1.7999435E-03  4.3575150E-06
       538  1.8089658E-03  4.4013087E-06
       539  1.8180332E-03  4.4455425E-06
       540  1.8271462E-03  4.4902209E-06
       541  1.8363048E-03  4.5353483E-06
       542  1.8455093E-03  4.5809292E-06
       543  1.8547599E-03  4.6269682E-06
       544  1.8640570E-03  4.6734699E-06
       545  1.8734006E-03  4.7204390E-06
       546  1.8827911E-03  4.7678801E-06
       547  1.8922286E-03  4.8157980E-06
       548  1.9017134E-03  4.8641975E-06
       549  1.9112458E-03  4.9130834E-06
       550  1.9208260E-03  4.9624606E-06
       551  1.9304541E-03  5.0123340E-06
       552  1.9401306E-03  5.0627087E-06
       553  1.9498555E-03  5.1135897E-06
       554  1.9596292E-03  5.1649820E-06
       555  1.9694519E-03  5.2168908E-06
       556  1.9793238E-03  5.2693214E-06
       557  1.9892452E-03  5.3222788E-06
       558  1.9992164E-03  5.3757685E-06
       559  2.0092375E-03  5.4297957E-06
       560  2.0193088E-03  5.4843660E-06
       561  2.0294306E-03  5.5394846E-06
       562  2.0396032E-03  5.5951573E-06
       563  2.0498268E-03  5.6513894E-06
       564  2.0601016E-03  5.7081867E-06
       565  2.0704279E-03  5.7655548E-06
       566  2.0808059E-03  5.8234994E-06
       567  2.0912360E-03  5.8820264E-06
       568  2.1017184E-03  5.9411416E-06
       569  2.1122533E-03  6.0008510E-06
       570  2.1228410E-03  6.0611604E-06
       571  2.1334818E-03  6.1220759E-06
       572  2.1441759E-03  6.1836036E-06
       573  2.1549236E-03  6.2457497E-06
       574  2.1657252E-03  6.3085204E-06
       575  2.1765810E-03  6.3719219E-06
       576  2.1874911E-03  6.4359606E-06
       577  2.1984560E-03  6.5006429E-06
       578  2.2094758E-03  6.5659753E-06
       579  2.2205508E-03  6.6319643E-06
       580  2.2316814E-03  6.6986165E-06
       581  2.2428677E-03  6.7659385E-06
       582  2.2541101E-03  6.8339371E-06
       583  2.2654089E-03  6.9026191E-06
       584  2.2767643E-03  6.9719914E-06
       585  2.2881767E-03  7.0420609E-06
       586  2.2996462E-03  7.1128346E-06
       587  2.3111732E-03  7.1843196E-06
       588  2.3227580E-03  7.2565230E-06
       589  2.3344009E-03  7.3294520E-06
       590  2.3461021E-03  7.4031140E-06
       591  2.3578620E-03  7.4775163E-06
       592  2.3696808E-03  7.5526664E-06
       593  2.3815589E-03  7.6285717E-06
       594  2.3934965E-03  7.7052399E-06
       595  2.4054940E-03  7.7826786E-06
       596  2.4175516E-03  7.8608956E-06
       597  2.4296696E-03  7.9398986E-06
       598  2.4418484E-03  8.0196957E-06
       599  2.4540882E-03  8.1002947E-06
       600  2.4663893E-03  8.1817038E-06
       601  2.4787522E-03  8.2639310E-06
       602  2.4911770E-03  8.3469846E-06
       603  2.5036641E-03  8.4308729E-06
       604  2.5162137E-03  8.5156043E-06
       605  2.5288263E-03  8.6011872E-06
       606  2.5415021E-03  8.6876303E-06
       607  2.5542414E-03  8.7749421E-06
       608  2.5670446E-03  8.8631315E-06
       609  2.5799120E-03  8.9522071E-06
       610  2.5928438E-03  9.0421780E-06
       611  2.6058405E-03  9.1330530E-06
       612  2.6189023E-03  9.2248414E-06
       613  2.6320297E-03  9.3175522E-06
       614  2.6452228E-03  9.4111948E-06
       615  2.6584820E-03  9.5057786E-06
       616  2.6718077E-03  9.6013129E-06
       617  2.6852002E-03  9.6978073E-06
       618  2.6986598E-03  9.7952715E-06
       619  2.7121869E-03  9.8937152E-06
       620  2.7257818E-03  9.9931483E-06
       621  2.7394448E-03  1.0093581E-05
       622  2.7531763E-03  1.0195022E-05
       623  2.7669767E-03  1.0297484E-05
       624  2.7808462E-03  1.0400975E-05
       625  2.7947853E-03  1.0505506E-05
       626  2.8087942E-03  1.0611087E-05
       627  2.8228733E-03  1.0717730E-05
       628  2.8370230E-03  1.0825445E-05
       629  2.8512437E-03  1.0934242E-05
       630  2.8655356E-03  1.1044132E-05
       631  2.8798992E-03  1.1155127E-05
       632  2.8943347E-03  1.1267238E-05
       633  2.9088426E-03  1.1380475E-05
       634  2.9234233E-03  1.1494850E-05
       635  2.9380770E-03  1.1610374E-05
       636  2.9528042E-03  1.1727060E-05
       637  2.9676051E-03  1.1844918E-05
       638  2.9824803E-03  1.1963961E-05
       639  2.9974301E-03  1.2084200E-05
       640  3.0124548E-03  1.2205648E-05
       641  3.0275547E-03  1.2328316E-05
       642  3.0427304E-03  1.2452217E-05
       643  3.0579822E-03  1.2577364E-05
       644  3.0733104E-03  1.2703768E-05
       645  3.0887154E-03  1.2831442E-05
       646  3.1041977E-03  1.2960399E-05
       647  3.1197575E-03  1.3090653E-05
       648  3.1353954E-03  1.3222215E-05
       649  3.1511116E-03  1.3355100E-05
       650  3.1669066E-03  1.3489320E-05
       651  3.1827808E-03  1.3624890E-05
       652  3.1987346E-03  1.3761821E-05
       653  3.2147683E-03  1.3900129E-05
       654  3.2308824E-03  1.4039827E-05
       655  3.2470772E-03  1.4180929E-05
       656  3.2633533E-03  1.4323449E-05
       657  3.2797109E-03  1.4467401E-05
       658  3.2961505E-03  1.4612800E-05
       659  3.3126725E-03  1.4759660E-05
       660  3.3292774E-03  1.4907996E-05
       661  3.3459655E-03  1.5057823E-05
       662  3.3627372E-03  1.5209156E-05
       663  3.3795930E-03  1.5362009E-05
       664  3.3965332E-03  1.5516399E-05
       665  3.4135584E-03  1.5672341E-05
       666  3.4306690E-03  1.5829849E-05
       667  3.4478653E-03  1.5988941E-05
       668  3.4651478E-03  1.6149631E-05
       669  3.4825169E-03  1.6311937E-05
       670  3.4999731E-03  1.6475873E-05
       671  3.5175168E-03  1.6641458E-05
       672  3.5351484E-03  1.6808706E-05
       673  3.5528684E-03  1.6977635E-05
       674  3.5706772E-03  1.7148262E-05
       675  3.5885753E-03  1.7320604E-05
       676  3.6065631E-03  1.7494677E-05
       677  3.6246411E-03  1.7670501E-05
       678  3.6428097E-03  1.7848091E-05
       679  3.6610694E-03  1.8027466E-05
       680  3.6794205E-03  1.8208644E-05
       681  3.6978637E-03  1.8391642E-05
       682  3.7163993E-03  1.8576480E-05
       683  3.7350279E-03  1.8763175E-05
       684  3.7537498E-03  1.8951747E-05
       685  3.7725655E-03  1.9142213E-05
       686  3.7914756E-03  1.9334594E-05
       687  3.8104804E-03  1.9528909E-05
       688  3.8295805E-03  1.9725176E-05
       689  3.8487764E-03  1.9923416E-05
       690  3.8680685E-03  2.0123648E-05
       691  3.8874572E-03  2.0325892E-05
       692  3.9069432E-03  2.0530169E-05
       693  3.9265268E-03  2.0736499E-05
       694  3.9462086E-03  2.0944903E-05
       695  3.9659891E-03  2.1155401E-05
       696  3.9858687E-03  2.1368014E-05
       697  4.0058479E-03  2.1582764E-05
       698  4.0259273E-03  2.1799673E-05
       699  4.0461074E-03  2.2018761E-05
       700  4.0663886E-03  2.2240052E-05
       701  4.0867714E-03  2.2463566E-05
       702  4.1072565E-03  2.2689326E-05
       703  4.1278442E-03  2.2917356E-05
       704  4.1485351E-03  2.3147677E-05
       705  4.1693297E-03  2.3380313E-05
       706  4.1902285E-03  2.3615287E-05
       707  4.2112322E-03  2.3852622E-05
       708  4.2323410E-03  2.4092342E-05
       709  4.2535557E-03  2.4334472E-05
       710  4.2748768E-03  2.4579035E-05
       711  4.2963047E-03  2.4826056E-05
       712  4.3178400E-03  2.5075560E-05
       713  4.3394833E-03  2.5327571E-05
       714  4.3612350E-03  2.5582114E-05
       715  4.3830958E-03  2.5839216E-05
       716  4.4050662E-03  2.6098902E-05
       717  4.4271466E-03  2.6361198E-05
       718  4.4493378E-03  2.6626129E-05
       719  4.4716402E-03  2.6893723E-05
       720  4.4940544E-03  2.7164007E-05
       721  4.5165809E-03  2.7437007E-05
       722  4.5392204E-03  2.7712750E-05
       723  4.5619733E-03  2.7991265E-05
       724  4.5848403E-03  2.8272578E-05
       725  4.6078219E-03  2.8556719E-05
       726  4.6309187E-03  2.8843716E-05
       727  4.6541313E-03  2.9133597E-05
       728  4.6774602E-03  2.9426391E-05
       729  4.7009061E-03  2.9722127E-05
       730  4.7244695E-03  3.0020836E-05
       731  4.7481510E-03  3.0322547E-05
       732  4.7719512E-03  3.0627290E-05
       733  4.7958707E-03  3.0935095E-05
       734  4.8199101E-03  3.1245994E-05
       735  4.8440700E-03  3.1560018E-05
       736  4.8683510E-03  3.1877197E-05
       737  4.8927537E-03  3.2197564E-05
       738  4.9172788E-03  3.2521151E-05
       739  4.9419267E-03  3.2847990E-05
       740  4.9666982E-03  3.3178113E-05
       741  4.9915939E-03  3.3511554E-05
       742  5.0166144E-03  3.3848346E-05
       743  5.0417603E-03  3.4188523E-05
       744  5.0670322E-03  3.4532119E-05
       745  5.0924308E-03  3.4879167E-05
       746  5.1179567E-03  3.5229704E-05
       747  5.1436106E-03  3.5583763E-05
       748  5.1693930E-03  3.5941381E-05
       749  5.1953047E-03  3.6302593E-05
       750  5.2213463E-03  3.6667434E-05
       751  5.2475184E-03  3.7035943E-05
       752  5.2738217E-03  3.7408155E-05
       753  5.3002568E-03  3.7784107E-05
       754  5.3268245E-03  3.8163838E-05
       755  5.3535253E-03  3.8547385E-05
       756  5.3803600E-03  3.8934786E-05
       757  5.4073291E-03  3.9326081E-05
       758  5.4344335E-03  3.9721309E-05
       759  5.4616737E-03  4.0120508E-05
       760  5.4890504E-03  4.0523720E-05
       761  5.5165644E-03  4.0930983E-05
       762  5.5442163E-03  4.1342339E-05
       763  5.5720068E-03  4.1757830E-05
       764  5.5999366E-03  4.2177496E-05
       765  5.6280064E-03  4.2601380E-05
       766  5.6562169E-03  4.3029523E-05
       767  5.6845688E-03  4.3461970E-05
       768  5.7130628E-03  4.3898762E-05
       769  5.7416997E-03  4.4339944E-05
       770  5.7704801E-03  4.4785560E-05
       771  5.7994047E-03  4.5235654E-05
       772  5.8284744E-03  4.5690272E-05
       773  5.8576897E-03  4.6149458E-05
       774  5.8870515E-03  4.6613259E-05
       775  5.9165605E-03  4.7081721E-05
       776  5.9462174E-03  4.7554892E-05
       777  5.9760229E-03  4.8032817E-05
       778  6.0059778E-03  4.8515545E-05
       779  6.0360829E-03  4.9003125E-05
       780  6.0663389E-03  4.9495605E-05
       781  6.0967466E-03  4.9993034E-05
       782  6.1273066E-03  5.0495462E-05
       783  6.1580199E-03  5.1002940E-05
       784  6.1888871E-03  5.1515517E-05
       785  6.2199090E-03  5.2033246E-05
       786  6.2510864E-03  5.2556178E-05
       787  6.2824201E-03  5.3084365E-05
       788  6.3139109E-03  5.3617860E-05
       789  6.3455595E-03  5.4156717E-05
       790  6.3773668E-03  5.4700989E-05
       791  6.4093334E-03  5.5250731E-05
       792  6.4414604E-03  5.5805998E-05
       793  6.4737483E-03  5.6366845E-05
       794  6.5061981E-03  5.6933328E-05
       795  6.5388106E-03  5.7505504E-05
       796  6.5715865E-03  5.8083431E-05
       797  6.6045267E-03  5.8667165E-05
       798  6.6376320E-03  5.9256766E-05
       799  6.6709033E-03  5.9852292E-05
       800  6.7043413E-03  6.0453803E-05
       801  6.7379470E-03  6.1061359E-05
       802  6.7717211E-03  6.1675021E-05
       803  6.8056645E-03  6.2294850E-05
       804  6.8397780E-03  6.2920908E-05
       805  6.8740626E-03  6.3553257E-05
       806  6.9085189E-03  6.4191962E-05
       807  6.9431480E-03  6.4837085E-05
       808  6.9779507E-03  6.5488691E-05
       809  7.0129278E-03  6.6146846E-05
       810  7.0480803E-03  6.6811615E-05
       811  7.0834089E-03  6.7483065E-05
       812  7.1189147E-03  6.8161263E-05
       813  7.1545984E-03  6.8846276E-05
       814  7.1904609E-03  6.9538173E-05
       815  7.2265033E-03  7.0237024E-05
       816  7.2627263E-03  7.0942898E-05
       817  7.2991308E-03  7.1655865E-05
       818  7.3357179E-03  7.2375998E-05
       819  7.3724883E-03  7.3103367E-05
       820  7.4094431E-03  7.3838047E-05
       821  7.4465831E-03  7.4580109E-05
       822  7.4839092E-03  7.5329629E-05
       823  7.5214225E-03  7.6086681E-05
       824  7.5591238E-03  7.6851342E-05
       825  7.5970140E-03  7.7623687E-05
       826  7.6350942E-03  7.8403793E-05
       827  7.6733653E-03  7.9191739E-05
       828  7.7118282E-03  7.9987604E-05
       829  7.7504839E-03  8.0791467E-05
       830  7.7893334E-03  8.1603408E-05
       831  7.8283775E-03  8.2423509E-05
       832  7.8676175E-03  8.3251851E-05
       833  7.9070541E-03  8.4088518E-05
       834  7.9466883E-03  8.4933593E-05
       835  7.9865213E-03  8.5787161E-05
       836  8.0265539E-03  8.6649306E-05
       837  8.0667871E-03  8.7520116E-05
       838  8.1072221E-03  8.8399676E-05
       839  8.1478597E-03  8.9288076E-05
       840  8.1887010E-03  9.0185404E-05
       841  8.2297470E-03  9.1091749E-05
       842  8.2709988E-03  9.2007203E-05
       843  8.3124574E-03  9.2931856E-05
       844  8.3541237E-03  9.3865802E-05
       845  8.3959990E-03  9.4809133E-05
       846  8.4380841E-03  9.5761944E-05
       847  8.4803802E-03  9.6724330E-05
       848  8.5228882E-03  9.7696388E-05
       849  8.5656094E-03  9.8678214E-05
       850  8.6085447E-03  9.9669907E-05
       851  8.6516952E-03  1.0067157E-04
       852  8.6950620E-03  1.0168329E-04
       853  8.7386462E-03  1.0270518E-04
       854  8.7824488E-03  1.0373734E-04
       855  8.8264710E-03  1.0477988E-04
       856  8.8707139E-03  1.0583289E-04
       857  8.9151785E-03  1.0689648E-04
       858  8.9598661E-03  1.0797076E-04
       859  9.0047776E-03  1.0905584E-04
       860  9.0499142E-03  1.1015182E-04
       861  9.0952771E-03  1.1125882E-04
       862  9.1408674E-03  1.1237693E-04
       863  9.1866862E-03  1.1350629E-04
       864  9.2327346E-03  1.1464700E-04
       865  9.2790139E-03  1.1579916E-04
       866  9.3255251E-03  1.1696291E-04
       867  9.3722695E-03  1.1813835E-04
       868  9.4192482E-03  1.1932560E-04
       869  9.4664624E-03  1.2052479E-04
       870  9.5139132E-03  1.2173602E-04
       871  9.5616019E-03  1.2295943E-04
       872  9.6095297E-03  1.2419513E-04
       873  9.6576976E-03  1.2544325E-04
       874  9.7061070E-03  1.2670391E-04
       875  9.7547591E-03  1.2797724E-04
       876  9.8036550E-03  1.2926337E-04
       877  9.8527961E-03  1.3056242E-04
       878  9.9021834E-03  1.3187453E-04
       879  9.9518183E-03  1.3319982E-04
       880  1.0001702E-02  1.3453842E-04
       881  1.0051836E-02  1.3589048E-04
       882  1.0102221E-02  1.3725613E-04
       883  1.0152858E-02  1.3863550E-04
       884  1.0203750E-02  1.4002873E-04
       885  1.0254896E-02  1.4143597E-04
       886  1.0306299E-02  1.4285734E-04
       887  1.0357960E-02  1.4429300E-04
       888  1.0409879E-02  1.4574308E-04
       889  1.0462059E-02  1.4720774E-04
       890  1.0514500E-02  1.4868711E-04
       891  1.0567204E-02  1.5018135E-04
       892  1.0620173E-02  1.5169061E-04
       893  1.0673407E-02  1.5321503E-04
       894  1.0726907E-02  1.5475477E-04
       895  1.0780676E-02  1.5630999E-04
       896  1.0834714E-02  1.5788083E-04
       897  1.0889024E-02  1.5946746E-04
       898  1.0943605E-02  1.6107003E-04
       899  1.0998460E-02  1.6268870E-04
       900  1.1053590E-02  1.6432364E-04
       901  1.1108997E-02  1.6597501E-04
       902  1.1164681E-02  1.6764298E-04
       903  1.1220644E-02  1.6932770E-04
       904  1.1276888E-02  1.7102936E-04
       905  1.1333413E-02  1.7274811E-04
       906  1.1390222E-02  1.7448414E-04
       907  1.1447316E-02  1.7623761E-04
       908  1.1504696E-02  1.7800870E-04
       909  1.1562363E-02  1.7979759E-04
       910  1.1620320E-02  1.8160446E-04
       911  1.1678567E-02  1.8342948E-04
       912  1.1737106E-02  1.8527284E-04
       913  1.1795939E-02  1.8713472E-04
       914  1.1855066E-02  1.8901531E-04
       915  1.1914490E-02  1.9091480E-04
       916  1.1974211E-02  1.9283338E-04
       917  1.2034232E-02  1.9477124E-04
       918  1.2094554E-02  1.9672857E-04
       919  1.2155178E-02  1.9870556E-04
       920  1.2216106E-02  2.0070243E-04
       921  1.2277340E-02  2.0271936E-04
       922  1.2338880E-02  2.0475655E-04
       923  1.2400729E-02  2.0681422E-04
       924  1.2462888E-02  2.0889257E-04
       925  1.2525359E-02  2.1099179E-04
       926  1.2588142E-02  2.1311211E-04
       927  1.2651241E-02  2.1525374E-04
       928  1.2714655E-02  2.1741689E-04
       929  1.2778388E-02  2.1960177E-04
       930  1.2842440E-02  2.2180861E-04
       931  1.2906813E-02  2.2403763E-04
       932  1.2971508E-02  2.2628904E-04
       933  1.3036528E-02  2.2856307E-04
       934  1.3101874E-02  2.3085996E-04
       935  1.3167547E-02  2.3317992E-04
       936  1.3233550E-02  2.3552320E-04
       937  1.3299884E-02  2.3789002E-04
       938  1.3366549E-02  2.4028063E-04
       939  1.3433550E-02  2.4269525E-04
       940  1.3500886E-02  2.4513414E-04
       941  1.3568559E-02  2.4759753E-04
       942  1.3636572E-02  2.5008568E-04
       943  1.3704925E-02  2.5259883E-04
       944  1.3773622E-02  2.5513723E-04
       945  1.3842662E-02  2.5770114E-04
       946  1.3912049E-02  2.6029081E-04
       947  1.3981783E-02  2.6290650E-04
       948  1.4051867E-02  2.6554847E-04
       949  1.4122302E-02  2.6821699E-04
       950  1.4193091E-02  2.7091233E-04
       951  1.4264234E-02  2.7363474E-04
       952  1.4335734E-02  2.7638451E-04
       953  1.4407592E-02  2.7916191E-04
       954  1.4479810E-02  2.8196722E-04
       955  1.4552391E-02  2.8480072E-04
       956  1.4625335E-02  2.8766268E-04
       957  1.4698645E-02  2.9055340E-04
       958  1.4772322E-02  2.9347317E-04
       959  1.4846368E-02  2.9642227E-04
       960  1.4920786E-02  2.9940101E-04
       961  1.4995577E-02  3.0240968E-04
       962  1.5070742E-02  3.0544857E-04
       963  1.5146285E-02  3.0851800E-04
       964  1.5222206E-02  3.1161827E-04
       965  1.5298508E-02  3.1474969E-04
       966  1.5375192E-02  3.1791258E-04
       967  1.5452260E-02  3.2110724E-04
       968  1.5529715E-02  3.2433401E-04
       969  1.5607558E-02  3.2759319E-04
       970  1.5685791E-02  3.3088512E-04
       971  1.5764416E-02  3.3421012E-04
       972  1.5843436E-02  3.3756854E-04
       973  1.5922852E-02  3.4096070E-04
       974  1.6002665E-02  3.4438694E-04
       975  1.6082879E-02  3.4784760E-04
       976  1.6163495E-02  3.5134303E-04
       977  1.6244514E-02  3.5487359E-04
       978  1.6325940E-02  3.5843962E-04
       979  1.6407775E-02  3.6204147E-04
       980  1.6490019E-02  3.6567952E-04
       981  1.6572675E-02  3.6935411E-04
       982  1.6655746E-02  3.7306563E-04
       983  1.6739234E-02  3.7681444E-04
       984  1.6823139E-02  3.8060091E-04
       985  1.6907466E-02  3.8442542E-04
       986  1.6992215E-02  3.8828836E-04
       987  1.7077389E-02  3.9219011E-04
       988  1.7162989E-02  3.9613106E-04
       989  1.7249019E-02  4.0011161E-04
       990  1.7335480E-02  4.0413215E-04
       991  1.7422375E-02  4.0819308E-04
       992  1.7509705E-02  4.1229481E-04
       993  1.7597472E-02  4.1643775E-04
       994  1.7685680E-02  4.2062231E-04
       995  1.7774330E-02  4.2484892E-04
       996  1.7863424E-02  4.2911799E-04
       997  1.7952965E-02  4.3342995E-04
       998  1.8042955E-02  4.3778523E-04
       999  1.8133395E-02  4.4218426E-04
      1000  1.8224289E-02  4.4662750E-04
      1001  1.8315639E-02  4.5111537E-04
      1002  1.8407446E-02  4.5564832E-04
      1003  1.8499714E-02  4.6022682E-04
      1004  1.8592444E-02  4.6485132E-04
      1005  1.8685639E-02  4.6952227E-04
      1006  1.8779301E-02  4.7424015E-04
      1007  1.8873433E-02  4.7900543E-04
      1008  1.8968037E-02  4.8381859E-04
      1009  1.9063114E-02  4.8868009E-04
      1010  1.9158669E-02  4.9359044E-04
      1011  1.9254702E-02  4.9855011E-04
      1012  1.9351216E-02  5.0355962E-04
      1013  1.9448215E-02  5.0861944E-04
      1014  1.9545699E-02  5.1373010E-04
      1015  1.9643673E-02  5.1889210E-04
      1016  1.9742137E-02  5.2410596E-04
      1017  1.9841095E-02  5.2937220E-04
      1018  1.9940549E-02  5.3469134E-04
      1019  2.0040501E-02  5.4006391E-04
      1020  2.0140954E-02  5.4549046E-04
      1021  2.0241911E-02  5.5097152E-04
      1022  2.0343374E-02  5.5650765E-04
      1023  2.0445346E-02  5.6209938E-04
      1024  2.0547829E-02  5.6774729E-04
      1025  2.0650825E-02  5.7345194E-04
      1026  2.0754338E-02  5.7921389E-04
      1027  2.0858369E-02  5.8503372E-04
      1028  2.0962922E-02  5.9091202E-04
      1029  2.1068000E-02  5.9684936E-04
      1030  2.1173603E-02  6.0284635E-04
      1031  2.1279736E-02  6.0890358E-04
      1032  2.1386402E-02  6.1502166E-04
      1033  2.1493601E-02  6.2120119E-04
      1034  2.1601338E-02  6.2744280E-04
      1035  2.1709616E-02  6.3374710E-04
      1036  2.1818436E-02  6.4011473E-04
      1037  2.1927801E-02  6.4654633E-04
      1038  2.2037714E-02  6.5304253E-04
      1039  2.2148179E-02  6.5960398E-04
      1040  2.2259197E-02  6.6623134E-04
      1041  2.2370772E-02  6.7292528E-04
      1042  2.2482906E-02  6.7968645E-04
      1043  2.2595602E-02  6.8651553E-04
      1044  2.2708863E-02  6.9341321E-04
      1045  2.2822691E-02  7.0038018E-04
      1046  2.2937091E-02  7.0741712E-04
      1047  2.3052063E-02  7.1452475E-04
      1048  2.3167612E-02  7.2170377E-04
      1049  2.3283740E-02  7.2895489E-04
      1050  2.3400451E-02  7.3627885E-04
      1051  2.3517746E-02  7.4367637E-04
      1052  2.3635629E-02  7.5114820E-04
      1053  2.3754103E-02  7.5869507E-04
      1054  2.3873171E-02  7.6631774E-04
      1055  2.3992836E-02  7.7401698E-04
      1056  2.4113100E-02  7.8179354E-04
      1057  2.4233968E-02  7.8964821E-04
      1058  2.4355441E-02  7.9758178E-04
      1059  2.4477523E-02  8.0559502E-04
      1060  2.4600217E-02  8.1368875E-04
      1061  2.4723526E-02  8.2186376E-04
      1062  2.4847454E-02  8.3012089E-04
      1063  2.4972002E-02  8.3846094E-04
      1064  2.5097175E-02  8.4688476E-04
      1065  2.5222975E-02  8.5539317E-04
      1066  2.5349406E-02  8.6398704E-04
      1067  2.5476470E-02  8.7266722E-04
      1068  2.5604171E-02  8.8143458E-04
      1069  2.5732513E-02  8.9028999E-04
      1070  2.5861497E-02  8.9923433E-04
      1071  2.5991129E-02  9.0826850E-04
      1072  2.6121410E-02  9.1739340E-04
      1073  2.6252344E-02  9.2660993E-04
      1074  2.6383934E-02  9.3591903E-04
      1075  2.6516184E-02  9.4532161E-04
      1076  2.6649097E-02  9.5481862E-04
      1077  2.6782676E-02  9.6441100E-04
      1078  2.6916925E-02  9.7409971E-04
      1079  2.7051847E-02  9.8388572E-04
      1080  2.7187445E-02  9.9377000E-04
      1081  2.7323722E-02  1.0037535E-03
      1082  2.7460683E-02  1.0138373E-03
      1083  2.7598330E-02  1.0240224E-03
      1084  2.7736668E-02  1.0343097E-03
      1085  2.7875698E-02  1.0447004E-03
      1086  2.8015426E-02  1.0551953E-03
      1087  2.8155854E-02  1.0657957E-03
      1088  2.8296985E-02  1.0765025E-03
      1089  2.8438825E-02  1.0873168E-03
      1090  2.8581375E-02  1.0982397E-03
      1091  2.8724640E-02  1.1092723E-03
      1092  2.8868623E-02  1.1204157E-03
      1093  2.9013327E-02  1.1316710E-03
      1094  2.9158757E-02  1.1430392E-03
      1095  2.9304916E-02  1.1545217E-03
      1096  2.9451807E-02  1.1661194E-03
      1097  2.9599435E-02  1.1778336E-03
      1098  2.9747803E-02  1.1896653E-03
      1099  2.9896914E-02  1.2016159E-03
      1100  3.0046773E-02  1.2136865E-03
      1101  3.0197383E-02  1.2258783E-03
      1102  3.0348748E-02  1.2381924E-03
      1103  3.0500872E-02  1.2506302E-03
      1104  3.0653758E-02  1.2631929E-03
      1105  3.0807411E-02  1.2758817E-03
      1106  3.0961834E-02  1.2886979E-03
      1107  3.1117031E-02  1.3016428E-03
      1108  3.1273005E-02  1.3147177E-03
      1109  3.1429762E-02  1.3279238E-03
      1110  3.1587304E-02  1.3412625E-03
      1111  3.1745636E-02  1.3547350E-03
      1112  3.1904762E-02  1.3683429E-03
      1113  3.2064685E-02  1.3820874E-03
      1114  3.2225410E-02  1.3959698E-03
      1115  3.2386941E-02  1.4099916E-03
      1116  3.2549281E-02  1.4241542E-03
      1117  3.2712435E-02  1.4384589E-03
      1118  3.2876407E-02  1.4529073E-03
      1119  3.3041200E-02  1.4675006E-03
      1120  3.3206820E-02  1.4822405E-03
      1121  3.3373270E-02  1.4971284E-03
      1122  3.3540554E-02  1.5121656E-03
      1123  3.3708677E-02  1.5273538E-03
      1124  3.3877642E-02  1.5426945E-03
      1125  3.4047455E-02  1.5581892E-03
      1126  3.4218118E-02  1.5738394E-03
      1127  3.4389637E-02  1.5896467E-03
      1128  3.4562016E-02  1.6056126E-03
      1129  3.4735259E-02  1.6217388E-03
      1130  3.4909370E-02  1.6380268E-03
      1131  3.5084354E-02  1.6544784E-03
      1132  3.5260215E-02  1.6710950E-03
      1133  3.5436958E-02  1.6878785E-03
      1134  3.5614586E-02  1.7048303E-03
      1135  3.5793105E-02  1.7219524E-03
      1136  3.5972519E-02  1.7392462E-03
      1137  3.6152832E-02  1.7567136E-03
      1138  3.6334049E-02  1.7743563E-03
      1139  3.6516174E-02  1.7921761E-03
      1140  3.6699212E-02  1.8101747E-03
      1141  3.6883167E-02  1.8283540E-03
      1142  3.7068045E-02  1.8467156E-03
      1143  3.7253849E-02  1.8652616E-03
      1144  3.7440585E-02  1.8839936E-03
      1145  3.7628257E-02  1.9029136E-03
      1146  3.7816869E-02  1.9220235E-03
      1147  3.8006427E-02  1.9413251E-03
      1148  3.8196935E-02  1.9608205E-03
      1149  3.8388398E-02  1.9805114E-03
      1150  3.8580821E-02  2.0003999E-03
      1151  3.8774208E-02  2.0204880E-03
      1152  3.8968564E-02  2.0407776E-03
      1153  3.9163895E-02  2.0612709E-03
      1154  3.9360205E-02  2.0819697E-03
      1155  3.9557499E-02  2.1028762E-03
      1156  3.9755782E-02  2.1239925E-03
      1157  3.9955058E-02  2.1453206E-03
      1158  4.0155334E-02  2.1668627E-03
      1159  4.0356613E-02  2.1886210E-03
      1160  4.0558902E-02  2.2105975E-03
      1161  4.0762204E-02  2.2327945E-03
      1162  4.0966525E-02  2.2552142E-03
      1163  4.1171871E-02  2.2778588E-03
      1164  4.1378246E-02  2.3007305E-03
      1165  4.1585655E-02  2.3238317E-03
      1166  4.1794104E-02  2.3471647E-03
      1167  4.2003598E-02  2.3707317E-03
      1168  4.2214142E-02  2.3945350E-03
      1169  4.2425741E-02  2.4185772E-03
      1170  4.2638401E-02  2.4428605E-03
      1171  4.2852127E-02  2.4673874E-03
      1172  4.3066924E-02  2.4921603E-03
      1173  4.3282798E-02  2.5171817E-03
      1174  4.3499754E-02  2.5424540E-03
      1175  4.3717797E-02  2.5679798E-03
      1176  4.3936934E-02  2.5937616E-03
      1177  4.4157168E-02  2.6198019E-03
      1178  4.4378507E-02  2.6461035E-03
      1179  4.4600955E-02  2.6726688E-03
      1180  4.4824519E-02  2.6995005E-03
      1181  4.5049202E-02  2.7266013E-03
      1182  4.5275012E-02  2.7539738E-03
      1183  4.5501954E-02  2.7816209E-03
      1184  4.5730034E-02  2.8095452E-03
      1185  4.5959257E-02  2.8377494E-03
      1186  4.6189628E-02  2.8662365E-03
      1187  4.6421155E-02  2.8950093E-03
      1188  4.6653842E-02  2.9240705E-03
      1189  4.6887695E-02  2.9534231E-03
      1190  4.7122721E-02  2.9830700E-03
      1191  4.7358924E-02  3.0130142E-03
      1192  4.7596312E-02  3.0432585E-03
      1193  4.7834889E-02  3.0738061E-03
      1194  4.8074663E-02  3.1046599E-03
      1195  4.8315638E-02  3.1358231E-03
      1196  4.8557821E-02  3.1672986E-03
      1197  4.8801218E-02  3.1990897E-03
      1198  4.9045835E-02  3.2311994E-03
      1199  4.9291679E-02  3.2636310E-03
      1200  4.9538754E-02  3.2963877E-03
      1201  4.9787068E-02  3.3294728E-03
      1202  5.0036627E-02  3.3628894E-03
      1203  5.0287437E-02  3.3966410E-03
      1204  5.0539504E-02  3.4307309E-03
      1205  5.0792834E-02  3.4651624E-03
      1206  5.1047434E-02  3.4999390E-03
      1207  5.1303310E-02  3.5350641E-03
      1208  5.1560469E-02  3.5705413E-03
      1209  5.1818917E-02  3.6063739E-03
      1210  5.2078661E-02  3.6425656E-03
      1211  5.2339706E-02  3.6791200E-03
      1212  5.2602060E-02  3.7160407E-03
      1213  5.2865729E-02  3.7533314E-03
      1214  5.3130719E-02  3.7909956E-03
      1215  5.3397038E-02  3.8290373E-03
      1216  5.3664692E-02  3.8674601E-03
      1217  5.3933687E-02  3.9062678E-03
      1218  5.4204031E-02  3.9454644E-03
      1219  5.4475730E-02  3.9850536E-03
      1220  5.4748791E-02  4.0250394E-03
      1221  5.5023220E-02  4.0654258E-03
      1222  5.5299025E-02  4.1062167E-03
      1223  5.5576213E-02  4.1474162E-03
      1224  5.5854790E-02  4.1890284E-03
      1225  5.6134763E-02  4.2310575E-03
      1226  5.6416140E-02  4.2735074E-03
      1227  5.6698927E-02  4.3163825E-03
      1228  5.6983131E-02  4.3596871E-03
      1229  5.7268760E-02  4.4034253E-03
      1230  5.7555821E-02  4.4476015E-03
      1231  5.7844321E-02  4.4922201E-03
      1232  5.8134267E-02  4.5372855E-03
      1233  5.8425666E-02  4.5828022E-03
      1234  5.8718526E-02  4.6287746E-03
      1235  5.9012854E-02  4.6752073E-03
      1236  5.9308657E-02  4.7221049E-03
      1237  5.9605943E-02  4.7694721E-03
      1238  5.9904719E-02  4.8173135E-03
      1239  6.0204992E-02  4.8656338E-03
      1240  6.0506771E-02  4.9144378E-03
      1241  6.0810063E-02  4.9637304E-03
      1242  6.1114874E-02  5.0135164E-03
      1243  6.1421214E-02  5.0638007E-03
      1244  6.1729089E-02  5.1145883E-03
      1245  6.2038507E-02  5.1658842E-03
      1246  6.2349477E-02  5.2176936E-03
      1247  6.2662005E-02  5.2700214E-03
      1248  6.2976099E-02  5.3228729E-03
      1249  6.3291768E-02  5.3762532E-03
      1250  6.3609020E-02  5.4301678E-03
      1251  6.3927861E-02  5.4846218E-03
      1252  6.4248301E-02  5.5396206E-03
      1253  6.4570347E-02  5.5951697E-03
      1254  6.4894007E-02  5.6512746E-03
      1255  6.5219290E-02  5.7079408E-03
      1256  6.5546203E-02  5.7651738E-03
      1257  6.5874754E-02  5.8229794E-03
      1258  6.6204953E-02  5.8813632E-03
      1259  6.6536807E-02  5.9403309E-03
      1260  6.6870324E-02  5.9998885E-03
      1261  6.7205513E-02  6.0600417E-03
      1262  6.7542382E-02  6.1207965E-03
      1263  6.7880939E-02  6.1821589E-03
      1264  6.8221194E-02  6.2441349E-03
      1265  6.8563154E-02  6.3067307E-03
      1266  6.8906828E-02  6.3699523E-03
      1267  6.9252225E-02  6.4338060E-03
      1268  6.9599354E-02  6.4982982E-03
      1269  6.9948222E-02  6.5634351E-03
      1270  7.0298839E-02  6.6292232E-03
      1271  7.0651213E-02  6.6956689E-03
      1272  7.1005354E-02  6.7627788E-03
      1273  7.1361270E-02  6.8305594E-03
      1274  7.1718969E-02  6.8990175E-03
      1275  7.2078462E-02  6.9681598E-03
      1276  7.2439757E-02  7.0379931E-03
      1277  7.2802863E-02  7.1085242E-03
      1278  7.3167789E-02  7.1797601E-03
      1279  7.3534544E-02  7.2517077E-03
      1280  7.3903137E-02  7.3243743E-03
      1281  7.4273578E-02  7.3977668E-03
      1282  7.4645876E-02  7.4718924E-03
      1283  7.5020040E-02  7.5467586E-03
      1284  7.5396080E-02  7.6223726E-03
      1285  7.5774004E-02  7.6987418E-03
      1286  7.6153823E-02  7.7758738E-03
      1287  7.6535545E-02  7.8537761E-03
      1288  7.6919181E-02  7.9324564E-03
      1289  7.7304740E-02  8.0119223E-03
      1290  7.7692232E-02  8.0921817E-03
      1291  7.8081666E-02  8.1732424E-03
      1292  7.8473052E-02  8.2551124E-03
      1293  7.8866400E-02  8.3377998E-03
      1294  7.9261719E-02  8.4213125E-03
      1295  7.9659020E-02  8.5056589E-03
      1296  8.0058313E-02  8.5908471E-03
      1297  8.0459607E-02  8.6768855E-03
      1298  8.0862912E-02  8.7637825E-03
      1299  8.1268239E-02  8.8515467E-03
      1300  8.1675598E-02  8.9401866E-03
      1301  8.2084999E-02  9.0297109E-03
      1302  8.2496451E-02  9.1201284E-03
      1303  8.2909967E-02  9.2114478E-03
      1304  8.3325555E-02  9.3036782E-03
      1305  8.3743226E-02  9.3968286E-03
      1306  8.4162990E-02  9.4909079E-03
      1307  8.4584859E-02  9.5859256E-03
      1308  8.5008842E-02  9.6818908E-03
      1309  8.5434951E-02  9.7788128E-03
      1310  8.5863195E-02  9.8767013E-03
      1311  8.6293586E-02  9.9755656E-03
      1312  8.6726135E-02  1.0075416E-02
      1313  8.7160851E-02  1.0176261E-02
      1314  8.7597747E-02  1.0278111E-02
      1315  8.8036833E-02  1.0380977E-02
      1316  8.8478119E-02  1.0484867E-02
      1317  8.8921617E-02  1.0589793E-02
      1318  8.9367339E-02  1.0695765E-02
      1319  8.9815295E-02  1.0802792E-02
      1320  9.0265496E-02  1.0910885E-02
      1321  9.0717953E-02  1.1020055E-02
      1322  9.1172679E-02  1.1130313E-02
      1323  9.1629684E-02  1.1241668E-02
      1324  9.2088980E-02  1.1354133E-02
      1325  9.2550578E-02  1.1467717E-02
      1326  9.3014489E-02  1.1582432E-02
      1327  9.3480726E-02  1.1698290E-02
      1328  9.3949300E-02  1.1815301E-02
      1329  9.4420223E-02  1.1933476E-02
      1330  9.4893507E-02  1.2052828E-02
      1331  9.5369162E-02  1.2173367E-02
      1332  9.5847202E-02  1.2295106E-02
      1333  9.6327638E-02  1.2418056E-02
      1334  9.6810483E-02  1.2542230E-02
      1335  9.7295747E-02  1.2667638E-02
      1336  9.7783444E-02  1.2794294E-02
      1337  9.8273586E-02  1.2922210E-02
      1338  9.8766184E-02  1.3051398E-02
      1339  9.9261252E-02  1.3181871E-02
      1340  9.9758801E-02  1.3313640E-02
      1341  1.0025884E-01  1.3446720E-02
      1342  1.0076139E-01  1.3581123E-02
      1343  1.0126646E-01  1.3716861E-02
      1344  1.0177406E-01  1.3853949E-02
      1345  1.0228421E-01  1.3992398E-02
      1346  1.0279691E-01  1.4132224E-02
      1347  1.0331218E-01  1.4273438E-02
      1348  1.0383003E-01  1.4416055E-02
      1349  1.0435048E-01  1.4560089E-02
      1350  1.0487354E-01  1.4705553E-02
      1351  1.0539922E-01  1.4852462E-02
      1352  1.0592754E-01  1.5000829E-02
      1353  1.0645850E-01  1.5150669E-02
      1354  1.0699213E-01  1.5301997E-02
      1355  1.0752843E-01  1.5454826E-02
      1356  1.0806742E-01  1.5609173E-02
      1357  1.0860911E-01  1.5765050E-02
      1358  1.0915351E-01  1.5922475E-02
      1359  1.0970065E-01  1.6081460E-02
      1360  1.1025053E-01  1.6242023E-02
      1361  1.1080316E-01  1.6404178E-02
      1362  1.1135856E-01  1.6567942E-02
      1363  1.1191675E-01  1.6733328E-02
      1364  1.1247773E-01  1.6900355E-02
      1365  1.1304153E-01  1.7069036E-02
      1366  1.1360815E-01  1.7239390E-02
      1367  1.1417762E-01  1.7411432E-02
      1368  1.1474993E-01  1.7585178E-02
      1369  1.1532512E-01  1.7760645E-02
      1370  1.1590319E-01  1.7937850E-02
      1371  1.1648416E-01  1.8116810E-02
      1372  1.1706804E-01  1.8297543E-02
      1373  1.1765484E-01  1.8480064E-02
      1374  1.1824459E-01  1.8664392E-02
      1375  1.1883729E-01  1.8850545E-02
      1376  1.1943297E-01  1.9038540E-02
      1377  1.2003163E-01  1.9228394E-02
      1378  1.2063329E-01  1.9420127E-02
      1379  1.2123797E-01  1.9613757E-02
      1380  1.2184567E-01  1.9809301E-02
      1381  1.2245643E-01  2.0006779E-02
      1382  1.2307024E-01  2.0206209E-02
      1383  1.2368714E-01  2.0407610E-02
      1384  1.2430712E-01  2.0611002E-02
      1385  1.2493021E-01  2.0816403E-02
      1386  1.2555643E-01  2.1023834E-02
      1387  1.2618578E-01  2.1233314E-02
      1388  1.2681829E-01  2.1444862E-02
      1389  1.2745397E-01  2.1658499E-02
      1390  1.2809284E-01  2.1874246E-02
      1391  1.2873490E-01  2.2092122E-02
      1392  1.2938019E-01  2.2312148E-02
      1393  1.3002871E-01  2.2534345E-02
      1394  1.3068048E-01  2.2758734E-02
      1395  1.3133552E-01  2.2985336E-02
      1396  1.3199384E-01  2.3214173E-02
      1397  1.3265547E-01  2.3445266E-02
      1398  1.3332040E-01  2.3678637E-02
      1399  1.3398867E-01  2.3914308E-02
      1400  1.3466030E-01  2.4152302E-02
      1401  1.3533528E-01  2.4392639E-02
      1402  1.3601365E-01  2.4635344E-02
      1403  1.3669543E-01  2.4880440E-02
      1404  1.3738061E-01  2.5127948E-02
      1405  1.3806924E-01  2.5377892E-02
      1406  1.3876131E-01  2.5630297E-02
      1407  1.3945686E-01  2.5885184E-02
      1408  1.4015589E-01  2.6142579E-02
      1409  1.4085842E-01  2.6402506E-02
      1410  1.4156448E-01  2.6664988E-02
      1411  1.4227407E-01  2.6930051E-02
      1412  1.4298722E-01  2.7197719E-02
      1413  1.4370395E-01  2.7468017E-02
      1414  1.4442427E-01  2.7740970E-02
      1415  1.4514820E-01  2.8016604E-02
      1416  1.4587576E-01  2.8294944E-02
      1417  1.4660696E-01  2.8576017E-02
      1418  1.4734183E-01  2.8859849E-02
      1419  1.4808039E-01  2.9146465E-02
      1420  1.4882264E-01  2.9435893E-02
      1421  1.4956862E-01  2.9728160E-02
      1422  1.5031834E-01  3.0023292E-02
      1423  1.5107181E-01  3.0321317E-02
      1424  1.5182906E-01  3.0622263E-02
      1425  1.5259011E-01  3.0926157E-02
      1426  1.5335497E-01  3.1233028E-02
      1427  1.5412366E-01  3.1542903E-02
      1428  1.5489621E-01  3.1855812E-02
      1429  1.5567263E-01  3.2171784E-02
      1430  1.5645294E-01  3.2490847E-02
      1431  1.5723717E-01  3.2813030E-02
      1432  1.5802532E-01  3.3138365E-02
      1433  1.5881743E-01  3.3466879E-02
      1434  1.5961350E-01  3.3798605E-02
      1435  1.6041357E-01  3.4133571E-02
      1436  1.6121764E-01  3.4471809E-02
      1437  1.6202575E-01  3.4813350E-02
      1438  1.6283791E-01  3.5158225E-02
      1439  1.6365414E-01  3.5506466E-02
      1440  1.6447446E-01  3.5858104E-02
      1441  1.6529889E-01  3.6213171E-02
      1442  1.6612745E-01  3.6571701E-02
      1443  1.6696017E-01  3.6933724E-02
      1444  1.6779706E-01  3.7299275E-02
      1445  1.6863815E-01  3.7668387E-02
      1446  1.6948345E-01  3.8041093E-02
      1447  1.7033299E-01  3.8417427E-02
      1448  1.7118679E-01  3.8797423E-02
      1449  1.7204486E-01  3.9181116E-02
      1450  1.7290724E-01  3.9568540E-02
      1451  1.7377394E-01  3.9959730E-02
      1452  1.7464499E-01  4.0354722E-02
      1453  1.7552040E-01  4.0753550E-02
      1454  1.7640020E-01  4.1156252E-02
      1455  1.7728441E-01  4.1562863E-02
      1456  1.7817305E-01  4.1973420E-02
      1457  1.7906615E-01  4.2387960E-02
      1458  1.7996372E-01  4.2806519E-02
      1459  1.8086579E-01  4.3229135E-02
      1460  1.8177239E-01  4.3655847E-02
      1461  1.8268352E-01  4.4086692E-02
      1462  1.8359923E-01  4.4521708E-02
      1463  1.8451952E-01  4.4960935E-02
      1464  1.8544443E-01  4.5404411E-02
      1465  1.8637398E-01  4.5852176E-02
      1466  1.8730818E-01  4.6304270E-02
      1467  1.8824707E-01  4.6760733E-02
      1468  1.8919066E-01  4.7221604E-02
      1469  1.9013898E-01  4.7686926E-02
      1470  1.9109206E-01  4.8156738E-02
      1471  1.9204991E-01  4.8631083E-02
      1472  1.9301256E-01  4.9110002E-02
      1473  1.9398004E-01  4.9593538E-02
      1474  1.9495237E-01  5.0081732E-02
      1475  1.9592957E-01  5.0574628E-02
      1476  1.9691168E-01  5.1072268E-02
      1477  1.9789870E-01  5.1574697E-02
      1478  1.9889067E-01  5.2081958E-02
      1479  1.9988761E-01  5.2594095E-02
      1480  2.0088955E-01  5.3111153E-02
      1481  2.0189652E-01  5.3633178E-02
      1482  2.0290853E-01  5.4160213E-02
      1483  2.0392561E-01  5.4692306E-02
      1484  2.0494779E-01  5.5229501E-02
      1485  2.0597510E-01  5.5771846E-02
      1486  2.0700755E-01  5.6319387E-02
      1487  2.0804518E-01  5.6872171E-02
      1488  2.0908801E-01  5.7430247E-02
      1489  2.1013607E-01  5.7993661E-02
      1490  2.1118938E-01  5.8562462E-02
      1491  2.1224797E-01  5.9136698E-02
      1492  2.1331187E-01  5.9716420E-02
      1493  2.1438110E-01  6.0301676E-02
      1494  2.1545569E-01  6.0892516E-02
      1495  2.1653567E-01  6.1488990E-02
      1496  2.1762106E-01  6.2091148E-02
      1497  2.1871189E-01  6.2699043E-02
      1498  2.1980818E-01  6.3312725E-02
      1499  2.2090998E-01  6.3932245E-02
      1500  2.2201729E-01  6.4557657E-02
      1501  2.2313016E-01  6.5189012E-02
      1502  2.2424860E-01  6.5826364E-02
      1503  2.2537266E-01  6.6469765E-02
      1504  2.2650234E-01  6.7119271E-02
      1505  2.2763769E-01  6.7774934E-02
      1506  2.2877873E-01  6.8436809E-02
      1507  2.2992549E-01  6.9104952E-02
      1508  2.3107799E-01  6.9779417E-02
      1509  2.3223627E-01  7.0460261E-02
      1510  2.3340036E-01  7.1147539E-02
      1511  2.3457029E-01  7.1841309E-02
      1512  2.3574608E-01  7.2541627E-02
      1513  2.3692776E-01  7.3248550E-02
      1514  2.3811536E-01  7.3962136E-02
      1515  2.3930892E-01  7.4682445E-02
      1516  2.4050846E-01  7.5409533E-02
      1517  2.4171402E-01  7.6143461E-02
      1518  2.4292561E-01  7.6884287E-02
      1519  2.4414328E-01  7.7632072E-02
      1520  2.4536706E-01  7.8386876E-02
      1521  2.4659696E-01  7.9148760E-02
      1522  2.4783304E-01  7.9917785E-02
      1523  2.4907530E-01  8.0694012E-02
      1524  2.5032380E-01  8.1477503E-02
      1525  2.5157855E-01  8.2268321E-02
      1526  2.5283960E-01  8.3066529E-02
      1527  2.5410696E-01  8.3872189E-02
      1528  2.5538068E-01  8.4685366E-02
      1529  2.5666078E-01  8.5506124E-02
      1530  2.5794729E-01  8.6334526E-02
      1531  2.5924026E-01  8.7170639E-02
      1532  2.6053971E-01  8.8014527E-02
      1533  2.6184567E-01  8.8866256E-02
      1534  2.6315818E-01  8.9725892E-02
      1535  2.6447726E-01  9.0593502E-02
      1536  2.6580296E-01  9.1469153E-02
      1537  2.6713530E-01  9.2352912E-02
      1538  2.6847432E-01  9.3244847E-02
      1539  2.6982006E-01  9.4145027E-02
      1540  2.7117254E-01  9.5053520E-02
      1541  2.7253179E-01  9.5970395E-02
      1542  2.7389786E-01  9.6895722E-02
      1543  2.7527078E-01  9.7829570E-02
      1544  2.7665058E-01  9.8772011E-02
      1545  2.7803730E-01  9.9723114E-02
      1546  2.7943097E-01  1.0068295E-01
      1547  2.8083162E-01  1.0165159E-01
      1548  2.8223930E-01  1.0262911E-01
      1549  2.8365403E-01  1.0361558E-01
      1550  2.8507585E-01  1.0461108E-01
      1551  2.8650480E-01  1.0561566E-01
      1552  2.8794091E-01  1.0662942E-01
      1553  2.8938422E-01  1.0765242E-01
      1554  2.9083476E-01  1.0868474E-01
      1555  2.9229258E-01  1.0972645E-01
      1556  2.9375770E-01  1.1077763E-01
      1557  2.9523017E-01  1.1183835E-01
      1558  2.9671001E-01  1.1290869E-01
      1559  2.9819728E-01  1.1398873E-01
      1560  2.9969200E-01  1.1507854E-01
      1561  3.0119421E-01  1.1617820E-01
      1562  3.0270395E-01  1.1728778E-01
      1563  3.0422126E-01  1.1840737E-01
      1564  3.0574618E-01  1.1953704E-01
      1565  3.0727874E-01  1.2067687E-01
      1566  3.0881898E-01  1.2182694E-01
      1567  3.1036694E-01  1.2298732E-01
      1568  3.1192266E-01  1.2415811E-01
      1569  3.1348618E-01  1.2533938E-01
      1570  3.1505754E-01  1.2653120E-01
      1571  3.1663677E-01  1.2773366E-01
      1572  3.1822392E-01  1.2894684E-01
      1573  3.1981902E-01  1.3017082E-01
      1574  3.2142212E-01  1.3140569E-01
      1575  3.2303326E-01  1.3265151E-01
      1576  3.2465247E-01  1.3390839E-01
      1577  3.2627979E-01  1.3517639E-01
      1578  3.2791528E-01  1.3645560E-01
      1579  3.2955896E-01  1.3774610E-01
      1580  3.3121088E-01  1.3904799E-01
      1581  3.3287108E-01  1.4036133E-01
      1582  3.3453961E-01  1.4168621E-01
      1583  3.3621649E-01  1.4302273E-01
      1584  3.3790179E-01  1.4437095E-01
      1585  3.3959553E-01  1.4573097E-01
      1586  3.4129776E-01  1.4710288E-01
      1587  3.4300852E-01  1.4848674E-01
      1588  3.4472785E-01  1.4988266E-01
      1589  3.4645581E-01  1.5129071E-01
      1590  3.4819243E-01  1.5271099E-01
      1591  3.4993775E-01  1.5414357E-01
      1592  3.5169182E-01  1.5558854E-01
      1593  3.5345468E-01  1.5704599E-01
      1594  3.5522638E-01  1.5851600E-01
      1595  3.5700696E-01  1.5999867E-01
      1596  3.5879647E-01  1.6149407E-01
      1597  3.6059494E-01  1.6300229E-01
      1598  3.6240243E-01  1.6452342E-01
      1599  3.6421898E-01  1.6605754E-01
      1600  3.6604463E-01  1.6760475E-01
      1601  3.6787944E-01  1.6916512E-01
      1602  3.6972344E-01  1.7073875E-01
      1603  3.7157669E-01  1.7232572E-01
      1604  3.7343923E-01  1.7392611E-01
      1605  3.7531110E-01  1.7554002E-01
      1606  3.7719235E-01  1.7716753E-01
      1607  3.7908304E-01  1.7880873E-01
      1608  3.8098320E-01  1.8046370E-01
      1609  3.8289289E-01  1.8213253E-01
      1610  3.8481214E-01  1.8381530E-01
      1611  3.8674102E-01  1.8551211E-01
      1612  3.8867957E-01  1.8722303E-01
      1613  3.9062784E-01  1.8894816E-01
      1614  3.9258587E-01  1.9068757E-01
      1615  3.9455371E-01  1.9244136E-01
      1616  3.9653142E-01  1.9420961E-01
      1617  3.9851904E-01  1.9599240E-01
      1618  4.0051663E-01  1.9778982E-01
      1619  4.0252422E-01  1.9960196E-01
      1620  4.0454189E-01  2.0142889E-01
      1621  4.0656966E-01  2.0327070E-01
      1622  4.0860760E-01  2.0512748E-01
      1623  4.1065575E-01  2.0699931E-01
      1624  4.1271417E-01  2.0888626E-01
      1625  4.1478291E-01  2.1078843E-01
      1626  4.1686202E-01  2.1270589E-01
      1627  4.1895155E-01  2.1463873E-01
      1628  4.2105155E-01  2.1658702E-01
      1629  4.2316208E-01  2.1855085E-01
      1630  4.2528319E-01  2.2053029E-01
      1631  4.2741493E-01  2.2252543E-01
      1632  4.2955736E-01  2.2453634E-01
      1633  4.3171052E-01  2.2656311E-01
      1634  4.3387448E-01  2.2860580E-01
      1635  4.3604929E-01  2.3066450E-01
      1636  4.3823499E-01  2.3273928E-01
      1637  4.4043165E-01  2.3483021E-01
      1638  4.4263933E-01  2.3693737E-01
      1639  4.4485807E-01  2.3906083E-01
      1640  4.4708793E-01  2.4120067E-01
      1641  4.4932896E-01  2.4335696E-01
      1642  4.5158123E-01  2.4552976E-01
      1643  4.5384480E-01  2.4771915E-01
      1644  4.5611970E-01  2.4992519E-01
      1645  4.5840601E-01  2.5214796E-01
      1646  4.6070378E-01  2.5438751E-01
      1647  4.6301307E-01  2.5664392E-01
      1648  4.6533393E-01  2.5891724E-01
      1649  4.6766643E-01  2.6120755E-01
      1650  4.7001061E-01  2.6351490E-01
      1651  4.7236655E-01  2.6583935E-01
      1652  4.7473430E-01  2.6818096E-01
      1653  4.7711392E-01  2.7053978E-01
      1654  4.7950546E-01  2.7291589E-01
      1655  4.8190899E-01  2.7530932E-01
      1656  4.8432457E-01  2.7772013E-01
      1657  4.8675226E-01  2.8014838E-01
      1658  4.8919211E-01  2.8259410E-01
      1659  4.9164420E-01  2.8505736E-01
      1660  4.9410857E-01  2.8753820E-01
      1661  4.9658530E-01  2.9003666E-01
      1662  4.9907445E-01  2.9255278E-01
      1663  5.0157607E-01  2.9508660E-01
      1664  5.0409023E-01  2.9763817E-01
      1665  5.0661699E-01  3.0020752E-01
      1666  5.0915642E-01  3.0279468E-01
      1667  5.1170858E-01  3.0539969E-01
      1668  5.1427353E-01  3.0802258E-01
      1669  5.1685133E-01  3.1066338E-01
      1670  5.1944206E-01  3.1332210E-01
      1671  5.2204578E-01  3.1599879E-01
      1672  5.2466254E-01  3.1869344E-01
      1673  5.2729242E-01  3.2140610E-01
      1674  5.2993549E-01  3.2413676E-01
      1675  5.3259180E-01  3.2688545E-01
      1676  5.3526143E-01  3.2965217E-01
      1677  5.3794444E-01  3.3243693E-01
      1678  5.4064090E-01  3.3523974E-01
      1679  5.4335087E-01  3.3806060E-01
      1680  5.4607443E-01  3.4089951E-01
      1681  5.4881164E-01  3.4375647E-01
      1682  5.5156257E-01  3.4663146E-01
      1683  5.5432728E-01  3.4952449E-01
      1684  5.5710586E-01  3.5243552E-01
      1685  5.5989837E-01  3.5536456E-01
      1686  5.6270487E-01  3.5831157E-01
      1687  5.6552544E-01  3.6127653E-01
      1688  5.6836015E-01  3.6425942E-01
      1689  5.7120906E-01  3.6726021E-01
      1690  5.7407226E-01  3.7027886E-01
      1691  5.7694981E-01  3.7331533E-01
      1692  5.7984178E-01  3.7636958E-01
      1693  5.8274825E-01  3.7944156E-01
      1694  5.8566929E-01  3.8253123E-01
      1695  5.8860497E-01  3.8563852E-01
      1696  5.9155536E-01  3.8876339E-01
      1697  5.9452055E-01  3.9190576E-01
      1698  5.9750059E-01  3.9506556E-01
      1699  6.0049558E-01  3.9824274E-01
      1700  6.0350558E-01  4.0143720E-01
      1701  6.0653066E-01  4.0464887E-01
      1702  6.0957091E-01  4.0787766E-01
      1703  6.1262639E-01  4.1112348E-01
      1704  6.1569720E-01  4.1438623E-01
      1705  6.1878339E-01  4.1766582E-01
      1706  6.2188506E-01  4.2096213E-01
      1707  6.2500227E-01  4.2427505E-01
      1708  6.2813511E-01  4.2760447E-01
      1709  6.3128365E-01  4.3095026E-01
      1710  6.3444797E-01  4.3431229E-01
      1711  6.3762815E-01  4.3769043E-01
      1712  6.4082428E-01  4.4108454E-01
      1713  6.4403642E-01  4.4449448E-01
      1714  6.4726467E-01  4.4792008E-01
      1715  6.5050909E-01  4.5136120E-01
      1716  6.5376979E-01  4.5481767E-01
      1717  6.5704682E-01  4.5828931E-01
      1718  6.6034028E-01  4.6177595E-01
      1719  6.6365025E-01  4.6527741E-01
      1720  6.6697681E-01  4.6879349E-01
      1721  6.7032005E-01  4.7232400E-01
      1722  6.7368004E-01  4.7586873E-01
      1723  6.7705687E-01  4.7942747E-01
      1724  6.8045064E-01  4.8300000E-01
      1725  6.8386141E-01  4.8658610E-01
      1726  6.8728928E-01  4.9018553E-01
      1727  6.9073433E-01  4.9379806E-01
      1728  6.9419665E-01  4.9742342E-01
      1729  6.9767633E-01  5.0106137E-01
      1730  7.0117344E-01  5.0471165E-01
      1731  7.0468809E-01  5.0837397E-01
      1732  7.0822035E-01  5.1204806E-01
      1733  7.1177032E-01  5.1573364E-01
      1734  7.1533809E-01  5.1943039E-01
      1735  7.1892373E-01  5.2313803E-01
      1736  7.2252735E-01  5.2685623E-01
      1737  7.2614904E-01  5.3058467E-01
      1738  7.2978887E-01  5.3432302E-01
      1739  7.3344696E-01  5.3807093E-01
      1740  7.3712337E-01  5.4182807E-01
      1741  7.4081822E-01  5.4559407E-01
      1742  7.4453159E-01  5.4936856E-01
      1743  7.4826357E-01  5.5315117E-01
      1744  7.5201425E-01  5.5694150E-01
      1745  7.5578374E-01  5.6073916E-01
      1746  7.5957212E-01  5.6454375E-01
      1747  7.6337949E-01  5.6835484E-01
      1748  7.6720595E-01  5.7217202E-01
      1749  7.7105159E-01  5.7599484E-01
      1750  7.7491650E-01  5.7982286E-01
      1751  7.7880078E-01  5.8365562E-01
      1752  7.8270454E-01  5.8749265E-01
      1753  7.8662786E-01  5.9133347E-01
      1754  7.9057085E-01  5.9517761E-01
      1755  7.9453360E-01  5.9902454E-01
      1756  7.9851622E-01  6.0287378E-01
      1757  8.0251880E-01  6.0672478E-01
      1758  8.0654144E-01  6.1057703E-01
      1759  8.1058425E-01  6.1442998E-01
      1760  8.1464732E-01  6.1828306E-01
      1761  8.1873075E-01  6.2213573E-01
      1762  8.2283466E-01  6.2598739E-01
      1763  8.2695913E-01  6.2983746E-01
      1764  8.3110428E-01  6.3368534E-01
      1765  8.3527021E-01  6.3753042E-01
      1766  8.3945702E-01  6.4137207E-01
      1767  8.4366482E-01  6.4520965E-01
      1768  8.4789370E-01  6.4904251E-01
      1769  8.5214379E-01  6.5287001E-01
      1770  8.5641518E-01  6.5669145E-01
      1771  8.6070798E-01  6.6050617E-01
      1772  8.6502229E-01  6.6431346E-01
      1773  8.6935824E-01  6.6811262E-01
      1774  8.7371591E-01  6.7190292E-01
      1775  8.7809543E-01  6.7568363E-01
      1776  8.8249690E-01  6.7945400E-01
      1777  8.8692044E-01  6.8321329E-01
      1778  8.9136614E-01  6.8696071E-01
      1779  8.9583414E-01  6.9069548E-01
      1780  9.0032452E-01  6.9441682E-01
      1781  9.0483742E-01  6.9812391E-01
      1782  9.0937293E-01  7.0181593E-01
      1783  9.1393119E-01  7.0549206E-01
      1784  9.1851228E-01  7.0915144E-01
      1785  9.2311635E-01  7.1279323E-01
      1786  9.2774349E-01  7.1641655E-01
      1787  9.3239382E-01  7.2002052E-01
      1788  9.3706746E-01  7.2360425E-01
      1789  9.4176453E-01  7.2716683E-01
      1790  9.4648515E-01  7.3070735E-01
      1791  9.5122942E-01  7.3422488E-01
      1792  9.5599748E-01  7.3771847E-01
      1793  9.6078944E-01  7.4118718E-01
      1794  9.6560542E-01  7.4463004E-01
      1795  9.7044553E-01  7.4804607E-01
      1796  9.7530991E-01  7.5143429E-01
      1797  9.8019867E-01  7.5479370E-01
      1798  9.8511194E-01  7.5812329E-01
      1799  9.9004983E-01  7.6142204E-01
      1800  9.9501248E-01  7.6468891E-01
      1801  1.0000000E+00  7.6792288E-01
      1802  1.0050125E+00  7.7112287E-01
      1803  1.0100502E+00  7.7428784E-01
      1804  1.0151131E+00  7.7741671E-01
      1805  1.0202013E+00  7.8050840E-01
      1806  1.0253151E+00  7.8356182E-01
      1807  1.0304545E+00  7.8657587E-01
      1808  1.0356197E+00  7.8954944E-01
      1809  1.0408108E+00  7.9248141E-01
      1810  1.0460279E+00  7.9537067E-01
      1811  1.0512711E+00  7.9821607E-01
      1812  1.0565406E+00  8.0101647E-01
      1813  1.0618365E+00  8.0377074E-01
      1814  1.0671590E+00  8.0647770E-01
      1815  1.0725082E+00  8.0913621E-01
      1816  1.0778842E+00  8.1174510E-01
      1817  1.0832871E+00  8.1430320E-01
      1818  1.0887171E+00  8.1680933E-01
      1819  1.0941743E+00  8.1926231E-01
      1820  1.0996589E+00  8.2166095E-01
      1821  1.1051709E+00  8.2400407E-01
      1822  1.1107106E+00  8.2629048E-01
      1823  1.1162781E+00  8.2851898E-01
      1824  1.1218734E+00  8.3068839E-01
      1825  1.1274969E+00  8.3279750E-01
      1826  1.1331485E+00  8.3484511E-01
      1827  1.1388284E+00  8.3683005E-01
      1828  1.1445368E+00  8.3875109E-01
      1829  1.1502738E+00  8.4060707E-01
      1830  1.1560396E+00  8.4239677E-01
      1831  1.1618342E+00  8.4411903E-01
      1832  1.1676580E+00  8.4577264E-01
      1833  1.1735109E+00  8.4735645E-01
      1834  1.1793931E+00  8.4886925E-01
      1835  1.1853049E+00  8.5030991E-01
      1836  1.1912462E+00  8.5167725E-01
      1837  1.1972174E+00  8.5297011E-01
      1838  1.2032184E+00  8.5418737E-01
      1839  1.2092496E+00  8.5532788E-01
      1840  1.2153110E+00  8.5639052E-01
      1841  1.2214028E+00  8.5737418E-01
      1842  1.2275251E+00  8.5827777E-01
      1843  1.2336781E+00  8.5910020E-01
      1844  1.2398619E+00  8.5984040E-01
      1845  1.2460767E+00  8.6049732E-01
      1846  1.2523227E+00  8.6106992E-01
      1847  1.2586000E+00  8.6155719E-01
      1848  1.2649088E+00  8.6195812E-01
      1849  1.2712492E+00  8.6227175E-01
      1850  1.2776213E+00  8.6249711E-01
      1851  1.2840254E+00  8.6263327E-01
      1852  1.2904616E+00  8.6267933E-01
      1853  1.2969301E+00  8.6263440E-01
      1854  1.3034310E+00  8.6249761E-01
      1855  1.3099645E+00  8.6226816E-01
      1856  1.3165307E+00  8.6194522E-01
      1857  1.3231298E+00  8.6152804E-01
      1858  1.3297620E+00  8.6101588E-01
      1859  1.3364275E+00  8.6040803E-01
      1860  1.3431264E+00  8.5970383E-01
      1861  1.3498588E+00  8.5890265E-01
      1862  1.3566250E+00  8.5800387E-01
      1863  1.3634251E+00  8.5700695E-01
      1864  1.3702593E+00  8.5591137E-01
      1865  1.3771278E+00  8.5471665E-01
      1866  1.3840306E+00  8.5342238E-01
      1867  1.3909681E+00  8.5202814E-01
      1868  1.3979404E+00  8.5053359E-01
      1869  1.4049476E+00  8.4893846E-01
      1870  1.4119899E+00  8.4724247E-01
      1871  1.4190675E+00  8.4544544E-01
      1872  1.4261807E+00  8.4354723E-01
      1873  1.4333294E+00  8.4154773E-01
      1874  1.4405140E+00  8.3944691E-01
      1875  1.4477346E+00  8.3724479E-01
      1876  1.4549914E+00  8.3494142E-01
      1877  1.4622846E+00  8.3253694E-01
      1878  1.4696143E+00  8.3003155E-01
      1879  1.4769808E+00  8.2742548E-01
      1880  1.4843842E+00  8.2471906E-01
      1881  1.4918247E+00  8.2191265E-01
      1882  1.4993025E+00  8.1900668E-01
      1883  1.5068178E+00  8.1600166E-01
      1884  1.5143707E+00  8.1289815E-01
      1885  1.5219616E+00  8.0969679E-01
      1886  1.5295904E+00  8.0639828E-01
      1887  1.5372575E+00  8.0300339E-01
      1888  1.5449631E+00  7.9951294E-01
      1889  1.5527072E+00  7.9592785E-01
      1890  1.5604902E+00  7.9224910E-01
      1891  1.5683122E+00  7.8847773E-01
      1892  1.5761734E+00  7.8461486E-01
      1893  1.5840740E+00  7.8066167E-01
      1894  1.5920142E+00  7.7661944E-01
      1895  1.5999942E+00  7.7248948E-01
      1896  1.6080142E+00  7.6827321E-01
      1897  1.6160744E+00  7.6397209E-01
      1898  1.6241750E+00  7.5958767E-01
      1899  1.6323162E+00  7.5512156E-01
      1900  1.6404982E+00  7.5057545E-01
      1901  1.6487213E+00  7.4595108E-01
      1902  1.6569855E+00  7.4125028E-01
      1903  1.6652912E+00  7.3647493E-01
      1904  1.6736385E+00  7.3162698E-01
      1905  1.6820276E+00  7.2670843E-01
      1906  1.6904588E+00  7.2172138E-01
      1907  1.6989323E+00  7.1666795E-01
      1908  1.7074482E+00  7.1155032E-01
      1909  1.7160069E+00  7.0637076E-01
      1910  1.7246084E+00  7.0113156E-01
      1911  1.7332530E+00  6.9583505E-01
      1912  1.7419410E+00  6.9048365E-01
      1913  1.7506725E+00  6.8507979E-01
      1914  1.7594478E+00  6.7962593E-01
      1915  1.7682671E+00  6.7412461E-01
      1916  1.7771305E+00  6.6857836E-01
      1917  1.7860384E+00  6.6298973E-01
      1918  1.7949910E+00  6.5736134E-01
      1919  1.8039884E+00  6.5169579E-01
      1920  1.8130309E+00  6.4599569E-01
      1921  1.8221188E+00  6.4026369E-01
      1922  1.8312522E+00  6.3450239E-01
      1923  1.8404314E+00  6.2871440E-01
      1924  1.8496566E+00  6.2290238E-01
      1925  1.8589280E+00  6.1706886E-01
      1926  1.8682460E+00  6.1121642E-01
      1927  1.8776106E+00  6.0534761E-01
      1928  1.8870221E+00  5.9946487E-01
      1929  1.8964809E+00  5.9357065E-01
      1930  1.9059870E+00  5.8766736E-01
      1931  1.9155408E+00  5.8175723E-01
      1932  1.9251425E+00  5.7584257E-01
      1933  1.9347923E+00  5.6992549E-01
      1934  1.9444905E+00  5.6400801E-01
      1935  1.9542373E+00  5.5809214E-01
      1936  1.9640330E+00  5.5217968E-01
      1937  1.9738777E+00  5.4627232E-01
      1938  1.9837718E+00  5.4037173E-01
      1939  1.9937155E+00  5.3447923E-01
      1940  2.0037091E+00  5.2859608E-01
      1941  2.0137527E+00  5.2272351E-01
      1942  2.0238467E+00  5.1686254E-01
      1943  2.0339913E+00  5.1101418E-01
      1944  2.0441867E+00  5.0517944E-01
      1945  2.0544332E+00  4.9935931E-01
      1946  2.0647311E+00  4.9355480E-01
      1947  2.0750806E+00  4.8776687E-01
      1948  2.0854820E+00  4.8199645E-01
      1949  2.0959355E+00  4.7624451E-01
      1950  2.1064414E+00  4.7051195E-01
      1951  2.1170000E+00  4.6479968E-01
      1952  2.1276115E+00  4.5910858E-01
      1953  2.1382762E+00  4.5343953E-01
      1954  2.1489944E+00  4.4779337E-01
      1955  2.1597663E+00  4.4217096E-01
      1956  2.1705921E+00  4.3657309E-01
      1957  2.1814723E+00  4.3100058E-01
      1958  2.1924069E+00  4.2545422E-01
      1959  2.2033964E+00  4.1993477E-01
      1960  2.2144410E+00  4.1444299E-01
      1961  2.2255409E+00  4.0897960E-01
      1962  2.2366965E+00  4.0354533E-01
      1963  2.2479080E+00  3.9814087E-01
      1964  2.2591757E+00  3.9276690E-01
      1965  2.2704998E+00  3.8742409E-01
      1966  2.2818808E+00  3.8211309E-01
      1967  2.2933187E+00  3.7683452E-01
      1968  2.3048140E+00  3.7158899E-01
      1969  2.3163670E+00  3.6637711E-01
      1970  2.3279778E+00  3.6119943E-01
      1971  2.3396469E+00  3.5605653E-01
      1972  2.3513744E+00  3.5094895E-01
      1973  2.3631607E+00  3.4587720E-01
      1974  2.3750061E+00  3.4084180E-01
      1975  2.3869109E+00  3.3584322E-01
      1976  2.3988753E+00  3.3088195E-01
      1977  2.4108997E+00  3.2595844E-01
      1978  2.4229844E+00  3.2107312E-01
      1979  2.4351297E+00  3.1622641E-01
      1980  2.4473358E+00  3.1141872E-01
      1981  2.4596031E+00  3.0665043E-01
      1982  2.4719319E+00  3.0192190E-01
      1983  2.4843225E+00  2.9723349E-01
      1984  2.4967753E+00  2.9258554E-01
      1985  2.5092904E+00  2.8797836E-01
      1986  2.5218683E+00  2.8341226E-01
      1987  2.5345092E+00  2.7888751E-01
      1988  2.5472135E+00  2.7440439E-01
      1989  2.5599814E+00  2.6996315E-01
      1990  2.5728134E+00  2.6556403E-01
      1991  2.5857097E+00  2.6120725E-01
      1992  2.5986706E+00  2.5689302E-01
      1993  2.6116965E+00  2.5262151E-01
      1994  2.6247877E+00  2.4839292E-01
      1995  2.6379445E+00  2.4420740E-01
      1996  2.6511672E+00  2.4006509E-01
      1997  2.6644562E+00  2.3596613E-01
      1998  2.6778119E+00  2.3191062E-01
      1999  2.6912345E+00  2.2789868E-01
      2000  2.7047243E+00  2.2393039E-01
      2001  2.7182818E+00  2.2000581E-01
      2002  2.7319073E+00  2.1612502E-01
      2003  2.7456010E+00  2.1228805E-01
      2004  2.7593634E+00  2.0849495E-01
      2005  2.7731948E+00  2.0474572E-01
      2006  2.7870955E+00  2.0104037E-01
      2007  2.8010658E+00  1.9737890E-01
      2008  2.8151062E+00  1.9376130E-01
      2009  2.8292170E+00  1.9018752E-01
      2010  2.8433985E+00  1.8665753E-01
      2011  2.8576511E+00  1.8317127E-01
      2012  2.8719752E+00  1.7972868E-01
      2013  2.8863710E+00  1.7632967E-01
      2014  2.9008390E+00  1.7297417E-01
      2015  2.9153795E+00  1.6966206E-01
      2016  2.9299929E+00  1.6639325E-01
      2017  2.9446796E+00  1.6316761E-01
      2018  2.9594398E+00  1.5998502E-01
      2019  2.9742741E+00  1.5684532E-01
      2020  2.9891827E+00  1.5374837E-01
      2021  3.0041660E+00  1.5069402E-01
      2022  3.0192245E+00  1.4768209E-01
      2023  3.0343584E+00  1.4471240E-01
      2024  3.0495682E+00  1.4178478E-01
      2025  3.0648542E+00  1.3889902E-01
      2026  3.0802168E+00  1.3605492E-01
      2027  3.0956565E+00  1.3325228E-01
      2028  3.1111735E+00  1.3049086E-01
      2029  3.1267684E+00  1.2777046E-01
      2030  3.1424414E+00  1.2509082E-01
      2031  3.1581929E+00  1.2245172E-01
      2032  3.1740234E+00  1.1985289E-01
      2033  3.1899333E+00  1.1729410E-01
      2034  3.2059229E+00  1.1477507E-01
      2035  3.2219926E+00  1.1229553E-01
      2036  3.2381429E+00  1.0985523E-01
      2037  3.2543742E+00  1.0745386E-01
      2038  3.2706868E+00  1.0509115E-01
      2039  3.2870812E+00  1.0276681E-01
      2040  3.3035578E+00  1.0048054E-01
      2041  3.3201169E+00  9.8232036E-02
      2042  3.3367591E+00  9.6020994E-02
      2043  3.3534847E+00  9.3847099E-02
      2044  3.3702941E+00  9.1710043E-02
      2045  3.3871877E+00  8.9609495E-02
      2046  3.4041661E+00  8.7545137E-02
      2047  3.4212295E+00  8.5516642E-02
      2048  3.4383785E+00  8.3523669E-02
      2049  3.4556135E+00  8.1565891E-02
      2050  3.4729348E+00  7.9642966E-02
      2051  3.4903430E+00  7.7754545E-02
      2052  3.5078384E+00  7.5900292E-02
      2053  3.5254215E+00  7.4079853E-02
      2054  3.5430927E+00  7.2292873E-02
      2055  3.5608526E+00  7.0539007E-02
      2056  3.5787014E+00  6.8817892E-02
      2057  3.5966397E+00  6.7129169E-02
      2058  3.6146680E+00  6.5472484E-02
      2059  3.6327866E+00  6.3847466E-02
      2060  3.6509960E+00  6.2253755E-02
      2061  3.6692967E+00  6.0690988E-02
      2062  3.6876891E+00  5.9158791E-02
      2063  3.7061737E+00  5.7656800E-02
      2064  3.7247510E+00  5.6184648E-02
      2065  3.7434214E+00  5.4741956E-02
      2066  3.7621854E+00  5.3328361E-02
      2067  3.7810434E+00  5.1943489E-02
      2068  3.7999959E+00  5.0586962E-02
      2069  3.8190435E+00  4.9258417E-02
      2070  3.8381865E+00  4.7957475E-02
      2071  3.8574255E+00  4.6683761E-02
      2072  3.8767610E+00  4.5436910E-02
      2073  3.8961933E+00  4.4216542E-02
      2074  3.9157231E+00  4.3022286E-02
      2075  3.9353507E+00  4.1853776E-02
      2076  3.9550767E+00  4.0710632E-02
      2077  3.9749016E+00  3.9592488E-02
      2078  3.9948259E+00  3.8498978E-02
      2079  4.0148501E+00  3.7429723E-02
      2080  4.0349746E+00  3.6384365E-02
      2081  4.0552000E+00  3.5362537E-02
      2082  4.0755267E+00  3.4363865E-02
      2083  4.0959554E+00  3.3387996E-02
      2084  4.1164865E+00  3.2434563E-02
      2085  4.1371204E+00  3.1503202E-02
      2086  4.1578578E+00  3.0593563E-02
      2087  4.1786992E+00  2.9705282E-02
      2088  4.1996450E+00  2.8838003E-02
      2089  4.2206958E+00  2.7991382E-02
      2090  4.2418521E+00  2.7165058E-02
      2091  4.2631145E+00  2.6358686E-02
      2092  4.2844835E+00  2.5571924E-02
      2093  4.3059595E+00  2.4804420E-02
      2094  4.3275432E+00  2.4055838E-02
      2095  4.3492351E+00  2.3325840E-02
      2096  4.3710358E+00  2.2614082E-02
      2097  4.3929457E+00  2.1920239E-02
      2098  4.4149654E+00  2.1243977E-02
      2099  4.4370955E+00  2.0584964E-02
      2100  4.4593366E+00  1.9942881E-02
      2101  4.4816891E+00  1.9317401E-02
      2102  4.5041536E+00  1.8708204E-02
      2103  4.5267308E+00  1.8114980E-02
      2104  4.5494211E+00  1.7537409E-02
      2105  4.5722252E+00  1.6975182E-02
      2106  4.5951436E+00  1.6427998E-02
      2107  4.6181768E+00  1.5895545E-02
      2108  4.6413255E+00  1.5377526E-02
      2109  4.6645903E+00  1.4873649E-02
      2110  4.6879716E+00  1.4383611E-02
      2111  4.7114702E+00  1.3907128E-02
      2112  4.7350865E+00  1.3443914E-02
      2113  4.7588212E+00  1.2993679E-02
      2114  4.7826749E+00  1.2556150E-02
      2115  4.8066482E+00  1.2131049E-02
      2116  4.8307416E+00  1.1718099E-02
      2117  4.8549558E+00  1.1317037E-02
      2118  4.8792914E+00  1.0927594E-02
      2119  4.9037489E+00  1.0549505E-02
      2120  4.9283291E+00  1.0182519E-02
      2121  4.9530324E+00  9.8263739E-03
      2122  4.9778596E+00  9.4808209E-03
      2123  5.0028112E+00  9.1456160E-03
      2124  5.0278879E+00  8.8205089E-03
      2125  5.0530903E+00  8.5052632E-03
      2126  5.0784190E+00  8.1996441E-03
      2127  5.1038747E+00  7.9034124E-03
      2128  5.1294580E+00  7.6163445E-03
      2129  5.1551695E+00  7.3382140E-03
      2130  5.1810099E+00  7.0687944E-03
      2131  5.2069798E+00  6.8078733E-03
      2132  5.2330799E+00  6.5552333E-03
      2133  5.2593108E+00  6.3106609E-03
      2134  5.2856732E+00  6.0739540E-03
      2135  5.3121678E+00  5.8449047E-03
      2136  5.3387951E+00  5.6233126E-03
      2137  5.3655560E+00  5.4089853E-03
      2138  5.3924509E+00  5.2017245E-03
      2139  5.4194807E+00  5.0013430E-03
      2140  5.4466460E+00  4.8076571E-03
      2141  5.4739474E+00  4.6204793E-03
      2142  5.5013857E+00  4.4396345E-03
      2143  5.5289615E+00  4.2649477E-03
      2144  5.5566755E+00  4.0962424E-03
      2145  5.5845285E+00  3.9333548E-03
      2146  5.6125210E+00  3.7761184E-03
      2147  5.6406539E+00  3.6243685E-03
      2148  5.6689278E+00  3.4779512E-03
      2149  5.6973434E+00  3.3367088E-03
      2150  5.7259015E+00  3.2004883E-03
      2151  5.7546027E+00  3.0691450E-03
      2152  5.7834477E+00  2.9425299E-03
      2153  5.8124374E+00  2.8205018E-03
      2154  5.8415724E+00  2.7029243E-03
      2155  5.8708534E+00  2.5896577E-03
      2156  5.9002811E+00  2.4805715E-03
      2157  5.9298564E+00  2.3755373E-03
      2158  5.9595799E+00  2.2744250E-03
      2159  5.9894525E+00  2.1771140E-03
      2160  6.0194747E+00  2.0834837E-03
      2161  6.0496475E+00  1.9934136E-03
      2162  6.0799714E+00  1.9067922E-03
      2163  6.1104474E+00  1.8235064E-03
      2164  6.1410762E+00  1.7434454E-03
      2165  6.1718584E+00  1.6665059E-03
      2166  6.2027950E+00  1.5925822E-03
      2167  6.2338867E+00  1.5215730E-03
      2168  6.2651341E+00  1.4533825E-03
      2169  6.2965383E+00  1.3879123E-03
      2170  6.3280998E+00  1.3250703E-03
      2171  6.3598195E+00  1.2647673E-03
      2172  6.3916983E+00  1.2069125E-03
      2173  6.4237368E+00  1.1514221E-03
      2174  6.4559359E+00  1.0982133E-03
      2175  6.4882964E+00  1.0472028E-03
      2176  6.5208191E+00  9.9831437E-04
      2177  6.5535049E+00  9.5147114E-04
      2178  6.5863544E+00  9.0659739E-04
      2179  6.6193687E+00  8.6362349E-04
      2180  6.6525484E+00  8.2247843E-04
      2181  6.6858944E+00  7.8309382E-04
      2182  6.7194076E+00  7.4540591E-04
      2183  6.7530888E+00  7.0934938E-04
      2184  6.7869388E+00  6.7486276E-04
      2185  6.8209585E+00  6.4188761E-04
      2186  6.8551487E+00  6.1036421E-04
      2187  6.8895102E+00  5.8023744E-04
      2188  6.9240441E+00  5.5145372E-04
      2189  6.9587510E+00  5.2395882E-04
      2190  6.9936319E+00  4.9770332E-04
      2191  7.0286876E+00  4.7263816E-04
      2192  7.0639190E+00  4.4871448E-04
      2193  7.0993271E+00  4.2588791E-04
      2194  7.1349126E+00  4.0411359E-04
      2195  7.1706765E+00  3.8334789E-04
      2196  7.2066197E+00  3.6355081E-04
      2197  7.2427430E+00  3.4468154E-04
      2198  7.2790474E+00  3.2670133E-04
      2199  7.3155338E+00  3.0957408E-04
      2200  7.3522030E+00  2.9326281E-04
      2201  7.3890561E+00  2.7773330E-04
      2202  7.4260939E+00  2.6295287E-04
      2203  7.4633173E+00  2.4888830E-04
      2204  7.5007274E+00  2.3550935E-04
      2205  7.5383249E+00  2.2278650E-04
      2206  7.5761109E+00  2.1069010E-04
      2207  7.6140864E+00  1.9919345E-04
      2208  7.6522521E+00  1.8826987E-04
      2209  7.6906092E+00  1.7789316E-04
      2210  7.7291585E+00  1.6803965E-04
      2211  7.7679011E+00  1.5868533E-04
      2212  7.8068379E+00  1.4980721E-04
      2213  7.8459698E+00  1.4138425E-04
      2214  7.8852979E+00  1.3339494E-04
      2215  7.9248231E+00  1.2581923E-04
      2216  7.9645465E+00  1.1863836E-04
      2217  8.0044689E+00  1.1183321E-04
      2218  8.0445915E+00  1.0538632E-04
      2219  8.0849152E+00  9.9280984E-05
      2220  8.1254410E+00  9.3500293E-05
      2221  8.1661699E+00  8.8029090E-05
      2222  8.2071030E+00  8.2852466E-05
      2223  8.2482413E+00  7.7955632E-05
      2224  8.2895858E+00  7.3325379E-05
      2225  8.3311375E+00  6.8948453E-05
      2226  8.3728975E+00  6.4812023E-05
      2227  8.4148668E+00  6.0904541E-05
      2228  8.4570465E+00  5.7214271E-05
      2229  8.4994376E+00  5.3730163E-05
      2230  8.5420412E+00  5.0442090E-05
      2231  8.5848584E+00  4.7339723E-05
      2232  8.6278902E+00  4.4413590E-05
      2233  8.6711377E+00  4.1654796E-05
      2234  8.7146019E+00  3.9054315E-05
      2235  8.7582840E+00  3.6604047E-05
      2236  8.8021851E+00  3.4296177E-05
      2237  8.8463063E+00  3.2122884E-05
      2238  8.8906486E+00  3.0077237E-05
      2239  8.9352131E+00  2.8152381E-05
      2240  8.9800011E+00  2.6341602E-05
      2241  9.0250135E+00  2.4638953E-05
      2242  9.0702516E+00  2.3038438E-05
      2243  9.1157164E+00  2.1534349E-05
      2244  9.1614091E+00  2.0121559E-05
      2245  9.2073309E+00  1.8794856E-05
      2246  9.2534828E+00  1.7549417E-05
      2247  9.2998661E+00  1.6380813E-05
      2248  9.3464819E+00  1.5284542E-05
      2249  9.3933313E+00  1.4256545E-05
      2250  9.4404156E+00  1.3292995E-05
      2251  9.4877358E+00  1.2390032E-05
      2252  9.5352933E+00  1.1544248E-05
      2253  9.5830892E+00  1.0752333E-05
      2254  9.6311246E+00  1.0011012E-05
      2255  9.6794008E+00  9.3174165E-06
      2256  9.7279190E+00  8.6686935E-06
      2257  9.7766804E+00  8.0620918E-06
      2258  9.8256862E+00  7.4951879E-06
      2259  9.8749377E+00  6.9655320E-06
      2260  9.9244360E+00  6.4708340E-06
      2261  9.9741825E+00  6.0090391E-06
      2262  1.0024178E+01  5.5780575E-06
      2263  1.0074425E+01  5.1759944E-06
      2264  1.0124923E+01  4.8011041E-06
      2265  1.0175674E+01  4.4516177E-06
      2266  1.0226680E+01  4.1259730E-06
      2267  1.0277942E+01  3.8226859E-06
      2268  1.0329460E+01  3.5402736E-06
      2269  1.0381237E+01  3.2774479E-06
      2270  1.0433273E+01  3.0329489E-06
      2271  1.0485570E+01  2.8055470E-06
      2272  1.0538129E+01  2.5941768E-06
      2273  1.0590951E+01  2.3977723E-06
      2274  1.0644039E+01  2.2153249E-06
      2275  1.0697392E+01  2.0459495E-06
      2276  1.0751013E+01  1.8887497E-06
      2277  1.0804903E+01  1.7429047E-06
      2278  1.0859063E+01  1.6076770E-06
      2279  1.0913494E+01  1.4823185E-06
      2280  1.0968198E+01  1.3661646E-06
      2281  1.1023176E+01  1.2586003E-06
      2282  1.1078430E+01  1.1590063E-06
      2283  1.1133961E+01  1.0668464E-06
      2284  1.1189770E+01  9.8160751E-07
      2285  1.1245859E+01  9.0278310E-07
      2286  1.1302229E+01  8.2993960E-07
      2287  1.1358882E+01  7.6264993E-07
      2288  1.1415819E+01  7.0050442E-07
      2289  1.1473041E+01  6.4315102E-07
      2290  1.1530550E+01  5.9023614E-07
      2291  1.1588347E+01  5.4143195E-07
      2292  1.1646434E+01  4.9645147E-07
      2293  1.1704812E+01  4.5500392E-07
      2294  1.1763482E+01  4.1682896E-07
      2295  1.1822447E+01  3.8169209E-07
      2296  1.1881707E+01  3.4935623E-07
      2297  1.1941264E+01  3.1961562E-07
      2298  1.2001120E+01  2.9227845E-07
      2299  1.2061276E+01  2.6715345E-07
      2300  1.2121734E+01  2.4407816E-07
      2301  1.2182494E+01  2.2289586E-07
      2302  1.2243559E+01  2.0345415E-07
      2303  1.2304930E+01  1.8562435E-07
      2304  1.2366609E+01  1.6927891E-07
      2305  1.2428597E+01  1.5429789E-07
      2306  1.2490895E+01  1.4057886E-07
      2307  1.2553506E+01  1.2801867E-07
      2308  1.2616431E+01  1.1652386E-07
      2309  1.2679671E+01  1.0601262E-07
      2310  1.2743228E+01  9.6402189E-08
      2311  1.2807104E+01  8.7620256E-08
      2312  1.2871300E+01  7.9601365E-08
      2313  1.2935817E+01  7.2279769E-08
      2314  1.3000658E+01  6.5599715E-08
      2315  1.3065824E+01  5.9508822E-08
      2316  1.3131317E+01  5.3955491E-08
      2317  1.3197138E+01  4.8896710E-08
      2318  1.3263289E+01  4.4290650E-08
      2319  1.3329772E+01  4.0097372E-08
      2320  1.3396587E+01  3.6283535E-08
      2321  1.3463738E+01  3.2815917E-08
      2322  1.3531225E+01  2.9663980E-08
      2323  1.3599051E+01  2.6801761E-08
      2324  1.3667216E+01  2.4203070E-08
      2325  1.3735724E+01  2.1844778E-08
      2326  1.3804574E+01  1.9706605E-08
      2327  1.3873770E+01  1.7768098E-08
      2328  1.3943312E+01  1.6011850E-08
      2329  1.4013204E+01  1.4421997E-08
      2330  1.4083445E+01  1.2982752E-08
      2331  1.4154039E+01  1.1681040E-08
      2332  1.4224986E+01  1.0504463E-08
      2333  1.4296289E+01  9.4410044E-09
      2334  1.4367950E+01  8.4808147E-09
      2335  1.4439969E+01  7.6142423E-09
      2336  1.4512350E+01  6.8322702E-09
      2337  1.4585093E+01  6.1274400E-09
      2338  1.4658201E+01  5.4922884E-09
      2339  1.4731676E+01  4.9201302E-09
      2340  1.4805519E+01  4.4052927E-09
      2341  1.4879732E+01  3.9420560E-09
      2342  1.4954317E+01  3.5255077E-09
