         1  1.2340980E-04 -8.3829330E-05
         2  1.2402840E-04 -8.4249526E-05
         3  1.2465009E-04 -8.4671829E-05
         4  1.2527490E-04 -8.5096248E-05
         5  1.2590285E-04 -8.5522795E-05
         6  1.2653394E-04 -8.5951480E-05
         7  1.2716819E-04 -8.6382313E-05
         8  1.2780563E-04 -8.6815306E-05
         9  1.2844625E-04 -8.7250470E-05
        10  1.2909009E-04 -8.7687815E-05
        11  1.2973716E-04 -8.8127352E-05
        12  1.3038747E-04 -8.8569092E-05
        13  1.3104104E-04 -8.9013046E-05
        14  1.3169789E-04 -8.9459226E-05
        15  1.3235802E-04 -8.9907642E-05
        16  1.3302147E-04 -9.0358306E-05
        17  1.3368824E-04 -9.0811229E-05
        18  1.3435836E-04 -9.1266422E-05
        19  1.3503183E-04 -9.1723897E-05
        20  1.3570868E-04 -9.2183665E-05
        21  1.3638893E-04 -9.2645738E-05
        22  1.3707258E-04 -9.3110126E-05
        23  1.3775966E-04 -9.3576843E-05
        24  1.3845018E-04 -9.4045898E-05
        25  1.3914417E-04 -9.4517305E-05
        26  1.3984163E-04 -9.4991075E-05
        27  1.4054259E-04 -9.5467220E-05
        28  1.4124706E-04 -9.5945752E-05
        29  1.4195506E-04 -9.6426682E-05
        30  1.4266662E-04 -9.6910022E-05
        31  1.4338174E-04 -9.7395786E-05
        32  1.4410044E-04 -9.7883984E-05
        33  1.4482275E-04 -9.8374630E-05
        34  1.4554867E-04 -9.8867735E-05
        35  1.4627824E-04 -9.9363311E-05
        36  1.4701146E-04 -9.9861372E-05
        37  1.4774836E-04 -1.0036193E-04
        38  1.4848895E-04 -1.0086500E-04
        39  1.4923326E-04 -1.0137058E-04
        40  1.4998129E-04 -1.0187871E-04
        41  1.5073308E-04 -1.0238937E-04
        42  1.5148863E-04 -1.0290260E-04
        43  1.5224797E-04 -1.0341840E-04
        44  1.5301111E-04 -1.0393679E-04
        45  1.5377809E-04 -1.0445778E-04
        46  1.5454890E-04 -1.0498137E-04
        47  1.5532358E-04 -1.0550760E-04
        48  1.5610214E-04 -1.0603645E-04
        49  1.5688461E-04 -1.0656796E-04
        50  1.5767100E-04 -1.0710214E-04
        51  1.5846133E-04 -1.0763899E-04
        52  1.5925562E-04 -1.0817853E-04
        53  1.6005389E-04 -1.0872078E-04
        54  1.6085616E-04 -1.0926574E-04
        55  1.6166246E-04 -1.0981344E-04
        56  1.6247279E-04 -1.1036388E-04
        57  1.6328719E-04 -1.1091708E-04
        58  1.6410567E-04 -1.1147306E-04
        59  1.6492825E-04 -1.1203182E-04
        60  1.6575496E-04 -1.1259338E-04
        61  1.6658581E-04 -1.1315776E-04
        62  1.6742083E-04 -1.1372496E-04
        63  1.6826003E-04 -1.1429501E-04
        64  1.6910343E-04 -1.1486792E-04
        65  1.6995107E-04 -1.1544370E-04
        66  1.7080295E-04 -1.1602236E-04
        67  1.7165910E-04 -1.1660393E-04
        68  1.7251955E-04 -1.1718840E-04
        69  1.7338431E-04 -1.1777581E-04
        70  1.7425340E-04 -1.1836617E-04
        71  1.7512685E-04 -1.1895948E-04
        72  1.7600468E-04 -1.1955577E-04
        73  1.7688690E-04 -1.2015504E-04
        74  1.7777355E-04 -1.2075732E-04
        75  1.7866465E-04 -1.2136262E-04
        76  1.7956021E-04 -1.2197095E-04
        77  1.8046025E-04 -1.2258234E-04
        78  1.8136482E-04 -1.2319678E-04
        79  1.8227391E-04 -1.2381431E-04
        80  1.8318756E-04 -1.2443493E-04
        81  1.8410579E-04 -1.2505866E-04
        82  1.8502863E-04 -1.2568552E-04
        83  1.8595609E-04 -1.2631552E-04
        84  1.8688820E-04 -1.2694868E-04
        85  1.8782498E-04 -1.2758502E-04
        86  1.8876645E-04 -1.2822454E-04
        87  1.8971265E-04 -1.2886727E-04
        88  1.9066359E-04 -1.2951322E-04
        89  1.9161929E-04 -1.3016240E-04
        90  1.9257979E-04 -1.3081485E-04
        91  1.9354510E-04 -1.3147056E-04
        92  1.9451525E-04 -1.3212956E-04
        93  1.9549026E-04 -1.3279186E-04
        94  1.9647016E-04 -1.3345748E-04
        95  1.9745497E-04 -1.3412644E-04
        96  1.9844472E-04 -1.3479875E-04
        97  1.9943943E-04 -1.3547443E-04
        98  2.0043912E-04 -1.3615350E-04
        99  2.0144382E-04 -1.3683597E-04
       100  2.0245357E-04 -1.3752187E-04
       101  2.0346837E-04 -1.3821120E-04
       102  2.0448826E-04 -1.3890398E-04
       103  2.0551326E-04 -1.3960024E-04
       104  2.0654340E-04 -1.4029999E-04
       105  2.0757870E-04 -1.4100325E-04
       106  2.0861920E-04 -1.4171003E-04
       107  2.0966490E-04 -1.4242035E-04
       108  2.1071585E-04 -1.4313424E-04
       109  2.1177207E-04 -1.4385170E-04
       110  2.1283358E-04 -1.4457276E-04
       111  2.1390042E-04 -1.4529744E-04
       112  2.1497260E-04 -1.4602574E-04
       113  2.1605015E-04 -1.4675770E-04
       114  2.1713311E-04 -1.4749333E-04
       115  2.1822149E-04 -1.4823264E-04
       116  2.1931533E-04 -1.4897566E-04
       117  2.2041465E-04 -1.4972240E-04
       118  2.2151949E-04 -1.5047289E-04
       119  2.2262986E-04 -1.5122714E-04
       120  2.2374579E-04 -1.5198517E-04
       121  2.2486732E-04 -1.5274699E-04
       122  2.2599448E-04 -1.5351264E-04
       123  2.2712728E-04 -1.5428213E-04
       124  2.2826576E-04 -1.5505547E-04
       125  2.2940995E-04 -1.5583269E-04
       126  2.3055987E-04 -1.5661380E-04
       127  2.3171555E-04 -1.5739883E-04
       128  2.3287703E-04 -1.5818780E-04
       129  2.3404433E-04 -1.5898072E-04
       130  2.3521749E-04 -1.5977761E-04
       131  2.3639652E-04 -1.6057850E-04
       132  2.3758146E-04 -1.6138340E-04
       133  2.3877234E-04 -1.6219234E-04
       134  2.3996919E-04 -1.6300533E-04
       135  2.4117204E-04 -1.6382240E-04
       136  2.4238092E-04 -1.6464356E-04
       137  2.4359586E-04 -1.6546884E-04
       138  2.4481689E-04 -1.6629826E-04
       139  2.4604404E-04 -1.6713183E-04
       140  2.4727734E-04 -1.6796958E-04
       141  2.4851683E-04 -1.6881153E-04
       142  2.4976252E-04 -1.6965771E-04
       143  2.5101446E-04 -1.7050812E-04
       144  2.5227268E-04 -1.7136279E-04
       145  2.5353720E-04 -1.7222175E-04
       146  2.5480806E-04 -1.7308502E-04
       147  2.5608529E-04 -1.7395261E-04
       148  2.5736892E-04 -1.7482455E-04
       149  2.5865899E-04 -1.7570086E-04
       150  2.5995552E-04 -1.7658157E-04
       151  2.6125856E-04 -1.7746669E-04
       152  2.6256812E-04 -1.7835624E-04
       153  2.6388425E-04 -1.7925026E-04
       154  2.6520697E-04 -1.8014875E-04
       155  2.6653633E-04 -1.8105175E-04
       156  2.6787235E-04 -1.8195928E-04
       157  2.6921506E-04 -1.8287135E-04
       158  2.7056451E-04 -1.8378800E-04
       159  2.7192072E-04 -1.8470924E-04
       160  2.7328373E-04 -1.8563510E-04
       161  2.7465357E-04 -1.8656560E-04
       162  2.7603028E-04 -1.8750076E-04
       163  2.7741388E-04 -1.8844061E-04
       164  2.7880443E-04 -1.8938517E-04
       165  2.8020194E-04 -1.9033447E-04
       166  2.8160646E-04 -1.9128853E-04
       167  2.8301802E-04 -1.9224736E-04
       168  2.8443665E-04 -1.9321101E-04
       169  2.8586239E-04 -1.9417948E-04
       170  2.8729529E-04 -1.9515281E-04
       171  2.8873536E-04 -1.9613102E-04
       172  2.9018265E-04 -1.9711413E-04
       173  2.9163720E-04 -1.9810217E-04
       174  2.9309904E-04 -1.9909516E-04
       175  2.9456820E-04 -2.0009313E-04
       176  2.9604473E-04 -2.0109610E-04
       177  2.9752866E-04 -2.0210410E-04
       178  2.9902003E-04 -2.0311715E-04
       179  3.0051887E-04 -2.0413528E-04
       180  3.0202523E-04 -2.0515851E-04
       181  3.0353914E-04 -2.0618687E-04
       182  3.0506063E-04 -2.0722038E-04
       183  3.0658976E-04 -2.0825908E-04
       184  3.0812654E-04 -2.0930298E-04
       185  3.0967104E-04 -2.1035212E-04
       186  3.1122327E-04 -2.1140651E-04
       187  3.1278328E-04 -2.1246619E-04
       188  3.1435111E-04 -2.1353118E-04
       189  3.1592681E-04 -2.1460151E-04
       190  3.1751040E-04 -2.1567721E-04
       191  3.1910192E-04 -2.1675829E-04
       192  3.2070143E-04 -2.1784480E-04
       193  3.2230895E-04 -2.1893675E-04
       194  3.2392453E-04 -2.2003418E-04
       195  3.2554821E-04 -2.2113710E-04
       196  3.2718003E-04 -2.2224556E-04
       197  3.2882002E-04 -2.2335957E-04
       198  3.3046824E-04 -2.2447916E-04
       199  3.3212472E-04 -2.2560437E-04
       200  3.3378950E-04 -2.2673521E-04
       201  3.3546263E-04 -2.2787173E-04
       202  3.3714414E-04 -2.2901394E-04
       203  3.3883408E-04 -2.3016188E-04
       204  3.4053250E-04 -2.3131557E-04
       205  3.4223942E-04 -2.3247504E-04
       206  3.4395490E-04 -2.3364033E-04
       207  3.4567899E-04 -2.3481145E-04
       208  3.4741171E-04 -2.3598845E-04
       209  3.4915312E-04 -2.3717135E-04
       210  3.5090325E-04 -2.3836017E-04
       211  3.5266216E-04 -2.3955496E-04
       212  3.5442989E-04 -2.4075573E-04
       213  3.5620648E-04 -2.4196253E-04
       214  3.5799197E-04 -2.4317537E-04
       215  3.5978641E-04 -2.4439429E-04
       216  3.6158985E-04 -2.4561932E-04
       217  3.6340233E-04 -2.4685049E-04
       218  3.6522389E-04 -2.4808783E-04
       219  3.6705458E-04 -2.4933138E-04
       220  3.6889445E-04 -2.5058116E-04
       221  3.7074354E-04 -2.5183720E-04
       222  3.7260190E-04 -2.5309954E-04
       223  3.7446957E-04 -2.5436821E-04
       224  3.7634661E-04 -2.5564323E-04
       225  3.7823306E-04 -2.5692465E-04
       226  3.8012896E-04 -2.5821249E-04
       227  3.8203436E-04 -2.5950678E-04
       228  3.8394932E-04 -2.6080757E-04
       229  3.8587387E-04 -2.6211487E-04
       230  3.8780807E-04 -2.6342873E-04
       231  3.8975197E-04 -2.6474917E-04
       232  3.9170561E-04 -2.6607623E-04
       233  3.9366904E-04 -2.6740994E-04
       234  3.9564231E-04 -2.6875034E-04
       235  3.9762548E-04 -2.7009745E-04
       236  3.9961859E-04 -2.7145132E-04
       237  4.0162168E-04 -2.7281198E-04
       238  4.0363482E-04 -2.7417945E-04
       239  4.0565805E-04 -2.7555378E-04
       240  4.0769142E-04 -2.7693500E-04
       241  4.0973498E-04 -2.7832314E-04
       242  4.1178878E-04 -2.7971825E-04
       243  4.1385288E-04 -2.8112034E-04
       244  4.1592733E-04 -2.8252946E-04
       245  4.1801217E-04 -2.8394564E-04
       246  4.2010747E-04 -2.8536893E-04
       247  4.2221327E-04 -2.8679934E-04
       248  4.2432962E-04 -2.8823693E-04
       249  4.2645658E-04 -2.8968172E-04
       250  4.2859420E-04 -2.9113376E-04
       251  4.3074254E-04 -2.9259307E-04
       252  4.3290165E-04 -2.9405970E-04
       253  4.3507158E-04 -2.9553368E-04
       254  4.3725238E-04 -2.9701505E-04
       255  4.3944412E-04 -2.9850384E-04
       256  4.4164684E-04 -3.0000010E-04
       257  4.4386060E-04 -3.0150386E-04
       258  4.4608546E-04 -3.0301515E-04
       259  4.4832148E-04 -3.0453402E-04
       260  4.5056870E-04 -3.0606050E-04
       261  4.5282718E-04 -3.0759464E-04
       262  4.5509699E-04 -3.0913646E-04
       263  4.5737817E-04 -3.1068601E-04
       264  4.5967079E-04 -3.1224333E-04
       265  4.6197490E-04 -3.1380846E-04
       266  4.6429056E-04 -3.1538143E-04
       267  4.6661782E-04 -3.1696228E-04
       268  4.6895676E-04 -3.1855106E-04
       269  4.7130741E-04 -3.2014781E-04
       270  4.7366985E-04 -3.2175255E-04
       271  4.7604413E-04 -3.2336535E-04
       272  4.7843031E-04 -3.2498622E-04
       273  4.8082845E-04 -3.2661522E-04
       274  4.8323861E-04 -3.2825239E-04
       275  4.8566086E-04 -3.2989776E-04
       276  4.8809524E-04 -3.3155138E-04
       277  4.9054183E-04 -3.3321328E-04
       278  4.9300068E-04 -3.3488352E-04
       279  4.9547186E-04 -3.3656213E-04
       280  4.9795542E-04 -3.3824915E-04
       281  5.0045143E-04 -3.3994464E-04
       282  5.0295996E-04 -3.4164861E-04
       283  5.0548105E-04 -3.4336113E-04
       284  5.0801479E-04 -3.4508224E-04
       285  5.1056122E-04 -3.4681197E-04
       286  5.1312042E-04 -3.4855037E-04
       287  5.1569245E-04 -3.5029749E-04
       288  5.1827737E-04 -3.5205336E-04
       289  5.2087524E-04 -3.5381803E-04
       290  5.2348614E-04 -3.5559155E-04
       291  5.2611013E-04 -3.5737396E-04
       292  5.2874727E-04 -3.5916531E-04
       293  5.3139762E-04 -3.6096563E-04
       294  5.3406126E-04 -3.6277498E-04
       295  5.3673826E-04 -3.6459339E-04
       296  5.3942867E-04 -3.6642092E-04
       297  5.4213257E-04 -3.6825761E-04
       298  5.4485002E-04 -3.7010351E-04
       299  5.4758109E-04 -3.7195866E-04
       300  5.5032585E-04 -3.7382311E-04
       301  5.5308437E-04 -3.7569691E-04
       302  5.5585672E-04 -3.7758010E-04
       303  5.5864296E-04 -3.7947272E-04
       304  5.6144317E-04 -3.8137484E-04
       305  5.6425742E-04 -3.8328649E-04
       306  5.6708577E-04 -3.8520772E-04
       307  5.6992830E-04 -3.8713858E-04
       308  5.7278507E-04 -3.8907912E-04
       309  5.7565617E-04 -3.9102938E-04
       310  5.7854166E-04 -3.9298942E-04
       311  5.8144161E-04 -3.9495929E-04
       312  5.8435610E-04 -3.9693903E-04
       313  5.8728520E-04 -3.9892870E-04
       314  5.9022898E-04 -4.0092833E-04
       315  5.9318751E-04 -4.0293799E-04
       316  5.9616088E-04 -4.0495773E-04
       317  5.9914915E-04 -4.0698759E-04
       318  6.0215239E-04 -4.0902762E-04
       319  6.0517069E-04 -4.1107788E-04
       320  6.0820413E-04 -4.1313841E-04
       321  6.1125276E-04 -4.1520928E-04
       322  6.1431668E-04 -4.1729052E-04
       323  6.1739595E-04 -4.1938220E-04
       324  6.2049066E-04 -4.2148436E-04
       325  6.2360089E-04 -4.2359705E-04
       326  6.2672670E-04 -4.2572034E-04
       327  6.2986818E-04 -4.2785427E-04
       328  6.3302541E-04 -4.2999890E-04
       329  6.3619846E-04 -4.3215428E-04
       330  6.3938742E-04 -4.3432046E-04
       331  6.4259236E-04 -4.3649750E-04
       332  6.4581337E-04 -4.3868545E-04
       333  6.4905052E-04 -4.4088437E-04
       334  6.5230390E-04 -4.4309431E-04
       335  6.5557359E-04 -4.4531533E-04
       336  6.5885966E-04 -4.4754748E-04
       337  6.6216221E-04 -4.4979082E-04
       338  6.6548131E-04 -4.5204540E-04
       339  6.6881705E-04 -4.5431129E-04
       340  6.7216951E-04 -4.5658853E-04
       341  6.7553878E-04 -4.5887719E-04
       342  6.7892493E-04 -4.6117732E-04
       343  6.8232805E-04 -4.6348898E-04
       344  6.8574824E-04 -4.6581222E-04
       345  6.8918556E-04 -4.6814711E-04
       346  6.9264012E-04 -4.7049371E-04
       347  6.9611199E-04 -4.7285207E-04
       348  6.9960127E-04 -4.7522225E-04
       349  7.0310804E-04 -4.7760431E-04
       350  7.0663238E-04 -4.7999831E-04
       351  7.1017439E-04 -4.8240431E-04
       352  7.1373415E-04 -4.8482237E-04
       353  7.1731176E-04 -4.8725255E-04
       354  7.2090730E-04 -4.8969491E-04
       355  7.2452086E-04 -4.9214951E-04
       356  7.2815254E-04 -4.9461642E-04
       357  7.3180242E-04 -4.9709569E-04
       358  7.3547059E-04 -4.9958739E-04
       359  7.3915716E-04 -5.0209158E-04
       360  7.4286220E-04 -5.0460832E-04
       361  7.4658581E-04 -5.0713768E-04
       362  7.5032809E-04 -5.0967972E-04
       363  7.5408912E-04 -5.1223450E-04
       364  7.5786901E-04 -5.1480208E-04
       365  7.6166784E-04 -5.1738253E-04
       366  7.6548572E-04 -5.1997592E-04
       367  7.6932273E-04 -5.2258231E-04
       368  7.7317898E-04 -5.2520176E-04
       369  7.7705455E-04 -5.2783434E-04
       370  7.8094956E-04 -5.3048012E-04
       371  7.8486408E-04 -5.3313916E-04
       372  7.8879823E-04 -5.3581153E-04
       373  7.9275210E-04 -5.3849730E-04
       374  7.9672578E-04 -5.4119652E-04
       375  8.0071939E-04 -5.4390928E-04
       376  8.0473301E-04 -5.4663563E-04
       377  8.0876675E-04 -5.4937565E-04
       378  8.1282071E-04 -5.5212941E-04
       379  8.1689499E-04 -5.5489696E-04
       380  8.2098970E-04 -5.5767839E-04
       381  8.2510492E-04 -5.6047376E-04
       382  8.2924078E-04 -5.6328315E-04
       383  8.3339737E-04 -5.6610661E-04
       384  8.3757479E-04 -5.6894423E-04
       385  8.4177315E-04 -5.7179607E-04
       386  8.4599255E-04 -5.7466221E-04
       387  8.5023311E-04 -5.7754271E-04
       388  8.5449492E-04 -5.8043765E-04
       389  8.5877809E-04 -5.8334711E-04
       390  8.6308274E-04 -5.8627114E-04
       391  8.6740896E-04 -5.8920984E-04
       392  8.7175686E-04 -5.9216326E-04
       393  8.7612656E-04 -5.9513149E-04
       394  8.8051816E-04 -5.9811459E-04
       395  8.8493178E-04 -6.0111265E-04
       396  8.8936752E-04 -6.0412574E-04
       397  8.9382549E-04 -6.0715393E-04
       398  8.9830581E-04 -6.1019729E-04
       399  9.0280859E-04 -6.1325592E-04
       400  9.0733394E-04 -6.1632987E-04
       401  9.1188197E-04 -6.1941923E-04
       402  9.1645279E-04 -6.2252408E-04
       403  9.2104653E-04 -6.2564449E-04
       404  9.2566330E-04 -6.2878054E-04
       405  9.3030320E-04 -6.3193231E-04
       406  9.3496637E-04 -6.3509988E-04
       407  9.3965291E-04 -6.3828333E-04
       408  9.4436294E-04 -6.4148274E-04
       409  9.4909657E-04 -6.4469818E-04
       410  9.5385394E-04 -6.4792974E-04
       411  9.5863515E-04 -6.5117749E-04
       412  9.6344033E-04 -6.5444153E-04
       413  9.6826960E-04 -6.5772193E-04
       414  9.7312307E-04 -6.6101877E-04
       415  9.7800087E-04 -6.6433213E-04
       416  9.8290312E-04 -6.6766210E-04
       417  9.8782994E-04 -6.7100877E-04
       418  9.9278146E-04 -6.7437221E-04
       419  9.9775780E-04 -6.7775251E-04
       420  1.0027591E-03 -6.8114975E-04
       421  1.0077854E-03 -6.8456403E-04
       422  1.0128370E-03 -6.8799541E-04
       423  1.0179138E-03 -6.9144400E-04
       424  1.0230162E-03 -6.9490987E-04
       425  1.0281440E-03 -6.9839311E-04
       426  1.0332976E-03 -7.0189382E-04
       427  1.0384771E-03 -7.0541207E-04
       428  1.0436825E-03 -7.0894796E-04
       429  1.0489139E-03 -7.1250157E-04
       430  1.0541716E-03 -7.1607299E-04
       431  1.0594557E-03 -7.1966231E-04
       432  1.0647662E-03 -7.2326963E-04
       433  1.0701034E-03 -7.2689503E-04
       434  1.0754673E-03 -7.3053860E-04
       435  1.0808581E-03 -7.3420043E-04
       436  1.0862759E-03 -7.3788062E-04
       437  1.0917209E-03 -7.4157925E-04
       438  1.0971932E-03 -7.4529643E-04
       439  1.1026929E-03 -7.4903224E-04
       440  1.1082202E-03 -7.5278677E-04
       441  1.1137751E-03 -7.5656012E-04
       442  1.1193580E-03 -7.6035239E-04
       443  1.1249688E-03 -7.6416366E-04
       444  1.1306077E-03 -7.6799404E-04
       445  1.1362749E-03 -7.7184362E-04
       446  1.1419705E-03 -7.7571249E-04
       447  1.1476947E-03 -7.7960076E-04
       448  1.1534475E-03 -7.8350852E-04
       449  1.1592292E-03 -7.8743586E-04
       450  1.1650398E-03 -7.9138289E-04
       451  1.1708796E-03 -7.9534971E-04
       452  1.1767487E-03 -7.9933641E-04
       453  1.1826472E-03 -8.0334309E-04
       454  1.1885752E-03 -8.0736985E-04
       455  1.1945330E-03 -8.1141680E-04
       456  1.2005206E-03 -8.1548404E-04
       457  1.2065382E-03 -8.1957166E-04
       458  1.2125860E-03 -8.2367977E-04
       459  1.2186641E-03 -8.2780847E-04
       460  1.2247727E-03 -8.3195787E-04
       461  1.2309119E-03 -8.3612807E-04
       462  1.2370819E-03 -8.4031917E-04
       463  1.2432828E-03 -8.4453127E-04
       464  1.2495148E-03 -8.4876449E-04
       465  1.2557780E-03 -8.5301893E-04
       466  1.2620726E-03 -8.5729470E-04
       467  1.2683988E-03 -8.6159189E-04
       468  1.2747566E-03 -8.6591063E-04
       469  1.2811464E-03 -8.7025101E-04
       470  1.2875681E-03 -8.7461316E-04
       471  1.2940221E-03 -8.7899716E-04
       472  1.3005084E-03 -8.8340314E-04
       473  1.3070272E-03 -8.8783121E-04
       474  1.3135787E-03 -8.9228147E-04
       475  1.3201631E-03 -8.9675403E-04
       476  1.3267804E-03 -9.0124902E-04
       477  1.3334309E-03 -9.0576654E-04
       478  1.3401148E-03 -9.1030670E-04
       479  1.3468321E-03 -9.1486962E-04
       480  1.3535832E-03 -9.1945541E-04
       481  1.3603680E-03 -9.2406418E-04
       482  1.3671869E-03 -9.2869606E-04
       483  1.3740400E-03 -9.3335116E-04
       484  1.3809274E-03 -9.3802958E-04
       485  1.3878493E-03 -9.4273146E-04
       486  1.3948059E-03 -9.4745691E-04
       487  1.4017974E-03 -9.5220604E-04
       488  1.4088240E-03 -9.5697898E-04
       489  1.4158857E-03 -9.6177584E-04
       490  1.4229829E-03 -9.6659675E-04
       491  1.4301156E-03 -9.7144182E-04
       492  1.4372841E-03 -9.7631118E-04
       493  1.4444885E-03 -9.8120494E-04
       494  1.4517290E-03 -9.8612324E-04
       495  1.4590058E-03 -9.9106618E-04
       496  1.4663191E-03 -9.9603391E-04
       497  1.4736691E-03 -1.0010265E-03
       498  1.4810559E-03 -1.0060442E-03
       499  1.4884797E-03 -1.0110870E-03
       500  1.4959408E-03 -1.0161551E-03
       501  1.5034392E-03 -1.0212485E-03
       502  1.5109752E-03 -1.0263676E-03
       503  1.5185490E-03 -1.0315122E-03
       504  1.5261608E-03 -1.0366827E-03
       505  1.5338107E-03 -1.0418791E-03
       506  1.5414989E-03 -1.0471015E-03
       507  1.5492257E-03 -1.0523501E-03
       508  1.5569913E-03 -1.0576250E-03
       509  1.5647957E-03 -1.0629263E-03
       510  1.5726393E-03 -1.0682542E-03
       511  1.5805222E-03 -1.0736089E-03
       512  1.5884446E-03 -1.0789903E-03
       513  1.5964067E-03 -1.0843988E-03
       514  1.6044087E-03 -1.0898343E-03
       515  1.6124508E-03 -1.0952971E-03
       516  1.6205333E-03 -1.1007873E-03
       517  1.6286562E-03 -1.1063050E-03
       518  1.6368199E-03 -1.1118504E-03
       519  1.6450245E-03 -1.1174235E-03
       520  1.6532702E-03 -1.1230246E-03
       521  1.6615573E-03 -1.1286537E-03
       522  1.6698859E-03 -1.1343111E-03
       523  1.6782562E-03 -1.1399969E-03
       524  1.6866685E-03 -1.1457111E-03
       525  1.6951230E-03 -1.1514540E-03
       526  1.7036198E-03 -1.1572256E-03
       527  1.7121592E-03 -1.1630262E-03
       528  1.7207415E-03 -1.1688559E-03
       529  1.7293667E-03 -1.1747148E-03
       530  1.7380352E-03 -1.1806030E-03
       531  1.7467471E-03 -1.1865208E-03
       532  1.7555027E-03 -1.1924682E-03
       533  1.7643022E-03 -1.1984455E-03
       534  1.7731458E-03 -1.2044527E-03
       535  1.7820338E-03 -1.2104900E-03
       536  1.7909663E-03 -1.2165576E-03
       537  1.7999435E-03 -1.2226556E-03
       538  1.8089658E-03 -1.2287841E-03
       539  1.8180332E-03 -1.2349434E-03
       540  1.8271462E-03 -1.2411335E-03
       541  1.8363048E-03 -1.2473547E-03
       542  1.8455093E-03 -1.2536071E-03
       543  1.8547599E-03 -1.2598908E-03
       544  1.8640570E-03 -1.2662060E-03
       545  1.8734006E-03 -1.2725528E-03
       546  1.8827911E-03 -1.2789315E-03
       547  1.8922286E-03 -1.2853421E-03
       548  1.9017134E-03 -1.2917849E-03
       549  1.9112458E-03 -1.2982599E-03
       550  1.9208260E-03 -1.3047675E-03
       551  1.9304541E-03 -1.3113076E-03
       552  1.9401306E-03 -1.3178805E-03
       553  1.9498555E-03 -1.3244864E-03
       554  1.9596292E-03 -1.3311254E-03
       555  1.9694519E-03 -1.3377976E-03
       556  1.9793238E-03 -1.3445033E-03
       557  1.9892452E-03 -1.3512426E-03
       558  1.9992164E-03 -1.3580157E-03
       559  2.0092375E-03 -1.3648227E-03
       560  2.0193088E-03 -1.3716639E-03
       561  2.0294306E-03 -1.3785394E-03
       562  2.0396032E-03 -1.3854493E-03
       563  2.0498268E-03 -1.3923938E-03
       564  2.0601016E-03 -1.3993732E-03
       565  2.0704279E-03 -1.4063875E-03
       566  2.0808059E-03 -1.4134370E-03
       567  2.0912360E-03 -1.4205219E-03
       568  2.1017184E-03 -1.4276422E-03
       569  2.1122533E-03 -1.4347982E-03
       570  2.1228410E-03 -1.4419901E-03
       571  2.1334818E-03 -1.4492181E-03
       572  2.1441759E-03 -1.4564823E-03
       573  2.1549236E-03 -1.4637829E-03
       574  2.1657252E-03 -1.4711201E-03
       575  2.1765810E-03 -1.4784940E-03
       576  2.1874911E-03 -1.4859050E-03
       577  2.1984560E-03 -1.4933530E-03
       578  2.2094758E-03 -1.5008384E-03
       579  2.2205508E-03 -1.5083614E-03
       580  2.2316814E-03 -1.5159220E-03
       581  2.2428677E-03 -1.5235205E-03
       582  2.2541101E-03 -1.5311572E-03
       583  2.2654089E-03 -1.5388321E-03
       584  2.2767643E-03 -1.5465454E-03
       585  2.2881767E-03 -1.5542974E-03
       586  2.2996462E-03 -1.5620883E-03
       587  2.3111732E-03 -1.5699183E-03
       588  2.3227580E-03 -1.5777874E-03
       589  2.3344009E-03 -1.5856961E-03
       590  2.3461021E-03 -1.5936443E-03
       591  2.3578620E-03 -1.6016325E-03
       592  2.3696808E-03 -1.6096606E-03
       593  2.3815589E-03 -1.6177290E-03
       594  2.3934965E-03 -1.6258378E-03
       595  2.4054940E-03 -1.6339873E-03
       596  2.4175516E-03 -1.6421776E-03
       597  2.4296696E-03 -1.6504090E-03
       598  2.4418484E-03 -1.6586816E-03
       599  2.4540882E-03 -1.6669957E-03
       600  2.4663893E-03 -1.6753515E-03
       601  2.4787522E-03 -1.6837491E-03
       602  2.4911770E-03 -1.6921889E-03
       603  2.5036641E-03 -1.7006709E-03
       604  2.5162137E-03 -1.7091955E-03
       605  2.5288263E-03 -1.7177628E-03
       606  2.5415021E-03 -1.7263730E-03
       607  2.5542414E-03 -1.7350264E-03
       608  2.5670446E-03 -1.7437232E-03
       609  2.5799120E-03 -1.7524636E-03
       610  2.5928438E-03 -1.7612477E-03
       611  2.6058405E-03 -1.7700759E-03
       612  2.6189023E-03 -1.7789484E-03
       613  2.6320297E-03 -1.7878653E-03
       614  2.6452228E-03 -1.7968269E-03
       615  2.6584820E-03 -1.8058334E-03
       616  2.6718077E-03 -1.8148851E-03
       617  2.6852002E-03 -1.8239822E-03
       618  2.6986598E-03 -1.8331248E-03
       619  2.7121869E-03 -1.8423133E-03
       620  2.7257818E-03 -1.8515478E-03
       621  2.7394448E-03 -1.8608286E-03
       622  2.7531763E-03 -1.8701560E-03
       623  2.7669767E-03 -1.8795301E-03
       624  2.7808462E-03 -1.8889511E-03
       625  2.7947853E-03 -1.8984194E-03
       626  2.8087942E-03 -1.9079352E-03
       627  2.8228733E-03 -1.9174986E-03
       628  2.8370230E-03 -1.9271100E-03
       629  2.8512437E-03 -1.9367696E-03
       630  2.8655356E-03 -1.9464775E-03
       631  2.8798992E-03 -1.9562342E-03
       632  2.8943347E-03 -1.9660397E-03
       633  2.9088426E-03 -1.9758944E-03
       634  2.9234233E-03 -1.9857985E-03
       635  2.9380770E-03 -1.9957522E-03
       636  2.9528042E-03 -2.0057558E-03
       637  2.9676051E-03 -2.0158096E-03
       638  2.9824803E-03 -2.0259137E-03
       639  2.9974301E-03 -2.0360685E-03
       640  3.0124548E-03 -2.0462742E-03
       641  3.0275547E-03 -2.0565311E-03
       642  3.0427304E-03 -2.0668393E-03
       643  3.0579822E-03 -2.0771992E-03
       644  3.0733104E-03 -2.0876111E-03
       645  3.0887154E-03 -2.0980751E-03
       646  3.1041977E-03 -2.1085916E-03
       647  3.1197575E-03 -2.1191608E-03
       648  3.1353954E-03 -2.1297830E-03
       649  3.1511116E-03 -2.1404584E-03
       650  3.1669066E-03 -2.1511873E-03
       651  3.1827808E-03 -2.1619700E-03
       652  3.1987346E-03 -2.1728068E-03
       653  3.2147683E-03 -2.1836979E-03
       654  3.2308824E-03 -2.1946435E-03
       655  3.2470772E-03 -2.2056440E-03
       656  3.2633533E-03 -2.2166997E-03
       657  3.2797109E-03 -2.2278108E-03
       658  3.2961505E-03 -2.2389775E-03
       659  3.3126725E-03 -2.2502003E-03
       660  3.3292774E-03 -2.2614792E-03
       661  3.3459655E-03 -2.2728148E-03
       662  3.3627372E-03 -2.2842071E-03
       663  3.3795930E-03 -2.2956565E-03
       664  3.3965332E-03 -2.3071633E-03
       665  3.4135584E-03 -2.3187278E-03
       666  3.4306690E-03 -2.3303503E-03
       667  3.4478653E-03 -2.3420310E-03
       668  3.4651478E-03 -2.3537703E-03
       669  3.4825169E-03 -2.3655684E-03
       670  3.4999731E-03 -2.3774256E-03
       671  3.5175168E-03 -2.3893423E-03
       672  3.5351484E-03 -2.4013187E-03
       673  3.5528684E-03 -2.4133551E-03
       674  3.5706772E-03 -2.4254519E-03
       675  3.5885753E-03 -2.4376092E-03
       676  3.6065631E-03 -2.4498276E-03
       677  3.6246411E-03 -2.4621071E-03
       678  3.6428097E-03 -2.4744482E-03
       679  3.6610694E-03 -2.4868512E-03
       680  3.6794205E-03 -2.4993163E-03
       681  3.6978637E-03 -2.5118440E-03
       682  3.7163993E-03 -2.5244344E-03
       683  3.7350279E-03 -2.5370879E-03
       684  3.7537498E-03 -2.5498048E-03
       685  3.7725655E-03 -2.5625855E-03
       686  3.7914756E-03 -2.5754302E-03
       687  3.8104804E-03 -2.5883393E-03
       688  3.8295805E-03 -2.6013131E-03
       689  3.8487764E-03 -2.6143520E-03
       690  3.8680685E-03 -2.6274562E-03
       691  3.8874572E-03 -2.6406260E-03
       692  3.9069432E-03 -2.6538619E-03
       693  3.9265268E-03 -2.6671641E-03
       694  3.9462086E-03 -2.6805330E-03
       695  3.9659891E-03 -2.6939689E-03
       696  3.9858687E-03 -2.7074722E-03
       697  4.0058479E-03 -2.7210431E-03
       698  4.0259273E-03 -2.7346820E-03
       699  4.0461074E-03 -2.7483893E-03
       700  4.0663886E-03 -2.7621654E-03
       701  4.0867714E-03 -2.7760104E-03
       702  4.1072565E-03 -2.7899249E-03
       703  4.1278442E-03 -2.8039090E-03
       704  4.1485351E-03 -2.8179633E-03
       705  4.1693297E-03 -2.8320881E-03
       706  4.1902285E-03 -2.8462836E-03
       707  4.2112322E-03 -2.8605502E-03
       708  4.2323410E-03 -2.8748884E-03
       709  4.2535557E-03 -2.8892984E-03
       710  4.2748768E-03 -2.9037807E-03
       711  4.2963047E-03 -2.9183356E-03
       712  4.3178400E-03 -2.9329633E-03
       713  4.3394833E-03 -2.9476645E-03
       714  4.3612350E-03 -2.9624393E-03
       715  4.3830958E-03 -2.9772881E-03
       716  4.4050662E-03 -2.9922114E-03
       717  4.4271466E-03 -3.0072095E-03
       718  4.4493378E-03 -3.0222827E-03
       719  4.4716402E-03 -3.0374315E-03
       720  4.4940544E-03 -3.0526562E-03
       721  4.5165809E-03 -3.0679572E-03
       722  4.5392204E-03 -3.0833349E-03
       723  4.5619733E-03 -3.0987897E-03
       724  4.5848403E-03 -3.1143220E-03
       725  4.6078219E-03 -3.1299321E-03
       726  4.6309187E-03 -3.1456204E-03
       727  4.6541313E-03 -3.1613873E-03
       728  4.6774602E-03 -3.1772333E-03
       729  4.7009061E-03 -3.1931587E-03
       730  4.7244695E-03 -3.2091640E-03
       731  4.7481510E-03 -3.2252494E-03
       732  4.7719512E-03 -3.2414155E-03
       733  4.7958707E-03 -3.2576626E-03
       734  4.8199101E-03 -3.2739911E-03
       735  4.8440700E-03 -3.2904014E-03
       736  4.8683510E-03 -3.3068940E-03
       737  4.8927537E-03 -3.3234693E-03
       738  4.9172788E-03 -3.3401276E-03
       739  4.9419267E-03 -3.3568695E-03
       740  4.9666982E-03 -3.3736952E-03
       741  4.9915939E-03 -3.3906053E-03
       742  5.0166144E-03 -3.4076001E-03
       743  5.0417603E-03 -3.4246801E-03
       744  5.0670322E-03 -3.4418457E-03
       745  5.0924308E-03 -3.4590973E-03
       746  5.1179567E-03 -3.4764354E-03
       747  5.1436106E-03 -3.4938604E-03
       748  5.1693930E-03 -3.5113728E-03
       749  5.1953047E-03 -3.5289729E-03
       750  5.2213463E-03 -3.5466612E-03
       751  5.2475184E-03 -3.5644381E-03
       752  5.2738217E-03 -3.5823042E-03
       753  5.3002568E-03 -3.6002598E-03
       754  5.3268245E-03 -3.6183054E-03
       755  5.3535253E-03 -3.6364414E-03
       756  5.3803600E-03 -3.6546683E-03
       757  5.4073291E-03 -3.6729866E-03
       758  5.4344335E-03 -3.6913967E-03
       759  5.4616737E-03 -3.7098990E-03
       760  5.4890504E-03 -3.7284941E-03
       761  5.5165644E-03 -3.7471824E-03
       762  5.5442163E-03 -3.7659643E-03
       763  5.5720068E-03 -3.7848404E-03
       764  5.5999366E-03 -3.8038111E-03
       765  5.6280064E-03 -3.8228768E-03
       766  5.6562169E-03 -3.8420381E-03
       767  5.6845688E-03 -3.8612955E-03
       768  5.7130628E-03 -3.8806493E-03
       769  5.7416997E-03 -3.9001002E-03
       770  5.7704801E-03 -3.9196485E-03
       771  5.7994047E-03 -3.9392948E-03
       772  5.8284744E-03 -3.9590396E-03
       773  5.8576897E-03 -3.9788833E-03
       774  5.8870515E-03 -3.9988265E-03
       775  5.9165605E-03 -4.0188696E-03
       776  5.9462174E-03 -4.0390132E-03
       777  5.9760229E-03 -4.0592577E-03
       778  6.0059778E-03 -4.0796037E-03
       779  6.0360829E-03 -4.1000516E-03
       780  6.0663389E-03 -4.1206021E-03
       781  6.0967466E-03 -4.1412555E-03
       782  6.1273066E-03 -4.1620124E-03
       783  6.1580199E-03 -4.1828734E-03
       784  6.1888871E-03 -4.2038389E-03
       785  6.2199090E-03 -4.2249094E-03
       786  6.2510864E-03 -4.2460856E-03
       787  6.2824201E-03 -4.2673679E-03
       788  6.3139109E-03 -4.2887569E-03
       789  6.3455595E-03 -4.3102530E-03
       790  6.3773668E-03 -4.3318569E-03
       791  6.4093334E-03 -4.3535691E-03
       792  6.4414604E-03 -4.3753900E-03
       793  6.4737483E-03 -4.3973203E-03
       794  6.5061981E-03 -4.4193606E-03
       795  6.5388106E-03 -4.4415112E-03
       796  6.5715865E-03 -4.4637729E-03
       797  6.6045267E-03 -4.4861462E-03
       798  6.6376320E-03 -4.5086316E-03
       799  6.6709033E-03 -4.5312296E-03
       800  6.7043413E-03 -4.5539409E-03
       801  6.7379470E-03 -4.5767661E-03
       802  6.7717211E-03 -4.5997056E-03
       803  6.8056645E-03 -4.6227600E-03
       804  6.8397780E-03 -4.6459301E-03
       805  6.8740626E-03 -4.6692162E-03
       806  6.9085189E-03 -4.6926190E-03
       807  6.9431480E-03 -4.7161391E-03
       808  6.9779507E-03 -4.7397771E-03
       809  7.0129278E-03 -4.7635335E-03
       810  7.0480803E-03 -4.7874090E-03
       811  7.0834089E-03 -4.8114041E-03
       812  7.1189147E-03 -4.8355195E-03
       813  7.1545984E-03 -4.8597558E-03
       814  7.1904609E-03 -4.8841134E-03
       815  7.2265033E-03 -4.9085932E-03
       816  7.2627263E-03 -4.9331956E-03
       817  7.2991308E-03 -4.9579213E-03
       818  7.3357179E-03 -4.9827710E-03
       819  7.3724883E-03 -5.0077451E-03
       820  7.4094431E-03 -5.0328444E-03
       821  7.4465831E-03 -5.0580695E-03
       822  7.4839092E-03 -5.0834210E-03
       823  7.5214225E-03 -5.1088995E-03
       824  7.5591238E-03 -5.1345057E-03
       825  7.5970140E-03 -5.1602403E-03
       826  7.6350942E-03 -5.1861038E-03
       827  7.6733653E-03 -5.2120969E-03
       828  7.7118282E-03 -5.2382202E-03
       829  7.7504839E-03 -5.2644745E-03
       830  7.7893334E-03 -5.2908603E-03
       831  7.8283775E-03 -5.3173783E-03
       832  7.8676175E-03 -5.3440293E-03
       833  7.9070541E-03 -5.3708138E-03
       834  7.9466883E-03 -5.3977325E-03
       835  7.9865213E-03 -5.4247860E-03
       836  8.0265539E-03 -5.4519752E-03
       837  8.0667871E-03 -5.4793006E-03
       838  8.1072221E-03 -5.5067629E-03
       839  8.1478597E-03 -5.5343629E-03
       840  8.1887010E-03 -5.5621011E-03
       841  8.2297470E-03 -5.5899784E-03
       842  8.2709988E-03 -5.6179953E-03
       843  8.3124574E-03 -5.6461526E-03
       844  8.3541237E-03 -5.6744510E-03
       845  8.3959990E-03 -5.7028913E-03
       846  8.4380841E-03 -5.7314740E-03
       847  8.4803802E-03 -5.7601999E-03
       848  8.5228882E-03 -5.7890698E-03
       849  8.5656094E-03 -5.8180844E-03
       850  8.6085447E-03 -5.8472443E-03
       851  8.6516952E-03 -5.8765504E-03
       852  8.6950620E-03 -5.9060033E-03
       853  8.7386462E-03 -5.9356038E-03
       854  8.7824488E-03 -5.9653526E-03
       855  8.8264710E-03 -5.9952504E-03
       856  8.8707139E-03 -6.0252981E-03
       857  8.9151785E-03 -6.0554964E-03
       858  8.9598661E-03 -6.0858459E-03
       859  9.0047776E-03 -6.1163475E-03
       860  9.0499142E-03 -6.1470020E-03
       861  9.0952771E-03 -6.1778100E-03
       862  9.1408674E-03 -6.2087724E-03
       863  9.1866862E-03 -6.2398900E-03
       864  9.2327346E-03 -6.2711635E-03
       865  9.2790139E-03 -6.3025937E-03
       866  9.3255251E-03 -6.3341813E-03
       867  9.3722695E-03 -6.3659272E-03
       868  9.4192482E-03 -6.3978322E-03
       869  9.4664624E-03 -6.4298971E-03
       870  9.5139132E-03 -6.4621226E-03
       871  9.5616019E-03 -6.4945095E-03
       872  9.6095297E-03 -6.5270588E-03
       873  9.6576976E-03 -6.5597711E-03
       874  9.7061070E-03 -6.5926473E-03
       875  9.7547591E-03 -6.6256882E-03
       876  9.8036550E-03 -6.6588947E-03
       877  9.8527961E-03 -6.6922676E-03
       878  9.9021834E-03 -6.7258077E-03
       879  9.9518183E-03 -6.7595158E-03
       880  1.0001702E-02 -6.7933928E-03
       881  1.0051836E-02 -6.8274395E-03
       882  1.0102221E-02 -6.8616568E-03
       883  1.0152858E-02 -6.8960455E-03
       884  1.0203750E-02 -6.9306066E-03
       885  1.0254896E-02 -6.9653407E-03
       886  1.0306299E-02 -7.0002490E-03
       887  1.0357960E-02 -7.0353321E-03
       888  1.0409879E-02 -7.0705909E-03
       889  1.0462059E-02 -7.1060264E-03
       890  1.0514500E-02 -7.1416395E-03
       891  1.0567204E-02 -7.1774309E-03
       892  1.0620173E-02 -7.2134017E-03
       893  1.0673407E-02 -7.2495527E-03
       894  1.0726907E-02 -7.2858848E-03
       895  1.0780676E-02 -7.3223989E-03
       896  1.0834714E-02 -7.3590960E-03
       897  1.0889024E-02 -7.3959768E-03
       898  1.0943605E-02 -7.4330425E-03
       899  1.0998460E-02 -7.4702938E-03
       900  1.1053590E-02 -7.5077318E-03
       901  1.1108997E-02 -7.5453573E-03
       902  1.1164681E-02 -7.5831713E-03
       903  1.1220644E-02 -7.6211747E-03
       904  1.1276888E-02 -7.6593686E-03
       905  1.1333413E-02 -7.6977537E-03
       906  1.1390222E-02 -7.7363312E-03
       907  1.1447316E-02 -7.7751019E-03
       908  1.1504696E-02 -7.8140668E-03
       909  1.1562363E-02 -7.8532269E-03
       910  1.1620320E-02 -7.8925832E-03
       911  1.1678567E-02 -7.9321366E-03
       912  1.1737106E-02 -7.9718882E-03
       913  1.1795939E-02 -8.0118389E-03
       914  1.1855066E-02 -8.0519897E-03
       915  1.1914490E-02 -8.0923416E-03
       916  1.1974211E-02 -8.1328957E-03
       917  1.2034232E-02 -8.1736529E-03
       918  1.2094554E-02 -8.2146143E-03
       919  1.2155178E-02 -8.2557809E-03
       920  1.2216106E-02 -8.2971536E-03
       921  1.2277340E-02 -8.3387336E-03
       922  1.2338880E-02 -8.3805219E-03
       923  1.2400729E-02 -8.4225195E-03
       924  1.2462888E-02 -8.4647275E-03
       925  1.2525359E-02 -8.5071468E-03
       926  1.2588142E-02 -8.5497787E-03
       927  1.2651241E-02 -8.5926241E-03
       928  1.2714655E-02 -8.6356841E-03
       929  1.2778388E-02 -8.6789597E-03
       930  1.2842440E-02 -8.7224521E-03
       931  1.2906813E-02 -8.7661624E-03
       932  1.2971508E-02 -8.8100916E-03
       933  1.3036528E-02 -8.8542408E-03
       934  1.3101874E-02 -8.8986111E-03
       935  1.3167547E-02 -8.9432037E-03
       936  1.3233550E-02 -8.9880196E-03
       937  1.3299884E-02 -9.0330600E-03
       938  1.3366549E-02 -9.0783259E-03
       939  1.3433550E-02 -9.1238186E-03
       940  1.3500886E-02 -9.1695391E-03
       941  1.3568559E-02 -9.2154886E-03
       942  1.3636572E-02 -9.2616682E-03
       943  1.3704925E-02 -9.3080791E-03
       944  1.3773622E-02 -9.3547224E-03
       945  1.3842662E-02 -9.4015993E-03
       946  1.3912049E-02 -9.4487109E-03
       947  1.3981783E-02 -9.4960586E-03
       948  1.4051867E-02 -9.5436433E-03
       949  1.4122302E-02 -9.5914663E-03
       950  1.4193091E-02 -9.6395288E-03
       951  1.4264234E-02 -9.6878320E-03
       952  1.4335734E-02 -9.7363771E-03
       953  1.4407592E-02 -9.7851653E-03
       954  1.4479810E-02 -9.8341978E-03
       955  1.4552391E-02 -9.8834759E-03
       956  1.4625335E-02 -9.9330007E-03
       957  1.4698645E-02 -9.9827735E-03
       958  1.4772322E-02 -1.0032796E-02
       959  1.4846368E-02 -1.0083068E-02
       960  1.4920786E-02 -1.0133592E-02
       961  1.4995577E-02 -1.0184370E-02
       962  1.5070742E-02 -1.0235401E-02
       963  1.5146285E-02 -1.0286688E-02
       964  1.5222206E-02 -1.0338232E-02
       965  1.5298508E-02 -1.0390034E-02
       966  1.5375192E-02 -1.0442095E-02
       967  1.5452260E-02 -1.0494417E-02
       968  1.5529715E-02 -1.0547001E-02
       969  1.5607558E-02 -1.0599848E-02
       970  1.5685791E-02 -1.0652960E-02
       971  1.5764416E-02 -1.0706338E-02
       972  1.5843436E-02 -1.0759983E-02
       973  1.5922852E-02 -1.0813897E-02
       974  1.6002665E-02 -1.0868080E-02
       975  1.6082879E-02 -1.0922535E-02
       976  1.6163495E-02 -1.0977262E-02
       977  1.6244514E-02 -1.1032264E-02
       978  1.6325940E-02 -1.1087540E-02
       979  1.6407775E-02 -1.1143094E-02
       980  1.6490019E-02 -1.1198926E-02
       981  1.6572675E-02 -1.1255037E-02
       982  1.6655746E-02 -1.1311429E-02
       983  1.6739234E-02 -1.1368103E-02
       984  1.6823139E-02 -1.1425061E-02
       985  1.6907466E-02 -1.1482304E-02
       986  1.6992215E-02 -1.1539834E-02
       987  1.7077389E-02 -1.1597652E-02
       988  1.7162989E-02 -1.1655759E-02
       989  1.7249019E-02 -1.1714157E-02
       990  1.7335480E-02 -1.1772847E-02
       991  1.7422375E-02 -1.1831831E-02
       992  1.7509705E-02 -1.1891110E-02
       993  1.7597472E-02 -1.1950686E-02
       994  1.7685680E-02 -1.2010561E-02
       995  1.7774330E-02 -1.2070734E-02
       996  1.7863424E-02 -1.2131209E-02
       997  1.7952965E-02 -1.2191987E-02
       998  1.8042955E-02 -1.2253069E-02
       999  1.8133395E-02 -1.2314457E-02
      1000  1.8224289E-02 -1.2376152E-02
      1001  1.8315639E-02 -1.2438155E-02
      1002  1.8407446E-02 -1.2500469E-02
      1003  1.8499714E-02 -1.2563095E-02
      1004  1.8592444E-02 -1.2626035E-02
      1005  1.8685639E-02 -1.2689289E-02
      1006  1.8779301E-02 -1.2752860E-02
      1007  1.8873433E-02 -1.2816749E-02
      1008  1.8968037E-02 -1.2880957E-02
      1009  1.9063114E-02 -1.2945487E-02
      1010  1.9158669E-02 -1.3010340E-02
      1011  1.9254702E-02 -1.3075517E-02
      1012  1.9351216E-02 -1.3141021E-02
      1013  1.9448215E-02 -1.3206852E-02
      1014  1.9545699E-02 -1.3273013E-02
      1015  1.9643673E-02 -1.3339505E-02
      1016  1.9742137E-02 -1.3406329E-02
      1017  1.9841095E-02 -1.3473488E-02
      1018  1.9940549E-02 -1.3540983E-02
      1019  2.0040501E-02 -1.3608815E-02
      1020  2.0140954E-02 -1.3676987E-02
      1021  2.0241911E-02 -1.3745500E-02
      1022  2.0343374E-02 -1.3814355E-02
      1023  2.0445346E-02 -1.3883556E-02
      1024  2.0547829E-02 -1.3953102E-02
      1025  2.0650825E-02 -1.4022996E-02
      1026  2.0754338E-02 -1.4093240E-02
      1027  2.0858369E-02 -1.4163836E-02
      1028  2.0962922E-02 -1.4234784E-02
      1029  2.1068000E-02 -1.4306088E-02
      1030  2.1173603E-02 -1.4377748E-02
      1031  2.1279736E-02 -1.4449766E-02
      1032  2.1386402E-02 -1.4522145E-02
      1033  2.1493601E-02 -1.4594886E-02
      1034  2.1601338E-02 -1.4667990E-02
      1035  2.1709616E-02 -1.4741460E-02
      1036  2.1818436E-02 -1.4815298E-02
      1037  2.1927801E-02 -1.4889505E-02
      1038  2.2037714E-02 -1.4964083E-02
      1039  2.2148179E-02 -1.5039034E-02
      1040  2.2259197E-02 -1.5114360E-02
      1041  2.2370772E-02 -1.5190063E-02
      1042  2.2482906E-02 -1.5266144E-02
      1043  2.2595602E-02 -1.5342606E-02
      1044  2.2708863E-02 -1.5419450E-02
      1045  2.2822691E-02 -1.5496678E-02
      1046  2.2937091E-02 -1.5574293E-02
      1047  2.3052063E-02 -1.5652296E-02
      1048  2.3167612E-02 -1.5730688E-02
      1049  2.3283740E-02 -1.5809473E-02
      1050  2.3400451E-02 -1.5888651E-02
      1051  2.3517746E-02 -1.5968226E-02
      1052  2.3635629E-02 -1.6048198E-02
      1053  2.3754103E-02 -1.6128570E-02
      1054  2.3873171E-02 -1.6209344E-02
      1055  2.3992836E-02 -1.6290521E-02
      1056  2.4113100E-02 -1.6372105E-02
      1057  2.4233968E-02 -1.6454096E-02
      1058  2.4355441E-02 -1.6536497E-02
      1059  2.4477523E-02 -1.6619310E-02
      1060  2.4600217E-02 -1.6702537E-02
      1061  2.4723526E-02 -1.6786180E-02
      1062  2.4847454E-02 -1.6870242E-02
      1063  2.4972002E-02 -1.6954723E-02
      1064  2.5097175E-02 -1.7039626E-02
      1065  2.5222975E-02 -1.7124954E-02
      1066  2.5349406E-02 -1.7210708E-02
      1067  2.5476470E-02 -1.7296891E-02
      1068  2.5604171E-02 -1.7383505E-02
      1069  2.5732513E-02 -1.7470551E-02
      1070  2.5861497E-02 -1.7558032E-02
      1071  2.5991129E-02 -1.7645951E-02
      1072  2.6121410E-02 -1.7734309E-02
      1073  2.6252344E-02 -1.7823108E-02
      1074  2.6383934E-02 -1.7912351E-02
      1075  2.6516184E-02 -1.8002040E-02
      1076  2.6649097E-02 -1.8092176E-02
      1077  2.6782676E-02 -1.8182764E-02
      1078  2.6916925E-02 -1.8273804E-02
      1079  2.7051847E-02 -1.8365298E-02
      1080  2.7187445E-02 -1.8457250E-02
      1081  2.7323722E-02 -1.8549661E-02
      1082  2.7460683E-02 -1.8642533E-02
      1083  2.7598330E-02 -1.8735870E-02
      1084  2.7736668E-02 -1.8829673E-02
      1085  2.7875698E-02 -1.8923944E-02
      1086  2.8015426E-02 -1.9018686E-02
      1087  2.8155854E-02 -1.9113901E-02
      1088  2.8296985E-02 -1.9209592E-02
      1089  2.8438825E-02 -1.9305760E-02
      1090  2.8581375E-02 -1.9402409E-02
      1091  2.8724640E-02 -1.9499540E-02
      1092  2.8868623E-02 -1.9597157E-02
      1093  2.9013327E-02 -1.9695261E-02
      1094  2.9158757E-02 -1.9793854E-02
      1095  2.9304916E-02 -1.9892940E-02
      1096  2.9451807E-02 -1.9992521E-02
      1097  2.9599435E-02 -2.0092599E-02
      1098  2.9747803E-02 -2.0193176E-02
      1099  2.9896914E-02 -2.0294255E-02
      1100  3.0046773E-02 -2.0395839E-02
      1101  3.0197383E-02 -2.0497930E-02
      1102  3.0348748E-02 -2.0600531E-02
      1103  3.0500872E-02 -2.0703643E-02
      1104  3.0653758E-02 -2.0807271E-02
      1105  3.0807411E-02 -2.0911415E-02
      1106  3.0961834E-02 -2.1016079E-02
      1107  3.1117031E-02 -2.1121266E-02
      1108  3.1273005E-02 -2.1226977E-02
      1109  3.1429762E-02 -2.1333216E-02
      1110  3.1587304E-02 -2.1439985E-02
      1111  3.1745636E-02 -2.1547286E-02
      1112  3.1904762E-02 -2.1655123E-02
      1113  3.2064685E-02 -2.1763498E-02
      1114  3.2225410E-02 -2.1872414E-02
      1115  3.2386941E-02 -2.1981873E-02
      1116  3.2549281E-02 -2.2091877E-02
      1117  3.2712435E-02 -2.2202431E-02
      1118  3.2876407E-02 -2.2313536E-02
      1119  3.3041200E-02 -2.2425195E-02
      1120  3.3206820E-02 -2.2537411E-02
      1121  3.3373270E-02 -2.2650186E-02
      1122  3.3540554E-02 -2.2763524E-02
      1123  3.3708677E-02 -2.2877427E-02
      1124  3.3877642E-02 -2.2991898E-02
      1125  3.4047455E-02 -2.3106940E-02
      1126  3.4218118E-02 -2.3222555E-02
      1127  3.4389637E-02 -2.3338746E-02
      1128  3.4562016E-02 -2.3455517E-02
      1129  3.4735259E-02 -2.3572870E-02
      1130  3.4909370E-02 -2.3690808E-02
      1131  3.5084354E-02 -2.3809333E-02
      1132  3.5260215E-02 -2.3928449E-02
      1133  3.5436958E-02 -2.4048159E-02
      1134  3.5614586E-02 -2.4168466E-02
      1135  3.5793105E-02 -2.4289372E-02
      1136  3.5972519E-02 -2.4410880E-02
      1137  3.6152832E-02 -2.4532994E-02
      1138  3.6334049E-02 -2.4655716E-02
      1139  3.6516174E-02 -2.4779049E-02
      1140  3.6699212E-02 -2.4902997E-02
      1141  3.6883167E-02 -2.5027563E-02
      1142  3.7068045E-02 -2.5152748E-02
      1143  3.7253849E-02 -2.5278557E-02
      1144  3.7440585E-02 -2.5404993E-02
      1145  3.7628257E-02 -2.5532059E-02
      1146  3.7816869E-02 -2.5659757E-02
      1147  3.8006427E-02 -2.5788091E-02
      1148  3.8196935E-02 -2.5917063E-02
      1149  3.8388398E-02 -2.6046678E-02
      1150  3.8580821E-02 -2.6176939E-02
      1151  3.8774208E-02 -2.6307847E-02
      1152  3.8968564E-02 -2.6439408E-02
      1153  3.9163895E-02 -2.6571623E-02
      1154  3.9360205E-02 -2.6704496E-02
      1155  3.9557499E-02 -2.6838030E-02
      1156  3.9755782E-02 -2.6972228E-02
      1157  3.9955058E-02 -2.7107095E-02
      1158  4.0155334E-02 -2.7242632E-02
      1159  4.0356613E-02 -2.7378844E-02
      1160  4.0558902E-02 -2.7515733E-02
      1161  4.0762204E-02 -2.7653304E-02
      1162  4.0966525E-02 -2.7791558E-02
      1163  4.1171871E-02 -2.7930500E-02
      1164  4.1378246E-02 -2.8070133E-02
      1165  4.1585655E-02 -2.8210460E-02
      1166  4.1794104E-02 -2.8351486E-02
      1167  4.2003598E-02 -2.8493212E-02
      1168  4.2214142E-02 -2.8635643E-02
      1169  4.2425741E-02 -2.8778781E-02
      1170  4.2638401E-02 -2.8922632E-02
      1171  4.2852127E-02 -2.9067197E-02
      1172  4.3066924E-02 -2.9212481E-02
      1173  4.3282798E-02 -2.9358486E-02
      1174  4.3499754E-02 -2.9505217E-02
      1175  4.3717797E-02 -2.9652677E-02
      1176  4.3936934E-02 -2.9800870E-02
      1177  4.4157168E-02 -2.9949799E-02
      1178  4.4378507E-02 -3.0099467E-02
      1179  4.4600955E-02 -3.0249879E-02
      1180  4.4824519E-02 -3.0401038E-02
      1181  4.5049202E-02 -3.0552948E-02
      1182  4.5275012E-02 -3.0705611E-02
      1183  4.5501954E-02 -3.0859033E-02
      1184  4.5730034E-02 -3.1013216E-02
      1185  4.5959257E-02 -3.1168165E-02
      1186  4.6189628E-02 -3.1323883E-02
      1187  4.6421155E-02 -3.1480373E-02
      1188  4.6653842E-02 -3.1637640E-02
      1189  4.6887695E-02 -3.1795687E-02
      1190  4.7122721E-02 -3.1954519E-02
      1191  4.7358924E-02 -3.2114138E-02
      1192  4.7596312E-02 -3.2274549E-02
      1193  4.7834889E-02 -3.2435755E-02
      1194  4.8074663E-02 -3.2597761E-02
      1195  4.8315638E-02 -3.2760571E-02
      1196  4.8557821E-02 -3.2924187E-02
      1197  4.8801218E-02 -3.3088615E-02
      1198  4.9045835E-02 -3.3253858E-02
      1199  4.9291679E-02 -3.3419920E-02
      1200  4.9538754E-02 -3.3586804E-02
      1201  4.9787068E-02 -3.3754516E-02
      1202  5.0036627E-02 -3.3923058E-02
      1203  5.0287437E-02 -3.4092436E-02
      1204  5.0539504E-02 -3.4262653E-02
      1205  5.0792834E-02 -3.4433712E-02
      1206  5.1047434E-02 -3.4605619E-02
      1207  5.1303310E-02 -3.4778377E-02
      1208  5.1560469E-02 -3.4951990E-02
      1209  5.1818917E-02 -3.5126463E-02
      1210  5.2078661E-02 -3.5301800E-02
      1211  5.2339706E-02 -3.5478004E-02
      1212  5.2602060E-02 -3.5655080E-02
      1213  5.2865729E-02 -3.5833032E-02
      1214  5.3130719E-02 -3.6011865E-02
      1215  5.3397038E-02 -3.6191582E-02
      1216  5.3664692E-02 -3.6372188E-02
      1217  5.3933687E-02 -3.6553687E-02
      1218  5.4204031E-02 -3.6736084E-02
      1219  5.4475730E-02 -3.6919382E-02
      1220  5.4748791E-02 -3.7103587E-02
      1221  5.5023220E-02 -3.7288702E-02
      1222  5.5299025E-02 -3.7474731E-02
      1223  5.5576213E-02 -3.7661680E-02
      1224  5.5854790E-02 -3.7849553E-02
      1225  5.6134763E-02 -3.8038353E-02
      1226  5.6416140E-02 -3.8228086E-02
      1227  5.6698927E-02 -3.8418756E-02
      1228  5.6983131E-02 -3.8610367E-02
      1229  5.7268760E-02 -3.8802924E-02
      1230  5.7555821E-02 -3.8996432E-02
      1231  5.7844321E-02 -3.9190895E-02
      1232  5.8134267E-02 -3.9386317E-02
      1233  5.8425666E-02 -3.9582703E-02
      1234  5.8718526E-02 -3.9780058E-02
      1235  5.9012854E-02 -3.9978386E-02
      1236  5.9308657E-02 -4.0177692E-02
      1237  5.9605943E-02 -4.0377981E-02
      1238  5.9904719E-02 -4.0579257E-02
      1239  6.0204992E-02 -4.0781525E-02
      1240  6.0506771E-02 -4.0984790E-02
      1241  6.0810063E-02 -4.1189057E-02
      1242  6.1114874E-02 -4.1394329E-02
      1243  6.1421214E-02 -4.1600613E-02
      1244  6.1729089E-02 -4.1807912E-02
      1245  6.2038507E-02 -4.2016232E-02
      1246  6.2349477E-02 -4.2225578E-02
      1247  6.2662005E-02 -4.2435953E-02
      1248  6.2976099E-02 -4.2647364E-02
      1249  6.3291768E-02 -4.2859815E-02
      1250  6.3609020E-02 -4.3073311E-02
      1251  6.3927861E-02 -4.3287857E-02
      1252  6.4248301E-02 -4.3503458E-02
      1253  6.4570347E-02 -4.3720118E-02
      1254  6.4894007E-02 -4.3937844E-02
      1255  6.5219290E-02 -4.4156639E-02
      1256  6.5546203E-02 -4.4376510E-02
      1257  6.5874754E-02 -4.4597460E-02
      1258  6.6204953E-02 -4.4819495E-02
      1259  6.6536807E-02 -4.5042621E-02
      1260  6.6870324E-02 -4.5266842E-02
      1261  6.7205513E-02 -4.5492163E-02
      1262  6.7542382E-02 -4.5718590E-02
      1263  6.7880939E-02 -4.5946127E-02
      1264  6.8221194E-02 -4.6174781E-02
      1265  6.8563154E-02 -4.6404555E-02
      1266  6.8906828E-02 -4.6635457E-02
      1267  6.9252225E-02 -4.6867490E-02
      1268  6.9599354E-02 -4.7100659E-02
      1269  6.9948222E-02 -4.7334972E-02
      1270  7.0298839E-02 -4.7570431E-02
      1271  7.0651213E-02 -4.7807044E-02
      1272  7.1005354E-02 -4.8044815E-02
      1273  7.1361270E-02 -4.8283750E-02
      1274  7.1718969E-02 -4.8523854E-02
      1275  7.2078462E-02 -4.8765133E-02
      1276  7.2439757E-02 -4.9007591E-02
      1277  7.2802863E-02 -4.9251235E-02
      1278  7.3167789E-02 -4.9496070E-02
      1279  7.3534544E-02 -4.9742102E-02
      1280  7.3903137E-02 -4.9989335E-02
      1281  7.4273578E-02 -5.0237777E-02
      1282  7.4645876E-02 -5.0487431E-02
      1283  7.5020040E-02 -5.0738304E-02
      1284  7.5396080E-02 -5.0990401E-02
      1285  7.5774004E-02 -5.1243729E-02
      1286  7.6153823E-02 -5.1498292E-02
      1287  7.6535545E-02 -5.1754097E-02
      1288  7.6919181E-02 -5.2011148E-02
      1289  7.7304740E-02 -5.2269452E-02
      1290  7.7692232E-02 -5.2529015E-02
      1291  7.8081666E-02 -5.2789842E-02
      1292  7.8473052E-02 -5.3051939E-02
      1293  7.8866400E-02 -5.3315312E-02
      1294  7.9261719E-02 -5.3579967E-02
      1295  7.9659020E-02 -5.3845909E-02
      1296  8.0058313E-02 -5.4113145E-02
      1297  8.0459607E-02 -5.4381680E-02
      1298  8.0862912E-02 -5.4651520E-02
      1299  8.1268239E-02 -5.4922671E-02
      1300  8.1675598E-02 -5.5195140E-02
      1301  8.2084999E-02 -5.5468931E-02
      1302  8.2496451E-02 -5.5744051E-02
      1303  8.2909967E-02 -5.6020507E-02
      1304  8.3325555E-02 -5.6298303E-02
      1305  8.3743226E-02 -5.6577447E-02
      1306  8.4162990E-02 -5.6857943E-02
      1307  8.4584859E-02 -5.7139799E-02
      1308  8.5008842E-02 -5.7423021E-02
      1309  8.5434951E-02 -5.7707613E-02
      1310  8.5863195E-02 -5.7993584E-02
      1311  8.6293586E-02 -5.8280938E-02
      1312  8.6726135E-02 -5.8569683E-02
      1313  8.7160851E-02 -5.8859823E-02
      1314  8.7597747E-02 -5.9151366E-02
      1315  8.8036833E-02 -5.9444318E-02
      1316  8.8478119E-02 -5.9738685E-02
      1317  8.8921617E-02 -6.0034473E-02
      1318  8.9367339E-02 -6.0331688E-02
      1319  8.9815295E-02 -6.0630338E-02
      1320  9.0265496E-02 -6.0930428E-02
      1321  9.0717953E-02 -6.1231964E-02
      1322  9.1172679E-02 -6.1534953E-02
      1323  9.1629684E-02 -6.1839402E-02
      1324  9.2088980E-02 -6.2145316E-02
      1325  9.2550578E-02 -6.2452703E-02
      1326  9.3014489E-02 -6.2761569E-02
      1327  9.3480726E-02 -6.3071919E-02
      1328  9.3949300E-02 -6.3383762E-02
      1329  9.4420223E-02 -6.3697102E-02
      1330  9.4893507E-02 -6.4011948E-02
      1331  9.5369162E-02 -6.4328304E-02
      1332  9.5847202E-02 -6.4646179E-02
      1333  9.6327638E-02 -6.4965578E-02
      1334  9.6810483E-02 -6.5286508E-02
      1335  9.7295747E-02 -6.5608975E-02
      1336  9.7783444E-02 -6.5932987E-02
      1337  9.8273586E-02 -6.6258550E-02
      1338  9.8766184E-02 -6.6585671E-02
      1339  9.9261252E-02 -6.6914356E-02
      1340  9.9758801E-02 -6.7244612E-02
      1341  1.0025884E-01 -6.7576446E-02
      1342  1.0076139E-01 -6.7909864E-02
      1343  1.0126646E-01 -6.8244874E-02
      1344  1.0177406E-01 -6.8581481E-02
      1345  1.0228421E-01 -6.8919694E-02
      1346  1.0279691E-01 -6.9259518E-02
      1347  1.0331218E-01 -6.9600961E-02
      1348  1.0383003E-01 -6.9944029E-02
      1349  1.0435048E-01 -7.0288729E-02
      1350  1.0487354E-01 -7.0635068E-02
      1351  1.0539922E-01 -7.0983053E-02
      1352  1.0592754E-01 -7.1332691E-02
      1353  1.0645850E-01 -7.1683988E-02
      1354  1.0699213E-01 -7.2036952E-02
      1355  1.0752843E-01 -7.2391590E-02
      1356  1.0806742E-01 -7.2747908E-02
      1357  1.0860911E-01 -7.3105914E-02
      1358  1.0915351E-01 -7.3465614E-02
      1359  1.0970065E-01 -7.3827016E-02
      1360  1.1025053E-01 -7.4190126E-02
      1361  1.1080316E-01 -7.4554952E-02
      1362  1.1135856E-01 -7.4921500E-02
      1363  1.1191675E-01 -7.5289777E-02
      1364  1.1247773E-01 -7.5659792E-02
      1365  1.1304153E-01 -7.6031550E-02
      1366  1.1360815E-01 -7.6405058E-02
      1367  1.1417762E-01 -7.6780325E-02
      1368  1.1474993E-01 -7.7157356E-02
      1369  1.1532512E-01 -7.7536160E-02
      1370  1.1590319E-01 -7.7916742E-02
      1371  1.1648416E-01 -7.8299111E-02
      1372  1.1706804E-01 -7.8683273E-02
      1373  1.1765484E-01 -7.9069236E-02
      1374  1.1824459E-01 -7.9457006E-02
      1375  1.1883729E-01 -7.9846592E-02
      1376  1.1943297E-01 -8.0237999E-02
      1377  1.2003163E-01 -8.0631235E-02
      1378  1.2063329E-01 -8.1026308E-02
      1379  1.2123797E-01 -8.1423224E-02
      1380  1.2184567E-01 -8.1821991E-02
      1381  1.2245643E-01 -8.2222616E-02
      1382  1.2307024E-01 -8.2625106E-02
      1383  1.2368714E-01 -8.3029469E-02
      1384  1.2430712E-01 -8.3435710E-02
      1385  1.2493021E-01 -8.3843839E-02
      1386  1.2555643E-01 -8.4253862E-02
      1387  1.2618578E-01 -8.4665785E-02
      1388  1.2681829E-01 -8.5079617E-02
      1389  1.2745397E-01 -8.5495365E-02
      1390  1.2809284E-01 -8.5913036E-02
      1391  1.2873490E-01 -8.6332636E-02
      1392  1.2938019E-01 -8.6754174E-02
      1393  1.3002871E-01 -8.7177657E-02
      1394  1.3068048E-01 -8.7603091E-02
      1395  1.3133552E-01 -8.8030484E-02
      1396  1.3199384E-01 -8.8459844E-02
      1397  1.3265547E-01 -8.8891176E-02
      1398  1.3332040E-01 -8.9324490E-02
      1399  1.3398867E-01 -8.9759791E-02
      1400  1.3466030E-01 -9.0197087E-02
      1401  1.3533528E-01 -9.0636386E-02
      1402  1.3601365E-01 -9.1077694E-02
      1403  1.3669543E-01 -9.1521018E-02
      1404  1.3738061E-01 -9.1966367E-02
      1405  1.3806924E-01 -9.2413746E-02
      1406  1.3876131E-01 -9.2863164E-02
      1407  1.3945686E-01 -9.3314627E-02
      1408  1.4015589E-01 -9.3768142E-02
      1409  1.4085842E-01 -9.4223717E-02
      1410  1.4156448E-01 -9.4681358E-02
      1411  1.4227407E-01 -9.5141074E-02
      1412  1.4298722E-01 -9.5602871E-02
      1413  1.4370395E-01 -9.6066755E-02
      1414  1.4442427E-01 -9.6532735E-02
      1415  1.4514820E-01 -9.7000817E-02
      1416  1.4587576E-01 -9.7471008E-02
      1417  1.4660696E-01 -9.7943315E-02
      1418  1.4734183E-01 -9.8417746E-02
      1419  1.4808039E-01 -9.8894307E-02
      1420  1.4882264E-01 -9.9373005E-02
      1421  1.4956862E-01 -9.9853847E-02
      1422  1.5031834E-01 -1.0033684E-01
      1423  1.5107181E-01 -1.0082199E-01
      1424  1.5182906E-01 -1.0130931E-01
      1425  1.5259011E-01 -1.0179880E-01
      1426  1.5335497E-01 -1.0229046E-01
      1427  1.5412366E-01 -1.0278432E-01
      1428  1.5489621E-01 -1.0328036E-01
      1429  1.5567263E-01 -1.0377861E-01
      1430  1.5645294E-01 -1.0427906E-01
      1431  1.5723717E-01 -1.0478172E-01
      1432  1.5802532E-01 -1.0528660E-01
      1433  1.5881743E-01 -1.0579371E-01
      1434  1.5961350E-01 -1.0630305E-01
      1435  1.6041357E-01 -1.0681462E-01
      1436  1.6121764E-01 -1.0732845E-01
      1437  1.6202575E-01 -1.0784453E-01
      1438  1.6283791E-01 -1.0836286E-01
      1439  1.6365414E-01 -1.0888346E-01
      1440  1.6447446E-01 -1.0940633E-01
      1441  1.6529889E-01 -1.0993148E-01
      1442  1.6612745E-01 -1.1045891E-01
      1443  1.6696017E-01 -1.1098863E-01
      1444  1.6779706E-01 -1.1152065E-01
      1445  1.6863815E-01 -1.1205498E-01
      1446  1.6948345E-01 -1.1259161E-01
      1447  1.7033299E-01 -1.1313055E-01
      1448  1.7118679E-01 -1.1367182E-01
      1449  1.7204486E-01 -1.1421541E-01
      1450  1.7290724E-01 -1.1476134E-01
      1451  1.7377394E-01 -1.1530960E-01
      1452  1.7464499E-01 -1.1586021E-01
      1453  1.7552040E-01 -1.1641317E-01
      1454  1.7640020E-01 -1.1696848E-01
      1455  1.7728441E-01 -1.1752616E-01
      1456  1.7817305E-01 -1.1808620E-01
      1457  1.7906615E-01 -1.1864862E-01
      1458  1.7996372E-01 -1.1921341E-01
      1459  1.8086579E-01 -1.1978059E-01
      1460  1.8177239E-01 -1.2035016E-01
      1461  1.8268352E-01 -1.2092212E-01
      1462  1.8359923E-01 -1.2149648E-01
      1463  1.8451952E-01 -1.2207324E-01
      1464  1.8544443E-01 -1.2265241E-01
      1465  1.8637398E-01 -1.2323400E-01
      1466  1.8730818E-01 -1.2381800E-01
      1467  1.8824707E-01 -1.2440443E-01
      1468  1.8919066E-01 -1.2499329E-01
      1469  1.9013898E-01 -1.2558458E-01
      1470  1.9109206E-01 -1.2617831E-01
      1471  1.9204991E-01 -1.2677448E-01
      1472  1.9301256E-01 -1.2737309E-01
      1473  1.9398004E-01 -1.2797416E-01
      1474  1.9495237E-01 -1.2857768E-01
      1475  1.9592957E-01 -1.2918366E-01
      1476  1.9691168E-01 -1.2979210E-01
      1477  1.9789870E-01 -1.3040301E-01
      1478  1.9889067E-01 -1.3101638E-01
      1479  1.9988761E-01 -1.3163224E-01
      1480  2.0088955E-01 -1.3225056E-01
      1481  2.0189652E-01 -1.3287137E-01
      1482  2.0290853E-01 -1.3349467E-01
      1483  2.0392561E-01 -1.3412045E-01
      1484  2.0494779E-01 -1.3474872E-01
      1485  2.0597510E-01 -1.3537948E-01
      1486  2.0700755E-01 -1.3601274E-01
      1487  2.0804518E-01 -1.3664850E-01
      1488  2.0908801E-01 -1.3728676E-01
      1489  2.1013607E-01 -1.3792752E-01
      1490  2.1118938E-01 -1.3857079E-01
      1491  2.1224797E-01 -1.3921657E-01
      1492  2.1331187E-01 -1.3986486E-01
      1493  2.1438110E-01 -1.4051565E-01
      1494  2.1545569E-01 -1.4116897E-01
      1495  2.1653567E-01 -1.4182479E-01
      1496  2.1762106E-01 -1.4248314E-01
      1497  2.1871189E-01 -1.4314400E-01
      1498  2.1980818E-01 -1.4380738E-01
      1499  2.2090998E-01 -1.4447328E-01
      1500  2.2201729E-01 -1.4514170E-01
      1501  2.2313016E-01 -1.4581264E-01
      1502  2.2424860E-01 -1.4648611E-01
      1503  2.2537266E-01 -1.4716209E-01
      1504  2.2650234E-01 -1.4784060E-01
      1505  2.2763769E-01 -1.4852163E-01
      1506  2.2877873E-01 -1.4920518E-01
      1507  2.2992549E-01 -1.4989125E-01
      1508  2.3107799E-01 -1.5057985E-01
      1509  2.3223627E-01 -1.5127096E-01
      1510  2.3340036E-01 -1.5196459E-01
      1511  2.3457029E-01 -1.5266074E-01
      1512  2.3574608E-01 -1.5335941E-01
      1513  2.3692776E-01 -1.5406059E-01
      1514  2.3811536E-01 -1.5476428E-01
      1515  2.3930892E-01 -1.5547048E-01
      1516  2.4050846E-01 -1.5617919E-01
      1517  2.4171402E-01 -1.5689041E-01
      1518  2.4292561E-01 -1.5760413E-01
      1519  2.4414328E-01 -1.5832034E-01
      1520  2.4536706E-01 -1.5903906E-01
      1521  2.4659696E-01 -1.5976027E-01
      1522  2.4783304E-01 -1.6048397E-01
      1523  2.4907530E-01 -1.6121015E-01
      1524  2.5032380E-01 -1.6193881E-01
      1525  2.5157855E-01 -1.6266995E-01
      1526  2.5283960E-01 -1.6340357E-01
      1527  2.5410696E-01 -1.6413965E-01
      1528  2.5538068E-01 -1.6487819E-01
      1529  2.5666078E-01 -1.6561918E-01
      1530  2.5794729E-01 -1.6636263E-01
      1531  2.5924026E-01 -1.6710852E-01
      1532  2.6053971E-01 -1.6785685E-01
      1533  2.6184567E-01 -1.6860761E-01
      1534  2.6315818E-01 -1.6936080E-01
      1535  2.6447726E-01 -1.7011640E-01
      1536  2.6580296E-01 -1.7087441E-01
      1537  2.6713530E-01 -1.7163482E-01
      1538  2.6847432E-01 -1.7239762E-01
      1539  2.6982006E-01 -1.7316281E-01
      1540  2.7117254E-01 -1.7393037E-01
      1541  2.7253179E-01 -1.7470030E-01
      1542  2.7389786E-01 -1.7547258E-01
      1543  2.7527078E-01 -1.7624721E-01
      1544  2.7665058E-01 -1.7702418E-01
      1545  2.7803730E-01 -1.7780347E-01
      1546  2.7943097E-01 -1.7858508E-01
      1547  2.8083162E-01 -1.7936899E-01
      1548  2.8223930E-01 -1.8015519E-01
      1549  2.8365403E-01 -1.8094367E-01
      1550  2.8507585E-01 -1.8173441E-01
      1551  2.8650480E-01 -1.8252741E-01
      1552  2.8794091E-01 -1.8332265E-01
      1553  2.8938422E-01 -1.8412011E-01
      1554  2.9083476E-01 -1.8491979E-01
      1555  2.9229258E-01 -1.8572166E-01
      1556  2.9375770E-01 -1.8652571E-01
      1557  2.9523017E-01 -1.8733193E-01
      1558  2.9671001E-01 -1.8814030E-01
      1559  2.9819728E-01 -1.8895081E-01
      1560  2.9969200E-01 -1.8976343E-01
      1561  3.0119421E-01 -1.9057815E-01
      1562  3.0270395E-01 -1.9139496E-01
      1563  3.0422126E-01 -1.9221382E-01
      1564  3.0574618E-01 -1.9303474E-01
      1565  3.0727874E-01 -1.9385767E-01
      1566  3.0881898E-01 -1.9468262E-01
      1567  3.1036694E-01 -1.9550955E-01
      1568  3.1192266E-01 -1.9633844E-01
      1569  3.1348618E-01 -1.9716928E-01
      1570  3.1505754E-01 -1.9800204E-01
      1571  3.1663677E-01 -1.9883670E-01
      1572  3.1822392E-01 -1.9967323E-01
      1573  3.1981902E-01 -2.0051162E-01
      1574  3.2142212E-01 -2.0135183E-01
      1575  3.2303326E-01 -2.0219385E-01
      1576  3.2465247E-01 -2.0303765E-01
      1577  3.2627979E-01 -2.0388320E-01
      1578  3.2791528E-01 -2.0473047E-01
      1579  3.2955896E-01 -2.0557945E-01
      1580  3.3121088E-01 -2.0643010E-01
      1581  3.3287108E-01 -2.0728239E-01
      1582  3.3453961E-01 -2.0813629E-01
      1583  3.3621649E-01 -2.0899178E-01
      1584  3.3790179E-01 -2.0984882E-01
      1585  3.3959553E-01 -2.1070739E-01
      1586  3.4129776E-01 -2.1156744E-01
      1587  3.4300852E-01 -2.1242896E-01
      1588  3.4472785E-01 -2.1329191E-01
      1589  3.4645581E-01 -2.1415624E-01
      1590  3.4819243E-01 -2.1502194E-01
      1591  3.4993775E-01 -2.1588896E-01
      1592  3.5169182E-01 -2.1675726E-01
      1593  3.5345468E-01 -2.1762682E-01
      1594  3.5522638E-01 -2.1849759E-01
      1595  3.5700696E-01 -2.1936953E-01
      1596  3.5879647E-01 -2.2024261E-01
      1597  3.6059494E-01 -2.2111679E-01
      1598  3.6240243E-01 -2.2199203E-01
      1599  3.6421898E-01 -2.2286828E-01
      1600  3.6604463E-01 -2.2374550E-01
      1601  3.6787944E-01 -2.2462365E-01
      1602  3.6972344E-01 -2.2550269E-01
      1603  3.7157669E-01 -2.2638257E-01
      1604  3.7343923E-01 -2.2726324E-01
      1605  3.7531110E-01 -2.2814467E-01
      1606  3.7719235E-01 -2.2902679E-01
      1607  3.7908304E-01 -2.2990957E-01
      1608  3.8098320E-01 -2.3079296E-01
      1609  3.8289289E-01 -2.3167690E-01
      1610  3.8481214E-01 -2.3256134E-01
      1611  3.8674102E-01 -2.3344624E-01
      1612  3.8867957E-01 -2.3433153E-01
      1613  3.9062784E-01 -2.3521717E-01
      1614  3.9258587E-01 -2.3610310E-01
      1615  3.9455371E-01 -2.3698927E-01
      1616  3.9653142E-01 -2.3787561E-01
      1617  3.9851904E-01 -2.3876207E-01
      1618  4.0051663E-01 -2.3964860E-01
      1619  4.0252422E-01 -2.4053512E-01
      1620  4.0454189E-01 -2.4142158E-01
      1621  4.0656966E-01 -2.4230792E-01
      1622  4.0860760E-01 -2.4319408E-01
      1623  4.1065575E-01 -2.4407998E-01
      1624  4.1271417E-01 -2.4496557E-01
      1625  4.1478291E-01 -2.4585078E-01
      1626  4.1686202E-01 -2.4673554E-01
      1627  4.1895155E-01 -2.4761978E-01
      1628  4.2105155E-01 -2.4850343E-01
      1629  4.2316208E-01 -2.4938642E-01
      1630  4.2528319E-01 -2.5026868E-01
      1631  4.2741493E-01 -2.5115013E-01
      1632  4.2955736E-01 -2.5203070E-01
      1633  4.3171052E-01 -2.5291032E-01
      1634  4.3387448E-01 -2.5378890E-01
      1635  4.3604929E-01 -2.5466636E-01
      1636  4.3823499E-01 -2.5554264E-01
      1637  4.4043165E-01 -2.5641764E-01
      1638  4.4263933E-01 -2.5729128E-01
      1639  4.4485807E-01 -2.5816348E-01
      1640  4.4708793E-01 -2.5903415E-01
      1641  4.4932896E-01 -2.5990321E-01
      1642  4.5158123E-01 -2.6077057E-01
      1643  4.5384480E-01 -2.6163614E-01
      1644  4.5611970E-01 -2.6249983E-01
      1645  4.5840601E-01 -2.6336154E-01
      1646  4.6070378E-01 -2.6422119E-01
      1647  4.6301307E-01 -2.6507867E-01
      1648  4.6533393E-01 -2.6593390E-01
      1649  4.6766643E-01 -2.6678677E-01
      1650  4.7001061E-01 -2.6763717E-01
      1651  4.7236655E-01 -2.6848502E-01
      1652  4.7473430E-01 -2.6933021E-01
      1653  4.7711392E-01 -2.7017264E-01
      1654  4.7950546E-01 -2.7101219E-01
      1655  4.8190899E-01 -2.7184876E-01
      1656  4.8432457E-01 -2.7268225E-01
      1657  4.8675226E-01 -2.7351254E-01
      1658  4.8919211E-01 -2.7433951E-01
      1659  4.9164420E-01 -2.7516306E-01
      1660  4.9410857E-01 -2.7598307E-01
      1661  4.9658530E-01 -2.7679943E-01
      1662  4.9907445E-01 -2.7761200E-01
      1663  5.0157607E-01 -2.7842068E-01
      1664  5.0409023E-01 -2.7922534E-01
      1665  5.0661699E-01 -2.8002585E-01
      1666  5.0915642E-01 -2.8082209E-01
      1667  5.1170858E-01 -2.8161394E-01
      1668  5.1427353E-01 -2.8240125E-01
      1669  5.1685133E-01 -2.8318391E-01
      1670  5.1944206E-01 -2.8396178E-01
      1671  5.2204578E-01 -2.8473471E-01
      1672  5.2466254E-01 -2.8550259E-01
      1673  5.2729242E-01 -2.8626526E-01
      1674  5.2993549E-01 -2.8702258E-01
      1675  5.3259180E-01 -2.8777442E-01
      1676  5.3526143E-01 -2.8852063E-01
      1677  5.3794444E-01 -2.8926107E-01
      1678  5.4064090E-01 -2.8999557E-01
      1679  5.4335087E-01 -2.9072400E-01
      1680  5.4607443E-01 -2.9144620E-01
      1681  5.4881164E-01 -2.9216202E-01
      1682  5.5156257E-01 -2.9287130E-01
      1683  5.5432728E-01 -2.9357389E-01
      1684  5.5710586E-01 -2.9426961E-01
      1685  5.5989837E-01 -2.9495831E-01
      1686  5.6270487E-01 -2.9563983E-01
      1687  5.6552544E-01 -2.9631400E-01
      1688  5.6836015E-01 -2.9698065E-01
      1689  5.7120906E-01 -2.9763960E-01
      1690  5.7407226E-01 -2.9829069E-01
      1691  5.7694981E-01 -2.9893374E-01
      1692  5.7984178E-01 -2.9956858E-01
      1693  5.8274825E-01 -3.0019502E-01
      1694  5.8566929E-01 -3.0081288E-01
      1695  5.8860497E-01 -3.0142198E-01
      1696  5.9155536E-01 -3.0202214E-01
      1697  5.9452055E-01 -3.0261315E-01
      1698  5.9750059E-01 -3.0319485E-01
      1699  6.0049558E-01 -3.0376702E-01
      1700  6.0350558E-01 -3.0432948E-01
      1701  6.0653066E-01 -3.0488203E-01
      1702  6.0957091E-01 -3.0542447E-01
      1703  6.1262639E-01 -3.0595660E-01
      1704  6.1569720E-01 -3.0647821E-01
      1705  6.1878339E-01 -3.0698911E-01
      1706  6.2188506E-01 -3.0748907E-01
      1707  6.2500227E-01 -3.0797789E-01
      1708  6.2813511E-01 -3.0845536E-01
      1709  6.3128365E-01 -3.0892126E-01
      1710  6.3444797E-01 -3.0937538E-01
      1711  6.3762815E-01 -3.0981749E-01
      1712  6.4082428E-01 -3.1024737E-01
      1713  6.4403642E-01 -3.1066479E-01
      1714  6.4726467E-01 -3.1106954E-01
      1715  6.5050909E-01 -3.1146137E-01
      1716  6.5376979E-01 -3.1184007E-01
      1717  6.5704682E-01 -3.1220539E-01
      1718  6.6034028E-01 -3.1255710E-01
      1719  6.6365025E-01 -3.1289496E-01
      1720  6.6697681E-01 -3.1321873E-01
      1721  6.7032005E-01 -3.1352817E-01
      1722  6.7368004E-01 -3.1382303E-01
      1723  6.7705687E-01 -3.1410306E-01
      1724  6.8045064E-01 -3.1436801E-01
      1725  6.8386141E-01 -3.1461764E-01
      1726  6.8728928E-01 -3.1485168E-01
      1727  6.9073433E-01 -3.1506988E-01
      1728  6.9419665E-01 -3.1527198E-01
      1729  6.9767633E-01 -3.1545771E-01
      1730  7.0117344E-01 -3.1562683E-01
      1731  7.0468809E-01 -3.1577905E-01
      1732  7.0822035E-01 -3.1591411E-01
      1733  7.1177032E-01 -3.1603174E-01
      1734  7.1533809E-01 -3.1613167E-01
      1735  7.1892373E-01 -3.1621362E-01
      1736  7.2252735E-01 -3.1627732E-01
      1737  7.2614904E-01 -3.1632249E-01
      1738  7.2978887E-01 -3.1634884E-01
      1739  7.3344696E-01 -3.1635609E-01
      1740  7.3712337E-01 -3.1634396E-01
      1741  7.4081822E-01 -3.1631216E-01
      1742  7.4453159E-01 -3.1626040E-01
      1743  7.4826357E-01 -3.1618838E-01
      1744  7.5201425E-01 -3.1609583E-01
      1745  7.5578374E-01 -3.1598243E-01
      1746  7.5957212E-01 -3.1584790E-01
      1747  7.6337949E-01 -3.1569193E-01
      1748  7.6720595E-01 -3.1551422E-01
      1749  7.7105159E-01 -3.1531448E-01
      1750  7.7491650E-01 -3.1509239E-01
      1751  7.7880078E-01 -3.1484765E-01
      1752  7.8270454E-01 -3.1457996E-01
      1753  7.8662786E-01 -3.1428900E-01
      1754  7.9057085E-01 -3.1397446E-01
      1755  7.9453360E-01 -3.1363603E-01
      1756  7.9851622E-01 -3.1327340E-01
      1757  8.0251880E-01 -3.1288625E-01
      1758  8.0654144E-01 -3.1247426E-01
      1759  8.1058425E-01 -3.1203713E-01
      1760  8.1464732E-01 -3.1157452E-01
      1761  8.1873075E-01 -3.1108612E-01
      1762  8.2283466E-01 -3.1057160E-01
      1763  8.2695913E-01 -3.1003066E-01
      1764  8.3110428E-01 -3.0946295E-01
      1765  8.3527021E-01 -3.0886816E-01
      1766  8.3945702E-01 -3.0824596E-01
      1767  8.4366482E-01 -3.0759604E-01
      1768  8.4789370E-01 -3.0691805E-01
      1769  8.5214379E-01 -3.0621167E-01
      1770  8.5641518E-01 -3.0547659E-01
      1771  8.6070798E-01 -3.0471246E-01
      1772  8.6502229E-01 -3.0391897E-01
      1773  8.6935824E-01 -3.0309577E-01
      1774  8.7371591E-01 -3.0224256E-01
      1775  8.7809543E-01 -3.0135899E-01
      1776  8.8249690E-01 -3.0044474E-01
      1777  8.8692044E-01 -2.9949948E-01
      1778  8.9136614E-01 -2.9852288E-01
      1779  8.9583414E-01 -2.9751463E-01
      1780  9.0032452E-01 -2.9647438E-01
      1781  9.0483742E-01 -2.9540181E-01
      1782  9.0937293E-01 -2.9429661E-01
      1783  9.1393119E-01 -2.9315844E-01
      1784  9.1851228E-01 -2.9198698E-01
      1785  9.2311635E-01 -2.9078192E-01
      1786  9.2774349E-01 -2.8954292E-01
      1787  9.3239382E-01 -2.8826968E-01
      1788  9.3706746E-01 -2.8696186E-01
      1789  9.4176453E-01 -2.8561917E-01
      1790  9.4648515E-01 -2.8424128E-01
      1791  9.5122942E-01 -2.8282788E-01
      1792  9.5599748E-01 -2.8137867E-01
      1793  9.6078944E-01 -2.7989333E-01
      1794  9.6560542E-01 -2.7837156E-01
      1795  9.7044553E-01 -2.7681307E-01
      1796  9.7530991E-01 -2.7521754E-01
      1797  9.8019867E-01 -2.7358469E-01
      1798  9.8511194E-01 -2.7191422E-01
      1799  9.9004983E-01 -2.7020585E-01
      1800  9.9501248E-01 -2.6845928E-01
      1801  1.0000000E+00 -2.6667424E-01
      1802  1.0050125E+00 -2.6485045E-01
      1803  1.0100502E+00 -2.6298763E-01
      1804  1.0151131E+00 -2.6108552E-01
      1805  1.0202013E+00 -2.5914385E-01
      1806  1.0253151E+00 -2.5716236E-01
      1807  1.0304545E+00 -2.5514080E-01
      1808  1.0356197E+00 -2.5307892E-01
      1809  1.0408108E+00 -2.5097648E-01
      1810  1.0460279E+00 -2.4883323E-01
      1811  1.0512711E+00 -2.4664894E-01
      1812  1.0565406E+00 -2.4442339E-01
      1813  1.0618365E+00 -2.4215637E-01
      1814  1.0671590E+00 -2.3984765E-01
      1815  1.0725082E+00 -2.3749703E-01
      1816  1.0778842E+00 -2.3510431E-01
      1817  1.0832871E+00 -2.3266931E-01
      1818  1.0887171E+00 -2.3019183E-01
      1819  1.0941743E+00 -2.2767170E-01
      1820  1.0996589E+00 -2.2510876E-01
      1821  1.1051709E+00 -2.2250284E-01
      1822  1.1107106E+00 -2.1985380E-01
      1823  1.1162781E+00 -2.1716149E-01
      1824  1.1218734E+00 -2.1442578E-01
      1825  1.1274969E+00 -2.1164656E-01
      1826  1.1331485E+00 -2.0882370E-01
      1827  1.1388284E+00 -2.0595710E-01
      1828  1.1445368E+00 -2.0304668E-01
      1829  1.1502738E+00 -2.0009234E-01
      1830  1.1560396E+00 -1.9709403E-01
      1831  1.1618342E+00 -1.9405168E-01
      1832  1.1676580E+00 -1.9096524E-01
      1833  1.1735109E+00 -1.8783469E-01
      1834  1.1793931E+00 -1.8465998E-01
      1835  1.1853049E+00 -1.8144112E-01
      1836  1.1912462E+00 -1.7817810E-01
      1837  1.1972174E+00 -1.7487095E-01
      1838  1.2032184E+00 -1.7151968E-01
      1839  1.2092496E+00 -1.6812434E-01
      1840  1.2153110E+00 -1.6468498E-01
      1841  1.2214028E+00 -1.6120168E-01
      1842  1.2275251E+00 -1.5767452E-01
      1843  1.2336781E+00 -1.5410360E-01
      1844  1.2398619E+00 -1.5048903E-01
      1845  1.2460767E+00 -1.4683093E-01
      1846  1.2523227E+00 -1.4312947E-01
      1847  1.2586000E+00 -1.3938479E-01
      1848  1.2649088E+00 -1.3559708E-01
      1849  1.2712492E+00 -1.3176653E-01
      1850  1.2776213E+00 -1.2789335E-01
      1851  1.2840254E+00 -1.2397776E-01
      1852  1.2904616E+00 -1.2002002E-01
      1853  1.2969301E+00 -1.1602038E-01
      1854  1.3034310E+00 -1.1197913E-01
      1855  1.3099645E+00 -1.0789656E-01
      1856  1.3165307E+00 -1.0377300E-01
      1857  1.3231298E+00 -9.9608763E-02
      1858  1.3297620E+00 -9.5404220E-02
      1859  1.3364275E+00 -9.1159740E-02
      1860  1.3431264E+00 -8.6875714E-02
      1861  1.3498588E+00 -8.2552553E-02
      1862  1.3566250E+00 -7.8190689E-02
      1863  1.3634251E+00 -7.3790572E-02
      1864  1.3702593E+00 -6.9352671E-02
      1865  1.3771278E+00 -6.4877478E-02
      1866  1.3840306E+00 -6.0365501E-02
      1867  1.3909681E+00 -5.5817271E-02
      1868  1.3979404E+00 -5.1233340E-02
      1869  1.4049476E+00 -4.6614276E-02
      1870  1.4119899E+00 -4.1960673E-02
      1871  1.4190675E+00 -3.7273140E-02
      1872  1.4261807E+00 -3.2552309E-02
      1873  1.4333294E+00 -2.7798834E-02
      1874  1.4405140E+00 -2.3013386E-02
      1875  1.4477346E+00 -1.8196657E-02
      1876  1.4549914E+00 -1.3349363E-02
      1877  1.4622846E+00 -8.4722341E-03
      1878  1.4696143E+00 -3.5660233E-03
      1879  1.4769808E+00  1.3684942E-03
      1880  1.4843842E+00  6.3305300E-03
      1881  1.4918247E+00  1.1319270E-02
      1882  1.4993025E+00  1.6333883E-02
      1883  1.5068178E+00  2.1373522E-02
      1884  1.5143707E+00  2.6437317E-02
      1885  1.5219616E+00  3.1524382E-02
      1886  1.5295904E+00  3.6633817E-02
      1887  1.5372575E+00  4.1764695E-02
      1888  1.5449631E+00  4.6916082E-02
      1889  1.5527072E+00  5.2087026E-02
      1890  1.5604902E+00  5.7276550E-02
      1891  1.5683122E+00  6.2483676E-02
      1892  1.5761734E+00  6.7707403E-02
      1893  1.5840740E+00  7.2946713E-02
      1894  1.5920142E+00  7.8200588E-02
      1895  1.5999942E+00  8.3467984E-02
      1896  1.6080142E+00  8.8747849E-02
      1897  1.6160744E+00  9.4039130E-02
      1898  1.6241750E+00  9.9340750E-02
      1899  1.6323162E+00  1.0465163E-01
      1900  1.6404982E+00  1.0997069E-01
      1901  1.6487213E+00  1.1529683E-01
      1902  1.6569855E+00  1.2062896E-01
      1903  1.6652912E+00  1.2596597E-01
      1904  1.6736385E+00  1.3130675E-01
      1905  1.6820276E+00  1.3665021E-01
      1906  1.6904588E+00  1.4199523E-01
      1907  1.6989323E+00  1.4734070E-01
      1908  1.7074482E+00  1.5268553E-01
      1909  1.7160069E+00  1.5802862E-01
      1910  1.7246084E+00  1.6336887E-01
      1911  1.7332530E+00  1.6870519E-01
      1912  1.7419410E+00  1.7403652E-01
      1913  1.7506725E+00  1.7936178E-01
      1914  1.7594478E+00  1.8467993E-01
      1915  1.7682671E+00  1.8998992E-01
      1916  1.7771305E+00  1.9529074E-01
      1917  1.7860384E+00  2.0058139E-01
      1918  1.7949910E+00  2.0586088E-01
      1919  1.8039884E+00  2.1112825E-01
      1920  1.8130309E+00  2.1638259E-01
      1921  1.8221188E+00  2.2162297E-01
      1922  1.8312522E+00  2.2684852E-01
      1923  1.8404314E+00  2.3205835E-01
      1924  1.8496566E+00  2.3725159E-01
      1925  1.8589280E+00  2.4242739E-01
      1926  1.8682460E+00  2.4758488E-01
      1927  1.8776106E+00  2.5272321E-01
      1928  1.8870221E+00  2.5784154E-01
      1929  1.8964809E+00  2.6293903E-01
      1930  1.9059870E+00  2.6801486E-01
      1931  1.9155408E+00  2.7306821E-01
      1932  1.9251425E+00  2.7809826E-01
      1933  1.9347923E+00  2.8310422E-01
      1934  1.9444905E+00  2.8808528E-01
      1935  1.9542373E+00  2.9304067E-01
      1936  1.9640330E+00  2.9796960E-01
      1937  1.9738777E+00  3.0287130E-01
      1938  1.9837718E+00  3.0774502E-01
      1939  1.9937155E+00  3.1259001E-01
      1940  2.0037091E+00  3.1740553E-01
      1941  2.0137527E+00  3.2219083E-01
      1942  2.0238467E+00  3.2694521E-01
      1943  2.0339913E+00  3.3166795E-01
      1944  2.0441867E+00  3.3635833E-01
      1945  2.0544332E+00  3.4101568E-01
      1946  2.0647311E+00  3.4563931E-01
      1947  2.0750806E+00  3.5022853E-01
      1948  2.0854820E+00  3.5478270E-01
      1949  2.0959355E+00  3.5930116E-01
      1950  2.1064414E+00  3.6378325E-01
      1951  2.1170000E+00  3.6822836E-01
      1952  2.1276115E+00  3.7263584E-01
      1953  2.1382762E+00  3.7700511E-01
      1954  2.1489944E+00  3.8133554E-01
      1955  2.1597663E+00  3.8562655E-01
      1956  2.1705921E+00  3.8987756E-01
      1957  2.1814723E+00  3.9408799E-01
      1958  2.1924069E+00  3.9825728E-01
      1959  2.2033964E+00  4.0238490E-01
      1960  2.2144410E+00  4.0647028E-01
      1961  2.2255409E+00  4.1051291E-01
      1962  2.2366965E+00  4.1451227E-01
      1963  2.2479080E+00  4.1846785E-01
      1964  2.2591757E+00  4.2237915E-01
      1965  2.2704998E+00  4.2624568E-01
      1966  2.2818808E+00  4.3006697E-01
      1967  2.2933187E+00  4.3384255E-01
      1968  2.3048140E+00  4.3757197E-01
      1969  2.3163670E+00  4.4125478E-01
      1970  2.3279778E+00  4.4489054E-01
      1971  2.3396469E+00  4.4847884E-01
      1972  2.3513744E+00  4.5201925E-01
      1973  2.3631607E+00  4.5551138E-01
      1974  2.3750061E+00  4.5895482E-01
      1975  2.3869109E+00  4.6234920E-01
      1976  2.3988753E+00  4.6569414E-01
      1977  2.4108997E+00  4.6898928E-01
      1978  2.4229844E+00  4.7223427E-01
      1979  2.4351297E+00  4.7542875E-01
      1980  2.4473358E+00  4.7857241E-01
      1981  2.4596031E+00  4.8166490E-01
      1982  2.4719319E+00  4.8470592E-01
      1983  2.4843225E+00  4.8769517E-01
      1984  2.4967753E+00  4.9063234E-01
      1985  2.5092904E+00  4.9351715E-01
      1986  2.5218683E+00  4.9634933E-01
      1987  2.5345092E+00  4.9912860E-01
      1988  2.5472135E+00  5.0185471E-01
      1989  2.5599814E+00  5.0452741E-01
      1990  2.5728134E+00  5.0714646E-01
      1991  2.5857097E+00  5.0971162E-01
      1992  2.5986706E+00  5.1222267E-01
      1993  2.6116965E+00  5.1467941E-01
      1994  2.6247877E+00  5.1708161E-01
      1995  2.6379445E+00  5.1942910E-01
      1996  2.6511672E+00  5.2172167E-01
      1997  2.6644562E+00  5.2395915E-01
      1998  2.6778119E+00  5.2614137E-01
      1999  2.6912345E+00  5.2826816E-01
      2000  2.7047243E+00  5.3033938E-01
      2001  2.7182818E+00  5.3235487E-01
      2002  2.7319073E+00  5.3431449E-01
      2003  2.7456010E+00  5.3621812E-01
      2004  2.7593634E+00  5.3806563E-01
      2005  2.7731948E+00  5.3985691E-01
      2006  2.7870955E+00  5.4159186E-01
      2007  2.8010658E+00  5.4327037E-01
      2008  2.8151062E+00  5.4489236E-01
      2009  2.8292170E+00  5.4645774E-01
      2010  2.8433985E+00  5.4796645E-01
      2011  2.8576511E+00  5.4941841E-01
      2012  2.8719752E+00  5.5081357E-01
      2013  2.8863710E+00  5.5215189E-01
      2014  2.9008390E+00  5.5343331E-01
      2015  2.9153795E+00  5.5465780E-01
      2016  2.9299929E+00  5.5582535E-01
      2017  2.9446796E+00  5.5693593E-01
      2018  2.9594398E+00  5.5798953E-01
      2019  2.9742741E+00  5.5898616E-01
      2020  2.9891827E+00  5.5992582E-01
      2021  3.0041660E+00  5.6080852E-01
      2022  3.0192245E+00  5.6163430E-01
      2023  3.0343584E+00  5.6240317E-01
      2024  3.0495682E+00  5.6311519E-01
      2025  3.0648542E+00  5.6377041E-01
      2026  3.0802168E+00  5.6436887E-01
      2027  3.0956565E+00  5.6491064E-01
      2028  3.1111735E+00  5.6539581E-01
      2029  3.1267684E+00  5.6582444E-01
      2030  3.1424414E+00  5.6619664E-01
      2031  3.1581929E+00  5.6651250E-01
      2032  3.1740234E+00  5.6677212E-01
      2033  3.1899333E+00  5.6697563E-01
      2034  3.2059229E+00  5.6712315E-01
      2035  3.2219926E+00  5.6721482E-01
      2036  3.2381429E+00  5.6725077E-01
      2037  3.2543742E+00  5.6723116E-01
      2038  3.2706868E+00  5.6715614E-01
      2039  3.2870812E+00  5.6702588E-01
      2040  3.3035578E+00  5.6684057E-01
      2041  3.3201169E+00  5.6660038E-01
      2042  3.3367591E+00  5.6630552E-01
      2043  3.3534847E+00  5.6595617E-01
      2044  3.3702941E+00  5.6555256E-01
      2045  3.3871877E+00  5.6509491E-01
      2046  3.4041661E+00  5.6458343E-01
      2047  3.4212295E+00  5.6401838E-01
      2048  3.4383785E+00  5.6339999E-01
      2049  3.4556135E+00  5.6272852E-01
      2050  3.4729348E+00  5.6200424E-01
      2051  3.4903430E+00  5.6122741E-01
      2052  3.5078384E+00  5.6039832E-01
      2053  3.5254215E+00  5.5951725E-01
      2054  3.5430927E+00  5.5858450E-01
      2055  3.5608526E+00  5.5760038E-01
      2056  3.5787014E+00  5.5656520E-01
      2057  3.5966397E+00  5.5547929E-01
      2058  3.6146680E+00  5.5434298E-01
      2059  3.6327866E+00  5.5315660E-01
      2060  3.6509960E+00  5.5192050E-01
      2061  3.6692967E+00  5.5063505E-01
      2062  3.6876891E+00  5.4930060E-01
      2063  3.7061737E+00  5.4791753E-01
      2064  3.7247510E+00  5.4648621E-01
      2065  3.7434214E+00  5.4500705E-01
      2066  3.7621854E+00  5.4348044E-01
      2067  3.7810434E+00  5.4190677E-01
      2068  3.7999959E+00  5.4028648E-01
      2069  3.8190435E+00  5.3861996E-01
      2070  3.8381865E+00  5.3690767E-01
      2071  3.8574255E+00  5.3515004E-01
      2072  3.8767610E+00  5.3334750E-01
      2073  3.8961933E+00  5.3150053E-01
      2074  3.9157231E+00  5.2960957E-01
      2075  3.9353507E+00  5.2767509E-01
      2076  3.9550767E+00  5.2569758E-01
      2077  3.9749016E+00  5.2367753E-01
      2078  3.9948259E+00  5.2161540E-01
      2079  4.0148501E+00  5.1951173E-01
      2080  4.0349746E+00  5.1736701E-01
      2081  4.0552000E+00  5.1518174E-01
      2082  4.0755267E+00  5.1295647E-01
      2083  4.0959554E+00  5.1069172E-01
      2084  4.1164865E+00  5.0838803E-01
      2085  4.1371204E+00  5.0604594E-01
      2086  4.1578578E+00  5.0366600E-01
      2087  4.1786992E+00  5.0124878E-01
      2088  4.1996450E+00  4.9879485E-01
      2089  4.2206958E+00  4.9630476E-01
      2090  4.2418521E+00  4.9377912E-01
      2091  4.2631145E+00  4.9121851E-01
      2092  4.2844835E+00  4.8862352E-01
      2093  4.3059595E+00  4.8599476E-01
      2094  4.3275432E+00  4.8333283E-01
      2095  4.3492351E+00  4.8063835E-01
      2096  4.3710358E+00  4.7791195E-01
      2097  4.3929457E+00  4.7515426E-01
      2098  4.4149654E+00  4.7236590E-01
      2099  4.4370955E+00  4.6954753E-01
      2100  4.4593366E+00  4.6669978E-01
      2101  4.4816891E+00  4.6382333E-01
      2102  4.5041536E+00  4.6091882E-01
      2103  4.5267308E+00  4.5798693E-01
      2104  4.5494211E+00  4.5502833E-01
      2105  4.5722252E+00  4.5204370E-01
      2106  4.5951436E+00  4.4903372E-01
      2107  4.6181768E+00  4.4599909E-01
      2108  4.6413255E+00  4.4294050E-01
      2109  4.6645903E+00  4.3985864E-01
      2110  4.6879716E+00  4.3675423E-01
      2111  4.7114702E+00  4.3362797E-01
      2112  4.7350865E+00  4.3048058E-01
      2113  4.7588212E+00  4.2731278E-01
      2114  4.7826749E+00  4.2412530E-01
      2115  4.8066482E+00  4.2091884E-01
      2116  4.8307416E+00  4.1769417E-01
      2117  4.8549558E+00  4.1445199E-01
      2118  4.8792914E+00  4.1119305E-01
      2119  4.9037489E+00  4.0791809E-01
      2120  4.9283291E+00  4.0462784E-01
      2121  4.9530324E+00  4.0132307E-01
      2122  4.9778596E+00  3.9800450E-01
      2123  5.0028112E+00  3.9467289E-01
      2124  5.0278879E+00  3.9132898E-01
      2125  5.0530903E+00  3.8797353E-01
      2126  5.0784190E+00  3.8460728E-01
      2127  5.1038747E+00  3.8123098E-01
      2128  5.1294580E+00  3.7784539E-01
      2129  5.1551695E+00  3.7445123E-01
      2130  5.1810099E+00  3.7104928E-01
      2131  5.2069798E+00  3.6764026E-01
      2132  5.2330799E+00  3.6422493E-01
      2133  5.2593108E+00  3.6080402E-01
      2134  5.2856732E+00  3.5737827E-01
      2135  5.3121678E+00  3.5394842E-01
      2136  5.3387951E+00  3.5051519E-01
      2137  5.3655560E+00  3.4707931E-01
      2138  5.3924509E+00  3.4364151E-01
      2139  5.4194807E+00  3.4020249E-01
      2140  5.4466460E+00  3.3676298E-01
      2141  5.4739474E+00  3.3332368E-01
      2142  5.5013857E+00  3.2988528E-01
      2143  5.5289615E+00  3.2644848E-01
      2144  5.5566755E+00  3.2301398E-01
      2145  5.5845285E+00  3.1958243E-01
      2146  5.6125210E+00  3.1615452E-01
      2147  5.6406539E+00  3.1273092E-01
      2148  5.6689278E+00  3.0931226E-01
      2149  5.6973434E+00  3.0589921E-01
      2150  5.7259015E+00  3.0249240E-01
      2151  5.7546027E+00  2.9909245E-01
      2152  5.7834477E+00  2.9569999E-01
      2153  5.8124374E+00  2.9231562E-01
      2154  5.8415724E+00  2.8893994E-01
      2155  5.8708534E+00  2.8557354E-01
      2156  5.9002811E+00  2.8221701E-01
      2157  5.9298564E+00  2.7887089E-01
      2158  5.9595799E+00  2.7553576E-01
      2159  5.9894525E+00  2.7221215E-01
      2160  6.0194747E+00  2.6890060E-01
      2161  6.0496475E+00  2.6560164E-01
      2162  6.0799714E+00  2.6231577E-01
      2163  6.1104474E+00  2.5904349E-01
      2164  6.1410762E+00  2.5578530E-01
      2165  6.1718584E+00  2.5254166E-01
      2166  6.2027950E+00  2.4931304E-01
      2167  6.2338867E+00  2.4609990E-01
      2168  6.2651341E+00  2.4290267E-01
      2169  6.2965383E+00  2.3972179E-01
      2170  6.3280998E+00  2.3655767E-01
      2171  6.3598195E+00  2.3341071E-01
      2172  6.3916983E+00  2.3028132E-01
      2173  6.4237368E+00  2.2716987E-01
      2174  6.4559359E+00  2.2407672E-01
      2175  6.4882964E+00  2.2100225E-01
      2176  6.5208191E+00  2.1794679E-01
      2177  6.5535049E+00  2.1491068E-01
      2178  6.5863544E+00  2.1189425E-01
      2179  6.6193687E+00  2.0889781E-01
      2180  6.6525484E+00  2.0592165E-01
      2181  6.6858944E+00  2.0296608E-01
      2182  6.7194076E+00  2.0003136E-01
      2183  6.7530888E+00  1.9711777E-01
      2184  6.7869388E+00  1.9422556E-01
      2185  6.8209585E+00  1.9135499E-01
      2186  6.8551487E+00  1.8850628E-01
      2187  6.8895102E+00  1.8567968E-01
      2188  6.9240441E+00  1.8287538E-01
      2189  6.9587510E+00  1.8009361E-01
      2190  6.9936319E+00  1.7733455E-01
      2191  7.0286876E+00  1.7459840E-01
      2192  7.0639190E+00  1.7188533E-01
      2193  7.0993271E+00  1.6919551E-01
      2194  7.1349126E+00  1.6652910E-01
      2195  7.1706765E+00  1.6388626E-01
      2196  7.2066197E+00  1.6126713E-01
      2197  7.2427430E+00  1.5867183E-01
      2198  7.2790474E+00  1.5610050E-01
      2199  7.3155338E+00  1.5355325E-01
      2200  7.3522030E+00  1.5103019E-01
      2201  7.3890561E+00  1.4853143E-01
      2202  7.4260939E+00  1.4605705E-01
      2203  7.4633173E+00  1.4360715E-01
      2204  7.5007274E+00  1.4118179E-01
      2205  7.5383249E+00  1.3878106E-01
      2206  7.5761109E+00  1.3640502E-01
      2207  7.6140864E+00  1.3405372E-01
      2208  7.6522521E+00  1.3172722E-01
      2209  7.6906092E+00  1.2942555E-01
      2210  7.7291585E+00  1.2714877E-01
      2211  7.7679011E+00  1.2489688E-01
      2212  7.8068379E+00  1.2266993E-01
      2213  7.8459698E+00  1.2046793E-01
      2214  7.8852979E+00  1.1829089E-01
      2215  7.9248231E+00  1.1613882E-01
      2216  7.9645465E+00  1.1401172E-01
      2217  8.0044689E+00  1.1190958E-01
      2218  8.0445915E+00  1.0983240E-01
      2219  8.0849152E+00  1.0778015E-01
      2220  8.1254410E+00  1.0575281E-01
      2221  8.1661699E+00  1.0375036E-01
      2222  8.2071030E+00  1.0177277E-01
      2223  8.2482413E+00  9.9819990E-02
      2224  8.2895858E+00  9.7891984E-02
      2225  8.3311375E+00  9.5988704E-02
      2226  8.3728975E+00  9.4110095E-02
      2227  8.4148668E+00  9.2256101E-02
      2228  8.4570465E+00  9.0426659E-02
      2229  8.4994376E+00  8.8621700E-02
      2230  8.5420412E+00  8.6841154E-02
      2231  8.5848584E+00  8.5084942E-02
      2232  8.6278902E+00  8.3352984E-02
      2233  8.6711377E+00  8.1645194E-02
      2234  8.7146019E+00  7.9961480E-02
      2235  8.7582840E+00  7.8301749E-02
      2236  8.8021851E+00  7.6665902E-02
      2237  8.8463063E+00  7.5053833E-02
      2238  8.8906486E+00  7.3465437E-02
      2239  8.9352131E+00  7.1900601E-02
      2240  8.9800011E+00  7.0359208E-02
      2241  9.0250135E+00  6.8841140E-02
      2242  9.0702516E+00  6.7346271E-02
      2243  9.1157164E+00  6.5874473E-02
      2244  9.1614091E+00  6.4425616E-02
      2245  9.2073309E+00  6.2999563E-02
      2246  9.2534828E+00  6.1596173E-02
      2247  9.2998661E+00  6.0215306E-02
      2248  9.3464819E+00  5.8856812E-02
      2249  9.3933313E+00  5.7520542E-02
      2250  9.4404156E+00  5.6206343E-02
      2251  9.4877358E+00  5.4914055E-02
      2252  9.5352933E+00  5.3643520E-02
      2253  9.5830892E+00  5.2394574E-02
      2254  9.6311246E+00  5.1167046E-02
      2255  9.6794008E+00  4.9960770E-02
      2256  9.7279190E+00  4.8775572E-02
      2257  9.7766804E+00  4.7611271E-02
      2258  9.8256862E+00  4.6467695E-02
      2259  9.8749377E+00  4.5344657E-02
      2260  9.9244360E+00  4.4241972E-02
      2261  9.9741825E+00  4.3159456E-02
      2262  1.0024178E+01  4.2096916E-02
      2263  1.0074425E+01  4.1054160E-02
      2264  1.0124923E+01  4.0030997E-02
      2265  1.0175674E+01  3.9027224E-02
      2266  1.0226680E+01  3.8042645E-02
      2267  1.0277942E+01  3.7077061E-02
      2268  1.0329460E+01  3.6130263E-02
      2269  1.0381237E+01  3.5202050E-02
      2270  1.0433273E+01  3.4292216E-02
      2271  1.0485570E+01  3.3400548E-02
      2272  1.0538129E+01  3.2526840E-02
      2273  1.0590951E+01  3.1670880E-02
      2274  1.0644039E+01  3.0832451E-02
      2275  1.0697392E+01  3.0011345E-02
      2276  1.0751013E+01  2.9207342E-02
      2277  1.0804903E+01  2.8420225E-02
      2278  1.0859063E+01  2.7649782E-02
      2279  1.0913494E+01  2.6895789E-02
      2280  1.0968198E+01  2.6158029E-02
      2281  1.1023176E+01  2.5436284E-02
      2282  1.1078430E+01  2.4730330E-02
      2283  1.1133961E+01  2.4039950E-02
      2284  1.1189770E+01  2.3364923E-02
      2285  1.1245859E+01  2.2705023E-02
      2286  1.1302229E+01  2.2060034E-02
      2287  1.1358882E+01  2.1429733E-02
      2288  1.1415819E+01  2.0813895E-02
      2289  1.1473041E+01  2.0212304E-02
      2290  1.1530550E+01  1.9624737E-02
      2291  1.1588347E+01  1.9050970E-02
      2292  1.1646434E+01  1.8490789E-02
      2293  1.1704812E+01  1.7943970E-02
      2294  1.1763482E+01  1.7410293E-02
      2295  1.1822447E+01  1.6889544E-02
      2296  1.1881707E+01  1.6381500E-02
      2297  1.1941264E+01  1.5885946E-02
      2298  1.2001120E+01  1.5402670E-02
      2299  1.2061276E+01  1.4931450E-02
      2300  1.2121734E+01  1.4472078E-02
      2301  1.2182494E+01  1.4024340E-02
      2302  1.2243559E+01  1.3588021E-02
      2303  1.2304930E+01  1.3162916E-02
      2304  1.2366609E+01  1.2748814E-02
      2305  1.2428597E+01  1.2345505E-02
      2306  1.2490895E+01  1.1952789E-02
      2307  1.2553506E+01  1.1570458E-02
      2308  1.2616431E+01  1.1198308E-02
      2309  1.2679671E+01  1.0836143E-02
      2310  1.2743228E+01  1.0483760E-02
      2311  1.2807104E+01  1.0140962E-02
      2312  1.2871300E+01  9.8075561E-03
      2313  1.2935817E+01  9.4833448E-03
      2314  1.3000658E+01  9.1681395E-03
      2315  1.3065824E+01  8.8617514E-03
      2316  1.3131317E+01  8.5639884E-03
      2317  1.3197138E+01  8.2746694E-03
      2318  1.3263289E+01  7.9936103E-03
      2319  1.3329772E+01  7.7206264E-03
      2320  1.3396587E+01  7.4555434E-03
      2321  1.3463738E+01  7.1981820E-03
      2322  1.3531225E+01  6.9483661E-03
      2323  1.3599051E+01  6.7059273E-03
      2324  1.3667216E+01  6.4706922E-03
      2325  1.3735724E+01  6.2424933E-03
      2326  1.3804574E+01  6.0211683E-03
      2327  1.3873770E+01  5.8065499E-03
      2328  1.3943312E+01  5.5984796E-03
      2329  1.4013204E+01  5.3968007E-03
      2330  1.4083445E+01  5.2013531E-03
      2331  1.4154039E+01  5.0119867E-03
      2332  1.4224986E+01  4.8285506E-03
      2333  1.4296289E+01  4.6508927E-03
      2334  1.4367950E+01  4.4788706E-03
      2335  1.4439969E+01  4.3123392E-03
      2336  1.4512350E+01  4.1511551E-03
      2337  1.4585093E+01  3.9951830E-03
      2338  1.4658201E+01  3.8442841E-03
      2339  1.4731676E+01  3.6983235E-03
      2340  1.4805519E+01  3.5571729E-03
      2341  1.4879732E+01  3.4206998E-03
      2342  1.4954317E+01  3.2887782E-03
