         1  1.2340980E-04  1.8018266E-12
         2  1.2402840E-04  1.8290578E-12
         3  1.2465009E-04  1.8567004E-12
         4  1.2527490E-04  1.8847609E-12
         5  1.2590285E-04  1.9132454E-12
         6  1.2653394E-04  1.9421604E-12
         7  1.2716819E-04  1.9715124E-12
         8  1.2780563E-04  2.0013080E-12
         9  1.2844625E-04  2.0315539E-12
        10  1.2909009E-04  2.0622569E-12
        11  1.2973716E-04  2.0934239E-12
        12  1.3038747E-04  2.1250619E-12
        13  1.3104104E-04  2.1571781E-12
        14  1.3169789E-04  2.1897797E-12
        15  1.3235802E-04  2.2228740E-12
        16  1.3302147E-04  2.2564684E-12
        17  1.3368824E-04  2.2905706E-12
        18  1.3435836E-04  2.3251881E-12
        19  1.3503183E-04  2.3603288E-12
        20  1.3570868E-04  2.3960006E-12
        21  1.3638893E-04  2.4322116E-12
        22  1.3707258E-04  2.4689697E-12
        23  1.3775966E-04  2.5062834E-12
        24  1.3845018E-04  2.5441611E-12
        25  1.3914417E-04  2.5826111E-12
        26  1.3984163E-04  2.6216423E-12
        27  1.4054259E-04  2.6612633E-12
        28  1.4124706E-04  2.7014832E-12
        29  1.4195506E-04  2.7423109E-12
        30  1.4266662E-04  2.7837556E-12
        31  1.4338174E-04  2.8258267E-12
        32  1.4410044E-04  2.8685336E-12
        33  1.4482275E-04  2.9118859E-12
        34  1.4554867E-04  2.9558934E-12
        35  1.4627824E-04  3.0005660E-12
        36  1.4701146E-04  3.0459138E-12
        37  1.4774836E-04  3.0919469E-12
        38  1.4848895E-04  3.1386757E-12
        39  1.4923326E-04  3.1861107E-12
        40  1.4998129E-04  3.2342626E-12
        41  1.5073308E-04  3.2831422E-12
        42  1.5148863E-04  3.3327605E-12
        43  1.5224797E-04  3.3831288E-12
        44  1.5301111E-04  3.4342582E-12
        45  1.5377809E-04  3.4861604E-12
        46  1.5454890E-04  3.5388469E-12
        47  1.5532358E-04  3.5923298E-12
        48  1.5610214E-04  3.6466209E-12
        49  1.5688461E-04  3.7017325E-12
        50  1.5767100E-04  3.7576770E-12
        51  1.5846133E-04  3.8144670E-12
        52  1.5925562E-04  3.8721153E-12
        53  1.6005389E-04  3.9306348E-12
        54  1.6085616E-04  3.9900388E-12
        55  1.6166246E-04  4.0503405E-12
        56  1.6247279E-04  4.1115535E-12
        57  1.6328719E-04  4.1736917E-12
        58  1.6410567E-04  4.2367690E-12
        59  1.6492825E-04  4.3007995E-12
        60  1.6575496E-04  4.3657978E-12
        61  1.6658581E-04  4.4317784E-12
        62  1.6742083E-04  4.4987561E-12
        63  1.6826003E-04  4.5667461E-12
        64  1.6910343E-04  4.6357637E-12
        65  1.6995107E-04  4.7058243E-12
        66  1.7080295E-04  4.7769437E-12
        67  1.7165910E-04  4.8491379E-12
        68  1.7251955E-04  4.9224233E-12
        69  1.7338431E-04  4.9968162E-12
        70  1.7425340E-04  5.0723334E-12
        71  1.7512685E-04  5.1489919E-12
        72  1.7600468E-04  5.2268089E-12
        73  1.7688690E-04  5.3058020E-12
        74  1.7777355E-04  5.3859890E-12
        75  1.7866465E-04  5.4673878E-12
        76  1.7956021E-04  5.5500167E-12
        77  1.8046025E-04  5.6338945E-12
        78  1.8136482E-04  5.7190399E-12
        79  1.8227391E-04  5.8054721E-12
        80  1.8318756E-04  5.8932106E-12
        81  1.8410579E-04  5.9822751E-12
        82  1.8502863E-04  6.0726856E-12
        83  1.8595609E-04  6.1644625E-12
        84  1.8688820E-04  6.2576264E-12
        85  1.8782498E-04  6.3521983E-12
        86  1.8876645E-04  6.4481995E-12
        87  1.8971265E-04  6.5456516E-12
        88  1.9066359E-04  6.6445764E-12
        89  1.9161929E-04  6.7449963E-12
        90  1.9257979E-04  6.8469339E-12
        91  1.9354510E-04  6.9504120E-12
        92  1.9451525E-04  7.0554541E-12
        93  1.9549026E-04  7.1620836E-12
        94  1.9647016E-04  7.2703246E-12
        95  1.9745497E-04  7.3802015E-12
        96  1.9844472E-04  7.4917390E-12
        97  1.9943943E-04  7.6049621E-12
        98  2.0043912E-04  7.7198964E-12
        99  2.0144382E-04  7.8365677E-12
       100  2.0245357E-04  7.9550022E-12
       101  2.0346837E-04  8.0752267E-12
       102  2.0448826E-04  8.1972681E-12
       103  2.0551326E-04  8.3211540E-12
       104  2.0654340E-04  8.4469121E-12
       105  2.0757870E-04  8.5745708E-12
       106  2.0861920E-04  8.7041589E-12
       107  2.0966490E-04  8.8357054E-12
       108  2.1071585E-04  8.9692400E-12
       109  2.1177207E-04  9.1047927E-12
       110  2.1283358E-04  9.2423940E-12
       111  2.1390042E-04  9.3820749E-12
       112  2.1497260E-04  9.5238668E-12
       113  2.1605015E-04  9.6678016E-12
       114  2.1713311E-04  9.8139117E-12
       115  2.1822149E-04  9.9622300E-12
       116  2.1931533E-04  1.0112790E-11
       117  2.2041465E-04  1.0265625E-11
       118  2.2151949E-04  1.0420770E-11
       119  2.2262986E-04  1.0578260E-11
       120  2.2374579E-04  1.0738130E-11
       121  2.2486732E-04  1.0900416E-11
       122  2.2599448E-04  1.1065155E-11
       123  2.2712728E-04  1.1232383E-11
       124  2.2826576E-04  1.1402139E-11
       125  2.2940995E-04  1.1574460E-11
       126  2.3055987E-04  1.1749385E-11
       127  2.3171555E-04  1.1926955E-11
       128  2.3287703E-04  1.2107208E-11
       129  2.3404433E-04  1.2290185E-11
       130  2.3521749E-04  1.2475927E-11
       131  2.3639652E-04  1.2664476E-11
       132  2.3758146E-04  1.2855875E-11
       133  2.3877234E-04  1.3050167E-11
       134  2.3996919E-04  1.3247395E-11
       135  2.4117204E-04  1.3447604E-11
       136  2.4238092E-04  1.3650838E-11
       137  2.4359586E-04  1.3857144E-11
       138  2.4481689E-04  1.4066568E-11
       139  2.4604404E-04  1.4279157E-11
       140  2.4727734E-04  1.4494959E-11
       141  2.4851683E-04  1.4714022E-11
       142  2.4976252E-04  1.4936396E-11
       143  2.5101446E-04  1.5162131E-11
       144  2.5227268E-04  1.5391277E-11
       145  2.5353720E-04  1.5623887E-11
       146  2.5480806E-04  1.5860011E-11
       147  2.5608529E-04  1.6099705E-11
       148  2.5736892E-04  1.6343021E-11
       149  2.5865899E-04  1.6590014E-11
       150  2.5995552E-04  1.6840740E-11
       151  2.6125856E-04  1.7095255E-11
       152  2.6256812E-04  1.7353617E-11
       153  2.6388425E-04  1.7615883E-11
       154  2.6520697E-04  1.7882113E-11
       155  2.6653633E-04  1.8152366E-11
       156  2.6787235E-04  1.8426704E-11
       157  2.6921506E-04  1.8705188E-11
       158  2.7056451E-04  1.8987881E-11
       159  2.7192072E-04  1.9274846E-11
       160  2.7328373E-04  1.9566148E-11
       161  2.7465357E-04  1.9861852E-11
       162  2.7603028E-04  2.0162026E-11
       163  2.7741388E-04  2.0466736E-11
       164  2.7880443E-04  2.0776051E-11
       165  2.8020194E-04  2.1090041E-11
       166  2.8160646E-04  2.1408776E-11
       167  2.8301802E-04  2.1732328E-11
       168  2.8443665E-04  2.2060770E-11
       169  2.8586239E-04  2.2394176E-11
       170  2.8729529E-04  2.2732621E-11
       171  2.8873536E-04  2.3076180E-11
       172  2.9018265E-04  2.3424932E-11
       173  2.9163720E-04  2.3778955E-11
       174  2.9309904E-04  2.4138327E-11
       175  2.9456820E-04  2.4503132E-11
       176  2.9604473E-04  2.4873449E-11
       177  2.9752866E-04  2.5249363E-11
       178  2.9902003E-04  2.5630958E-11
       179  3.0051887E-04  2.6018321E-11
       180  3.0202523E-04  2.6411537E-11
       181  3.0353914E-04  2.6810696E-11
       182  3.0506063E-04  2.7215888E-11
       183  3.0658976E-04  2.7627204E-11
       184  3.0812654E-04  2.8044735E-11
       185  3.0967104E-04  2.8468577E-11
       186  3.1122327E-04  2.8898825E-11
       187  3.1278328E-04  2.9335574E-11
       188  3.1435111E-04  2.9778925E-11
       189  3.1592681E-04  3.0228976E-11
       190  3.1751040E-04  3.0685828E-11
       191  3.1910192E-04  3.1149585E-11
       192  3.2070143E-04  3.1620351E-11
       193  3.2230895E-04  3.2098231E-11
       194  3.2392453E-04  3.2583334E-11
       195  3.2554821E-04  3.3075768E-11
       196  3.2718003E-04  3.3575644E-11
       197  3.2882002E-04  3.4083075E-11
       198  3.3046824E-04  3.4598174E-11
       199  3.3212472E-04  3.5121059E-11
       200  3.3378950E-04  3.5651846E-11
       201  3.3546263E-04  3.6190654E-11
       202  3.3714414E-04  3.6737606E-11
       203  3.3883408E-04  3.7292824E-11
       204  3.4053250E-04  3.7856433E-11
       205  3.4223942E-04  3.8428559E-11
       206  3.4395490E-04  3.9009333E-11
       207  3.4567899E-04  3.9598883E-11
       208  3.4741171E-04  4.0197344E-11
       209  3.4915312E-04  4.0804849E-11
       210  3.5090325E-04  4.1421535E-11
       211  3.5266216E-04  4.2047541E-11
       212  3.5442989E-04  4.2683008E-11
       213  3.5620648E-04  4.3328080E-11
       214  3.5799197E-04  4.3982900E-11
       215  3.5978641E-04  4.4647616E-11
       216  3.6158985E-04  4.5322378E-11
       217  3.6340233E-04  4.6007338E-11
       218  3.6522389E-04  4.6702650E-11
       219  3.6705458E-04  4.7408470E-11
       220  3.6889445E-04  4.8124958E-11
       221  3.7074354E-04  4.8852273E-11
       222  3.7260190E-04  4.9590581E-11
       223  3.7446957E-04  5.0340046E-11
       224  3.7634661E-04  5.1100839E-11
       225  3.7823306E-04  5.1873129E-11
       226  3.8012896E-04  5.2657091E-11
       227  3.8203436E-04  5.3452901E-11
       228  3.8394932E-04  5.4260738E-11
       229  3.8587387E-04  5.5080784E-11
       230  3.8780807E-04  5.5913223E-11
       231  3.8975197E-04  5.6758243E-11
       232  3.9170561E-04  5.7616034E-11
       233  3.9366904E-04  5.8486789E-11
       234  3.9564231E-04  5.9370704E-11
       235  3.9762548E-04  6.0267977E-11
       236  3.9961859E-04  6.1178811E-11
       237  4.0162168E-04  6.2103410E-11
       238  4.0363482E-04  6.3041983E-11
       239  4.0565805E-04  6.3994741E-11
       240  4.0769142E-04  6.4961897E-11
       241  4.0973498E-04  6.5943670E-11
       242  4.1178878E-04  6.6940281E-11
       243  4.1385288E-04  6.7951954E-11
       244  4.1592733E-04  6.8978916E-11
       245  4.1801217E-04  7.0021399E-11
       246  4.2010747E-04  7.1079637E-11
       247  4.2221327E-04  7.2153868E-11
       248  4.2432962E-04  7.3244334E-11
       249  4.2645658E-04  7.4351280E-11
       250  4.2859420E-04  7.5474956E-11
       251  4.3074254E-04  7.6615614E-11
       252  4.3290165E-04  7.7773511E-11
       253  4.3507158E-04  7.8948907E-11
       254  4.3725238E-04  8.0142067E-11
       255  4.3944412E-04  8.1353259E-11
       256  4.4164684E-04  8.2582756E-11
       257  4.4386060E-04  8.3830834E-11
       258  4.4608546E-04  8.5097775E-11
       259  4.4832148E-04  8.6383863E-11
       260  4.5056870E-04  8.7689388E-11
       261  4.5282718E-04  8.9014643E-11
       262  4.5509699E-04  9.0359927E-11
       263  4.5737817E-04  9.1725543E-11
       264  4.5967079E-04  9.3111797E-11
       265  4.6197490E-04  9.4519001E-11
       266  4.6429056E-04  9.5947473E-11
       267  4.6661782E-04  9.7397533E-11
       268  4.6895676E-04  9.8869508E-11
       269  4.7130741E-04  1.0036373E-10
       270  4.7366985E-04  1.0188053E-10
       271  4.7604413E-04  1.0342026E-10
       272  4.7843031E-04  1.0498326E-10
       273  4.8082845E-04  1.0656988E-10
       274  4.8323861E-04  1.0818047E-10
       275  4.8566086E-04  1.0981541E-10
       276  4.8809524E-04  1.1147506E-10
       277  4.9054183E-04  1.1315979E-10
       278  4.9300068E-04  1.1486998E-10
       279  4.9547186E-04  1.1660602E-10
       280  4.9795542E-04  1.1836829E-10
       281  5.0045143E-04  1.2015720E-10
       282  5.0295996E-04  1.2197314E-10
       283  5.0548105E-04  1.2381653E-10
       284  5.0801479E-04  1.2568778E-10
       285  5.1056122E-04  1.2758730E-10
       286  5.1312042E-04  1.2951554E-10
       287  5.1569245E-04  1.3147292E-10
       288  5.1827737E-04  1.3345987E-10
       289  5.2087524E-04  1.3547686E-10
       290  5.2348614E-04  1.3752433E-10
       291  5.2611013E-04  1.3960275E-10
       292  5.2874727E-04  1.4171257E-10
       293  5.3139762E-04  1.4385428E-10
       294  5.3406126E-04  1.4602836E-10
       295  5.3673826E-04  1.4823530E-10
       296  5.3942867E-04  1.5047559E-10
       297  5.4213257E-04  1.5274973E-10
       298  5.4485002E-04  1.5505825E-10
       299  5.4758109E-04  1.5740166E-10
       300  5.5032585E-04  1.5978048E-10
       301  5.5308437E-04  1.6219525E-10
       302  5.5585672E-04  1.6464652E-10
       303  5.5864296E-04  1.6713483E-10
       304  5.6144317E-04  1.6966075E-10
       305  5.6425742E-04  1.7222484E-10
       306  5.6708577E-04  1.7482769E-10
       307  5.6992830E-04  1.7746987E-10
       308  5.7278507E-04  1.8015198E-10
       309  5.7565617E-04  1.8287463E-10
       310  5.7854166E-04  1.8563843E-10
       311  5.8144161E-04  1.8844399E-10
       312  5.8435610E-04  1.9129196E-10
       313  5.8728520E-04  1.9418297E-10
       314  5.9022898E-04  1.9711767E-10
       315  5.9318751E-04  2.0009672E-10
       316  5.9616088E-04  2.0312079E-10
       317  5.9914915E-04  2.0619057E-10
       318  6.0215239E-04  2.0930674E-10
       319  6.0517069E-04  2.1247001E-10
       320  6.0820413E-04  2.1568108E-10
       321  6.1125276E-04  2.1894068E-10
       322  6.1431668E-04  2.2224955E-10
       323  6.1739595E-04  2.2560842E-10
       324  6.2049066E-04  2.2901805E-10
       325  6.2360089E-04  2.3247922E-10
       326  6.2672670E-04  2.3599269E-10
       327  6.2986818E-04  2.3955926E-10
       328  6.3302541E-04  2.4317974E-10
       329  6.3619846E-04  2.4685493E-10
       330  6.3938742E-04  2.5058566E-10
       331  6.4259236E-04  2.5437278E-10
       332  6.4581337E-04  2.5821713E-10
       333  6.4905052E-04  2.6211958E-10
       334  6.5230390E-04  2.6608101E-10
       335  6.5557359E-04  2.7010231E-10
       336  6.5885966E-04  2.7418438E-10
       337  6.6216221E-04  2.7832815E-10
       338  6.6548131E-04  2.8253454E-10
       339  6.6881705E-04  2.8680450E-10
       340  6.7216951E-04  2.9113900E-10
       341  6.7553878E-04  2.9553900E-10
       342  6.7892493E-04  3.0000550E-10
       343  6.8232805E-04  3.0453950E-10
       344  6.8574824E-04  3.0914202E-10
       345  6.8918556E-04  3.1381411E-10
       346  6.9264012E-04  3.1855680E-10
       347  6.9611199E-04  3.2337117E-10
       348  6.9960127E-04  3.2825830E-10
       349  7.0310804E-04  3.3321929E-10
       350  7.0663238E-04  3.3825525E-10
       351  7.1017439E-04  3.4336732E-10
       352  7.1373415E-04  3.4855665E-10
       353  7.1731176E-04  3.5382441E-10
       354  7.2090730E-04  3.5917178E-10
       355  7.2452086E-04  3.6459997E-10
       356  7.2815254E-04  3.7011019E-10
       357  7.3180242E-04  3.7570369E-10
       358  7.3547059E-04  3.8138172E-10
       359  7.3915716E-04  3.8714557E-10
       360  7.4286220E-04  3.9299653E-10
       361  7.4658581E-04  3.9893591E-10
       362  7.5032809E-04  4.0496505E-10
       363  7.5408912E-04  4.1108531E-10
       364  7.5786901E-04  4.1729807E-10
       365  7.6166784E-04  4.2360472E-10
       366  7.6548572E-04  4.3000669E-10
       367  7.6932273E-04  4.3650540E-10
       368  7.7317898E-04  4.4310234E-10
       369  7.7705455E-04  4.4979897E-10
       370  7.8094956E-04  4.5659681E-10
       371  7.8486408E-04  4.6349739E-10
       372  7.8879823E-04  4.7050225E-10
       373  7.9275210E-04  4.7761298E-10
       374  7.9672578E-04  4.8483118E-10
       375  8.0071939E-04  4.9215846E-10
       376  8.0473301E-04  4.9959648E-10
       377  8.0876675E-04  5.0714692E-10
       378  8.1282071E-04  5.1481146E-10
       379  8.1689499E-04  5.2259184E-10
       380  8.2098970E-04  5.3048980E-10
       381  8.2510492E-04  5.3850712E-10
       382  8.2924078E-04  5.4664562E-10
       383  8.3339737E-04  5.5490711E-10
       384  8.3757479E-04  5.6329345E-10
       385  8.4177315E-04  5.7180654E-10
       386  8.4599255E-04  5.8044829E-10
       387  8.5023311E-04  5.8922064E-10
       388  8.5449492E-04  5.9812557E-10
       389  8.5877809E-04  6.0716508E-10
       390  8.6308274E-04  6.1634120E-10
       391  8.6740896E-04  6.2565600E-10
       392  8.7175686E-04  6.3511158E-10
       393  8.7612656E-04  6.4471006E-10
       394  8.8051816E-04  6.5445360E-10
       395  8.8493178E-04  6.6434440E-10
       396  8.8936752E-04  6.7438468E-10
       397  8.9382549E-04  6.8457670E-10
       398  8.9830581E-04  6.9492275E-10
       399  9.0280859E-04  7.0542516E-10
       400  9.0733394E-04  7.1608629E-10
       401  9.1188197E-04  7.2690855E-10
       402  9.1645279E-04  7.3789436E-10
       403  9.2104653E-04  7.4904620E-10
       404  9.2566330E-04  7.6036659E-10
       405  9.3030320E-04  7.7185805E-10
       406  9.3496637E-04  7.8352319E-10
       407  9.3965291E-04  7.9536463E-10
       408  9.4436294E-04  8.0738502E-10
       409  9.4909657E-04  8.1958708E-10
       410  9.5385394E-04  8.3197355E-10
       411  9.5863515E-04  8.4454722E-10
       412  9.6344033E-04  8.5731091E-10
       413  9.6826960E-04  8.7026750E-10
       414  9.7312307E-04  8.8341991E-10
       415  9.7800087E-04  8.9677109E-10
       416  9.8290312E-04  9.1032405E-10
       417  9.8782994E-04  9.2408183E-10
       418  9.9278146E-04  9.3804753E-10
       419  9.9775780E-04  9.5222430E-10
       420  1.0027591E-03  9.6661533E-10
       421  1.0077854E-03  9.8122384E-10
       422  1.0128370E-03  9.9605314E-10
       423  1.0179138E-03  1.0111066E-09
       424  1.0230162E-03  1.0263875E-09
       425  1.0281440E-03  1.0418993E-09
       426  1.0332976E-03  1.0576456E-09
       427  1.0384771E-03  1.0736299E-09
       428  1.0436825E-03  1.0898557E-09
       429  1.0489139E-03  1.1063268E-09
       430  1.0541716E-03  1.1230467E-09
       431  1.0594557E-03  1.1400194E-09
       432  1.0647662E-03  1.1572486E-09
       433  1.0701034E-03  1.1747382E-09
       434  1.0754673E-03  1.1924921E-09
       435  1.0808581E-03  1.2105143E-09
       436  1.0862759E-03  1.2288088E-09
       437  1.0917209E-03  1.2473799E-09
       438  1.0971932E-03  1.2662316E-09
       439  1.1026929E-03  1.2853683E-09
       440  1.1082202E-03  1.3047941E-09
       441  1.1137751E-03  1.3245135E-09
       442  1.1193580E-03  1.3445310E-09
       443  1.1249688E-03  1.3648510E-09
       444  1.1306077E-03  1.3854781E-09
       445  1.1362749E-03  1.4064169E-09
       446  1.1419705E-03  1.4276721E-09
       447  1.1476947E-03  1.4492486E-09
       448  1.1534475E-03  1.4711512E-09
       449  1.1592292E-03  1.4933848E-09
       450  1.1650398E-03  1.5159544E-09
       451  1.1708796E-03  1.5388651E-09
       452  1.1767487E-03  1.5621221E-09
       453  1.1826472E-03  1.5857305E-09
       454  1.1885752E-03  1.6096958E-09
       455  1.1945330E-03  1.6340232E-09
       456  1.2005206E-03  1.6587183E-09
       457  1.2065382E-03  1.6837866E-09
       458  1.2125860E-03  1.7092338E-09
       459  1.2186641E-03  1.7350655E-09
       460  1.2247727E-03  1.7612877E-09
       461  1.2309119E-03  1.7879061E-09
       462  1.2370819E-03  1.8149268E-09
       463  1.2432828E-03  1.8423559E-09
       464  1.2495148E-03  1.8701996E-09
       465  1.2557780E-03  1.8984640E-09
       466  1.2620726E-03  1.9271556E-09
       467  1.2683988E-03  1.9562808E-09
       468  1.2747566E-03  1.9858462E-09
       469  1.2811464E-03  2.0158584E-09
       470  1.2875681E-03  2.0463242E-09
       471  1.2940221E-03  2.0772504E-09
       472  1.3005084E-03  2.1086440E-09
       473  1.3070272E-03  2.1405121E-09
       474  1.3135787E-03  2.1728618E-09
       475  1.3201631E-03  2.2057004E-09
       476  1.3267804E-03  2.2390353E-09
       477  1.3334309E-03  2.2728739E-09
       478  1.3401148E-03  2.3072240E-09
       479  1.3468321E-03  2.3420932E-09
       480  1.3535832E-03  2.3774894E-09
       481  1.3603680E-03  2.4134205E-09
       482  1.3671869E-03  2.4498947E-09
       483  1.3740400E-03  2.4869201E-09
       484  1.3809274E-03  2.5245051E-09
       485  1.3878493E-03  2.5626581E-09
       486  1.3948059E-03  2.6013877E-09
       487  1.4017974E-03  2.6407026E-09
       488  1.4088240E-03  2.6806117E-09
       489  1.4158857E-03  2.7211239E-09
       490  1.4229829E-03  2.7622484E-09
       491  1.4301156E-03  2.8039944E-09
       492  1.4372841E-03  2.8463714E-09
       493  1.4444885E-03  2.8893887E-09
       494  1.4517290E-03  2.9330562E-09
       495  1.4590058E-03  2.9773837E-09
       496  1.4663191E-03  3.0223811E-09
       497  1.4736691E-03  3.0680585E-09
       498  1.4810559E-03  3.1144262E-09
       499  1.4884797E-03  3.1614947E-09
       500  1.4959408E-03  3.2092746E-09
       501  1.5034392E-03  3.2577765E-09
       502  1.5109752E-03  3.3070115E-09
       503  1.5185490E-03  3.3569905E-09
       504  1.5261608E-03  3.4077249E-09
       505  1.5338107E-03  3.4592261E-09
       506  1.5414989E-03  3.5115055E-09
       507  1.5492257E-03  3.5645751E-09
       508  1.5569913E-03  3.6184468E-09
       509  1.5647957E-03  3.6731325E-09
       510  1.5726393E-03  3.7286448E-09
       511  1.5805222E-03  3.7849960E-09
       512  1.5884446E-03  3.8421989E-09
       513  1.5964067E-03  3.9002662E-09
       514  1.6044087E-03  3.9592112E-09
       515  1.6124508E-03  4.0190470E-09
       516  1.6205333E-03  4.0797870E-09
       517  1.6286562E-03  4.1414451E-09
       518  1.6368199E-03  4.2040350E-09
       519  1.6450245E-03  4.2675708E-09
       520  1.6532702E-03  4.3320668E-09
       521  1.6615573E-03  4.3975376E-09
       522  1.6698859E-03  4.4639978E-09
       523  1.6782562E-03  4.5314625E-09
       524  1.6866685E-03  4.5999467E-09
       525  1.6951230E-03  4.6694660E-09
       526  1.7036198E-03  4.7400359E-09
       527  1.7121592E-03  4.8116723E-09
       528  1.7207415E-03  4.8843913E-09
       529  1.7293667E-03  4.9582094E-09
       530  1.7380352E-03  5.0331431E-09
       531  1.7467471E-03  5.1092093E-09
       532  1.7555027E-03  5.1864250E-09
       533  1.7643022E-03  5.2648077E-09
       534  1.7731458E-03  5.3443751E-09
       535  1.7820338E-03  5.4251449E-09
       536  1.7909663E-03  5.5071354E-09
       537  1.7999435E-03  5.5903650E-09
       538  1.8089658E-03  5.6748525E-09
       539  1.8180332E-03  5.7606169E-09
       540  1.8271462E-03  5.8476774E-09
       541  1.8363048E-03  5.9360536E-09
       542  1.8455093E-03  6.0257655E-09
       543  1.8547599E-03  6.1168332E-09
       544  1.8640570E-03  6.2092773E-09
       545  1.8734006E-03  6.3031184E-09
       546  1.8827911E-03  6.3983778E-09
       547  1.8922286E-03  6.4950768E-09
       548  1.9017134E-03  6.5932372E-09
       549  1.9112458E-03  6.6928811E-09
       550  1.9208260E-03  6.7940310E-09
       551  1.9304541E-03  6.8967096E-09
       552  1.9401306E-03  7.0009399E-09
       553  1.9498555E-03  7.1067454E-09
       554  1.9596292E-03  7.2141501E-09
       555  1.9694519E-03  7.3231779E-09
       556  1.9793238E-03  7.4338534E-09
       557  1.9892452E-03  7.5462016E-09
       558  1.9992164E-03  7.6602478E-09
       559  2.0092375E-03  7.7760175E-09
       560  2.0193088E-03  7.8935368E-09
       561  2.0294306E-03  8.0128323E-09
       562  2.0396032E-03  8.1339306E-09
       563  2.0498268E-03  8.2568591E-09
       564  2.0601016E-03  8.3816454E-09
       565  2.0704279E-03  8.5083177E-09
       566  2.0808059E-03  8.6369043E-09
       567  2.0912360E-03  8.7674343E-09
       568  2.1017184E-03  8.8999369E-09
       569  2.1122533E-03  9.0344421E-09
       570  2.1228410E-03  9.1709801E-09
       571  2.1334818E-03  9.3095815E-09
       572  2.1441759E-03  9.4502777E-09
       573  2.1549236E-03  9.5931002E-09
       574  2.1657252E-03  9.7380812E-09
       575  2.1765810E-03  9.8852533E-09
       576  2.1874911E-03  1.0034650E-08
       577  2.1984560E-03  1.0186304E-08
       578  2.2094758E-03  1.0340250E-08
       579  2.2205508E-03  1.0496523E-08
       580  2.2316814E-03  1.0655157E-08
       581  2.2428677E-03  1.0816189E-08
       582  2.2541101E-03  1.0979654E-08
       583  2.2654089E-03  1.1145590E-08
       584  2.2767643E-03  1.1314034E-08
       585  2.2881767E-03  1.1485024E-08
       586  2.2996462E-03  1.1658598E-08
       587  2.3111732E-03  1.1834794E-08
       588  2.3227580E-03  1.2013654E-08
       589  2.3344009E-03  1.2195217E-08
       590  2.3461021E-03  1.2379524E-08
       591  2.3578620E-03  1.2566616E-08
       592  2.3696808E-03  1.2756536E-08
       593  2.3815589E-03  1.2949326E-08
       594  2.3934965E-03  1.3145030E-08
       595  2.4054940E-03  1.3343692E-08
       596  2.4175516E-03  1.3545355E-08
       597  2.4296696E-03  1.3750067E-08
       598  2.4418484E-03  1.3957872E-08
       599  2.4540882E-03  1.4168818E-08
       600  2.4663893E-03  1.4382952E-08
       601  2.4787522E-03  1.4600322E-08
       602  2.4911770E-03  1.4820978E-08
       603  2.5036641E-03  1.5044968E-08
       604  2.5162137E-03  1.5272343E-08
       605  2.5288263E-03  1.5503155E-08
       606  2.5415021E-03  1.5737454E-08
       607  2.5542414E-03  1.5975295E-08
       608  2.5670446E-03  1.6216731E-08
       609  2.5799120E-03  1.6461815E-08
       610  2.5928438E-03  1.6710603E-08
       611  2.6058405E-03  1.6963151E-08
       612  2.6189023E-03  1.7219516E-08
       613  2.6320297E-03  1.7479755E-08
       614  2.6452228E-03  1.7743927E-08
       615  2.6584820E-03  1.8012092E-08
       616  2.6718077E-03  1.8284309E-08
       617  2.6852002E-03  1.8560641E-08
       618  2.6986598E-03  1.8841148E-08
       619  2.7121869E-03  1.9125895E-08
       620  2.7257818E-03  1.9414946E-08
       621  2.7394448E-03  1.9708365E-08
       622  2.7531763E-03  2.0006218E-08
       623  2.7669767E-03  2.0308573E-08
       624  2.7808462E-03  2.0615497E-08
       625  2.7947853E-03  2.0927060E-08
       626  2.8087942E-03  2.1243331E-08
       627  2.8228733E-03  2.1564382E-08
       628  2.8370230E-03  2.1890286E-08
       629  2.8512437E-03  2.2221114E-08
       630  2.8655356E-03  2.2556943E-08
       631  2.8798992E-03  2.2897847E-08
       632  2.8943347E-03  2.3243903E-08
       633  2.9088426E-03  2.3595189E-08
       634  2.9234233E-03  2.3951784E-08
       635  2.9380770E-03  2.4313768E-08
       636  2.9528042E-03  2.4681223E-08
       637  2.9676051E-03  2.5054231E-08
       638  2.9824803E-03  2.5432876E-08
       639  2.9974301E-03  2.5817244E-08
       640  3.0124548E-03  2.6207421E-08
       641  3.0275547E-03  2.6603495E-08
       642  3.0427304E-03  2.7005554E-08
       643  3.0579822E-03  2.7413690E-08
       644  3.0733104E-03  2.7827994E-08
       645  3.0887154E-03  2.8248559E-08
       646  3.1041977E-03  2.8675481E-08
       647  3.1197575E-03  2.9108854E-08
       648  3.1353954E-03  2.9548777E-08
       649  3.1511116E-03  2.9995349E-08
       650  3.1669066E-03  3.0448669E-08
       651  3.1827808E-03  3.0908841E-08
       652  3.1987346E-03  3.1375967E-08
       653  3.2147683E-03  3.1850153E-08
       654  3.2308824E-03  3.2331506E-08
       655  3.2470772E-03  3.2820133E-08
       656  3.2633533E-03  3.3316144E-08
       657  3.2797109E-03  3.3819652E-08
       658  3.2961505E-03  3.4330769E-08
       659  3.3126725E-03  3.4849611E-08
       660  3.3292774E-03  3.5376294E-08
       661  3.3459655E-03  3.5910937E-08
       662  3.3627372E-03  3.6453660E-08
       663  3.3795930E-03  3.7004585E-08
       664  3.3965332E-03  3.7563836E-08
       665  3.4135584E-03  3.8131540E-08
       666  3.4306690E-03  3.8707823E-08
       667  3.4478653E-03  3.9292815E-08
       668  3.4651478E-03  3.9886648E-08
       669  3.4825169E-03  4.0489456E-08
       670  3.4999731E-03  4.1101374E-08
       671  3.5175168E-03  4.1722540E-08
       672  3.5351484E-03  4.2353094E-08
       673  3.5528684E-03  4.2993177E-08
       674  3.5706772E-03  4.3642934E-08
       675  3.5885753E-03  4.4302510E-08
       676  3.6065631E-03  4.4972055E-08
       677  3.6246411E-03  4.5651718E-08
       678  3.6428097E-03  4.6341654E-08
       679  3.6610694E-03  4.7042016E-08
       680  3.6794205E-03  4.7752963E-08
       681  3.6978637E-03  4.8474654E-08
       682  3.7163993E-03  4.9207253E-08
       683  3.7350279E-03  4.9950923E-08
       684  3.7537498E-03  5.0705832E-08
       685  3.7725655E-03  5.1472150E-08
       686  3.7914756E-03  5.2250049E-08
       687  3.8104804E-03  5.3039705E-08
       688  3.8295805E-03  5.3841295E-08
       689  3.8487764E-03  5.4654999E-08
       690  3.8680685E-03  5.5481001E-08
       691  3.8874572E-03  5.6319486E-08
       692  3.9069432E-03  5.7170643E-08
       693  3.9265268E-03  5.8034664E-08
       694  3.9462086E-03  5.8911742E-08
       695  3.9659891E-03  5.9802076E-08
       696  3.9858687E-03  6.0705866E-08
       697  4.0058479E-03  6.1623314E-08
       698  4.0259273E-03  6.2554628E-08
       699  4.0461074E-03  6.3500016E-08
       700  4.0663886E-03  6.4459693E-08
       701  4.0867714E-03  6.5433872E-08
       702  4.1072565E-03  6.6422775E-08
       703  4.1278442E-03  6.7426623E-08
       704  4.1485351E-03  6.8445642E-08
       705  4.1693297E-03  6.9480061E-08
       706  4.1902285E-03  7.0530114E-08
       707  4.2112322E-03  7.1596036E-08
       708  4.2323410E-03  7.2678067E-08
       709  4.2535557E-03  7.3776451E-08
       710  4.2748768E-03  7.4891434E-08
       711  4.2963047E-03  7.6023269E-08
       712  4.3178400E-03  7.7172208E-08
       713  4.3394833E-03  7.8338512E-08
       714  4.3612350E-03  7.9522442E-08
       715  4.3830958E-03  8.0724265E-08
       716  4.4050662E-03  8.1944250E-08
       717  4.4271466E-03  8.3182673E-08
       718  4.4493378E-03  8.4439813E-08
       719  4.4716402E-03  8.5715952E-08
       720  4.4940544E-03  8.7011376E-08
       721  4.5165809E-03  8.8326379E-08
       722  4.5392204E-03  8.9661255E-08
       723  4.5619733E-03  9.1016305E-08
       724  4.5848403E-03  9.2391834E-08
       725  4.6078219E-03  9.3788151E-08
       726  4.6309187E-03  9.5205570E-08
       727  4.6541313E-03  9.6644411E-08
       728  4.6774602E-03  9.8104997E-08
       729  4.7009061E-03  9.9587657E-08
       730  4.7244695E-03  1.0109272E-07
       731  4.7481510E-03  1.0262054E-07
       732  4.7719512E-03  1.0417144E-07
       733  4.7958707E-03  1.0574578E-07
       734  4.8199101E-03  1.0734392E-07
       735  4.8440700E-03  1.0896620E-07
       736  4.8683510E-03  1.1061301E-07
       737  4.8927537E-03  1.1228470E-07
       738  4.9172788E-03  1.1398166E-07
       739  4.9419267E-03  1.1570426E-07
       740  4.9666982E-03  1.1745290E-07
       741  4.9915939E-03  1.1922796E-07
       742  5.0166144E-03  1.2102985E-07
       743  5.0417603E-03  1.2285897E-07
       744  5.0670322E-03  1.2471574E-07
       745  5.0924308E-03  1.2660056E-07
       746  5.1179567E-03  1.2851387E-07
       747  5.1436106E-03  1.3045610E-07
       748  5.1693930E-03  1.3242768E-07
       749  5.1953047E-03  1.3442905E-07
       750  5.2213463E-03  1.3646068E-07
       751  5.2475184E-03  1.3852300E-07
       752  5.2738217E-03  1.4061650E-07
       753  5.3002568E-03  1.4274163E-07
       754  5.3268245E-03  1.4489888E-07
       755  5.3535253E-03  1.4708873E-07
       756  5.3803600E-03  1.4931168E-07
       757  5.4073291E-03  1.5156822E-07
       758  5.4344335E-03  1.5385887E-07
       759  5.4616737E-03  1.5618413E-07
       760  5.4890504E-03  1.5854453E-07
       761  5.5165644E-03  1.6094061E-07
       762  5.5442163E-03  1.6337290E-07
       763  5.5720068E-03  1.6584195E-07
       764  5.5999366E-03  1.6834831E-07
       765  5.6280064E-03  1.7089255E-07
       766  5.6562169E-03  1.7347524E-07
       767  5.6845688E-03  1.7609697E-07
       768  5.7130628E-03  1.7875831E-07
       769  5.7416997E-03  1.8145988E-07
       770  5.7704801E-03  1.8420227E-07
       771  5.7994047E-03  1.8698611E-07
       772  5.8284744E-03  1.8981202E-07
       773  5.8576897E-03  1.9268064E-07
       774  5.8870515E-03  1.9559262E-07
       775  5.9165605E-03  1.9854860E-07
       776  5.9462174E-03  2.0154925E-07
       777  5.9760229E-03  2.0459525E-07
       778  6.0059778E-03  2.0768729E-07
       779  6.0360829E-03  2.1082605E-07
       780  6.0663389E-03  2.1401226E-07
       781  6.0967466E-03  2.1724661E-07
       782  6.1273066E-03  2.2052984E-07
       783  6.1580199E-03  2.2386270E-07
       784  6.1888871E-03  2.2724592E-07
       785  6.2199090E-03  2.3068027E-07
       786  6.2510864E-03  2.3416653E-07
       787  6.2824201E-03  2.3770547E-07
       788  6.3139109E-03  2.4129789E-07
       789  6.3455595E-03  2.4494461E-07
       790  6.3773668E-03  2.4864644E-07
       791  6.4093334E-03  2.5240422E-07
       792  6.4414604E-03  2.5621878E-07
       793  6.4737483E-03  2.6009100E-07
       794  6.5061981E-03  2.6402173E-07
       795  6.5388106E-03  2.6801187E-07
       796  6.5715865E-03  2.7206231E-07
       797  6.6045267E-03  2.7617397E-07
       798  6.6376320E-03  2.8034776E-07
       799  6.6709033E-03  2.8458463E-07
       800  6.7043413E-03  2.8888553E-07
       801  6.7379470E-03  2.9325144E-07
       802  6.7717211E-03  2.9768332E-07
       803  6.8056645E-03  3.0218218E-07
       804  6.8397780E-03  3.0674903E-07
       805  6.8740626E-03  3.1138490E-07
       806  6.9085189E-03  3.1609083E-07
       807  6.9431480E-03  3.2086788E-07
       808  6.9779507E-03  3.2571712E-07
       809  7.0129278E-03  3.3063965E-07
       810  7.0480803E-03  3.3563657E-07
       811  7.0834089E-03  3.4070901E-07
       812  7.1189147E-03  3.4585811E-07
       813  7.1545984E-03  3.5108503E-07
       814  7.1904609E-03  3.5639094E-07
       815  7.2265033E-03  3.6177703E-07
       816  7.2627263E-03  3.6724453E-07
       817  7.2991308E-03  3.7279465E-07
       818  7.3357179E-03  3.7842865E-07
       819  7.3724883E-03  3.8414780E-07
       820  7.4094431E-03  3.8995338E-07
       821  7.4465831E-03  3.9584669E-07
       822  7.4839092E-03  4.0182907E-07
       823  7.5214225E-03  4.0790187E-07
       824  7.5591238E-03  4.1406643E-07
       825  7.5970140E-03  4.2032417E-07
       826  7.6350942E-03  4.2667647E-07
       827  7.6733653E-03  4.3312477E-07
       828  7.7118282E-03  4.3967053E-07
       829  7.7504839E-03  4.4631521E-07
       830  7.7893334E-03  4.5306030E-07
       831  7.8283775E-03  4.5990734E-07
       832  7.8676175E-03  4.6685785E-07
       833  7.9070541E-03  4.7391341E-07
       834  7.9466883E-03  4.8107559E-07
       835  7.9865213E-03  4.8834601E-07
       836  8.0265539E-03  4.9572631E-07
       837  8.0667871E-03  5.0321814E-07
       838  8.1072221E-03  5.1082320E-07
       839  8.1478597E-03  5.1854319E-07
       840  8.1887010E-03  5.2637984E-07
       841  8.2297470E-03  5.3433494E-07
       842  8.2709988E-03  5.4241025E-07
       843  8.3124574E-03  5.5060760E-07
       844  8.3541237E-03  5.5892884E-07
       845  8.3959990E-03  5.6737583E-07
       846  8.4380841E-03  5.7595048E-07
       847  8.4803802E-03  5.8465472E-07
       848  8.5228882E-03  5.9349050E-07
       849  8.5656094E-03  6.0245981E-07
       850  8.6085447E-03  6.1156467E-07
       851  8.6516952E-03  6.2080714E-07
       852  8.6950620E-03  6.3018927E-07
       853  8.7386462E-03  6.3971320E-07
       854  8.7824488E-03  6.4938106E-07
       855  8.8264710E-03  6.5919503E-07
       856  8.8707139E-03  6.6915731E-07
       857  8.9151785E-03  6.7927014E-07
       858  8.9598661E-03  6.8953581E-07
       859  9.0047776E-03  6.9995662E-07
       860  9.0499142E-03  7.1053492E-07
       861  9.0952771E-03  7.2127308E-07
       862  9.1408674E-03  7.3217352E-07
       863  9.1866862E-03  7.4323869E-07
       864  9.2327346E-03  7.5447109E-07
       865  9.2790139E-03  7.6587324E-07
       866  9.3255251E-03  7.7744771E-07
       867  9.3722695E-03  7.8919709E-07
       868  9.4192482E-03  8.0112404E-07
       869  9.4664624E-03  8.1323123E-07
       870  9.5139132E-03  8.2552140E-07
       871  9.5616019E-03  8.3799730E-07
       872  9.6095297E-03  8.5066175E-07
       873  9.6576976E-03  8.6351758E-07
       874  9.7061070E-03  8.7656770E-07
       875  9.7547591E-03  8.8981504E-07
       876  9.8036550E-03  9.0326258E-07
       877  9.8527961E-03  9.1691335E-07
       878  9.9021834E-03  9.3077042E-07
       879  9.9518183E-03  9.4483690E-07
       880  1.0001702E-02  9.5911596E-07
       881  1.0051836E-02  9.7361081E-07
       882  1.0102221E-02  9.8832471E-07
       883  1.0152858E-02  1.0032610E-06
       884  1.0203750E-02  1.0184230E-06
       885  1.0254896E-02  1.0338141E-06
       886  1.0306299E-02  1.0494378E-06
       887  1.0357960E-02  1.0652977E-06
       888  1.0409879E-02  1.0813972E-06
       889  1.0462059E-02  1.0977400E-06
       890  1.0514500E-02  1.1143298E-06
       891  1.0567204E-02  1.1311703E-06
       892  1.0620173E-02  1.1482653E-06
       893  1.0673407E-02  1.1656187E-06
       894  1.0726907E-02  1.1832343E-06
       895  1.0780676E-02  1.2011161E-06
       896  1.0834714E-02  1.2192682E-06
       897  1.0889024E-02  1.2376946E-06
       898  1.0943605E-02  1.2563995E-06
       899  1.0998460E-02  1.2753870E-06
       900  1.1053590E-02  1.2946615E-06
       901  1.1108997E-02  1.3142272E-06
       902  1.1164681E-02  1.3340887E-06
       903  1.1220644E-02  1.3542503E-06
       904  1.1276888E-02  1.3747165E-06
       905  1.1333413E-02  1.3954921E-06
       906  1.1390222E-02  1.4165817E-06
       907  1.1447316E-02  1.4379899E-06
       908  1.1504696E-02  1.4597217E-06
       909  1.1562363E-02  1.4817819E-06
       910  1.1620320E-02  1.5041755E-06
       911  1.1678567E-02  1.5269075E-06
       912  1.1737106E-02  1.5499830E-06
       913  1.1795939E-02  1.5734073E-06
       914  1.1855066E-02  1.5971856E-06
       915  1.1914490E-02  1.6213232E-06
       916  1.1974211E-02  1.6458255E-06
       917  1.2034232E-02  1.6706982E-06
       918  1.2094554E-02  1.6959467E-06
       919  1.2155178E-02  1.7215768E-06
       920  1.2216106E-02  1.7475943E-06
       921  1.2277340E-02  1.7740049E-06
       922  1.2338880E-02  1.8008146E-06
       923  1.2400729E-02  1.8280295E-06
       924  1.2462888E-02  1.8556556E-06
       925  1.2525359E-02  1.8836993E-06
       926  1.2588142E-02  1.9121667E-06
       927  1.2651241E-02  1.9410644E-06
       928  1.2714655E-02  1.9703988E-06
       929  1.2778388E-02  2.0001764E-06
       930  1.2842440E-02  2.0304041E-06
       931  1.2906813E-02  2.0610886E-06
       932  1.2971508E-02  2.0922368E-06
       933  1.3036528E-02  2.1238557E-06
       934  1.3101874E-02  2.1559524E-06
       935  1.3167547E-02  2.1885342E-06
       936  1.3233550E-02  2.2216083E-06
       937  1.3299884E-02  2.2551823E-06
       938  1.3366549E-02  2.2892636E-06
       939  1.3433550E-02  2.3238600E-06
       940  1.3500886E-02  2.3589792E-06
       941  1.3568559E-02  2.3946292E-06
       942  1.3636572E-02  2.4308178E-06
       943  1.3704925E-02  2.4675534E-06
       944  1.3773622E-02  2.5048441E-06
       945  1.3842662E-02  2.5426983E-06
       946  1.3912049E-02  2.5811246E-06
       947  1.3981783E-02  2.6201316E-06
       948  1.4051867E-02  2.6597281E-06
       949  1.4122302E-02  2.6999229E-06
       950  1.4193091E-02  2.7407252E-06
       951  1.4264234E-02  2.7821440E-06
       952  1.4335734E-02  2.8241888E-06
       953  1.4407592E-02  2.8668689E-06
       954  1.4479810E-02  2.9101941E-06
       955  1.4552391E-02  2.9541739E-06
       956  1.4625335E-02  2.9988184E-06
       957  1.4698645E-02  3.0441375E-06
       958  1.4772322E-02  3.0901415E-06
       959  1.4846368E-02  3.1368407E-06
       960  1.4920786E-02  3.1842456E-06
       961  1.4995577E-02  3.2323669E-06
       962  1.5070742E-02  3.2812154E-06
       963  1.5146285E-02  3.3308020E-06
       964  1.5222206E-02  3.3811380E-06
       965  1.5298508E-02  3.4322347E-06
       966  1.5375192E-02  3.4841035E-06
       967  1.5452260E-02  3.5367562E-06
       968  1.5529715E-02  3.5902045E-06
       969  1.5607558E-02  3.6444605E-06
       970  1.5685791E-02  3.6995364E-06
       971  1.5764416E-02  3.7554446E-06
       972  1.5843436E-02  3.8121977E-06
       973  1.5922852E-02  3.8698084E-06
       974  1.6002665E-02  3.9282897E-06
       975  1.6082879E-02  3.9876547E-06
       976  1.6163495E-02  4.0479169E-06
       977  1.6244514E-02  4.1090896E-06
       978  1.6325940E-02  4.1711869E-06
       979  1.6407775E-02  4.2342225E-06
       980  1.6490019E-02  4.2982106E-06
       981  1.6572675E-02  4.3631657E-06
       982  1.6655746E-02  4.4291024E-06
       983  1.6739234E-02  4.4960355E-06
       984  1.6823139E-02  4.5639801E-06
       985  1.6907466E-02  4.6329513E-06
       986  1.6992215E-02  4.7029649E-06
       987  1.7077389E-02  4.7740364E-06
       988  1.7162989E-02  4.8461820E-06
       989  1.7249019E-02  4.9194177E-06
       990  1.7335480E-02  4.9937602E-06
       991  1.7422375E-02  5.0692260E-06
       992  1.7509705E-02  5.1458323E-06
       993  1.7597472E-02  5.2235962E-06
       994  1.7685680E-02  5.3025351E-06
       995  1.7774330E-02  5.3826670E-06
       996  1.7863424E-02  5.4640097E-06
       997  1.7952965E-02  5.5465817E-06
       998  1.8042955E-02  5.6304014E-06
       999  1.8133395E-02  5.7154877E-06
      1000  1.8224289E-02  5.8018598E-06
      1001  1.8315639E-02  5.8895370E-06
      1002  1.8407446E-02  5.9785392E-06
      1003  1.8499714E-02  6.0688863E-06
      1004  1.8592444E-02  6.1605986E-06
      1005  1.8685639E-02  6.2536968E-06
      1006  1.8779301E-02  6.3482019E-06
      1007  1.8873433E-02  6.4441349E-06
      1008  1.8968037E-02  6.5415177E-06
      1009  1.9063114E-02  6.6403720E-06
      1010  1.9158669E-02  6.7407201E-06
      1011  1.9254702E-02  6.8425845E-06
      1012  1.9351216E-02  6.9459882E-06
      1013  1.9448215E-02  7.0509544E-06
      1014  1.9545699E-02  7.1575068E-06
      1015  1.9643673E-02  7.2656692E-06
      1016  1.9742137E-02  7.3754661E-06
      1017  1.9841095E-02  7.4869222E-06
      1018  1.9940549E-02  7.6000624E-06
      1019  2.0040501E-02  7.7149122E-06
      1020  2.0140954E-02  7.8314975E-06
      1021  2.0241911E-02  7.9498445E-06
      1022  2.0343374E-02  8.0699799E-06
      1023  2.0445346E-02  8.1919305E-06
      1024  2.0547829E-02  8.3157239E-06
      1025  2.0650825E-02  8.4413879E-06
      1026  2.0754338E-02  8.5689508E-06
      1027  2.0858369E-02  8.6984412E-06
      1028  2.0962922E-02  8.8298883E-06
      1029  2.1068000E-02  8.9633216E-06
      1030  2.1173603E-02  9.0987712E-06
      1031  2.1279736E-02  9.2362675E-06
      1032  2.1386402E-02  9.3758415E-06
      1033  2.1493601E-02  9.5175244E-06
      1034  2.1601338E-02  9.6613483E-06
      1035  2.1709616E-02  9.8073454E-06
      1036  2.1818436E-02  9.9555485E-06
      1037  2.1927801E-02  1.0105991E-05
      1038  2.2037714E-02  1.0258707E-05
      1039  2.2148179E-02  1.0413730E-05
      1040  2.2259197E-02  1.0571096E-05
      1041  2.2370772E-02  1.0730840E-05
      1042  2.2482906E-02  1.0892997E-05
      1043  2.2595602E-02  1.1057605E-05
      1044  2.2708863E-02  1.1224700E-05
      1045  2.2822691E-02  1.1394319E-05
      1046  2.2937091E-02  1.1566502E-05
      1047  2.3052063E-02  1.1741286E-05
      1048  2.3167612E-02  1.1918712E-05
      1049  2.3283740E-02  1.2098818E-05
      1050  2.3400451E-02  1.2281646E-05
      1051  2.3517746E-02  1.2467236E-05
      1052  2.3635629E-02  1.2655630E-05
      1053  2.3754103E-02  1.2846872E-05
      1054  2.3873171E-02  1.3041002E-05
      1055  2.3992836E-02  1.3238066E-05
      1056  2.4113100E-02  1.3438108E-05
      1057  2.4233968E-02  1.3641172E-05
      1058  2.4355441E-02  1.3847304E-05
      1059  2.4477523E-02  1.4056551E-05
      1060  2.4600217E-02  1.4268960E-05
      1061  2.4723526E-02  1.4484578E-05
      1062  2.4847454E-02  1.4703454E-05
      1063  2.4972002E-02  1.4925637E-05
      1064  2.5097175E-02  1.5151177E-05
      1065  2.5222975E-02  1.5380125E-05
      1066  2.5349406E-02  1.5612532E-05
      1067  2.5476470E-02  1.5848451E-05
      1068  2.5604171E-02  1.6087934E-05
      1069  2.5732513E-02  1.6331036E-05
      1070  2.5861497E-02  1.6577811E-05
      1071  2.5991129E-02  1.6828314E-05
      1072  2.6121410E-02  1.7082602E-05
      1073  2.6252344E-02  1.7340733E-05
      1074  2.6383934E-02  1.7602763E-05
      1075  2.6516184E-02  1.7868753E-05
      1076  2.6649097E-02  1.8138761E-05
      1077  2.6782676E-02  1.8412849E-05
      1078  2.6916925E-02  1.8691079E-05
      1079  2.7051847E-02  1.8973512E-05
      1080  2.7187445E-02  1.9260212E-05
      1081  2.7323722E-02  1.9551244E-05
      1082  2.7460683E-02  1.9846673E-05
      1083  2.7598330E-02  2.0146565E-05
      1084  2.7736668E-02  2.0450989E-05
      1085  2.7875698E-02  2.0760012E-05
      1086  2.8015426E-02  2.1073704E-05
      1087  2.8155854E-02  2.1392135E-05
      1088  2.8296985E-02  2.1715378E-05
      1089  2.8438825E-02  2.2043504E-05
      1090  2.8581375E-02  2.2376587E-05
      1091  2.8724640E-02  2.2714703E-05
      1092  2.8868623E-02  2.3057928E-05
      1093  2.9013327E-02  2.3406338E-05
      1094  2.9158757E-02  2.3760011E-05
      1095  2.9304916E-02  2.4119029E-05
      1096  2.9451807E-02  2.4483470E-05
      1097  2.9599435E-02  2.4853417E-05
      1098  2.9747803E-02  2.5228954E-05
      1099  2.9896914E-02  2.5610164E-05
      1100  3.0046773E-02  2.5997133E-05
      1101  3.0197383E-02  2.6389949E-05
      1102  3.0348748E-02  2.6788699E-05
      1103  3.0500872E-02  2.7193474E-05
      1104  3.0653758E-02  2.7604363E-05
      1105  3.0807411E-02  2.8021461E-05
      1106  3.0961834E-02  2.8444859E-05
      1107  3.1117031E-02  2.8874655E-05
      1108  3.1273005E-02  2.9310943E-05
      1109  3.1429762E-02  2.9753823E-05
      1110  3.1587304E-02  3.0203393E-05
      1111  3.1745636E-02  3.0659755E-05
      1112  3.1904762E-02  3.1123012E-05
      1113  3.2064685E-02  3.1593267E-05
      1114  3.2225410E-02  3.2070627E-05
      1115  3.2386941E-02  3.2555198E-05
      1116  3.2549281E-02  3.3047089E-05
      1117  3.2712435E-02  3.3546412E-05
      1118  3.2876407E-02  3.4053277E-05
      1119  3.3041200E-02  3.4567800E-05
      1120  3.3206820E-02  3.5090096E-05
      1121  3.3373270E-02  3.5620282E-05
      1122  3.3540554E-02  3.6158477E-05
      1123  3.3708677E-02  3.6704803E-05
      1124  3.3877642E-02  3.7259381E-05
      1125  3.4047455E-02  3.7822338E-05
      1126  3.4218118E-02  3.8393799E-05
      1127  3.4389637E-02  3.8973892E-05
      1128  3.4562016E-02  3.9562748E-05
      1129  3.4735259E-02  4.0160500E-05
      1130  3.4909370E-02  4.0767282E-05
      1131  3.5084354E-02  4.1383230E-05
      1132  3.5260215E-02  4.2008482E-05
      1133  3.5436958E-02  4.2643180E-05
      1134  3.5614586E-02  4.3287465E-05
      1135  3.5793105E-02  4.3941482E-05
      1136  3.5972519E-02  4.4605379E-05
      1137  3.6152832E-02  4.5279305E-05
      1138  3.6334049E-02  4.5963410E-05
      1139  3.6516174E-02  4.6657850E-05
      1140  3.6699212E-02  4.7362779E-05
      1141  3.6883167E-02  4.8078356E-05
      1142  3.7068045E-02  4.8804743E-05
      1143  3.7253849E-02  4.9542102E-05
      1144  3.7440585E-02  5.0290598E-05
      1145  3.7628257E-02  5.1050401E-05
      1146  3.7816869E-02  5.1821681E-05
      1147  3.8006427E-02  5.2604610E-05
      1148  3.8196935E-02  5.3399366E-05
      1149  3.8388398E-02  5.4206126E-05
      1150  3.8580821E-02  5.5025072E-05
      1151  3.8774208E-02  5.5856388E-05
      1152  3.8968564E-02  5.6700261E-05
      1153  3.9163895E-02  5.7556880E-05
      1154  3.9360205E-02  5.8426437E-05
      1155  3.9557499E-02  5.9309128E-05
      1156  3.9755782E-02  6.0205152E-05
      1157  3.9955058E-02  6.1114709E-05
      1158  4.0155334E-02  6.2038004E-05
      1159  4.0356613E-02  6.2975245E-05
      1160  4.0558902E-02  6.3926641E-05
      1161  4.0762204E-02  6.4892407E-05
      1162  4.0966525E-02  6.5872760E-05
      1163  4.1171871E-02  6.6867919E-05
      1164  4.1378246E-02  6.7878109E-05
      1165  4.1585655E-02  6.8903555E-05
      1166  4.1794104E-02  6.9944490E-05
      1167  4.2003598E-02  7.1001145E-05
      1168  4.2214142E-02  7.2073760E-05
      1169  4.2425741E-02  7.3162573E-05
      1170  4.2638401E-02  7.4267831E-05
      1171  4.2852127E-02  7.5389782E-05
      1172  4.3066924E-02  7.6528677E-05
      1173  4.3282798E-02  7.7684771E-05
      1174  4.3499754E-02  7.8858326E-05
      1175  4.3717797E-02  8.0049604E-05
      1176  4.3936934E-02  8.1258873E-05
      1177  4.4157168E-02  8.2486404E-05
      1178  4.4378507E-02  8.3732474E-05
      1179  4.4600955E-02  8.4997361E-05
      1180  4.4824519E-02  8.6281351E-05
      1181  4.5049202E-02  8.7584730E-05
      1182  4.5275012E-02  8.8907793E-05
      1183  4.5501954E-02  9.0250836E-05
      1184  4.5730034E-02  9.1614160E-05
      1185  4.5959257E-02  9.2998072E-05
      1186  4.6189628E-02  9.4402883E-05
      1187  4.6421155E-02  9.5828907E-05
      1188  4.6653842E-02  9.7276466E-05
      1189  4.6887695E-02  9.8745883E-05
      1190  4.7122721E-02  1.0023749E-04
      1191  4.7358924E-02  1.0175162E-04
      1192  4.7596312E-02  1.0328861E-04
      1193  4.7834889E-02  1.0484882E-04
      1194  4.8074663E-02  1.0643258E-04
      1195  4.8315638E-02  1.0804026E-04
      1196  4.8557821E-02  1.0967221E-04
      1197  4.8801218E-02  1.1132880E-04
      1198  4.9045835E-02  1.1301041E-04
      1199  4.9291679E-02  1.1471741E-04
      1200  4.9538754E-02  1.1645018E-04
      1201  4.9787068E-02  1.1820912E-04
      1202  5.0036627E-02  1.1999462E-04
      1203  5.0287437E-02  1.2180707E-04
      1204  5.0539504E-02  1.2364689E-04
      1205  5.0792834E-02  1.2551449E-04
      1206  5.1047434E-02  1.2741028E-04
      1207  5.1303310E-02  1.2933470E-04
      1208  5.1560469E-02  1.3128817E-04
      1209  5.1818917E-02  1.3327114E-04
      1210  5.2078661E-02  1.3528404E-04
      1211  5.2339706E-02  1.3732734E-04
      1212  5.2602060E-02  1.3940148E-04
      1213  5.2865729E-02  1.4150694E-04
      1214  5.3130719E-02  1.4364418E-04
      1215  5.3397038E-02  1.4581369E-04
      1216  5.3664692E-02  1.4801596E-04
      1217  5.3933687E-02  1.5025146E-04
      1218  5.4204031E-02  1.5252072E-04
      1219  5.4475730E-02  1.5482424E-04
      1220  5.4748791E-02  1.5716253E-04
      1221  5.5023220E-02  1.5953611E-04
      1222  5.5299025E-02  1.6194553E-04
      1223  5.5576213E-02  1.6439132E-04
      1224  5.5854790E-02  1.6687403E-04
      1225  5.6134763E-02  1.6939422E-04
      1226  5.6416140E-02  1.7195245E-04
      1227  5.6698927E-02  1.7454930E-04
      1228  5.6983131E-02  1.7718534E-04
      1229  5.7268760E-02  1.7986118E-04
      1230  5.7555821E-02  1.8257741E-04
      1231  5.7844321E-02  1.8533463E-04
      1232  5.8134267E-02  1.8813347E-04
      1233  5.8425666E-02  1.9097456E-04
      1234  5.8718526E-02  1.9385853E-04
      1235  5.9012854E-02  1.9678603E-04
      1236  5.9308657E-02  1.9975771E-04
      1237  5.9605943E-02  2.0277425E-04
      1238  5.9904719E-02  2.0583631E-04
      1239  6.0204992E-02  2.0894459E-04
      1240  6.0506771E-02  2.1209977E-04
      1241  6.0810063E-02  2.1530258E-04
      1242  6.1114874E-02  2.1855373E-04
      1243  6.1421214E-02  2.2185394E-04
      1244  6.1729089E-02  2.2520395E-04
      1245  6.2038507E-02  2.2860452E-04
      1246  6.2349477E-02  2.3205641E-04
      1247  6.2662005E-02  2.3556039E-04
      1248  6.2976099E-02  2.3911725E-04
      1249  6.3291768E-02  2.4272779E-04
      1250  6.3609020E-02  2.4639280E-04
      1251  6.3927861E-02  2.5011312E-04
      1252  6.4248301E-02  2.5388958E-04
      1253  6.4570347E-02  2.5772303E-04
      1254  6.4894007E-02  2.6161432E-04
      1255  6.5219290E-02  2.6556433E-04
      1256  6.5546203E-02  2.6957393E-04
      1257  6.5874754E-02  2.7364404E-04
      1258  6.6204953E-02  2.7777555E-04
      1259  6.6536807E-02  2.8196941E-04
      1260  6.6870324E-02  2.8622654E-04
      1261  6.7205513E-02  2.9054789E-04
      1262  6.7542382E-02  2.9493445E-04
      1263  6.7880939E-02  2.9938719E-04
      1264  6.8221194E-02  3.0390710E-04
      1265  6.8563154E-02  3.0849520E-04
      1266  6.8906828E-02  3.1315252E-04
      1267  6.9252225E-02  3.1788010E-04
      1268  6.9599354E-02  3.2267900E-04
      1269  6.9948222E-02  3.2755030E-04
      1270  7.0298839E-02  3.3249507E-04
      1271  7.0651213E-02  3.3751444E-04
      1272  7.1005354E-02  3.4260952E-04
      1273  7.1361270E-02  3.4778146E-04
      1274  7.1718969E-02  3.5303142E-04
      1275  7.2078462E-02  3.5836056E-04
      1276  7.2439757E-02  3.6377008E-04
      1277  7.2802863E-02  3.6926119E-04
      1278  7.3167789E-02  3.7483513E-04
      1279  7.3534544E-02  3.8049314E-04
      1280  7.3903137E-02  3.8623648E-04
      1281  7.4273578E-02  3.9206644E-04
      1282  7.4645876E-02  3.9798432E-04
      1283  7.5020040E-02  4.0399146E-04
      1284  7.5396080E-02  4.1008919E-04
      1285  7.5774004E-02  4.1627887E-04
      1286  7.6153823E-02  4.2256190E-04
      1287  7.6535545E-02  4.2893968E-04
      1288  7.6919181E-02  4.3541363E-04
      1289  7.7304740E-02  4.4198520E-04
      1290  7.7692232E-02  4.4865587E-04
      1291  7.8081666E-02  4.5542712E-04
      1292  7.8473052E-02  4.6230046E-04
      1293  7.8866400E-02  4.6927745E-04
      1294  7.9261719E-02  4.7635963E-04
      1295  7.9659020E-02  4.8354859E-04
      1296  8.0058313E-02  4.9084593E-04
      1297  8.0459607E-02  4.9825329E-04
      1298  8.0862912E-02  5.0577233E-04
      1299  8.1268239E-02  5.1340473E-04
      1300  8.1675598E-02  5.2115218E-04
      1301  8.2084999E-02  5.2901643E-04
      1302  8.2496451E-02  5.3699922E-04
      1303  8.2909967E-02  5.4510235E-04
      1304  8.3325555E-02  5.5332763E-04
      1305  8.3743226E-02  5.6167689E-04
      1306  8.4162990E-02  5.7015199E-04
      1307  8.4584859E-02  5.7875484E-04
      1308  8.5008842E-02  5.8748736E-04
      1309  8.5434951E-02  5.9635148E-04
      1310  8.5863195E-02  6.0534921E-04
      1311  8.6293586E-02  6.1448253E-04
      1312  8.6726135E-02  6.2375350E-04
      1313  8.7160851E-02  6.3316419E-04
      1314  8.7597747E-02  6.4271669E-04
      1315  8.8036833E-02  6.5241314E-04
      1316  8.8478119E-02  6.6225570E-04
      1317  8.8921617E-02  6.7224657E-04
      1318  8.9367339E-02  6.8238799E-04
      1319  8.9815295E-02  6.9268221E-04
      1320  9.0265496E-02  7.0313153E-04
      1321  9.0717953E-02  7.1373829E-04
      1322  9.1172679E-02  7.2450485E-04
      1323  9.1629684E-02  7.3543362E-04
      1324  9.2088980E-02  7.4652703E-04
      1325  9.2550578E-02  7.5778755E-04
      1326  9.3014489E-02  7.6921771E-04
      1327  9.3480726E-02  7.8082004E-04
      1328  9.3949300E-02  7.9259714E-04
      1329  9.4420223E-02  8.0455164E-04
      1330  9.4893507E-02  8.1668619E-04
      1331  9.5369162E-02  8.2900352E-04
      1332  9.5847202E-02  8.4150635E-04
      1333  9.6327638E-02  8.5419748E-04
      1334  9.6810483E-02  8.6707975E-04
      1335  9.7295747E-02  8.8015601E-04
      1336  9.7783444E-02  8.9342919E-04
      1337  9.8273586E-02  9.0690224E-04
      1338  9.8766184E-02  9.2057816E-04
      1339  9.9261252E-02  9.3446001E-04
      1340  9.9758801E-02  9.4855087E-04
      1341  1.0025884E-01  9.6285389E-04
      1342  1.0076139E-01  9.7737225E-04
      1343  1.0126646E-01  9.9210918E-04
      1344  1.0177406E-01  1.0070680E-03
      1345  1.0228421E-01  1.0222519E-03
      1346  1.0279691E-01  1.0376645E-03
      1347  1.0331218E-01  1.0533090E-03
      1348  1.0383003E-01  1.0691891E-03
      1349  1.0435048E-01  1.0853081E-03
      1350  1.0487354E-01  1.1016698E-03
      1351  1.0539922E-01  1.1182776E-03
      1352  1.0592754E-01  1.1351355E-03
      1353  1.0645850E-01  1.1522470E-03
      1354  1.0699213E-01  1.1696160E-03
      1355  1.0752843E-01  1.1872464E-03
      1356  1.0806742E-01  1.2051421E-03
      1357  1.0860911E-01  1.2233070E-03
      1358  1.0915351E-01  1.2417452E-03
      1359  1.0970065E-01  1.2604609E-03
      1360  1.1025053E-01  1.2794581E-03
      1361  1.1080316E-01  1.2987411E-03
      1362  1.1135856E-01  1.3183141E-03
      1363  1.1191675E-01  1.3381816E-03
      1364  1.1247773E-01  1.3583479E-03
      1365  1.1304153E-01  1.3788175E-03
      1366  1.1360815E-01  1.3995950E-03
      1367  1.1417762E-01  1.4206850E-03
      1368  1.1474993E-01  1.4420921E-03
      1369  1.1532512E-01  1.4638211E-03
      1370  1.1590319E-01  1.4858769E-03
      1371  1.1648416E-01  1.5082643E-03
      1372  1.1706804E-01  1.5309883E-03
      1373  1.1765484E-01  1.5540540E-03
      1374  1.1824459E-01  1.5774664E-03
      1375  1.1883729E-01  1.6012308E-03
      1376  1.1943297E-01  1.6253524E-03
      1377  1.2003163E-01  1.6498366E-03
      1378  1.2063329E-01  1.6746888E-03
      1379  1.2123797E-01  1.6999146E-03
      1380  1.2184567E-01  1.7255194E-03
      1381  1.2245643E-01  1.7515090E-03
      1382  1.2307024E-01  1.7778892E-03
      1383  1.2368714E-01  1.8046658E-03
      1384  1.2430712E-01  1.8318447E-03
      1385  1.2493021E-01  1.8594320E-03
      1386  1.2555643E-01  1.8874337E-03
      1387  1.2618578E-01  1.9158561E-03
      1388  1.2681829E-01  1.9447055E-03
      1389  1.2745397E-01  1.9739882E-03
      1390  1.2809284E-01  2.0037107E-03
      1391  1.2873490E-01  2.0338796E-03
      1392  1.2938019E-01  2.0645016E-03
      1393  1.3002871E-01  2.0955835E-03
      1394  1.3068048E-01  2.1271321E-03
      1395  1.3133552E-01  2.1591544E-03
      1396  1.3199384E-01  2.1916575E-03
      1397  1.3265547E-01  2.2246486E-03
      1398  1.3332040E-01  2.2581349E-03
      1399  1.3398867E-01  2.2921239E-03
      1400  1.3466030E-01  2.3266231E-03
      1401  1.3533528E-01  2.3616401E-03
      1402  1.3601365E-01  2.3971827E-03
      1403  1.3669543E-01  2.4332586E-03
      1404  1.3738061E-01  2.4698758E-03
      1405  1.3806924E-01  2.5070426E-03
      1406  1.3876131E-01  2.5447669E-03
      1407  1.3945686E-01  2.5830572E-03
      1408  1.4015589E-01  2.6219220E-03
      1409  1.4085842E-01  2.6613697E-03
      1410  1.4156448E-01  2.7014091E-03
      1411  1.4227407E-01  2.7420490E-03
      1412  1.4298722E-01  2.7832984E-03
      1413  1.4370395E-01  2.8251664E-03
      1414  1.4442427E-01  2.8676621E-03
      1415  1.4514820E-01  2.9107950E-03
      1416  1.4587576E-01  2.9545746E-03
      1417  1.4660696E-01  2.9990105E-03
      1418  1.4734183E-01  3.0441124E-03
      1419  1.4808039E-01  3.0898904E-03
      1420  1.4882264E-01  3.1363544E-03
      1421  1.4956862E-01  3.1835148E-03
      1422  1.5031834E-01  3.2313818E-03
      1423  1.5107181E-01  3.2799661E-03
      1424  1.5182906E-01  3.3292782E-03
      1425  1.5259011E-01  3.3793291E-03
      1426  1.5335497E-01  3.4301297E-03
      1427  1.5412366E-01  3.4816912E-03
      1428  1.5489621E-01  3.5340249E-03
      1429  1.5567263E-01  3.5871423E-03
      1430  1.5645294E-01  3.6410552E-03
      1431  1.5723717E-01  3.6957752E-03
      1432  1.5802532E-01  3.7513144E-03
      1433  1.5881743E-01  3.8076850E-03
      1434  1.5961350E-01  3.8648994E-03
      1435  1.6041357E-01  3.9229701E-03
      1436  1.6121764E-01  3.9819099E-03
      1437  1.6202575E-01  4.0417316E-03
      1438  1.6283791E-01  4.1024484E-03
      1439  1.6365414E-01  4.1640735E-03
      1440  1.6447446E-01  4.2266205E-03
      1441  1.6529889E-01  4.2901030E-03
      1442  1.6612745E-01  4.3545350E-03
      1443  1.6696017E-01  4.4199306E-03
      1444  1.6779706E-01  4.4863039E-03
      1445  1.6863815E-01  4.5536697E-03
      1446  1.6948345E-01  4.6220425E-03
      1447  1.7033299E-01  4.6914374E-03
      1448  1.7118679E-01  4.7618694E-03
      1449  1.7204486E-01  4.8333540E-03
      1450  1.7290724E-01  4.9059068E-03
      1451  1.7377394E-01  4.9795436E-03
      1452  1.7464499E-01  5.0542805E-03
      1453  1.7552040E-01  5.1301338E-03
      1454  1.7640020E-01  5.2071200E-03
      1455  1.7728441E-01  5.2852559E-03
      1456  1.7817305E-01  5.3645586E-03
      1457  1.7906615E-01  5.4450453E-03
      1458  1.7996372E-01  5.5267335E-03
      1459  1.8086579E-01  5.6096410E-03
      1460  1.8177239E-01  5.6937859E-03
      1461  1.8268352E-01  5.7791865E-03
      1462  1.8359923E-01  5.8658614E-03
      1463  1.8451952E-01  5.9538293E-03
      1464  1.8544443E-01  6.0431095E-03
      1465  1.8637398E-01  6.1337212E-03
      1466  1.8730818E-01  6.2256843E-03
      1467  1.8824707E-01  6.3190186E-03
      1468  1.8919066E-01  6.4137444E-03
      1469  1.9013898E-01  6.5098822E-03
      1470  1.9109206E-01  6.6074530E-03
      1471  1.9204991E-01  6.7064778E-03
      1472  1.9301256E-01  6.8069781E-03
      1473  1.9398004E-01  6.9089757E-03
      1474  1.9495237E-01  7.0124927E-03
      1475  1.9592957E-01  7.1175514E-03
      1476  1.9691168E-01  7.2241746E-03
      1477  1.9789870E-01  7.3323854E-03
      1478  1.9889067E-01  7.4422071E-03
      1479  1.9988761E-01  7.5536635E-03
      1480  2.0088955E-01  7.6667786E-03
      1481  2.0189652E-01  7.7815770E-03
      1482  2.0290853E-01  7.8980832E-03
      1483  2.0392561E-01  8.0163225E-03
      1484  2.0494779E-01  8.1363204E-03
      1485  2.0597510E-01  8.2581027E-03
      1486  2.0700755E-01  8.3816957E-03
      1487  2.0804518E-01  8.5071260E-03
      1488  2.0908801E-01  8.6344205E-03
      1489  2.1013607E-01  8.7636067E-03
      1490  2.1118938E-01  8.8947123E-03
      1491  2.1224797E-01  9.0277655E-03
      1492  2.1331187E-01  9.1627949E-03
      1493  2.1438110E-01  9.2998295E-03
      1494  2.1545569E-01  9.4388987E-03
      1495  2.1653567E-01  9.5800324E-03
      1496  2.1762106E-01  9.7232607E-03
      1497  2.1871189E-01  9.8686144E-03
      1498  2.1980818E-01  1.0016125E-02
      1499  2.2090998E-01  1.0165823E-02
      1500  2.2201729E-01  1.0317741E-02
      1501  2.2313016E-01  1.0471912E-02
      1502  2.2424860E-01  1.0628369E-02
      1503  2.2537266E-01  1.0787144E-02
      1504  2.2650234E-01  1.0948273E-02
      1505  2.2763769E-01  1.1111789E-02
      1506  2.2877873E-01  1.1277726E-02
      1507  2.2992549E-01  1.1446122E-02
      1508  2.3107799E-01  1.1617011E-02
      1509  2.3223627E-01  1.1790429E-02
      1510  2.3340036E-01  1.1966414E-02
      1511  2.3457029E-01  1.2145004E-02
      1512  2.3574608E-01  1.2326235E-02
      1513  2.3692776E-01  1.2510147E-02
      1514  2.3811536E-01  1.2696778E-02
      1515  2.3930892E-01  1.2886169E-02
      1516  2.4050846E-01  1.3078359E-02
      1517  2.4171402E-01  1.3273389E-02
      1518  2.4292561E-01  1.3471300E-02
      1519  2.4414328E-01  1.3672135E-02
      1520  2.4536706E-01  1.3875935E-02
      1521  2.4659696E-01  1.4082744E-02
      1522  2.4783304E-01  1.4292606E-02
      1523  2.4907530E-01  1.4505564E-02
      1524  2.5032380E-01  1.4721664E-02
      1525  2.5157855E-01  1.4940951E-02
      1526  2.5283960E-01  1.5163472E-02
      1527  2.5410696E-01  1.5389272E-02
      1528  2.5538068E-01  1.5618401E-02
      1529  2.5666078E-01  1.5850906E-02
      1530  2.5794729E-01  1.6086835E-02
      1531  2.5924026E-01  1.6326238E-02
      1532  2.6053971E-01  1.6569166E-02
      1533  2.6184567E-01  1.6815669E-02
      1534  2.6315818E-01  1.7065800E-02
      1535  2.6447726E-01  1.7319609E-02
      1536  2.6580296E-01  1.7577151E-02
      1537  2.6713530E-01  1.7838479E-02
      1538  2.6847432E-01  1.8103648E-02
      1539  2.6982006E-01  1.8372714E-02
      1540  2.7117254E-01  1.8645731E-02
      1541  2.7253179E-01  1.8922757E-02
      1542  2.7389786E-01  1.9203850E-02
      1543  2.7527078E-01  1.9489068E-02
      1544  2.7665058E-01  1.9778470E-02
      1545  2.7803730E-01  2.0072117E-02
      1546  2.7943097E-01  2.0370069E-02
      1547  2.8083162E-01  2.0672389E-02
      1548  2.8223930E-01  2.0979137E-02
      1549  2.8365403E-01  2.1290379E-02
      1550  2.8507585E-01  2.1606179E-02
      1551  2.8650480E-01  2.1926601E-02
      1552  2.8794091E-01  2.2251712E-02
      1553  2.8938422E-01  2.2581578E-02
      1554  2.9083476E-01  2.2916268E-02
      1555  2.9229258E-01  2.3255851E-02
      1556  2.9375770E-01  2.3600396E-02
      1557  2.9523017E-01  2.3949973E-02
      1558  2.9671001E-01  2.4304656E-02
      1559  2.9819728E-01  2.4664516E-02
      1560  2.9969200E-01  2.5029627E-02
      1561  3.0119421E-01  2.5400063E-02
      1562  3.0270395E-01  2.5775901E-02
      1563  3.0422126E-01  2.6157217E-02
      1564  3.0574618E-01  2.6544089E-02
      1565  3.0727874E-01  2.6936595E-02
      1566  3.0881898E-01  2.7334816E-02
      1567  3.1036694E-01  2.7738831E-02
      1568  3.1192266E-01  2.8148724E-02
      1569  3.1348618E-01  2.8564578E-02
      1570  3.1505754E-01  2.8986476E-02
      1571  3.1663677E-01  2.9414503E-02
      1572  3.1822392E-01  2.9848748E-02
      1573  3.1981902E-01  3.0289296E-02
      1574  3.2142212E-01  3.0736237E-02
      1575  3.2303326E-01  3.1189660E-02
      1576  3.2465247E-01  3.1649658E-02
      1577  3.2627979E-01  3.2116322E-02
      1578  3.2791528E-01  3.2589745E-02
      1579  3.2955896E-01  3.3070024E-02
      1580  3.3121088E-01  3.3557253E-02
      1581  3.3287108E-01  3.4051530E-02
      1582  3.3453961E-01  3.4552954E-02
      1583  3.3621649E-01  3.5061625E-02
      1584  3.3790179E-01  3.5577643E-02
      1585  3.3959553E-01  3.6101112E-02
      1586  3.4129776E-01  3.6632136E-02
      1587  3.4300852E-01  3.7170819E-02
      1588  3.4472785E-01  3.7717268E-02
      1589  3.4645581E-01  3.8271591E-02
      1590  3.4819243E-01  3.8833898E-02
      1591  3.4993775E-01  3.9404300E-02
      1592  3.5169182E-01  3.9982908E-02
      1593  3.5345468E-01  4.0569836E-02
      1594  3.5522638E-01  4.1165200E-02
      1595  3.5700696E-01  4.1769116E-02
      1596  3.5879647E-01  4.2381702E-02
      1597  3.6059494E-01  4.3003078E-02
      1598  3.6240243E-01  4.3633365E-02
      1599  3.6421898E-01  4.4272686E-02
      1600  3.6604463E-01  4.4921165E-02
      1601  3.6787944E-01  4.5578927E-02
      1602  3.6972344E-01  4.6246101E-02
      1603  3.7157669E-01  4.6922815E-02
      1604  3.7343923E-01  4.7609199E-02
      1605  3.7531110E-01  4.8305387E-02
      1606  3.7719235E-01  4.9011512E-02
      1607  3.7908304E-01  4.9727709E-02
      1608  3.8098320E-01  5.0454116E-02
      1609  3.8289289E-01  5.1190872E-02
      1610  3.8481214E-01  5.1938118E-02
      1611  3.8674102E-01  5.2695996E-02
      1612  3.8867957E-01  5.3464651E-02
      1613  3.9062784E-01  5.4244227E-02
      1614  3.9258587E-01  5.5034874E-02
      1615  3.9455371E-01  5.5836740E-02
      1616  3.9653142E-01  5.6649978E-02
      1617  3.9851904E-01  5.7474739E-02
      1618  4.0051663E-01  5.8311180E-02
      1619  4.0252422E-01  5.9159458E-02
      1620  4.0454189E-01  6.0019730E-02
      1621  4.0656966E-01  6.0892159E-02
      1622  4.0860760E-01  6.1776906E-02
      1623  4.1065575E-01  6.2674137E-02
      1624  4.1271417E-01  6.3584017E-02
      1625  4.1478291E-01  6.4506716E-02
      1626  4.1686202E-01  6.5442404E-02
      1627  4.1895155E-01  6.6391254E-02
      1628  4.2105155E-01  6.7353440E-02
      1629  4.2316208E-01  6.8329138E-02
      1630  4.2528319E-01  6.9318528E-02
      1631  4.2741493E-01  7.0321790E-02
      1632  4.2955736E-01  7.1339107E-02
      1633  4.3171052E-01  7.2370664E-02
      1634  4.3387448E-01  7.3416648E-02
      1635  4.3604929E-01  7.4477249E-02
      1636  4.3823499E-01  7.5552656E-02
      1637  4.4043165E-01  7.6643065E-02
      1638  4.4263933E-01  7.7748671E-02
      1639  4.4485807E-01  7.8869671E-02
      1640  4.4708793E-01  8.0006266E-02
      1641  4.4932896E-01  8.1158658E-02
      1642  4.5158123E-01  8.2327051E-02
      1643  4.5384480E-01  8.3511653E-02
      1644  4.5611970E-01  8.4712672E-02
      1645  4.5840601E-01  8.5930321E-02
      1646  4.6070378E-01  8.7164811E-02
      1647  4.6301307E-01  8.8416361E-02
      1648  4.6533393E-01  8.9685186E-02
      1649  4.6766643E-01  9.0971510E-02
      1650  4.7001061E-01  9.2275553E-02
      1651  4.7236655E-01  9.3597543E-02
      1652  4.7473430E-01  9.4937705E-02
      1653  4.7711392E-01  9.6296271E-02
      1654  4.7950546E-01  9.7673473E-02
      1655  4.8190899E-01  9.9069545E-02
      1656  4.8432457E-01  1.0048473E-01
      1657  4.8675226E-01  1.0191925E-01
      1658  4.8919211E-01  1.0337337E-01
      1659  4.9164420E-01  1.0484732E-01
      1660  4.9410857E-01  1.0634136E-01
      1661  4.9658530E-01  1.0785572E-01
      1662  4.9907445E-01  1.0939067E-01
      1663  5.0157607E-01  1.1094645E-01
      1664  5.0409023E-01  1.1252332E-01
      1665  5.0661699E-01  1.1412155E-01
      1666  5.0915642E-01  1.1574140E-01
      1667  5.1170858E-01  1.1738312E-01
      1668  5.1427353E-01  1.1904699E-01
      1669  5.1685133E-01  1.2073327E-01
      1670  5.1944206E-01  1.2244224E-01
      1671  5.2204578E-01  1.2417417E-01
      1672  5.2466254E-01  1.2592934E-01
      1673  5.2729242E-01  1.2770803E-01
      1674  5.2993549E-01  1.2951051E-01
      1675  5.3259180E-01  1.3133707E-01
      1676  5.3526143E-01  1.3318800E-01
      1677  5.3794444E-01  1.3506359E-01
      1678  5.4064090E-01  1.3696413E-01
      1679  5.4335087E-01  1.3888991E-01
      1680  5.4607443E-01  1.4084123E-01
      1681  5.4881164E-01  1.4281839E-01
      1682  5.5156257E-01  1.4482169E-01
      1683  5.5432728E-01  1.4685143E-01
      1684  5.5710586E-01  1.4890791E-01
      1685  5.5989837E-01  1.5099146E-01
      1686  5.6270487E-01  1.5310237E-01
      1687  5.6552544E-01  1.5524096E-01
      1688  5.6836015E-01  1.5740755E-01
      1689  5.7120906E-01  1.5960246E-01
      1690  5.7407226E-01  1.6182599E-01
      1691  5.7694981E-01  1.6407848E-01
      1692  5.7984178E-01  1.6636025E-01
      1693  5.8274825E-01  1.6867163E-01
      1694  5.8566929E-01  1.7101295E-01
      1695  5.8860497E-01  1.7338453E-01
      1696  5.9155536E-01  1.7578670E-01
      1697  5.9452055E-01  1.7821982E-01
      1698  5.9750059E-01  1.8068420E-01
      1699  6.0049558E-01  1.8318020E-01
      1700  6.0350558E-01  1.8570815E-01
      1701  6.0653066E-01  1.8826839E-01
      1702  6.0957091E-01  1.9086127E-01
      1703  6.1262639E-01  1.9348714E-01
      1704  6.1569720E-01  1.9614634E-01
      1705  6.1878339E-01  1.9883923E-01
      1706  6.2188506E-01  2.0156615E-01
      1707  6.2500227E-01  2.0432747E-01
      1708  6.2813511E-01  2.0712352E-01
      1709  6.3128365E-01  2.0995468E-01
      1710  6.3444797E-01  2.1282130E-01
      1711  6.3762815E-01  2.1572374E-01
      1712  6.4082428E-01  2.1866236E-01
      1713  6.4403642E-01  2.2163751E-01
      1714  6.4726467E-01  2.2464957E-01
      1715  6.5050909E-01  2.2769890E-01
      1716  6.5376979E-01  2.3078586E-01
      1717  6.5704682E-01  2.3391081E-01
      1718  6.6034028E-01  2.3707413E-01
      1719  6.6365025E-01  2.4027618E-01
      1720  6.6697681E-01  2.4351733E-01
      1721  6.7032005E-01  2.4679794E-01
      1722  6.7368004E-01  2.5011839E-01
      1723  6.7705687E-01  2.5347905E-01
      1724  6.8045064E-01  2.5688028E-01
      1725  6.8386141E-01  2.6032245E-01
      1726  6.8728928E-01  2.6380593E-01
      1727  6.9073433E-01  2.6733109E-01
      1728  6.9419665E-01  2.7089829E-01
      1729  6.9767633E-01  2.7450792E-01
      1730  7.0117344E-01  2.7816032E-01
      1731  7.0468809E-01  2.8185588E-01
      1732  7.0822035E-01  2.8559495E-01
      1733  7.1177032E-01  2.8937791E-01
      1734  7.1533809E-01  2.9320510E-01
      1735  7.1892373E-01  2.9707690E-01
      1736  7.2252735E-01  3.0099367E-01
      1737  7.2614904E-01  3.0495576E-01
      1738  7.2978887E-01  3.0896353E-01
      1739  7.3344696E-01  3.1301734E-01
      1740  7.3712337E-01  3.1711754E-01
      1741  7.4081822E-01  3.2126448E-01
      1742  7.4453159E-01  3.2545850E-01
      1743  7.4826357E-01  3.2969996E-01
      1744  7.5201425E-01  3.3398919E-01
      1745  7.5578374E-01  3.3832652E-01
      1746  7.5957212E-01  3.4271230E-01
      1747  7.6337949E-01  3.4714686E-01
      1748  7.6720595E-01  3.5163052E-01
      1749  7.7105159E-01  3.5616360E-01
      1750  7.7491650E-01  3.6074643E-01
      1751  7.7880078E-01  3.6537931E-01
      1752  7.8270454E-01  3.7006256E-01
      1753  7.8662786E-01  3.7479648E-01
      1754  7.9057085E-01  3.7958135E-01
      1755  7.9453360E-01  3.8441749E-01
      1756  7.9851622E-01  3.8930516E-01
      1757  8.0251880E-01  3.9424466E-01
      1758  8.0654144E-01  3.9923624E-01
      1759  8.1058425E-01  4.0428018E-01
      1760  8.1464732E-01  4.0937674E-01
      1761  8.1873075E-01  4.1452615E-01
      1762  8.2283466E-01  4.1972867E-01
      1763  8.2695913E-01  4.2498453E-01
      1764  8.3110428E-01  4.3029395E-01
      1765  8.3527021E-01  4.3565714E-01
      1766  8.3945702E-01  4.4107431E-01
      1767  8.4366482E-01  4.4654565E-01
      1768  8.4789370E-01  4.5207136E-01
      1769  8.5214379E-01  4.5765160E-01
      1770  8.5641518E-01  4.6328653E-01
      1771  8.6070798E-01  4.6897631E-01
      1772  8.6502229E-01  4.7472107E-01
      1773  8.6935824E-01  4.8052094E-01
      1774  8.7371591E-01  4.8637604E-01
      1775  8.7809543E-01  4.9228646E-01
      1776  8.8249690E-01  4.9825229E-01
      1777  8.8692044E-01  5.0427359E-01
      1778  8.9136614E-01  5.1035043E-01
      1779  8.9583414E-01  5.1648285E-01
      1780  9.0032452E-01  5.2267086E-01
      1781  9.0483742E-01  5.2891449E-01
      1782  9.0937293E-01  5.3521371E-01
      1783  9.1393119E-01  5.4156850E-01
      1784  9.1851228E-01  5.4797881E-01
      1785  9.2311635E-01  5.5444459E-01
      1786  9.2774349E-01  5.6096574E-01
      1787  9.3239382E-01  5.6754217E-01
      1788  9.3706746E-01  5.7417375E-01
      1789  9.4176453E-01  5.8086033E-01
      1790  9.4648515E-01  5.8760175E-01
      1791  9.5122942E-01  5.9439782E-01
      1792  9.5599748E-01  6.0124832E-01
      1793  9.6078944E-01  6.0815302E-01
      1794  9.6560542E-01  6.1511166E-01
      1795  9.7044553E-01  6.2212394E-01
      1796  9.7530991E-01  6.2918957E-01
      1797  9.8019867E-01  6.3630819E-01
      1798  9.8511194E-01  6.4347944E-01
      1799  9.9004983E-01  6.5070293E-01
      1800  9.9501248E-01  6.5797823E-01
      1801  1.0000000E+00  6.6530489E-01
      1802  1.0050125E+00  6.7268243E-01
      1803  1.0100502E+00  6.8011033E-01
      1804  1.0151131E+00  6.8758804E-01
      1805  1.0202013E+00  6.9511499E-01
      1806  1.0253151E+00  7.0269057E-01
      1807  1.0304545E+00  7.1031412E-01
      1808  1.0356197E+00  7.1798496E-01
      1809  1.0408108E+00  7.2570238E-01
      1810  1.0460279E+00  7.3346562E-01
      1811  1.0512711E+00  7.4127389E-01
      1812  1.0565406E+00  7.4912636E-01
      1813  1.0618365E+00  7.5702215E-01
      1814  1.0671590E+00  7.6496035E-01
      1815  1.0725082E+00  7.7294002E-01
      1816  1.0778842E+00  7.8096015E-01
      1817  1.0832871E+00  7.8901972E-01
      1818  1.0887171E+00  7.9711763E-01
      1819  1.0941743E+00  8.0525277E-01
      1820  1.0996589E+00  8.1342396E-01
      1821  1.1051709E+00  8.2162999E-01
      1822  1.1107106E+00  8.2986958E-01
      1823  1.1162781E+00  8.3814143E-01
      1824  1.1218734E+00  8.4644417E-01
      1825  1.1274969E+00  8.5477638E-01
      1826  1.1331485E+00  8.6313662E-01
      1827  1.1388284E+00  8.7152335E-01
      1828  1.1445368E+00  8.7993501E-01
      1829  1.1502738E+00  8.8836997E-01
      1830  1.1560396E+00  8.9682657E-01
      1831  1.1618342E+00  9.0530306E-01
      1832  1.1676580E+00  9.1379766E-01
      1833  1.1735109E+00  9.2230852E-01
      1834  1.1793931E+00  9.3083373E-01
      1835  1.1853049E+00  9.3937134E-01
      1836  1.1912462E+00  9.4791931E-01
      1837  1.1972174E+00  9.5647558E-01
      1838  1.2032184E+00  9.6503798E-01
      1839  1.2092496E+00  9.7360432E-01
      1840  1.2153110E+00  9.8217232E-01
      1841  1.2214028E+00  9.9073966E-01
      1842  1.2275251E+00  9.9930393E-01
      1843  1.2336781E+00  1.0078627E+00
      1844  1.2398619E+00  1.0164134E+00
      1845  1.2460767E+00  1.0249534E+00
      1846  1.2523227E+00  1.0334801E+00
      1847  1.2586000E+00  1.0419908E+00
      1848  1.2649088E+00  1.0504827E+00
      1849  1.2712492E+00  1.0589528E+00
      1850  1.2776213E+00  1.0673984E+00
      1851  1.2840254E+00  1.0758163E+00
      1852  1.2904616E+00  1.0842035E+00
      1853  1.2969301E+00  1.0925569E+00
      1854  1.3034310E+00  1.1008732E+00
      1855  1.3099645E+00  1.1091492E+00
      1856  1.3165307E+00  1.1173816E+00
      1857  1.3231298E+00  1.1255668E+00
      1858  1.3297620E+00  1.1337015E+00
      1859  1.3364275E+00  1.1417821E+00
      1860  1.3431264E+00  1.1498049E+00
      1861  1.3498588E+00  1.1577663E+00
      1862  1.3566250E+00  1.1656625E+00
      1863  1.3634251E+00  1.1734896E+00
      1864  1.3702593E+00  1.1812438E+00
      1865  1.3771278E+00  1.1889212E+00
      1866  1.3840306E+00  1.1965176E+00
      1867  1.3909681E+00  1.2040290E+00
      1868  1.3979404E+00  1.2114513E+00
      1869  1.4049476E+00  1.2187801E+00
      1870  1.4119899E+00  1.2260113E+00
      1871  1.4190675E+00  1.2331406E+00
      1872  1.4261807E+00  1.2401634E+00
      1873  1.4333294E+00  1.2470754E+00
      1874  1.4405140E+00  1.2538720E+00
      1875  1.4477346E+00  1.2605488E+00
      1876  1.4549914E+00  1.2671010E+00
      1877  1.4622846E+00  1.2735241E+00
      1878  1.4696143E+00  1.2798134E+00
      1879  1.4769808E+00  1.2859640E+00
      1880  1.4843842E+00  1.2919713E+00
      1881  1.4918247E+00  1.2978303E+00
      1882  1.4993025E+00  1.3035363E+00
      1883  1.5068178E+00  1.3090845E+00
      1884  1.5143707E+00  1.3144697E+00
      1885  1.5219616E+00  1.3196873E+00
      1886  1.5295904E+00  1.3247322E+00
      1887  1.5372575E+00  1.3295994E+00
      1888  1.5449631E+00  1.3342840E+00
      1889  1.5527072E+00  1.3387811E+00
      1890  1.5604902E+00  1.3430857E+00
      1891  1.5683122E+00  1.3471927E+00
      1892  1.5761734E+00  1.3510974E+00
      1893  1.5840740E+00  1.3547947E+00
      1894  1.5920142E+00  1.3582798E+00
      1895  1.5999942E+00  1.3615478E+00
      1896  1.6080142E+00  1.3645938E+00
      1897  1.6160744E+00  1.3674132E+00
      1898  1.6241750E+00  1.3700010E+00
      1899  1.6323162E+00  1.3723528E+00
      1900  1.6404982E+00  1.3744638E+00
      1901  1.6487213E+00  1.3763295E+00
      1902  1.6569855E+00  1.3779456E+00
      1903  1.6652912E+00  1.3793076E+00
      1904  1.6736385E+00  1.3804113E+00
      1905  1.6820276E+00  1.3812525E+00
      1906  1.6904588E+00  1.3818272E+00
      1907  1.6989323E+00  1.3821315E+00
      1908  1.7074482E+00  1.3821618E+00
      1909  1.7160069E+00  1.3819143E+00
      1910  1.7246084E+00  1.3813855E+00
      1911  1.7332530E+00  1.3805723E+00
      1912  1.7419410E+00  1.3794715E+00
      1913  1.7506725E+00  1.3780801E+00
      1914  1.7594478E+00  1.3763956E+00
      1915  1.7682671E+00  1.3744154E+00
      1916  1.7771305E+00  1.3721371E+00
      1917  1.7860384E+00  1.3695588E+00
      1918  1.7949910E+00  1.3666786E+00
      1919  1.8039884E+00  1.3634951E+00
      1920  1.8130309E+00  1.3600068E+00
      1921  1.8221188E+00  1.3562128E+00
      1922  1.8312522E+00  1.3521125E+00
      1923  1.8404314E+00  1.3477053E+00
      1924  1.8496566E+00  1.3429910E+00
      1925  1.8589280E+00  1.3379701E+00
      1926  1.8682460E+00  1.3326429E+00
      1927  1.8776106E+00  1.3270102E+00
      1928  1.8870221E+00  1.3210734E+00
      1929  1.8964809E+00  1.3148339E+00
      1930  1.9059870E+00  1.3082935E+00
      1931  1.9155408E+00  1.3014547E+00
      1932  1.9251425E+00  1.2943199E+00
      1933  1.9347923E+00  1.2868922E+00
      1934  1.9444905E+00  1.2791748E+00
      1935  1.9542373E+00  1.2711715E+00
      1936  1.9640330E+00  1.2628863E+00
      1937  1.9738777E+00  1.2543236E+00
      1938  1.9837718E+00  1.2454882E+00
      1939  1.9937155E+00  1.2363852E+00
      1940  2.0037091E+00  1.2270200E+00
      1941  2.0137527E+00  1.2173983E+00
      1942  2.0238467E+00  1.2075262E+00
      1943  2.0339913E+00  1.1974100E+00
      1944  2.0441867E+00  1.1870561E+00
      1945  2.0544332E+00  1.1764714E+00
      1946  2.0647311E+00  1.1656628E+00
      1947  2.0750806E+00  1.1546373E+00
      1948  2.0854820E+00  1.1434021E+00
      1949  2.0959355E+00  1.1319644E+00
      1950  2.1064414E+00  1.1203313E+00
      1951  2.1170000E+00  1.1085099E+00
      1952  2.1276115E+00  1.0965074E+00
      1953  2.1382762E+00  1.0843300E+00
      1954  2.1489944E+00  1.0719843E+00
      1955  2.1597663E+00  1.0594763E+00
      1956  2.1705921E+00  1.0468112E+00
      1957  2.1814723E+00  1.0339937E+00
      1958  2.1924069E+00  1.0210281E+00
      1959  2.2033964E+00  1.0079164E+00
      1960  2.2144410E+00  9.9466071E-01
      1961  2.2255409E+00  9.8126227E-01
      1962  2.2366965E+00  9.6772133E-01
      1963  2.2479080E+00  9.5403808E-01
      1964  2.2591757E+00  9.4021287E-01
      1965  2.2704998E+00  9.2624611E-01
      1966  2.2818808E+00  9.1213828E-01
      1967  2.2933187E+00  8.9788979E-01
      1968  2.3048140E+00  8.8350101E-01
      1969  2.3163670E+00  8.6897237E-01
      1970  2.3279778E+00  8.5430427E-01
      1971  2.3396469E+00  8.3949715E-01
      1972  2.3513744E+00  8.2455145E-01
      1973  2.3631607E+00  8.0946758E-01
      1974  2.3750061E+00  7.9424601E-01
      1975  2.3869109E+00  7.7888717E-01
      1976  2.3988753E+00  7.6339152E-01
      1977  2.4108997E+00  7.4775953E-01
      1978  2.4229844E+00  7.3199166E-01
      1979  2.4351297E+00  7.1608839E-01
      1980  2.4473358E+00  7.0005020E-01
      1981  2.4596031E+00  6.8387760E-01
      1982  2.4719319E+00  6.6757108E-01
      1983  2.4843225E+00  6.5113116E-01
      1984  2.4967753E+00  6.3455835E-01
      1985  2.5092904E+00  6.1785319E-01
      1986  2.5218683E+00  6.0101623E-01
      1987  2.5345092E+00  5.8404800E-01
      1988  2.5472135E+00  5.6694909E-01
      1989  2.5599814E+00  5.4972007E-01
      1990  2.5728134E+00  5.3236153E-01
      1991  2.5857097E+00  5.1487407E-01
      1992  2.5986706E+00  4.9725832E-01
      1993  2.6116965E+00  4.7951490E-01
      1994  2.6247877E+00  4.6164447E-01
      1995  2.6379445E+00  4.4364770E-01
      1996  2.6511672E+00  4.2552526E-01
      1997  2.6644562E+00  4.0727786E-01
      1998  2.6778119E+00  3.8890621E-01
      1999  2.6912345E+00  3.7041105E-01
      2000  2.7047243E+00  3.5179315E-01
      2001  2.7182818E+00  3.3305328E-01
      2002  2.7319073E+00  3.1419225E-01
      2003  2.7456010E+00  2.9521087E-01
      2004  2.7593634E+00  2.7611000E-01
      2005  2.7731948E+00  2.5689051E-01
      2006  2.7870955E+00  2.3755329E-01
      2007  2.8010658E+00  2.1809928E-01
      2008  2.8151062E+00  1.9852941E-01
      2009  2.8292170E+00  1.7884468E-01
      2010  2.8433985E+00  1.5904609E-01
      2011  2.8576511E+00  1.3913468E-01
      2012  2.8719752E+00  1.1911152E-01
      2013  2.8863710E+00  9.8977708E-02
      2014  2.9008390E+00  7.8734387E-02
      2015  2.9153795E+00  5.8382722E-02
      2016  2.9299929E+00  3.7923915E-02
      2017  2.9446796E+00  1.7359214E-02
      2018  2.9594398E+00 -3.3101094E-03
      2019  2.9742741E+00 -2.4082739E-02
      2020  2.9891827E+00 -4.4957316E-02
      2021  3.0041660E+00 -6.5932451E-02
      2022  3.0192245E+00 -8.7006705E-02
      2023  3.0343584E+00 -1.0817860E-01
      2024  3.0495682E+00 -1.2944661E-01
      2025  3.0648542E+00 -1.5080918E-01
      2026  3.0802168E+00 -1.7226469E-01
      2027  3.0956565E+00 -1.9381149E-01
      2028  3.1111735E+00 -2.1544788E-01
      2029  3.1267684E+00 -2.3717209E-01
      2030  3.1424414E+00 -2.5898234E-01
      2031  3.1581929E+00 -2.8087676E-01
      2032  3.1740234E+00 -3.0285347E-01
      2033  3.1899333E+00 -3.2491050E-01
      2034  3.2059229E+00 -3.4704584E-01
      2035  3.2219926E+00 -3.6925744E-01
      2036  3.2381429E+00 -3.9154318E-01
      2037  3.2543742E+00 -4.1390088E-01
      2038  3.2706868E+00 -4.3632832E-01
      2039  3.2870812E+00 -4.5882321E-01
      2040  3.3035578E+00 -4.8138321E-01
      2041  3.3201169E+00 -5.0400591E-01
      2042  3.3367591E+00 -5.2668884E-01
      2043  3.3534847E+00 -5.4942947E-01
      2044  3.3702941E+00 -5.7222523E-01
      2045  3.3871877E+00 -5.9507344E-01
      2046  3.4041661E+00 -6.1797140E-01
      2047  3.4212295E+00 -6.4091632E-01
      2048  3.4383785E+00 -6.6390535E-01
      2049  3.4556135E+00 -6.8693558E-01
      2050  3.4729348E+00 -7.1000402E-01
      2051  3.4903430E+00 -7.3310762E-01
      2052  3.5078384E+00 -7.5624326E-01
      2053  3.5254215E+00 -7.7940775E-01
      2054  3.5430927E+00 -8.0259781E-01
      2055  3.5608526E+00 -8.2581013E-01
      2056  3.5787014E+00 -8.4904128E-01
      2057  3.5966397E+00 -8.7228779E-01
      2058  3.6146680E+00 -8.9554611E-01
      2059  3.6327866E+00 -9.1881260E-01
      2060  3.6509960E+00 -9.4208356E-01
      2061  3.6692967E+00 -9.6535521E-01
      2062  3.6876891E+00 -9.8862368E-01
      2063  3.7061737E+00 -1.0118850E+00
      2064  3.7247510E+00 -1.0351353E+00
      2065  3.7434214E+00 -1.0583703E+00
      2066  3.7621854E+00 -1.0815860E+00
      2067  3.7810434E+00 -1.1047780E+00
      2068  3.7999959E+00 -1.1279420E+00
      2069  3.8190435E+00 -1.1510737E+00
      2070  3.8381865E+00 -1.1741685E+00
      2071  3.8574255E+00 -1.1972219E+00
      2072  3.8767610E+00 -1.2202292E+00
      2073  3.8961933E+00 -1.2431856E+00
      2074  3.9157231E+00 -1.2660865E+00
      2075  3.9353507E+00 -1.2889267E+00
      2076  3.9550767E+00 -1.3117015E+00
      2077  3.9749016E+00 -1.3344056E+00
      2078  3.9948259E+00 -1.3570341E+00
      2079  4.0148501E+00 -1.3795815E+00
      2080  4.0349746E+00 -1.4020427E+00
      2081  4.0552000E+00 -1.4244123E+00
      2082  4.0755267E+00 -1.4466847E+00
      2083  4.0959554E+00 -1.4688544E+00
      2084  4.1164865E+00 -1.4909158E+00
      2085  4.1371204E+00 -1.5128632E+00
      2086  4.1578578E+00 -1.5346908E+00
      2087  4.1786992E+00 -1.5563927E+00
      2088  4.1996450E+00 -1.5779629E+00
      2089  4.2206958E+00 -1.5993954E+00
      2090  4.2418521E+00 -1.6206842E+00
      2091  4.2631145E+00 -1.6418230E+00
      2092  4.2844835E+00 -1.6628056E+00
      2093  4.3059595E+00 -1.6836256E+00
      2094  4.3275432E+00 -1.7042767E+00
      2095  4.3492351E+00 -1.7247523E+00
      2096  4.3710358E+00 -1.7450459E+00
      2097  4.3929457E+00 -1.7651509E+00
      2098  4.4149654E+00 -1.7850607E+00
      2099  4.4370955E+00 -1.8047683E+00
      2100  4.4593366E+00 -1.8242672E+00
      2101  4.4816891E+00 -1.8435502E+00
      2102  4.5041536E+00 -1.8626106E+00
      2103  4.5267308E+00 -1.8814413E+00
      2104  4.5494211E+00 -1.9000352E+00
      2105  4.5722252E+00 -1.9183852E+00
      2106  4.5951436E+00 -1.9364842E+00
      2107  4.6181768E+00 -1.9543249E+00
      2108  4.6413255E+00 -1.9719000E+00
      2109  4.6645903E+00 -1.9892023E+00
      2110  4.6879716E+00 -2.0062243E+00
      2111  4.7114702E+00 -2.0229586E+00
      2112  4.7350865E+00 -2.0393977E+00
      2113  4.7588212E+00 -2.0555342E+00
      2114  4.7826749E+00 -2.0713605E+00
      2115  4.8066482E+00 -2.0868690E+00
      2116  4.8307416E+00 -2.1020521E+00
      2117  4.8549558E+00 -2.1169022E+00
      2118  4.8792914E+00 -2.1314116E+00
      2119  4.9037489E+00 -2.1455726E+00
      2120  4.9283291E+00 -2.1593775E+00
      2121  4.9530324E+00 -2.1728185E+00
      2122  4.9778596E+00 -2.1858878E+00
      2123  5.0028112E+00 -2.1985777E+00
      2124  5.0278879E+00 -2.2108803E+00
      2125  5.0530903E+00 -2.2227879E+00
      2126  5.0784190E+00 -2.2342926E+00
      2127  5.1038747E+00 -2.2453865E+00
      2128  5.1294580E+00 -2.2560618E+00
      2129  5.1551695E+00 -2.2663108E+00
      2130  5.1810099E+00 -2.2761253E+00
      2131  5.2069798E+00 -2.2854978E+00
      2132  5.2330799E+00 -2.2944202E+00
      2133  5.2593108E+00 -2.3028847E+00
      2134  5.2856732E+00 -2.3108834E+00
      2135  5.3121678E+00 -2.3184086E+00
      2136  5.3387951E+00 -2.3254523E+00
      2137  5.3655560E+00 -2.3320068E+00
      2138  5.3924509E+00 -2.3380642E+00
      2139  5.4194807E+00 -2.3436167E+00
      2140  5.4466460E+00 -2.3486566E+00
      2141  5.4739474E+00 -2.3531760E+00
      2142  5.5013857E+00 -2.3571672E+00
      2143  5.5289615E+00 -2.3606225E+00
      2144  5.5566755E+00 -2.3635342E+00
      2145  5.5845285E+00 -2.3658947E+00
      2146  5.6125210E+00 -2.3676963E+00
      2147  5.6406539E+00 -2.3689313E+00
      2148  5.6689278E+00 -2.3695923E+00
      2149  5.6973434E+00 -2.3696718E+00
      2150  5.7259015E+00 -2.3691621E+00
      2151  5.7546027E+00 -2.3680559E+00
      2152  5.7834477E+00 -2.3663458E+00
      2153  5.8124374E+00 -2.3640245E+00
      2154  5.8415724E+00 -2.3610847E+00
      2155  5.8708534E+00 -2.3575192E+00
      2156  5.9002811E+00 -2.3533208E+00
      2157  5.9298564E+00 -2.3484824E+00
      2158  5.9595799E+00 -2.3429971E+00
      2159  5.9894525E+00 -2.3368579E+00
      2160  6.0194747E+00 -2.3300580E+00
      2161  6.0496475E+00 -2.3225906E+00
      2162  6.0799714E+00 -2.3144490E+00
      2163  6.1104474E+00 -2.3056268E+00
      2164  6.1410762E+00 -2.2961174E+00
      2165  6.1718584E+00 -2.2859146E+00
      2166  6.2027950E+00 -2.2750121E+00
      2167  6.2338867E+00 -2.2634039E+00
      2168  6.2651341E+00 -2.2510840E+00
      2169  6.2965383E+00 -2.2380465E+00
      2170  6.3280998E+00 -2.2242860E+00
      2171  6.3598195E+00 -2.2097968E+00
      2172  6.3916983E+00 -2.1945737E+00
      2173  6.4237368E+00 -2.1786116E+00
      2174  6.4559359E+00 -2.1619054E+00
      2175  6.4882964E+00 -2.1444505E+00
      2176  6.5208191E+00 -2.1262424E+00
      2177  6.5535049E+00 -2.1072766E+00
      2178  6.5863544E+00 -2.0875491E+00
      2179  6.6193687E+00 -2.0670561E+00
      2180  6.6525484E+00 -2.0457940E+00
      2181  6.6858944E+00 -2.0237595E+00
      2182  6.7194076E+00 -2.0009495E+00
      2183  6.7530888E+00 -1.9773612E+00
      2184  6.7869388E+00 -1.9529922E+00
      2185  6.8209585E+00 -1.9278405E+00
      2186  6.8551487E+00 -1.9019040E+00
      2187  6.8895102E+00 -1.8751814E+00
      2188  6.9240441E+00 -1.8476717E+00
      2189  6.9587510E+00 -1.8193739E+00
      2190  6.9936319E+00 -1.7902878E+00
      2191  7.0286876E+00 -1.7604134E+00
      2192  7.0639190E+00 -1.7297511E+00
      2193  7.0993271E+00 -1.6983019E+00
      2194  7.1349126E+00 -1.6660671E+00
      2195  7.1706765E+00 -1.6330483E+00
      2196  7.2066197E+00 -1.5992480E+00
      2197  7.2427430E+00 -1.5646687E+00
      2198  7.2790474E+00 -1.5293138E+00
      2199  7.3155338E+00 -1.4931871E+00
      2200  7.3522030E+00 -1.4562927E+00
      2201  7.3890561E+00 -1.4186355E+00
      2202  7.4260939E+00 -1.3802210E+00
      2203  7.4633173E+00 -1.3410551E+00
      2204  7.5007274E+00 -1.3011444E+00
      2205  7.5383249E+00 -1.2604961E+00
      2206  7.5761109E+00 -1.2191179E+00
      2207  7.6140864E+00 -1.1770183E+00
      2208  7.6522521E+00 -1.1342065E+00
      2209  7.6906092E+00 -1.0906920E+00
      2210  7.7291585E+00 -1.0464855E+00
      2211  7.7679011E+00 -1.0015980E+00
      2212  7.8068379E+00 -9.5604140E-01
      2213  7.8459698E+00 -9.0982823E-01
      2214  7.8852979E+00 -8.6297176E-01
      2215  7.9248231E+00 -8.1548602E-01
      2216  7.9645465E+00 -7.6738588E-01
      2217  8.0044689E+00 -7.1868681E-01
      2218  8.0445915E+00 -6.6940520E-01
      2219  8.0849152E+00 -6.1955819E-01
      2220  8.1254410E+00 -5.6916366E-01
      2221  8.1661699E+00 -5.1824038E-01
      2222  8.2071030E+00 -4.6680792E-01
      2223  8.2482413E+00 -4.1488661E-01
      2224  8.2895858E+00 -3.6249770E-01
      2225  8.3311375E+00 -3.0966324E-01
      2226  8.3728975E+00 -2.5640609E-01
      2227  8.4148668E+00 -2.0275003E-01
      2228  8.4570465E+00 -1.4871965E-01
      2229  8.4994376E+00 -9.4340390E-02
      2230  8.5420412E+00 -3.9638585E-02
      2231  8.5848584E+00  1.5358581E-02
      2232  8.6278902E+00  7.0623076E-02
      2233  8.6711377E+00  1.2612599E-01
      2234  8.7146019E+00  1.8183753E-01
      2235  8.7582840E+00  2.3772708E-01
      2236  8.8021851E+00  2.9376316E-01
      2237  8.8463063E+00  3.4991338E-01
      2238  8.8906486E+00  4.0614458E-01
      2239  8.9352131E+00  4.6242272E-01
      2240  8.9800011E+00  5.1871285E-01
      2241  9.0250135E+00  5.7497937E-01
      2242  9.0702516E+00  6.3118568E-01
      2243  9.1157164E+00  6.8729441E-01
      2244  9.1614091E+00  7.4326753E-01
      2245  9.2073309E+00  7.9906602E-01
      2246  9.2534828E+00  8.5465019E-01
      2247  9.2998661E+00  9.0997972E-01
      2248  9.3464819E+00  9.6501324E-01
      2249  9.3933313E+00  1.0197090E+00
      2250  9.4404156E+00  1.0740243E+00
      2251  9.4877358E+00  1.1279159E+00
      2252  9.5352933E+00  1.1813398E+00
      2253  9.5830892E+00  1.2342516E+00
      2254  9.6311246E+00  1.2866059E+00
      2255  9.6794008E+00  1.3383571E+00
      2256  9.7279190E+00  1.3894589E+00
      2257  9.7766804E+00  1.4398642E+00
      2258  9.8256862E+00  1.4895262E+00
      2259  9.8749377E+00  1.5383967E+00
      2260  9.9244360E+00  1.5864277E+00
      2261  9.9741825E+00  1.6335707E+00
      2262  1.0024178E+01  1.6797766E+00
      2263  1.0074425E+01  1.7249963E+00
      2264  1.0124923E+01  1.7691806E+00
      2265  1.0175674E+01  1.8122793E+00
      2266  1.0226680E+01  1.8542429E+00
      2267  1.0277942E+01  1.8950217E+00
      2268  1.0329460E+01  1.9345650E+00
      2269  1.0381237E+01  1.9728234E+00
      2270  1.0433273E+01  2.0097468E+00
      2271  1.0485570E+01  2.0452849E+00
      2272  1.0538129E+01  2.0793885E+00
      2273  1.0590951E+01  2.1120079E+00
      2274  1.0644039E+01  2.1430935E+00
      2275  1.0697392E+01  2.1725971E+00
      2276  1.0751013E+01  2.2004697E+00
      2277  1.0804903E+01  2.2266633E+00
      2278  1.0859063E+01  2.2511310E+00
      2279  1.0913494E+01  2.2738253E+00
      2280  1.0968198E+01  2.2947003E+00
      2281  1.1023176E+01  2.3137111E+00
      2282  1.1078430E+01  2.3308124E+00
      2283  1.1133961E+01  2.3459612E+00
      2284  1.1189770E+01  2.3591150E+00
      2285  1.1245859E+01  2.3702318E+00
      2286  1.1302229E+01  2.3792721E+00
      2287  1.1358882E+01  2.3861966E+00
      2288  1.1415819E+01  2.3909672E+00
      2289  1.1473041E+01  2.3935487E+00
      2290  1.1530550E+01  2.3939060E+00
      2291  1.1588347E+01  2.3920058E+00
      2292  1.1646434E+01  2.3878179E+00
      2293  1.1704812E+01  2.3813119E+00
      2294  1.1763482E+01  2.3724608E+00
      2295  1.1822447E+01  2.3612397E+00
      2296  1.1881707E+01  2.3476244E+00
      2297  1.1941264E+01  2.3315945E+00
      2298  1.2001120E+01  2.3131317E+00
      2299  1.2061276E+01  2.2922187E+00
      2300  1.2121734E+01  2.2688428E+00
      2301  1.2182494E+01  2.2429930E+00
      2302  1.2243559E+01  2.2146602E+00
      2303  1.2304930E+01  2.1838400E+00
      2304  1.2366609E+01  2.1505296E+00
      2305  1.2428597E+01  2.1147291E+00
      2306  1.2490895E+01  2.0764434E+00
      2307  1.2553506E+01  2.0356788E+00
      2308  1.2616431E+01  1.9924456E+00
      2309  1.2679671E+01  1.9467587E+00
      2310  1.2743228E+01  1.8986345E+00
      2311  1.2807104E+01  1.8480946E+00
      2312  1.2871300E+01  1.7951643E+00
      2313  1.2935817E+01  1.7398712E+00
      2314  1.3000658E+01  1.6822488E+00
      2315  1.3065824E+01  1.6223339E+00
      2316  1.3131317E+01  1.5601661E+00
      2317  1.3197138E+01  1.4957913E+00
      2318  1.3263289E+01  1.4292584E+00
      2319  1.3329772E+01  1.3606200E+00
      2320  1.3396587E+01  1.2899349E+00
      2321  1.3463738E+01  1.2172645E+00
      2322  1.3531225E+01  1.1426752E+00
      2323  1.3599051E+01  1.0662387E+00
      2324  1.3667216E+01  9.8803006E-01
      2325  1.3735724E+01  9.0812922E-01
      2326  1.3804574E+01  8.2662146E-01
      2327  1.3873770E+01  7.4359533E-01
      2328  1.3943312E+01  6.5914489E-01
      2329  1.4013204E+01  5.7336880E-01
      2330  1.4083445E+01  4.8636942E-01
      2331  1.4154039E+01  3.9825454E-01
      2332  1.4224986E+01  3.0913615E-01
      2333  1.4296289E+01  2.1913029E-01
      2334  1.4367950E+01  1.2835790E-01
      2335  1.4439969E+01  3.6944060E-02
      2336  1.4512350E+01 -5.4982137E-02
      2337  1.4585093E+01 -1.4728730E-01
      2338  1.4658201E+01 -2.3983391E-01
      2339  1.4731676E+01 -3.3248081E-01
      2340  1.4805519E+01 -4.2508317E-01
      2341  1.4879732E+01 -5.1749201E-01
      2342  1.4954317E+01 -6.0955555E-01
