         1  1.2340980E-04 -4.5280342E-09
         2  1.2402840E-04 -4.5735417E-09
         3  1.2465009E-04 -4.6195065E-09
         4  1.2527490E-04 -4.6659334E-09
         5  1.2590285E-04 -4.7128268E-09
         6  1.2653394E-04 -4.7601915E-09
         7  1.2716819E-04 -4.8080322E-09
         8  1.2780563E-04 -4.8563537E-09
         9  1.2844625E-04 -4.9051609E-09
        10  1.2909009E-04 -4.9544586E-09
        11  1.2973716E-04 -5.0042517E-09
        12  1.3038747E-04 -5.0545453E-09
        13  1.3104104E-04 -5.1053443E-09
        14  1.3169789E-04 -5.1566538E-09
        15  1.3235802E-04 -5.2084791E-09
        16  1.3302147E-04 -5.2608252E-09
        17  1.3368824E-04 -5.3136973E-09
        18  1.3435836E-04 -5.3671009E-09
        19  1.3503183E-04 -5.4210411E-09
        20  1.3570868E-04 -5.4755235E-09
        21  1.3638893E-04 -5.5305534E-09
        22  1.3707258E-04 -5.5861364E-09
        23  1.3775966E-04 -5.6422780E-09
        24  1.3845018E-04 -5.6989839E-09
        25  1.3914417E-04 -5.7562596E-09
        26  1.3984163E-04 -5.8141110E-09
        27  1.4054259E-04 -5.8725438E-09
        28  1.4124706E-04 -5.9315638E-09
        29  1.4195506E-04 -5.9911770E-09
        30  1.4266662E-04 -6.0513893E-09
        31  1.4338174E-04 -6.1122068E-09
        32  1.4410044E-04 -6.1736355E-09
        33  1.4482275E-04 -6.2356816E-09
        34  1.4554867E-04 -6.2983512E-09
        35  1.4627824E-04 -6.3616507E-09
        36  1.4701146E-04 -6.4255863E-09
        37  1.4774836E-04 -6.4901646E-09
        38  1.4848895E-04 -6.5553918E-09
        39  1.4923326E-04 -6.6212746E-09
        40  1.4998129E-04 -6.6878195E-09
        41  1.5073308E-04 -6.7550332E-09
        42  1.5148863E-04 -6.8229224E-09
        43  1.5224797E-04 -6.8914939E-09
        44  1.5301111E-04 -6.9607546E-09
        45  1.5377809E-04 -7.0307113E-09
        46  1.5454890E-04 -7.1013711E-09
        47  1.5532358E-04 -7.1727411E-09
        48  1.5610214E-04 -7.2448284E-09
        49  1.5688461E-04 -7.3176401E-09
        50  1.5767100E-04 -7.3911836E-09
        51  1.5846133E-04 -7.4654662E-09
        52  1.5925562E-04 -7.5404954E-09
        53  1.6005389E-04 -7.6162786E-09
        54  1.6085616E-04 -7.6928235E-09
        55  1.6166246E-04 -7.7701377E-09
        56  1.6247279E-04 -7.8482289E-09
        57  1.6328719E-04 -7.9271049E-09
        58  1.6410567E-04 -8.0067736E-09
        59  1.6492825E-04 -8.0872430E-09
        60  1.6575496E-04 -8.1685211E-09
        61  1.6658581E-04 -8.2506161E-09
        62  1.6742083E-04 -8.3335362E-09
        63  1.6826003E-04 -8.4172896E-09
        64  1.6910343E-04 -8.5018848E-09
        65  1.6995107E-04 -8.5873302E-09
        66  1.7080295E-04 -8.6736343E-09
        67  1.7165910E-04 -8.7608057E-09
        68  1.7251955E-04 -8.8488533E-09
        69  1.7338431E-04 -8.9377858E-09
        70  1.7425340E-04 -9.0276120E-09
        71  1.7512685E-04 -9.1183410E-09
        72  1.7600468E-04 -9.2099819E-09
        73  1.7688690E-04 -9.3025437E-09
        74  1.7777355E-04 -9.3960358E-09
        75  1.7866465E-04 -9.4904676E-09
        76  1.7956021E-04 -9.5858483E-09
        77  1.8046025E-04 -9.6821877E-09
        78  1.8136482E-04 -9.7794953E-09
        79  1.8227391E-04 -9.8777809E-09
        80  1.8318756E-04 -9.9770542E-09
        81  1.8410579E-04 -1.0077325E-08
        82  1.8502863E-04 -1.0178604E-08
        83  1.8595609E-04 -1.0280901E-08
        84  1.8688820E-04 -1.0384226E-08
        85  1.8782498E-04 -1.0488589E-08
        86  1.8876645E-04 -1.0594001E-08
        87  1.8971265E-04 -1.0700472E-08
        88  1.9066359E-04 -1.0808014E-08
        89  1.9161929E-04 -1.0916636E-08
        90  1.9257979E-04 -1.1026350E-08
        91  1.9354510E-04 -1.1137167E-08
        92  1.9451525E-04 -1.1249097E-08
        93  1.9549026E-04 -1.1362152E-08
        94  1.9647016E-04 -1.1476344E-08
        95  1.9745497E-04 -1.1591683E-08
        96  1.9844472E-04 -1.1708182E-08
        97  1.9943943E-04 -1.1825851E-08
        98  2.0043912E-04 -1.1944702E-08
        99  2.0144382E-04 -1.2064749E-08
       100  2.0245357E-04 -1.2186001E-08
       101  2.0346837E-04 -1.2308473E-08
       102  2.0448826E-04 -1.2432175E-08
       103  2.0551326E-04 -1.2557120E-08
       104  2.0654340E-04 -1.2683322E-08
       105  2.0757870E-04 -1.2810791E-08
       106  2.0861920E-04 -1.2939542E-08
       107  2.0966490E-04 -1.3069586E-08
       108  2.1071585E-04 -1.3200938E-08
       109  2.1177207E-04 -1.3333609E-08
       110  2.1283358E-04 -1.3467614E-08
       111  2.1390042E-04 -1.3602966E-08
       112  2.1497260E-04 -1.3739678E-08
       113  2.1605015E-04 -1.3877764E-08
       114  2.1713311E-04 -1.4017238E-08
       115  2.1822149E-04 -1.4158114E-08
       116  2.1931533E-04 -1.4300405E-08
       117  2.2041465E-04 -1.4444127E-08
       118  2.2151949E-04 -1.4589292E-08
       119  2.2262986E-04 -1.4735917E-08
       120  2.2374579E-04 -1.4884016E-08
       121  2.2486732E-04 -1.5033603E-08
       122  2.2599448E-04 -1.5184693E-08
       123  2.2712728E-04 -1.5337301E-08
       124  2.2826576E-04 -1.5491444E-08
       125  2.2940995E-04 -1.5647136E-08
       126  2.3055987E-04 -1.5804392E-08
       127  2.3171555E-04 -1.5963229E-08
       128  2.3287703E-04 -1.6123662E-08
       129  2.3404433E-04 -1.6285707E-08
       130  2.3521749E-04 -1.6449381E-08
       131  2.3639652E-04 -1.6614700E-08
       132  2.3758146E-04 -1.6781681E-08
       133  2.3877234E-04 -1.6950339E-08
       134  2.3996919E-04 -1.7120693E-08
       135  2.4117204E-04 -1.7292759E-08
       136  2.4238092E-04 -1.7466554E-08
       137  2.4359586E-04 -1.7642096E-08
       138  2.4481689E-04 -1.7819402E-08
       139  2.4604404E-04 -1.7998490E-08
       140  2.4727734E-04 -1.8179378E-08
       141  2.4851683E-04 -1.8362084E-08
       142  2.4976252E-04 -1.8546626E-08
       143  2.5101446E-04 -1.8733022E-08
       144  2.5227268E-04 -1.8921292E-08
       145  2.5353720E-04 -1.9111454E-08
       146  2.5480806E-04 -1.9303528E-08
       147  2.5608529E-04 -1.9497531E-08
       148  2.5736892E-04 -1.9693485E-08
       149  2.5865899E-04 -1.9891408E-08
       150  2.5995552E-04 -2.0091319E-08
       151  2.6125856E-04 -2.0293241E-08
       152  2.6256812E-04 -2.0497191E-08
       153  2.6388425E-04 -2.0703191E-08
       154  2.6520697E-04 -2.0911262E-08
       155  2.6653633E-04 -2.1121423E-08
       156  2.6787235E-04 -2.1333697E-08
       157  2.6921506E-04 -2.1548104E-08
       158  2.7056451E-04 -2.1764666E-08
       159  2.7192072E-04 -2.1983405E-08
       160  2.7328373E-04 -2.2204342E-08
       161  2.7465357E-04 -2.2427499E-08
       162  2.7603028E-04 -2.2652899E-08
       163  2.7741388E-04 -2.2880565E-08
       164  2.7880443E-04 -2.3110518E-08
       165  2.8020194E-04 -2.3342783E-08
       166  2.8160646E-04 -2.3577382E-08
       167  2.8301802E-04 -2.3814338E-08
       168  2.8443665E-04 -2.4053676E-08
       169  2.8586239E-04 -2.4295420E-08
       170  2.8729529E-04 -2.4539593E-08
       171  2.8873536E-04 -2.4786220E-08
       172  2.9018265E-04 -2.5035325E-08
       173  2.9163720E-04 -2.5286935E-08
       174  2.9309904E-04 -2.5541073E-08
       175  2.9456820E-04 -2.5797765E-08
       176  2.9604473E-04 -2.6057036E-08
       177  2.9752866E-04 -2.6318914E-08
       178  2.9902003E-04 -2.6583423E-08
       179  3.0051887E-04 -2.6850591E-08
       180  3.0202523E-04 -2.7120444E-08
       181  3.0353914E-04 -2.7393009E-08
       182  3.0506063E-04 -2.7668313E-08
       183  3.0658976E-04 -2.7946385E-08
       184  3.0812654E-04 -2.8227250E-08
       185  3.0967104E-04 -2.8510939E-08
       186  3.1122327E-04 -2.8797479E-08
       187  3.1278328E-04 -2.9086898E-08
       188  3.1435111E-04 -2.9379226E-08
       189  3.1592681E-04 -2.9674492E-08
       190  3.1751040E-04 -2.9972726E-08
       191  3.1910192E-04 -3.0273957E-08
       192  3.2070143E-04 -3.0578215E-08
       193  3.2230895E-04 -3.0885531E-08
       194  3.2392453E-04 -3.1195936E-08
       195  3.2554821E-04 -3.1509460E-08
       196  3.2718003E-04 -3.1826136E-08
       197  3.2882002E-04 -3.2145994E-08
       198  3.3046824E-04 -3.2469066E-08
       199  3.3212472E-04 -3.2795386E-08
       200  3.3378950E-04 -3.3124985E-08
       201  3.3546263E-04 -3.3457896E-08
       202  3.3714414E-04 -3.3794154E-08
       203  3.3883408E-04 -3.4133791E-08
       204  3.4053250E-04 -3.4476841E-08
       205  3.4223942E-04 -3.4823339E-08
       206  3.4395490E-04 -3.5173319E-08
       207  3.4567899E-04 -3.5526817E-08
       208  3.4741171E-04 -3.5883867E-08
       209  3.4915312E-04 -3.6244506E-08
       210  3.5090325E-04 -3.6608770E-08
       211  3.5266216E-04 -3.6976694E-08
       212  3.5442989E-04 -3.7348316E-08
       213  3.5620648E-04 -3.7723673E-08
       214  3.5799197E-04 -3.8102802E-08
       215  3.5978641E-04 -3.8485741E-08
       216  3.6158985E-04 -3.8872529E-08
       217  3.6340233E-04 -3.9263205E-08
       218  3.6522389E-04 -3.9657806E-08
       219  3.6705458E-04 -4.0056374E-08
       220  3.6889445E-04 -4.0458947E-08
       221  3.7074354E-04 -4.0865566E-08
       222  3.7260190E-04 -4.1276272E-08
       223  3.7446957E-04 -4.1691105E-08
       224  3.7634661E-04 -4.2110108E-08
       225  3.7823306E-04 -4.2533322E-08
       226  3.8012896E-04 -4.2960788E-08
       227  3.8203436E-04 -4.3392552E-08
       228  3.8394932E-04 -4.3828654E-08
       229  3.8587387E-04 -4.4269139E-08
       230  3.8780807E-04 -4.4714051E-08
       231  3.8975197E-04 -4.5163435E-08
       232  3.9170561E-04 -4.5617335E-08
       233  3.9366904E-04 -4.6075797E-08
       234  3.9564231E-04 -4.6538866E-08
       235  3.9762548E-04 -4.7006590E-08
       236  3.9961859E-04 -4.7479014E-08
       237  4.0162168E-04 -4.7956186E-08
       238  4.0363482E-04 -4.8438153E-08
       239  4.0565805E-04 -4.8924965E-08
       240  4.0769142E-04 -4.9416669E-08
       241  4.0973498E-04 -4.9913314E-08
       242  4.1178878E-04 -5.0414951E-08
       243  4.1385288E-04 -5.0921630E-08
       244  4.1592733E-04 -5.1433401E-08
       245  4.1801217E-04 -5.1950315E-08
       246  4.2010747E-04 -5.2472424E-08
       247  4.2221327E-04 -5.2999781E-08
       248  4.2432962E-04 -5.3532438E-08
       249  4.2645658E-04 -5.4070447E-08
       250  4.2859420E-04 -5.4613864E-08
       251  4.3074254E-04 -5.5162743E-08
       252  4.3290165E-04 -5.5717138E-08
       253  4.3507158E-04 -5.6277104E-08
       254  4.3725238E-04 -5.6842698E-08
       255  4.3944412E-04 -5.7413977E-08
       256  4.4164684E-04 -5.7990997E-08
       257  4.4386060E-04 -5.8573816E-08
       258  4.4608546E-04 -5.9162492E-08
       259  4.4832148E-04 -5.9757085E-08
       260  4.5056870E-04 -6.0357654E-08
       261  4.5282718E-04 -6.0964258E-08
       262  4.5509699E-04 -6.1576959E-08
       263  4.5737817E-04 -6.2195818E-08
       264  4.5967079E-04 -6.2820896E-08
       265  4.6197490E-04 -6.3452257E-08
       266  4.6429056E-04 -6.4089962E-08
       267  4.6661782E-04 -6.4734077E-08
       268  4.6895676E-04 -6.5384665E-08
       269  4.7130741E-04 -6.6041792E-08
       270  4.7366985E-04 -6.6705523E-08
       271  4.7604413E-04 -6.7375924E-08
       272  4.7843031E-04 -6.8053064E-08
       273  4.8082845E-04 -6.8737008E-08
       274  4.8323861E-04 -6.9427826E-08
       275  4.8566086E-04 -7.0125588E-08
       276  4.8809524E-04 -7.0830361E-08
       277  4.9054183E-04 -7.1542218E-08
       278  4.9300068E-04 -7.2261229E-08
       279  4.9547186E-04 -7.2987467E-08
       280  4.9795542E-04 -7.3721003E-08
       281  5.0045143E-04 -7.4461911E-08
       282  5.0295996E-04 -7.5210266E-08
       283  5.0548105E-04 -7.5966141E-08
       284  5.0801479E-04 -7.6729613E-08
       285  5.1056122E-04 -7.7500759E-08
       286  5.1312042E-04 -7.8279654E-08
       287  5.1569245E-04 -7.9066378E-08
       288  5.1827737E-04 -7.9861008E-08
       289  5.2087524E-04 -8.0663624E-08
       290  5.2348614E-04 -8.1474307E-08
       291  5.2611013E-04 -8.2293137E-08
       292  5.2874727E-04 -8.3120197E-08
       293  5.3139762E-04 -8.3955568E-08
       294  5.3406126E-04 -8.4799336E-08
       295  5.3673826E-04 -8.5651583E-08
       296  5.3942867E-04 -8.6512396E-08
       297  5.4213257E-04 -8.7381860E-08
       298  5.4485002E-04 -8.8260062E-08
       299  5.4758109E-04 -8.9147090E-08
       300  5.5032585E-04 -9.0043033E-08
       301  5.5308437E-04 -9.0947980E-08
       302  5.5585672E-04 -9.1862022E-08
       303  5.5864296E-04 -9.2785251E-08
       304  5.6144317E-04 -9.3717758E-08
       305  5.6425742E-04 -9.4659637E-08
       306  5.6708577E-04 -9.5610982E-08
       307  5.6992830E-04 -9.6571888E-08
       308  5.7278507E-04 -9.7542451E-08
       309  5.7565617E-04 -9.8522769E-08
       310  5.7854166E-04 -9.9512939E-08
       311  5.8144161E-04 -1.0051306E-07
       312  5.8435610E-04 -1.0152323E-07
       313  5.8728520E-04 -1.0254356E-07
       314  5.9022898E-04 -1.0357414E-07
       315  5.9318751E-04 -1.0461508E-07
       316  5.9616088E-04 -1.0566647E-07
       317  5.9914915E-04 -1.0672844E-07
       318  6.0215239E-04 -1.0780108E-07
       319  6.0517069E-04 -1.0888450E-07
       320  6.0820413E-04 -1.0997880E-07
       321  6.1125276E-04 -1.1108411E-07
       322  6.1431668E-04 -1.1220052E-07
       323  6.1739595E-04 -1.1332816E-07
       324  6.2049066E-04 -1.1446712E-07
       325  6.2360089E-04 -1.1561754E-07
       326  6.2672670E-04 -1.1677951E-07
       327  6.2986818E-04 -1.1795316E-07
       328  6.3302541E-04 -1.1913861E-07
       329  6.3619846E-04 -1.2033598E-07
       330  6.3938742E-04 -1.2154537E-07
       331  6.4259236E-04 -1.2276692E-07
       332  6.4581337E-04 -1.2400075E-07
       333  6.4905052E-04 -1.2524698E-07
       334  6.5230390E-04 -1.2650573E-07
       335  6.5557359E-04 -1.2777713E-07
       336  6.5885966E-04 -1.2906132E-07
       337  6.6216221E-04 -1.3035840E-07
       338  6.6548131E-04 -1.3166853E-07
       339  6.6881705E-04 -1.3299182E-07
       340  6.7216951E-04 -1.3432841E-07
       341  6.7553878E-04 -1.3567843E-07
       342  6.7892493E-04 -1.3704202E-07
       343  6.8232805E-04 -1.3841931E-07
       344  6.8574824E-04 -1.3981045E-07
       345  6.8918556E-04 -1.4121557E-07
       346  6.9264012E-04 -1.4263481E-07
       347  6.9611199E-04 -1.4406831E-07
       348  6.9960127E-04 -1.4551622E-07
       349  7.0310804E-04 -1.4697868E-07
       350  7.0663238E-04 -1.4845584E-07
       351  7.1017439E-04 -1.4994785E-07
       352  7.1373415E-04 -1.5145485E-07
       353  7.1731176E-04 -1.5297700E-07
       354  7.2090730E-04 -1.5451444E-07
       355  7.2452086E-04 -1.5606734E-07
       356  7.2815254E-04 -1.5763584E-07
       357  7.3180242E-04 -1.5922010E-07
       358  7.3547059E-04 -1.6082029E-07
       359  7.3915716E-04 -1.6243656E-07
       360  7.4286220E-04 -1.6406908E-07
       361  7.4658581E-04 -1.6571800E-07
       362  7.5032809E-04 -1.6738349E-07
       363  7.5408912E-04 -1.6906572E-07
       364  7.5786901E-04 -1.7076486E-07
       365  7.6166784E-04 -1.7248107E-07
       366  7.6548572E-04 -1.7421454E-07
       367  7.6932273E-04 -1.7596542E-07
       368  7.7317898E-04 -1.7773390E-07
       369  7.7705455E-04 -1.7952016E-07
       370  7.8094956E-04 -1.8132436E-07
       371  7.8486408E-04 -1.8314670E-07
       372  7.8879823E-04 -1.8498736E-07
       373  7.9275210E-04 -1.8684651E-07
       374  7.9672578E-04 -1.8872435E-07
       375  8.0071939E-04 -1.9062106E-07
       376  8.0473301E-04 -1.9253683E-07
       377  8.0876675E-04 -1.9447186E-07
       378  8.1282071E-04 -1.9642633E-07
       379  8.1689499E-04 -1.9840045E-07
       380  8.2098970E-04 -2.0039441E-07
       381  8.2510492E-04 -2.0240840E-07
       382  8.2924078E-04 -2.0444264E-07
       383  8.3339737E-04 -2.0649732E-07
       384  8.3757479E-04 -2.0857265E-07
       385  8.4177315E-04 -2.1066884E-07
       386  8.4599255E-04 -2.1278610E-07
       387  8.5023311E-04 -2.1492463E-07
       388  8.5449492E-04 -2.1708466E-07
       389  8.5877809E-04 -2.1926640E-07
       390  8.6308274E-04 -2.2147006E-07
       391  8.6740896E-04 -2.2369587E-07
       392  8.7175686E-04 -2.2594405E-07
       393  8.7612656E-04 -2.2821482E-07
       394  8.8051816E-04 -2.3050842E-07
       395  8.8493178E-04 -2.3282506E-07
       396  8.8936752E-04 -2.3516499E-07
       397  8.9382549E-04 -2.3752844E-07
       398  8.9830581E-04 -2.3991564E-07
       399  9.0280859E-04 -2.4232683E-07
       400  9.0733394E-04 -2.4476225E-07
       401  9.1188197E-04 -2.4722215E-07
       402  9.1645279E-04 -2.4970678E-07
       403  9.2104653E-04 -2.5221637E-07
       404  9.2566330E-04 -2.5475119E-07
       405  9.3030320E-04 -2.5731148E-07
       406  9.3496637E-04 -2.5989750E-07
       407  9.3965291E-04 -2.6250951E-07
       408  9.4436294E-04 -2.6514777E-07
       409  9.4909657E-04 -2.6781255E-07
       410  9.5385394E-04 -2.7050411E-07
       411  9.5863515E-04 -2.7322272E-07
       412  9.6344033E-04 -2.7596865E-07
       413  9.6826960E-04 -2.7874218E-07
       414  9.7312307E-04 -2.8154359E-07
       415  9.7800087E-04 -2.8437314E-07
       416  9.8290312E-04 -2.8723114E-07
       417  9.8782994E-04 -2.9011786E-07
       418  9.9278146E-04 -2.9303359E-07
       419  9.9775780E-04 -2.9597862E-07
       420  1.0027591E-03 -2.9895326E-07
       421  1.0077854E-03 -3.0195778E-07
       422  1.0128370E-03 -3.0499251E-07
       423  1.0179138E-03 -3.0805773E-07
       424  1.0230162E-03 -3.1115376E-07
       425  1.0281440E-03 -3.1428091E-07
       426  1.0332976E-03 -3.1743948E-07
       427  1.0384771E-03 -3.2062980E-07
       428  1.0436825E-03 -3.2385218E-07
       429  1.0489139E-03 -3.2710694E-07
       430  1.0541716E-03 -3.3039442E-07
       431  1.0594557E-03 -3.3371494E-07
       432  1.0647662E-03 -3.3706883E-07
       433  1.0701034E-03 -3.4045642E-07
       434  1.0754673E-03 -3.4387806E-07
       435  1.0808581E-03 -3.4733409E-07
       436  1.0862759E-03 -3.5082486E-07
       437  1.0917209E-03 -3.5435070E-07
       438  1.0971932E-03 -3.5791198E-07
       439  1.1026929E-03 -3.6150905E-07
       440  1.1082202E-03 -3.6514228E-07
       441  1.1137751E-03 -3.6881202E-07
       442  1.1193580E-03 -3.7251863E-07
       443  1.1249688E-03 -3.7626251E-07
       444  1.1306077E-03 -3.8004400E-07
       445  1.1362749E-03 -3.8386351E-07
       446  1.1419705E-03 -3.8772140E-07
       447  1.1476947E-03 -3.9161806E-07
       448  1.1534475E-03 -3.9555388E-07
       449  1.1592292E-03 -3.9952926E-07
       450  1.1650398E-03 -4.0354459E-07
       451  1.1708796E-03 -4.0760028E-07
       452  1.1767487E-03 -4.1169672E-07
       453  1.1826472E-03 -4.1583434E-07
       454  1.1885752E-03 -4.2001354E-07
       455  1.1945330E-03 -4.2423474E-07
       456  1.2005206E-03 -4.2849837E-07
       457  1.2065382E-03 -4.3280485E-07
       458  1.2125860E-03 -4.3715460E-07
       459  1.2186641E-03 -4.4154808E-07
       460  1.2247727E-03 -4.4598570E-07
       461  1.2309119E-03 -4.5046793E-07
       462  1.2370819E-03 -4.5499520E-07
       463  1.2432828E-03 -4.5956798E-07
       464  1.2495148E-03 -4.6418671E-07
       465  1.2557780E-03 -4.6885186E-07
       466  1.2620726E-03 -4.7356389E-07
       467  1.2683988E-03 -4.7832328E-07
       468  1.2747566E-03 -4.8313050E-07
       469  1.2811464E-03 -4.8798604E-07
       470  1.2875681E-03 -4.9289038E-07
       471  1.2940221E-03 -4.9784400E-07
       472  1.3005084E-03 -5.0284741E-07
       473  1.3070272E-03 -5.0790111E-07
       474  1.3135787E-03 -5.1300559E-07
       475  1.3201631E-03 -5.1816138E-07
       476  1.3267804E-03 -5.2336898E-07
       477  1.3334309E-03 -5.2862892E-07
       478  1.3401148E-03 -5.3394172E-07
       479  1.3468321E-03 -5.3930792E-07
       480  1.3535832E-03 -5.4472805E-07
       481  1.3603680E-03 -5.5020265E-07
       482  1.3671869E-03 -5.5573227E-07
       483  1.3740400E-03 -5.6131747E-07
       484  1.3809274E-03 -5.6695879E-07
       485  1.3878493E-03 -5.7265682E-07
       486  1.3948059E-03 -5.7841210E-07
       487  1.4017974E-03 -5.8422524E-07
       488  1.4088240E-03 -5.9009679E-07
       489  1.4158857E-03 -5.9602735E-07
       490  1.4229829E-03 -6.0201752E-07
       491  1.4301156E-03 -6.0806789E-07
       492  1.4372841E-03 -6.1417906E-07
       493  1.4444885E-03 -6.2035166E-07
       494  1.4517290E-03 -6.2658628E-07
       495  1.4590058E-03 -6.3288357E-07
       496  1.4663191E-03 -6.3924415E-07
       497  1.4736691E-03 -6.4566865E-07
       498  1.4810559E-03 -6.5215772E-07
       499  1.4884797E-03 -6.5871200E-07
       500  1.4959408E-03 -6.6533216E-07
       501  1.5034392E-03 -6.7201885E-07
       502  1.5109752E-03 -6.7877274E-07
       503  1.5185490E-03 -6.8559451E-07
       504  1.5261608E-03 -6.9248484E-07
       505  1.5338107E-03 -6.9944441E-07
       506  1.5414989E-03 -7.0647394E-07
       507  1.5492257E-03 -7.1357411E-07
       508  1.5569913E-03 -7.2074563E-07
       509  1.5647957E-03 -7.2798924E-07
       510  1.5726393E-03 -7.3530564E-07
       511  1.5805222E-03 -7.4269557E-07
       512  1.5884446E-03 -7.5015977E-07
       513  1.5964067E-03 -7.5769899E-07
       514  1.6044087E-03 -7.6531398E-07
       515  1.6124508E-03 -7.7300550E-07
       516  1.6205333E-03 -7.8077432E-07
       517  1.6286562E-03 -7.8862122E-07
       518  1.6368199E-03 -7.9654698E-07
       519  1.6450245E-03 -8.0455239E-07
       520  1.6532702E-03 -8.1263826E-07
       521  1.6615573E-03 -8.2080540E-07
       522  1.6698859E-03 -8.2905462E-07
       523  1.6782562E-03 -8.3738674E-07
       524  1.6866685E-03 -8.4580260E-07
       525  1.6951230E-03 -8.5430304E-07
       526  1.7036198E-03 -8.6288891E-07
       527  1.7121592E-03 -8.7156107E-07
       528  1.7207415E-03 -8.8032039E-07
       529  1.7293667E-03 -8.8916774E-07
       530  1.7380352E-03 -8.9810400E-07
       531  1.7467471E-03 -9.0713008E-07
       532  1.7555027E-03 -9.1624687E-07
       533  1.7643022E-03 -9.2545529E-07
       534  1.7731458E-03 -9.3475625E-07
       535  1.7820338E-03 -9.4415068E-07
       536  1.7909663E-03 -9.5363953E-07
       537  1.7999435E-03 -9.6322375E-07
       538  1.8089658E-03 -9.7290429E-07
       539  1.8180332E-03 -9.8268212E-07
       540  1.8271462E-03 -9.9255822E-07
       541  1.8363048E-03 -1.0025336E-06
       542  1.8455093E-03 -1.0126092E-06
       543  1.8547599E-03 -1.0227860E-06
       544  1.8640570E-03 -1.0330652E-06
       545  1.8734006E-03 -1.0434476E-06
       546  1.8827911E-03 -1.0539344E-06
       547  1.8922286E-03 -1.0645266E-06
       548  1.9017134E-03 -1.0752253E-06
       549  1.9112458E-03 -1.0860314E-06
       550  1.9208260E-03 -1.0969462E-06
       551  1.9304541E-03 -1.1079707E-06
       552  1.9401306E-03 -1.1191059E-06
       553  1.9498555E-03 -1.1303531E-06
       554  1.9596292E-03 -1.1417133E-06
       555  1.9694519E-03 -1.1531877E-06
       556  1.9793238E-03 -1.1647774E-06
       557  1.9892452E-03 -1.1764836E-06
       558  1.9992164E-03 -1.1883074E-06
       559  2.0092375E-03 -1.2002501E-06
       560  2.0193088E-03 -1.2123127E-06
       561  2.0294306E-03 -1.2244967E-06
       562  2.0396032E-03 -1.2368030E-06
       563  2.0498268E-03 -1.2492331E-06
       564  2.0601016E-03 -1.2617880E-06
       565  2.0704279E-03 -1.2744692E-06
       566  2.0808059E-03 -1.2872778E-06
       567  2.0912360E-03 -1.3002151E-06
       568  2.1017184E-03 -1.3132824E-06
       569  2.1122533E-03 -1.3264811E-06
       570  2.1228410E-03 -1.3398124E-06
       571  2.1334818E-03 -1.3532777E-06
       572  2.1441759E-03 -1.3668783E-06
       573  2.1549236E-03 -1.3806156E-06
       574  2.1657252E-03 -1.3944910E-06
       575  2.1765810E-03 -1.4085058E-06
       576  2.1874911E-03 -1.4226615E-06
       577  2.1984560E-03 -1.4369594E-06
       578  2.2094758E-03 -1.4514011E-06
       579  2.2205508E-03 -1.4659879E-06
       580  2.2316814E-03 -1.4807212E-06
       581  2.2428677E-03 -1.4956027E-06
       582  2.2541101E-03 -1.5106337E-06
       583  2.2654089E-03 -1.5258158E-06
       584  2.2767643E-03 -1.5411504E-06
       585  2.2881767E-03 -1.5566392E-06
       586  2.2996462E-03 -1.5722836E-06
       587  2.3111732E-03 -1.5880853E-06
       588  2.3227580E-03 -1.6040457E-06
       589  2.3344009E-03 -1.6201666E-06
       590  2.3461021E-03 -1.6364495E-06
       591  2.3578620E-03 -1.6528960E-06
       592  2.3696808E-03 -1.6695078E-06
       593  2.3815589E-03 -1.6862866E-06
       594  2.3934965E-03 -1.7032340E-06
       595  2.4054940E-03 -1.7203517E-06
       596  2.4175516E-03 -1.7376415E-06
       597  2.4296696E-03 -1.7551050E-06
       598  2.4418484E-03 -1.7727440E-06
       599  2.4540882E-03 -1.7905603E-06
       600  2.4663893E-03 -1.8085557E-06
       601  2.4787522E-03 -1.8267319E-06
       602  2.4911770E-03 -1.8450908E-06
       603  2.5036641E-03 -1.8636341E-06
       604  2.5162137E-03 -1.8823639E-06
       605  2.5288263E-03 -1.9012819E-06
       606  2.5415021E-03 -1.9203900E-06
       607  2.5542414E-03 -1.9396902E-06
       608  2.5670446E-03 -1.9591843E-06
       609  2.5799120E-03 -1.9788743E-06
       610  2.5928438E-03 -1.9987623E-06
       611  2.6058405E-03 -2.0188501E-06
       612  2.6189023E-03 -2.0391398E-06
       613  2.6320297E-03 -2.0596334E-06
       614  2.6452228E-03 -2.0803329E-06
       615  2.6584820E-03 -2.1012405E-06
       616  2.6718077E-03 -2.1223582E-06
       617  2.6852002E-03 -2.1436882E-06
       618  2.6986598E-03 -2.1652325E-06
       619  2.7121869E-03 -2.1869933E-06
       620  2.7257818E-03 -2.2089729E-06
       621  2.7394448E-03 -2.2311733E-06
       622  2.7531763E-03 -2.2535969E-06
       623  2.7669767E-03 -2.2762458E-06
       624  2.7808462E-03 -2.2991223E-06
       625  2.7947853E-03 -2.3222287E-06
       626  2.8087942E-03 -2.3455674E-06
       627  2.8228733E-03 -2.3691406E-06
       628  2.8370230E-03 -2.3929508E-06
       629  2.8512437E-03 -2.4170002E-06
       630  2.8655356E-03 -2.4412913E-06
       631  2.8798992E-03 -2.4658266E-06
       632  2.8943347E-03 -2.4906084E-06
       633  2.9088426E-03 -2.5156393E-06
       634  2.9234233E-03 -2.5409217E-06
       635  2.9380770E-03 -2.5664583E-06
       636  2.9528042E-03 -2.5922515E-06
       637  2.9676051E-03 -2.6183039E-06
       638  2.9824803E-03 -2.6446181E-06
       639  2.9974301E-03 -2.6711968E-06
       640  3.0124548E-03 -2.6980426E-06
       641  3.0275547E-03 -2.7251582E-06
       642  3.0427304E-03 -2.7525463E-06
       643  3.0579822E-03 -2.7802097E-06
       644  3.0733104E-03 -2.8081511E-06
       645  3.0887154E-03 -2.8363733E-06
       646  3.1041977E-03 -2.8648792E-06
       647  3.1197575E-03 -2.8936715E-06
       648  3.1353954E-03 -2.9227532E-06
       649  3.1511116E-03 -2.9521271E-06
       650  3.1669066E-03 -2.9817963E-06
       651  3.1827808E-03 -3.0117637E-06
       652  3.1987346E-03 -3.0420322E-06
       653  3.2147683E-03 -3.0726049E-06
       654  3.2308824E-03 -3.1034849E-06
       655  3.2470772E-03 -3.1346752E-06
       656  3.2633533E-03 -3.1661790E-06
       657  3.2797109E-03 -3.1979994E-06
       658  3.2961505E-03 -3.2301396E-06
       659  3.3126725E-03 -3.2626028E-06
       660  3.3292774E-03 -3.2953922E-06
       661  3.3459655E-03 -3.3285112E-06
       662  3.3627372E-03 -3.3619631E-06
       663  3.3795930E-03 -3.3957511E-06
       664  3.3965332E-03 -3.4298787E-06
       665  3.4135584E-03 -3.4643493E-06
       666  3.4306690E-03 -3.4991663E-06
       667  3.4478653E-03 -3.5343332E-06
       668  3.4651478E-03 -3.5698536E-06
       669  3.4825169E-03 -3.6057309E-06
       670  3.4999731E-03 -3.6419688E-06
       671  3.5175168E-03 -3.6785709E-06
       672  3.5351484E-03 -3.7155409E-06
       673  3.5528684E-03 -3.7528823E-06
       674  3.5706772E-03 -3.7905991E-06
       675  3.5885753E-03 -3.8286949E-06
       676  3.6065631E-03 -3.8671736E-06
       677  3.6246411E-03 -3.9060390E-06
       678  3.6428097E-03 -3.9452950E-06
       679  3.6610694E-03 -3.9849455E-06
       680  3.6794205E-03 -4.0249946E-06
       681  3.6978637E-03 -4.0654461E-06
       682  3.7163993E-03 -4.1063041E-06
       683  3.7350279E-03 -4.1475727E-06
       684  3.7537498E-03 -4.1892561E-06
       685  3.7725655E-03 -4.2313585E-06
       686  3.7914756E-03 -4.2738839E-06
       687  3.8104804E-03 -4.3168368E-06
       688  3.8295805E-03 -4.3602213E-06
       689  3.8487764E-03 -4.4040418E-06
       690  3.8680685E-03 -4.4483027E-06
       691  3.8874572E-03 -4.4930084E-06
       692  3.9069432E-03 -4.5381634E-06
       693  3.9265268E-03 -4.5837723E-06
       694  3.9462086E-03 -4.6298395E-06
       695  3.9659891E-03 -4.6763696E-06
       696  3.9858687E-03 -4.7233674E-06
       697  4.0058479E-03 -4.7708376E-06
       698  4.0259273E-03 -4.8187848E-06
       699  4.0461074E-03 -4.8672138E-06
       700  4.0663886E-03 -4.9161296E-06
       701  4.0867714E-03 -4.9655370E-06
       702  4.1072565E-03 -5.0154409E-06
       703  4.1278442E-03 -5.0658463E-06
       704  4.1485351E-03 -5.1167583E-06
       705  4.1693297E-03 -5.1681820E-06
       706  4.1902285E-03 -5.2201225E-06
       707  4.2112322E-03 -5.2725850E-06
       708  4.2323410E-03 -5.3255747E-06
       709  4.2535557E-03 -5.3790970E-06
       710  4.2748768E-03 -5.4331571E-06
       711  4.2963047E-03 -5.4877606E-06
       712  4.3178400E-03 -5.5429128E-06
       713  4.3394833E-03 -5.5986193E-06
       714  4.3612350E-03 -5.6548856E-06
       715  4.3830958E-03 -5.7117175E-06
       716  4.4050662E-03 -5.7691204E-06
       717  4.4271466E-03 -5.8271003E-06
       718  4.4493378E-03 -5.8856628E-06
       719  4.4716402E-03 -5.9448140E-06
       720  4.4940544E-03 -6.0045595E-06
       721  4.5165809E-03 -6.0649055E-06
       722  4.5392204E-03 -6.1258580E-06
       723  4.5619733E-03 -6.1874230E-06
       724  4.5848403E-03 -6.2496068E-06
       725  4.6078219E-03 -6.3124155E-06
       726  4.6309187E-03 -6.3758554E-06
       727  4.6541313E-03 -6.4399329E-06
       728  4.6774602E-03 -6.5046543E-06
       729  4.7009061E-03 -6.5700262E-06
       730  4.7244695E-03 -6.6360551E-06
       731  4.7481510E-03 -6.7027476E-06
       732  4.7719512E-03 -6.7701103E-06
       733  4.7958707E-03 -6.8381500E-06
       734  4.8199101E-03 -6.9068735E-06
       735  4.8440700E-03 -6.9762876E-06
       736  4.8683510E-03 -7.0463993E-06
       737  4.8927537E-03 -7.1172157E-06
       738  4.9172788E-03 -7.1887437E-06
       739  4.9419267E-03 -7.2609906E-06
       740  4.9666982E-03 -7.3339636E-06
       741  4.9915939E-03 -7.4076699E-06
       742  5.0166144E-03 -7.4821170E-06
       743  5.0417603E-03 -7.5573122E-06
       744  5.0670322E-03 -7.6332632E-06
       745  5.0924308E-03 -7.7099774E-06
       746  5.1179567E-03 -7.7874626E-06
       747  5.1436106E-03 -7.8657265E-06
       748  5.1693930E-03 -7.9447770E-06
       749  5.1953047E-03 -8.0246219E-06
       750  5.2213463E-03 -8.1052692E-06
       751  5.2475184E-03 -8.1867270E-06
       752  5.2738217E-03 -8.2690035E-06
       753  5.3002568E-03 -8.3521068E-06
       754  5.3268245E-03 -8.4360452E-06
       755  5.3535253E-03 -8.5208273E-06
       756  5.3803600E-03 -8.6064613E-06
       757  5.4073291E-03 -8.6929560E-06
       758  5.4344335E-03 -8.7803200E-06
       759  5.4616737E-03 -8.8685619E-06
       760  5.4890504E-03 -8.9576906E-06
       761  5.5165644E-03 -9.0477151E-06
       762  5.5442163E-03 -9.1386442E-06
       763  5.5720068E-03 -9.2304872E-06
       764  5.5999366E-03 -9.3232532E-06
       765  5.6280064E-03 -9.4169515E-06
       766  5.6562169E-03 -9.5115914E-06
       767  5.6845688E-03 -9.6071824E-06
       768  5.7130628E-03 -9.7037341E-06
       769  5.7416997E-03 -9.8012561E-06
       770  5.7704801E-03 -9.8997582E-06
       771  5.7994047E-03 -9.9992501E-06
       772  5.8284744E-03 -1.0099742E-05
       773  5.8576897E-03 -1.0201244E-05
       774  5.8870515E-03 -1.0303766E-05
       775  5.9165605E-03 -1.0407318E-05
       776  5.9462174E-03 -1.0511911E-05
       777  5.9760229E-03 -1.0617554E-05
       778  6.0059778E-03 -1.0724260E-05
       779  6.0360829E-03 -1.0832038E-05
       780  6.0663389E-03 -1.0940899E-05
       781  6.0967466E-03 -1.1050854E-05
       782  6.1273066E-03 -1.1161914E-05
       783  6.1580199E-03 -1.1274091E-05
       784  6.1888871E-03 -1.1387394E-05
       785  6.2199090E-03 -1.1501837E-05
       786  6.2510864E-03 -1.1617429E-05
       787  6.2824201E-03 -1.1734183E-05
       788  6.3139109E-03 -1.1852110E-05
       789  6.3455595E-03 -1.1971223E-05
       790  6.3773668E-03 -1.2091532E-05
       791  6.4093334E-03 -1.2213051E-05
       792  6.4414604E-03 -1.2335791E-05
       793  6.4737483E-03 -1.2459764E-05
       794  6.5061981E-03 -1.2584983E-05
       795  6.5388106E-03 -1.2711461E-05
       796  6.5715865E-03 -1.2839209E-05
       797  6.6045267E-03 -1.2968242E-05
       798  6.6376320E-03 -1.3098571E-05
       799  6.6709033E-03 -1.3230210E-05
       800  6.7043413E-03 -1.3363172E-05
       801  6.7379470E-03 -1.3497470E-05
       802  6.7717211E-03 -1.3633117E-05
       803  6.8056645E-03 -1.3770128E-05
       804  6.8397780E-03 -1.3908516E-05
       805  6.8740626E-03 -1.4048294E-05
       806  6.9085189E-03 -1.4189477E-05
       807  6.9431480E-03 -1.4332080E-05
       808  6.9779507E-03 -1.4476115E-05
       809  7.0129278E-03 -1.4621597E-05
       810  7.0480803E-03 -1.4768542E-05
       811  7.0834089E-03 -1.4916963E-05
       812  7.1189147E-03 -1.5066876E-05
       813  7.1545984E-03 -1.5218295E-05
       814  7.1904609E-03 -1.5371237E-05
       815  7.2265033E-03 -1.5525715E-05
       816  7.2627263E-03 -1.5681745E-05
       817  7.2991308E-03 -1.5839344E-05
       818  7.3357179E-03 -1.5998526E-05
       819  7.3724883E-03 -1.6159308E-05
       820  7.4094431E-03 -1.6321706E-05
       821  7.4465831E-03 -1.6485736E-05
       822  7.4839092E-03 -1.6651414E-05
       823  7.5214225E-03 -1.6818757E-05
       824  7.5591238E-03 -1.6987782E-05
       825  7.5970140E-03 -1.7158505E-05
       826  7.6350942E-03 -1.7330944E-05
       827  7.6733653E-03 -1.7505116E-05
       828  7.7118282E-03 -1.7681039E-05
       829  7.7504839E-03 -1.7858729E-05
       830  7.7893334E-03 -1.8038205E-05
       831  7.8283775E-03 -1.8219484E-05
       832  7.8676175E-03 -1.8402586E-05
       833  7.9070541E-03 -1.8587527E-05
       834  7.9466883E-03 -1.8774327E-05
       835  7.9865213E-03 -1.8963004E-05
       836  8.0265539E-03 -1.9153577E-05
       837  8.0667871E-03 -1.9346065E-05
       838  8.1072221E-03 -1.9540488E-05
       839  8.1478597E-03 -1.9736864E-05
       840  8.1887010E-03 -1.9935214E-05
       841  8.2297470E-03 -2.0135557E-05
       842  8.2709988E-03 -2.0337914E-05
       843  8.3124574E-03 -2.0542304E-05
       844  8.3541237E-03 -2.0748748E-05
       845  8.3959990E-03 -2.0957266E-05
       846  8.4380841E-03 -2.1167880E-05
       847  8.4803802E-03 -2.1380611E-05
       848  8.5228882E-03 -2.1595479E-05
       849  8.5656094E-03 -2.1812507E-05
       850  8.6085447E-03 -2.2031715E-05
       851  8.6516952E-03 -2.2253126E-05
       852  8.6950620E-03 -2.2476763E-05
       853  8.7386462E-03 -2.2702646E-05
       854  8.7824488E-03 -2.2930800E-05
       855  8.8264710E-03 -2.3161246E-05
       856  8.8707139E-03 -2.3394008E-05
       857  8.9151785E-03 -2.3629110E-05
       858  8.9598661E-03 -2.3866573E-05
       859  9.0047776E-03 -2.4106423E-05
       860  9.0499142E-03 -2.4348684E-05
       861  9.0952771E-03 -2.4593378E-05
       862  9.1408674E-03 -2.4840532E-05
       863  9.1866862E-03 -2.5090170E-05
       864  9.2327346E-03 -2.5342316E-05
       865  9.2790139E-03 -2.5596995E-05
       866  9.3255251E-03 -2.5854234E-05
       867  9.3722695E-03 -2.6114059E-05
       868  9.4192482E-03 -2.6376494E-05
       869  9.4664624E-03 -2.6641566E-05
       870  9.5139132E-03 -2.6909302E-05
       871  9.5616019E-03 -2.7179728E-05
       872  9.6095297E-03 -2.7452872E-05
       873  9.6576976E-03 -2.7728761E-05
       874  9.7061070E-03 -2.8007422E-05
       875  9.7547591E-03 -2.8288883E-05
       876  9.8036550E-03 -2.8573173E-05
       877  9.8527961E-03 -2.8860320E-05
       878  9.9021834E-03 -2.9150352E-05
       879  9.9518183E-03 -2.9443298E-05
       880  1.0001702E-02 -2.9739188E-05
       881  1.0051836E-02 -3.0038052E-05
       882  1.0102221E-02 -3.0339919E-05
       883  1.0152858E-02 -3.0644819E-05
       884  1.0203750E-02 -3.0952783E-05
       885  1.0254896E-02 -3.1263842E-05
       886  1.0306299E-02 -3.1578026E-05
       887  1.0357960E-02 -3.1895368E-05
       888  1.0409879E-02 -3.2215898E-05
       889  1.0462059E-02 -3.2539650E-05
       890  1.0514500E-02 -3.2866655E-05
       891  1.0567204E-02 -3.3196945E-05
       892  1.0620173E-02 -3.3530555E-05
       893  1.0673407E-02 -3.3867517E-05
       894  1.0726907E-02 -3.4207865E-05
       895  1.0780676E-02 -3.4551633E-05
       896  1.0834714E-02 -3.4898855E-05
       897  1.0889024E-02 -3.5249567E-05
       898  1.0943605E-02 -3.5603802E-05
       899  1.0998460E-02 -3.5961598E-05
       900  1.1053590E-02 -3.6322988E-05
       901  1.1108997E-02 -3.6688010E-05
       902  1.1164681E-02 -3.7056700E-05
       903  1.1220644E-02 -3.7429094E-05
       904  1.1276888E-02 -3.7805231E-05
       905  1.1333413E-02 -3.8185147E-05
       906  1.1390222E-02 -3.8568881E-05
       907  1.1447316E-02 -3.8956471E-05
       908  1.1504696E-02 -3.9347955E-05
       909  1.1562363E-02 -3.9743373E-05
       910  1.1620320E-02 -4.0142765E-05
       911  1.1678567E-02 -4.0546169E-05
       912  1.1737106E-02 -4.0953627E-05
       913  1.1795939E-02 -4.1365180E-05
       914  1.1855066E-02 -4.1780868E-05
       915  1.1914490E-02 -4.2200733E-05
       916  1.1974211E-02 -4.2624816E-05
       917  1.2034232E-02 -4.3053161E-05
       918  1.2094554E-02 -4.3485810E-05
       919  1.2155178E-02 -4.3922807E-05
       920  1.2216106E-02 -4.4364194E-05
       921  1.2277340E-02 -4.4810017E-05
       922  1.2338880E-02 -4.5260319E-05
       923  1.2400729E-02 -4.5715146E-05
       924  1.2462888E-02 -4.6174543E-05
       925  1.2525359E-02 -4.6638556E-05
       926  1.2588142E-02 -4.7107232E-05
       927  1.2651241E-02 -4.7580617E-05
       928  1.2714655E-02 -4.8058758E-05
       929  1.2778388E-02 -4.8541704E-05
       930  1.2842440E-02 -4.9029502E-05
       931  1.2906813E-02 -4.9522202E-05
       932  1.2971508E-02 -5.0019852E-05
       933  1.3036528E-02 -5.0522503E-05
       934  1.3101874E-02 -5.1030204E-05
       935  1.3167547E-02 -5.1543007E-05
       936  1.3233550E-02 -5.2060962E-05
       937  1.3299884E-02 -5.2584121E-05
       938  1.3366549E-02 -5.3112537E-05
       939  1.3433550E-02 -5.3646262E-05
       940  1.3500886E-02 -5.4185351E-05
       941  1.3568559E-02 -5.4729855E-05
       942  1.3636572E-02 -5.5279831E-05
       943  1.3704925E-02 -5.5835333E-05
       944  1.3773622E-02 -5.6396416E-05
       945  1.3842662E-02 -5.6963136E-05
       946  1.3912049E-02 -5.7535551E-05
       947  1.3981783E-02 -5.8113717E-05
       948  1.4051867E-02 -5.8697693E-05
       949  1.4122302E-02 -5.9287536E-05
       950  1.4193091E-02 -5.9883305E-05
       951  1.4264234E-02 -6.0485060E-05
       952  1.4335734E-02 -6.1092862E-05
       953  1.4407592E-02 -6.1706770E-05
       954  1.4479810E-02 -6.2326846E-05
       955  1.4552391E-02 -6.2953152E-05
       956  1.4625335E-02 -6.3585751E-05
       957  1.4698645E-02 -6.4224706E-05
       958  1.4772322E-02 -6.4870081E-05
       959  1.4846368E-02 -6.5521940E-05
       960  1.4920786E-02 -6.6180348E-05
       961  1.4995577E-02 -6.6845372E-05
       962  1.5070742E-02 -6.7517077E-05
       963  1.5146285E-02 -6.8195530E-05
       964  1.5222206E-02 -6.8880801E-05
       965  1.5298508E-02 -6.9572956E-05
       966  1.5375192E-02 -7.0272065E-05
       967  1.5452260E-02 -7.0978198E-05
       968  1.5529715E-02 -7.1691425E-05
       969  1.5607558E-02 -7.2411819E-05
       970  1.5685791E-02 -7.3139450E-05
       971  1.5764416E-02 -7.3874391E-05
       972  1.5843436E-02 -7.4616716E-05
       973  1.5922852E-02 -7.5366500E-05
       974  1.6002665E-02 -7.6123816E-05
       975  1.6082879E-02 -7.6888740E-05
       976  1.6163495E-02 -7.7661350E-05
       977  1.6244514E-02 -7.8441721E-05
       978  1.6325940E-02 -7.9229933E-05
       979  1.6407775E-02 -8.0026064E-05
       980  1.6490019E-02 -8.0830192E-05
       981  1.6572675E-02 -8.1642400E-05
       982  1.6655746E-02 -8.2462767E-05
       983  1.6739234E-02 -8.3291376E-05
       984  1.6823139E-02 -8.4128310E-05
       985  1.6907466E-02 -8.4973652E-05
       986  1.6992215E-02 -8.5827486E-05
       987  1.7077389E-02 -8.6689898E-05
       988  1.7162989E-02 -8.7560974E-05
       989  1.7249019E-02 -8.8440802E-05
       990  1.7335480E-02 -8.9329467E-05
       991  1.7422375E-02 -9.0227061E-05
       992  1.7509705E-02 -9.1133672E-05
       993  1.7597472E-02 -9.2049391E-05
       994  1.7685680E-02 -9.2974309E-05
       995  1.7774330E-02 -9.3908518E-05
       996  1.7863424E-02 -9.4852113E-05
       997  1.7952965E-02 -9.5805187E-05
       998  1.8042955E-02 -9.6767835E-05
       999  1.8133395E-02 -9.7740154E-05
      1000  1.8224289E-02 -9.8722240E-05
      1001  1.8315639E-02 -9.9714193E-05
      1002  1.8407446E-02 -1.0071611E-04
      1003  1.8499714E-02 -1.0172809E-04
      1004  1.8592444E-02 -1.0275024E-04
      1005  1.8685639E-02 -1.0378265E-04
      1006  1.8779301E-02 -1.0482544E-04
      1007  1.8873433E-02 -1.0587870E-04
      1008  1.8968037E-02 -1.0694255E-04
      1009  1.9063114E-02 -1.0801707E-04
      1010  1.9158669E-02 -1.0910240E-04
      1011  1.9254702E-02 -1.1019862E-04
      1012  1.9351216E-02 -1.1130586E-04
      1013  1.9448215E-02 -1.1242422E-04
      1014  1.9545699E-02 -1.1355381E-04
      1015  1.9643673E-02 -1.1469475E-04
      1016  1.9742137E-02 -1.1584715E-04
      1017  1.9841095E-02 -1.1701113E-04
      1018  1.9940549E-02 -1.1818680E-04
      1019  2.0040501E-02 -1.1937427E-04
      1020  2.0140954E-02 -1.2057368E-04
      1021  2.0241911E-02 -1.2178513E-04
      1022  2.0343374E-02 -1.2300876E-04
      1023  2.0445346E-02 -1.2424467E-04
      1024  2.0547829E-02 -1.2549299E-04
      1025  2.0650825E-02 -1.2675386E-04
      1026  2.0754338E-02 -1.2802739E-04
      1027  2.0858369E-02 -1.2931371E-04
      1028  2.0962922E-02 -1.3061295E-04
      1029  2.1068000E-02 -1.3192525E-04
      1030  2.1173603E-02 -1.3325072E-04
      1031  2.1279736E-02 -1.3458950E-04
      1032  2.1386402E-02 -1.3594174E-04
      1033  2.1493601E-02 -1.3730755E-04
      1034  2.1601338E-02 -1.3868708E-04
      1035  2.1709616E-02 -1.4008047E-04
      1036  2.1818436E-02 -1.4148786E-04
      1037  2.1927801E-02 -1.4290938E-04
      1038  2.2037714E-02 -1.4434517E-04
      1039  2.2148179E-02 -1.4579539E-04
      1040  2.2259197E-02 -1.4726017E-04
      1041  2.2370772E-02 -1.4873966E-04
      1042  2.2482906E-02 -1.5023402E-04
      1043  2.2595602E-02 -1.5174338E-04
      1044  2.2708863E-02 -1.5326790E-04
      1045  2.2822691E-02 -1.5480773E-04
      1046  2.2937091E-02 -1.5636302E-04
      1047  2.3052063E-02 -1.5793394E-04
      1048  2.3167612E-02 -1.5952063E-04
      1049  2.3283740E-02 -1.6112326E-04
      1050  2.3400451E-02 -1.6274198E-04
      1051  2.3517746E-02 -1.6437696E-04
      1052  2.3635629E-02 -1.6602835E-04
      1053  2.3754103E-02 -1.6769634E-04
      1054  2.3873171E-02 -1.6938107E-04
      1055  2.3992836E-02 -1.7108272E-04
      1056  2.4113100E-02 -1.7280146E-04
      1057  2.4233968E-02 -1.7453746E-04
      1058  2.4355441E-02 -1.7629090E-04
      1059  2.4477523E-02 -1.7806194E-04
      1060  2.4600217E-02 -1.7985077E-04
      1061  2.4723526E-02 -1.8165756E-04
      1062  2.4847454E-02 -1.8348249E-04
      1063  2.4972002E-02 -1.8532575E-04
      1064  2.5097175E-02 -1.8718752E-04
      1065  2.5222975E-02 -1.8906798E-04
      1066  2.5349406E-02 -1.9096733E-04
      1067  2.5476470E-02 -1.9288575E-04
      1068  2.5604171E-02 -1.9482343E-04
      1069  2.5732513E-02 -1.9678057E-04
      1070  2.5861497E-02 -1.9875737E-04
      1071  2.5991129E-02 -2.0075401E-04
      1072  2.6121410E-02 -2.0277070E-04
      1073  2.6252344E-02 -2.0480764E-04
      1074  2.6383934E-02 -2.0686503E-04
      1075  2.6516184E-02 -2.0894308E-04
      1076  2.6649097E-02 -2.1104199E-04
      1077  2.6782676E-02 -2.1316198E-04
      1078  2.6916925E-02 -2.1530325E-04
      1079  2.7051847E-02 -2.1746603E-04
      1080  2.7187445E-02 -2.1965051E-04
      1081  2.7323722E-02 -2.2185694E-04
      1082  2.7460683E-02 -2.2408551E-04
      1083  2.7598330E-02 -2.2633646E-04
      1084  2.7736668E-02 -2.2861000E-04
      1085  2.7875698E-02 -2.3090638E-04
      1086  2.8015426E-02 -2.3322581E-04
      1087  2.8155854E-02 -2.3556852E-04
      1088  2.8296985E-02 -2.3793475E-04
      1089  2.8438825E-02 -2.4032474E-04
      1090  2.8581375E-02 -2.4273873E-04
      1091  2.8724640E-02 -2.4517694E-04
      1092  2.8868623E-02 -2.4763964E-04
      1093  2.9013327E-02 -2.5012705E-04
      1094  2.9158757E-02 -2.5263944E-04
      1095  2.9304916E-02 -2.5517705E-04
      1096  2.9451807E-02 -2.5774013E-04
      1097  2.9599435E-02 -2.6032894E-04
      1098  2.9747803E-02 -2.6294374E-04
      1099  2.9896914E-02 -2.6558479E-04
      1100  3.0046773E-02 -2.6825235E-04
      1101  3.0197383E-02 -2.7094668E-04
      1102  3.0348748E-02 -2.7366806E-04
      1103  3.0500872E-02 -2.7641676E-04
      1104  3.0653758E-02 -2.7919304E-04
      1105  3.0807411E-02 -2.8199720E-04
      1106  3.0961834E-02 -2.8482950E-04
      1107  3.1117031E-02 -2.8769023E-04
      1108  3.1273005E-02 -2.9057967E-04
      1109  3.1429762E-02 -2.9349811E-04
      1110  3.1587304E-02 -2.9644584E-04
      1111  3.1745636E-02 -2.9942316E-04
      1112  3.1904762E-02 -3.0243036E-04
      1113  3.2064685E-02 -3.0546775E-04
      1114  3.2225410E-02 -3.0853561E-04
      1115  3.2386941E-02 -3.1163427E-04
      1116  3.2549281E-02 -3.1476403E-04
      1117  3.2712435E-02 -3.1792519E-04
      1118  3.2876407E-02 -3.2111808E-04
      1119  3.3041200E-02 -3.2434301E-04
      1120  3.3206820E-02 -3.2760030E-04
      1121  3.3373270E-02 -3.3089029E-04
      1122  3.3540554E-02 -3.3421328E-04
      1123  3.3708677E-02 -3.3756963E-04
      1124  3.3877642E-02 -3.4095965E-04
      1125  3.4047455E-02 -3.4438369E-04
      1126  3.4218118E-02 -3.4784209E-04
      1127  3.4389637E-02 -3.5133519E-04
      1128  3.4562016E-02 -3.5486335E-04
      1129  3.4735259E-02 -3.5842690E-04
      1130  3.4909370E-02 -3.6202621E-04
      1131  3.5084354E-02 -3.6566164E-04
      1132  3.5260215E-02 -3.6933354E-04
      1133  3.5436958E-02 -3.7304228E-04
      1134  3.5614586E-02 -3.7678823E-04
      1135  3.5793105E-02 -3.8057177E-04
      1136  3.5972519E-02 -3.8439326E-04
      1137  3.6152832E-02 -3.8825310E-04
      1138  3.6334049E-02 -3.9215166E-04
      1139  3.6516174E-02 -3.9608933E-04
      1140  3.6699212E-02 -4.0006650E-04
      1141  3.6883167E-02 -4.0408357E-04
      1142  3.7068045E-02 -4.0814094E-04
      1143  3.7253849E-02 -4.1223902E-04
      1144  3.7440585E-02 -4.1637820E-04
      1145  3.7628257E-02 -4.2055890E-04
      1146  3.7816869E-02 -4.2478154E-04
      1147  3.8006427E-02 -4.2904653E-04
      1148  3.8196935E-02 -4.3335431E-04
      1149  3.8388398E-02 -4.3770530E-04
      1150  3.8580821E-02 -4.4209992E-04
      1151  3.8774208E-02 -4.4653863E-04
      1152  3.8968564E-02 -4.5102185E-04
      1153  3.9163895E-02 -4.5555004E-04
      1154  3.9360205E-02 -4.6012364E-04
      1155  3.9557499E-02 -4.6474312E-04
      1156  3.9755782E-02 -4.6940892E-04
      1157  3.9955058E-02 -4.7412151E-04
      1158  4.0155334E-02 -4.7888137E-04
      1159  4.0356613E-02 -4.8368895E-04
      1160  4.0558902E-02 -4.8854475E-04
      1161  4.0762204E-02 -4.9344925E-04
      1162  4.0966525E-02 -4.9840292E-04
      1163  4.1171871E-02 -5.0340627E-04
      1164  4.1378246E-02 -5.0845978E-04
      1165  4.1585655E-02 -5.1356397E-04
      1166  4.1794104E-02 -5.1871933E-04
      1167  4.2003598E-02 -5.2392639E-04
      1168  4.2214142E-02 -5.2918565E-04
      1169  4.2425741E-02 -5.3449765E-04
      1170  4.2638401E-02 -5.3986290E-04
      1171  4.2852127E-02 -5.4528194E-04
      1172  4.3066924E-02 -5.5075530E-04
      1173  4.3282798E-02 -5.5628354E-04
      1174  4.3499754E-02 -5.6186720E-04
      1175  4.3717797E-02 -5.6750683E-04
      1176  4.3936934E-02 -5.7320299E-04
      1177  4.4157168E-02 -5.7895625E-04
      1178  4.4378507E-02 -5.8476719E-04
      1179  4.4600955E-02 -5.9063636E-04
      1180  4.4824519E-02 -5.9656437E-04
      1181  4.5049202E-02 -6.0255179E-04
      1182  4.5275012E-02 -6.0859922E-04
      1183  4.5501954E-02 -6.1470727E-04
      1184  4.5730034E-02 -6.2087652E-04
      1185  4.5959257E-02 -6.2710761E-04
      1186  4.6189628E-02 -6.3340114E-04
      1187  4.6421155E-02 -6.3975774E-04
      1188  4.6653842E-02 -6.4617804E-04
      1189  4.6887695E-02 -6.5266267E-04
      1190  4.7122721E-02 -6.5921228E-04
      1191  4.7358924E-02 -6.6582752E-04
      1192  4.7596312E-02 -6.7250905E-04
      1193  4.7834889E-02 -6.7925752E-04
      1194  4.8074663E-02 -6.8607360E-04
      1195  4.8315638E-02 -6.9295797E-04
      1196  4.8557821E-02 -6.9991132E-04
      1197  4.8801218E-02 -7.0693432E-04
      1198  4.9045835E-02 -7.1402768E-04
      1199  4.9291679E-02 -7.2119210E-04
      1200  4.9538754E-02 -7.2842829E-04
      1201  4.9787068E-02 -7.3573696E-04
      1202  5.0036627E-02 -7.4311884E-04
      1203  5.0287437E-02 -7.5057465E-04
      1204  5.0539504E-02 -7.5810515E-04
      1205  5.0792834E-02 -7.6571106E-04
      1206  5.1047434E-02 -7.7339316E-04
      1207  5.1303310E-02 -7.8115218E-04
      1208  5.1560469E-02 -7.8898891E-04
      1209  5.1818917E-02 -7.9690412E-04
      1210  5.2078661E-02 -8.0489859E-04
      1211  5.2339706E-02 -8.1297311E-04
      1212  5.2602060E-02 -8.2112848E-04
      1213  5.2865729E-02 -8.2936551E-04
      1214  5.3130719E-02 -8.3768501E-04
      1215  5.3397038E-02 -8.4608780E-04
      1216  5.3664692E-02 -8.5457472E-04
      1217  5.3933687E-02 -8.6314660E-04
      1218  5.4204031E-02 -8.7180430E-04
      1219  5.4475730E-02 -8.8054866E-04
      1220  5.4748791E-02 -8.8938055E-04
      1221  5.5023220E-02 -8.9830084E-04
      1222  5.5299025E-02 -9.0731042E-04
      1223  5.5576213E-02 -9.1641017E-04
      1224  5.5854790E-02 -9.2560100E-04
      1225  5.6134763E-02 -9.3488381E-04
      1226  5.6416140E-02 -9.4425951E-04
      1227  5.6698927E-02 -9.5372904E-04
      1228  5.6983131E-02 -9.6329332E-04
      1229  5.7268760E-02 -9.7295331E-04
      1230  5.7555821E-02 -9.8270995E-04
      1231  5.7844321E-02 -9.9256421E-04
      1232  5.8134267E-02 -1.0025171E-03
      1233  5.8425666E-02 -1.0125695E-03
      1234  5.8718526E-02 -1.0227225E-03
      1235  5.9012854E-02 -1.0329770E-03
      1236  5.9308657E-02 -1.0433341E-03
      1237  5.9605943E-02 -1.0537949E-03
      1238  5.9904719E-02 -1.0643602E-03
      1239  6.0204992E-02 -1.0750312E-03
      1240  6.0506771E-02 -1.0858090E-03
      1241  6.0810063E-02 -1.0966945E-03
      1242  6.1114874E-02 -1.1076889E-03
      1243  6.1421214E-02 -1.1187932E-03
      1244  6.1729089E-02 -1.1300086E-03
      1245  6.2038507E-02 -1.1413360E-03
      1246  6.2349477E-02 -1.1527768E-03
      1247  6.2662005E-02 -1.1643319E-03
      1248  6.2976099E-02 -1.1760025E-03
      1249  6.3291768E-02 -1.1877898E-03
      1250  6.3609020E-02 -1.1996950E-03
      1251  6.3927861E-02 -1.2117191E-03
      1252  6.4248301E-02 -1.2238634E-03
      1253  6.4570347E-02 -1.2361290E-03
      1254  6.4894007E-02 -1.2485173E-03
      1255  6.5219290E-02 -1.2610293E-03
      1256  6.5546203E-02 -1.2736664E-03
      1257  6.5874754E-02 -1.2864297E-03
      1258  6.6204953E-02 -1.2993206E-03
      1259  6.6536807E-02 -1.3123402E-03
      1260  6.6870324E-02 -1.3254900E-03
      1261  6.7205513E-02 -1.3387710E-03
      1262  6.7542382E-02 -1.3521848E-03
      1263  6.7880939E-02 -1.3657325E-03
      1264  6.8221194E-02 -1.3794155E-03
      1265  6.8563154E-02 -1.3932352E-03
      1266  6.8906828E-02 -1.4071929E-03
      1267  6.9252225E-02 -1.4212900E-03
      1268  6.9599354E-02 -1.4355278E-03
      1269  6.9948222E-02 -1.4499078E-03
      1270  7.0298839E-02 -1.4644314E-03
      1271  7.0651213E-02 -1.4790999E-03
      1272  7.1005354E-02 -1.4939149E-03
      1273  7.1361270E-02 -1.5088777E-03
      1274  7.1718969E-02 -1.5239899E-03
      1275  7.2078462E-02 -1.5392529E-03
      1276  7.2439757E-02 -1.5546683E-03
      1277  7.2802863E-02 -1.5702375E-03
      1278  7.3167789E-02 -1.5859620E-03
      1279  7.3534544E-02 -1.6018434E-03
      1280  7.3903137E-02 -1.6178833E-03
      1281  7.4273578E-02 -1.6340831E-03
      1282  7.4645876E-02 -1.6504446E-03
      1283  7.5020040E-02 -1.6669693E-03
      1284  7.5396080E-02 -1.6836588E-03
      1285  7.5774004E-02 -1.7005147E-03
      1286  7.6153823E-02 -1.7175387E-03
      1287  7.6535545E-02 -1.7347325E-03
      1288  7.6919181E-02 -1.7520977E-03
      1289  7.7304740E-02 -1.7696360E-03
      1290  7.7692232E-02 -1.7873492E-03
      1291  7.8081666E-02 -1.8052390E-03
      1292  7.8473052E-02 -1.8233070E-03
      1293  7.8866400E-02 -1.8415552E-03
      1294  7.9261719E-02 -1.8599852E-03
      1295  7.9659020E-02 -1.8785988E-03
      1296  8.0058313E-02 -1.8973979E-03
      1297  8.0459607E-02 -1.9163843E-03
      1298  8.0862912E-02 -1.9355599E-03
      1299  8.1268239E-02 -1.9549264E-03
      1300  8.1675598E-02 -1.9744859E-03
      1301  8.2084999E-02 -1.9942402E-03
      1302  8.2496451E-02 -2.0141912E-03
      1303  8.2909967E-02 -2.0343408E-03
      1304  8.3325555E-02 -2.0546911E-03
      1305  8.3743226E-02 -2.0752440E-03
      1306  8.4162990E-02 -2.0960015E-03
      1307  8.4584859E-02 -2.1169657E-03
      1308  8.5008842E-02 -2.1381384E-03
      1309  8.5434951E-02 -2.1595219E-03
      1310  8.5863195E-02 -2.1811182E-03
      1311  8.6293586E-02 -2.2029293E-03
      1312  8.6726135E-02 -2.2249575E-03
      1313  8.7160851E-02 -2.2472048E-03
      1314  8.7597747E-02 -2.2696733E-03
      1315  8.8036833E-02 -2.2923654E-03
      1316  8.8478119E-02 -2.3152831E-03
      1317  8.8921617E-02 -2.3384287E-03
      1318  8.9367339E-02 -2.3618044E-03
      1319  8.9815295E-02 -2.3854126E-03
      1320  9.0265496E-02 -2.4092554E-03
      1321  9.0717953E-02 -2.4333352E-03
      1322  9.1172679E-02 -2.4576543E-03
      1323  9.1629684E-02 -2.4822150E-03
      1324  9.2088980E-02 -2.5070198E-03
      1325  9.2550578E-02 -2.5320710E-03
      1326  9.3014489E-02 -2.5573711E-03
      1327  9.3480726E-02 -2.5829225E-03
      1328  9.3949300E-02 -2.6087276E-03
      1329  9.4420223E-02 -2.6347890E-03
      1330  9.4893507E-02 -2.6611091E-03
      1331  9.5369162E-02 -2.6876906E-03
      1332  9.5847202E-02 -2.7145358E-03
      1333  9.6327638E-02 -2.7416476E-03
      1334  9.6810483E-02 -2.7690284E-03
      1335  9.7295747E-02 -2.7966809E-03
      1336  9.7783444E-02 -2.8246077E-03
      1337  9.8273586E-02 -2.8528116E-03
      1338  9.8766184E-02 -2.8812952E-03
      1339  9.9261252E-02 -2.9100613E-03
      1340  9.9758801E-02 -2.9391126E-03
      1341  1.0025884E-01 -2.9684520E-03
      1342  1.0076139E-01 -2.9980822E-03
      1343  1.0126646E-01 -3.0280062E-03
      1344  1.0177406E-01 -3.0582267E-03
      1345  1.0228421E-01 -3.0887466E-03
      1346  1.0279691E-01 -3.1195689E-03
      1347  1.0331218E-01 -3.1506966E-03
      1348  1.0383003E-01 -3.1821326E-03
      1349  1.0435048E-01 -3.2138799E-03
      1350  1.0487354E-01 -3.2459415E-03
      1351  1.0539922E-01 -3.2783206E-03
      1352  1.0592754E-01 -3.3110202E-03
      1353  1.0645850E-01 -3.3440435E-03
      1354  1.0699213E-01 -3.3773935E-03
      1355  1.0752843E-01 -3.4110735E-03
      1356  1.0806742E-01 -3.4450867E-03
      1357  1.0860911E-01 -3.4794363E-03
      1358  1.0915351E-01 -3.5141256E-03
      1359  1.0970065E-01 -3.5491579E-03
      1360  1.1025053E-01 -3.5845365E-03
      1361  1.1080316E-01 -3.6202649E-03
      1362  1.1135856E-01 -3.6563463E-03
      1363  1.1191675E-01 -3.6927842E-03
      1364  1.1247773E-01 -3.7295822E-03
      1365  1.1304153E-01 -3.7667436E-03
      1366  1.1360815E-01 -3.8042720E-03
      1367  1.1417762E-01 -3.8421710E-03
      1368  1.1474993E-01 -3.8804442E-03
      1369  1.1532512E-01 -3.9190951E-03
      1370  1.1590319E-01 -3.9581274E-03
      1371  1.1648416E-01 -3.9975449E-03
      1372  1.1706804E-01 -4.0373513E-03
      1373  1.1765484E-01 -4.0775502E-03
      1374  1.1824459E-01 -4.1181456E-03
      1375  1.1883729E-01 -4.1591412E-03
      1376  1.1943297E-01 -4.2005409E-03
      1377  1.2003163E-01 -4.2423486E-03
      1378  1.2063329E-01 -4.2845683E-03
      1379  1.2123797E-01 -4.3272040E-03
      1380  1.2184567E-01 -4.3702595E-03
      1381  1.2245643E-01 -4.4137391E-03
      1382  1.2307024E-01 -4.4576467E-03
      1383  1.2368714E-01 -4.5019865E-03
      1384  1.2430712E-01 -4.5467626E-03
      1385  1.2493021E-01 -4.5919794E-03
      1386  1.2555643E-01 -4.6376409E-03
      1387  1.2618578E-01 -4.6837515E-03
      1388  1.2681829E-01 -4.7303155E-03
      1389  1.2745397E-01 -4.7773372E-03
      1390  1.2809284E-01 -4.8248210E-03
      1391  1.2873490E-01 -4.8727715E-03
      1392  1.2938019E-01 -4.9211930E-03
      1393  1.3002871E-01 -4.9700900E-03
      1394  1.3068048E-01 -5.0194672E-03
      1395  1.3133552E-01 -5.0693290E-03
      1396  1.3199384E-01 -5.1196803E-03
      1397  1.3265547E-01 -5.1705255E-03
      1398  1.3332040E-01 -5.2218696E-03
      1399  1.3398867E-01 -5.2737172E-03
      1400  1.3466030E-01 -5.3260731E-03
      1401  1.3533528E-01 -5.3789422E-03
      1402  1.3601365E-01 -5.4323294E-03
      1403  1.3669543E-01 -5.4862396E-03
      1404  1.3738061E-01 -5.5406779E-03
      1405  1.3806924E-01 -5.5956492E-03
      1406  1.3876131E-01 -5.6511586E-03
      1407  1.3945686E-01 -5.7072113E-03
      1408  1.4015589E-01 -5.7638123E-03
      1409  1.4085842E-01 -5.8209670E-03
      1410  1.4156448E-01 -5.8786806E-03
      1411  1.4227407E-01 -5.9369584E-03
      1412  1.4298722E-01 -5.9958057E-03
      1413  1.4370395E-01 -6.0552279E-03
      1414  1.4442427E-01 -6.1152305E-03
      1415  1.4514820E-01 -6.1758190E-03
      1416  1.4587576E-01 -6.2369989E-03
      1417  1.4660696E-01 -6.2987759E-03
      1418  1.4734183E-01 -6.3611555E-03
      1419  1.4808039E-01 -6.4241434E-03
      1420  1.4882264E-01 -6.4877455E-03
      1421  1.4956862E-01 -6.5519674E-03
      1422  1.5031834E-01 -6.6168151E-03
      1423  1.5107181E-01 -6.6822943E-03
      1424  1.5182906E-01 -6.7484112E-03
      1425  1.5259011E-01 -6.8151716E-03
      1426  1.5335497E-01 -6.8825816E-03
      1427  1.5412366E-01 -6.9506474E-03
      1428  1.5489621E-01 -7.0193750E-03
      1429  1.5567263E-01 -7.0887706E-03
      1430  1.5645294E-01 -7.1588407E-03
      1431  1.5723717E-01 -7.2295913E-03
      1432  1.5802532E-01 -7.3010290E-03
      1433  1.5881743E-01 -7.3731601E-03
      1434  1.5961350E-01 -7.4459911E-03
      1435  1.6041357E-01 -7.5195286E-03
      1436  1.6121764E-01 -7.5937792E-03
      1437  1.6202575E-01 -7.6687494E-03
      1438  1.6283791E-01 -7.7444460E-03
      1439  1.6365414E-01 -7.8208758E-03
      1440  1.6447446E-01 -7.8980455E-03
      1441  1.6529889E-01 -7.9759620E-03
      1442  1.6612745E-01 -8.0546324E-03
      1443  1.6696017E-01 -8.1340634E-03
      1444  1.6779706E-01 -8.2142623E-03
      1445  1.6863815E-01 -8.2952361E-03
      1446  1.6948345E-01 -8.3769920E-03
      1447  1.7033299E-01 -8.4595372E-03
      1448  1.7118679E-01 -8.5428790E-03
      1449  1.7204486E-01 -8.6270247E-03
      1450  1.7290724E-01 -8.7119817E-03
      1451  1.7377394E-01 -8.7977576E-03
      1452  1.7464499E-01 -8.8843597E-03
      1453  1.7552040E-01 -8.9717959E-03
      1454  1.7640020E-01 -9.0600736E-03
      1455  1.7728441E-01 -9.1492006E-03
      1456  1.7817305E-01 -9.2391846E-03
      1457  1.7906615E-01 -9.3300336E-03
      1458  1.7996372E-01 -9.4217554E-03
      1459  1.8086579E-01 -9.5143580E-03
      1460  1.8177239E-01 -9.6078495E-03
      1461  1.8268352E-01 -9.7022378E-03
      1462  1.8359923E-01 -9.7975313E-03
      1463  1.8451952E-01 -9.8937380E-03
      1464  1.8544443E-01 -9.9908663E-03
      1465  1.8637398E-01 -1.0088925E-02
      1466  1.8730818E-01 -1.0187921E-02
      1467  1.8824707E-01 -1.0287865E-02
      1468  1.8919066E-01 -1.0388764E-02
      1469  1.9013898E-01 -1.0490627E-02
      1470  1.9109206E-01 -1.0593463E-02
      1471  1.9204991E-01 -1.0697280E-02
      1472  1.9301256E-01 -1.0802088E-02
      1473  1.9398004E-01 -1.0907895E-02
      1474  1.9495237E-01 -1.1014710E-02
      1475  1.9592957E-01 -1.1122542E-02
      1476  1.9691168E-01 -1.1231401E-02
      1477  1.9789870E-01 -1.1341295E-02
      1478  1.9889067E-01 -1.1452234E-02
      1479  1.9988761E-01 -1.1564227E-02
      1480  2.0088955E-01 -1.1677283E-02
      1481  2.0189652E-01 -1.1791412E-02
      1482  2.0290853E-01 -1.1906624E-02
      1483  2.0392561E-01 -1.2022928E-02
      1484  2.0494779E-01 -1.2140333E-02
      1485  2.0597510E-01 -1.2258850E-02
      1486  2.0700755E-01 -1.2378488E-02
      1487  2.0804518E-01 -1.2499257E-02
      1488  2.0908801E-01 -1.2621167E-02
      1489  2.1013607E-01 -1.2744228E-02
      1490  2.1118938E-01 -1.2868450E-02
      1491  2.1224797E-01 -1.2993844E-02
      1492  2.1331187E-01 -1.3120419E-02
      1493  2.1438110E-01 -1.3248186E-02
      1494  2.1545569E-01 -1.3377155E-02
      1495  2.1653567E-01 -1.3507337E-02
      1496  2.1762106E-01 -1.3638742E-02
      1497  2.1871189E-01 -1.3771381E-02
      1498  2.1980818E-01 -1.3905265E-02
      1499  2.2090998E-01 -1.4040403E-02
      1500  2.2201729E-01 -1.4176808E-02
      1501  2.2313016E-01 -1.4314490E-02
      1502  2.2424860E-01 -1.4453460E-02
      1503  2.2537266E-01 -1.4593728E-02
      1504  2.2650234E-01 -1.4735307E-02
      1505  2.2763769E-01 -1.4878207E-02
      1506  2.2877873E-01 -1.5022440E-02
      1507  2.2992549E-01 -1.5168017E-02
      1508  2.3107799E-01 -1.5314949E-02
      1509  2.3223627E-01 -1.5463247E-02
      1510  2.3340036E-01 -1.5612924E-02
      1511  2.3457029E-01 -1.5763992E-02
      1512  2.3574608E-01 -1.5916460E-02
      1513  2.3692776E-01 -1.6070343E-02
      1514  2.3811536E-01 -1.6225650E-02
      1515  2.3930892E-01 -1.6382395E-02
      1516  2.4050846E-01 -1.6540589E-02
      1517  2.4171402E-01 -1.6700244E-02
      1518  2.4292561E-01 -1.6861373E-02
      1519  2.4414328E-01 -1.7023988E-02
      1520  2.4536706E-01 -1.7188100E-02
      1521  2.4659696E-01 -1.7353723E-02
      1522  2.4783304E-01 -1.7520869E-02
      1523  2.4907530E-01 -1.7689550E-02
      1524  2.5032380E-01 -1.7859778E-02
      1525  2.5157855E-01 -1.8031568E-02
      1526  2.5283960E-01 -1.8204930E-02
      1527  2.5410696E-01 -1.8379878E-02
      1528  2.5538068E-01 -1.8556426E-02
      1529  2.5666078E-01 -1.8734584E-02
      1530  2.5794729E-01 -1.8914368E-02
      1531  2.5924026E-01 -1.9095790E-02
      1532  2.6053971E-01 -1.9278862E-02
      1533  2.6184567E-01 -1.9463599E-02
      1534  2.6315818E-01 -1.9650013E-02
      1535  2.6447726E-01 -1.9838117E-02
      1536  2.6580296E-01 -2.0027926E-02
      1537  2.6713530E-01 -2.0219452E-02
      1538  2.6847432E-01 -2.0412710E-02
      1539  2.6982006E-01 -2.0607712E-02
      1540  2.7117254E-01 -2.0804472E-02
      1541  2.7253179E-01 -2.1003005E-02
      1542  2.7389786E-01 -2.1203323E-02
      1543  2.7527078E-01 -2.1405441E-02
      1544  2.7665058E-01 -2.1609372E-02
      1545  2.7803730E-01 -2.1815131E-02
      1546  2.7943097E-01 -2.2022731E-02
      1547  2.8083162E-01 -2.2232187E-02
      1548  2.8223930E-01 -2.2443512E-02
      1549  2.8365403E-01 -2.2656721E-02
      1550  2.8507585E-01 -2.2871828E-02
      1551  2.8650480E-01 -2.3088848E-02
      1552  2.8794091E-01 -2.3307794E-02
      1553  2.8938422E-01 -2.3528681E-02
      1554  2.9083476E-01 -2.3751524E-02
      1555  2.9229258E-01 -2.3976336E-02
      1556  2.9375770E-01 -2.4203133E-02
      1557  2.9523017E-01 -2.4431928E-02
      1558  2.9671001E-01 -2.4662738E-02
      1559  2.9819728E-01 -2.4895575E-02
      1560  2.9969200E-01 -2.5130456E-02
      1561  3.0119421E-01 -2.5367394E-02
      1562  3.0270395E-01 -2.5606404E-02
      1563  3.0422126E-01 -2.5847502E-02
      1564  3.0574618E-01 -2.6090701E-02
      1565  3.0727874E-01 -2.6336017E-02
      1566  3.0881898E-01 -2.6583466E-02
      1567  3.1036694E-01 -2.6833060E-02
      1568  3.1192266E-01 -2.7084817E-02
      1569  3.1348618E-01 -2.7338749E-02
      1570  3.1505754E-01 -2.7594874E-02
      1571  3.1663677E-01 -2.7853205E-02
      1572  3.1822392E-01 -2.8113757E-02
      1573  3.1981902E-01 -2.8376546E-02
      1574  3.2142212E-01 -2.8641587E-02
      1575  3.2303326E-01 -2.8908894E-02
      1576  3.2465247E-01 -2.9178483E-02
      1577  3.2627979E-01 -2.9450369E-02
      1578  3.2791528E-01 -2.9724567E-02
      1579  3.2955896E-01 -3.0001091E-02
      1580  3.3121088E-01 -3.0279958E-02
      1581  3.3287108E-01 -3.0561181E-02
      1582  3.3453961E-01 -3.0844777E-02
      1583  3.3621649E-01 -3.1130760E-02
      1584  3.3790179E-01 -3.1419145E-02
      1585  3.3959553E-01 -3.1709947E-02
      1586  3.4129776E-01 -3.2003181E-02
      1587  3.4300852E-01 -3.2298863E-02
      1588  3.4472785E-01 -3.2597006E-02
      1589  3.4645581E-01 -3.2897626E-02
      1590  3.4819243E-01 -3.3200738E-02
      1591  3.4993775E-01 -3.3506357E-02
      1592  3.5169182E-01 -3.3814497E-02
      1593  3.5345468E-01 -3.4125172E-02
      1594  3.5522638E-01 -3.4438399E-02
      1595  3.5700696E-01 -3.4754191E-02
      1596  3.5879647E-01 -3.5072563E-02
      1597  3.6059494E-01 -3.5393529E-02
      1598  3.6240243E-01 -3.5717104E-02
      1599  3.6421898E-01 -3.6043302E-02
      1600  3.6604463E-01 -3.6372137E-02
      1601  3.6787944E-01 -3.6703624E-02
      1602  3.6972344E-01 -3.7037777E-02
      1603  3.7157669E-01 -3.7374609E-02
      1604  3.7343923E-01 -3.7714135E-02
      1605  3.7531110E-01 -3.8056369E-02
      1606  3.7719235E-01 -3.8401323E-02
      1607  3.7908304E-01 -3.8749013E-02
      1608  3.8098320E-01 -3.9099450E-02
      1609  3.8289289E-01 -3.9452649E-02
      1610  3.8481214E-01 -3.9808622E-02
      1611  3.8674102E-01 -4.0167384E-02
      1612  3.8867957E-01 -4.0528946E-02
      1613  3.9062784E-01 -4.0893322E-02
      1614  3.9258587E-01 -4.1260523E-02
      1615  3.9455371E-01 -4.1630564E-02
      1616  3.9653142E-01 -4.2003455E-02
      1617  3.9851904E-01 -4.2379209E-02
      1618  4.0051663E-01 -4.2757838E-02
      1619  4.0252422E-01 -4.3139354E-02
      1620  4.0454189E-01 -4.3523769E-02
      1621  4.0656966E-01 -4.3911092E-02
      1622  4.0860760E-01 -4.4301337E-02
      1623  4.1065575E-01 -4.4694513E-02
      1624  4.1271417E-01 -4.5090631E-02
      1625  4.1478291E-01 -4.5489703E-02
      1626  4.1686202E-01 -4.5891737E-02
      1627  4.1895155E-01 -4.6296744E-02
      1628  4.2105155E-01 -4.6704734E-02
      1629  4.2316208E-01 -4.7115716E-02
      1630  4.2528319E-01 -4.7529700E-02
      1631  4.2741493E-01 -4.7946693E-02
      1632  4.2955736E-01 -4.8366705E-02
      1633  4.3171052E-01 -4.8789744E-02
      1634  4.3387448E-01 -4.9215818E-02
      1635  4.3604929E-01 -4.9644935E-02
      1636  4.3823499E-01 -5.0077101E-02
      1637  4.4043165E-01 -5.0512325E-02
      1638  4.4263933E-01 -5.0950611E-02
      1639  4.4485807E-01 -5.1391967E-02
      1640  4.4708793E-01 -5.1836399E-02
      1641  4.4932896E-01 -5.2283911E-02
      1642  4.5158123E-01 -5.2734510E-02
      1643  4.5384480E-01 -5.3188199E-02
      1644  4.5611970E-01 -5.3644982E-02
      1645  4.5840601E-01 -5.4104865E-02
      1646  4.6070378E-01 -5.4567849E-02
      1647  4.6301307E-01 -5.5033938E-02
      1648  4.6533393E-01 -5.5503134E-02
      1649  4.6766643E-01 -5.5975440E-02
      1650  4.7001061E-01 -5.6450856E-02
      1651  4.7236655E-01 -5.6929383E-02
      1652  4.7473430E-01 -5.7411023E-02
      1653  4.7711392E-01 -5.7895774E-02
      1654  4.7950546E-01 -5.8383636E-02
      1655  4.8190899E-01 -5.8874609E-02
      1656  4.8432457E-01 -5.9368689E-02
      1657  4.8675226E-01 -5.9865874E-02
      1658  4.8919211E-01 -6.0366162E-02
      1659  4.9164420E-01 -6.0869549E-02
      1660  4.9410857E-01 -6.1376031E-02
      1661  4.9658530E-01 -6.1885602E-02
      1662  4.9907445E-01 -6.2398257E-02
      1663  5.0157607E-01 -6.2913989E-02
      1664  5.0409023E-01 -6.3432792E-02
      1665  5.0661699E-01 -6.3954658E-02
      1666  5.0915642E-01 -6.4479578E-02
      1667  5.1170858E-01 -6.5007543E-02
      1668  5.1427353E-01 -6.5538543E-02
      1669  5.1685133E-01 -6.6072568E-02
      1670  5.1944206E-01 -6.6609605E-02
      1671  5.2204578E-01 -6.7149642E-02
      1672  5.2466254E-01 -6.7692666E-02
      1673  5.2729242E-01 -6.8238662E-02
      1674  5.2993549E-01 -6.8787616E-02
      1675  5.3259180E-01 -6.9339512E-02
      1676  5.3526143E-01 -6.9894332E-02
      1677  5.3794444E-01 -7.0452060E-02
      1678  5.4064090E-01 -7.1012675E-02
      1679  5.4335087E-01 -7.1576159E-02
      1680  5.4607443E-01 -7.2142491E-02
      1681  5.4881164E-01 -7.2711648E-02
      1682  5.5156257E-01 -7.3283608E-02
      1683  5.5432728E-01 -7.3858346E-02
      1684  5.5710586E-01 -7.4435839E-02
      1685  5.5989837E-01 -7.5016059E-02
      1686  5.6270487E-01 -7.5598980E-02
      1687  5.6552544E-01 -7.6184573E-02
      1688  5.6836015E-01 -7.6772807E-02
      1689  5.7120906E-01 -7.7363654E-02
      1690  5.7407226E-01 -7.7957079E-02
      1691  5.7694981E-01 -7.8553051E-02
      1692  5.7984178E-01 -7.9151533E-02
      1693  5.8274825E-01 -7.9752491E-02
      1694  5.8566929E-01 -8.0355887E-02
      1695  5.8860497E-01 -8.0961683E-02
      1696  5.9155536E-01 -8.1569837E-02
      1697  5.9452055E-01 -8.2180310E-02
      1698  5.9750059E-01 -8.2793057E-02
      1699  6.0049558E-01 -8.3408035E-02
      1700  6.0350558E-01 -8.4025198E-02
      1701  6.0653066E-01 -8.4644498E-02
      1702  6.0957091E-01 -8.5265886E-02
      1703  6.1262639E-01 -8.5889312E-02
      1704  6.1569720E-01 -8.6514724E-02
      1705  6.1878339E-01 -8.7142068E-02
      1706  6.2188506E-01 -8.7771288E-02
      1707  6.2500227E-01 -8.8402328E-02
      1708  6.2813511E-01 -8.9035128E-02
      1709  6.3128365E-01 -8.9669628E-02
      1710  6.3444797E-01 -9.0305766E-02
      1711  6.3762815E-01 -9.0943477E-02
      1712  6.4082428E-01 -9.1582696E-02
      1713  6.4403642E-01 -9.2223354E-02
      1714  6.4726467E-01 -9.2865381E-02
      1715  6.5050909E-01 -9.3508706E-02
      1716  6.5376979E-01 -9.4153256E-02
      1717  6.5704682E-01 -9.4798954E-02
      1718  6.6034028E-01 -9.5445722E-02
      1719  6.6365025E-01 -9.6093481E-02
      1720  6.6697681E-01 -9.6742149E-02
      1721  6.7032005E-01 -9.7391642E-02
      1722  6.7368004E-01 -9.8041874E-02
      1723  6.7705687E-01 -9.8692755E-02
      1724  6.8045064E-01 -9.9344196E-02
      1725  6.8386141E-01 -9.9996104E-02
      1726  6.8728928E-01 -1.0064838E-01
      1727  6.9073433E-01 -1.0130094E-01
      1728  6.9419665E-01 -1.0195366E-01
      1729  6.9767633E-01 -1.0260646E-01
      1730  7.0117344E-01 -1.0325923E-01
      1731  7.0468809E-01 -1.0391185E-01
      1732  7.0822035E-01 -1.0456423E-01
      1733  7.1177032E-01 -1.0521624E-01
      1734  7.1533809E-01 -1.0586778E-01
      1735  7.1892373E-01 -1.0651872E-01
      1736  7.2252735E-01 -1.0716895E-01
      1737  7.2614904E-01 -1.0781834E-01
      1738  7.2978887E-01 -1.0846677E-01
      1739  7.3344696E-01 -1.0911410E-01
      1740  7.3712337E-01 -1.0976022E-01
      1741  7.4081822E-01 -1.1040498E-01
      1742  7.4453159E-01 -1.1104825E-01
      1743  7.4826357E-01 -1.1168989E-01
      1744  7.5201425E-01 -1.1232975E-01
      1745  7.5578374E-01 -1.1296770E-01
      1746  7.5957212E-01 -1.1360358E-01
      1747  7.6337949E-01 -1.1423724E-01
      1748  7.6720595E-01 -1.1486853E-01
      1749  7.7105159E-01 -1.1549729E-01
      1750  7.7491650E-01 -1.1612337E-01
      1751  7.7880078E-01 -1.1674658E-01
      1752  7.8270454E-01 -1.1736678E-01
      1753  7.8662786E-01 -1.1798379E-01
      1754  7.9057085E-01 -1.1859744E-01
      1755  7.9453360E-01 -1.1920754E-01
      1756  7.9851622E-01 -1.1981393E-01
      1757  8.0251880E-01 -1.2041642E-01
      1758  8.0654144E-01 -1.2101482E-01
      1759  8.1058425E-01 -1.2160894E-01
      1760  8.1464732E-01 -1.2219859E-01
      1761  8.1873075E-01 -1.2278358E-01
      1762  8.2283466E-01 -1.2336370E-01
      1763  8.2695913E-01 -1.2393875E-01
      1764  8.3110428E-01 -1.2450852E-01
      1765  8.3527021E-01 -1.2507281E-01
      1766  8.3945702E-01 -1.2563140E-01
      1767  8.4366482E-01 -1.2618407E-01
      1768  8.4789370E-01 -1.2673061E-01
      1769  8.5214379E-01 -1.2727078E-01
      1770  8.5641518E-01 -1.2780437E-01
      1771  8.6070798E-01 -1.2833113E-01
      1772  8.6502229E-01 -1.2885084E-01
      1773  8.6935824E-01 -1.2936326E-01
      1774  8.7371591E-01 -1.2986814E-01
      1775  8.7809543E-01 -1.3036523E-01
      1776  8.8249690E-01 -1.3085430E-01
      1777  8.8692044E-01 -1.3133507E-01
      1778  8.9136614E-01 -1.3180731E-01
      1779  8.9583414E-01 -1.3227075E-01
      1780  9.0032452E-01 -1.3272512E-01
      1781  9.0483742E-01 -1.3317015E-01
      1782  9.0937293E-01 -1.3360558E-01
      1783  9.1393119E-01 -1.3403113E-01
      1784  9.1851228E-01 -1.3444652E-01
      1785  9.2311635E-01 -1.3485147E-01
      1786  9.2774349E-01 -1.3524569E-01
      1787  9.3239382E-01 -1.3562890E-01
      1788  9.3706746E-01 -1.3600080E-01
      1789  9.4176453E-01 -1.3636109E-01
      1790  9.4648515E-01 -1.3670948E-01
      1791  9.5122942E-01 -1.3704566E-01
      1792  9.5599748E-01 -1.3736932E-01
      1793  9.6078944E-01 -1.3768016E-01
      1794  9.6560542E-01 -1.3797786E-01
      1795  9.7044553E-01 -1.3826210E-01
      1796  9.7530991E-01 -1.3853257E-01
      1797  9.8019867E-01 -1.3878894E-01
      1798  9.8511194E-01 -1.3903088E-01
      1799  9.9004983E-01 -1.3925806E-01
      1800  9.9501248E-01 -1.3947015E-01
      1801  1.0000000E+00 -1.3966682E-01
      1802  1.0050125E+00 -1.3984772E-01
      1803  1.0100502E+00 -1.4001252E-01
      1804  1.0151131E+00 -1.4016086E-01
      1805  1.0202013E+00 -1.4029241E-01
      1806  1.0253151E+00 -1.4040681E-01
      1807  1.0304545E+00 -1.4050371E-01
      1808  1.0356197E+00 -1.4058275E-01
      1809  1.0408108E+00 -1.4064357E-01
      1810  1.0460279E+00 -1.4068583E-01
      1811  1.0512711E+00 -1.4070915E-01
      1812  1.0565406E+00 -1.4071316E-01
      1813  1.0618365E+00 -1.4069752E-01
      1814  1.0671590E+00 -1.4066184E-01
      1815  1.0725082E+00 -1.4060575E-01
      1816  1.0778842E+00 -1.4052889E-01
      1817  1.0832871E+00 -1.4043089E-01
      1818  1.0887171E+00 -1.4031136E-01
      1819  1.0941743E+00 -1.4016994E-01
      1820  1.0996589E+00 -1.4000624E-01
      1821  1.1051709E+00 -1.3981990E-01
      1822  1.1107106E+00 -1.3961052E-01
      1823  1.1162781E+00 -1.3937775E-01
      1824  1.1218734E+00 -1.3912119E-01
      1825  1.1274969E+00 -1.3884046E-01
      1826  1.1331485E+00 -1.3853520E-01
      1827  1.1388284E+00 -1.3820502E-01
      1828  1.1445368E+00 -1.3784954E-01
      1829  1.1502738E+00 -1.3746838E-01
      1830  1.1560396E+00 -1.3706118E-01
      1831  1.1618342E+00 -1.3662754E-01
      1832  1.1676580E+00 -1.3616711E-01
      1833  1.1735109E+00 -1.3567951E-01
      1834  1.1793931E+00 -1.3516436E-01
      1835  1.1853049E+00 -1.3462130E-01
      1836  1.1912462E+00 -1.3404996E-01
      1837  1.1972174E+00 -1.3344997E-01
      1838  1.2032184E+00 -1.3282099E-01
      1839  1.2092496E+00 -1.3216264E-01
      1840  1.2153110E+00 -1.3147458E-01
      1841  1.2214028E+00 -1.3075645E-01
      1842  1.2275251E+00 -1.3000790E-01
      1843  1.2336781E+00 -1.2922861E-01
      1844  1.2398619E+00 -1.2841821E-01
      1845  1.2460767E+00 -1.2757639E-01
      1846  1.2523227E+00 -1.2670282E-01
      1847  1.2586000E+00 -1.2579717E-01
      1848  1.2649088E+00 -1.2485913E-01
      1849  1.2712492E+00 -1.2388838E-01
      1850  1.2776213E+00 -1.2288463E-01
      1851  1.2840254E+00 -1.2184757E-01
      1852  1.2904616E+00 -1.2077693E-01
      1853  1.2969301E+00 -1.1967241E-01
      1854  1.3034310E+00 -1.1853375E-01
      1855  1.3099645E+00 -1.1736067E-01
      1856  1.3165307E+00 -1.1615293E-01
      1857  1.3231298E+00 -1.1491028E-01
      1858  1.3297620E+00 -1.1363248E-01
      1859  1.3364275E+00 -1.1231929E-01
      1860  1.3431264E+00 -1.1097052E-01
      1861  1.3498588E+00 -1.0958595E-01
      1862  1.3566250E+00 -1.0816538E-01
      1863  1.3634251E+00 -1.0670864E-01
      1864  1.3702593E+00 -1.0521555E-01
      1865  1.3771278E+00 -1.0368596E-01
      1866  1.3840306E+00 -1.0211972E-01
      1867  1.3909681E+00 -1.0051670E-01
      1868  1.3979404E+00 -9.8876770E-02
      1869  1.4049476E+00 -9.7199844E-02
      1870  1.4119899E+00 -9.5485823E-02
      1871  1.4190675E+00 -9.3734635E-02
      1872  1.4261807E+00 -9.1946222E-02
      1873  1.4333294E+00 -9.0120538E-02
      1874  1.4405140E+00 -8.8257559E-02
      1875  1.4477346E+00 -8.6357274E-02
      1876  1.4549914E+00 -8.4419688E-02
      1877  1.4622846E+00 -8.2444828E-02
      1878  1.4696143E+00 -8.0432736E-02
      1879  1.4769808E+00 -7.8383468E-02
      1880  1.4843842E+00 -7.6297107E-02
      1881  1.4918247E+00 -7.4173750E-02
      1882  1.4993025E+00 -7.2013510E-02
      1883  1.5068178E+00 -6.9816528E-02
      1884  1.5143707E+00 -6.7582957E-02
      1885  1.5219616E+00 -6.5312973E-02
      1886  1.5295904E+00 -6.3006775E-02
      1887  1.5372575E+00 -6.0664577E-02
      1888  1.5449631E+00 -5.8286618E-02
      1889  1.5527072E+00 -5.5873158E-02
      1890  1.5604902E+00 -5.3424474E-02
      1891  1.5683122E+00 -5.0940871E-02
      1892  1.5761734E+00 -4.8422672E-02
      1893  1.5840740E+00 -4.5870218E-02
      1894  1.5920142E+00 -4.3283879E-02
      1895  1.5999942E+00 -4.0664041E-02
      1896  1.6080142E+00 -3.8011114E-02
      1897  1.6160744E+00 -3.5325530E-02
      1898  1.6241750E+00 -3.2607742E-02
      1899  1.6323162E+00 -2.9858225E-02
      1900  1.6404982E+00 -2.7077472E-02
      1901  1.6487213E+00 -2.4266004E-02
      1902  1.6569855E+00 -2.1424355E-02
      1903  1.6652912E+00 -1.8553086E-02
      1904  1.6736385E+00 -1.5652774E-02
      1905  1.6820276E+00 -1.2724018E-02
      1906  1.6904588E+00 -9.7674347E-03
      1907  1.6989323E+00 -6.7836627E-03
      1908  1.7074482E+00 -3.7733536E-03
      1909  1.7160069E+00 -7.3718075E-04
      1910  1.7246084E+00  2.3241644E-03
      1911  1.7332530E+00  5.4099816E-03
      1912  1.7419410E+00  8.5195472E-03
      1913  1.7506725E+00  1.1652126E-02
      1914  1.7594478E+00  1.4806974E-02
      1915  1.7682671E+00  1.7983328E-02
      1916  1.7771305E+00  2.1180416E-02
      1917  1.7860384E+00  2.4397464E-02
      1918  1.7949910E+00  2.7633673E-02
      1919  1.8039884E+00  3.0888252E-02
      1920  1.8130309E+00  3.4160403E-02
      1921  1.8221188E+00  3.7449309E-02
      1922  1.8312522E+00  4.0754171E-02
      1923  1.8404314E+00  4.4074180E-02
      1924  1.8496566E+00  4.7408517E-02
      1925  1.8589280E+00  5.0756392E-02
      1926  1.8682460E+00  5.4116998E-02
      1927  1.8776106E+00  5.7489537E-02
      1928  1.8870221E+00  6.0873240E-02
      1929  1.8964809E+00  6.4267324E-02
      1930  1.9059870E+00  6.7671030E-02
      1931  1.9155408E+00  7.1083632E-02
      1932  1.9251425E+00  7.4504389E-02
      1933  1.9347923E+00  7.7932607E-02
      1934  1.9444905E+00  8.1367621E-02
      1935  1.9542373E+00  8.4808760E-02
      1936  1.9640330E+00  8.8255417E-02
      1937  1.9738777E+00  9.1707006E-02
      1938  1.9837718E+00  9.5162949E-02
      1939  1.9937155E+00  9.8622760E-02
      1940  2.0037091E+00  1.0208597E-01
      1941  2.0137527E+00  1.0555211E-01
      1942  2.0238467E+00  1.0902078E-01
      1943  2.0339913E+00  1.1249157E-01
      1944  2.0441867E+00  1.1596407E-01
      1945  2.0544332E+00  1.1943788E-01
      1946  2.0647311E+00  1.2291257E-01
      1947  2.0750806E+00  1.2638774E-01
      1948  2.0854820E+00  1.2986299E-01
      1949  2.0959355E+00  1.3333792E-01
      1950  2.1064414E+00  1.3681212E-01
      1951  2.1170000E+00  1.4028520E-01
      1952  2.1276115E+00  1.4375675E-01
      1953  2.1382762E+00  1.4722638E-01
      1954  2.1489944E+00  1.5069370E-01
      1955  2.1597663E+00  1.5415832E-01
      1956  2.1705921E+00  1.5761984E-01
      1957  2.1814723E+00  1.6107789E-01
      1958  2.1924069E+00  1.6453206E-01
      1959  2.2033964E+00  1.6798199E-01
      1960  2.2144410E+00  1.7142729E-01
      1961  2.2255409E+00  1.7486757E-01
      1962  2.2366965E+00  1.7830247E-01
      1963  2.2479080E+00  1.8173160E-01
      1964  2.2591757E+00  1.8515460E-01
      1965  2.2704998E+00  1.8857109E-01
      1966  2.2818808E+00  1.9198071E-01
      1967  2.2933187E+00  1.9538309E-01
      1968  2.3048140E+00  1.9877786E-01
      1969  2.3163670E+00  2.0216467E-01
      1970  2.3279778E+00  2.0554315E-01
      1971  2.3396469E+00  2.0891294E-01
      1972  2.3513744E+00  2.1227370E-01
      1973  2.3631607E+00  2.1562506E-01
      1974  2.3750061E+00  2.1896667E-01
      1975  2.3869109E+00  2.2229819E-01
      1976  2.3988753E+00  2.2561926E-01
      1977  2.4108997E+00  2.2892955E-01
      1978  2.4229844E+00  2.3222870E-01
      1979  2.4351297E+00  2.3551638E-01
      1980  2.4473358E+00  2.3879225E-01
      1981  2.4596031E+00  2.4205596E-01
      1982  2.4719319E+00  2.4530718E-01
      1983  2.4843225E+00  2.4854558E-01
      1984  2.4967753E+00  2.5177083E-01
      1985  2.5092904E+00  2.5498259E-01
      1986  2.5218683E+00  2.5818053E-01
      1987  2.5345092E+00  2.6136433E-01
      1988  2.5472135E+00  2.6453365E-01
      1989  2.5599814E+00  2.6768818E-01
      1990  2.5728134E+00  2.7082760E-01
      1991  2.5857097E+00  2.7395157E-01
      1992  2.5986706E+00  2.7705978E-01
      1993  2.6116965E+00  2.8015191E-01
      1994  2.6247877E+00  2.8322764E-01
      1995  2.6379445E+00  2.8628666E-01
      1996  2.6511672E+00  2.8932864E-01
      1997  2.6644562E+00  2.9235328E-01
      1998  2.6778119E+00  2.9536027E-01
      1999  2.6912345E+00  2.9834928E-01
      2000  2.7047243E+00  3.0132001E-01
      2001  2.7182818E+00  3.0427215E-01
      2002  2.7319073E+00  3.0720540E-01
      2003  2.7456010E+00  3.1011943E-01
      2004  2.7593634E+00  3.1301395E-01
      2005  2.7731948E+00  3.1588865E-01
      2006  2.7870955E+00  3.1874322E-01
      2007  2.8010658E+00  3.2157737E-01
      2008  2.8151062E+00  3.2439079E-01
      2009  2.8292170E+00  3.2718317E-01
      2010  2.8433985E+00  3.2995421E-01
      2011  2.8576511E+00  3.3270363E-01
      2012  2.8719752E+00  3.3543110E-01
      2013  2.8863710E+00  3.3813635E-01
      2014  2.9008390E+00  3.4081907E-01
      2015  2.9153795E+00  3.4347896E-01
      2016  2.9299929E+00  3.4611574E-01
      2017  2.9446796E+00  3.4872910E-01
      2018  2.9594398E+00  3.5131875E-01
      2019  2.9742741E+00  3.5388441E-01
      2020  2.9891827E+00  3.5642579E-01
      2021  3.0041660E+00  3.5894258E-01
      2022  3.0192245E+00  3.6143452E-01
      2023  3.0343584E+00  3.6390130E-01
      2024  3.0495682E+00  3.6634265E-01
      2025  3.0648542E+00  3.6875827E-01
      2026  3.0802168E+00  3.7114790E-01
      2027  3.0956565E+00  3.7351125E-01
      2028  3.1111735E+00  3.7584804E-01
      2029  3.1267684E+00  3.7815799E-01
      2030  3.1424414E+00  3.8044083E-01
      2031  3.1581929E+00  3.8269628E-01
      2032  3.1740234E+00  3.8492408E-01
      2033  3.1899333E+00  3.8712394E-01
      2034  3.2059229E+00  3.8929561E-01
      2035  3.2219926E+00  3.9143882E-01
      2036  3.2381429E+00  3.9355331E-01
      2037  3.2543742E+00  3.9563880E-01
      2038  3.2706868E+00  3.9769505E-01
      2039  3.2870812E+00  3.9972180E-01
      2040  3.3035578E+00  4.0171878E-01
      2041  3.3201169E+00  4.0368576E-01
      2042  3.3367591E+00  4.0562247E-01
      2043  3.3534847E+00  4.0752868E-01
      2044  3.3702941E+00  4.0940413E-01
      2045  3.3871877E+00  4.1124858E-01
      2046  3.4041661E+00  4.1306181E-01
      2047  3.4212295E+00  4.1484356E-01
      2048  3.4383785E+00  4.1659360E-01
      2049  3.4556135E+00  4.1831171E-01
      2050  3.4729348E+00  4.1999766E-01
      2051  3.4903430E+00  4.2165122E-01
      2052  3.5078384E+00  4.2327218E-01
      2053  3.5254215E+00  4.2486031E-01
      2054  3.5430927E+00  4.2641540E-01
      2055  3.5608526E+00  4.2793724E-01
      2056  3.5787014E+00  4.2942562E-01
      2057  3.5966397E+00  4.3088034E-01
      2058  3.6146680E+00  4.3230119E-01
      2059  3.6327866E+00  4.3368799E-01
      2060  3.6509960E+00  4.3504054E-01
      2061  3.6692967E+00  4.3635865E-01
      2062  3.6876891E+00  4.3764214E-01
      2063  3.7061737E+00  4.3889082E-01
      2064  3.7247510E+00  4.4010452E-01
      2065  3.7434214E+00  4.4128307E-01
      2066  3.7621854E+00  4.4242630E-01
      2067  3.7810434E+00  4.4353405E-01
      2068  3.7999959E+00  4.4460616E-01
      2069  3.8190435E+00  4.4564248E-01
      2070  3.8381865E+00  4.4664285E-01
      2071  3.8574255E+00  4.4760714E-01
      2072  3.8767610E+00  4.4853520E-01
      2073  3.8961933E+00  4.4942691E-01
      2074  3.9157231E+00  4.5028213E-01
      2075  3.9353507E+00  4.5110074E-01
      2076  3.9550767E+00  4.5188263E-01
      2077  3.9749016E+00  4.5262768E-01
      2078  3.9948259E+00  4.5333578E-01
      2079  4.0148501E+00  4.5400684E-01
      2080  4.0349746E+00  4.5464076E-01
      2081  4.0552000E+00  4.5523746E-01
      2082  4.0755267E+00  4.5579685E-01
      2083  4.0959554E+00  4.5631886E-01
      2084  4.1164865E+00  4.5680341E-01
      2085  4.1371204E+00  4.5725046E-01
      2086  4.1578578E+00  4.5765993E-01
      2087  4.1786992E+00  4.5803180E-01
      2088  4.1996450E+00  4.5836600E-01
      2089  4.2206958E+00  4.5866252E-01
      2090  4.2418521E+00  4.5892131E-01
      2091  4.2631145E+00  4.5914238E-01
      2092  4.2844835E+00  4.5932570E-01
      2093  4.3059595E+00  4.5947127E-01
      2094  4.3275432E+00  4.5957910E-01
      2095  4.3492351E+00  4.5964920E-01
      2096  4.3710358E+00  4.5968159E-01
      2097  4.3929457E+00  4.5967631E-01
      2098  4.4149654E+00  4.5963338E-01
      2099  4.4370955E+00  4.5955287E-01
      2100  4.4593366E+00  4.5943483E-01
      2101  4.4816891E+00  4.5927931E-01
      2102  4.5041536E+00  4.5908640E-01
      2103  4.5267308E+00  4.5885619E-01
      2104  4.5494211E+00  4.5858876E-01
      2105  4.5722252E+00  4.5828421E-01
      2106  4.5951436E+00  4.5794267E-01
      2107  4.6181768E+00  4.5756425E-01
      2108  4.6413255E+00  4.5714909E-01
      2109  4.6645903E+00  4.5669733E-01
      2110  4.6879716E+00  4.5620912E-01
      2111  4.7114702E+00  4.5568462E-01
      2112  4.7350865E+00  4.5512401E-01
      2113  4.7588212E+00  4.5452746E-01
      2114  4.7826749E+00  4.5389518E-01
      2115  4.8066482E+00  4.5322736E-01
      2116  4.8307416E+00  4.5252422E-01
      2117  4.8549558E+00  4.5178598E-01
      2118  4.8792914E+00  4.5101287E-01
      2119  4.9037489E+00  4.5020514E-01
      2120  4.9283291E+00  4.4936303E-01
      2121  4.9530324E+00  4.4848682E-01
      2122  4.9778596E+00  4.4757677E-01
      2123  5.0028112E+00  4.4663317E-01
      2124  5.0278879E+00  4.4565630E-01
      2125  5.0530903E+00  4.4464647E-01
      2126  5.0784190E+00  4.4360399E-01
      2127  5.1038747E+00  4.4252918E-01
      2128  5.1294580E+00  4.4142235E-01
      2129  5.1551695E+00  4.4028385E-01
      2130  5.1810099E+00  4.3911403E-01
      2131  5.2069798E+00  4.3791323E-01
      2132  5.2330799E+00  4.3668181E-01
      2133  5.2593108E+00  4.3542014E-01
      2134  5.2856732E+00  4.3412858E-01
      2135  5.3121678E+00  4.3280753E-01
      2136  5.3387951E+00  4.3145737E-01
      2137  5.3655560E+00  4.3007848E-01
      2138  5.3924509E+00  4.2867128E-01
      2139  5.4194807E+00  4.2723615E-01
      2140  5.4466460E+00  4.2577351E-01
      2141  5.4739474E+00  4.2428378E-01
      2142  5.5013857E+00  4.2276736E-01
      2143  5.5289615E+00  4.2122468E-01
      2144  5.5566755E+00  4.1965616E-01
      2145  5.5845285E+00  4.1806223E-01
      2146  5.6125210E+00  4.1644332E-01
      2147  5.6406539E+00  4.1479986E-01
      2148  5.6689278E+00  4.1313229E-01
      2149  5.6973434E+00  4.1144103E-01
      2150  5.7259015E+00  4.0972653E-01
      2151  5.7546027E+00  4.0798922E-01
      2152  5.7834477E+00  4.0622954E-01
      2153  5.8124374E+00  4.0444793E-01
      2154  5.8415724E+00  4.0264482E-01
      2155  5.8708534E+00  4.0082065E-01
      2156  5.9002811E+00  3.9897586E-01
      2157  5.9298564E+00  3.9711088E-01
      2158  5.9595799E+00  3.9522615E-01
      2159  5.9894525E+00  3.9332208E-01
      2160  6.0194747E+00  3.9139912E-01
      2161  6.0496475E+00  3.8945770E-01
      2162  6.0799714E+00  3.8749822E-01
      2163  6.1104474E+00  3.8552111E-01
      2164  6.1410762E+00  3.8352681E-01
      2165  6.1718584E+00  3.8151570E-01
      2166  6.2027950E+00  3.7948822E-01
      2167  6.2338867E+00  3.7744476E-01
      2168  6.2651341E+00  3.7538573E-01
      2169  6.2965383E+00  3.7331154E-01
      2170  6.3280998E+00  3.7122257E-01
      2171  6.3598195E+00  3.6911922E-01
      2172  6.3916983E+00  3.6700187E-01
      2173  6.4237368E+00  3.6487092E-01
      2174  6.4559359E+00  3.6272673E-01
      2175  6.4882964E+00  3.6056970E-01
      2176  6.5208191E+00  3.5840017E-01
      2177  6.5535049E+00  3.5621853E-01
      2178  6.5863544E+00  3.5402513E-01
      2179  6.6193687E+00  3.5182033E-01
      2180  6.6525484E+00  3.4960449E-01
      2181  6.6858944E+00  3.4737795E-01
      2182  6.7194076E+00  3.4514106E-01
      2183  6.7530888E+00  3.4289415E-01
      2184  6.7869388E+00  3.4063758E-01
      2185  6.8209585E+00  3.3837165E-01
      2186  6.8551487E+00  3.3609671E-01
      2187  6.8895102E+00  3.3381309E-01
      2188  6.9240441E+00  3.3152109E-01
      2189  6.9587510E+00  3.2922104E-01
      2190  6.9936319E+00  3.2691325E-01
      2191  7.0286876E+00  3.2459803E-01
      2192  7.0639190E+00  3.2227569E-01
      2193  7.0993271E+00  3.1994653E-01
      2194  7.1349126E+00  3.1761086E-01
      2195  7.1706765E+00  3.1526897E-01
      2196  7.2066197E+00  3.1292116E-01
      2197  7.2427430E+00  3.1056772E-01
      2198  7.2790474E+00  3.0820894E-01
      2199  7.3155338E+00  3.0584511E-01
      2200  7.3522030E+00  3.0347653E-01
      2201  7.3890561E+00  3.0110346E-01
      2202  7.4260939E+00  2.9872621E-01
      2203  7.4633173E+00  2.9634504E-01
      2204  7.5007274E+00  2.9396024E-01
      2205  7.5383249E+00  2.9157210E-01
      2206  7.5761109E+00  2.8918088E-01
      2207  7.6140864E+00  2.8678687E-01
      2208  7.6522521E+00  2.8439034E-01
      2209  7.6906092E+00  2.8199157E-01
      2210  7.7291585E+00  2.7959084E-01
      2211  7.7679011E+00  2.7718842E-01
      2212  7.8068379E+00  2.7478458E-01
      2213  7.8459698E+00  2.7237961E-01
      2214  7.8852979E+00  2.6997377E-01
      2215  7.9248231E+00  2.6756734E-01
      2216  7.9645465E+00  2.6516060E-01
      2217  8.0044689E+00  2.6275382E-01
      2218  8.0445915E+00  2.6034727E-01
      2219  8.0849152E+00  2.5794124E-01
      2220  8.1254410E+00  2.5553600E-01
      2221  8.1661699E+00  2.5313183E-01
      2222  8.2071030E+00  2.5072899E-01
      2223  8.2482413E+00  2.4832778E-01
      2224  8.2895858E+00  2.4592847E-01
      2225  8.3311375E+00  2.4353133E-01
      2226  8.3728975E+00  2.4113666E-01
      2227  8.4148668E+00  2.3874471E-01
      2228  8.4570465E+00  2.3635578E-01
      2229  8.4994376E+00  2.3397014E-01
      2230  8.5420412E+00  2.3158808E-01
      2231  8.5848584E+00  2.2920988E-01
      2232  8.6278902E+00  2.2683580E-01
      2233  8.6711377E+00  2.2446615E-01
      2234  8.7146019E+00  2.2210119E-01
      2235  8.7582840E+00  2.1974121E-01
      2236  8.8021851E+00  2.1738648E-01
      2237  8.8463063E+00  2.1503729E-01
      2238  8.8906486E+00  2.1269391E-01
      2239  8.9352131E+00  2.1035663E-01
      2240  8.9800011E+00  2.0802573E-01
      2241  9.0250135E+00  2.0570147E-01
      2242  9.0702516E+00  2.0338414E-01
      2243  9.1157164E+00  2.0107401E-01
      2244  9.1614091E+00  1.9877136E-01
      2245  9.2073309E+00  1.9647645E-01
      2246  9.2534828E+00  1.9418957E-01
      2247  9.2998661E+00  1.9191097E-01
      2248  9.3464819E+00  1.8964093E-01
      2249  9.3933313E+00  1.8737971E-01
      2250  9.4404156E+00  1.8512758E-01
      2251  9.4877358E+00  1.8288479E-01
      2252  9.5352933E+00  1.8065162E-01
      2253  9.5830892E+00  1.7842830E-01
      2254  9.6311246E+00  1.7621510E-01
      2255  9.6794008E+00  1.7401226E-01
      2256  9.7279190E+00  1.7182004E-01
      2257  9.7766804E+00  1.6963867E-01
      2258  9.8256862E+00  1.6746841E-01
      2259  9.8749377E+00  1.6530948E-01
      2260  9.9244360E+00  1.6316212E-01
      2261  9.9741825E+00  1.6102656E-01
      2262  1.0024178E+01  1.5890303E-01
      2263  1.0074425E+01  1.5679175E-01
      2264  1.0124923E+01  1.5469294E-01
      2265  1.0175674E+01  1.5260681E-01
      2266  1.0226680E+01  1.5053357E-01
      2267  1.0277942E+01  1.4847342E-01
      2268  1.0329460E+01  1.4642657E-01
      2269  1.0381237E+01  1.4439322E-01
      2270  1.0433273E+01  1.4237355E-01
      2271  1.0485570E+01  1.4036775E-01
      2272  1.0538129E+01  1.3837600E-01
      2273  1.0590951E+01  1.3639848E-01
      2274  1.0644039E+01  1.3443536E-01
      2275  1.0697392E+01  1.3248681E-01
      2276  1.0751013E+01  1.3055298E-01
      2277  1.0804903E+01  1.2863403E-01
      2278  1.0859063E+01  1.2673012E-01
      2279  1.0913494E+01  1.2484138E-01
      2280  1.0968198E+01  1.2296796E-01
      2281  1.1023176E+01  1.2110999E-01
      2282  1.1078430E+01  1.1926760E-01
      2283  1.1133961E+01  1.1744091E-01
      2284  1.1189770E+01  1.1563004E-01
      2285  1.1245859E+01  1.1383510E-01
      2286  1.1302229E+01  1.1205620E-01
      2287  1.1358882E+01  1.1029344E-01
      2288  1.1415819E+01  1.0854691E-01
      2289  1.1473041E+01  1.0681671E-01
      2290  1.1530550E+01  1.0510291E-01
      2291  1.1588347E+01  1.0340560E-01
      2292  1.1646434E+01  1.0172485E-01
      2293  1.1704812E+01  1.0006073E-01
      2294  1.1763482E+01  9.8413298E-02
      2295  1.1822447E+01  9.6782610E-02
      2296  1.1881707E+01  9.5168721E-02
      2297  1.1941264E+01  9.3571674E-02
      2298  1.2001120E+01  9.1991512E-02
      2299  1.2061276E+01  9.0428269E-02
      2300  1.2121734E+01  8.8881975E-02
      2301  1.2182494E+01  8.7352656E-02
      2302  1.2243559E+01  8.5840331E-02
      2303  1.2304930E+01  8.4345016E-02
      2304  1.2366609E+01  8.2866719E-02
      2305  1.2428597E+01  8.1405445E-02
      2306  1.2490895E+01  7.9961195E-02
      2307  1.2553506E+01  7.8533963E-02
      2308  1.2616431E+01  7.7123740E-02
      2309  1.2679671E+01  7.5730511E-02
      2310  1.2743228E+01  7.4354258E-02
      2311  1.2807104E+01  7.2994956E-02
      2312  1.2871300E+01  7.1652580E-02
      2313  1.2935817E+01  7.0327094E-02
      2314  1.3000658E+01  6.9018463E-02
      2315  1.3065824E+01  6.7726648E-02
      2316  1.3131317E+01  6.6451600E-02
      2317  1.3197138E+01  6.5193274E-02
      2318  1.3263289E+01  6.3951615E-02
      2319  1.3329772E+01  6.2726566E-02
      2320  1.3396587E+01  6.1518067E-02
      2321  1.3463738E+01  6.0326054E-02
      2322  1.3531225E+01  5.9150458E-02
      2323  1.3599051E+01  5.7991209E-02
      2324  1.3667216E+01  5.6848230E-02
      2325  1.3735724E+01  5.5721444E-02
      2326  1.3804574E+01  5.4610771E-02
      2327  1.3873770E+01  5.3516123E-02
      2328  1.3943312E+01  5.2437414E-02
      2329  1.4013204E+01  5.1374555E-02
      2330  1.4083445E+01  5.0327448E-02
      2331  1.4154039E+01  4.9296000E-02
      2332  1.4224986E+01  4.8280111E-02
      2333  1.4296289E+01  4.7279678E-02
      2334  1.4367950E+01  4.6294598E-02
      2335  1.4439969E+01  4.5324764E-02
      2336  1.4512350E+01  4.4370066E-02
      2337  1.4585093E+01  4.3430393E-02
      2338  1.4658201E+01  4.2505631E-02
      2339  1.4731676E+01  4.1595664E-02
      2340  1.4805519E+01  4.0700376E-02
      2341  1.4879732E+01  3.9819644E-02
      2342  1.4954317E+01  3.8953349E-02
