  0.0000000E+00  0.0000000E+00  0.0000000E+00
  5.0071180E-06  3.0039651E-05  1.5726124E-10
  1.0085348E-05  1.1461376E-04  6.3801051E-10
  1.5235701E-05  2.5222864E-04  1.4560319E-09
  2.0459200E-05  4.4311203E-04  2.6255683E-09
  2.5756884E-05  6.8803398E-04  4.1613351E-09
  3.1129808E-05  9.8813803E-04  6.0785349E-09
  3.6579039E-05  1.3447327E-03  8.3928722E-09
  4.2105661E-05  1.7592838E-03  1.1120569E-08
  4.7710774E-05  2.2333838E-03  1.4278381E-08
  5.3395492E-05  2.7687344E-03  1.7883611E-08
  5.9160945E-05  3.3671343E-03  2.1954130E-08
  6.5008281E-05  4.0304717E-03  2.6508393E-08
  7.0938662E-05  4.7607195E-03  3.1565453E-08
  7.6953268E-05  5.5599326E-03  3.7144983E-08
  8.3053295E-05  6.4302460E-03  4.3267297E-08
  8.9239956E-05  7.3738735E-03  4.9953362E-08
  9.5514481E-05  8.3931072E-03  5.7224825E-08
  1.0187812E-04  9.4903179E-03  6.5104028E-08
  1.0833213E-04  1.0667955E-02  7.3614035E-08
  1.1487781E-04  1.1928547E-02  8.2778648E-08
  1.2151645E-04  1.3274704E-02  9.2622433E-08
  1.2824938E-04  1.4709117E-02  1.0317074E-07
  1.3507792E-04  1.6234557E-02  1.1444973E-07
  1.4200345E-04  1.7853883E-02  1.2648639E-07
  1.4902733E-04  1.9570038E-02  1.3930859E-07
  1.5615097E-04  2.1386050E-02  1.5294505E-07
  1.6337579E-04  2.3305039E-02  1.6742542E-07
  1.7070321E-04  2.5330214E-02  1.8278029E-07
  1.7813469E-04  2.7464875E-02  1.9904122E-07
  1.8567172E-04  2.9712420E-02  2.1624075E-07
  1.9331579E-04  3.2076341E-02  2.3441246E-07
  2.0106843E-04  3.4560229E-02  2.5359097E-07
  2.0893117E-04  3.7167776E-02  2.7381200E-07
  2.1690558E-04  3.9902777E-02  2.9511239E-07
  2.2499324E-04  4.2769132E-02  3.1753014E-07
  2.3319577E-04  4.5770849E-02  3.4110441E-07
  2.4151479E-04  4.8912048E-02  3.6587561E-07
  2.4995196E-04  5.2196959E-02  3.9188540E-07
  2.5850895E-04  5.5629929E-02  4.1917674E-07
  2.6718748E-04  5.9215423E-02  4.4779392E-07
  2.7598925E-04  6.2958027E-02  4.7778261E-07
  2.8491604E-04  6.6862449E-02  5.0918991E-07
  2.9396960E-04  7.0933526E-02  5.4206434E-07
  3.0315175E-04  7.5176221E-02  5.7645597E-07
  3.1246430E-04  7.9595634E-02  6.1241637E-07
  3.2190911E-04  8.4196995E-02  6.4999874E-07
  3.3148806E-04  8.8985678E-02  6.8925790E-07
  3.4120305E-04  9.3967194E-02  7.3025036E-07
  3.5105602E-04  9.9147202E-02  7.7303438E-07
  3.6104892E-04  1.0453151E-01  8.1766998E-07
  3.7118374E-04  1.1012607E-01  8.6421906E-07
  3.8146249E-04  1.1593700E-01  9.1274539E-07
  3.9188723E-04  1.2197057E-01  9.6331471E-07
  4.0246003E-04  1.2823322E-01  1.0159947E-06
  4.1318298E-04  1.3473155E-01  1.0708553E-06
  4.2405822E-04  1.4147232E-01  1.1279684E-06
  4.3508792E-04  1.4846247E-01  1.1874080E-06
  4.4627426E-04  1.5570914E-01  1.2492507E-06
  4.5761947E-04  1.6321962E-01  1.3135751E-06
  4.6912581E-04  1.7100140E-01  1.3804624E-06
  4.8079557E-04  1.7906215E-01  1.4499961E-06
  4.9263106E-04  1.8740975E-01  1.5222623E-06
  5.0463464E-04  1.9605226E-01  1.5973498E-06
  5.1680870E-04  2.0499796E-01  1.6753499E-06
  5.2915566E-04  2.1425532E-01  1.7563570E-06
  5.4167797E-04  2.2383302E-01  1.8404679E-06
  5.5437813E-04  2.3373998E-01  1.9277826E-06
  5.6725866E-04  2.4398532E-01  2.0184042E-06
  5.8032212E-04  2.5457838E-01  2.1124387E-06
  5.9357112E-04  2.6552875E-01  2.2099954E-06
  6.0700827E-04  2.7684623E-01  2.3111869E-06
  6.2063627E-04  2.8854087E-01  2.4161291E-06
  6.3445781E-04  3.0062298E-01  2.5249416E-06
  6.4847565E-04  3.1310310E-01  2.6377472E-06
  6.6269258E-04  3.2599203E-01  2.7546728E-06
  6.7711141E-04  3.3930082E-01  2.8758490E-06
  6.9173503E-04  3.5304081E-01  3.0014101E-06
  7.0656634E-04  3.6722358E-01  3.1314946E-06
  7.2160828E-04  3.8186100E-01  3.2662452E-06
  7.3686385E-04  3.9696524E-01  3.4058088E-06
  7.5233609E-04  4.1254872E-01  3.5503367E-06
  7.6802806E-04  4.2862418E-01  3.6999846E-06
  7.8394290E-04  4.4520464E-01  3.8549131E-06
  8.0008376E-04  4.6230343E-01  4.0152873E-06
  8.1645386E-04  4.7993420E-01  4.1812775E-06
  8.3305645E-04  4.9811091E-01  4.3530590E-06
  8.4989484E-04  5.1684782E-01  4.5308122E-06
  8.6697237E-04  5.3615955E-01  4.7147229E-06
  8.8429244E-04  5.5606103E-01  4.9049825E-06
  9.0185849E-04  5.7656754E-01  5.1017881E-06
  9.1967402E-04  5.9769470E-01  5.3053427E-06
  9.3774256E-04  6.1945849E-01  5.5158552E-06
  9.5606773E-04  6.4187523E-01  5.7335406E-06
  9.7465315E-04  6.6496163E-01  5.9586207E-06
  9.9350253E-04  6.8873474E-01  6.1913234E-06
  1.0126196E-03  7.1321202E-01  6.4318837E-06
  1.0320082E-03  7.3841128E-01  6.6805434E-06
  1.0516721E-03  7.6435074E-01  6.9375514E-06
  1.0716154E-03  7.9104901E-01  7.2031642E-06
  1.0918418E-03  8.1852511E-01  7.4776456E-06
  1.1123555E-03  8.4679845E-01  7.7612675E-06
  1.1331606E-03  8.7588887E-01  8.0543095E-06
  1.1542611E-03  9.0581663E-01  8.3570597E-06
  1.1756613E-03  9.3660241E-01  8.6698147E-06
  1.1973655E-03  9.6826732E-01  8.9928797E-06
  1.2193779E-03  1.0008329E+00  9.3265690E-06
  1.2417029E-03  1.0343213E+00  9.6712062E-06
  1.2643450E-03  1.0687547E+00  1.0027124E-05
  1.2873086E-03  1.1041563E+00  1.0394666E-05
  1.3105984E-03  1.1405493E+00  1.0774185E-05
  1.3342189E-03  1.1779577E+00  1.1166044E-05
  1.3581750E-03  1.2164057E+00  1.1570618E-05
  1.3824712E-03  1.2559182E+00  1.1988291E-05
  1.4071125E-03  1.2965205E+00  1.2419460E-05
  1.4321038E-03  1.3382383E+00  1.2864532E-05
  1.4574500E-03  1.3810981E+00  1.3323928E-05
  1.4831562E-03  1.4251265E+00  1.3798081E-05
  1.5092274E-03  1.4703510E+00  1.4287435E-05
  1.5356689E-03  1.5167993E+00  1.4792448E-05
  1.5624860E-03  1.5644998E+00  1.5313592E-05
  1.5896839E-03  1.6134815E+00  1.5851353E-05
  1.6172681E-03  1.6637737E+00  1.6406229E-05
  1.6452441E-03  1.7154064E+00  1.6978736E-05
  1.6736173E-03  1.7684102E+00  1.7569401E-05
  1.7023936E-03  1.8228160E+00  1.8178771E-05
  1.7315785E-03  1.8786554E+00  1.8807406E-05
  1.7611779E-03  1.9359607E+00  1.9455883E-05
  1.7911977E-03  1.9947645E+00  2.0124795E-05
  1.8216438E-03  2.0551001E+00  2.0814755E-05
  1.8525224E-03  2.1170013E+00  2.1526392E-05
  1.8838394E-03  2.1805025E+00  2.2260352E-05
  1.9156013E-03  2.2456387E+00  2.3017304E-05
  1.9478142E-03  2.3124455E+00  2.3797932E-05
  1.9804847E-03  2.3809588E+00  2.4602943E-05
  2.0136191E-03  2.4512155E+00  2.5433063E-05
  2.0472241E-03  2.5232527E+00  2.6289041E-05
  2.0813064E-03  2.5971083E+00  2.7171645E-05
  2.1158728E-03  2.6728206E+00  2.8081668E-05
  2.1509300E-03  2.7504287E+00  2.9019925E-05
  2.1864852E-03  2.8299719E+00  2.9987255E-05
  2.2225453E-03  2.9114905E+00  3.0984522E-05
  2.2591175E-03  2.9950251E+00  3.2012614E-05
  2.2962091E-03  3.0806169E+00  3.3072444E-05
  2.3338276E-03  3.1683077E+00  3.4164955E-05
  2.3719803E-03  3.2581397E+00  3.5291115E-05
  2.4106748E-03  3.3501559E+00  3.6451920E-05
  2.4499189E-03  3.4443997E+00  3.7648395E-05
  2.4897204E-03  3.5409149E+00  3.8881597E-05
  2.5300871E-03  3.6397461E+00  4.0152611E-05
  2.5710271E-03  3.7409383E+00  4.1462555E-05
  2.6125486E-03  3.8445368E+00  4.2812579E-05
  2.6546598E-03  3.9505877E+00  4.4203866E-05
  2.6973690E-03  4.0591375E+00  4.5637635E-05
  2.7406848E-03  4.1702331E+00  4.7115138E-05
  2.7846158E-03  4.2839218E+00  4.8637666E-05
  2.8291707E-03  4.4002515E+00  5.0206546E-05
  2.8743583E-03  4.5192704E+00  5.1823142E-05
  2.9201878E-03  4.6410272E+00  5.3488861E-05
  2.9666681E-03  4.7655709E+00  5.5205148E-05
  3.0138086E-03  4.8929510E+00  5.6973492E-05
  3.0616185E-03  5.0232172E+00  5.8795423E-05
  3.1101075E-03  5.1564197E+00  6.0672517E-05
  3.1592851E-03  5.2926088E+00  6.2606395E-05
  3.2091611E-03  5.4318351E+00  6.4598726E-05
  3.2597455E-03  5.5741498E+00  6.6651226E-05
  3.3110483E-03  5.7196038E+00  6.8765660E-05
  3.3630798E-03  5.8682485E+00  7.0943847E-05
  3.4158501E-03  6.0201355E+00  7.3187657E-05
  3.4693700E-03  6.1753163E+00  7.5499013E-05
  3.5236499E-03  6.3338428E+00  7.7879896E-05
  3.5787008E-03  6.4957667E+00  8.0332342E-05
  3.6345335E-03  6.6611397E+00  8.2858449E-05
  3.6911591E-03  6.8300138E+00  8.5460372E-05
  3.7485889E-03  7.0024405E+00  8.8140331E-05
  3.8068344E-03  7.1784716E+00  9.0900609E-05
  3.8659071E-03  7.3581584E+00  9.3743555E-05
  3.9258188E-03  7.5415523E+00  9.6671588E-05
  3.9865813E-03  7.7287042E+00  9.9687194E-05
  4.0482068E-03  7.9196647E+00  1.0279293E-04
  4.1107075E-03  8.1144843E+00  1.0599144E-04
  4.1740959E-03  8.3132128E+00  1.0928541E-04
  4.2383845E-03  8.5158997E+00  1.1267766E-04
  4.3035862E-03  8.7225938E+00  1.1617103E-04
  4.3697139E-03  8.9333434E+00  1.1976848E-04
  4.4367807E-03  9.1481961E+00  1.2347305E-04
  4.5048001E-03  9.3671988E+00  1.2728786E-04
  4.5737854E-03  9.5903974E+00  1.3121612E-04
  4.6437506E-03  9.8178372E+00  1.3526115E-04
  4.7147093E-03  1.0049562E+01  1.3942634E-04
  4.7866759E-03  1.0285616E+01  1.4371519E-04
  4.8596645E-03  1.0526040E+01  1.4813131E-04
  4.9336898E-03  1.0770875E+01  1.5267840E-04
  5.0087663E-03  1.1020161E+01  1.5736027E-04
  5.0849092E-03  1.1273936E+01  1.6218085E-04
  5.1621334E-03  1.1532236E+01  1.6714416E-04
  5.2404543E-03  1.1795096E+01  1.7225437E-04
  5.3198877E-03  1.2062551E+01  1.7751574E-04
  5.4004491E-03  1.2334630E+01  1.8293267E-04
  5.4821547E-03  1.2611364E+01  1.8850967E-04
  5.5650207E-03  1.2892781E+01  1.9425141E-04
  5.6490636E-03  1.3178906E+01  2.0016266E-04
  5.7343000E-03  1.3469763E+01  2.0624835E-04
  5.8207471E-03  1.3765372E+01  2.1251355E-04
  5.9084218E-03  1.4065751E+01  2.1896346E-04
  5.9973418E-03  1.4370918E+01  2.2560344E-04
  6.0875246E-03  1.4680885E+01  2.3243902E-04
  6.1789882E-03  1.4995662E+01  2.3947587E-04
  6.2717508E-03  1.5315257E+01  2.4671982E-04
  6.3658308E-03  1.5639675E+01  2.5417688E-04
  6.4612470E-03  1.5968916E+01  2.6185323E-04
  6.5580183E-03  1.6302979E+01  2.6975523E-04
  6.6561639E-03  1.6641858E+01  2.7788941E-04
  6.7557035E-03  1.6985543E+01  2.8626251E-04
  6.8566567E-03  1.7334021E+01  2.9488145E-04
  6.9590437E-03  1.7687276E+01  3.0375334E-04
  7.0628849E-03  1.8045286E+01  3.1288551E-04
  7.1682008E-03  1.8408026E+01  3.2228551E-04
  7.2750124E-03  1.8775467E+01  3.3196108E-04
  7.3833410E-03  1.9147574E+01  3.4192019E-04
  7.4932081E-03  1.9524309E+01  3.5217107E-04
  7.6046355E-03  1.9905628E+01  3.6272213E-04
  7.7176455E-03  2.0291483E+01  3.7358208E-04
  7.8322605E-03  2.0681821E+01  3.8475985E-04
  7.9485033E-03  2.1076582E+01  3.9626462E-04
  8.0663969E-03  2.1475702E+01  4.0810585E-04
  8.1859649E-03  2.1879111E+01  4.2029327E-04
  8.3072311E-03  2.2286735E+01  4.3283689E-04
  8.4302195E-03  2.2698492E+01  4.4574700E-04
  8.5549546E-03  2.3114295E+01  4.5903418E-04
  8.6814613E-03  2.3534051E+01  4.7270934E-04
  8.8097646E-03  2.3957659E+01  4.8678368E-04
  8.9398901E-03  2.4385015E+01  5.0126873E-04
  9.0718637E-03  2.4816005E+01  5.1617635E-04
  9.2057116E-03  2.5250511E+01  5.3151874E-04
  9.3414604E-03  2.5688407E+01  5.4730845E-04
  9.4791372E-03  2.6129560E+01  5.6355840E-04
  9.6187693E-03  2.6573830E+01  5.8028187E-04
  9.7603845E-03  2.7021071E+01  5.9749251E-04
  9.9040109E-03  2.7471129E+01  6.1520440E-04
  1.0049677E-02  2.7923841E+01  6.3343198E-04
  1.0197412E-02  2.8379040E+01  6.5219014E-04
  1.0347245E-02  2.8836550E+01  6.7149417E-04
  1.0499207E-02  2.9296187E+01  6.9135981E-04
  1.0653326E-02  2.9757759E+01  7.1180327E-04
  1.0809634E-02  3.0221067E+01  7.3284119E-04
  1.0968162E-02  3.0685906E+01  7.5449071E-04
  1.1128942E-02  3.1152060E+01  7.7676946E-04
  1.1292005E-02  3.1619309E+01  7.9969557E-04
  1.1457384E-02  3.2087421E+01  8.2328769E-04
  1.1625111E-02  3.2556160E+01  8.4756501E-04
  1.1795221E-02  3.3025281E+01  8.7254727E-04
  1.1967747E-02  3.3494532E+01  8.9825478E-04
  1.2142723E-02  3.3963651E+01  9.2470841E-04
  1.2320184E-02  3.4432371E+01  9.5192966E-04
  1.2500165E-02  3.4900418E+01  9.7994062E-04
  1.2682703E-02  3.5367508E+01  1.0087640E-03
  1.2867833E-02  3.5833353E+01  1.0384233E-03
  1.3055592E-02  3.6297655E+01  1.0689424E-03
  1.3246017E-02  3.6760111E+01  1.1003462E-03
  1.3439148E-02  3.7220412E+01  1.1326601E-03
  1.3635021E-02  3.7678240E+01  1.1659102E-03
  1.3833676E-02  3.8133274E+01  1.2001236E-03
  1.4035152E-02  3.8585184E+01  1.2353278E-03
  1.4239490E-02  3.9033638E+01  1.2715515E-03
  1.4446730E-02  3.9478294E+01  1.3088240E-03
  1.4656913E-02  3.9918809E+01  1.3471753E-03
  1.4870081E-02  4.0354834E+01  1.3866365E-03
  1.5086276E-02  4.0786015E+01  1.4272395E-03
  1.5305542E-02  4.1211996E+01  1.4690172E-03
  1.5527922E-02  4.1632416E+01  1.5120032E-03
  1.5753461E-02  4.2046911E+01  1.5562324E-03
  1.5982202E-02  4.2455117E+01  1.6017404E-03
  1.6214193E-02  4.2856665E+01  1.6485641E-03
  1.6449478E-02  4.3251186E+01  1.6967410E-03
  1.6688104E-02  4.3638312E+01  1.7463103E-03
  1.6930120E-02  4.4017672E+01  1.7973118E-03
  1.7175572E-02  4.4388898E+01  1.8497866E-03
  1.7424511E-02  4.4751622E+01  1.9037772E-03
  1.7676985E-02  4.5105478E+01  1.9593269E-03
  1.7933045E-02  4.5450103E+01  2.0164806E-03
  1.8192742E-02  4.5785137E+01  2.0752843E-03
  1.8456127E-02  4.6110226E+01  2.1357853E-03
  1.8723252E-02  4.6425019E+01  2.1980325E-03
  1.8994171E-02  4.6729172E+01  2.2620758E-03
  1.9268938E-02  4.7022348E+01  2.3279668E-03
  1.9547607E-02  4.7304217E+01  2.3957585E-03
  1.9830234E-02  4.7574458E+01  2.4655055E-03
  2.0116875E-02  4.7832759E+01  2.5372638E-03
  2.0407587E-02  4.8078820E+01  2.6110912E-03
  2.0702428E-02  4.8312352E+01  2.6870468E-03
  2.1001456E-02  4.8533078E+01  2.7651919E-03
  2.1304730E-02  4.8740735E+01  2.8455890E-03
  2.1612312E-02  4.8935075E+01  2.9283029E-03
  2.1924263E-02  4.9115865E+01  3.0133998E-03
  2.2240644E-02  4.9282890E+01  3.1009481E-03
  2.2561518E-02  4.9435950E+01  3.1910181E-03
  2.2886949E-02  4.9574868E+01  3.2836819E-03
  2.3217002E-02  4.9699483E+01  3.3790139E-03
  2.3551742E-02  4.9809659E+01  3.4770905E-03
  2.3891237E-02  4.9905278E+01  3.5779904E-03
  2.4235553E-02  4.9986248E+01  3.6817943E-03
  2.4584759E-02  5.0052500E+01  3.7885854E-03
  2.4938925E-02  5.0103991E+01  3.8984493E-03
  2.5298121E-02  5.0140704E+01  4.0114739E-03
  2.5662418E-02  5.0162648E+01  4.1277496E-03
  2.6031889E-02  5.0169863E+01  4.2473696E-03
  2.6406607E-02  5.0162414E+01  4.3704295E-03
  2.6786647E-02  5.0140400E+01  4.4970276E-03
  2.7172085E-02  5.0103948E+01  4.6272654E-03
  2.7562996E-02  5.0053219E+01  4.7612467E-03
  2.7959460E-02  4.9988403E+01  4.8990788E-03
  2.8361554E-02  4.9909726E+01  5.0408716E-03
  2.8769359E-02  4.9817446E+01  5.1867385E-03
  2.9182955E-02  4.9711857E+01  5.3367958E-03
  2.9602426E-02  4.9593285E+01  5.4911634E-03
  3.0027853E-02  4.9462093E+01  5.6499645E-03
  3.0459323E-02  4.9318677E+01  5.8133256E-03
  3.0896921E-02  4.9163472E+01  5.9813771E-03
  3.1340734E-02  4.8996947E+01  6.1542529E-03
  3.1790849E-02  4.8819604E+01  6.3320908E-03
  3.2247358E-02  4.8631985E+01  6.5150325E-03
  3.2710350E-02  4.8434664E+01  6.7032236E-03
  3.3179917E-02  4.8228253E+01  6.8968140E-03
  3.3656153E-02  4.8013395E+01  7.0959578E-03
  3.4139153E-02  4.7790770E+01  7.3008135E-03
  3.4629013E-02  4.7561089E+01  7.5115438E-03
  3.5125829E-02  4.7325099E+01  7.7283165E-03
  3.5629702E-02  4.7083574E+01  7.9513038E-03
  3.6140731E-02  4.6837321E+01  8.1806829E-03
  3.6659017E-02  4.6587178E+01  8.4166359E-03
  3.7184664E-02  4.6334006E+01  8.6593503E-03
  3.7717777E-02  4.6078696E+01  8.9090185E-03
  3.8258461E-02  4.5822162E+01  9.1658388E-03
  3.8806824E-02  4.5565342E+01  9.4300148E-03
  3.9362975E-02  4.5309192E+01  9.7017559E-03
  3.9927025E-02  4.5054690E+01  9.9812775E-03
  4.0499085E-02  4.4802828E+01  1.0268801E-02
  4.1079270E-02  4.4554611E+01  1.0564554E-02
  4.1667695E-02  4.4311058E+01  1.0868771E-02
  4.2264476E-02  4.4073195E+01  1.1181691E-02
  4.2869734E-02  4.3842052E+01  1.1503564E-02
  4.3483587E-02  4.3618663E+01  1.1834643E-02
  4.4106158E-02  4.3404063E+01  1.2175190E-02
  4.4737572E-02  4.3199281E+01  1.2525473E-02
  4.5377953E-02  4.3005338E+01  1.2885769E-02
  4.6027428E-02  4.2823246E+01  1.3256363E-02
  4.6686128E-02  4.2654002E+01  1.3637547E-02
  4.7354183E-02  4.2498585E+01  1.4029621E-02
  4.8031725E-02  4.2357952E+01  1.4432894E-02
  4.8718891E-02  4.2233034E+01  1.4847683E-02
  4.9415815E-02  4.2124733E+01  1.5274315E-02
  5.0122637E-02  4.2033917E+01  1.5713126E-02
  5.0839498E-02  4.1961417E+01  1.6164460E-02
  5.1566540E-02  4.1908021E+01  1.6628671E-02
  5.2303908E-02  4.1874473E+01  1.7106126E-02
  5.3051747E-02  4.1861466E+01  1.7597197E-02
  5.3810208E-02  4.1869641E+01  1.8102271E-02
  5.4579441E-02  4.1899580E+01  1.8621742E-02
  5.5359598E-02  4.1951805E+01  1.9156018E-02
  5.6150836E-02  4.2026773E+01  1.9705517E-02
  5.6953310E-02  4.2124870E+01  2.0270669E-02
  5.7767182E-02  4.2246413E+01  2.0851915E-02
  5.8592613E-02  4.2391641E+01  2.1449709E-02
  5.9429766E-02  4.2560716E+01  2.2064518E-02
  6.0278809E-02  4.2753716E+01  2.2696822E-02
  6.1139910E-02  4.2970636E+01  2.3347112E-02
  6.2013241E-02  4.3211384E+01  2.4015896E-02
  6.2898975E-02  4.3475778E+01  2.4703693E-02
  6.3797289E-02  4.3763543E+01  2.5411038E-02
  6.4708360E-02  4.4074313E+01  2.6138481E-02
  6.5632371E-02  4.4407626E+01  2.6886586E-02
  6.6569505E-02  4.4762924E+01  2.7655933E-02
  6.7519948E-02  4.5139553E+01  2.8447118E-02
  6.8483890E-02  4.5536762E+01  2.9260753E-02
  6.9461521E-02  4.5953702E+01  3.0097466E-02
  7.0453038E-02  4.6389428E+01  3.0957905E-02
  7.1458636E-02  4.6842900E+01  3.1842733E-02
  7.2478516E-02  4.7312983E+01  3.2752631E-02
  7.3512880E-02  4.7798448E+01  3.3688301E-02
  7.4561935E-02  4.8297978E+01  3.4650461E-02
  7.5625888E-02  4.8810164E+01  3.5639850E-02
  7.6704952E-02  4.9333517E+01  3.6657229E-02
  7.7799342E-02  4.9866463E+01  3.7703375E-02
  7.8909274E-02  5.0407352E+01  3.8779089E-02
  8.0034969E-02  5.0954461E+01  3.9885194E-02
  8.1176652E-02  5.1505998E+01  4.1022533E-02
  8.2334550E-02  5.2060112E+01  4.2191974E-02
  8.3508892E-02  5.2614890E+01  4.3394406E-02
  8.4699912E-02  5.3168375E+01  4.4630744E-02
  8.5907848E-02  5.3718560E+01  4.5901924E-02
  8.7132939E-02  5.4263407E+01  4.7208911E-02
  8.8375429E-02  5.4800847E+01  4.8552693E-02
  8.9635565E-02  5.5328788E+01  4.9934285E-02
  9.0913598E-02  5.5845130E+01  5.1354728E-02
  9.2209782E-02  5.6347765E+01  5.2815091E-02
  9.3524374E-02  5.6834591E+01  5.4316472E-02
  9.4857637E-02  5.7303522E+01  5.5859997E-02
  9.6209835E-02  5.7752492E+01  5.7446820E-02
  9.7581238E-02  5.8179470E+01  5.9078128E-02
  9.8972117E-02  5.8582467E+01  6.0755135E-02
  1.0038275E-01  5.8959547E+01  6.2479091E-02
  1.0181342E-01  5.9308835E+01  6.4251275E-02
  1.0326440E-01  5.9628528E+01  6.6072999E-02
  1.0473600E-01  5.9916907E+01  6.7945610E-02
  1.0622849E-01  6.0172341E+01  6.9870489E-02
  1.0774218E-01  6.0393302E+01  7.1849052E-02
  1.0927737E-01  6.0578372E+01  7.3882750E-02
  1.1083436E-01  6.0726252E+01  7.5973073E-02
  1.1241346E-01  6.0835771E+01  7.8121545E-02
  1.1401499E-01  6.0905895E+01  8.0329731E-02
  1.1563926E-01  6.0935732E+01  8.2599233E-02
  1.1728661E-01  6.0924544E+01  8.4931695E-02
  1.1895735E-01  6.0871750E+01  8.7328800E-02
  1.2065182E-01  6.0776934E+01  8.9792272E-02
  1.2237035E-01  6.0639850E+01  9.2323878E-02
  1.2411329E-01  6.0460427E+01  9.4925428E-02
  1.2588098E-01  6.0238773E+01  9.7598774E-02
  1.2767378E-01  5.9975178E+01  1.0034581E-01
  1.2949204E-01  5.9670118E+01  1.0316849E-01
  1.3133613E-01  5.9324253E+01  1.0606880E-01
  1.3320640E-01  5.8938431E+01  1.0904876E-01
  1.3510324E-01  5.8513686E+01  1.1211047E-01
  1.3702701E-01  5.8051238E+01  1.1525606E-01
  1.3897811E-01  5.7552488E+01  1.1848770E-01
  1.4095692E-01  5.7019015E+01  1.2180764E-01
  1.4296383E-01  5.6452575E+01  1.2521814E-01
  1.4499924E-01  5.5855089E+01  1.2872154E-01
  1.4706356E-01  5.5228645E+01  1.3232023E-01
  1.4915720E-01  5.4575479E+01  1.3601664E-01
  1.5128058E-01  5.3897978E+01  1.3981326E-01
  1.5343411E-01  5.3198661E+01  1.4371263E-01
  1.5561822E-01  5.2480173E+01  1.4771735E-01
  1.5783336E-01  5.1745272E+01  1.5183008E-01
  1.6007995E-01  5.0996817E+01  1.5605351E-01
  1.6235845E-01  5.0237752E+01  1.6039042E-01
  1.6466931E-01  4.9471095E+01  1.6484362E-01
  1.6701299E-01  4.8699921E+01  1.6941598E-01
  1.6938996E-01  4.7927345E+01  1.7411044E-01
  1.7180068E-01  4.7156511E+01  1.7892999E-01
  1.7424565E-01  4.6390568E+01  1.8387766E-01
  1.7672533E-01  4.5632658E+01  1.8895656E-01
  1.7924023E-01  4.4885897E+01  1.9416985E-01
  1.8179085E-01  4.4153356E+01  1.9952073E-01
  1.8437770E-01  4.3438047E+01  2.0501249E-01
  1.8700128E-01  4.2742901E+01  2.1064844E-01
  1.8966213E-01  4.2070753E+01  2.1643197E-01
  1.9236076E-01  4.1424324E+01  2.2236650E-01
  1.9509772E-01  4.0806202E+01  2.2845554E-01
  1.9787355E-01  4.0218833E+01  2.3470262E-01
  2.0068881E-01  3.9664494E+01  2.4111133E-01
  2.0354404E-01  3.9145289E+01  2.4768532E-01
  2.0643983E-01  3.8663126E+01  2.5442828E-01
  2.0937675E-01  3.8219710E+01  2.6134395E-01
  2.1235537E-01  3.7816527E+01  2.6843611E-01
  2.1537630E-01  3.7454836E+01  2.7570859E-01
  2.1844014E-01  3.7135656E+01  2.8316526E-01
  2.2154748E-01  3.6859759E+01  2.9081003E-01
  2.2469896E-01  3.6627665E+01  2.9864684E-01
  2.2789520E-01  3.6439634E+01  3.0667966E-01
  2.3113683E-01  3.6295662E+01  3.1491250E-01
  2.3442449E-01  3.6195481E+01  3.2334938E-01
  2.3775885E-01  3.6138557E+01  3.3199435E-01
  2.4114057E-01  3.6124092E+01  3.4085148E-01
  2.4457031E-01  3.6151025E+01  3.4992484E-01
  2.4804877E-01  3.6218042E+01  3.5921851E-01
  2.5157662E-01  3.6323575E+01  3.6873658E-01
  2.5515458E-01  3.6465818E+01  3.7848312E-01
  2.5878335E-01  3.6642734E+01  3.8846218E-01
  2.6246366E-01  3.6852067E+01  3.9867781E-01
  2.6619624E-01  3.7091356E+01  4.0913402E-01
  2.6998183E-01  3.7357948E+01  4.1983479E-01
  2.7382119E-01  3.7649018E+01  4.3078405E-01
  2.7771507E-01  3.7961580E+01  4.4198566E-01
  2.8166425E-01  3.8292513E+01  4.5344343E-01
  2.8566952E-01  3.8638575E+01  4.6516110E-01
  2.8973168E-01  3.8996421E+01  4.7714229E-01
  2.9385152E-01  3.9362631E+01  4.8939055E-01
  2.9802988E-01  3.9733723E+01  5.0190929E-01
  3.0226758E-01  4.0106180E+01  5.1470180E-01
  3.0656546E-01  4.0476467E+01  5.2777123E-01
  3.1092439E-01  4.0841058E+01  5.4112054E-01
  3.1534522E-01  4.1196452E+01  5.5475255E-01
  3.1982883E-01  4.1539200E+01  5.6866984E-01
  3.2437612E-01  4.1865920E+01  5.8287479E-01
  3.2898800E-01  4.2173325E+01  5.9736953E-01
  3.3366537E-01  4.2458235E+01  6.1215595E-01
  3.3840918E-01  4.2717601E+01  6.2723563E-01
  3.4322035E-01  4.2948521E+01  6.4260984E-01
  3.4809986E-01  4.3148259E+01  6.5827951E-01
  3.5304866E-01  4.3314257E+01  6.7424522E-01
  3.5806775E-01  4.3444153E+01  6.9050713E-01
  3.6315812E-01  4.3535793E+01  7.0706499E-01
  3.6832079E-01  4.3587238E+01  7.2391808E-01
  3.7355677E-01  4.3596780E+01  7.4106519E-01
  3.7886712E-01  4.3562948E+01  7.5850456E-01
  3.8425289E-01  4.3484511E+01  7.7623389E-01
  3.8971515E-01  4.3360486E+01  7.9425023E-01
  3.9525499E-01  4.3190141E+01  8.1255002E-01
  4.0087350E-01  4.2972994E+01  8.3112896E-01
  4.0657181E-01  4.2708812E+01  8.4998202E-01
  4.1235105E-01  4.2397614E+01  8.6910339E-01
  4.1821236E-01  4.2039659E+01  8.8848638E-01
  4.2415692E-01  4.1635447E+01  9.0812344E-01
  4.3018591E-01  4.1185709E+01  9.2800604E-01
  4.3630052E-01  4.0691402E+01  9.4812463E-01
  4.4250197E-01  4.0153692E+01  9.6846861E-01
  4.4879150E-01  3.9573953E+01  9.8902621E-01
  4.5517035E-01  3.8953747E+01  1.0097845E+00
  4.6163979E-01  3.8294815E+01  1.0307292E+00
  4.6820112E-01  3.7599062E+01  1.0518448E+00
  4.7485563E-01  3.6868545E+01  1.0731143E+00
  4.8160465E-01  3.6105453E+01  1.0945193E+00
  4.8844953E-01  3.5312094E+01  1.1160396E+00
  4.9539161E-01  3.4490882E+01  1.1376535E+00
  5.0243229E-01  3.3644315E+01  1.1593378E+00
  5.0957296E-01  3.2774962E+01  1.1810671E+00
  5.1681504E-01  3.1885448E+01  1.2028143E+00
  5.2415998E-01  3.0978432E+01  1.2245503E+00
  5.3160923E-01  3.0056598E+01  1.2462439E+00
  5.3916428E-01  2.9122636E+01  1.2678618E+00
  5.4682663E-01  2.8179224E+01  1.2893684E+00
  5.5459780E-01  2.7229018E+01  1.3107257E+00
  5.6247934E-01  2.6274637E+01  1.3318933E+00
  5.7047281E-01  2.5318645E+01  1.3528285E+00
  5.7857981E-01  2.4363546E+01  1.3734856E+00
  5.8680195E-01  2.3411763E+01  1.3938165E+00
  5.9514086E-01  2.2465636E+01  1.4137703E+00
  6.0359820E-01  2.1527406E+01  1.4332932E+00
  6.1217565E-01  2.0599207E+01  1.4523285E+00
  6.2087493E-01  1.9683062E+01  1.4708165E+00
  6.2969775E-01  1.8780869E+01  1.4886945E+00
  6.3864587E-01  1.7894402E+01  1.5058966E+00
  6.4772108E-01  1.7025302E+01  1.5223540E+00
  6.5692518E-01  1.6175072E+01  1.5379947E+00
  6.6626000E-01  1.5345082E+01  1.5527433E+00
  6.7572739E-01  1.4536557E+01  1.5665215E+00
  6.8532924E-01  1.3750583E+01  1.5792479E+00
  6.9506745E-01  1.2988106E+01  1.5908381E+00
  7.0494398E-01  1.2249933E+01  1.6012044E+00
  7.1496077E-01  1.1536733E+01  1.6102567E+00
  7.2511982E-01  1.0849041E+01  1.6179018E+00
  7.3542315E-01  1.0187259E+01  1.6240442E+00
  7.4587281E-01  9.5516672E+00  1.6285862E+00
  7.5647089E-01  8.9424193E+00  1.6314278E+00
  7.6721947E-01  8.3595550E+00  1.6324676E+00
  7.7812072E-01  7.8030033E+00  1.6316029E+00
  7.8917678E-01  7.2725890E+00  1.6287301E+00
  8.0038987E-01  6.7680402E+00  1.6237456E+00
  8.1176220E-01  6.2889951E+00  1.6165460E+00
  8.2329605E-01  5.8350104E+00  1.6070292E+00
  8.3499371E-01  5.4055686E+00  1.5950952E+00
  8.4685749E-01  5.0000870E+00  1.5806467E+00
  8.5888978E-01  4.6179254E+00  1.5635909E+00
  8.7109294E-01  4.2583945E+00  1.5438403E+00
  8.8346942E-01  3.9207639E+00  1.5213141E+00
  8.9602167E-01  3.6042697E+00  1.4959401E+00
  9.0875219E-01  3.3081214E+00  1.4676564E+00
  9.2166352E-01  3.0315085E+00  1.4364135E+00
  9.3475821E-01  2.7736069E+00  1.4021766E+00
  9.4803888E-01  2.5335835E+00  1.3649282E+00
  9.6150816E-01  2.3106022E+00  1.3246711E+00
  9.7516874E-01  2.1038275E+00  1.2814317E+00
  9.8902333E-01  1.9124295E+00  1.2352632E+00
  1.0030747E+00  1.7355870E+00  1.1862505E+00
  1.0173256E+00  1.5724912E+00  1.1345138E+00
  1.0317789E+00  1.4223488E+00  1.0802145E+00
  1.0464375E+00  1.2843848E+00  1.0235600E+00
  1.0613042E+00  1.1578448E+00  9.6481069E-01
  1.0763822E+00  1.0419973E+00  9.0428610E-01
  1.0916742E+00  9.3613546E-01  8.4237308E-01
  1.1071834E+00  8.3957837E-01  7.7953405E-01
  1.1229129E+00  7.5167265E-01  7.1631636E-01
  1.1388658E+00  6.7179312E-01  6.5336270E-01
  1.1550453E+00  5.9934355E-01  5.9142249E-01
  1.1714545E+00  5.3375702E-01  5.3136456E-01
  1.1880968E+00  4.7449612E-01  4.7419106E-01
  1.2049754E+00  4.2105290E-01  4.2105290E-01
  1.2220938E+00  3.7294863E-01  3.7294863E-01
  1.2394553E+00  3.2973341E-01  3.2973341E-01
  1.2570633E+00  2.9098558E-01  2.9098558E-01
  1.2749214E+00  2.5631105E-01  2.5631105E-01
  1.2930332E+00  2.2534248E-01  2.2534248E-01
  1.3114021E+00  1.9773839E-01  1.9773839E-01
  1.3300320E+00  1.7318214E-01  1.7318214E-01
  1.3489264E+00  1.5138094E-01  1.5138094E-01
  1.3680892E+00  1.3206469E-01  1.3206469E-01
  1.3875242E+00  1.1498493E-01  1.1498493E-01
  1.4072351E+00  9.9913612E-02  9.9913612E-02
  1.4272260E+00  8.6642024E-02  8.6642024E-02
  1.4475008E+00  7.4979579E-02  7.4979579E-02
  1.4680636E+00  6.4752699E-02  6.4752699E-02
  1.4889184E+00  5.5803687E-02  5.5803687E-02
  1.5100694E+00  4.7989630E-02  4.7989630E-02
  1.5315208E+00  4.1181333E-02  4.1181333E-02
  1.5532768E+00  3.5262296E-02  3.5262296E-02
  1.5753418E+00  3.0127721E-02  3.0127721E-02
  1.5977202E+00  2.5683578E-02  2.5683578E-02
  1.6204164E+00  2.1845699E-02  2.1845699E-02
  1.6434350E+00  1.8538940E-02  1.8538940E-02
  1.6667804E+00  1.5696375E-02  1.5696375E-02
  1.6904574E+00  1.3258549E-02  1.3258549E-02
  1.7144707E+00  1.1172776E-02  1.1172776E-02
  1.7388251E+00  9.3924888E-03  9.3924888E-03
  1.7635253E+00  7.8766289E-03  7.8766289E-03
  1.7885763E+00  6.5890913E-03  6.5890913E-03
  1.8139831E+00  5.4982075E-03  5.4982075E-03
  1.8397507E+00  4.5762725E-03  4.5762725E-03
  1.8658843E+00  3.7991125E-03  3.7991125E-03
  1.8923891E+00  3.1456907E-03  3.1456907E-03
  1.9192702E+00  2.5977495E-03  2.5977495E-03
  1.9465332E+00  2.1394855E-03  2.1394855E-03
  1.9741833E+00  1.7572578E-03  1.7572578E-03
  2.0022261E+00  1.4393239E-03  1.4393239E-03
  2.0306672E+00  1.1756042E-03  1.1756042E-03
  2.0595123E+00  9.5747099E-04  9.5747099E-04
  2.0887670E+00  7.7756029E-04  7.7756029E-04
  2.1184371E+00  6.2960517E-04  6.2960517E-04
  2.1485287E+00  5.0828794E-04  5.0828794E-04
  2.1790476E+00  4.0910981E-04  4.0910981E-04
  2.2100000E+00  3.2827634E-04  3.2827634E-04
  2.2413920E+00  2.6259693E-04  2.6259693E-04
  2.2732298E+00  2.0939705E-04  2.0939705E-04
  2.3055197E+00  1.6644187E-04  1.6644187E-04
  2.3382683E+00  1.3186991E-04  1.3186991E-04
  2.3714819E+00  1.0413571E-04  1.0413571E-04
  2.4051673E+00  8.1960377E-05  8.1960377E-05
  2.4393311E+00  6.4289156E-05  6.4289156E-05
  2.4739800E+00  5.0255077E-05  5.0255077E-05
  2.5091211E+00  3.9147969E-05  3.9147969E-05
  2.5447612E+00  3.0388128E-05  3.0388128E-05
  2.5809076E+00  2.3504020E-05  2.3504020E-05
  2.6175672E+00  1.8113466E-05  1.8113466E-05
  2.6547476E+00  1.3907838E-05  1.3907838E-05
  2.6924559E+00  1.0638818E-05  1.0638818E-05
  2.7306998E+00  8.1073629E-06  8.1073629E-06
  2.7694869E+00  6.1545269E-06  6.1545269E-06
  2.8088248E+00  4.6538736E-06  4.6538736E-06
  2.8487214E+00  3.5052177E-06  3.5052177E-06
  2.8891847E+00  2.6294878E-06  2.6294878E-06
  2.9302226E+00  1.9645269E-06  1.9645269E-06
  2.9718433E+00  1.4616721E-06  1.4616721E-06
  3.0140551E+00  1.0829818E-06  1.0829818E-06
  3.0568665E+00  7.9899736E-07  7.9899736E-07
  3.1002858E+00  5.8694282E-07  5.8694282E-07
  3.1443219E+00  4.2928473E-07  4.2928473E-07
  3.1889833E+00  3.1258403E-07  3.1258403E-07
  3.2342790E+00  2.2658543E-07  2.2658543E-07
  3.2802180E+00  1.6349810E-07  1.6349810E-07
  3.3268095E+00  1.1743034E-07  1.1743034E-07
  3.3740626E+00  8.3947094E-08  8.3947094E-08
  3.4219869E+00  5.9725428E-08  5.9725428E-08
  3.4705917E+00  4.2287420E-08  4.2287420E-08
  3.5198869E+00  2.9794154E-08  2.9794154E-08
  3.5698822E+00  2.0887578E-08  2.0887578E-08
  3.6205875E+00  1.4569714E-08  1.4569714E-08
  3.6720130E+00  1.0110863E-08  1.0110863E-08
  3.7241688E+00  6.9801939E-09  6.9801939E-09
  3.7770654E+00  4.7935388E-09  4.7935388E-09
  3.8307132E+00  3.2743220E-09  3.2743220E-09
  3.8851229E+00  2.2244843E-09  2.2244843E-09
  3.9403053E+00  1.5029552E-09  1.5029552E-09
  3.9962715E+00  1.0098034E-09  1.0098034E-09
  4.0530325E+00  6.7463160E-10  6.7463160E-10
  4.1105997E+00  4.4812576E-10  4.4812576E-10
  4.1689844E+00  2.9593773E-10  2.9593773E-10
  4.2281983E+00  1.9428141E-10  1.9428141E-10
  4.2882532E+00  1.2678134E-10  1.2678134E-10
  4.3491610E+00  8.2230858E-11  8.2230858E-11
  4.4109339E+00  5.3006759E-11  5.3006759E-11
  4.4735840E+00  3.3955152E-11  3.3955152E-11
  4.5371239E+00  2.1613177E-11  2.1613177E-11
  4.6015663E+00  1.3668785E-11  1.3668785E-11
  4.6669238E+00  8.5881219E-12  8.5881219E-12
  4.7332096E+00  5.3602245E-12  5.3602245E-12
  4.8004368E+00  3.3230934E-12  3.3230934E-12
  4.8686187E+00  2.0461367E-12  2.0461367E-12
  4.9377690E+00  1.2511706E-12  1.2511706E-12
  5.0079014E+00  7.5970495E-13  7.5970495E-13
  5.0790299E+00  4.5801125E-13  4.5801125E-13
  5.1511685E+00  2.7413589E-13  2.7413589E-13
  5.2243316E+00  1.6288065E-13  1.6288065E-13
  5.2985338E+00  9.6059813E-14  9.6059813E-14
  5.3737899E+00  5.6225974E-14  5.6225974E-14
  5.4501147E+00  3.2659467E-14  3.2659467E-14
  5.5275236E+00  1.8823979E-14  1.8823979E-14
  5.6060318E+00  1.0764574E-14  1.0764574E-14
  5.6856550E+00  6.1068561E-15  6.1068561E-15
  5.7664091E+00  3.4365741E-15  3.4365741E-15
  5.8483100E+00  1.9181040E-15  1.9181040E-15
  5.9313741E+00  1.0617141E-15  1.0617141E-15
  6.0156179E+00  5.8274965E-16  5.8274965E-16
  6.1010582E+00  3.1713541E-16  3.1713541E-16
  6.1877119E+00  1.7109777E-16  1.7109777E-16
  6.2755963E+00  9.1501611E-17  9.1501611E-17
  6.3647288E+00  4.8500370E-17  4.8500370E-17
  6.4551272E+00  2.5476485E-17  2.5476485E-17
  6.5468095E+00  1.3260401E-17  1.3260401E-17
  6.6397938E+00  6.8382033E-18  6.8382033E-18
  6.7340988E+00  3.4933277E-18  3.4933277E-18
  6.8297431E+00  1.7676302E-18  1.7676302E-18
  6.9267458E+00  8.8580922E-19  8.8580922E-19
  7.0251261E+00  4.3956850E-19  4.3956850E-19
  7.1249036E+00  2.1596853E-19  2.1596853E-19
  7.2260982E+00  1.0504390E-19  1.0504390E-19
  7.3287300E+00  5.0571477E-20  5.0571477E-20
  7.4328194E+00  2.4095267E-20  2.4095267E-20
  7.5383871E+00  1.1360174E-20  1.1360174E-20
  7.6454541E+00  5.2990771E-21  5.2990771E-21
  7.7540416E+00  2.4451821E-21  2.4451821E-21
  7.8641714E+00  1.1159651E-21  1.1159651E-21
  7.9758653E+00  5.0367461E-22  5.0367461E-22
  8.0891454E+00  2.2477093E-22  2.2477093E-22
  8.2040344E+00  9.9163163E-23  9.9163163E-23
  8.3205551E+00  4.3242338E-23  4.3242338E-23
  8.4387306E+00  1.8635624E-23  1.8635624E-23
  8.5585845E+00  7.9356206E-24  7.9356206E-24
  8.6801406E+00  3.3384431E-24  3.3384431E-24
  8.8034230E+00  1.3872623E-24  1.3872623E-24
  8.9284564E+00  5.6930865E-25  5.6930865E-25
  9.0552655E+00  2.3069256E-25  2.3069256E-25
  9.1838755E+00  9.2286242E-26  9.2286242E-26
  9.3143121E+00  3.6439945E-26  3.6439945E-26
  9.4466012E+00  1.4199551E-26  1.4199551E-26
  9.5807691E+00  5.4594043E-27  5.4594043E-27
  9.7168425E+00  2.0706475E-27  2.0706475E-27
  9.8548485E+00  7.7459149E-28  7.7459149E-28
  9.9948144E+00  2.8573214E-28  2.8573214E-28
  1.0136768E+01  1.0391502E-28  1.0391502E-28
  1.0280738E+01  3.7251364E-29  3.7251364E-29
  1.0426752E+01  1.3160165E-29  1.3160165E-29
  1.0574841E+01  4.5808393E-30  4.5808393E-30
  1.0725032E+01  1.5707298E-30  1.5707298E-30
  1.0877357E+01  5.3044119E-31  5.3044119E-31
  1.1031845E+01  1.7638272E-31  1.7638272E-31
  1.1188526E+01  5.7738239E-32  5.7738239E-32
  1.1347434E+01  1.8602119E-32  1.8602119E-32
  1.1508598E+01  5.8973095E-33  5.8973095E-33
  1.1672050E+01  1.8392377E-33  1.8392377E-33
  1.1837825E+01  5.6417334E-34  5.6417334E-34
  1.2005953E+01  1.7016679E-34  1.7016679E-34
  1.2176470E+01  5.0456816E-35  5.0456816E-35
  1.2349408E+01  1.4704199E-35  1.4704199E-35
  1.2524802E+01  4.2104784E-36  4.2104784E-36
  1.2702687E+01  1.1843511E-36  1.1843511E-36
  1.2883099E+01  3.2717278E-37  3.2717278E-37
  1.3066073E+01  8.8737771E-38  8.8737771E-38
  1.3251645E+01  2.3624345E-38  2.3624345E-38
  1.3439853E+01  6.1718357E-39  6.1718357E-39
  1.3630735E+01  1.5818084E-39  1.5818084E-39
  1.3824327E+01  3.9761066E-40  3.9761066E-40
  1.4020668E+01  9.7995151E-41  9.7995151E-41
  1.4219798E+01  2.3673877E-41  2.3673877E-41
  1.4421756E+01  5.6043628E-42  5.6043628E-42
  1.4626582E+01  1.2997113E-42  1.2997113E-42
  1.4834317E+01  2.9518954E-43  2.9518954E-43
  1.5045003E+01  6.5638093E-44  6.5638093E-44
  1.5258681E+01  1.4284898E-44  1.4284898E-44
  1.5475393E+01  3.0417782E-45  3.0417782E-45
  1.5695183E+01  6.3353098E-46  6.3353098E-46
  1.5918095E+01  1.2901982E-46  1.2901982E-46
  1.6144173E+01  2.5683202E-47  2.5683202E-47
  1.6373461E+01  4.9957359E-48  4.9957359E-48
  1.6606006E+01  9.4920103E-49  9.4920103E-49
  1.6841853E+01  1.7610578E-49  1.7610578E-49
  1.7081050E+01  3.1892696E-50  3.1892696E-50
  1.7323645E+01  5.6357779E-51  5.6357779E-51
  1.7569684E+01  9.7140755E-52  9.7140755E-52
  1.7819218E+01  1.6325673E-52  1.6325673E-52
  1.8072296E+01  2.6742180E-53  2.6742180E-53
  1.8328968E+01  4.2678542E-54  4.2678542E-54
  1.8589285E+01  6.6334160E-55  6.6334160E-55
  1.8853300E+01  1.0037010E-55  1.0037010E-55
  1.9121064E+01  1.4778562E-56  1.4778562E-56
  1.9392631E+01  2.1165984E-57  2.1165984E-57
  1.9668055E+01  2.9473894E-58  2.9473894E-58
  1.9947390E+01  3.9887783E-59  3.9887783E-59
  2.0230693E+01  5.2438767E-60  5.2438767E-60
  2.0518019E+01  6.6938846E-61  6.6938846E-61
  2.0809426E+01  8.2930853E-62  8.2930853E-62
  2.1104971E+01  9.9669227E-63  9.9669227E-63
  2.1404714E+01  1.1614586E-63  1.1614586E-63
  2.1708714E+01  1.3116875E-64  1.3116875E-64
  2.2017031E+01  1.4349037E-65  1.4349037E-65
  2.2329728E+01  1.5197006E-66  1.5197006E-66
  2.2646865E+01  1.5574299E-67  1.5574299E-67
  2.2968506E+01  1.5436244E-68  1.5436244E-68
  2.3294715E+01  1.4788349E-69  1.4788349E-69
  2.3625557E+01  1.3686731E-70  1.3686731E-70
  2.3961098E+01  1.2230194E-71  1.2230194E-71
  2.4301405E+01  1.0545487E-72  1.0545487E-72
  2.4646544E+01  8.7687923E-74  8.7687923E-74
  2.4996585E+01  7.0272784E-75  7.0272784E-75
  2.5351598E+01  5.4242154E-76  5.4242154E-76
  2.5711652E+01  4.0300548E-77  4.0300548E-77
  2.6076820E+01  2.8802129E-78  2.8802129E-78
  2.6447174E+01  1.9787298E-79  1.9787298E-79
  2.6822789E+01  1.3058654E-80  1.3058654E-80
  2.7203737E+01  8.2728462E-82  8.2728462E-82
  2.7590096E+01  5.0274001E-83  5.0274001E-83
  2.7981942E+01  2.9284899E-84  2.9284899E-84
  2.8379354E+01  1.6339089E-85  1.6339089E-85
  2.8782409E+01  8.7248905E-87  8.7248905E-87
  2.9191189E+01  4.4554970E-88  4.4554970E-88
  2.9605774E+01  2.1741226E-89  2.1741226E-89
  3.0026247E+01  1.0128911E-90  1.0128911E-90
  3.0452692E+01  4.5015567E-92  4.5015567E-92
  3.0885194E+01  1.9068012E-93  1.9068012E-93
  3.1323838E+01  7.6913601E-95  7.6913601E-95
  3.1768711E+01  2.9516099E-96  2.9516099E-96
  3.2219903E+01  1.0766299E-97  1.0766299E-97
  3.2677503E+01  3.7291467E-99  3.7291467E-99
  3.3141602E+01  1.2253558-100  1.2253558-100
  3.3612292E+01  3.8158291-102  3.8158291-102
  3.4089667E+01  1.1249770-103  1.1249770-103
  3.4573821E+01  3.1366820-105  3.1366820-105
  3.5064852E+01  8.2623465-107  8.2623465-107
  3.5562856E+01  2.0538360-108  2.0538360-108
  3.6067934E+01  4.8125006-110  4.8125006-110
  3.6580184E+01  1.0617478-111  1.0617478-111
  3.7099710E+01  2.2029774-113  2.2029774-113
  3.7626614E+01  4.2935748-115  4.2935748-115
  3.8161001E+01  7.8509168-117  7.8509168-117
  3.8702978E+01  1.3451664-118  1.3451664-118
  3.9252652E+01  2.1569391-120  2.1569391-120
  3.9810132E+01  3.2325719-122  3.2325719-122
  4.0375530E+01  4.5220933-124  4.5220933-124
  4.0948958E+01  5.8970544-126  5.8970544-126
  4.1530530E+01  7.1589486-128  7.1589486-128
  4.2120362E+01  8.0795530-130  8.0795530-130
  4.2718570E+01  8.4653813-132  8.4653813-132
  4.3325275E+01  8.2227288-134  8.2227288-134
  4.3940596E+01  7.3939634-136  7.3939634-136
  4.4564656E+01  6.1461772-138  6.1461772-138
  4.5197578E+01  4.7159298-140  4.7159298-140
  4.5839490E+01  3.3352322-142  3.3352322-142
  4.6490519E+01  2.1708904-144  2.1708904-144
  4.7150793E+01  1.2985376-146  1.2985376-146
  4.7820445E+01  7.1272749-149  7.1272749-149
  4.8499608E+01  3.5841718-151  3.5841718-151
  4.9188416E+01  1.6488894-153  1.6488894-153
  4.9887006E+01  6.9289997-156  6.9289997-156
  5.0595519E+01  0.0000000E+00  0.0000000E+00
  5.1314093E+01  0.0000000E+00  0.0000000E+00
  5.2042873E+01  0.0000000E+00  0.0000000E+00
  5.2782004E+01  0.0000000E+00  0.0000000E+00
  5.3531632E+01  0.0000000E+00  0.0000000E+00
  5.4291906E+01  0.0000000E+00  0.0000000E+00
  5.5062977E+01  0.0000000E+00  0.0000000E+00
  5.5845000E+01  0.0000000E+00  0.0000000E+00
  5.6638129E+01  0.0000000E+00  0.0000000E+00
  5.7442522E+01  0.0000000E+00  0.0000000E+00
  5.8258340E+01  0.0000000E+00  0.0000000E+00
  5.9085744E+01  0.0000000E+00  0.0000000E+00
  5.9924899E+01  0.0000000E+00  0.0000000E+00
  6.0775972E+01  0.0000000E+00  0.0000000E+00
  6.1639131E+01  0.0000000E+00  0.0000000E+00
  6.2514550E+01  0.0000000E+00  0.0000000E+00
  6.3402402E+01  0.0000000E+00  0.0000000E+00
  6.4302863E+01  0.0000000E+00  0.0000000E+00
  6.5216113E+01  0.0000000E+00  0.0000000E+00
  6.6142333E+01  0.0000000E+00  0.0000000E+00
  6.7081707E+01  0.0000000E+00  0.0000000E+00
  6.8034422E+01  0.0000000E+00  0.0000000E+00
  6.9000669E+01  0.0000000E+00  0.0000000E+00
  6.9980638E+01  0.0000000E+00  0.0000000E+00
  7.0974525E+01  0.0000000E+00  0.0000000E+00
  7.1982527E+01  0.0000000E+00  0.0000000E+00
  7.3004845E+01  0.0000000E+00  0.0000000E+00
  7.4041682E+01  0.0000000E+00  0.0000000E+00
  7.5093245E+01  0.0000000E+00  0.0000000E+00
  7.6159742E+01  0.0000000E+00  0.0000000E+00
  7.7241386E+01  0.0000000E+00  0.0000000E+00
  7.8338392E+01  0.0000000E+00  0.0000000E+00
  7.9450978E+01  0.0000000E+00  0.0000000E+00
  8.0579365E+01  0.0000000E+00  0.0000000E+00
  8.1723777E+01  0.0000000E+00  0.0000000E+00
  8.2884443E+01  0.0000000E+00  0.0000000E+00
  8.4061592E+01  0.0000000E+00  0.0000000E+00
  8.5255460E+01  0.0000000E+00  0.0000000E+00
  8.6466284E+01  0.0000000E+00  0.0000000E+00
  8.7694304E+01  0.0000000E+00  0.0000000E+00
  8.8939764E+01  0.0000000E+00  0.0000000E+00
  9.0202913E+01  0.0000000E+00  0.0000000E+00
  9.1484002E+01  0.0000000E+00  0.0000000E+00
  9.2783284E+01  0.0000000E+00  0.0000000E+00
  9.4101020E+01  0.0000000E+00  0.0000000E+00
  9.5437470E+01  0.0000000E+00  0.0000000E+00
  9.6792901E+01  0.0000000E+00  0.0000000E+00
  9.8167582E+01  0.0000000E+00  0.0000000E+00
  9.9561787E+01  0.0000000E+00  0.0000000E+00
  1.0097579E+02  0.0000000E+00  0.0000000E+00
  1.0240988E+02  0.0000000E+00  0.0000000E+00
  1.0386433E+02  0.0000000E+00  0.0000000E+00
  1.0533945E+02  0.0000000E+00  0.0000000E+00
  1.0683551E+02  0.0000000E+00  0.0000000E+00
  1.0835282E+02  0.0000000E+00  0.0000000E+00
  1.0989167E+02  0.0000000E+00  0.0000000E+00
  1.1145239E+02  0.0000000E+00  0.0000000E+00
  1.1303526E+02  0.0000000E+00  0.0000000E+00
  1.1464062E+02  0.0000000E+00  0.0000000E+00
  1.1626878E+02  0.0000000E+00  0.0000000E+00
  1.1792006E+02  0.0000000E+00  0.0000000E+00
  1.1959480E+02  0.0000000E+00  0.0000000E+00
  1.2129332E+02  0.0000000E+00  0.0000000E+00
  1.2301596E+02  0.0000000E+00  0.0000000E+00
  1.2476307E+02  0.0000000E+00  0.0000000E+00
  1.2653499E+02  0.0000000E+00  0.0000000E+00
  1.2833207E+02  0.0000000E+00  0.0000000E+00
  1.3015468E+02  0.0000000E+00  0.0000000E+00
  1.3200317E+02  0.0000000E+00  0.0000000E+00
  1.3387792E+02  0.0000000E+00  0.0000000E+00
  1.3577929E+02  0.0000000E+00  0.0000000E+00
  1.3770766E+02  0.0000000E+00  0.0000000E+00
  1.3966343E+02  0.0000000E+00  0.0000000E+00
  1.4164697E+02  0.0000000E+00  0.0000000E+00
  1.4365867E+02  0.0000000E+00  0.0000000E+00
  1.4569895E+02  0.0000000E+00  0.0000000E+00
  1.4776821E+02  0.0000000E+00  0.0000000E+00
  1.4986686E+02  0.0000000E+00  0.0000000E+00
  1.5199531E+02  0.0000000E+00  0.0000000E+00
  1.5415398E+02  0.0000000E+00  0.0000000E+00
  1.5634332E+02  0.0000000E+00  0.0000000E+00
  1.5856375E+02  0.0000000E+00  0.0000000E+00
  1.6081572E+02  0.0000000E+00  0.0000000E+00
  1.6309967E+02  0.0000000E+00  0.0000000E+00
  1.6541605E+02  0.0000000E+00  0.0000000E+00
  1.6776534E+02  0.0000000E+00  0.0000000E+00
  1.7014798E+02  0.0000000E+00  0.0000000E+00
  1.7256447E+02  0.0000000E+00  0.0000000E+00
  1.7501528E+02  0.0000000E+00  0.0000000E+00
  1.7750089E+02  0.0000000E+00  0.0000000E+00
  1.8002181E+02  0.0000000E+00  0.0000000E+00
  1.8257853E+02  0.0000000E+00  0.0000000E+00
  1.8517155E+02  0.0000000E+00  0.0000000E+00
  1.8780141E+02  0.0000000E+00  0.0000000E+00
  1.9046862E+02  0.0000000E+00  0.0000000E+00
  1.9317370E+02  0.0000000E+00  0.0000000E+00
  1.9591721E+02  0.0000000E+00  0.0000000E+00
  1.9869967E+02  0.0000000E+00  0.0000000E+00
  2.0152166E+02  0.0000000E+00  0.0000000E+00
