   0.0000000E+00  -9.7459002E+02   0.0000000E+00
   5.0071180E-06   1.9362611E+03   1.8695041E-19
   1.0085348E-05   2.2830859E+03   3.0770795E-18
   1.5235701E-05   2.0469211E+03   1.6025990E-17
   2.0459200E-05   2.0713063E+03   5.2111035E-17
   2.5756884E-05   2.0622729E+03   1.3090265E-16
   3.1129808E-05   2.0453979E+03   2.7930639E-16
   3.6579039E-05   2.0369771E+03   5.3248119E-16
   4.2105661E-05   2.0322992E+03   9.3483955E-16
   4.7710774E-05   2.0304234E+03   1.5411360E-15
   5.3395492E-05   2.0307829E+03   2.4176502E-15
   5.9160945E-05   2.0330414E+03   3.6434728E-15
   6.5008281E-05   2.0369334E+03   5.3118995E-15
   7.0938662E-05   2.0422400E+03   7.5319442E-15
   7.6953268E-05   2.0487875E+03   1.0429978E-14
   8.3053295E-05   2.0564377E+03   1.4151503E-14
   8.9239956E-05   2.0650793E+03   1.8863075E-14
   9.5514481E-05   2.0746226E+03   2.4754377E-14
   1.0187812E-04   2.0849948E+03   3.2040463E-14
   1.0833213E-04   2.0961367E+03   4.0964184E-14
   1.1487781E-04   2.1080002E+03   5.1798802E-14
   1.2151645E-04   2.1205460E+03   6.4850813E-14
   1.2824938E-04   2.1337424E+03   8.0462985E-14
   1.3507792E-04   2.1475635E+03   9.9017644E-14
   1.4200345E-04   2.1619888E+03   1.2094020E-13
   1.4902733E-04   2.1770018E+03   1.4670295E-13
   1.5615097E-04   2.1925895E+03   1.7682916E-13
   1.6337579E-04   2.2087420E+03   2.1189751E-13
   1.7070321E-04   2.2254517E+03   2.5254676E-13
   1.7813469E-04   2.2427132E+03   2.9948090E-13
   1.8567172E-04   2.2605231E+03   3.5347455E-13
   1.9331579E-04   2.2788791E+03   4.1537891E-13
   2.0106843E-04   2.2977807E+03   4.8612800E-13
   2.0893117E-04   2.3172282E+03   5.6674544E-13
   2.1690558E-04   2.3372232E+03   6.5835172E-13
   2.2499324E-04   2.3577680E+03   7.6217198E-13
   2.3319577E-04   2.3788657E+03   8.7954435E-13
   2.4151479E-04   2.4005203E+03   1.0119289E-12
   2.4995196E-04   2.4227364E+03   1.1609172E-12
   2.5850895E-04   2.4455191E+03   1.3282427E-12
   2.6718748E-04   2.4688741E+03   1.5157915E-12
   2.7598925E-04   2.4928078E+03   1.7256145E-12
   2.8491604E-04   2.5173268E+03   1.9599395E-12
   2.9396960E-04   2.5424384E+03   2.2211852E-12
   3.0315175E-04   2.5681504E+03   2.5119754E-12
   3.1246430E-04   2.5944707E+03   2.8351542E-12
   3.2190911E-04   2.6214080E+03   3.1938031E-12
   3.3148806E-04   2.6489712E+03   3.5912581E-12
   3.4120305E-04   2.6771697E+03   4.0311289E-12
   3.5105602E-04   2.7060132E+03   4.5173188E-12
   3.6104892E-04   2.7355119E+03   5.0540466E-12
   3.7118374E-04   2.7656763E+03   5.6458692E-12
   3.8146249E-04   2.7965173E+03   6.2977068E-12
   3.9188723E-04   2.8280462E+03   7.0148683E-12
   4.0246003E-04   2.8602747E+03   7.8030801E-12
   4.1318298E-04   2.8932147E+03   8.6685158E-12
   4.2405822E-04   2.9268788E+03   9.6178279E-12
   4.3508792E-04   2.9612797E+03   1.0658182E-11
   4.4627426E-04   2.9964306E+03   1.1797294E-11
   4.5761947E-04   3.0323451E+03   1.3043466E-11
   4.6912581E-04   3.0690371E+03   1.4405633E-11
   4.8079557E-04   3.1065210E+03   1.5893401E-11
   4.9263106E-04   3.1448114E+03   1.7517099E-11
   5.0463464E-04   3.1839235E+03   1.9287825E-11
   5.1680870E-04   3.2238728E+03   2.1217503E-11
   5.2915566E-04   3.2646753E+03   2.3318939E-11
   5.4167797E-04   3.3063471E+03   2.5605880E-11
   5.5437813E-04   3.3489051E+03   2.8093080E-11
   5.6725866E-04   3.3923664E+03   3.0796370E-11
   5.8032212E-04   3.4367486E+03   3.3732730E-11
   5.9357112E-04   3.4820697E+03   3.6920367E-11
   6.0700827E-04   3.5283480E+03   4.0378800E-11
   6.2063627E-04   3.5756024E+03   4.4128947E-11
   6.3445781E-04   3.6238523E+03   4.8193221E-11
   6.4847565E-04   3.6731174E+03   5.2595628E-11
   6.6269258E-04   3.7234179E+03   5.7361878E-11
   6.7711141E-04   3.7747745E+03   6.2519497E-11
   6.9173503E-04   3.8272083E+03   6.8097945E-11
   7.0656634E-04   3.8807409E+03   7.4128751E-11
   7.2160828E-04   3.9353944E+03   8.0645648E-11
   7.3686385E-04   3.9911915E+03   8.7684717E-11
   7.5233609E-04   4.0481552E+03   9.5284545E-11
   7.6802806E-04   4.1063091E+03   1.0348639E-10
   7.8394290E-04   4.1656773E+03   1.1233435E-10
   8.0008376E-04   4.2262846E+03   1.2187558E-10
   8.1645386E-04   4.2881559E+03   1.3216043E-10
   8.3305645E-04   4.3513171E+03   1.4324272E-10
   8.4989484E-04   4.4157944E+03   1.5517995E-10
   8.6697237E-04   4.4816146E+03   1.6803349E-10
   8.8429244E-04   4.5488050E+03   1.8186890E-10
   9.0185849E-04   4.6173937E+03   1.9675618E-10
   9.1967402E-04   4.6874091E+03   2.1277003E-10
   9.3774256E-04   4.7588803E+03   2.2999018E-10
   9.5606773E-04   4.8318372E+03   2.4850171E-10
   9.7465315E-04   4.9063099E+03   2.6839542E-10
   9.9350253E-04   4.9823294E+03   2.8976814E-10
   1.0126196E-03   5.0599273E+03   3.1272315E-10
   1.0320082E-03   5.1391358E+03   3.3737063E-10
   1.0516721E-03   5.2199878E+03   3.6382802E-10
   1.0716154E-03   5.3025167E+03   3.9222058E-10
   1.0918418E-03   5.3867566E+03   4.2268178E-10
   1.1123555E-03   5.4727425E+03   4.5535394E-10
   1.1331606E-03   5.5605098E+03   4.9038870E-10
   1.1542611E-03   5.6500948E+03   5.2794765E-10
   1.1756613E-03   5.7415343E+03   5.6820299E-10
   1.1973655E-03   5.8348659E+03   6.1133812E-10
   1.2193779E-03   5.9301279E+03   6.5754846E-10
   1.2417029E-03   6.0273595E+03   7.0704209E-10
   1.2643450E-03   6.1266004E+03   7.6004064E-10
   1.2873086E-03   6.2278912E+03   8.1678013E-10
   1.3105984E-03   6.3312730E+03   8.7751181E-10
   1.3342189E-03   6.4367881E+03   9.4250319E-10
   1.3581750E-03   6.5444791E+03   1.0120391E-09
   1.3824712E-03   6.6543897E+03   1.0864225E-09
   1.4071125E-03   6.7665642E+03   1.1659761E-09
   1.4321038E-03   6.8810479E+03   1.2510431E-09
   1.4574500E-03   6.9978867E+03   1.3419889E-09
   1.4831562E-03   7.1171274E+03   1.4392020E-09
   1.5092274E-03   7.2388177E+03   1.5430960E-09
   1.5356689E-03   7.3630059E+03   1.6541108E-09
   1.5624860E-03   7.4897413E+03   1.7727141E-09
   1.5896839E-03   7.6190740E+03   1.8994035E-09
   1.6172681E-03   7.7510550E+03   2.0347084E-09
   1.6452441E-03   7.8857360E+03   2.1791914E-09
   1.6736173E-03   8.0231698E+03   2.3334509E-09
   1.7023936E-03   8.1634098E+03   2.4981232E-09
   1.7315785E-03   8.3065104E+03   2.6738846E-09
   1.7611779E-03   8.4525269E+03   2.8614542E-09
   1.7911977E-03   8.6015154E+03   3.0615963E-09
   1.8216438E-03   8.7535329E+03   3.2751234E-09
   1.8525224E-03   8.9086372E+03   3.5028989E-09
   1.8838394E-03   9.0668872E+03   3.7458404E-09
   1.9156013E-03   9.2283426E+03   4.0049230E-09
   1.9478142E-03   9.3930637E+03   4.2811829E-09
   1.9804847E-03   9.5611121E+03   4.5757210E-09
   2.0136191E-03   9.7325501E+03   4.8897070E-09
   2.0472241E-03   9.9074408E+03   5.2243836E-09
   2.0813064E-03   1.0085848E+04   5.5810707E-09
   2.1158728E-03   1.0267838E+04   5.9611707E-09
   2.1509300E-03   1.0453475E+04   6.3661728E-09
   2.1864852E-03   1.0642826E+04   6.7976591E-09
   2.2225453E-03   1.0835959E+04   7.2573094E-09
   2.2591175E-03   1.1032942E+04   7.7469080E-09
   2.2962091E-03   1.1233845E+04   8.2683495E-09
   2.3338276E-03   1.1438737E+04   8.8236456E-09
   2.3719803E-03   1.1647690E+04   9.4149325E-09
   2.4106748E-03   1.1860775E+04   1.0044478E-08
   2.4499189E-03   1.2078066E+04   1.0714690E-08
   2.4897204E-03   1.2299634E+04   1.1428125E-08
   2.5300871E-03   1.2525555E+04   1.2187497E-08
   2.5710271E-03   1.2755903E+04   1.2995685E-08
   2.6125486E-03   1.2990754E+04   1.3855747E-08
   2.6546598E-03   1.3230184E+04   1.4770929E-08
   2.6973690E-03   1.3474271E+04   1.5744675E-08
   2.7406848E-03   1.3723092E+04   1.6780641E-08
   2.7846158E-03   1.3976725E+04   1.7882704E-08
   2.8291707E-03   1.4235250E+04   1.9054983E-08
   2.8743583E-03   1.4498746E+04   2.0301846E-08
   2.9201878E-03   1.4767293E+04   2.1627928E-08
   2.9666681E-03   1.5040973E+04   2.3038146E-08
   3.0138086E-03   1.5319865E+04   2.4537721E-08
   3.0616185E-03   1.5604053E+04   2.6132187E-08
   3.1101075E-03   1.5893619E+04   2.7827419E-08
   3.1592851E-03   1.6188644E+04   2.9629648E-08
   3.2091611E-03   1.6489211E+04   3.1545483E-08
   3.2597455E-03   1.6795405E+04   3.3581938E-08
   3.3110483E-03   1.7107307E+04   3.5746450E-08
   3.3630798E-03   1.7425003E+04   3.8046907E-08
   3.4158501E-03   1.7748575E+04   4.0491680E-08
   3.4693700E-03   1.8078107E+04   4.3089641E-08
   3.5236499E-03   1.8413684E+04   4.5850205E-08
   3.5787008E-03   1.8755389E+04   4.8783354E-08
   3.6345335E-03   1.9103305E+04   5.1899675E-08
   3.6911591E-03   1.9457517E+04   5.5210394E-08
   3.7485889E-03   1.9818108E+04   5.8727417E-08
   3.8068344E-03   2.0185160E+04   6.2463368E-08
   3.8659071E-03   2.0558757E+04   6.6431633E-08
   3.9258188E-03   2.0938980E+04   7.0646407E-08
   3.9865813E-03   2.1325911E+04   7.5122738E-08
   4.0482068E-03   2.1719630E+04   7.9876582E-08
   4.1107075E-03   2.2120219E+04   8.4924857E-08
   4.1740959E-03   2.2527756E+04   9.0285498E-08
   4.2383845E-03   2.2942319E+04   9.5977519E-08
   4.3035862E-03   2.3363986E+04   1.0202108E-07
   4.3697139E-03   2.3792833E+04   1.0843754E-07
   4.4367807E-03   2.4228936E+04   1.1524956E-07
   4.5048001E-03   2.4672366E+04   1.2248115E-07
   4.5737854E-03   2.5123197E+04   1.3015777E-07
   4.6437506E-03   2.5581498E+04   1.3830638E-07
   4.7147093E-03   2.6047338E+04   1.4695559E-07
   4.7866759E-03   2.6520784E+04   1.5613571E-07
   4.8596645E-03   2.7001901E+04   1.6587886E-07
   4.9336898E-03   2.7490750E+04   1.7621909E-07
   5.0087663E-03   2.7987392E+04   1.8719248E-07
   5.0849092E-03   2.8491885E+04   1.9883728E-07
   5.1621334E-03   2.9004282E+04   2.1119401E-07
   5.2404543E-03   2.9524638E+04   2.2430562E-07
   5.3198877E-03   3.0053000E+04   2.3821763E-07
   5.4004491E-03   3.0589415E+04   2.5297828E-07
   5.4821547E-03   3.1133925E+04   2.6863866E-07
   5.5650207E-03   3.1686569E+04   2.8525295E-07
   5.6490636E-03   3.2247384E+04   3.0287853E-07
   5.7343000E-03   3.2816400E+04   3.2157622E-07
   5.8207471E-03   3.3393646E+04   3.4141043E-07
   5.9084218E-03   3.3979144E+04   3.6244946E-07
   5.9973418E-03   3.4572913E+04   3.8476562E-07
   6.0875246E-03   3.5174967E+04   4.0843556E-07
   6.1789882E-03   3.5785315E+04   4.3354048E-07
   6.2717508E-03   3.6403962E+04   4.6016641E-07
   6.3658308E-03   3.7030906E+04   4.8840449E-07
   6.4612470E-03   3.7666140E+04   5.1835128E-07
   6.5580183E-03   3.8309652E+04   5.5010907E-07
   6.6561639E-03   3.8961422E+04   5.8378623E-07
   6.7557035E-03   3.9621425E+04   6.1949757E-07
   6.8566567E-03   4.0289631E+04   6.5736471E-07
   6.9590437E-03   4.0966000E+04   6.9751646E-07
   7.0628849E-03   4.1650488E+04   7.4008932E-07
   7.1682008E-03   4.2343041E+04   7.8522784E-07
   7.2750124E-03   4.3043600E+04   8.3308515E-07
   7.3833410E-03   4.3752096E+04   8.8382346E-07
   7.4932081E-03   4.4468453E+04   9.3761459E-07
   7.6046355E-03   4.5192588E+04   9.9464052E-07
   7.7176455E-03   4.5924407E+04   1.0550940E-06
   7.8322605E-03   4.6663808E+04   1.1191792E-06
   7.9485033E-03   4.7410680E+04   1.1871125E-06
   8.0663969E-03   4.8164904E+04   1.2591227E-06
   8.1859649E-03   4.8926349E+04   1.3354526E-06
   8.3072311E-03   4.9694875E+04   1.4163590E-06
   8.4302195E-03   5.0470333E+04   1.5021140E-06
   8.5549546E-03   5.1252562E+04   1.5930059E-06
   8.6814613E-03   5.2041391E+04   1.6893398E-06
   8.8097646E-03   5.2836637E+04   1.7914390E-06
   8.9398901E-03   5.3638108E+04   1.8996457E-06
   9.0718637E-03   5.4445599E+04   2.0143226E-06
   9.2057116E-03   5.5258892E+04   2.1358536E-06
   9.3414604E-03   5.6077761E+04   2.2646451E-06
   9.4791372E-03   5.6901963E+04   2.4011277E-06
   9.6187693E-03   5.7731246E+04   2.5457574E-06
   9.7603845E-03   5.8565344E+04   2.6990170E-06
   9.9040109E-03   5.9403978E+04   2.8614176E-06
   1.0049677E-02   6.0246856E+04   3.0335008E-06
   1.0197412E-02   6.1093674E+04   3.2158398E-06
   1.0347245E-02   6.1944113E+04   3.4090416E-06
   1.0499207E-02   6.2797841E+04   3.6137491E-06
   1.0653326E-02   6.3654511E+04   3.8306428E-06
   1.0809634E-02   6.4513764E+04   4.0604435E-06
   1.0968162E-02   6.5375226E+04   4.3039143E-06
   1.1128942E-02   6.6238508E+04   4.5618631E-06
   1.1292005E-02   6.7103208E+04   4.8351456E-06
   1.1457384E-02   6.7968908E+04   5.1246675E-06
   1.1625111E-02   6.8835178E+04   5.4313881E-06
   1.1795221E-02   6.9701570E+04   5.7563228E-06
   1.1967747E-02   7.0567625E+04   6.1005467E-06
   1.2142723E-02   7.1432867E+04   6.4651984E-06
   1.2320184E-02   7.2296807E+04   6.8514829E-06
   1.2500165E-02   7.3158939E+04   7.2606765E-06
   1.2682703E-02   7.4018746E+04   7.6941301E-06
   1.2867833E-02   7.4875694E+04   8.1532740E-06
   1.3055592E-02   7.5729236E+04   8.6396227E-06
   1.3246017E-02   7.6578811E+04   9.1547792E-06
   1.3439148E-02   7.7423842E+04   9.7004409E-06
   1.3635021E-02   7.8263741E+04   1.0278405E-05
   1.3833676E-02   7.9097905E+04   1.0890573E-05
   1.4035152E-02   7.9925719E+04   1.1538960E-05
   1.4239490E-02   8.0746553E+04   1.2225697E-05
   1.4446730E-02   8.1559767E+04   1.2953042E-05
   1.4656913E-02   8.2364707E+04   1.3723383E-05
   1.4870081E-02   8.3160708E+04   1.4539251E-05
   1.5086276E-02   8.3947094E+04   1.5403324E-05
   1.5305542E-02   8.4723177E+04   1.6318435E-05
   1.5527922E-02   8.5488259E+04   1.7287585E-05
   1.5753461E-02   8.6241634E+04   1.8313952E-05
   1.5982202E-02   8.6982585E+04   1.9400898E-05
   1.6214193E-02   8.7710387E+04   2.0551983E-05
   1.6449478E-02   8.8424309E+04   2.1770974E-05
   1.6688104E-02   8.9123610E+04   2.3061860E-05
   1.6930120E-02   8.9807545E+04   2.4428863E-05
   1.7175572E-02   9.0475363E+04   2.5876453E-05
   1.7424511E-02   9.1126309E+04   2.7409361E-05
   1.7676985E-02   9.1759623E+04   2.9032595E-05
   1.7933045E-02   9.2374545E+04   3.0751454E-05
   1.8192742E-02   9.2970311E+04   3.2571551E-05
   1.8456127E-02   9.3546157E+04   3.4498823E-05
   1.8723252E-02   9.4101321E+04   3.6539558E-05
   1.8994171E-02   9.4635042E+04   3.8700410E-05
   1.9268938E-02   9.5146561E+04   4.0988421E-05
   1.9547607E-02   9.5635124E+04   4.3411047E-05
   1.9830234E-02   9.6099982E+04   4.5976178E-05
   2.0116875E-02   9.6540393E+04   4.8692166E-05
   2.0407587E-02   9.6955624E+04   5.1567850E-05
   2.0702428E-02   9.7344949E+04   5.4612588E-05
   2.1001456E-02   9.7707656E+04   5.7836282E-05
   2.1304730E-02   9.8043043E+04   6.1249414E-05
   2.1612312E-02   9.8350423E+04   6.4863078E-05
   2.1924263E-02   9.8629123E+04   6.8689016E-05
   2.2240644E-02   9.8878488E+04   7.2739654E-05
   2.2561518E-02   9.9097881E+04   7.7028147E-05
   2.2886949E-02   9.9286686E+04   8.1568415E-05
   2.3217002E-02   9.9444306E+04   8.6375192E-05
   2.3551742E-02   9.9570171E+04   9.1464072E-05
   2.3891237E-02   9.9663731E+04   9.6851558E-05
   2.4235553E-02   9.9724466E+04   1.0255512E-04
   2.4584759E-02   9.9751884E+04   1.0859324E-04
   2.4938925E-02   9.9745520E+04   1.1498548E-04
   2.5298121E-02   9.9704943E+04   1.2175255E-04
   2.5662418E-02   9.9629753E+04   1.2891636E-04
   2.6031889E-02   9.9519585E+04   1.3650011E-04
   2.6406607E-02   9.9374111E+04   1.4452834E-04
   2.6786647E-02   9.9193040E+04   1.5302702E-04
   2.7172085E-02   9.8976118E+04   1.6202364E-04
   2.7562996E-02   9.8723135E+04   1.7154730E-04
   2.7959460E-02   9.8433919E+04   1.8162878E-04
   2.8361554E-02   9.8108346E+04   1.9230067E-04
   2.8769359E-02   9.7746332E+04   2.0359744E-04
   2.9182955E-02   9.7347842E+04   2.1555558E-04
   2.9602426E-02   9.6912886E+04   2.2821372E-04
   3.0027853E-02   9.6441525E+04   2.4161271E-04
   3.0459323E-02   9.5933865E+04   2.5579581E-04
   3.0896921E-02   9.5390066E+04   2.7080877E-04
   3.1340734E-02   9.4810336E+04   2.8670003E-04
   3.1790849E-02   9.4194939E+04   3.0352083E-04
   3.2247358E-02   9.3544186E+04   3.2132542E-04
   3.2710350E-02   9.2858446E+04   3.4017117E-04
   3.3179917E-02   9.2138138E+04   3.6011883E-04
   3.3656153E-02   9.1383737E+04   3.8123265E-04
   3.4139153E-02   9.0595770E+04   4.0358065E-04
   3.4629013E-02   8.9774820E+04   4.2723479E-04
   3.5125829E-02   8.8921523E+04   4.5227121E-04
   3.5629702E-02   8.8036568E+04   4.7877051E-04
   3.6140731E-02   8.7120699E+04   5.0681794E-04
   3.6659017E-02   8.6174713E+04   5.3650374E-04
   3.7184664E-02   8.5199458E+04   5.6792338E-04
   3.7717777E-02   8.4195834E+04   6.0117788E-04
   3.8258461E-02   8.3164791E+04   6.3637415E-04
   3.8806824E-02   8.2107331E+04   6.7362529E-04
   3.9362975E-02   8.1024501E+04   7.1305101E-04
   3.9927025E-02   7.9917397E+04   7.5477794E-04
   4.0499085E-02   7.8787159E+04   7.9894009E-04
   4.1079270E-02   7.7634971E+04   8.4567925E-04
   4.1667695E-02   7.6462058E+04   8.9514546E-04
   4.2264476E-02   7.5269686E+04   9.4749745E-04
   4.2869734E-02   7.4059158E+04   1.0029032E-03
   4.3483587E-02   7.2831810E+04   1.0615404E-03
   4.4106158E-02   7.1589013E+04   1.1235971E-03
   4.4737572E-02   7.0332167E+04   1.1892723E-03
   4.5377953E-02   6.9062699E+04   1.2587765E-03
   4.6027428E-02   6.7782060E+04   1.3323324E-03
   4.6686128E-02   6.6491724E+04   1.4101756E-03
   4.7354183E-02   6.5193181E+04   1.4925555E-03
   4.8031725E-02   6.3887936E+04   1.5797359E-03
   4.8718891E-02   6.2577507E+04   1.6719958E-03
   4.9415815E-02   6.1263419E+04   1.7696306E-03
   5.0122637E-02   5.9947201E+04   1.8729527E-03
   5.0839498E-02   5.8630386E+04   1.9822925E-03
   5.1566540E-02   5.7314499E+04   2.0979997E-03
   5.2303908E-02   5.6001064E+04   2.2204444E-03
   5.3051747E-02   5.4691592E+04   2.3500178E-03
   5.3810208E-02   5.3387579E+04   2.4871341E-03
   5.4579441E-02   5.2090507E+04   2.6322314E-03
   5.5359598E-02   5.0801834E+04   2.7857730E-03
   5.6150836E-02   4.9522992E+04   2.9482492E-03
   5.6953310E-02   4.8255387E+04   3.1201787E-03
   5.7767182E-02   4.7000391E+04   3.3021103E-03
   5.8592613E-02   4.5759340E+04   3.4946242E-03
   5.9429766E-02   4.4533530E+04   3.6983347E-03
   6.0278809E-02   4.3324216E+04   3.9138912E-03
   6.1139910E-02   4.2132604E+04   4.1419810E-03
   6.2013241E-02   4.0959854E+04   4.3833309E-03
   6.2898975E-02   3.9807071E+04   4.6387099E-03
   6.3797289E-02   3.8675307E+04   4.9089313E-03
   6.4708360E-02   3.7565555E+04   5.1948556E-03
   6.5632371E-02   3.6478749E+04   5.4973928E-03
   6.6569505E-02   3.5415759E+04   5.8175058E-03
   6.7519948E-02   3.4377391E+04   6.1562127E-03
   6.8483890E-02   3.3364386E+04   6.5145908E-03
   6.9461521E-02   3.2377415E+04   6.8937793E-03
   7.0453038E-02   3.1417081E+04   7.2949833E-03
   7.1458636E-02   3.0483913E+04   7.7194774E-03
   7.2478516E-02   2.9578373E+04   8.1686098E-03
   7.3512880E-02   2.8700847E+04   8.6438063E-03
   7.4561935E-02   2.7851649E+04   9.1465751E-03
   7.5625888E-02   2.7031019E+04   9.6785111E-03
   7.6704952E-02   2.6239124E+04   1.0241301E-02
   7.7799342E-02   2.5476058E+04   1.0836730E-02
   7.8909274E-02   2.4741843E+04   1.1466684E-02
   8.0034969E-02   2.4036427E+04   1.2133159E-02
   8.1176652E-02   2.3359688E+04   1.2838264E-02
   8.2334550E-02   2.2711434E+04   1.3584233E-02
   8.3508892E-02   2.2091405E+04   1.4373425E-02
   8.4699912E-02   2.1499272E+04   1.5208335E-02
   8.5907848E-02   2.0934644E+04   1.6091604E-02
   8.7132939E-02   2.0397064E+04   1.7026021E-02
   8.8375429E-02   1.9886017E+04   1.8014539E-02
   8.9635565E-02   1.9400928E+04   1.9060277E-02
   9.0913598E-02   1.8941168E+04   2.0166536E-02
   9.2209782E-02   1.8506054E+04   2.1336805E-02
   9.3524374E-02   1.8094855E+04   2.2574771E-02
   9.4857637E-02   1.7706793E+04   2.3884337E-02
   9.6209835E-02   1.7341047E+04   2.5269625E-02
   9.7581238E-02   1.6996758E+04   2.6734995E-02
   9.8972117E-02   1.6673030E+04   2.8285057E-02
   1.0038275E-01   1.6368935E+04   2.9924684E-02
   1.0181342E-01   1.6083518E+04   3.1659029E-02
   1.0326440E-01   1.5815799E+04   3.3493535E-02
   1.0473600E-01   1.5564780E+04   3.5433962E-02
   1.0622849E-01   1.5329443E+04   3.7486395E-02
   1.0774218E-01   1.5108760E+04   3.9657266E-02
   1.0927737E-01   1.4901697E+04   4.1953376E-02
   1.1083436E-01   1.4707212E+04   4.4381910E-02
   1.1241346E-01   1.4524266E+04   4.6950467E-02
   1.1401499E-01   1.4351822E+04   4.9667073E-02
   1.1563926E-01   1.4188852E+04   5.2540215E-02
   1.1728661E-01   1.4034341E+04   5.5578859E-02
   1.1895735E-01   1.3887285E+04   5.8792482E-02
   1.2065182E-01   1.3746705E+04   6.2191099E-02
   1.2237035E-01   1.3611639E+04   6.5785290E-02
   1.2411329E-01   1.3481156E+04   6.9586238E-02
   1.2588098E-01   1.3354349E+04   7.3605756E-02
   1.2767378E-01   1.3230349E+04   7.7856328E-02
   1.2949204E-01   1.3108316E+04   8.2351142E-02
   1.3133613E-01   1.2987454E+04   8.7104129E-02
   1.3320640E-01   1.2867002E+04   9.2130009E-02
   1.3510324E-01   1.2746245E+04   9.7444328E-02
   1.3702701E-01   1.2624511E+04   1.0306351E-01
   1.3897811E-01   1.2501176E+04   1.0900490E-01
   1.4095692E-01   1.2375663E+04   1.1528683E-01
   1.4296383E-01   1.2247444E+04   1.2192863E-01
   1.4499924E-01   1.2116045E+04   1.2895074E-01
   1.4706356E-01   1.1981039E+04   1.3637475E-01
   1.4915720E-01   1.1842055E+04   1.4422343E-01
   1.5128058E-01   1.1698771E+04   1.5252084E-01
   1.5343411E-01   1.1550922E+04   1.6129238E-01
   1.5561822E-01   1.1398292E+04   1.7056486E-01
   1.5783336E-01   1.1240719E+04   1.8036658E-01
   1.6007995E-01   1.1078091E+04   1.9072742E-01
   1.6235845E-01   1.0910348E+04   2.0167891E-01
   1.6466931E-01   1.0737479E+04   2.1325432E-01
   1.6701299E-01   1.0559522E+04   2.2548878E-01
   1.6938996E-01   1.0376559E+04   2.3841932E-01
   1.7180068E-01   1.0188719E+04   2.5208505E-01
   1.7424565E-01   9.9961728E+03   2.6652721E-01
   1.7672533E-01   9.7991313E+03   2.8178930E-01
   1.7924023E-01   9.5978434E+03   2.9791720E-01
   1.8179085E-01   9.3925934E+03   3.1495932E-01
   1.8437770E-01   9.1836981E+03   3.3296668E-01
   1.8700128E-01   8.9715039E+03   3.5199309E-01
   1.8966213E-01   8.7563836E+03   3.7209528E-01
   1.9236076E-01   8.5387336E+03   3.9333304E-01
   1.9509772E-01   8.3189706E+03   4.1576940E-01
   1.9787355E-01   8.0975280E+03   4.3947080E-01
   2.0068881E-01   7.8748531E+03   4.6450721E-01
   2.0354404E-01   7.6514031E+03   4.9095236E-01
   2.0643983E-01   7.4276424E+03   5.1888395E-01
   2.0937675E-01   7.2040386E+03   5.4838377E-01
   2.1235537E-01   6.9810596E+03   5.7953797E-01
   2.1537630E-01   6.7591704E+03   6.1243725E-01
   2.1844014E-01   6.5388294E+03   6.4717709E-01
   2.2154748E-01   6.3204857E+03   6.8385799E-01
   2.2469896E-01   6.1045762E+03   7.2258567E-01
   2.2789520E-01   5.8915224E+03   7.6347140E-01
   2.3113683E-01   5.6817281E+03   8.0663217E-01
   2.3442449E-01   5.4755768E+03   8.5219105E-01
   2.3775885E-01   5.2734294E+03   9.0027740E-01
   2.4114057E-01   5.0756225E+03   9.5102719E-01
   2.4457031E-01   4.8824662E+03   1.0045833E+00
   2.4804877E-01   4.6942432E+03   1.0610959E+00
   2.5157662E-01   4.5112075E+03   1.1207226E+00
   2.5515458E-01   4.3335833E+03   1.1836290E+00
   2.5878335E-01   4.1615648E+03   1.2499887E+00
   2.6246366E-01   3.9953155E+03   1.3199842E+00
   2.6619624E-01   3.8349685E+03   1.3938065E+00
   2.6998183E-01   3.6806264E+03   1.4716564E+00
   2.7382119E-01   3.5323616E+03   1.5537440E+00
   2.7771507E-01   3.3902168E+03   1.6402894E+00
   2.8166425E-01   3.2542058E+03   1.7315234E+00
   2.8566952E-01   3.1243142E+03   1.8276875E+00
   2.8973168E-01   3.0005003E+03   1.9290344E+00
   2.9385152E-01   2.8826963E+03   2.0358283E+00
   2.9802988E-01   2.7708097E+03   2.1483455E+00
   3.0226758E-01   2.6647245E+03   2.2668749E+00
   3.0656546E-01   2.5643031E+03   2.3917179E+00
   3.1092439E-01   2.4693877E+03   2.5231891E+00
   3.1534522E-01   2.3798021E+03   2.6616168E+00
   3.1982883E-01   2.2953538E+03   2.8073430E+00
   3.2437612E-01   2.2158356E+03   2.9607240E+00
   3.2898800E-01   2.1410282E+03   3.1221308E+00
   3.3366537E-01   2.0707014E+03   3.2919490E+00
   3.3840918E-01   2.0046167E+03   3.4705795E+00
   3.4322035E-01   1.9425293E+03   3.6584383E+00
   3.4809986E-01   1.8841899E+03   3.8559571E+00
   3.5304866E-01   1.8293465E+03   4.0635830E+00
   3.5806775E-01   1.7777468E+03   4.2817789E+00
   3.6315812E-01   1.7291396E+03   4.5110234E+00
   3.6832079E-01   1.6832764E+03   4.7518105E+00
   3.7355677E-01   1.6399136E+03   5.0046497E+00
   3.7886712E-01   1.5988135E+03   5.2700655E+00
   3.8425289E-01   1.5597456E+03   5.5485973E+00
   3.8971515E-01   1.5224885E+03   5.8407983E+00
   3.9525499E-01   1.4868301E+03   6.1472354E+00
   4.0087350E-01   1.4525695E+03   6.4684882E+00
   4.0657181E-01   1.4195171E+03   6.8051476E+00
   4.1235105E-01   1.3874955E+03   7.1578150E+00
   4.1821236E-01   1.3563404E+03   7.5271007E+00
   4.2415692E-01   1.3259004E+03   7.9136221E+00
   4.3018591E-01   1.2960376E+03   8.3180016E+00
   4.3630052E-01   1.2666278E+03   8.7408647E+00
   4.4250197E-01   1.2375604E+03   9.1828369E+00
   4.4879150E-01   1.2087381E+03   9.6445411E+00
   4.5517035E-01   1.1800768E+03   1.0126594E+01
   4.6163979E-01   1.1515057E+03   1.0629601E+01
   4.6820112E-01   1.1229659E+03   1.1154155E+01
   4.7485563E-01   1.0944111E+03   1.1700829E+01
   4.8160465E-01   1.0658060E+03   1.2270171E+01
   4.8844953E-01   1.0371263E+03   1.2862699E+01
   4.9539161E-01   1.0083577E+03   1.3478891E+01
   5.0243229E-01   9.7949527E+02   1.4119185E+01
   5.0957296E-01   9.5054281E+02   1.4783963E+01
   5.1681504E-01   9.2151188E+02   1.5473545E+01
   5.2415998E-01   8.9242113E+02   1.6188181E+01
   5.3160923E-01   8.6329544E+02   1.6928039E+01
   5.3916428E-01   8.3416516E+02   1.7693193E+01
   5.4682663E-01   8.0506531E+02   1.8483611E+01
   5.5459780E-01   7.7603480E+02   1.9299141E+01
   5.6247934E-01   7.4711569E+02   2.0139498E+01
   5.7047281E-01   7.1835248E+02   2.1004245E+01
   5.7857981E-01   6.8979140E+02   2.1892781E+01
   5.8680195E-01   6.6147974E+02   2.2804318E+01
   5.9514086E-01   6.3346527E+02   2.3737867E+01
   6.0359820E-01   6.0579562E+02   2.4692216E+01
   6.1217565E-01   5.7851775E+02   2.5665907E+01
   6.2087493E-01   5.5167747E+02   2.6657216E+01
   6.2969775E-01   5.2531898E+02   2.7664135E+01
   6.3864587E-01   4.9948449E+02   2.8684338E+01
   6.4772108E-01   4.7421380E+02   2.9715170E+01
   6.5692518E-01   4.4954408E+02   3.0753612E+01
   6.6626000E-01   4.2550952E+02   3.1796265E+01
   6.7572739E-01   4.0214120E+02   3.2839325E+01
   6.8532924E-01   3.7946687E+02   3.3878556E+01
   6.9506745E-01   3.5751083E+02   3.4909277E+01
   7.0494398E-01   3.3629390E+02   3.5926337E+01
   7.1496077E-01   3.1583333E+02   3.6924103E+01
   7.2511982E-01   2.9614287E+02   3.7896447E+01
   7.3542315E-01   2.7723275E+02   3.8836738E+01
   7.4587281E-01   2.5910978E+02   3.9737841E+01
   7.5647089E-01   2.4177742E+02   4.0592123E+01
   7.6721947E-01   2.2523592E+02   4.1391468E+01
   7.7812072E-01   2.0948238E+02   4.2127303E+01
   7.8917678E-01   1.9451090E+02   4.2790633E+01
   8.0038987E-01   1.8031268E+02   4.3372093E+01
   8.1176220E-01   1.6687619E+02   4.3862017E+01
   8.2329605E-01   1.5418727E+02   4.4250523E+01
   8.3499371E-01   1.4222931E+02   4.4527621E+01
   8.4685749E-01   1.3098347E+02   4.4683346E+01
   8.5888978E-01   1.2042886E+02   4.4707912E+01
   8.7109294E-01   1.1054289E+02   4.4591901E+01
   8.8346942E-01   1.0130146E+02   4.4326479E+01
   8.9602167E-01   9.2679372E+01   4.3903643E+01
   9.0875219E-01   8.4650553E+01   4.3316509E+01
   9.2166352E-01   7.7188406E+01   4.2559624E+01
   9.3475821E-01   7.0266046E+01   4.1629317E+01
   9.4803888E-01   6.3856539E+01   4.0524078E+01
   9.6150816E-01   5.7933086E+01   3.9244961E+01
   9.7516874E-01   5.2469186E+01   3.7796003E+01
   9.8902333E-01   4.7438762E+01   3.6184638E+01
   1.0030747E+00   4.2816267E+01   3.4422106E+01
   1.0173256E+00   3.8576772E+01   3.2523804E+01
   1.0317789E+00   3.4696044E+01   3.0509567E+01
   1.0464375E+00   3.1150605E+01   2.8403815E+01
   1.0613042E+00   2.7917789E+01   2.6235513E+01
   1.0763822E+00   2.4975787E+01   2.4037859E+01
   1.0916742E+00   2.2303685E+01   2.1847587E+01
   1.1071834E+00   1.9881493E+01   1.9703767E+01
   1.1229129E+00   1.7690169E+01   1.7645913E+01
   1.1388658E+00   1.5711626E+01   1.5711194E+01
   1.1550453E+00   1.3928745E+01   1.3930467E+01
   1.1714545E+00   1.2325371E+01   1.2322793E+01
   1.1880968E+00   1.0886305E+01   1.0888019E+01
   1.2049754E+00   9.5972934E+00   9.5972934E+00
   1.2220938E+00   8.4450050E+00   8.4450050E+00
   1.2394553E+00   7.4170108E+00   7.4170108E+00
   1.2570633E+00   6.5017553E+00   6.5017553E+00
   1.2749214E+00   5.6885258E+00   5.6885258E+00
   1.2930332E+00   4.9674187E+00   4.9674187E+00
   1.3114021E+00   4.3293039E+00   4.3293039E+00
   1.3300320E+00   3.7657873E+00   3.7657873E+00
   1.3489264E+00   3.2691726E+00   3.2691726E+00
   1.3680892E+00   2.8324221E+00   2.8324221E+00
   1.3875242E+00   2.4491174E+00   2.4491174E+00
   1.4072351E+00   2.1134207E+00   2.1134207E+00
   1.4272260E+00   1.8200359E+00   1.8200359E+00
   1.4475008E+00   1.5641709E+00   1.5641709E+00
   1.4680636E+00   1.3415012E+00   1.3415012E+00
   1.4889184E+00   1.1481337E+00   1.1481337E+00
   1.5100694E+00   9.8057343E-01   9.8057343E-01
   1.5315208E+00   8.3569009E-01   8.3569009E-01
   1.5532768E+00   7.1068768E-01   7.1068768E-01
   1.5753418E+00   6.0307488E-01   6.0307488E-01
   1.5977202E+00   5.1063753E-01   5.1063753E-01
   1.6204164E+00   4.3141274E-01   4.3141274E-01
   1.6434350E+00   3.6366476E-01   3.6366476E-01
   1.6667804E+00   3.0586259E-01   3.0586259E-01
   1.6904574E+00   2.5665918E-01   2.5665918E-01
   1.7144707E+00   2.1487235E-01   2.1487235E-01
   1.7388251E+00   1.7946719E-01   1.7946719E-01
   1.7635253E+00   1.4954006E-01   1.4954006E-01
   1.7885763E+00   1.2430385E-01   1.2430385E-01
   1.8139831E+00   1.0307478E-01   1.0307478E-01
   1.8397507E+00   8.5260291E-02   8.5260291E-02
   1.8658843E+00   7.0348218E-02   7.0348218E-02
   1.8923891E+00   5.7897019E-02   5.7897019E-02
   1.9192702E+00   4.7527023E-02   4.7527023E-02
   1.9465332E+00   3.8912613E-02   3.8912613E-02
   1.9741833E+00   3.1775269E-02   3.1775269E-02
   2.0022261E+00   2.5877386E-02   2.5877386E-02
   2.0306672E+00   2.1016810E-02   2.1016810E-02
   2.0595123E+00   1.7022013E-02   1.7022013E-02
   2.0887670E+00   1.3747854E-02   1.3747854E-02
   2.1184371E+00   1.1071860E-02   1.1071860E-02
   2.1485287E+00   8.8909744E-03   8.8909744E-03
   2.1790476E+00   7.1187271E-03   7.1187271E-03
   2.2100000E+00   5.6827731E-03   5.6827731E-03
   2.2413920E+00   4.5227622E-03   4.5227622E-03
   2.2732298E+00   3.5884987E-03   3.5884987E-03
   2.3055197E+00   2.8383588E-03   2.8383588E-03
   2.3382683E+00   2.2379318E-03   2.2379318E-03
   2.3714819E+00   1.7588578E-03   1.7588578E-03
   2.4051673E+00   1.3778374E-03   1.3778374E-03
   2.4393311E+00   1.0757895E-03   1.0757895E-03
   2.4739800E+00   8.3713830E-04   8.3713830E-04
   2.5091211E+00   6.4921111E-04   6.4921111E-04
   2.5447612E+00   5.0173158E-04   5.0173158E-04
   2.5809076E+00   3.8639490E-04   3.8639490E-04
   2.6175672E+00   2.9651261E-04   2.9651261E-04
   2.6547476E+00   2.2671692E-04   2.2671692E-04
   2.6924559E+00   1.7271516E-04   1.7271516E-04
   2.7306998E+00   1.3108688E-04   1.3108688E-04
   2.7694869E+00   9.9116608E-05   9.9116608E-05
   2.8088248E+00   7.4656534E-05   7.4656534E-05
   2.8487214E+00   5.6014291E-05   5.6014291E-05
   2.8891847E+00   4.1861475E-05   4.1861475E-05
   2.9302226E+00   3.1159431E-05   3.1159431E-05
   2.9718433E+00   2.3099260E-05   2.3099260E-05
   3.0140551E+00   1.7053518E-05   1.7053518E-05
   3.0568665E+00   1.2537492E-05   1.2537492E-05
   3.1002858E+00   9.1782754E-06   9.1782754E-06
   3.1443219E+00   6.6901803E-06   6.6901803E-06
   3.1889833E+00   4.8552658E-06   4.8552658E-06
   3.2342790E+00   3.5079901E-06   3.5079901E-06
   3.2802180E+00   2.5231622E-06   2.5231622E-06
   3.3268095E+00   1.8065265E-06   1.8065265E-06
   3.3740626E+00   1.2874380E-06   1.2874380E-06
   3.4219869E+00   9.1319011E-07   9.1319011E-07
   3.4705917E+00   6.4464197E-07   6.4464197E-07
   3.5198869E+00   4.5286389E-07   4.5286389E-07
   3.5698822E+00   3.1657553E-07   3.1657553E-07
   3.6205875E+00   2.2019928E-07   2.2019928E-07
   3.6720130E+00   1.5238819E-07   1.5238819E-07
   3.7241688E+00   1.0491825E-07   1.0491825E-07
   3.7770654E+00   7.1859172E-08   7.1859172E-08
   3.8307132E+00   4.8956611E-08   4.8956611E-08
   3.8851229E+00   3.3174516E-08   3.3174516E-08
   3.9403053E+00   2.2357724E-08   2.2357724E-08
   3.9962715E+00   1.4984611E-08   1.4984611E-08
   4.0530325E+00   9.9867208E-09   9.9867208E-09
   4.1105997E+00   6.6179576E-09   6.6179576E-09
   4.1689844E+00   4.3602590E-09   4.3602590E-09
   4.2281983E+00   2.8559518E-09   2.8559518E-09
   4.2882532E+00   1.8595257E-09   1.8595257E-09
   4.3491610E+00   1.2034503E-09   1.2034503E-09
   4.4109339E+00   7.7408760E-10   7.7408760E-10
   4.4735840E+00   4.9482164E-10   4.9482164E-10
   4.5371239E+00   3.1431418E-10   3.1431418E-10
   4.6015663E+00   1.9837973E-10   1.9837973E-10
   4.6669238E+00   1.2439583E-10   1.2439583E-10
   4.7332096E+00   7.7489970E-11   7.7489970E-11
   4.8004368E+00   4.7948690E-11   4.7948690E-11
   4.8686187E+00   2.9468385E-11   2.9468385E-11
   4.9377690E+00   1.7986260E-11   1.7986260E-11
   5.0079014E+00   1.0901501E-11   1.0901501E-11
   5.0790299E+00   6.5606699E-12   6.5606699E-12
   5.1511685E+00   3.9199584E-12   3.9199584E-12
   5.2243316E+00   2.3250945E-12   2.3250945E-12
   5.2985338E+00   1.3689250E-12   1.3689250E-12
   5.3737899E+00   7.9993026E-13   7.9993026E-13
   5.4501147E+00   4.6388584E-13   4.6388584E-13
   5.5275236E+00   2.6693730E-13   2.6693730E-13
   5.6060318E+00   1.5240484E-13   1.5240484E-13
   5.6856550E+00   8.6323955E-14   8.6323955E-14
   5.7664091E+00   4.8501840E-14   4.8501840E-14
   5.8483100E+00   2.7029012E-14   2.7029012E-14
   5.9313741E+00   1.4938170E-14   1.4938170E-14
   6.0156179E+00   8.1867140E-15   8.1867140E-15
   6.1010582E+00   4.4485234E-15   4.4485234E-15
   6.1877119E+00   2.3964295E-15   2.3964295E-15
   6.2755963E+00   1.2796869E-15   1.2796869E-15
   6.3647288E+00   6.7729852E-16   6.7729852E-16
   6.4551272E+00   3.5525632E-16   3.5525632E-16
   6.5468095E+00   1.8464297E-16   1.8464297E-16
   6.6397938E+00   9.5081322E-17   9.5081322E-17
   6.7340988E+00   4.8503827E-17   4.8503827E-17
   6.8297431E+00   2.4508556E-17   2.4508556E-17
   6.9267458E+00   1.2264856E-17   1.2264856E-17
   7.0251261E+00   6.0778688E-18   6.0778688E-18
   7.1249036E+00   2.9821155E-18   2.9821155E-18
   7.2260982E+00   1.4485084E-18   1.4485084E-18
   7.3287300E+00   6.9643259E-19   6.9643259E-19
   7.4328194E+00   3.3138719E-19   3.3138719E-19
   7.5383871E+00   1.5603674E-19   1.5603674E-19
   7.6454541E+00   7.2692139E-20   7.2692139E-20
   7.7540416E+00   3.3500497E-20   3.3500497E-20
   7.8641714E+00   1.5270420E-20   1.5270420E-20
   7.9758653E+00   6.8836407E-21   6.8836407E-21
   8.0891454E+00   3.0681981E-21   3.0681981E-21
   8.2040344E+00   1.3519976E-21   1.3519976E-21
   8.3205551E+00   5.8887624E-22   5.8887624E-22
   8.4387306E+00   2.5348650E-22   2.5348650E-22
   8.5585845E+00   1.0781912E-22   1.0781912E-22
   8.6801406E+00   4.5307520E-23   4.5307520E-23
   8.8034230E+00   1.8806126E-23   1.8806126E-23
   8.9284564E+00   7.7091944E-24   7.7091944E-24
   9.0552655E+00   3.1204724E-24   3.1204724E-24
   9.1838755E+00   1.2469638E-24   1.2469638E-24
   9.3143121E+00   4.9184574E-25   4.9184574E-25
   9.4466012E+00   1.9145371E-25   1.9145371E-25
   9.5807691E+00   7.3531872E-26   7.3531872E-26
   9.7168425E+00   2.7859955E-26   2.7859955E-26
   9.8548485E+00   1.0411013E-26   1.0411013E-26
   9.9948144E+00   3.8364281E-27   3.8364281E-27
   1.0136768E+01   1.3937828E-27   1.3937828E-27
   1.0280738E+01   4.9912394E-28   4.9912394E-28
   1.0426752E+01   1.7614772E-28   1.7614772E-28
   1.0574841E+01   6.1250514E-29   6.1250514E-29
   1.0725032E+01   2.0980415E-29   2.0980415E-29
   1.0877357E+01   7.0777883E-30   7.0777883E-30
   1.1031845E+01   2.3510595E-30   2.3510595E-30
   1.1188526E+01   7.6879806E-31   7.6879806E-31
   1.1347434E+01   2.4742852E-31   2.4742852E-31
   1.1508598E+01   7.8356670E-32   7.8356670E-32
   1.1672050E+01   2.4411254E-32   2.4411254E-32
   1.1837825E+01   7.4797965E-33   7.4797965E-33
   1.2005953E+01   2.2535707E-33   2.2535707E-33
   1.2176470E+01   6.6746552E-34   6.6746552E-34
   1.2349408E+01   1.9429235E-34   1.9429235E-34
   1.2524802E+01   5.5570337E-35   5.5570337E-35
   1.2702687E+01   1.5612788E-35   1.5612788E-35
   1.2883099E+01   4.3078029E-36   4.3078029E-36
   1.3066073E+01   1.1669580E-36   1.1669580E-36
   1.3251645E+01   3.1028656E-37   3.1028656E-37
   1.3439853E+01   8.0958307E-38   8.0958307E-38
   1.3630735E+01   2.0721974E-38   2.0721974E-38
   1.3824327E+01   5.2017639E-39   5.2017639E-39
   1.4020668E+01   1.2802551E-39   1.2802551E-39
   1.4219798E+01   3.0884692E-40   3.0884692E-40
   1.4421756E+01   7.3006801E-41   7.3006801E-41
   1.4626582E+01   1.6905457E-41   1.6905457E-41
   1.4834317E+01   3.8335586E-42   3.8335586E-42
   1.5045003E+01   8.5104920E-43   8.5104920E-43
   1.5258681E+01   1.8490475E-43   1.8490475E-43
   1.5475393E+01   3.9304595E-44   3.9304595E-44
   1.5695183E+01   8.1714493E-45   8.1714493E-45
   1.5918095E+01   1.6610068E-45   1.6610068E-45
   1.6144173E+01   3.2999988E-46   3.2999988E-46
   1.6373461E+01   6.4058536E-47   6.4058536E-47
   1.6606006E+01   1.2145325E-47   1.2145325E-47
   1.6841853E+01   2.2483061E-48   2.2483061E-48
   1.7081050E+01   4.0621705E-49   4.0621705E-49
   1.7323645E+01   7.1607187E-50   7.1607187E-50
   1.7569684E+01   1.2310821E-50   1.2310821E-50
   1.7819218E+01   2.0633946E-51   2.0633946E-51
   1.8072296E+01   3.3703278E-52   3.3703278E-52
   1.8328968E+01   5.3626914E-53   5.3626914E-53
   1.8589285E+01   8.3087743E-54   8.3087743E-54
   1.8853300E+01   1.2530074E-54   1.2530074E-54
   1.9121064E+01   1.8384339E-55   1.8384339E-55
   1.9392631E+01   2.6232000E-56   2.6232000E-56
   1.9668055E+01   3.6384042E-57   3.6384042E-57
   1.9947390E+01   4.9033124E-58   4.9033124E-58
   2.0230693E+01   6.4174980E-59   6.4174980E-59
   2.0518019E+01   8.1532990E-60   8.1532990E-60
   2.0809426E+01   1.0050358E-60   1.0050358E-60
   2.1104971E+01   1.2014185E-61   1.2014185E-61
   2.1404714E+01   1.3920362E-62   1.3920362E-62
   2.1708714E+01   1.5625129E-63   1.5625129E-63
   2.2017031E+01   1.6981702E-64   1.6981702E-64
   2.2329728E+01   1.7860147E-65   1.7860147E-65
   2.2646865E+01   1.8167300E-66   1.8167300E-66
   2.2968506E+01   1.7862659E-67   1.7862659E-67
   2.3294715E+01   1.6966566E-68   1.6966566E-68
   2.3625557E+01   1.5558523E-69   1.5558523E-69
   2.3961098E+01   1.3765628E-70   1.3765628E-70
   2.4301405E+01   1.1743440E-71   1.1743440E-71
   2.4646544E+01   9.6533040E-73   9.6533040E-73
   2.4996585E+01   7.6407911E-74   7.6407911E-74
   2.5351598E+01   5.8193269E-75   5.8193269E-75
   2.5711652E+01   4.2614656E-76   4.2614656E-76
   2.6076820E+01   2.9982322E-77   2.9982322E-77
   2.6447174E+01   0.0000000E+00   0.0000000E+00
   2.6822789E+01   0.0000000E+00   0.0000000E+00
   2.7203737E+01   0.0000000E+00   0.0000000E+00
   2.7590096E+01   0.0000000E+00   0.0000000E+00
   2.7981942E+01   0.0000000E+00   0.0000000E+00
   2.8379354E+01   0.0000000E+00   0.0000000E+00
   2.8782409E+01   0.0000000E+00   0.0000000E+00
   2.9191189E+01   0.0000000E+00   0.0000000E+00
   2.9605774E+01   0.0000000E+00   0.0000000E+00
   3.0026247E+01   0.0000000E+00   0.0000000E+00
   3.0452692E+01   0.0000000E+00   0.0000000E+00
   3.0885194E+01   0.0000000E+00   0.0000000E+00
   3.1323838E+01   0.0000000E+00   0.0000000E+00
   3.1768711E+01   0.0000000E+00   0.0000000E+00
   3.2219903E+01   0.0000000E+00   0.0000000E+00
   3.2677503E+01   0.0000000E+00   0.0000000E+00
   3.3141602E+01   0.0000000E+00   0.0000000E+00
   3.3612292E+01   0.0000000E+00   0.0000000E+00
   3.4089667E+01   0.0000000E+00   0.0000000E+00
   3.4573821E+01   0.0000000E+00   0.0000000E+00
   3.5064852E+01   0.0000000E+00   0.0000000E+00
   3.5562856E+01   0.0000000E+00   0.0000000E+00
   3.6067934E+01   0.0000000E+00   0.0000000E+00
   3.6580184E+01   0.0000000E+00   0.0000000E+00
   3.7099710E+01   0.0000000E+00   0.0000000E+00
   3.7626614E+01   0.0000000E+00   0.0000000E+00
   3.8161001E+01   0.0000000E+00   0.0000000E+00
   3.8702978E+01   0.0000000E+00   0.0000000E+00
   3.9252652E+01   0.0000000E+00   0.0000000E+00
   3.9810132E+01   0.0000000E+00   0.0000000E+00
   4.0375530E+01   0.0000000E+00   0.0000000E+00
   4.0948958E+01   0.0000000E+00   0.0000000E+00
   4.1530530E+01   0.0000000E+00   0.0000000E+00
   4.2120362E+01   0.0000000E+00   0.0000000E+00
   4.2718570E+01   0.0000000E+00   0.0000000E+00
   4.3325275E+01   0.0000000E+00   0.0000000E+00
   4.3940596E+01   0.0000000E+00   0.0000000E+00
   4.4564656E+01   0.0000000E+00   0.0000000E+00
   4.5197578E+01   0.0000000E+00   0.0000000E+00
   4.5839490E+01   0.0000000E+00   0.0000000E+00
   4.6490519E+01   0.0000000E+00   0.0000000E+00
   4.7150793E+01   0.0000000E+00   0.0000000E+00
   4.7820445E+01   0.0000000E+00   0.0000000E+00
   4.8499608E+01   0.0000000E+00   0.0000000E+00
   4.9188416E+01   0.0000000E+00   0.0000000E+00
   4.9887006E+01   0.0000000E+00   0.0000000E+00
   5.0595519E+01   0.0000000E+00   0.0000000E+00
   5.1314093E+01   0.0000000E+00   0.0000000E+00
   5.2042873E+01   0.0000000E+00   0.0000000E+00
   5.2782004E+01   0.0000000E+00   0.0000000E+00
   5.3531632E+01   0.0000000E+00   0.0000000E+00
   5.4291906E+01   0.0000000E+00   0.0000000E+00
   5.5062977E+01   0.0000000E+00   0.0000000E+00
   5.5845000E+01   0.0000000E+00   0.0000000E+00
   5.6638129E+01   0.0000000E+00   0.0000000E+00
   5.7442522E+01   0.0000000E+00   0.0000000E+00
   5.8258340E+01   0.0000000E+00   0.0000000E+00
   5.9085744E+01   0.0000000E+00   0.0000000E+00
   5.9924899E+01   0.0000000E+00   0.0000000E+00
   6.0775972E+01   0.0000000E+00   0.0000000E+00
   6.1639131E+01   0.0000000E+00   0.0000000E+00
   6.2514550E+01   0.0000000E+00   0.0000000E+00
   6.3402402E+01   0.0000000E+00   0.0000000E+00
   6.4302863E+01   0.0000000E+00   0.0000000E+00
   6.5216113E+01   0.0000000E+00   0.0000000E+00
   6.6142333E+01   0.0000000E+00   0.0000000E+00
   6.7081707E+01   0.0000000E+00   0.0000000E+00
   6.8034422E+01   0.0000000E+00   0.0000000E+00
   6.9000669E+01   0.0000000E+00   0.0000000E+00
   6.9980638E+01   0.0000000E+00   0.0000000E+00
   7.0974525E+01   0.0000000E+00   0.0000000E+00
   7.1982527E+01   0.0000000E+00   0.0000000E+00
   7.3004845E+01   0.0000000E+00   0.0000000E+00
   7.4041682E+01   0.0000000E+00   0.0000000E+00
   7.5093245E+01   0.0000000E+00   0.0000000E+00
   7.6159742E+01   0.0000000E+00   0.0000000E+00
   7.7241386E+01   0.0000000E+00   0.0000000E+00
   7.8338392E+01   0.0000000E+00   0.0000000E+00
   7.9450978E+01   0.0000000E+00   0.0000000E+00
   8.0579365E+01   0.0000000E+00   0.0000000E+00
   8.1723777E+01   0.0000000E+00   0.0000000E+00
   8.2884443E+01   0.0000000E+00   0.0000000E+00
   8.4061592E+01   0.0000000E+00   0.0000000E+00
   8.5255460E+01   0.0000000E+00   0.0000000E+00
   8.6466284E+01   0.0000000E+00   0.0000000E+00
   8.7694304E+01   0.0000000E+00   0.0000000E+00
   8.8939764E+01   0.0000000E+00   0.0000000E+00
   9.0202913E+01   0.0000000E+00   0.0000000E+00
   9.1484002E+01   0.0000000E+00   0.0000000E+00
   9.2783284E+01   0.0000000E+00   0.0000000E+00
   9.4101020E+01   0.0000000E+00   0.0000000E+00
   9.5437470E+01   0.0000000E+00   0.0000000E+00
   9.6792901E+01   0.0000000E+00   0.0000000E+00
   9.8167582E+01   0.0000000E+00   0.0000000E+00
   9.9561787E+01   0.0000000E+00   0.0000000E+00
   1.0097579E+02   0.0000000E+00   0.0000000E+00
   1.0240988E+02   0.0000000E+00   0.0000000E+00
   1.0386433E+02   0.0000000E+00   0.0000000E+00
   1.0533945E+02   0.0000000E+00   0.0000000E+00
   1.0683551E+02   0.0000000E+00   0.0000000E+00
   1.0835282E+02   0.0000000E+00   0.0000000E+00
   1.0989167E+02   0.0000000E+00   0.0000000E+00
   1.1145239E+02   0.0000000E+00   0.0000000E+00
   1.1303526E+02   0.0000000E+00   0.0000000E+00
   1.1464062E+02   0.0000000E+00   0.0000000E+00
   1.1626878E+02   0.0000000E+00   0.0000000E+00
   1.1792006E+02   0.0000000E+00   0.0000000E+00
   1.1959480E+02   0.0000000E+00   0.0000000E+00
   1.2129332E+02   0.0000000E+00   0.0000000E+00
   1.2301596E+02   0.0000000E+00   0.0000000E+00
   1.2476307E+02   0.0000000E+00   0.0000000E+00
   1.2653499E+02   0.0000000E+00   0.0000000E+00
   1.2833207E+02   0.0000000E+00   0.0000000E+00
   1.3015468E+02   0.0000000E+00   0.0000000E+00
   1.3200317E+02   0.0000000E+00   0.0000000E+00
   1.3387792E+02   0.0000000E+00   0.0000000E+00
   1.3577929E+02   0.0000000E+00   0.0000000E+00
   1.3770766E+02   0.0000000E+00   0.0000000E+00
   1.3966343E+02   0.0000000E+00   0.0000000E+00
   1.4164697E+02   0.0000000E+00   0.0000000E+00
   1.4365867E+02   0.0000000E+00   0.0000000E+00
   1.4569895E+02   0.0000000E+00   0.0000000E+00
   1.4776821E+02   0.0000000E+00   0.0000000E+00
   1.4986686E+02   0.0000000E+00   0.0000000E+00
   1.5199531E+02   0.0000000E+00   0.0000000E+00
   1.5415398E+02   0.0000000E+00   0.0000000E+00
   1.5634332E+02   0.0000000E+00   0.0000000E+00
   1.5856375E+02   0.0000000E+00   0.0000000E+00
   1.6081572E+02   0.0000000E+00   0.0000000E+00
   1.6309967E+02   0.0000000E+00   0.0000000E+00
   1.6541605E+02   0.0000000E+00   0.0000000E+00
   1.6776534E+02   0.0000000E+00   0.0000000E+00
   1.7014798E+02   0.0000000E+00   0.0000000E+00
   1.7256447E+02   0.0000000E+00   0.0000000E+00
   1.7501528E+02   0.0000000E+00   0.0000000E+00
   1.7750089E+02   0.0000000E+00   0.0000000E+00
   1.8002181E+02   0.0000000E+00   0.0000000E+00
   1.8257853E+02   0.0000000E+00   0.0000000E+00
   1.8517155E+02   0.0000000E+00   0.0000000E+00
   1.8780141E+02   0.0000000E+00   0.0000000E+00
   1.9046862E+02   0.0000000E+00   0.0000000E+00
   1.9317370E+02   0.0000000E+00   0.0000000E+00
   1.9591721E+02   0.0000000E+00   0.0000000E+00
   1.9869967E+02   0.0000000E+00   0.0000000E+00
   2.0152166E+02   0.0000000E+00   0.0000000E+00
