   7.5000000E-02   4.1182817E+01
   1.5000000E-01   3.6297546E+01
   2.2500000E-01   2.9583646E+01
   3.0000000E-01   2.2432068E+01
   3.7500000E-01   1.5886884E+01
   4.5000000E-01   1.0492663E+01
   5.2500000E-01   6.3830982E+00
   6.0000000E-01   3.4468556E+00
   6.7500000E-01   1.4689360E+00
   7.5000000E-01   2.1853209E-01
   8.2500000E-01  -5.0855656E-01
   9.0000000E-01  -8.7593598E-01
   9.7500000E-01  -1.0070172E+00
   1.0500000E+00  -9.9110684E-01
   1.1250000E+00  -8.9072552E-01
   1.2000000E+00  -7.4826837E-01
   1.2750000E+00  -5.9144255E-01
   1.3500000E+00  -4.3748388E-01
   1.4250000E+00  -2.9634013E-01
   1.5000000E+00  -1.7303169E-01
   1.5750000E+00  -6.9371070E-02
   1.6500000E+00   1.4813157E-02
   1.7250000E+00   8.0831259E-02
   1.8000000E+00   1.3057118E-01
   1.8750000E+00   1.6614341E-01
   1.9500000E+00   1.8966935E-01
   2.0250000E+00   2.0316440E-01
   2.1000000E+00   2.0848011E-01
   2.1750000E+00   2.0728057E-01
   2.2500000E+00   2.0103720E-01
   2.3250000E+00   1.9103278E-01
   2.4000000E+00   1.7836971E-01
   2.4750000E+00   1.6398048E-01
   2.5500000E+00   1.4863942E-01
   2.6250000E+00   1.3297564E-01
   2.7000000E+00   1.1748681E-01
   2.7750000E+00   1.0255367E-01
   2.8500000E+00   8.8454887E-02
   2.9250000E+00   7.5381841E-02
   3.0000000E+00   6.3452819E-02
   3.0750000E+00   5.2726368E-02
   3.1500000E+00   4.3213437E-02
   3.2250000E+00   3.4888173E-02
   3.3000000E+00   2.7697280E-02
   3.3750000E+00   2.1567985E-02
   3.4500000E+00   1.6414654E-02
   3.5250000E+00   1.2144214E-02
   3.6000000E+00   8.6604923E-03
   3.6750000E+00   5.8676340E-03
   3.7500000E+00   3.6727171E-03
   3.8250000E+00   1.9877033E-03
   3.9000000E+00   7.3081974E-04
   3.9750000E+00  -1.7252976E-04
   4.0500000E+00  -7.8924741E-04
   4.1250000E+00  -1.1783483E-03
   4.2000000E+00  -1.3910310E-03
   4.2750000E+00  -1.4709586E-03
   4.3500000E+00  -1.4546991E-03
   4.4250000E+00  -1.3722845E-03
   4.5000000E+00  -1.2478443E-03
   4.5750000E+00  -1.1002830E-03
   4.6500000E+00  -9.4396913E-04
   4.7250000E+00  -7.8941049E-04
   4.8000000E+00  -6.4389988E-04
   4.8750000E+00  -5.1211084E-04
   4.9500000E+00  -3.9664111E-04
   5.0250000E+00  -2.9848966E-04
   5.1000000E+00  -2.1747374E-04
   5.1750000E+00  -1.5257845E-04
   5.2500000E+00  -1.0224868E-04
   5.3250000E+00  -6.4621953E-05
   5.4000000E+00  -3.7712176E-05
   5.4750000E+00  -1.9546399E-05
   5.5500000E+00  -8.2645878E-06
   5.6250000E+00  -2.1839149E-06
   5.7000000E+00   1.6081807E-07
   5.7750000E+00   1.2778622E-09
   5.8500000E+00  -1.6645553E-06
   5.9250000E+00  -4.0645596E-06
   6.0000000E+00  -6.6228425E-06
   6.0750000E+00  -8.9507296E-06
   6.1500000E+00  -1.0796177E-05
   6.2250000E+00  -1.2039153E-05
   6.3000000E+00  -1.2648203E-05
   6.3750000E+00  -1.2649802E-05
   6.4500000E+00  -1.2144948E-05
   6.5250000E+00  -1.1213222E-05
   6.6000000E+00  -1.0000759E-05
   6.6750000E+00  -8.6087553E-06
   6.7500000E+00  -7.1384489E-06
   6.8250000E+00  -5.7123162E-06
   6.9000000E+00  -4.3589924E-06
   6.9750000E+00  -3.1695208E-06
   7.0500000E+00  -2.1656418E-06
   7.1250000E+00  -1.3442273E-06
   7.2000000E+00  -7.4202898E-07
   7.2750000E+00  -3.1740623E-07
   7.3500000E+00  -6.1133624E-08
   7.4250000E+00   5.3157455E-08
   7.5000000E+00   5.2810617E-08
   7.5750000E+00  -2.9759596E-08
   7.6500000E+00  -1.4295915E-07
   7.7250000E+00  -3.2065370E-07
   7.8000000E+00  -4.8239749E-07
   7.8750000E+00  -5.9295994E-07
   7.9500000E+00  -7.5994060E-07
   8.0250000E+00  -8.4419049E-07
   8.1000000E+00  -8.3444749E-07
   8.1750000E+00  -9.1365144E-07
   8.2500000E+00  -8.9517464E-07
   8.3250000E+00  -7.5693907E-07
   8.4000000E+00  -7.5281766E-07
   8.4750000E+00  -6.9243147E-07
   8.5500000E+00  -4.8869505E-07
   8.6250000E+00  -4.3069531E-07
   8.7000000E+00  -3.9726942E-07
   8.7750000E+00  -2.2059213E-07
   8.8500000E+00  -1.3837092E-07
   8.9250000E+00  -1.4157757E-07
   9.0000000E+00  -5.9373871E-08
   9.0750000E+00  -5.0869457E-09
   9.1500000E+00  -3.2508331E-09
   9.2250000E+00   1.5730374E-08
   9.3000000E+00  -2.1538201E-08
   9.3750000E+00  -3.1226608E-08
   9.4500000E+00   4.3132821E-08
   9.5250000E+00  -3.3554311E-08
   9.6000000E+00  -1.7115118E-07
   9.6750000E+00  -4.7382424E-08
   9.7500000E+00   4.7670004E-08
   9.8250000E+00  -1.8494062E-07
   9.9000000E+00  -2.5783904E-07
   9.9750000E+00   2.2748704E-08
   1.0050000E+01   3.3432750E-08
   1.0125000E+01  -2.7165528E-07
   1.0200000E+01  -2.1393117E-07
   1.0275000E+01   1.0678932E-07
   1.0350000E+01   3.1639465E-08
   1.0425000E+01  -2.3471402E-07
   1.0500000E+01  -1.1926909E-07
   1.0575000E+01   1.1895798E-07
   1.0650000E+01   3.6186836E-08
   1.0725000E+01  -1.0856724E-07
   1.0800000E+01  -3.7064774E-08
   1.0875000E+01   2.6580397E-08
   1.0950000E+01  -5.0180634E-09
   1.1025000E+01   4.7192496E-08
   1.1100000E+01   6.1617840E-08
   1.1175000E+01  -1.1607245E-07
   1.1250000E+01  -1.4915641E-07
   1.1325000E+01   1.4441599E-07
   1.1400000E+01   2.3334256E-07
   1.1475000E+01  -1.6125696E-07
   1.1550000E+01  -3.6735752E-07
   1.1625000E+01   6.1793118E-08
   1.1700000E+01   4.0840856E-07
   1.1775000E+01   2.0350088E-08
   1.1850000E+01  -4.6447449E-07
   1.1925000E+01  -2.0484910E-07
   1.2000000E+01   3.6197595E-07
   1.2075000E+01   2.9551487E-07
   1.2150000E+01  -2.4588068E-07
   1.2225000E+01  -3.6174654E-07
   1.2300000E+01   5.5723306E-08
   1.2375000E+01   2.8263461E-07
   1.2450000E+01   5.5872054E-08
   1.2525000E+01  -1.4429794E-07
   1.2600000E+01  -6.1257310E-08
   1.2675000E+01   7.2045225E-09
   1.2750000E+01  -6.3284917E-08
   1.2825000E+01   8.3217937E-09
   1.2900000E+01   2.2530572E-07
   1.2975000E+01   1.4821250E-07
   1.3050000E+01  -2.7657661E-07
   1.3125000E+01  -4.1124814E-07
   1.3200000E+01   9.3209370E-08
   1.3275000E+01   5.8022020E-07
   1.3350000E+01   2.7002153E-07
   1.3425000E+01  -4.9098047E-07
   1.3500000E+01  -6.3242062E-07
   1.3575000E+01   8.9298078E-08
   1.3650000E+01   7.0055891E-07
   1.3725000E+01   3.7555272E-07
   1.3800000E+01  -4.1546827E-07
   1.3875000E+01  -6.2068573E-07
   1.3950000E+01  -5.5817587E-08
   1.4025000E+01   4.6738600E-07
   1.4100000E+01   3.3619622E-07
   1.4175000E+01  -1.1768479E-07
   1.4250000E+01  -2.6437062E-07
   1.4325000E+01  -7.3440121E-08
   1.4400000E+01   3.3023850E-08
   1.4475000E+01  -5.8390505E-08
   1.4550000E+01  -2.5078036E-08
   1.4625000E+01   2.4172209E-07
   1.4700000E+01   3.3535919E-07
   1.4775000E+01  -6.3556645E-08
   1.4850000E+01  -5.7167793E-07
   1.4925000E+01  -4.7856360E-07
   1.5000000E+01   2.6147681E-07
