   7.5000000E-02   2.2597386E-08
   1.5000000E-01   1.3950613E-06
   2.2500000E-01   1.4985643E-05
   3.0000000E-01   7.7776641E-05
   3.7500000E-01   2.6907108E-04
   4.5000000E-01   7.1716172E-04
   5.2500000E-01   1.5927364E-03
   6.0000000E-01   3.0912159E-03
   6.7500000E-01   5.4094959E-03
   7.5000000E-01   8.7227393E-03
   8.2500000E-01   1.3165195E-02
   9.0000000E-01   1.8816943E-02
   9.7500000E-01   2.5696856E-02
   1.0500000E+00   3.3761081E-02
   1.1250000E+00   4.2906007E-02
   1.2000000E+00   5.2974548E-02
   1.2750000E+00   6.3764739E-02
   1.3500000E+00   7.5039760E-02
   1.4250000E+00   8.6538686E-02
   1.5000000E+00   9.7987397E-02
   1.5750000E+00   1.0910923E-01
   1.6500000E+00   1.1963500E-01
   1.7250000E+00   1.2931220E-01
   1.8000000E+00   1.3791310E-01
   1.8750000E+00   1.4524159E-01
   1.9500000E+00   1.5113870E-01
   2.0250000E+00   1.5548656E-01
   2.1000000E+00   1.5821088E-01
   2.1750000E+00   1.5928177E-01
   2.2500000E+00   1.5871302E-01
   2.3250000E+00   1.5655994E-01
   2.4000000E+00   1.5291578E-01
   2.4750000E+00   1.4790704E-01
   2.5500000E+00   1.4168786E-01
   2.6250000E+00   1.3443376E-01
   2.7000000E+00   1.2633499E-01
   2.7750000E+00   1.1758980E-01
   2.8500000E+00   1.0839791E-01
   2.9250000E+00   9.8954414E-02
   3.0000000E+00   8.9444312E-02
   3.0750000E+00   8.0037821E-02
   3.1500000E+00   7.0886647E-02
   3.2250000E+00   6.2121208E-02
   3.3000000E+00   5.3848878E-02
   3.3750000E+00   4.6153196E-02
   3.4500000E+00   3.9093994E-02
   3.5250000E+00   3.2708332E-02
   3.6000000E+00   2.7012124E-02
   3.6750000E+00   2.2002326E-02
   3.7500000E+00   1.7659507E-02
   3.8250000E+00   1.3950693E-02
   3.9000000E+00   1.0832306E-02
   3.9750000E+00   8.2530912E-03
   4.0500000E+00   6.1569004E-03
   4.1250000E+00   4.4852496E-03
   4.2000000E+00   3.1795706E-03
   4.2750000E+00   2.1831112E-03
   4.3500000E+00   1.4424559E-03
   4.4250000E+00   9.0866364E-04
   4.5000000E+00   5.3803204E-04
   4.5750000E+00   2.9251996E-04
   4.6500000E+00   1.3986564E-04
   4.7250000E+00   5.3449696E-05
   4.8000000E+00   1.1954911E-05
   4.8750000E+00  -1.1237631E-06
   4.9500000E+00   1.9325988E-06
   5.0250000E+00   1.2427630E-05
   5.1000000E+00   2.4600495E-05
   5.1750000E+00   3.5000647E-05
   5.2500000E+00   4.1912521E-05
   5.3250000E+00   4.4848330E-05
   5.4000000E+00   4.4119633E-05
   5.4750000E+00   4.0491761E-05
   5.5500000E+00   3.4919540E-05
   5.6250000E+00   2.8358401E-05
   5.7000000E+00   2.1641796E-05
   5.7750000E+00   1.5413942E-05
   5.8500000E+00   1.0106065E-05
   5.9250000E+00   5.9444652E-06
   6.0000000E+00   2.9795561E-06
   6.0750000E+00   1.1264726E-06
   6.1500000E+00   2.0953544E-07
   6.2250000E+00   4.7552083E-09
   6.3000000E+00   2.7639442E-07
   6.3750000E+00   8.0529852E-07
   6.4500000E+00   1.4081510E-06
   6.5250000E+00   1.9479495E-06
   6.6000000E+00   2.3368185E-06
   6.6750000E+00   2.5327777E-06
   6.7500000E+00   2.5323067E-06
   6.8250000E+00   2.3605308E-06
   6.9000000E+00   2.0606632E-06
   6.9750000E+00   1.6840238E-06
   7.0500000E+00   1.2815868E-06
   7.1250000E+00   8.9762425E-07
   7.2000000E+00   5.6565803E-07
   7.2750000E+00   3.0663703E-07
   7.3500000E+00   1.2903446E-07
   7.4250000E+00   3.0418380E-08
   7.5000000E+00  -1.3865022E-11
   7.5750000E+00   2.1558250E-08
   7.6500000E+00   7.6584915E-08
   7.7250000E+00   1.4681249E-07
   7.8000000E+00   2.1636999E-07
   7.8750000E+00   2.7315130E-07
   7.9500000E+00   3.0947433E-07
   8.0250000E+00   3.2208521E-07
   8.1000000E+00   3.1163664E-07
   8.1750000E+00   2.8180483E-07
   8.2500000E+00   2.3821914E-07
   8.3250000E+00   1.8736623E-07
   8.4000000E+00   1.3560317E-07
   8.4750000E+00   8.8375449E-08
   8.5500000E+00   4.9694377E-08
   8.6250000E+00   2.1887698E-08
   8.7000000E+00   5.6029955E-09
   8.7750000E+00   1.7255775E-11
   8.8500000E+00   3.1902065E-09
   8.9250000E+00   1.2493130E-08
   9.0000000E+00   2.5047990E-08
   9.0750000E+00   3.8121869E-08
   9.1500000E+00   4.9436571E-08
   9.2250000E+00   5.7370240E-08
   9.3000000E+00   6.1044693E-08
   9.3750000E+00   6.0306943E-08
   9.4500000E+00   5.5624658E-08
   9.5250000E+00   4.7922442E-08
   9.6000000E+00   3.8388527E-08
   9.6750000E+00   2.8280286E-08
   9.7500000E+00   1.8752549E-08
   9.8250000E+00   1.0726141E-08
   9.9000000E+00   4.8064238E-09
   9.9750000E+00   1.2540422E-09
   1.0050000E+01   3.3776978E-12
   1.0125000E+01   7.1908023E-10
   1.0200000E+01   2.8778879E-09
   1.0275000E+01   5.8617778E-09
   1.0350000E+01   9.0492015E-09
   1.0425000E+01   1.1893365E-08
   1.0500000E+01   1.3979731E-08
   1.0575000E+01   1.5058623E-08
   1.0650000E+01   1.5052474E-08
   1.0725000E+01   1.4040455E-08
   1.0800000E+01   1.2225614E-08
   1.0875000E+01   9.8911047E-09
   1.0950000E+01   7.3524867E-09
   1.1025000E+01   4.9126161E-09
   1.1100000E+01   2.8243992E-09
   1.1175000E+01   1.2650014E-09
   1.1250000E+01   3.2317286E-10
   1.1325000E+01  -4.9122667E-13
   1.1400000E+01   2.1787207E-10
   1.1475000E+01   8.4504919E-10
   1.1550000E+01   1.7150778E-09
   1.1625000E+01   2.6545605E-09
   1.1700000E+01   3.5056543E-09
   1.1775000E+01   4.1441210E-09
   1.1850000E+01   4.4908006E-09
   1.1925000E+01   4.5159094E-09
   1.2000000E+01   4.2364940E-09
   1.2075000E+01   3.7082609E-09
   1.2150000E+01   3.0135108E-09
   1.2225000E+01   2.2471543E-09
   1.2300000E+01   1.5028780E-09
   1.2375000E+01   8.6115860E-10
   1.2450000E+01   3.8040847E-10
   1.2525000E+01   9.2051402E-11
   1.2600000E+01  -3.6879051E-13
   1.2675000E+01   8.1601443E-11
   1.2750000E+01   2.9701900E-10
   1.2825000E+01   5.9304078E-10
   1.2900000E+01   9.1310117E-10
   1.2975000E+01   1.2045995E-09
   1.3050000E+01   1.4251813E-09
   1.3125000E+01   1.5470475E-09
   1.3200000E+01   1.5588393E-09
   1.3275000E+01   1.4651856E-09
   1.3350000E+01   1.2843468E-09
   1.3425000E+01   1.0442758E-09
   1.3500000E+01   7.7784492E-10
   1.3575000E+01   5.1809614E-10
   1.3650000E+01   2.9390098E-10
   1.3725000E+01   1.2659309E-10
   1.3800000E+01   2.8058226E-11
   1.3875000E+01   1.8264226E-13
   1.3950000E+01   3.5630023E-11
   1.4025000E+01   1.1980337E-10
   1.4100000E+01   2.3345726E-10
   1.4175000E+01   3.5568200E-10
   1.4250000E+01   4.6685643E-10
   1.4325000E+01   5.5095410E-10
   1.4400000E+01   5.9723684E-10
   1.4475000E+01   6.0125989E-10
   1.4550000E+01   5.6468539E-10
   1.4625000E+01   4.9431742E-10
   1.4700000E+01   4.0090224E-10
   1.4775000E+01   2.9731854E-10
   1.4850000E+01   1.9645866E-10
   1.4925000E+01   1.0967307E-10
   1.5000000E+01   4.5554675E-11
