   7.5000000E-02   1.7587434E+00
   1.5000000E-01   5.4596585E+00
   2.2500000E-01   8.5184075E+00
   3.0000000E-01   9.8089814E+00
   3.7500000E-01   9.5446440E+00
   4.5000000E-01   8.3612418E+00
   5.2500000E-01   6.8129633E+00
   6.0000000E-01   5.2494660E+00
   6.7500000E-01   3.8469435E+00
   7.5000000E-01   2.6707211E+00
   8.2500000E-01   1.7268937E+00
   9.0000000E-01   9.9512988E-01
   9.7500000E-01   4.4622360E-01
   1.0500000E+00   5.0060163E-02
   1.1250000E+00  -2.2142776E-01
   1.2000000E+00  -3.9344624E-01
   1.2750000E+00  -4.8821033E-01
   1.3500000E+00  -5.2493433E-01
   1.4250000E+00  -5.1982976E-01
   1.5000000E+00  -4.8615808E-01
   1.5750000E+00  -4.3439397E-01
   1.6500000E+00  -3.7251024E-01
   1.7250000E+00  -3.0635294E-01
   1.8000000E+00  -2.4005352E-01
   1.8750000E+00  -1.7642595E-01
   1.9500000E+00  -1.1731159E-01
   2.0250000E+00  -6.3853589E-02
   2.1000000E+00  -1.6699616E-02
   2.1750000E+00   2.3856947E-02
   2.2500000E+00   5.7782477E-02
   2.3250000E+00   8.5239862E-02
   2.4000000E+00   1.0654396E-01
   2.4750000E+00   1.2212694E-01
   2.5500000E+00   1.3250821E-01
   2.6250000E+00   1.3826683E-01
   2.7000000E+00   1.4001553E-01
   2.7750000E+00   1.3837714E-01
   2.8500000E+00   1.3396391E-01
   2.9250000E+00   1.2736035E-01
   3.0000000E+00   1.1911004E-01
   3.0750000E+00   1.0970621E-01
   3.1500000E+00   9.9585950E-02
   3.2250000E+00   8.9127530E-02
   3.3000000E+00   7.8650148E-02
   3.3750000E+00   6.8415712E-02
   3.4500000E+00   5.8632225E-02
   3.5250000E+00   4.9458177E-02
   3.6000000E+00   4.1006843E-02
   3.6750000E+00   3.3350797E-02
   3.7500000E+00   2.6528873E-02
   3.8250000E+00   2.0551913E-02
   3.9000000E+00   1.5402901E-02
   3.9750000E+00   1.1045357E-02
   4.0500000E+00   7.4344807E-03
   4.1250000E+00   4.5049704E-03
   4.2000000E+00   2.1856230E-03
   4.2750000E+00   4.1585813E-04
   4.3500000E+00  -8.9249574E-04
   4.4250000E+00  -1.8024707E-03
   4.5000000E+00  -2.3770489E-03
   4.5750000E+00  -2.7024492E-03
   4.6500000E+00  -2.8004901E-03
   4.7250000E+00  -2.7639703E-03
   4.8000000E+00  -2.5993106E-03
   4.8750000E+00  -2.3707663E-03
   4.9500000E+00  -2.0985729E-03
   5.0250000E+00  -1.8000337E-03
   5.1000000E+00  -1.5185744E-03
   5.1750000E+00  -1.2286358E-03
   5.2500000E+00  -9.9054245E-04
   5.3250000E+00  -7.5141131E-04
   5.4000000E+00  -5.7632765E-04
   5.4750000E+00  -4.0373872E-04
   5.5500000E+00  -2.8947292E-04
   5.6250000E+00  -1.8265618E-04
   5.7000000E+00  -1.1523798E-04
   5.7750000E+00  -6.3703200E-05
   5.8500000E+00  -2.7338287E-05
   5.9250000E+00  -1.3437109E-05
   6.0000000E+00   1.3334171E-06
   6.0750000E+00  -2.1791499E-07
   6.1500000E+00  -3.6368389E-06
   6.2250000E+00  -4.4751595E-06
   6.3000000E+00  -1.6280865E-05
   6.3750000E+00  -2.0669235E-05
   6.4500000E+00  -1.7828583E-05
   6.5250000E+00  -4.0982859E-05
   6.6000000E+00  -1.4674255E-05
   6.6750000E+00  -4.1597678E-05
   6.7500000E+00  -2.8402792E-05
   6.8250000E+00  -1.4570686E-05
   6.9000000E+00  -4.4672330E-05
   6.9750000E+00  -1.5265192E-06
   7.0500000E+00  -2.2692213E-05
   7.1250000E+00  -2.3119015E-05
   7.2000000E+00   9.5859021E-06
   7.2750000E+00  -2.2066702E-05
   7.3500000E+00  -2.2551483E-06
   7.4250000E+00   6.8570727E-06
   7.5000000E+00  -1.2014072E-05
   7.5750000E+00   3.5657587E-06
   7.6500000E+00   1.4945699E-06
   7.7250000E+00  -2.1564902E-07
   7.8000000E+00  -2.8012212E-06
   7.8750000E+00  -2.2769116E-06
   7.9500000E+00   1.0047996E-05
   8.0250000E+00  -1.2776938E-05
   8.1000000E+00  -6.3678017E-06
   8.1750000E+00   1.9513556E-05
   8.2500000E+00  -1.8535681E-05
   8.3250000E+00  -1.3867109E-05
   8.4000000E+00   2.7136192E-05
   8.4750000E+00  -1.4410046E-05
   8.5500000E+00  -2.4200588E-05
   8.6250000E+00   2.7320802E-05
   8.7000000E+00   4.4100595E-08
   8.7750000E+00  -2.9929270E-05
   8.8500000E+00   1.5258223E-05
   8.9250000E+00   1.5015495E-05
   9.0000000E+00  -2.1827605E-05
   9.0750000E+00  -1.8071884E-06
   9.1500000E+00   1.5093116E-05
   9.2250000E+00  -4.6848782E-06
   9.3000000E+00  -5.2984699E-06
   9.3750000E+00   1.5971105E-06
   9.4500000E+00  -1.2700073E-06
   9.5250000E+00   6.9062983E-06
   9.6000000E+00   1.3987596E-06
   9.6750000E+00  -1.6244733E-05
   9.7500000E+00   3.3671472E-06
   9.8250000E+00   2.2101340E-05
   9.9000000E+00  -1.1439868E-05
   9.9750000E+00  -2.5353630E-05
   1.0050000E+01   1.8434471E-05
   1.0125000E+01   2.3626659E-05
   1.0200000E+01  -2.3570336E-05
   1.0275000E+01  -2.1886065E-05
   1.0350000E+01   2.5224450E-05
   1.0425000E+01   1.7561973E-05
   1.0500000E+01  -2.3408929E-05
   1.0575000E+01  -1.4718194E-05
   1.0650000E+01   1.9177371E-05
   1.0725000E+01   1.0623323E-05
   1.0800000E+01  -1.2464093E-05
   1.0875000E+01  -6.8768176E-06
   1.0950000E+01   5.4298648E-06
   1.1025000E+01   1.6450109E-06
   1.1100000E+01   1.3240955E-06
   1.1175000E+01   4.8301227E-06
   1.1250000E+01  -6.1558947E-06
   1.1325000E+01  -1.2155867E-05
   1.1400000E+01   7.1364111E-06
   1.1475000E+01   1.9810766E-05
   1.1550000E+01  -4.6774091E-06
   1.1625000E+01  -2.5385770E-05
   1.1700000E+01  -1.8870321E-06
   1.1775000E+01   2.6796281E-05
   1.1850000E+01   1.0676443E-05
   1.1925000E+01  -2.4266414E-05
   1.2000000E+01  -1.7295487E-05
   1.2075000E+01   1.5364070E-05
   1.2150000E+01   2.1309010E-05
   1.2225000E+01  -5.9683569E-06
   1.2300000E+01  -1.8509823E-05
   1.2375000E+01  -2.1841344E-06
   1.2450000E+01   1.1093206E-05
   1.2525000E+01   5.1389065E-06
   1.2600000E+01  -3.4400670E-06
   1.2675000E+01  -1.2573356E-06
   1.2750000E+01  -4.3480090E-07
   1.2825000E+01  -5.4982362E-06
   1.2900000E+01  -2.9514017E-06
   1.2975000E+01   9.9254969E-06
   1.3050000E+01   1.0767460E-05
   1.3125000E+01  -5.9585977E-06
   1.3200000E+01  -1.8372786E-05
   1.3275000E+01  -4.7904956E-06
   1.3350000E+01   1.8351379E-05
   1.3425000E+01   1.5523443E-05
   1.3500000E+01  -7.3853317E-06
   1.3575000E+01  -2.0733245E-05
   1.3650000E+01  -6.4810147E-06
   1.3725000E+01   1.5395320E-05
   1.3800000E+01   1.3942866E-05
   1.3875000E+01  -2.7506139E-06
   1.3950000E+01  -1.2420233E-05
   1.4025000E+01  -5.8808539E-06
   1.4100000E+01   4.9363813E-06
   1.4175000E+01   4.9999718E-06
   1.4250000E+01   3.4009733E-07
   1.4325000E+01   8.3455457E-08
   1.4400000E+01   2.2849222E-06
   1.4475000E+01  -1.0376501E-06
   1.4550000E+01  -7.3080133E-06
   1.4625000E+01  -5.2054698E-06
   1.4700000E+01   4.7720708E-06
   1.4775000E+01   1.2399801E-05
   1.4850000E+01   5.7237660E-06
   1.4925000E+01  -1.0241040E-05
   1.5000000E+01  -1.3897695E-05
