   7.5000000E-02   1.9077156E-03
   1.5000000E-01   2.6838621E-02
   2.2500000E-01   1.1166176E-01
   3.0000000E-01   2.7631914E-01
   3.7500000E-01   5.1193531E-01
   4.5000000E-01   7.9103483E-01
   5.2500000E-01   1.0821040E+00
   6.0000000E-01   1.3586354E+00
   6.7500000E-01   1.6021083E+00
   7.5000000E-01   1.8015022E+00
   8.2500000E-01   1.9516057E+00
   9.0000000E-01   2.0513107E+00
   9.7500000E-01   2.1022904E+00
   1.0500000E+00   2.1080642E+00
   1.1250000E+00   2.0733339E+00
   1.2000000E+00   2.0034863E+00
   1.2750000E+00   1.9042042E+00
   1.3500000E+00   1.7811638E+00
   1.4250000E+00   1.6398168E+00
   1.5000000E+00   1.4852510E+00
   1.5750000E+00   1.3221203E+00
   1.6500000E+00   1.1546237E+00
   1.7250000E+00   9.8651447E-01
   1.8000000E+00   8.2111904E-01
   1.8750000E+00   6.6135457E-01
   1.9500000E+00   5.0973744E-01
   2.0250000E+00   3.6838326E-01
   2.1000000E+00   2.3900152E-01
   2.1750000E+00   1.2289010E-01
   2.2500000E+00   2.0934663E-02
   2.3250000E+00  -6.6383547E-02
   2.4000000E+00  -1.3896935E-01
   2.4750000E+00  -1.9708481E-01
   2.5500000E+00  -2.4131095E-01
   2.6250000E+00  -2.7250225E-01
   2.7000000E+00  -2.9173621E-01
   2.7750000E+00  -3.0026069E-01
   2.8500000E+00  -2.9944107E-01
   2.9250000E+00  -2.9070942E-01
   3.0000000E+00  -2.7551701E-01
   3.0750000E+00  -2.5529151E-01
   3.1500000E+00  -2.3139959E-01
   3.2250000E+00  -2.0511554E-01
   3.3000000E+00  -1.7759619E-01
   3.3750000E+00  -1.4986222E-01
   3.4500000E+00  -1.2278576E-01
   3.5250000E+00  -9.7083967E-02
   3.6000000E+00  -7.3318302E-02
   3.6750000E+00  -5.1898748E-02
   3.7500000E+00  -3.3092482E-02
   3.8250000E+00  -1.7036141E-02
   3.9000000E+00  -3.7508887E-03
   3.9750000E+00   6.8405557E-03
   4.0500000E+00   1.4895779E-02
   4.1250000E+00   2.0634204E-02
   4.2000000E+00   2.4319058E-02
   4.2750000E+00   2.6240352E-02
   4.3500000E+00   2.6699419E-02
   4.4250000E+00   2.5995459E-02
   4.5000000E+00   2.4414186E-02
   4.5750000E+00   2.2218960E-02
   4.6500000E+00   1.9644195E-02
   4.7250000E+00   1.6891035E-02
   4.8000000E+00   1.4125349E-02
   4.8750000E+00   1.1477197E-02
   4.9500000E+00   9.0424928E-03
   5.0250000E+00   6.8852038E-03
   5.1000000E+00   5.0413243E-03
   5.1750000E+00   3.5226451E-03
   5.2500000E+00   2.3216745E-03
   5.3250000E+00   1.4158482E-03
   5.4000000E+00   7.7230478E-04
   5.4750000E+00   3.5161232E-04
   5.5500000E+00   1.1167938E-04
   5.6250000E+00   1.0436356E-05
   5.7000000E+00   8.4691961E-06
   5.7750000E+00   7.0592478E-05
   5.8500000E+00   1.6693292E-04
   5.9250000E+00   2.7383267E-04
   6.0000000E+00   3.7323962E-04
   6.0750000E+00   4.5345551E-04
   6.1500000E+00   5.0732666E-04
   6.2250000E+00   5.3245593E-04
   6.3000000E+00   5.3005034E-04
   6.3750000E+00   5.0290019E-04
   6.4500000E+00   4.5722270E-04
   6.5250000E+00   3.9764785E-04
   6.6000000E+00   3.3124634E-04
   6.6750000E+00   2.6324415E-04
   6.7500000E+00   1.9785356E-04
   6.8250000E+00   1.4007726E-04
   6.9000000E+00   9.0915222E-05
   6.9750000E+00   5.2751778E-05
   7.0500000E+00   2.5721750E-05
   7.1250000E+00   8.6423342E-06
   7.2000000E+00   9.9195941E-07
   7.2750000E+00   5.5013010E-07
   7.3500000E+00   5.6283435E-06
   7.4250000E+00   1.3744934E-05
   7.5000000E+00   2.3827350E-05
   7.5750000E+00   3.3925670E-05
   7.6500000E+00   4.1729197E-05
   7.7250000E+00   4.8745393E-05
   7.8000000E+00   5.2621200E-05
   7.8750000E+00   5.2416087E-05
   7.9500000E+00   5.1788521E-05
   8.0250000E+00   4.7956462E-05
   8.1000000E+00   4.0961504E-05
   8.1750000E+00   3.5498090E-05
   8.2500000E+00   2.8627192E-05
   8.3250000E+00   2.0216746E-05
   8.4000000E+00   1.4784532E-05
   8.4750000E+00   9.8911517E-06
   8.5500000E+00   4.6133749E-06
   8.6250000E+00   2.0512210E-06
   8.7000000E+00   7.7817709E-07
   8.7750000E+00  -8.8538874E-08
   8.8500000E+00   3.8876673E-07
   8.9250000E+00   1.0165100E-06
   9.0000000E+00   2.5898479E-06
   9.0750000E+00   5.0743460E-06
   9.1500000E+00   5.4582162E-06
   9.2250000E+00   5.9377899E-06
   9.3000000E+00   8.8523076E-06
   9.3750000E+00   9.1655535E-06
   9.4500000E+00   6.6803088E-06
   9.5250000E+00   7.5163058E-06
   9.6000000E+00   8.9920531E-06
   9.6750000E+00   5.8607555E-06
   9.7500000E+00   3.2218193E-06
   9.8250000E+00   4.5419358E-06
   9.9000000E+00   4.1052027E-06
   9.9750000E+00   9.0122357E-07
   1.0050000E+01   1.1116088E-07
   1.0125000E+01   1.0894861E-06
   1.0200000E+01   4.6253922E-07
   1.0275000E+01  -2.2334006E-07
   1.0350000E+01   1.0061432E-07
   1.0425000E+01  -1.9297535E-07
   1.0500000E+01   9.1214001E-08
   1.0575000E+01   1.9238520E-06
   1.0650000E+01   1.9003464E-06
   1.0725000E+01  -2.5074952E-07
   1.0800000E+01   5.1343638E-07
   1.0875000E+01   3.7597396E-06
   1.0950000E+01   3.1773751E-06
   1.1025000E+01  -5.0110873E-07
   1.1100000E+01  -2.9927743E-07
   1.1175000E+01   3.2022383E-06
   1.1250000E+01   3.0390324E-06
   1.1325000E+01  -6.0640525E-07
   1.1400000E+01  -1.3657070E-06
   1.1475000E+01   1.0844861E-06
   1.1550000E+01   1.6741413E-06
   1.1625000E+01  -9.4130479E-08
   1.1700000E+01  -6.8405237E-07
   1.1775000E+01  -3.9299590E-08
   1.1850000E+01  -2.3393411E-07
   1.1925000E+01  -2.6438429E-07
   1.2000000E+01   1.1287639E-06
   1.2075000E+01   1.4649570E-06
   1.2150000E+01  -7.7925226E-07
   1.2225000E+01  -1.9344243E-06
   1.2300000E+01   8.0001674E-07
   1.2375000E+01   3.4038714E-06
   1.2450000E+01   1.3836158E-06
   1.2525000E+01  -2.3457804E-06
   1.2600000E+01  -1.8895042E-06
   1.2675000E+01   1.8997251E-06
   1.2750000E+01   3.0358452E-06
   1.2825000E+01   1.4643881E-07
   1.2900000E+01  -2.1195121E-06
   1.2975000E+01  -9.0713578E-07
   1.3050000E+01   1.0159330E-06
   1.3125000E+01   8.6282841E-07
   1.3200000E+01  -6.1362823E-08
   1.3275000E+01   1.2241406E-07
   1.3350000E+01   3.2125734E-07
   1.3425000E+01  -7.9351467E-07
   1.3500000E+01  -1.4693068E-06
   1.3575000E+01   2.8422019E-07
   1.3650000E+01   2.5756622E-06
   1.3725000E+01   1.7314647E-06
   1.3800000E+01  -1.6761195E-06
   1.3875000E+01  -3.0327430E-06
   1.3950000E+01  -2.8889675E-07
   1.4025000E+01   3.0535697E-06
   1.4100000E+01   2.5911812E-06
   1.4175000E+01  -8.2614827E-07
   1.4250000E+01  -2.6469460E-06
   1.4325000E+01  -1.0966444E-06
   1.4400000E+01   1.2159262E-06
   1.4475000E+01   1.4290107E-06
   1.4550000E+01   1.5663163E-07
   1.4625000E+01  -3.0684978E-07
   1.4700000E+01   1.6566133E-07
   1.4775000E+01  -6.8160423E-08
   1.4850000E+01  -1.2145864E-06
   1.4925000E+01  -1.2595812E-06
   1.5000000E+01   7.6429927E-07
