  0.0000000E+00 -5.62018994061447597E+00
  5.0071180E-06 -5.62019018682453453E+00
  1.0085348E-05 -5.62019003457556021E+00
  1.5235701E-05 -5.62018995225766638E+00
  2.0459200E-05 -5.62019003995319544E+00
  2.5756884E-05 -5.62019002943671619E+00
  3.1129808E-05 -5.62018998220818755E+00
  3.6579039E-05 -5.62019002124385469E+00
  4.2105661E-05 -5.62019001812250085E+00
  4.7710774E-05 -5.62018999271965036E+00
  5.3395492E-05 -5.62019000393536761E+00
  5.9160945E-05 -5.62019000726223350E+00
  6.5008281E-05 -5.62019000302104743E+00
  7.0938662E-05 -5.62018998925020519E+00
  7.6953268E-05 -5.62018998541468306E+00
  8.3053295E-05 -5.62018998432703576E+00
  8.9239956E-05 -5.62018999387258678E+00
  9.5514481E-05 -5.62018997365880413E+00
  1.0187812E-04 -5.62018995712136515E+00
  1.0833213E-04 -5.62018997663588493E+00
  1.1487781E-04 -5.62018996292626571E+00
  1.2151645E-04 -5.62018995390907072E+00
  1.2824938E-04 -5.62018994946455130E+00
  1.3507792E-04 -5.62018993063362782E+00
  1.4200345E-04 -5.62018992116576577E+00
  1.4902733E-04 -5.62018992511521009E+00
  1.5615097E-04 -5.62018992022588915E+00
  1.6337579E-04 -5.62018990072333402E+00
  1.7070321E-04 -5.62018989058045726E+00
  1.7813469E-04 -5.62018987836643014E+00
  1.8567172E-04 -5.62018986072770943E+00
  1.9331579E-04 -5.62018985973424012E+00
  2.0106843E-04 -5.62018985128279525E+00
  2.0893117E-04 -5.62018982336502226E+00
  2.1690558E-04 -5.62018980724114581E+00
  2.2499324E-04 -5.62018980137991164E+00
  2.3319577E-04 -5.62018978554772808E+00
  2.4151479E-04 -5.62018976588338948E+00
  2.4995196E-04 -5.62018975020797296E+00
  2.5850895E-04 -5.62018973400688981E+00
  2.6718748E-04 -5.62018971115512578E+00
  2.7598925E-04 -5.62018968008029685E+00
  2.8491604E-04 -5.62018966175939738E+00
  2.9396960E-04 -5.62018964890294725E+00
  3.0315175E-04 -5.62018962598579908E+00
  3.1246430E-04 -5.62018960411043977E+00
  3.2190911E-04 -5.62018956757483945E+00
  3.3148806E-04 -5.62018953949955513E+00
  3.4120305E-04 -5.62018951866761007E+00
  3.5105602E-04 -5.62018948270413610E+00
  3.6104892E-04 -5.62018946044843926E+00
  3.7118374E-04 -5.62018942887779183E+00
  3.8146249E-04 -5.62018938640137389E+00
  3.9188723E-04 -5.62018935835499267E+00
  4.0246003E-04 -5.62018932338457500E+00
  4.1318298E-04 -5.62018928113249672E+00
  4.2405822E-04 -5.62018924393506314E+00
  4.3508792E-04 -5.62018920541684963E+00
  4.4627426E-04 -5.62018916140081259E+00
  4.5761947E-04 -5.62018911322251924E+00
  4.6912581E-04 -5.62018907212345908E+00
  4.8079557E-04 -5.62018902804735276E+00
  4.9263106E-04 -5.62018897339898071E+00
  5.0463464E-04 -5.62018892019737493E+00
  5.1680870E-04 -5.62018886893333036E+00
  5.2915566E-04 -5.62018881778808854E+00
  5.4167797E-04 -5.62018875806433016E+00
  5.5437813E-04 -5.62018869615001826E+00
  5.6725866E-04 -5.62018863345258879E+00
  5.8032212E-04 -5.62018856595052618E+00
  5.9357112E-04 -5.62018850692470373E+00
  6.0700827E-04 -5.62018843833965853E+00
  6.2063627E-04 -5.62018835910796444E+00
  6.3445781E-04 -5.62018828908470525E+00
  6.4847565E-04 -5.62018821209633046E+00
  6.6269258E-04 -5.62018812751169428E+00
  6.7711141E-04 -5.62018804898822477E+00
  6.9173503E-04 -5.62018796289849742E+00
  7.0656634E-04 -5.62018787140675702E+00
  7.2160828E-04 -5.62018778412330811E+00
  7.3686385E-04 -5.62018768495962373E+00
  7.5233609E-04 -5.62018758447945821E+00
  7.6802806E-04 -5.62018748537948021E+00
  7.8394290E-04 -5.62018737751592656E+00
  8.0008376E-04 -5.62018726833650906E+00
  8.1645386E-04 -5.62018715300771099E+00
  8.3305645E-04 -5.62018703656889507E+00
  8.4989484E-04 -5.62018691729479958E+00
  8.6697237E-04 -5.62018678879355793E+00
  8.8429244E-04 -5.62018665896042524E+00
  9.0185849E-04 -5.62018652407454677E+00
  9.1967402E-04 -5.62018638469732412E+00
  9.3774256E-04 -5.62018624209244955E+00
  9.5606773E-04 -5.62018609163256855E+00
  9.7465315E-04 -5.62018593809719658E+00
  9.9350253E-04 -5.62018578001106839E+00
  1.0126196E-03 -5.62018561318689525E+00
  1.0320082E-03 -5.62018544299573009E+00
  1.0516721E-03 -5.62018526904198801E+00
  1.0716154E-03 -5.62018508654755422E+00
  1.0918418E-03 -5.62018489787636177E+00
  1.1123555E-03 -5.62018470413674631E+00
  1.1331606E-03 -5.62018450307151696E+00
  1.1542611E-03 -5.62018429658138885E+00
  1.1756613E-03 -5.62018408375094225E+00
  1.1973655E-03 -5.62018386053656105E+00
  1.2193779E-03 -5.62018363206289351E+00
  1.2417029E-03 -5.62018339736132955E+00
  1.2643450E-03 -5.62018315357400056E+00
  1.2873086E-03 -5.62018290220396377E+00
  1.3105984E-03 -5.62018264150079716E+00
  1.3342189E-03 -5.62018237424431266E+00
  1.3581750E-03 -5.62018209768787891E+00
  1.3824712E-03 -5.62018181051866339E+00
  1.4071125E-03 -5.62018151561489265E+00
  1.4321038E-03 -5.62018121114800540E+00
  1.4574500E-03 -5.62018089645795094E+00
  1.4831562E-03 -5.62018057296092355E+00
  1.5092274E-03 -5.62018023805945166E+00
  1.5356689E-03 -5.62017989144594132E+00
  1.5624860E-03 -5.62017953527265490E+00
  1.5896839E-03 -5.62017916682635121E+00
  1.6172681E-03 -5.62017878684376360E+00
  1.6452441E-03 -5.62017839590723955E+00
  1.6736173E-03 -5.62017799146724339E+00
  1.7023936E-03 -5.62017757367386661E+00
  1.7315785E-03 -5.62017714347191788E+00
  1.7611779E-03 -5.62017670004646419E+00
  1.7911977E-03 -5.62017624241647518E+00
  1.8216438E-03 -5.62017577025275816E+00
  1.8525224E-03 -5.62017528257174970E+00
  1.8838394E-03 -5.62017477988656822E+00
  1.9156013E-03 -5.62017426259843234E+00
  1.9478142E-03 -5.62017372842089458E+00
  1.9804847E-03 -5.62017317717401443E+00
  2.0136191E-03 -5.62017260841346022E+00
  2.0472241E-03 -5.62017202286347395E+00
  2.0813064E-03 -5.62017141947784005E+00
  2.1158728E-03 -5.62017079601515590E+00
  2.1509300E-03 -5.62017015415059618E+00
  2.1864852E-03 -5.62016949198619997E+00
  2.2225453E-03 -5.62016880866075397E+00
  2.2591175E-03 -5.62016810553129531E+00
  2.2962091E-03 -5.62016738040373021E+00
  2.3338276E-03 -5.62016663231636660E+00
  2.3719803E-03 -5.62016586160128639E+00
  2.4106748E-03 -5.62016506728286558E+00
  2.4499189E-03 -5.62016424845330675E+00
  2.4897204E-03 -5.62016340407119674E+00
  2.5300871E-03 -5.62016253396407883E+00
  2.5710271E-03 -5.62016163779602440E+00
  2.6125486E-03 -5.62016071365499315E+00
  2.6546598E-03 -5.62015976099235459E+00
  2.6973690E-03 -5.62015877998750391E+00
  2.7406848E-03 -5.62015776900789721E+00
  2.7846158E-03 -5.62015672681092671E+00
  2.8291707E-03 -5.62015565247738635E+00
  2.8743583E-03 -5.62015454611296938E+00
  2.9201878E-03 -5.62015340669153218E+00
  2.9666681E-03 -5.62015223173408529E+00
  3.0138086E-03 -5.62015102073021922E+00
  3.0616185E-03 -5.62014977404776150E+00
  3.1101075E-03 -5.62014848972845549E+00
  3.1592851E-03 -5.62014716556284988E+00
  3.2091611E-03 -5.62014580198884506E+00
  3.2597455E-03 -5.62014439746032402E+00
  3.3110483E-03 -5.62014295001233499E+00
  3.3630798E-03 -5.62014145933624576E+00
  3.4158501E-03 -5.62013992335689228E+00
  3.4693700E-03 -5.62013834106857768E+00
  3.5236499E-03 -5.62013671195243347E+00
  3.5787008E-03 -5.62013503327262498E+00
  3.6345335E-03 -5.62013330417095780E+00
  3.6911591E-03 -5.62013152326086818E+00
  3.7485889E-03 -5.62012968883423980E+00
  3.8068344E-03 -5.62012779982054944E+00
  3.8659071E-03 -5.62012585386327856E+00
  3.9258188E-03 -5.62012384967641587E+00
  3.9865813E-03 -5.62012178567953757E+00
  4.0482068E-03 -5.62011965988507267E+00
  4.1107075E-03 -5.62011747060167277E+00
  4.1740959E-03 -5.62011521609357789E+00
  4.2383845E-03 -5.62011289431615157E+00
  4.3035862E-03 -5.62011050312988392E+00
  4.3697139E-03 -5.62010804083298332E+00
  4.4367807E-03 -5.62010550517819318E+00
  4.5048001E-03 -5.62010289403311525E+00
  4.5737854E-03 -5.62010020545822453E+00
  4.6437506E-03 -5.62009743672190520E+00
  4.7147093E-03 -5.62009458559507724E+00
  4.7866759E-03 -5.62009165027908075E+00
  4.8596645E-03 -5.62008862767003059E+00
  4.9336898E-03 -5.62008551502062126E+00
  5.0087663E-03 -5.62008231052594631E+00
  5.0849092E-03 -5.62007901111824992E+00
  5.1621334E-03 -5.62007561383840493E+00
  5.2404543E-03 -5.62007211604476087E+00
  5.3198877E-03 -5.62006851464132939E+00
  5.4004491E-03 -5.62006480708672385E+00
  5.4821547E-03 -5.62006098983039681E+00
  5.5650207E-03 -5.62005705957719037E+00
  5.6490636E-03 -5.62005301353156295E+00
  5.7343000E-03 -5.62004884796178672E+00
  5.8207471E-03 -5.62004455962063432E+00
  5.9084218E-03 -5.62004014494493020E+00
  5.9973418E-03 -5.62003559984936807E+00
  6.0875246E-03 -5.62003092094770196E+00
  6.1789882E-03 -5.62002610446114836E+00
  6.2717508E-03 -5.62002114605804870E+00
  6.3658308E-03 -5.62001604185000492E+00
  6.4612470E-03 -5.62001078746689942E+00
  6.5580183E-03 -5.62000537854836235E+00
  6.6561639E-03 -5.61999981087269163E+00
  6.7557035E-03 -5.61999407956242703E+00
  6.8566567E-03 -5.61998817991568789E+00
  6.9590437E-03 -5.61998210718535507E+00
  7.0628849E-03 -5.61997585625438401E+00
  7.1682008E-03 -5.61996942191423088E+00
  7.2750124E-03 -5.61996279897587669E+00
  7.3833410E-03 -5.61995598202624258E+00
  7.4932081E-03 -5.61994896525934706E+00
  7.6046355E-03 -5.61994174289818638E+00
  7.7176455E-03 -5.61993430919398307E+00
  7.8322605E-03 -5.61992665795956725E+00
  7.9485033E-03 -5.61991878280144430E+00
  8.0663969E-03 -5.61991067729562310E+00
  8.1859649E-03 -5.61990233475641254E+00
  8.3072311E-03 -5.61989374845525624E+00
  8.4302195E-03 -5.61988491123028666E+00
  8.5549546E-03 -5.61987581578197570E+00
  8.6814613E-03 -5.61986645481276348E+00
  8.8097646E-03 -5.61985682053802726E+00
  8.9398901E-03 -5.61984690504140705E+00
  9.0718637E-03 -5.61983670023582516E+00
  9.2057116E-03 -5.61982619781352799E+00
  9.3414604E-03 -5.61981538914093814E+00
  9.4791372E-03 -5.61980426532391331E+00
  9.6187693E-03 -5.61979281734199976E+00
  9.7603845E-03 -5.61978103581543120E+00
  9.9040109E-03 -5.61976891107423260E+00
  1.0049677E-02 -5.61975643327344354E+00
  1.0197412E-02 -5.61974359220016328E+00
  1.0347245E-02 -5.61973037735331271E+00
  1.0499207E-02 -5.61971677799976010E+00
  1.0653326E-02 -5.61970278300688353E+00
  1.0809634E-02 -5.61968838098064616E+00
  1.0968162E-02 -5.61967356018699693E+00
  1.1128942E-02 -5.61965830851736659E+00
  1.1292005E-02 -5.61964261357598893E+00
  1.1457384E-02 -5.61962646264086985E+00
  1.1625111E-02 -5.61960984248024342E+00
  1.1795221E-02 -5.61959273957758487E+00
  1.1967747E-02 -5.61957514009871151E+00
  1.2142723E-02 -5.61955702966547133E+00
  1.2320184E-02 -5.61953839357254736E+00
  1.2500165E-02 -5.61951921667793730E+00
  1.2682703E-02 -5.61949948341212657E+00
  1.2867833E-02 -5.61947917776580486E+00
  1.3055592E-02 -5.61945828322929497E+00
  1.3246017E-02 -5.61943678282944425E+00
  1.3439148E-02 -5.61941465916761018E+00
  1.3635021E-02 -5.61939189429680930E+00
  1.3833676E-02 -5.61936846970238069E+00
  1.4035152E-02 -5.61934436645371260E+00
  1.4239490E-02 -5.61931956500488550E+00
  1.4446730E-02 -5.61929404522784903E+00
  1.4656913E-02 -5.61926778650823522E+00
  1.4870081E-02 -5.61924076756889246E+00
  1.5086276E-02 -5.61921296649237956E+00
  1.5305542E-02 -5.61918436083001005E+00
  1.5527922E-02 -5.61915492743036360E+00
  1.5753461E-02 -5.61912464245148957E+00
  1.5982202E-02 -5.61909348145552467E+00
  1.6214193E-02 -5.61906141921260183E+00
  1.6449478E-02 -5.61902842980626627E+00
  1.6688104E-02 -5.61899448661006673E+00
  1.6930120E-02 -5.61895956216547710E+00
  1.7175572E-02 -5.61892362829257141E+00
  1.7424511E-02 -5.61888665596099912E+00
  1.7676985E-02 -5.61884861531901514E+00
  1.7933045E-02 -5.61880947568881606E+00
  1.8192742E-02 -5.61876920545424596E+00
  1.8456127E-02 -5.61872777214404184E+00
  1.8723252E-02 -5.61868514234443417E+00
  1.8994171E-02 -5.61864128167012300E+00
  1.9268938E-02 -5.61859615476138075E+00
  1.9547607E-02 -5.61854972524174379E+00
  1.9830234E-02 -5.61850195569964139E+00
  2.0116875E-02 -5.61845280764224331E+00
  2.0407587E-02 -5.61840224148892808E+00
  2.0702428E-02 -5.61835021650096778E+00
  2.1001456E-02 -5.61829669079109006E+00
  2.1304730E-02 -5.61824162128411153E+00
  2.1612312E-02 -5.61818496362925490E+00
  2.1924263E-02 -5.61812667225259332E+00
  2.2240644E-02 -5.61806670025904875E+00
  2.2561518E-02 -5.61800499938088826E+00
  2.2886949E-02 -5.61794152001045077E+00
  2.3217002E-02 -5.61787621110893554E+00
  2.3551742E-02 -5.61780902017226325E+00
  2.3891237E-02 -5.61773989318237188E+00
  2.4235553E-02 -5.61766877457784464E+00
  2.4584759E-02 -5.61759560723271445E+00
  2.4938925E-02 -5.61752033236749426E+00
  2.5298121E-02 -5.61744288950427872E+00
  2.5662418E-02 -5.61736321646327585E+00
  2.6031889E-02 -5.61728124927760675E+00
  2.6406607E-02 -5.61719692213135424E+00
  2.6786647E-02 -5.61711016734737090E+00
  2.7172085E-02 -5.61702091531143211E+00
  2.7562996E-02 -5.61692909440713262E+00
  2.7959460E-02 -5.61683463096880686E+00
  2.8361554E-02 -5.61673744923666352E+00
  2.8769359E-02 -5.61663747127978219E+00
  2.9182955E-02 -5.61653461692163614E+00
  2.9602426E-02 -5.61642880371711950E+00
  3.0027853E-02 -5.61631994685815439E+00
  3.0459323E-02 -5.61620795909680126E+00
  3.0896921E-02 -5.61609275070967140E+00
  3.1340734E-02 -5.61597422939770397E+00
  3.1790849E-02 -5.61585230022196313E+00
  3.2247358E-02 -5.61572686554017064E+00
  3.2710350E-02 -5.61559782491285020E+00
  3.3179917E-02 -5.61546507503116654E+00
  3.3656153E-02 -5.61532850963439589E+00
  3.4139153E-02 -5.61518801941946677E+00
  3.4629013E-02 -5.61504349197548525E+00
  3.5125829E-02 -5.61489481167139015E+00
  3.5629702E-02 -5.61474185956587046E+00
  3.6140731E-02 -5.61458451333796837E+00
  3.6659017E-02 -5.61442264716090733E+00
  3.7184664E-02 -5.61425613161154136E+00
  3.7717777E-02 -5.61408483359007526E+00
  3.8258461E-02 -5.61390861617839310E+00
  3.8806824E-02 -5.61372733855097295E+00
  3.9362975E-02 -5.61354085588143281E+00
  3.9927025E-02 -5.61334901918742002E+00
  4.0499085E-02 -5.61315167524492775E+00
  4.1079270E-02 -5.61294866646474144E+00
  4.1667695E-02 -5.61273983074893668E+00
  4.2264476E-02 -5.61252500138414590E+00
  4.2869734E-02 -5.61230400690090736E+00
  4.3483587E-02 -5.61207667093575502E+00
  4.4106158E-02 -5.61184281210300018E+00
  4.4737572E-02 -5.61160224384064232E+00
  4.5377953E-02 -5.61135477426744611E+00
  4.6027428E-02 -5.61110020603944726E+00
  4.6686128E-02 -5.61083833618385963E+00
  4.7354183E-02 -5.61056895594326832E+00
  4.8031725E-02 -5.61029185061625935E+00
  4.8718891E-02 -5.61000679938690272E+00
  4.9415815E-02 -5.60971357514684055E+00
  5.0122637E-02 -5.60941194432134171E+00
  5.0839498E-02 -5.60910166668878318E+00
  5.1566540E-02 -5.60878249518490879E+00
  5.2303908E-02 -5.60845417571689620E+00
  5.3051747E-02 -5.60811644696436939E+00
  5.3810208E-02 -5.60776904016740740E+00
  5.4579441E-02 -5.60741167892245507E+00
  5.5359598E-02 -5.60704407896784573E+00
  5.6150836E-02 -5.60666594795981421E+00
  5.6953310E-02 -5.60627698524320017E+00
  5.7767182E-02 -5.60587688161592546E+00
  5.8592613E-02 -5.60546531909407708E+00
  5.9429766E-02 -5.60504197066051635E+00
  6.0278809E-02 -5.60460650000640648E+00
  6.1139910E-02 -5.60415856127831358E+00
  6.2013241E-02 -5.60369779880499497E+00
  6.2898975E-02 -5.60322384681865238E+00
  6.3797289E-02 -5.60273632917506337E+00
  6.4708360E-02 -5.60223485906143459E+00
  6.5632371E-02 -5.60171903869682986E+00
  6.6569505E-02 -5.60118845902281759E+00
  6.7519948E-02 -5.60064269938844639E+00
  6.8483890E-02 -5.60008132722555896E+00
  6.9461521E-02 -5.59950389771200818E+00
  7.0453038E-02 -5.59890995343456854E+00
  7.1458636E-02 -5.59829902403214952E+00
  7.2478516E-02 -5.59767062583150388E+00
  7.3512880E-02 -5.59702426148240662E+00
  7.4561935E-02 -5.59635941957087368E+00
  7.5625888E-02 -5.59567557422558526E+00
  7.6704952E-02 -5.59497218471964697E+00
  7.7799342E-02 -5.59424869505332278E+00
  7.8909274E-02 -5.59350453352835864E+00
  8.0034969E-02 -5.59273911231493059E+00
  8.1176652E-02 -5.59195182699898830E+00
  8.2334550E-02 -5.59114205612543635E+00
  8.3508892E-02 -5.59030916072375117E+00
  8.4699912E-02 -5.58945248382106641E+00
  8.5907848E-02 -5.58857134994779781E+00
  8.7132939E-02 -5.58766506462226609E+00
  8.8375429E-02 -5.58673291382678716E+00
  8.9635565E-02 -5.58577416346827071E+00
  9.0913598E-02 -5.58478805882513640E+00
  9.2209782E-02 -5.58377382397919764E+00
  9.3524374E-02 -5.58273066123081474E+00
  9.4857637E-02 -5.58165775050196977E+00
  9.6209835E-02 -5.58055424872279637E+00
  9.7581238E-02 -5.57941928920006980E+00
  9.8972117E-02 -5.57825198096960140E+00
  1.0038275E-01 -5.57705140813549338E+00
  1.0181342E-01 -5.57581662918712517E+00
  1.0326440E-01 -5.57454667630175660E+00
  1.0473600E-01 -5.57324055462951584E+00
  1.0622849E-01 -5.57189724155542621E+00
  1.0774218E-01 -5.57051568594931457E+00
  1.0927737E-01 -5.56909480739331286E+00
  1.1083436E-01 -5.56763349538689578E+00
  1.1241346E-01 -5.56613060853602892E+00
  1.1401499E-01 -5.56458497372197058E+00
  1.1563926E-01 -5.56299538524653414E+00
  1.1728661E-01 -5.56136060395683085E+00
  1.1895735E-01 -5.55967935634942911E+00
  1.2065182E-01 -5.55795033365203484E+00
  1.2237035E-01 -5.55617219088199388E+00
  1.2411329E-01 -5.55434354588114676E+00
  1.2588098E-01 -5.55246297832989999E+00
  1.2767378E-01 -5.55052902873485809E+00
  1.2949204E-01 -5.54854019739155468E+00
  1.3133613E-01 -5.54649494332615944E+00
  1.3320640E-01 -5.54439168320876163E+00
  1.3510324E-01 -5.54222879024155812E+00
  1.3702701E-01 -5.54000459302141923E+00
  1.3897811E-01 -5.53771737437679423E+00
  1.4095692E-01 -5.53536537017704600E+00
  1.4296383E-01 -5.53294676811319697E+00
  1.4499924E-01 -5.53045970645416940E+00
  1.4706356E-01 -5.52790227277215163E+00
  1.4915720E-01 -5.52527250264085712E+00
  1.5128058E-01 -5.52256837830550396E+00
  1.5343411E-01 -5.51978782732233153E+00
  1.5561822E-01 -5.51692872117038569E+00
  1.5783336E-01 -5.51398887383208791E+00
  1.6007995E-01 -5.51096604034484550E+00
  1.6235845E-01 -5.50785791532247160E+00
  1.6466931E-01 -5.50466213144577310E+00
  1.6701299E-01 -5.50137625792287821E+00
  1.6938996E-01 -5.49799779891809681E+00
  1.7180068E-01 -5.49452419195059782E+00
  1.7424565E-01 -5.49095280626213267E+00
  1.7672533E-01 -5.48728094115342380E+00
  1.7924023E-01 -5.48350582428944566E+00
  1.8179085E-01 -5.47962460997364076E+00
  1.8437770E-01 -5.47563437739177861E+00
  1.8700128E-01 -5.47153212882458195E+00
  1.8966213E-01 -5.46731478782997637E+00
  1.9236076E-01 -5.46297919739544913E+00
  1.9509772E-01 -5.45852211805990173E+00
  1.9787355E-01 -5.45394022600658879E+00
  2.0068881E-01 -5.44923011112717059E+00
  2.0354404E-01 -5.44438827505732093E+00
  2.0643983E-01 -5.43941112918479153E+00
  2.0937675E-01 -5.43429499263038096E+00
  2.1235537E-01 -5.42903609020406197E+00
  2.1537630E-01 -5.42363055033589703E+00
  2.1844014E-01 -5.41807440298216836E+00
  2.2154748E-01 -5.41236357751095909E+00
  2.2469896E-01 -5.40649390056636747E+00
  2.2789520E-01 -5.40046109391283835E+00
  2.3113683E-01 -5.39426077226267164E+00
  2.3442449E-01 -5.38788844108778608E+00
  2.3775885E-01 -5.38133949441841786E+00
  2.4114057E-01 -5.37460921263042035E+00
  2.4457031E-01 -5.36769276022397346E+00
  2.4804877E-01 -5.36058518359711922E+00
  2.5157662E-01 -5.35328140881632475E+00
  2.5515458E-01 -5.34577623938748037E+00
  2.5878335E-01 -5.33806435403107926E+00
  2.6246366E-01 -5.33014030446543075E+00
  2.6619624E-01 -5.32199851320188788E+00
  2.6998183E-01 -5.31363327135661034E+00
  2.7382119E-01 -5.30503873648360624E+00
  2.7771507E-01 -5.29620893043399121E+00
  2.8166425E-01 -5.28713773724763314E+00
  2.8566952E-01 -5.27781890108258267E+00
  2.8973168E-01 -5.26824602418827137E+00
  2.9385152E-01 -5.25841256493070563E+00
  2.9802988E-01 -5.24831183587521988E+00
  3.0226758E-01 -5.23793700193545408E+00
  3.0656546E-01 -5.22728107859744640E+00
  3.1092439E-01 -5.21633693022607847E+00
  3.1534522E-01 -5.20509726846478316E+00
  3.1982883E-01 -5.19355465073817424E+00
  3.2437612E-01 -5.18170147886770405E+00
  3.2898800E-01 -5.16952999781268652E+00
  3.3366537E-01 -5.15703229454802248E+00
  3.3840918E-01 -5.14420029709182103E+00
  3.4322035E-01 -5.13102577369660917E+00
  3.4809986E-01 -5.11750033221830769E+00
  3.5304866E-01 -5.10361541967857058E+00
  3.5806775E-01 -5.08936232203658001E+00
  3.6315812E-01 -5.07473216418744499E+00
  3.6832079E-01 -5.05971591020544498E+00
  3.7355677E-01 -5.04430436385106518E+00
  3.7886712E-01 -5.02848816936267795E+00
  3.8425289E-01 -5.01225781255345204E+00
  3.8971515E-01 -4.99560362223651033E+00
  3.9525499E-01 -4.97851577200212958E+00
  4.0087350E-01 -4.96098428237198430E+00
  4.0657181E-01 -4.94299902335646202E+00
  4.1235105E-01 -4.92454971744304881E+00
  4.1821236E-01 -4.90562594304516164E+00
  4.2415692E-01 -4.88621713844135197E+00
  4.3018591E-01 -4.86631260623743866E+00
  4.3630052E-01 -4.84590151838546213E+00
  4.4250197E-01 -4.82497292179421233E+00
  4.4879150E-01 -4.80351574456856323E+00
  4.5517035E-01 -4.78151880291663467E+00
  4.6163979E-01 -4.75897080876471623E+00
  4.6820112E-01 -4.73586037812275862E+00
  4.7485563E-01 -4.71217604024453163E+00
  4.8160465E-01 -4.68790624762848829E+00
  4.8844953E-01 -4.66303938690780395E+00
  4.9539161E-01 -4.63756379067963564E+00
  5.0243229E-01 -4.61146775032612499E+00
  5.0957296E-01 -4.58473952988179523E+00
  5.1681504E-01 -4.55736738100402405E+00
  5.2415998E-01 -4.52933955910602393E+00
  5.3160923E-01 -4.50064434071386543E+00
  5.3916428E-01 -4.47127004211167201E+00
  5.4682663E-01 -4.44120503934186850E+00
  5.5459780E-01 -4.41043778963000221E+00
  5.6247934E-01 -4.37895685430637016E+00
  5.7047281E-01 -4.34675092330034740E+00
  5.7857981E-01 -4.31380884128549180E+00
  5.8680195E-01 -4.28011963555818031E+00
  5.9514086E-01 -4.24567254573519026E+00
  6.0359820E-01 -4.21045705536034465E+00
  6.1217565E-01 -4.17446292551436837E+00
  6.2087493E-01 -4.13768023052700240E+00
  6.2969775E-01 -4.10009939589588335E+00
  6.3864587E-01 -4.06171123852220894E+00
  6.4772108E-01 -4.02250700938015626E+00
  6.5692518E-01 -3.98247843874399265E+00
  6.6626000E-01 -3.94161778410533969E+00
  6.7572739E-01 -3.89991788092203073E+00
  6.8532924E-01 -3.85737219635031048E+00
  6.9506745E-01 -3.81397488612382896E+00
  7.0494398E-01 -3.76972085475566754E+00
  7.1496077E-01 -3.72460581925389134E+00
  7.2511982E-01 -3.67862637655693359E+00
  7.3542315E-01 -3.63178007491248200E+00
  7.4587281E-01 -3.58406548944174608E+00
  7.5647089E-01 -3.53548230215109704E+00
  7.6721947E-01 -3.48603138667313717E+00
  7.7812072E-01 -3.43571489803991392E+00
  7.8917678E-01 -3.38453636781047740E+00
  8.0038987E-01 -3.33250080489230038E+00
  8.1176220E-01 -3.27961480240863690E+00
  8.2329605E-01 -3.22588665097022176E+00
  8.3499371E-01 -3.17132645870391938E+00
  8.4685749E-01 -3.11594627837014393E+00
  8.5888978E-01 -3.05976024185668516E+00
  8.7109294E-01 -3.00278470226025940E+00
  8.8346942E-01 -2.94503838364751225E+00
  8.9602167E-01 -2.88654253840689279E+00
  9.0875219E-01 -2.82732111184228918E+00
  9.2166352E-01 -2.76740091329137483E+00
  9.3475821E-01 -2.70681179253784077E+00
  9.4803888E-01 -2.64558681958205844E+00
  9.6150816E-01 -2.58376246487324890E+00
  9.7516874E-01 -2.52137877580214287E+00
  9.8902333E-01 -2.45847954348839393E+00
  1.0030747E+00 -2.39511245150986474E+00
  1.0173256E+00 -2.33132919498331415E+00
  1.0317789E+00 -2.26718555398952759E+00
  1.0464375E+00 -2.20274139926859913E+00
  1.0613042E+00 -2.13806059968567608E+00
  1.0763822E+00 -2.07321078912353940E+00
  1.0916742E+00 -2.00826293356457475E+00
  1.1071834E+00 -1.94329061467344144E+00
  1.1229129E+00 -1.87836891027500119E+00
  1.1388658E+00 -1.81357269868758020E+00
  1.1550453E+00 -1.74896566772124928E+00
  1.1714545E+00 -1.68470385223443730E+00
  1.1880968E+00 -1.62093951591096497E+00
  1.2049754E+00 -1.55569368787358342E+00
  1.2220938E+00 -1.48690489431613559E+00
  1.2394553E+00 -1.41641907431045722E+00
  1.2570633E+00 -1.34619140154839467E+00
  1.2749214E+00 -1.27624615425514354E+00
  1.2930332E+00 -1.20659198279087865E+00
  1.3114021E+00 -1.13733322511334700E+00
  1.3300320E+00 -1.06857208097755185E+00
  1.3489264E+00 -1.00041615117415650E+00
  1.3680892E+00 -9.32978703933016629E-01
  1.3875242E+00 -8.66379064833407431E-01
  1.4072351E+00 -8.00743155605639578E-01
  1.4272260E+00 -7.36204200142445253E-01
  1.4475008E+00 -6.72903611919120626E-01
  1.4680636E+00 -6.10992075158522496E-01
  1.4889184E+00 -5.50630831848628377E-01
  1.5100694E+00 -4.91993187636143747E-01
  1.5315208E+00 -4.35266251231284373E-01
  1.5532768E+00 -3.80652923883607719E-01
  1.5753418E+00 -3.28374157361814301E-01
  1.5977202E+00 -2.78671500306876985E-01
  1.6204164E+00 -2.31809953413932762E-01
  1.6434350E+00 -1.88081153133559081E-01
  1.6667804E+00 -1.47806900909566136E-01
  1.6904574E+00 -1.11343049692018151E-01
  1.7144707E+00 -7.90837523501422002E-02
  1.7388251E+00 -5.14660382582606477E-02
  1.7635253E+00 -2.89748870971692531E-02
  1.7885763E+00 -1.21470647913785989E-02
  1.8139831E+00 -2.01828581043933400E-03
  1.8397507E+00  8.55717390270355292E-04
  1.8658843E+00  2.88268248177735859E-03
  1.8923891E+00  4.21003121168258936E-03
  1.9192702E+00  4.98240077095890750E-03
  1.9465332E+00  5.33760326015307249E-03
  1.9741833E+00  5.42198495659223546E-03
  2.0022261E+00  5.32584205541608395E-03
  2.0306672E+00  4.98573546054891827E-03
  2.0595123E+00  4.31912728374971109E-03
  2.0887670E+00  3.37946593018170370E-03
  2.1184371E+00  2.29391277636343052E-03
  2.1485287E+00  1.21679377227289632E-03
  2.1790476E+00  3.89845313785111113E-04
  2.2100000E+00  0.00000000000000000E+00
  2.2413920E+00  0.00000000000000000E+00
  2.2732298E+00  0.00000000000000000E+00
  2.3055197E+00  0.00000000000000000E+00
  2.3382683E+00  0.00000000000000000E+00
  2.3714819E+00  0.00000000000000000E+00
  2.4051673E+00  0.00000000000000000E+00
  2.4393311E+00  0.00000000000000000E+00
  2.4739800E+00  0.00000000000000000E+00
  2.5091211E+00  0.00000000000000000E+00
  2.5447612E+00  0.00000000000000000E+00
