  0.0000000E+00  0.0000000E+00  0.0000000E+00 -5.6201899E+00
  5.0071180E-06 -8.4374924E-05 -5.6233969E-05 -5.6201902E+00
  1.0085348E-05 -1.6994816E-04 -1.1326659E-04 -5.6201900E+00
  1.5235701E-05 -2.5673673E-04 -1.7110920E-04 -5.6201900E+00
  2.0459200E-05 -3.4475789E-04 -2.2977330E-04 -5.6201900E+00
  2.5756884E-05 -4.3402915E-04 -2.8927056E-04 -5.6201900E+00
  3.1129808E-05 -5.2456826E-04 -3.4961282E-04 -5.6201900E+00
  3.6579039E-05 -6.1639323E-04 -4.1081208E-04 -5.6201900E+00
  4.2105661E-05 -7.0952232E-04 -4.7288050E-04 -5.6201900E+00
  4.7710774E-05 -8.0397405E-04 -5.3583043E-04 -5.6201900E+00
  5.3395492E-05 -8.9976720E-04 -5.9967439E-04 -5.6201900E+00
  5.9160945E-05 -9.9692083E-04 -6.6442508E-04 -5.6201900E+00
  6.5008281E-05 -1.0954543E-03 -7.3009537E-04 -5.6201900E+00
  7.0938662E-05 -1.1953871E-03 -7.9669833E-04 -5.6201900E+00
  7.6953268E-05 -1.2967392E-03 -8.6424720E-04 -5.6201900E+00
  8.3053295E-05 -1.3995307E-03 -9.3275542E-04 -5.6201900E+00
  8.9239956E-05 -1.5037821E-03 -1.0022366E-03 -5.6201900E+00
  9.5514481E-05 -1.6095141E-03 -1.0727046E-03 -5.6201900E+00
  1.0187812E-04 -1.7167477E-03 -1.1441734E-03 -5.6201900E+00
  1.0833213E-04 -1.8255043E-03 -1.2166571E-03 -5.6201900E+00
  1.1487781E-04 -1.9358055E-03 -1.2901704E-03 -5.6201900E+00
  1.2151645E-04 -2.0476732E-03 -1.3647276E-03 -5.6201900E+00
  1.2824938E-04 -2.1611297E-03 -1.4403438E-03 -5.6201899E+00
  1.3507792E-04 -2.2761975E-03 -1.5170339E-03 -5.6201899E+00
  1.4200345E-04 -2.3928995E-03 -1.5948131E-03 -5.6201899E+00
  1.4902733E-04 -2.5112589E-03 -1.6736970E-03 -5.6201899E+00
  1.5615097E-04 -2.6312994E-03 -1.7537012E-03 -5.6201899E+00
  1.6337579E-04 -2.7530446E-03 -1.8348417E-03 -5.6201899E+00
  1.7070321E-04 -2.8765189E-03 -1.9171345E-03 -5.6201899E+00
  1.7813469E-04 -3.0017469E-03 -2.0005961E-03 -5.6201899E+00
  1.8567172E-04 -3.1287533E-03 -2.0852430E-03 -5.6201899E+00
  1.9331579E-04 -3.2575635E-03 -2.1710921E-03 -5.6201899E+00
  2.0106843E-04 -3.3882032E-03 -2.2581604E-03 -5.6201899E+00
  2.0893117E-04 -3.5206981E-03 -2.3464653E-03 -5.6201898E+00
  2.1690558E-04 -3.6550749E-03 -2.4360243E-03 -5.6201898E+00
  2.2499324E-04 -3.7913600E-03 -2.5268553E-03 -5.6201898E+00
  2.3319577E-04 -3.9295807E-03 -2.6189763E-03 -5.6201898E+00
  2.4151479E-04 -4.0697645E-03 -2.7124056E-03 -5.6201898E+00
  2.4995196E-04 -4.2119392E-03 -2.8071618E-03 -5.6201898E+00
  2.5850895E-04 -4.3561331E-03 -2.9032637E-03 -5.6201897E+00
  2.6718748E-04 -4.5023748E-03 -3.0007305E-03 -5.6201897E+00
  2.7598925E-04 -4.6506935E-03 -3.0995816E-03 -5.6201897E+00
  2.8491604E-04 -4.8011187E-03 -3.1998365E-03 -5.6201897E+00
  2.9396960E-04 -4.9536803E-03 -3.3015153E-03 -5.6201896E+00
  3.0315175E-04 -5.1084085E-03 -3.4046382E-03 -5.6201896E+00
  3.1246430E-04 -5.2653343E-03 -3.5092257E-03 -5.6201896E+00
  3.2190911E-04 -5.4244887E-03 -3.6152985E-03 -5.6201896E+00
  3.3148806E-04 -5.5859035E-03 -3.7228778E-03 -5.6201895E+00
  3.4120305E-04 -5.7496107E-03 -3.8319849E-03 -5.6201895E+00
  3.5105602E-04 -5.9156430E-03 -3.9426416E-03 -5.6201895E+00
  3.6104892E-04 -6.0840332E-03 -4.0548699E-03 -5.6201895E+00
  3.7118374E-04 -6.2548150E-03 -4.1686921E-03 -5.6201894E+00
  3.8146249E-04 -6.4280223E-03 -4.2841308E-03 -5.6201894E+00
  3.9188723E-04 -6.6036895E-03 -4.4012090E-03 -5.6201894E+00
  4.0246003E-04 -6.7818516E-03 -4.5199500E-03 -5.6201893E+00
  4.1318298E-04 -6.9625439E-03 -4.6403774E-03 -5.6201893E+00
  4.2405822E-04 -7.1458025E-03 -4.7625151E-03 -5.6201892E+00
  4.3508792E-04 -7.3316638E-03 -4.8863874E-03 -5.6201892E+00
  4.4627426E-04 -7.5201647E-03 -5.0120190E-03 -5.6201892E+00
  4.5761947E-04 -7.7113428E-03 -5.1394348E-03 -5.6201891E+00
  4.6912581E-04 -7.9052360E-03 -5.2686602E-03 -5.6201891E+00
  4.8079557E-04 -8.1018829E-03 -5.3997209E-03 -5.6201890E+00
  4.9263106E-04 -8.3013226E-03 -5.5326430E-03 -5.6201890E+00
  5.0463464E-04 -8.5035949E-03 -5.6674528E-03 -5.6201889E+00
  5.1680870E-04 -8.7087398E-03 -5.8041773E-03 -5.6201889E+00
  5.2915566E-04 -8.9167983E-03 -5.9428435E-03 -5.6201888E+00
  5.4167797E-04 -9.1278116E-03 -6.0834791E-03 -5.6201888E+00
  5.5437813E-04 -9.3418218E-03 -6.2261121E-03 -5.6201887E+00
  5.6725866E-04 -9.5588714E-03 -6.3707707E-03 -5.6201886E+00
  5.8032212E-04 -9.7790036E-03 -6.5174839E-03 -5.6201886E+00
  5.9357112E-04 -1.0002262E-02 -6.6662806E-03 -5.6201885E+00
  6.0700827E-04 -1.0228692E-02 -6.8171907E-03 -5.6201884E+00
  6.2063627E-04 -1.0458337E-02 -6.9702439E-03 -5.6201884E+00
  6.3445781E-04 -1.0691243E-02 -7.1254709E-03 -5.6201883E+00
  6.4847565E-04 -1.0927458E-02 -7.2829024E-03 -5.6201882E+00
  6.6269258E-04 -1.1167027E-02 -7.4425699E-03 -5.6201881E+00
  6.7711141E-04 -1.1409998E-02 -7.6045049E-03 -5.6201880E+00
  6.9173503E-04 -1.1656421E-02 -7.7687398E-03 -5.6201880E+00
  7.0656634E-04 -1.1906343E-02 -7.9353072E-03 -5.6201879E+00
  7.2160828E-04 -1.2159814E-02 -8.1042402E-03 -5.6201878E+00
  7.3686385E-04 -1.2416886E-02 -8.2755724E-03 -5.6201877E+00
  7.5233609E-04 -1.2677608E-02 -8.4493379E-03 -5.6201876E+00
  7.6802806E-04 -1.2942033E-02 -8.6255713E-03 -5.6201875E+00
  7.8394290E-04 -1.3210214E-02 -8.8043075E-03 -5.6201874E+00
  8.0008376E-04 -1.3482203E-02 -8.9855823E-03 -5.6201873E+00
  8.1645386E-04 -1.3758055E-02 -9.1694315E-03 -5.6201872E+00
  8.3305645E-04 -1.4037825E-02 -9.3558918E-03 -5.6201870E+00
  8.4989484E-04 -1.4321568E-02 -9.5450002E-03 -5.6201869E+00
  8.6697237E-04 -1.4609341E-02 -9.7367944E-03 -5.6201868E+00
  8.8429244E-04 -1.4901201E-02 -9.9313124E-03 -5.6201867E+00
  9.0185849E-04 -1.5197206E-02 -1.0128593E-02 -5.6201865E+00
  9.1967402E-04 -1.5497415E-02 -1.0328676E-02 -5.6201864E+00
  9.3774256E-04 -1.5801888E-02 -1.0531600E-02 -5.6201862E+00
  9.5606773E-04 -1.6110684E-02 -1.0737406E-02 -5.6201861E+00
  9.7465315E-04 -1.6423867E-02 -1.0946135E-02 -5.6201859E+00
  9.9350253E-04 -1.6741497E-02 -1.1157828E-02 -5.6201858E+00
  1.0126196E-03 -1.7063638E-02 -1.1372528E-02 -5.6201856E+00
  1.0320082E-03 -1.7390354E-02 -1.1590277E-02 -5.6201854E+00
  1.0516721E-03 -1.7721711E-02 -1.1811119E-02 -5.6201853E+00
  1.0716154E-03 -1.8057773E-02 -1.2035097E-02 -5.6201851E+00
  1.0918418E-03 -1.8398608E-02 -1.2262256E-02 -5.6201849E+00
  1.1123555E-03 -1.8744284E-02 -1.2492641E-02 -5.6201847E+00
  1.1331606E-03 -1.9094869E-02 -1.2726298E-02 -5.6201845E+00
  1.1542611E-03 -1.9450434E-02 -1.2963273E-02 -5.6201843E+00
  1.1756613E-03 -1.9811048E-02 -1.3203614E-02 -5.6201841E+00
  1.1973655E-03 -2.0176783E-02 -1.3447369E-02 -5.6201839E+00
  1.2193779E-03 -2.0547713E-02 -1.3694585E-02 -5.6201836E+00
  1.2417029E-03 -2.0923910E-02 -1.3945312E-02 -5.6201834E+00
  1.2643450E-03 -2.1305451E-02 -1.4199601E-02 -5.6201832E+00
  1.2873086E-03 -2.1692410E-02 -1.4457500E-02 -5.6201829E+00
  1.3105984E-03 -2.2084865E-02 -1.4719063E-02 -5.6201826E+00
  1.3342189E-03 -2.2482894E-02 -1.4984340E-02 -5.6201824E+00
  1.3581750E-03 -2.2886575E-02 -1.5253384E-02 -5.6201821E+00
  1.3824712E-03 -2.3295989E-02 -1.5526250E-02 -5.6201818E+00
  1.4071125E-03 -2.3711219E-02 -1.5802991E-02 -5.6201815E+00
  1.4321038E-03 -2.4132345E-02 -1.6083662E-02 -5.6201812E+00
  1.4574500E-03 -2.4559452E-02 -1.6368319E-02 -5.6201809E+00
  1.4831562E-03 -2.4992625E-02 -1.6657019E-02 -5.6201806E+00
  1.5092274E-03 -2.5431950E-02 -1.6949819E-02 -5.6201802E+00
  1.5356689E-03 -2.5877514E-02 -1.7246778E-02 -5.6201799E+00
  1.5624860E-03 -2.6329406E-02 -1.7547954E-02 -5.6201795E+00
  1.5896839E-03 -2.6787716E-02 -1.7853407E-02 -5.6201792E+00
  1.6172681E-03 -2.7252535E-02 -1.8163199E-02 -5.6201788E+00
  1.6452441E-03 -2.7723955E-02 -1.8477390E-02 -5.6201784E+00
  1.6736173E-03 -2.8202070E-02 -1.8796043E-02 -5.6201780E+00
  1.7023936E-03 -2.8686976E-02 -1.9119222E-02 -5.6201776E+00
  1.7315785E-03 -2.9178768E-02 -1.9446991E-02 -5.6201771E+00
  1.7611779E-03 -2.9677545E-02 -1.9779414E-02 -5.6201767E+00
  1.7911977E-03 -3.0183406E-02 -2.0116559E-02 -5.6201762E+00
  1.8216438E-03 -3.0696450E-02 -2.0458492E-02 -5.6201758E+00
  1.8525224E-03 -3.1216781E-02 -2.0805281E-02 -5.6201753E+00
  1.8838394E-03 -3.1744502E-02 -2.1156995E-02 -5.6201748E+00
  1.9156013E-03 -3.2279718E-02 -2.1513704E-02 -5.6201743E+00
  1.9478142E-03 -3.2822534E-02 -2.1875480E-02 -5.6201737E+00
  1.9804847E-03 -3.3373060E-02 -2.2242393E-02 -5.6201732E+00
  2.0136191E-03 -3.3931404E-02 -2.2614517E-02 -5.6201726E+00
  2.0472241E-03 -3.4497678E-02 -2.2991926E-02 -5.6201720E+00
  2.0813064E-03 -3.5071994E-02 -2.3374695E-02 -5.6201714E+00
  2.1158728E-03 -3.5654466E-02 -2.3762900E-02 -5.6201708E+00
  2.1509300E-03 -3.6245211E-02 -2.4156618E-02 -5.6201702E+00
  2.1864852E-03 -3.6844345E-02 -2.4555928E-02 -5.6201695E+00
  2.2225453E-03 -3.7451989E-02 -2.4960909E-02 -5.6201688E+00
  2.2591175E-03 -3.8068262E-02 -2.5371642E-02 -5.6201681E+00
  2.2962091E-03 -3.8693287E-02 -2.5788207E-02 -5.6201674E+00
  2.3338276E-03 -3.9327189E-02 -2.6210689E-02 -5.6201666E+00
  2.3719803E-03 -3.9970093E-02 -2.6639171E-02 -5.6201659E+00
  2.4106748E-03 -4.0622128E-02 -2.7073738E-02 -5.6201651E+00
  2.4499189E-03 -4.1283423E-02 -2.7514477E-02 -5.6201642E+00
  2.4897204E-03 -4.1954110E-02 -2.7961475E-02 -5.6201634E+00
  2.5300871E-03 -4.2634322E-02 -2.8414821E-02 -5.6201625E+00
  2.5710271E-03 -4.3324194E-02 -2.8874606E-02 -5.6201616E+00
  2.6125486E-03 -4.4023863E-02 -2.9340920E-02 -5.6201607E+00
  2.6546598E-03 -4.4733469E-02 -2.9813857E-02 -5.6201598E+00
  2.6973690E-03 -4.5453153E-02 -3.0293511E-02 -5.6201588E+00
  2.7406848E-03 -4.6183058E-02 -3.0779977E-02 -5.6201578E+00
  2.7846158E-03 -4.6923328E-02 -3.1273351E-02 -5.6201567E+00
  2.8291707E-03 -4.7674112E-02 -3.1773732E-02 -5.6201557E+00
  2.8743583E-03 -4.8435558E-02 -3.2281220E-02 -5.6201545E+00
  2.9201878E-03 -4.9207818E-02 -3.2795915E-02 -5.6201534E+00
  2.9666681E-03 -4.9991045E-02 -3.3317919E-02 -5.6201522E+00
  3.0138086E-03 -5.0785396E-02 -3.3847337E-02 -5.6201510E+00
  3.0616185E-03 -5.1591028E-02 -3.4384273E-02 -5.6201498E+00
  3.1101075E-03 -5.2408101E-02 -3.4928835E-02 -5.6201485E+00
  3.1592851E-03 -5.3236778E-02 -3.5481131E-02 -5.6201472E+00
  3.2091611E-03 -5.4077223E-02 -3.6041270E-02 -5.6201458E+00
  3.2597455E-03 -5.4929605E-02 -3.6609364E-02 -5.6201444E+00
  3.3110483E-03 -5.5794091E-02 -3.7185526E-02 -5.6201430E+00
  3.3630798E-03 -5.6670854E-02 -3.7769870E-02 -5.6201415E+00
  3.4158501E-03 -5.7560069E-02 -3.8362514E-02 -5.6201399E+00
  3.4693700E-03 -5.8461913E-02 -3.8963573E-02 -5.6201383E+00
  3.5236499E-03 -5.9376563E-02 -3.9573169E-02 -5.6201367E+00
  3.5787008E-03 -6.0304204E-02 -4.0191422E-02 -5.6201350E+00
  3.6345335E-03 -6.1245018E-02 -4.0818455E-02 -5.6201333E+00
  3.6911591E-03 -6.2199193E-02 -4.1454393E-02 -5.6201315E+00
  3.7485889E-03 -6.3166919E-02 -4.2099363E-02 -5.6201297E+00
  3.8068344E-03 -6.4148387E-02 -4.2753491E-02 -5.6201278E+00
  3.8659071E-03 -6.5143794E-02 -4.3416910E-02 -5.6201259E+00
  3.9258188E-03 -6.6153338E-02 -4.4089750E-02 -5.6201238E+00
  3.9865813E-03 -6.7177218E-02 -4.4772145E-02 -5.6201218E+00
  4.0482068E-03 -6.8215639E-02 -4.5464232E-02 -5.6201197E+00
  4.1107075E-03 -6.9268806E-02 -4.6166147E-02 -5.6201175E+00
  4.1740959E-03 -7.0336930E-02 -4.6878030E-02 -5.6201152E+00
  4.2383845E-03 -7.1420223E-02 -4.7600023E-02 -5.6201129E+00
  4.3035862E-03 -7.2518899E-02 -4.8332269E-02 -5.6201105E+00
  4.3697139E-03 -7.3633179E-02 -4.9074914E-02 -5.6201080E+00
  4.4367807E-03 -7.4763282E-02 -4.9828106E-02 -5.6201055E+00
  4.5048001E-03 -7.5909434E-02 -5.0591994E-02 -5.6201029E+00
  4.5737854E-03 -7.7071863E-02 -5.1366730E-02 -5.6201002E+00
  4.6437506E-03 -7.8250799E-02 -5.2152468E-02 -5.6200974E+00
  4.7147093E-03 -7.9446477E-02 -5.2949365E-02 -5.6200946E+00
  4.7866759E-03 -8.0659136E-02 -5.3757579E-02 -5.6200917E+00
  4.8596645E-03 -8.1889015E-02 -5.4577270E-02 -5.6200886E+00
  4.9336898E-03 -8.3136360E-02 -5.5408601E-02 -5.6200855E+00
  5.0087663E-03 -8.4401418E-02 -5.6251739E-02 -5.6200823E+00
  5.0849092E-03 -8.5684441E-02 -5.7106849E-02 -5.6200790E+00
  5.1621334E-03 -8.6985684E-02 -5.7974104E-02 -5.6200756E+00
  5.2404543E-03 -8.8305405E-02 -5.8853674E-02 -5.6200721E+00
  5.3198877E-03 -8.9643868E-02 -5.9745735E-02 -5.6200685E+00
  5.4004491E-03 -9.1001337E-02 -6.0650463E-02 -5.6200648E+00
  5.4821547E-03 -9.2378084E-02 -6.1568040E-02 -5.6200610E+00
  5.5650207E-03 -9.3774381E-02 -6.2498647E-02 -5.6200571E+00
  5.6490636E-03 -9.5190506E-02 -6.3442470E-02 -5.6200530E+00
  5.7343000E-03 -9.6626741E-02 -6.4399695E-02 -5.6200488E+00
  5.8207471E-03 -9.8083371E-02 -6.5370513E-02 -5.6200446E+00
  5.9084218E-03 -9.9560686E-02 -6.6355118E-02 -5.6200401E+00
  5.9973418E-03 -1.0105898E-01 -6.7353705E-02 -5.6200356E+00
  6.0875246E-03 -1.0257855E-01 -6.8366472E-02 -5.6200309E+00
  6.1789882E-03 -1.0411970E-01 -6.9393621E-02 -5.6200261E+00
  6.2717508E-03 -1.0568273E-01 -7.0435356E-02 -5.6200211E+00
  6.3658308E-03 -1.0726796E-01 -7.1491884E-02 -5.6200160E+00
  6.4612470E-03 -1.0887569E-01 -7.2563415E-02 -5.6200108E+00
  6.5580183E-03 -1.1050626E-01 -7.3650162E-02 -5.6200054E+00
  6.6561639E-03 -1.1215998E-01 -7.4752341E-02 -5.6199998E+00
  6.7557035E-03 -1.1383718E-01 -7.5870171E-02 -5.6199941E+00
  6.8566567E-03 -1.1553820E-01 -7.7003874E-02 -5.6199882E+00
  6.9590437E-03 -1.1726338E-01 -7.8153676E-02 -5.6199821E+00
  7.0628849E-03 -1.1901305E-01 -7.9319805E-02 -5.6199759E+00
  7.1682008E-03 -1.2078756E-01 -8.0502493E-02 -5.6199694E+00
  7.2750124E-03 -1.2258727E-01 -8.1701975E-02 -5.6199628E+00
  7.3833410E-03 -1.2441254E-01 -8.2918489E-02 -5.6199560E+00
  7.4932081E-03 -1.2626372E-01 -8.4152277E-02 -5.6199490E+00
  7.6046355E-03 -1.2814119E-01 -8.5403584E-02 -5.6199417E+00
  7.7176455E-03 -1.3004532E-01 -8.6672660E-02 -5.6199343E+00
  7.8322605E-03 -1.3197649E-01 -8.7959756E-02 -5.6199267E+00
  7.9485033E-03 -1.3393507E-01 -8.9265127E-02 -5.6199188E+00
  8.0663969E-03 -1.3592146E-01 -9.0589034E-02 -5.6199107E+00
  8.1859649E-03 -1.3793606E-01 -9.1931739E-02 -5.6199023E+00
  8.3072311E-03 -1.3997927E-01 -9.3293510E-02 -5.6198937E+00
  8.4302195E-03 -1.4205148E-01 -9.4674616E-02 -5.6198849E+00
  8.5549546E-03 -1.4415311E-01 -9.6075332E-02 -5.6198758E+00
  8.6814613E-03 -1.4628459E-01 -9.7495937E-02 -5.6198665E+00
  8.8097646E-03 -1.4844633E-01 -9.8936712E-02 -5.6198568E+00
  8.9398901E-03 -1.5063876E-01 -1.0039794E-01 -5.6198469E+00
  9.0718637E-03 -1.5286232E-01 -1.0187992E-01 -5.6198367E+00
  9.2057116E-03 -1.5511745E-01 -1.0338295E-01 -5.6198262E+00
  9.3414604E-03 -1.5740459E-01 -1.0490731E-01 -5.6198154E+00
  9.4791372E-03 -1.5972421E-01 -1.0645331E-01 -5.6198043E+00
  9.6187693E-03 -1.6207676E-01 -1.0802127E-01 -5.6197928E+00
  9.7603845E-03 -1.6446271E-01 -1.0961149E-01 -5.6197810E+00
  9.9040109E-03 -1.6688253E-01 -1.1122428E-01 -5.6197689E+00
  1.0049677E-02 -1.6933671E-01 -1.1285997E-01 -5.6197564E+00
  1.0197412E-02 -1.7182573E-01 -1.1451889E-01 -5.6197436E+00
  1.0347245E-02 -1.7435008E-01 -1.1620135E-01 -5.6197304E+00
  1.0499207E-02 -1.7691028E-01 -1.1790771E-01 -5.6197168E+00
  1.0653326E-02 -1.7950681E-01 -1.1963829E-01 -5.6197028E+00
  1.0809634E-02 -1.8214021E-01 -1.2139344E-01 -5.6196884E+00
  1.0968162E-02 -1.8481099E-01 -1.2317350E-01 -5.6196736E+00
  1.1128942E-02 -1.8751969E-01 -1.2497884E-01 -5.6196583E+00
  1.1292005E-02 -1.9026683E-01 -1.2680980E-01 -5.6196426E+00
  1.1457384E-02 -1.9305298E-01 -1.2866676E-01 -5.6196265E+00
  1.1625111E-02 -1.9587867E-01 -1.3055008E-01 -5.6196098E+00
  1.1795221E-02 -1.9874448E-01 -1.3246014E-01 -5.6195927E+00
  1.1967747E-02 -2.0165096E-01 -1.3439731E-01 -5.6195751E+00
  1.2142723E-02 -2.0459870E-01 -1.3636198E-01 -5.6195570E+00
  1.2320184E-02 -2.0758828E-01 -1.3835454E-01 -5.6195384E+00
  1.2500165E-02 -2.1062030E-01 -1.4037538E-01 -5.6195192E+00
  1.2682703E-02 -2.1369535E-01 -1.4242491E-01 -5.6194995E+00
  1.2867833E-02 -2.1681405E-01 -1.4450353E-01 -5.6194792E+00
  1.3055592E-02 -2.1997701E-01 -1.4661166E-01 -5.6194583E+00
  1.3246017E-02 -2.2318487E-01 -1.4874971E-01 -5.6194368E+00
  1.3439148E-02 -2.2643825E-01 -1.5091811E-01 -5.6194147E+00
  1.3635021E-02 -2.2973781E-01 -1.5311728E-01 -5.6193919E+00
  1.3833676E-02 -2.3308420E-01 -1.5534768E-01 -5.6193685E+00
  1.4035152E-02 -2.3647808E-01 -1.5760972E-01 -5.6193444E+00
  1.4239490E-02 -2.3992012E-01 -1.5990388E-01 -5.6193196E+00
  1.4446730E-02 -2.4341101E-01 -1.6223059E-01 -5.6192940E+00
  1.4656913E-02 -2.4695144E-01 -1.6459033E-01 -5.6192678E+00
  1.4870081E-02 -2.5054211E-01 -1.6698355E-01 -5.6192408E+00
  1.5086276E-02 -2.5418374E-01 -1.6941074E-01 -5.6192130E+00
  1.5305542E-02 -2.5787704E-01 -1.7187238E-01 -5.6191844E+00
  1.5527922E-02 -2.6162275E-01 -1.7436895E-01 -5.6191549E+00
  1.5753461E-02 -2.6542161E-01 -1.7690095E-01 -5.6191246E+00
  1.5982202E-02 -2.6927437E-01 -1.7946888E-01 -5.6190935E+00
  1.6214193E-02 -2.7318179E-01 -1.8207325E-01 -5.6190614E+00
  1.6449478E-02 -2.7714466E-01 -1.8471458E-01 -5.6190284E+00
  1.6688104E-02 -2.8116375E-01 -1.8739338E-01 -5.6189945E+00
  1.6930120E-02 -2.8523986E-01 -1.9011020E-01 -5.6189596E+00
  1.7175572E-02 -2.8937380E-01 -1.9286557E-01 -5.6189236E+00
  1.7424511E-02 -2.9356638E-01 -1.9566003E-01 -5.6188867E+00
  1.7676985E-02 -2.9781844E-01 -1.9849414E-01 -5.6188486E+00
  1.7933045E-02 -3.0213082E-01 -2.0136846E-01 -5.6188095E+00
  1.8192742E-02 -3.0650437E-01 -2.0428356E-01 -5.6187692E+00
  1.8456127E-02 -3.1093996E-01 -2.0724001E-01 -5.6187278E+00
  1.8723252E-02 -3.1543847E-01 -2.1023841E-01 -5.6186851E+00
  1.8994171E-02 -3.2000078E-01 -2.1327934E-01 -5.6186413E+00
  1.9268938E-02 -3.2462779E-01 -2.1636341E-01 -5.6185962E+00
  1.9547607E-02 -3.2932043E-01 -2.1949123E-01 -5.6185497E+00
  1.9830234E-02 -3.3407963E-01 -2.2266341E-01 -5.6185020E+00
  2.0116875E-02 -3.3890631E-01 -2.2588060E-01 -5.6184528E+00
  2.0407587E-02 -3.4380144E-01 -2.2914341E-01 -5.6184022E+00
  2.0702428E-02 -3.4876598E-01 -2.3245249E-01 -5.6183502E+00
  2.1001456E-02 -3.5380092E-01 -2.3580851E-01 -5.6182967E+00
  2.1304730E-02 -3.5890725E-01 -2.3921213E-01 -5.6182416E+00
  2.1612312E-02 -3.6408598E-01 -2.4266401E-01 -5.6181850E+00
  2.1924263E-02 -3.6933813E-01 -2.4616484E-01 -5.6181267E+00
  2.2240644E-02 -3.7466474E-01 -2.4971532E-01 -5.6180667E+00
  2.2561518E-02 -3.8006686E-01 -2.5331614E-01 -5.6180050E+00
  2.2886949E-02 -3.8554555E-01 -2.5696801E-01 -5.6179415E+00
  2.3217002E-02 -3.9110191E-01 -2.6067167E-01 -5.6178762E+00
  2.3551742E-02 -3.9673702E-01 -2.6442783E-01 -5.6178090E+00
  2.3891237E-02 -4.0245199E-01 -2.6823724E-01 -5.6177399E+00
  2.4235553E-02 -4.0824796E-01 -2.7210065E-01 -5.6176688E+00
  2.4584759E-02 -4.1412607E-01 -2.7601883E-01 -5.6175956E+00
  2.4938925E-02 -4.2008747E-01 -2.7999255E-01 -5.6175203E+00
  2.5298121E-02 -4.2613334E-01 -2.8402259E-01 -5.6174429E+00
  2.5662418E-02 -4.3226487E-01 -2.8810974E-01 -5.6173632E+00
  2.6031889E-02 -4.3848327E-01 -2.9225482E-01 -5.6172812E+00
  2.6406607E-02 -4.4478976E-01 -2.9645864E-01 -5.6171969E+00
  2.6786647E-02 -4.5118558E-01 -3.0072203E-01 -5.6171102E+00
  2.7172085E-02 -4.5767200E-01 -3.0504583E-01 -5.6170209E+00
  2.7562996E-02 -4.6425029E-01 -3.0943090E-01 -5.6169291E+00
  2.7959460E-02 -4.7092175E-01 -3.1387808E-01 -5.6168346E+00
  2.8361554E-02 -4.7768767E-01 -3.1838827E-01 -5.6167374E+00
  2.8769359E-02 -4.8454940E-01 -3.2296235E-01 -5.6166375E+00
  2.9182955E-02 -4.9150829E-01 -3.2760121E-01 -5.6165346E+00
  2.9602426E-02 -4.9856569E-01 -3.3230578E-01 -5.6164288E+00
  3.0027853E-02 -5.0572300E-01 -3.3707697E-01 -5.6163199E+00
  3.0459323E-02 -5.1298163E-01 -3.4191573E-01 -5.6162080E+00
  3.0896921E-02 -5.2034298E-01 -3.4682301E-01 -5.6160928E+00
  3.1340734E-02 -5.2780851E-01 -3.5179976E-01 -5.6159742E+00
  3.1790849E-02 -5.3537969E-01 -3.5684697E-01 -5.6158523E+00
  3.2247358E-02 -5.4305799E-01 -3.6196563E-01 -5.6157269E+00
  3.2710350E-02 -5.5084492E-01 -3.6715675E-01 -5.6155978E+00
  3.3179917E-02 -5.5874200E-01 -3.7242133E-01 -5.6154651E+00
  3.3656153E-02 -5.6675078E-01 -3.7776042E-01 -5.6153285E+00
  3.4139153E-02 -5.7487283E-01 -3.8317506E-01 -5.6151880E+00
  3.4629013E-02 -5.8310973E-01 -3.8866632E-01 -5.6150435E+00
  3.5125829E-02 -5.9146309E-01 -3.9423526E-01 -5.6148948E+00
  3.5629702E-02 -5.9993455E-01 -3.9988297E-01 -5.6147419E+00
  3.6140731E-02 -6.0852576E-01 -4.0561058E-01 -5.6145845E+00
  3.6659017E-02 -6.1723840E-01 -4.1141918E-01 -5.6144226E+00
  3.7184664E-02 -6.2607415E-01 -4.1730992E-01 -5.6142561E+00
  3.7717777E-02 -6.3503476E-01 -4.2328396E-01 -5.6140848E+00
  3.8258461E-02 -6.4412195E-01 -4.2934244E-01 -5.6139086E+00
  3.8806824E-02 -6.5333750E-01 -4.3548657E-01 -5.6137273E+00
  3.9362975E-02 -6.6268321E-01 -4.4171754E-01 -5.6135409E+00
  3.9927025E-02 -6.7216089E-01 -4.4803656E-01 -5.6133490E+00
  4.0499085E-02 -6.8177237E-01 -4.5444487E-01 -5.6131517E+00
  4.1079270E-02 -6.9151954E-01 -4.6094371E-01 -5.6129487E+00
  4.1667695E-02 -7.0140427E-01 -4.6753434E-01 -5.6127398E+00
  4.2264476E-02 -7.1142849E-01 -4.7421806E-01 -5.6125250E+00
  4.2869734E-02 -7.2159413E-01 -4.8099616E-01 -5.6123040E+00
  4.3483587E-02 -7.3190317E-01 -4.8786995E-01 -5.6120767E+00
  4.4106158E-02 -7.4235760E-01 -4.9484077E-01 -5.6118428E+00
  4.4737572E-02 -7.5295943E-01 -5.0190998E-01 -5.6116022E+00
  4.5377953E-02 -7.6371073E-01 -5.0907894E-01 -5.6113548E+00
  4.6027428E-02 -7.7461355E-01 -5.1634904E-01 -5.6111002E+00
  4.6686128E-02 -7.8567001E-01 -5.2372169E-01 -5.6108383E+00
  4.7354183E-02 -7.9688223E-01 -5.3119832E-01 -5.6105690E+00
  4.8031725E-02 -8.0825236E-01 -5.3878037E-01 -5.6102919E+00
  4.8718891E-02 -8.1978261E-01 -5.4646930E-01 -5.6100068E+00
  4.9415815E-02 -8.3147517E-01 -5.5426660E-01 -5.6097136E+00
  5.0122637E-02 -8.4333230E-01 -5.6217378E-01 -5.6094119E+00
  5.0839498E-02 -8.5535626E-01 -5.7019235E-01 -5.6091017E+00
  5.1566540E-02 -8.6754936E-01 -5.7832385E-01 -5.6087825E+00
  5.2303908E-02 -8.7991393E-01 -5.8656986E-01 -5.6084542E+00
  5.3051747E-02 -8.9245233E-01 -5.9493195E-01 -5.6081164E+00
  5.3810208E-02 -9.0516695E-01 -6.0341173E-01 -5.6077690E+00
  5.4579441E-02 -9.1806022E-01 -6.1201083E-01 -5.6074117E+00
  5.5359598E-02 -9.3113459E-01 -6.2073088E-01 -5.6070441E+00
  5.6150836E-02 -9.4439254E-01 -6.2957357E-01 -5.6066659E+00
  5.6953310E-02 -9.5783660E-01 -6.3854056E-01 -5.6062770E+00
  5.7767182E-02 -9.7146930E-01 -6.4763359E-01 -5.6058769E+00
  5.8592613E-02 -9.8529323E-01 -6.5685437E-01 -5.6054653E+00
  5.9429766E-02 -9.9931101E-01 -6.6620467E-01 -5.6050420E+00
  6.0278809E-02 -1.0135253E+00 -6.7568627E-01 -5.6046065E+00
  6.1139910E-02 -1.0279387E+00 -6.8530095E-01 -5.6041586E+00
  6.2013241E-02 -1.0425540E+00 -6.9505055E-01 -5.6036978E+00
  6.2898975E-02 -1.0573739E+00 -7.0493690E-01 -5.6032238E+00
  6.3797289E-02 -1.0724013E+00 -7.1496189E-01 -5.6027363E+00
  6.4708360E-02 -1.0876388E+00 -7.2512739E-01 -5.6022349E+00
  6.5632371E-02 -1.1030894E+00 -7.3543533E-01 -5.6017190E+00
  6.6569505E-02 -1.1187560E+00 -7.4588764E-01 -5.6011885E+00
  6.7519948E-02 -1.1346414E+00 -7.5648630E-01 -5.6006427E+00
  6.8483890E-02 -1.1507486E+00 -7.6723328E-01 -5.6000813E+00
  6.9461521E-02 -1.1670806E+00 -7.7813059E-01 -5.5995039E+00
  7.0453038E-02 -1.1836405E+00 -7.8918028E-01 -5.5989100E+00
  7.1458636E-02 -1.2004312E+00 -8.0038440E-01 -5.5982990E+00
  7.2478516E-02 -1.2174559E+00 -8.1174504E-01 -5.5976706E+00
  7.3512880E-02 -1.2347177E+00 -8.2326431E-01 -5.5970243E+00
  7.4561935E-02 -1.2522197E+00 -8.3494435E-01 -5.5963594E+00
  7.5625888E-02 -1.2699652E+00 -8.4678731E-01 -5.5956756E+00
  7.6704952E-02 -1.2879575E+00 -8.5879539E-01 -5.5949722E+00
  7.7799342E-02 -1.3061997E+00 -8.7097080E-01 -5.5942487E+00
  7.8909274E-02 -1.3246951E+00 -8.8331576E-01 -5.5935045E+00
  8.0034969E-02 -1.3434473E+00 -8.9583256E-01 -5.5927391E+00
  8.1176652E-02 -1.3624594E+00 -9.0852347E-01 -5.5919518E+00
  8.2334550E-02 -1.3817350E+00 -9.2139081E-01 -5.5911421E+00
  8.3508892E-02 -1.4012775E+00 -9.3443693E-01 -5.5903092E+00
  8.4699912E-02 -1.4210903E+00 -9.4766419E-01 -5.5894525E+00
  8.5907848E-02 -1.4411771E+00 -9.6107498E-01 -5.5885713E+00
  8.7132939E-02 -1.4615414E+00 -9.7467174E-01 -5.5876651E+00
  8.8375429E-02 -1.4821868E+00 -9.8845689E-01 -5.5867329E+00
  8.9635565E-02 -1.5031169E+00 -1.0024329E+00 -5.5857742E+00
  9.0913598E-02 -1.5243355E+00 -1.0166023E+00 -5.5847881E+00
  9.2209782E-02 -1.5458462E+00 -1.0309677E+00 -5.5837738E+00
  9.3524374E-02 -1.5676528E+00 -1.0455314E+00 -5.5827307E+00
  9.4857637E-02 -1.5897591E+00 -1.0602962E+00 -5.5816578E+00
  9.6209835E-02 -1.6121689E+00 -1.0752647E+00 -5.5805542E+00
  9.7581238E-02 -1.6348860E+00 -1.0904394E+00 -5.5794193E+00
  9.8972117E-02 -1.6579145E+00 -1.1058231E+00 -5.5782520E+00
  1.0038275E-01 -1.6812581E+00 -1.1214183E+00 -5.5770514E+00
  1.0181342E-01 -1.7049209E+00 -1.1372279E+00 -5.5758166E+00
  1.0326440E-01 -1.7289068E+00 -1.1532546E+00 -5.5745467E+00
  1.0473600E-01 -1.7532200E+00 -1.1695011E+00 -5.5732406E+00
  1.0622849E-01 -1.7778644E+00 -1.1859702E+00 -5.5718972E+00
  1.0774218E-01 -1.8028442E+00 -1.2026647E+00 -5.5705157E+00
  1.0927737E-01 -1.8281635E+00 -1.2195875E+00 -5.5690948E+00
  1.1083436E-01 -1.8538265E+00 -1.2367414E+00 -5.5676335E+00
  1.1241346E-01 -1.8798374E+00 -1.2541294E+00 -5.5661306E+00
  1.1401499E-01 -1.9062003E+00 -1.2717542E+00 -5.5645850E+00
  1.1563926E-01 -1.9329196E+00 -1.2896189E+00 -5.5629954E+00
  1.1728661E-01 -1.9599996E+00 -1.3077265E+00 -5.5613606E+00
  1.1895735E-01 -1.9874445E+00 -1.3260798E+00 -5.5596794E+00
  1.2065182E-01 -2.0152588E+00 -1.3446820E+00 -5.5579503E+00
  1.2237035E-01 -2.0434467E+00 -1.3635360E+00 -5.5561722E+00
  1.2411329E-01 -2.0720127E+00 -1.3826448E+00 -5.5543435E+00
  1.2588098E-01 -2.1009611E+00 -1.4020116E+00 -5.5524630E+00
  1.2767378E-01 -2.1302965E+00 -1.4216395E+00 -5.5505290E+00
  1.2949204E-01 -2.1600233E+00 -1.4415315E+00 -5.5485402E+00
  1.3133613E-01 -2.1901459E+00 -1.4616907E+00 -5.5464949E+00
  1.3320640E-01 -2.2206689E+00 -1.4821204E+00 -5.5443917E+00
  1.3510324E-01 -2.2515967E+00 -1.5028237E+00 -5.5422288E+00
  1.3702701E-01 -2.2829340E+00 -1.5238037E+00 -5.5400046E+00
  1.3897811E-01 -2.3146852E+00 -1.5450637E+00 -5.5377174E+00
  1.4095692E-01 -2.3468548E+00 -1.5666068E+00 -5.5353654E+00
  1.4296383E-01 -2.3794476E+00 -1.5884363E+00 -5.5329468E+00
  1.4499924E-01 -2.4124679E+00 -1.6105554E+00 -5.5304597E+00
  1.4706356E-01 -2.4459204E+00 -1.6329674E+00 -5.5279023E+00
  1.4915720E-01 -2.4798097E+00 -1.6556755E+00 -5.5252725E+00
  1.5128058E-01 -2.5141402E+00 -1.6786829E+00 -5.5225684E+00
  1.5343411E-01 -2.5489167E+00 -1.7019930E+00 -5.5197878E+00
  1.5561822E-01 -2.5841436E+00 -1.7256089E+00 -5.5169287E+00
  1.5783336E-01 -2.6198255E+00 -1.7495341E+00 -5.5139889E+00
  1.6007995E-01 -2.6559669E+00 -1.7737717E+00 -5.5109660E+00
  1.6235845E-01 -2.6925724E+00 -1.7983251E+00 -5.5078579E+00
  1.6466931E-01 -2.7296464E+00 -1.8231975E+00 -5.5046621E+00
  1.6701299E-01 -2.7671934E+00 -1.8483921E+00 -5.5013763E+00
  1.6938996E-01 -2.8052179E+00 -1.8739123E+00 -5.4979978E+00
  1.7180068E-01 -2.8437243E+00 -1.8997613E+00 -5.4945242E+00
  1.7424565E-01 -2.8827170E+00 -1.9259424E+00 -5.4909528E+00
  1.7672533E-01 -2.9222002E+00 -1.9524587E+00 -5.4872809E+00
  1.7924023E-01 -2.9621784E+00 -1.9793135E+00 -5.4835058E+00
  1.8179085E-01 -3.0026557E+00 -2.0065101E+00 -5.4796246E+00
  1.8437770E-01 -3.0436363E+00 -2.0340515E+00 -5.4756344E+00
  1.8700128E-01 -3.0851244E+00 -2.0619409E+00 -5.4715321E+00
  1.8966213E-01 -3.1271240E+00 -2.0901814E+00 -5.4673148E+00
  1.9236076E-01 -3.1696391E+00 -2.1187762E+00 -5.4629792E+00
  1.9509772E-01 -3.2126736E+00 -2.1477284E+00 -5.4585221E+00
  1.9787355E-01 -3.2562313E+00 -2.1770408E+00 -5.4539402E+00
  2.0068881E-01 -3.3003160E+00 -2.2067165E+00 -5.4492301E+00
  2.0354404E-01 -3.3449313E+00 -2.2367584E+00 -5.4443883E+00
  2.0643983E-01 -3.3900806E+00 -2.2671695E+00 -5.4394111E+00
  2.0937675E-01 -3.4357675E+00 -2.2979525E+00 -5.4342950E+00
  2.1235537E-01 -3.4819952E+00 -2.3291102E+00 -5.4290361E+00
  2.1537630E-01 -3.5287669E+00 -2.3606454E+00 -5.4236306E+00
  2.1844014E-01 -3.5760855E+00 -2.3925606E+00 -5.4180744E+00
  2.2154748E-01 -3.6239539E+00 -2.4248584E+00 -5.4123636E+00
  2.2469896E-01 -3.6723749E+00 -2.4575414E+00 -5.4064939E+00
  2.2789520E-01 -3.7213509E+00 -2.4906118E+00 -5.4004611E+00
  2.3113683E-01 -3.7708844E+00 -2.5240721E+00 -5.3942608E+00
  2.3442449E-01 -3.8209774E+00 -2.5579244E+00 -5.3878884E+00
  2.3775885E-01 -3.8716319E+00 -2.5921708E+00 -5.3813395E+00
  2.4114057E-01 -3.9228498E+00 -2.6268134E+00 -5.3746092E+00
  2.4457031E-01 -3.9746324E+00 -2.6618541E+00 -5.3676928E+00
  2.4804877E-01 -4.0269810E+00 -2.6972945E+00 -5.3605852E+00
  2.5157662E-01 -4.0798968E+00 -2.7331364E+00 -5.3532814E+00
  2.5515458E-01 -4.1333804E+00 -2.7693812E+00 -5.3457762E+00
  2.5878335E-01 -4.1874324E+00 -2.8060302E+00 -5.3380644E+00
  2.6246366E-01 -4.2420529E+00 -2.8430847E+00 -5.3301403E+00
  2.6619624E-01 -4.2972417E+00 -2.8805457E+00 -5.3219985E+00
  2.6998183E-01 -4.3529985E+00 -2.9184141E+00 -5.3136333E+00
  2.7382119E-01 -4.4093224E+00 -2.9566904E+00 -5.3050387E+00
  2.7771507E-01 -4.4662123E+00 -2.9953753E+00 -5.2962089E+00
  2.8166425E-01 -4.5236666E+00 -3.0344689E+00 -5.2871377E+00
  2.8566952E-01 -4.5816833E+00 -3.0739713E+00 -5.2778189E+00
  2.8973168E-01 -4.6402602E+00 -3.1138825E+00 -5.2682460E+00
  2.9385152E-01 -4.6993945E+00 -3.1542019E+00 -5.2584126E+00
  2.9802988E-01 -4.7590827E+00 -3.1949290E+00 -5.2483118E+00
  3.0226758E-01 -4.8193214E+00 -3.2360628E+00 -5.2379370E+00
  3.0656546E-01 -4.8801061E+00 -3.2776023E+00 -5.2272811E+00
  3.1092439E-01 -4.9414322E+00 -3.3195459E+00 -5.2163369E+00
  3.1534522E-01 -5.0032944E+00 -3.3618919E+00 -5.2050973E+00
  3.1982883E-01 -5.0656867E+00 -3.4046382E+00 -5.1935547E+00
  3.2437612E-01 -5.1286028E+00 -3.4477825E+00 -5.1817015E+00
  3.2898800E-01 -5.1920354E+00 -3.4913221E+00 -5.1695300E+00
  3.3366537E-01 -5.2559769E+00 -3.5352538E+00 -5.1570323E+00
  3.3840918E-01 -5.3204189E+00 -3.5795743E+00 -5.1442003E+00
  3.4322035E-01 -5.3853522E+00 -3.6242797E+00 -5.1310258E+00
  3.4809986E-01 -5.4507670E+00 -3.6693659E+00 -5.1175003E+00
  3.5304866E-01 -5.5166526E+00 -3.7148280E+00 -5.1036154E+00
  3.5806775E-01 -5.5829977E+00 -3.7606612E+00 -5.0893623E+00
  3.6315812E-01 -5.6497899E+00 -3.8068597E+00 -5.0747322E+00
  3.6832079E-01 -5.7170163E+00 -3.8534178E+00 -5.0597159E+00
  3.7355677E-01 -5.7846628E+00 -3.9003287E+00 -5.0443044E+00
  3.7886712E-01 -5.8527145E+00 -3.9475856E+00 -5.0284882E+00
  3.8425289E-01 -5.9211555E+00 -3.9951809E+00 -5.0122578E+00
  3.8971515E-01 -5.9899690E+00 -4.0431066E+00 -4.9956036E+00
  3.9525499E-01 -6.0591371E+00 -4.0913539E+00 -4.9785158E+00
  4.0087350E-01 -6.1286408E+00 -4.1399137E+00 -4.9609843E+00
  4.0657181E-01 -6.1984601E+00 -4.1887760E+00 -4.9429990E+00
  4.1235105E-01 -6.2685737E+00 -4.2379305E+00 -4.9245497E+00
  4.1821236E-01 -6.3389593E+00 -4.2873659E+00 -4.9056259E+00
  4.2415692E-01 -6.4095932E+00 -4.3370704E+00 -4.8862171E+00
  4.3018591E-01 -6.4804506E+00 -4.3870315E+00 -4.8663126E+00
  4.3630052E-01 -6.5515053E+00 -4.4372360E+00 -4.8459015E+00
  4.4250197E-01 -6.6227298E+00 -4.4876698E+00 -4.8249729E+00
  4.4879150E-01 -6.6940952E+00 -4.5383182E+00 -4.8035157E+00
  4.5517035E-01 -6.7655711E+00 -4.5891656E+00 -4.7815188E+00
  4.6163979E-01 -6.8371259E+00 -4.6401956E+00 -4.7589708E+00
  4.6820112E-01 -6.9087261E+00 -4.6913910E+00 -4.7358604E+00
  4.7485563E-01 -6.9803369E+00 -4.7427336E+00 -4.7121760E+00
  4.8160465E-01 -7.0519220E+00 -4.7942045E+00 -4.6879062E+00
  4.8844953E-01 -7.1234431E+00 -4.8457837E+00 -4.6630394E+00
  4.9539161E-01 -7.1948606E+00 -4.8974504E+00 -4.6375638E+00
  5.0243229E-01 -7.2661329E+00 -4.9491827E+00 -4.6114678E+00
  5.0957296E-01 -7.3372169E+00 -5.0009577E+00 -4.5847395E+00
  5.1681504E-01 -7.4080675E+00 -5.0527515E+00 -4.5573674E+00
  5.2415998E-01 -7.4786379E+00 -5.1045394E+00 -4.5293396E+00
  5.3160923E-01 -7.5488793E+00 -5.1562952E+00 -4.5006443E+00
  5.3916428E-01 -7.6187410E+00 -5.2079919E+00 -4.4712700E+00
  5.4682663E-01 -7.6881704E+00 -5.2596012E+00 -4.4412050E+00
  5.5459780E-01 -7.7571131E+00 -5.3110940E+00 -4.4104378E+00
  5.6247934E-01 -7.8255123E+00 -5.3624395E+00 -4.3789569E+00
  5.7047281E-01 -7.8933094E+00 -5.4136062E+00 -4.3467509E+00
  5.7857981E-01 -7.9604438E+00 -5.4645611E+00 -4.3138088E+00
  5.8680195E-01 -8.0268527E+00 -5.5152701E+00 -4.2801196E+00
  5.9514086E-01 -8.0924711E+00 -5.5656979E+00 -4.2456725E+00
  6.0359820E-01 -8.1572320E+00 -5.6158077E+00 -4.2104571E+00
  6.1217565E-01 -8.2210663E+00 -5.6655617E+00 -4.1744629E+00
  6.2087493E-01 -8.2839026E+00 -5.7149207E+00 -4.1376802E+00
  6.2969775E-01 -8.3456674E+00 -5.7638440E+00 -4.1000994E+00
  6.3864587E-01 -8.4062850E+00 -5.8122899E+00 -4.0617112E+00
  6.4772108E-01 -8.4656777E+00 -5.8602151E+00 -4.0225070E+00
  6.5692518E-01 -8.5237656E+00 -5.9075752E+00 -3.9824784E+00
  6.6626000E-01 -8.5804664E+00 -5.9543242E+00 -3.9416178E+00
  6.7572739E-01 -8.6356962E+00 -6.0004149E+00 -3.8999179E+00
  6.8532924E-01 -8.6893685E+00 -6.0457986E+00 -3.8573722E+00
  6.9506745E-01 -8.7413951E+00 -6.0904253E+00 -3.8139749E+00
  7.0494398E-01 -8.7916858E+00 -6.1342438E+00 -3.7697209E+00
  7.1496077E-01 -8.8401483E+00 -6.1772013E+00 -3.7246058E+00
  7.2511982E-01 -8.8866885E+00 -6.2192436E+00 -3.6786264E+00
  7.3542315E-01 -8.9312105E+00 -6.2603154E+00 -3.6317801E+00
  7.4587281E-01 -8.9736168E+00 -6.3003598E+00 -3.5840655E+00
  7.5647089E-01 -9.0138081E+00 -6.3393186E+00 -3.5354823E+00
  7.6721947E-01 -9.0516836E+00 -6.3771325E+00 -3.4860314E+00
  7.7812072E-01 -9.0871413E+00 -6.4137404E+00 -3.4357149E+00
  7.8917678E-01 -9.1200778E+00 -6.4490803E+00 -3.3845364E+00
  8.0038987E-01 -9.1503886E+00 -6.4830887E+00 -3.3325008E+00
  8.1176220E-01 -9.1779681E+00 -6.5157007E+00 -3.2796148E+00
  8.2329605E-01 -9.2027101E+00 -6.5468504E+00 -3.2258867E+00
  8.3499371E-01 -9.2245078E+00 -6.5764702E+00 -3.1713265E+00
  8.4685749E-01 -9.2432540E+00 -6.6044915E+00 -3.1159463E+00
  8.5888978E-01 -9.2588411E+00 -6.6308443E+00 -3.0597602E+00
  8.7109294E-01 -9.2711618E+00 -6.6554572E+00 -3.0027847E+00
  8.8346942E-01 -9.2801091E+00 -6.6782577E+00 -2.9450384E+00
  8.9602167E-01 -9.2855764E+00 -6.6991718E+00 -2.8865425E+00
  9.0875219E-01 -9.2874583E+00 -6.7181240E+00 -2.8273211E+00
  9.2166352E-01 -9.2856503E+00 -6.7350378E+00 -2.7674009E+00
  9.3475821E-01 -9.2800494E+00 -6.7498349E+00 -2.7068118E+00
  9.4803888E-01 -9.2705548E+00 -6.7624356E+00 -2.6455868E+00
  9.6150816E-01 -9.2570675E+00 -6.7727588E+00 -2.5837625E+00
  9.7516874E-01 -9.2394915E+00 -6.7807218E+00 -2.5213788E+00
  9.8902333E-01 -9.2177337E+00 -6.7862401E+00 -2.4584795E+00
  1.0030747E+00 -9.1917043E+00 -6.7892277E+00 -2.3951125E+00
  1.0173256E+00 -9.1613178E+00 -6.7895970E+00 -2.3313292E+00
  1.0317789E+00 -9.1264929E+00 -6.7872586E+00 -2.2671856E+00
  1.0464375E+00 -9.0871531E+00 -6.7821219E+00 -2.2027414E+00
  1.0613042E+00 -9.0432276E+00 -6.7740948E+00 -2.1380606E+00
  1.0763822E+00 -8.9946516E+00 -6.7630845E+00 -2.0732108E+00
  1.0916742E+00 -8.9413668E+00 -6.7489980E+00 -2.0082629E+00
  1.1071834E+00 -8.8833221E+00 -6.7317430E+00 -1.9432906E+00
  1.1229129E+00 -8.8204745E+00 -6.7112298E+00 -1.8783689E+00
  1.1388658E+00 -8.7527894E+00 -6.6873735E+00 -1.8135727E+00
  1.1550453E+00 -8.6802415E+00 -6.6601070E+00 -1.7489657E+00
  1.1714545E+00 -8.6028155E+00 -6.6292616E+00 -1.6847039E+00
  1.1880968E+00 -8.5205070E+00 -6.5946740E+00 -1.6209395E+00
  1.2049754E+00 -8.4333236E+00 -6.5587509E+00 -1.5556937E+00
  1.2220938E+00 -8.3412851E+00 -6.5241479E+00 -1.4869049E+00
  1.2394553E+00 -8.2444253E+00 -6.4888373E+00 -1.4164191E+00
  1.2570633E+00 -8.1427925E+00 -6.4505447E+00 -1.3461914E+00
  1.2749214E+00 -8.0364510E+00 -6.4093374E+00 -1.2762462E+00
  1.2930332E+00 -7.9254820E+00 -6.3653186E+00 -1.2065920E+00
  1.3114021E+00 -7.8099855E+00 -6.3184842E+00 -1.1373332E+00
  1.3300320E+00 -7.6900811E+00 -6.2688460E+00 -1.0685721E+00
  1.3489264E+00 -7.5659103E+00 -6.2164225E+00 -1.0004162E+00
  1.3680892E+00 -7.4376380E+00 -6.1612399E+00 -9.3297870E-01
  1.3875242E+00 -7.3054546E+00 -6.1033327E+00 -8.6637906E-01
  1.4072351E+00 -7.1695784E+00 -6.0427445E+00 -8.0074316E-01
  1.4272260E+00 -7.0302579E+00 -5.9795281E+00 -7.3620420E-01
  1.4475008E+00 -6.8877749E+00 -5.9137464E+00 -6.7290361E-01
  1.4680636E+00 -6.7424479E+00 -5.8454727E+00 -6.1099208E-01
  1.4889184E+00 -6.5946354E+00 -5.7747910E+00 -5.5063083E-01
  1.5100694E+00 -6.4447401E+00 -5.7017963E+00 -4.9199319E-01
  1.5315208E+00 -6.2932141E+00 -5.6265948E+00 -4.3526625E-01
  1.5532768E+00 -6.1405635E+00 -5.5493041E+00 -3.8065292E-01
  1.5753418E+00 -5.9873548E+00 -5.4700532E+00 -3.2837416E-01
  1.5977202E+00 -5.8342217E+00 -5.3889826E+00 -2.7867150E-01
  1.6204164E+00 -5.6818726E+00 -5.3062439E+00 -2.3180995E-01
  1.6434350E+00 -5.5310991E+00 -5.2219999E+00 -1.8808115E-01
  1.6667804E+00 -5.3827856E+00 -5.1364240E+00 -1.4780690E-01
  1.6904574E+00 -5.2379204E+00 -5.0496997E+00 -1.1134305E-01
  1.7144707E+00 -5.0976069E+00 -4.9620201E+00 -7.9083752E-02
  1.7388251E+00 -4.9630774E+00 -4.8735870E+00 -5.1466038E-02
  1.7635253E+00 -4.8357071E+00 -4.7846091E+00 -2.8974887E-02
  1.7885763E+00 -4.7170301E+00 -4.6953042E+00 -1.2147065E-02
  1.8139831E+00 -4.6095492E+00 -4.6058881E+00 -2.0182858E-03
  1.8397507E+00 -4.5149850E+00 -4.5165593E+00  8.5571739E-04
  1.8658843E+00 -4.4221363E+00 -4.4275151E+00  2.8826825E-03
  1.8923891E+00 -4.3310048E+00 -4.3389718E+00  4.2100312E-03
  1.9192702E+00 -4.2415925E+00 -4.2511550E+00  4.9824008E-03
  1.9465332E+00 -4.1539024E+00 -4.1642922E+00  5.3376033E-03
  1.9741833E+00 -4.0679380E+00 -4.0786420E+00  5.4219850E-03
  2.0022261E+00 -3.9837036E+00 -3.9943671E+00  5.3258421E-03
  2.0306672E+00 -3.9012037E+00 -3.9113281E+00  4.9857355E-03
  2.0595123E+00 -3.8204438E+00 -3.8293391E+00  4.3191273E-03
  2.0887670E+00 -3.7414293E+00 -3.7484882E+00  3.3794659E-03
  2.1184371E+00 -3.6641663E+00 -3.6690258E+00  2.2939128E-03
  2.1485287E+00 -3.5886610E+00 -3.5912754E+00  1.2167938E-03
  2.1790476E+00 -3.5149201E+00 -3.5157696E+00  3.8984531E-04
  2.2100000E+00 -3.4429500E+00 -3.4429880E+00  1.7207591E-05
  2.2413920E+00 -3.3727575E+00 -3.3727082E+00 -2.2000320E-05
  2.2732298E+00 -3.3043492E+00 -3.3043484E+00 -3.4140492E-07
  2.3055197E+00 -3.2377313E+00 -3.2377319E+00  2.5093930E-07
  2.3382683E+00 -3.1729096E+00 -3.1729097E+00  3.5650600E-08
  2.3714819E+00 -3.1098885E+00 -3.1098886E+00  3.4992194E-08
  2.4051673E+00 -3.0486711E+00 -3.0486712E+00  3.4343341E-08
  2.4393311E+00 -2.9892581E+00 -2.9892582E+00  3.3703882E-08
  2.4739800E+00 -2.9316471E+00 -2.9316472E+00  3.3074309E-08
  2.5091211E+00 -2.8758316E+00 -2.8758317E+00  3.2451488E-08
  2.5447612E+00 -2.8218002E+00 -2.8218003E+00  3.1841498E-08
  2.5809076E+00 -2.7695356E+00 -2.7695356E+00  3.1241794E-08
  2.6175672E+00 -2.7190137E+00 -2.7190138E+00  3.0640341E-08
  2.6547476E+00 -2.6702032E+00 -2.6702033E+00  3.0046570E-08
  2.6924559E+00 -2.6230652E+00 -2.6230652E+00  2.9476424E-08
  2.7306998E+00 -2.5775529E+00 -2.5775530E+00  2.8981627E-08
  2.7694869E+00 -2.5336126E+00 -2.5336127E+00  2.8483921E-08
  2.8088248E+00 -2.4911839E+00 -2.4911839E+00  2.7867353E-08
  2.8487214E+00 -2.4502007E+00 -2.4502008E+00  2.7248781E-08
  2.8891847E+00 -2.4105931E+00 -2.4105931E+00  2.6696859E-08
  2.9302226E+00 -2.3722881E+00 -2.3722881E+00  2.6170182E-08
  2.9718433E+00 -2.3352115E+00 -2.3352116E+00  2.5650971E-08
  3.0140551E+00 -2.2992894E+00 -2.2992895E+00  2.5126651E-08
  3.0568665E+00 -2.2644489E+00 -2.2644490E+00  2.4612350E-08
  3.1002858E+00 -2.2306198E+00 -2.2306198E+00  2.4108884E-08
  3.1443219E+00 -2.1977347E+00 -2.1977348E+00  2.3610106E-08
  3.1889833E+00 -2.1657302E+00 -2.1657302E+00  2.3119036E-08
  3.2342790E+00 -2.1345465E+00 -2.1345466E+00  2.2634878E-08
  3.2802180E+00 -2.1041278E+00 -2.1041279E+00  2.2157622E-08
  3.3268095E+00 -2.0744222E+00 -2.0744222E+00  2.1687148E-08
  3.3740626E+00 -2.0453808E+00 -2.0453809E+00  2.1223385E-08
  3.4219869E+00 -2.0169580E+00 -2.0169581E+00  2.0766239E-08
  3.4705917E+00 -1.9891106E+00 -1.9891107E+00  2.0315598E-08
  3.5198869E+00 -1.9617972E+00 -1.9617973E+00  1.9871427E-08
  3.5698822E+00 -1.9349780E+00 -1.9349780E+00  1.9433552E-08
  3.6205875E+00 -1.9086138E+00 -1.9086139E+00  1.9001978E-08
  3.6720130E+00 -1.8826662E+00 -1.8826663E+00  1.8576574E-08
  3.7241688E+00 -1.8570964E+00 -1.8570965E+00  1.8157305E-08
  3.7770654E+00 -1.8318651E+00 -1.8318652E+00  1.7744116E-08
  3.8307132E+00 -1.8069324E+00 -1.8069324E+00  1.7336901E-08
  3.8851229E+00 -1.7822569E+00 -1.7822570E+00  1.6935637E-08
  3.9403053E+00 -1.7577962E+00 -1.7577962E+00  1.6540237E-08
  3.9962715E+00 -1.7335060E+00 -1.7335060E+00  1.6150696E-08
  4.0530325E+00 -1.7093407E+00 -1.7093407E+00  1.5766895E-08
  4.1105997E+00 -1.6852530E+00 -1.6852531E+00  1.5388778E-08
  4.1689844E+00 -1.6611948E+00 -1.6611948E+00  1.5016312E-08
  4.2281983E+00 -1.6371166E+00 -1.6371167E+00  1.4649345E-08
  4.2882532E+00 -1.6129693E+00 -1.6129694E+00  1.4287837E-08
  4.3491610E+00 -1.5887041E+00 -1.5887042E+00  1.3931596E-08
  4.4109339E+00 -1.5642742E+00 -1.5642743E+00  1.3580545E-08
  4.4735840E+00 -1.5396356E+00 -1.5396357E+00  1.3234521E-08
  4.5371239E+00 -1.5147491E+00 -1.5147491E+00  1.2893425E-08
  4.6015663E+00 -1.4895816E+00 -1.4895816E+00  1.2557145E-08
  4.6669238E+00 -1.4641080E+00 -1.4641080E+00  1.2225469E-08
  4.7332096E+00 -1.4383130E+00 -1.4383130E+00  1.1898933E-08
  4.8004368E+00 -1.4121926E+00 -1.4121927E+00  1.1575333E-08
  4.8686187E+00 -1.3857557E+00 -1.3857558E+00  1.1259123E-08
  4.9377690E+00 -1.3590249E+00 -1.3590249E+00  1.0947522E-08
  5.0079014E+00 -1.3320371E+00 -1.3320372E+00  1.0633448E-08
  5.0790299E+00 -1.3048437E+00 -1.3048438E+00  1.0329595E-08
  5.1511685E+00 -1.2775097E+00 -1.2775097E+00  1.0031041E-08
  5.2243316E+00 -1.2501123E+00 -1.2501124E+00  9.7562181E-09
  5.2985338E+00 -1.2227396E+00 -1.2227397E+00  9.4796506E-09
  5.3737899E+00 -1.1954877E+00 -1.1954877E+00  9.1577130E-09
  5.4501147E+00 -1.1684581E+00 -1.1684581E+00  8.8492222E-09
  5.5275236E+00 -1.1417551E+00 -1.1417551E+00  8.5709424E-09
  5.6060318E+00 -1.1154824E+00 -1.1154824E+00  8.2944048E-09
  5.6856550E+00 -1.0897402E+00 -1.0897402E+00  8.0205277E-09
  5.7664091E+00 -1.0646227E+00 -1.0646227E+00  7.7508770E-09
  5.8483100E+00 -1.0402155E+00 -1.0402156E+00  7.4850399E-09
  5.9313741E+00 -1.0165936E+00 -1.0165937E+00  7.2229478E-09
  6.0156179E+00 -9.9381971E-01 -9.9381975E-01  6.9645454E-09
  6.1010582E+00 -9.7194307E-01 -9.7194311E-01  6.7097181E-09
  6.1877119E+00 -9.5099873E-01 -9.5099877E-01  6.4584355E-09
  6.2755963E+00 -9.3100712E-01 -9.3100716E-01  6.2106121E-09
  6.3647288E+00 -9.1197404E-01 -9.1197408E-01  5.9662046E-09
  6.4551272E+00 -8.9389099E-01 -8.9389102E-01  5.7251547E-09
  6.5468095E+00 -8.7673571E-01 -8.7673574E-01  5.4874291E-09
  6.6397938E+00 -8.6047306E-01 -8.6047309E-01  5.2530081E-09
  6.7340988E+00 -8.4505604E-01 -8.4505608E-01  5.0218446E-09
  6.8297431E+00 -8.3042699E-01 -8.3042703E-01  4.7939103E-09
  6.9267458E+00 -8.1651896E-01 -8.1651899E-01  4.5691554E-09
  7.0251261E+00 -8.0325715E-01 -8.0325718E-01  4.3475809E-09
  7.1249036E+00 -7.9056053E-01 -7.9056056E-01  4.1291216E-09
  7.2260982E+00 -7.7834349E-01 -7.7834352E-01  3.9137615E-09
  7.3287300E+00 -7.6651748E-01 -7.6651750E-01  3.7014560E-09
  7.4328194E+00 -7.5499280E-01 -7.5499282E-01  3.4921461E-09
  7.5383871E+00 -7.4368029E-01 -7.4368032E-01  3.2858148E-09
  7.6454541E+00 -7.3249304E-01 -7.3249306E-01  3.0823876E-09
  7.7540416E+00 -7.2134794E-01 -7.2134796E-01  2.8818335E-09
  7.8641714E+00 -7.1016722E-01 -7.1016724E-01  2.6841116E-09
  7.9758653E+00 -6.9887977E-01 -6.9887979E-01  2.4891554E-09
  8.0891454E+00 -6.8742230E-01 -6.8742231E-01  2.2969368E-09
  8.2040344E+00 -6.7574024E-01 -6.7574026E-01  2.1073831E-09
  8.3205551E+00 -6.6378848E-01 -6.6378849E-01  1.9204769E-09
  8.4387306E+00 -6.5153173E-01 -6.5153175E-01  1.7361573E-09
  8.5585845E+00 -6.3894475E-01 -6.3894477E-01  1.5543916E-09
  8.6801406E+00 -6.2601222E-01 -6.2601223E-01  1.3751430E-09
  8.8034230E+00 -6.1272841E-01 -6.1272842E-01  1.1983697E-09
  8.9284564E+00 -5.9909662E-01 -5.9909663E-01  1.0240487E-09
  9.0552655E+00 -5.8512852E-01 -5.8512852E-01  8.5213520E-10
  9.1838755E+00 -5.7084317E-01 -5.7084318E-01  6.8261314E-10
  9.3143121E+00 -5.5626616E-01 -5.5626616E-01  5.1544077E-10
  9.4466012E+00 -5.4142849E-01 -5.4142850E-01  3.5059825E-10
  9.5807691E+00 -5.2636558E-01 -5.2636559E-01  1.8806624E-10
  9.7168425E+00 -5.1111619E-01 -5.1111619E-01  2.7804094E-11
  9.8548485E+00 -4.9572143E-01 -4.9572143E-01 -1.3019778E-10
  9.9948144E+00 -4.8022383E-01 -4.8022383E-01 -2.8598310E-10
  1.0136768E+01 -4.6466650E-01 -4.6466650E-01 -4.3956419E-10
  1.0280738E+01 -4.4909235E-01 -4.4909234E-01 -5.9097869E-10
  1.0426752E+01 -4.3354346E-01 -4.3354345E-01 -7.4024948E-10
  1.0574841E+01 -4.1806053E-01 -4.1806052E-01 -8.8739589E-10
  1.0725032E+01 -4.0268241E-01 -4.0268240E-01 -1.0324609E-09
  1.0877357E+01 -3.8744577E-01 -3.8744575E-01 -1.1754583E-09
  1.1031845E+01 -3.7238482E-01 -3.7238481E-01 -1.3164291E-09
  1.1188526E+01 -3.5753114E-01 -3.5753113E-01 -1.4553932E-09
  1.1347434E+01 -3.4291356E-01 -3.4291354E-01 -1.5923871E-09
  1.1508598E+01 -3.2855807E-01 -3.2855805E-01 -1.7274356E-09
  1.1672050E+01 -3.1448789E-01 -3.1448787E-01 -1.8605585E-09
  1.1837825E+01 -3.0072345E-01 -3.0072342E-01 -1.9917981E-09
  1.2005953E+01 -2.8728248E-01 -2.8728245E-01 -2.1211706E-09
  1.2176470E+01 -2.7418013E-01 -2.7418010E-01 -2.2487148E-09
  1.2349408E+01 -2.6142906E-01 -2.6142904E-01 -2.3744520E-09
  1.2524802E+01 -2.4903961E-01 -2.4903958E-01 -2.4984076E-09
  1.2702687E+01 -2.3701989E-01 -2.3701986E-01 -2.6206152E-09
  1.2883099E+01 -2.2537599E-01 -2.2537596E-01 -2.7410917E-09
  1.3066073E+01 -2.1411210E-01 -2.1411206E-01 -2.8598735E-09
  1.3251645E+01 -2.0323066E-01 -2.0323062E-01 -2.9769735E-09
  1.3439853E+01 -1.9273252E-01 -1.9273248E-01 -3.0924309E-09
  1.3630735E+01 -1.8261707E-01 -1.8261703E-01 -3.2062639E-09
  1.3824327E+01 -1.7288240E-01 -1.7288235E-01 -3.3184890E-09
  1.4020668E+01 -1.6352540E-01 -1.6352535E-01 -3.4291422E-09
  1.4219798E+01 -1.5454191E-01 -1.5454186E-01 -3.5382357E-09
  1.4421756E+01 -1.4592685E-01 -1.4592680E-01 -3.6458012E-09
  1.4626582E+01 -1.3767427E-01 -1.3767422E-01 -3.7518523E-09
  1.4834317E+01 -1.2977754E-01 -1.2977749E-01 -3.8564186E-09
  1.5045003E+01 -1.2222937E-01 -1.2222931E-01 -3.9595203E-09
  1.5258681E+01 -1.1502193E-01 -1.1502187E-01 -4.0611711E-09
  1.5475393E+01 -1.0814695E-01 -1.0814688E-01 -4.1614043E-09
  1.5695183E+01 -1.0159575E-01 -1.0159568E-01 -4.2602262E-09
  1.5918095E+01 -9.5359356E-02 -9.5359287E-02 -4.3576693E-09
  1.6144173E+01 -8.9428538E-02 -8.9428466E-02 -4.4537425E-09
  1.6373461E+01 -8.3793868E-02 -8.3793794E-02 -4.5484777E-09
  1.6606006E+01 -7.8445785E-02 -7.8445708E-02 -4.6418862E-09
  1.6841853E+01 -7.3374631E-02 -7.3374551E-02 -4.7339824E-09
  1.7081050E+01 -6.8570705E-02 -6.8570622E-02 -4.8247940E-09
  1.7323645E+01 -6.4024295E-02 -6.4024210E-02 -4.9143305E-09
  1.7569684E+01 -5.9725720E-02 -5.9725632E-02 -5.0026195E-09
  1.7819218E+01 -5.5665356E-02 -5.5665265E-02 -5.0896688E-09
  1.8072296E+01 -5.1833671E-02 -5.1833578E-02 -5.1755043E-09
  1.8328968E+01 -4.8221246E-02 -4.8221150E-02 -5.2601391E-09
  1.8589285E+01 -4.4818800E-02 -4.4818701E-02 -5.3435860E-09
  1.8853300E+01 -4.1617209E-02 -4.1617106E-02 -5.4258694E-09
  1.9121064E+01 -3.8607524E-02 -3.8607419E-02 -5.5069977E-09
  1.9392631E+01 -3.5780988E-02 -3.5780880E-02 -5.5869954E-09
  1.9668055E+01 -3.3129046E-02 -3.3128935E-02 -5.6658730E-09
  1.9947390E+01 -3.0643358E-02 -3.0643244E-02 -5.7436434E-09
  2.0230693E+01 -2.8315809E-02 -2.8315691E-02 -5.8203281E-09
  2.0518019E+01 -2.6138513E-02 -2.6138392E-02 -5.8959369E-09
  2.0809426E+01 -2.4103825E-02 -2.4103701E-02 -5.9704903E-09
  2.1104971E+01 -2.2204340E-02 -2.2204212E-02 -6.0439959E-09
  2.1404714E+01 -2.0432898E-02 -2.0432768E-02 -6.1164755E-09
  2.1708714E+01 -1.8782590E-02 -1.8782455E-02 -6.1879407E-09
  2.2017031E+01 -1.7246751E-02 -1.7246613E-02 -6.2584015E-09
  2.2329728E+01 -1.5818968E-02 -1.5818827E-02 -6.3278790E-09
  2.2646865E+01 -1.4493075E-02 -1.4492930E-02 -6.3963792E-09
  2.2968506E+01 -1.3263152E-02 -1.3263004E-02 -6.4639228E-09
  2.3294715E+01 -1.2123523E-02 -1.2123371E-02 -6.5305170E-09
  2.3625557E+01 -1.1068752E-02 -1.1068596E-02 -6.5961824E-09
  2.3961098E+01 -1.0093641E-02 -1.0093481E-02 -6.6609259E-09
  2.4301405E+01 -9.1932252E-03 -9.1930618E-03 -6.7247599E-09
  2.4646544E+01 -8.3627678E-03 -8.3626005E-03 -6.7877015E-09
  2.4996585E+01 -7.5977561E-03 -7.5975849E-03 -6.8497583E-09
  2.5351598E+01 -6.8938959E-03 -6.8937207E-03 -6.9109476E-09
  2.5711652E+01 -6.2471058E-03 -6.2469266E-03 -6.9712773E-09
  2.6076820E+01 -5.6535119E-03 -5.6533286E-03 -7.0307630E-09
  2.6447174E+01 -5.1094415E-03 -5.1092540E-03 -7.0894142E-09
  2.6822789E+01 -4.6114174E-03 -4.6112257E-03 -7.1472399E-09
  2.7203737E+01 -4.1561514E-03 -4.1559554E-03 -7.2042584E-09
  2.7590096E+01 -3.7405381E-03 -3.7403378E-03 -7.2604731E-09
  2.7981942E+01 -3.3616490E-03 -3.3614443E-03 -7.3159022E-09
  2.8379354E+01 -3.0167255E-03 -3.0165163E-03 -7.3705536E-09
  2.8782409E+01 -2.7031728E-03 -2.7029591E-03 -7.4244366E-09
  2.9191189E+01 -2.4185536E-03 -2.4183353E-03 -7.4775652E-09
  2.9605774E+01 -2.1605817E-03 -2.1603588E-03 -7.5299462E-09
  3.0026247E+01 -1.9271156E-03 -1.9268879E-03 -7.5815963E-09
  3.0452692E+01 -1.7161523E-03 -1.7159199E-03 -7.6325181E-09
  3.0885194E+01 -1.5258213E-03 -1.5255840E-03 -7.6827278E-09
  3.1323838E+01 -1.3543781E-03 -1.3541359E-03 -7.7322331E-09
  3.1768711E+01 -1.2001985E-03 -1.1999513E-03 -7.7810422E-09
  3.2219903E+01 -1.0617726E-03 -1.0615204E-03 -7.8291678E-09
  3.2677503E+01 -9.3769926E-04 -9.3744188E-04 -7.8766166E-09
  3.3141602E+01 -8.2668317E-04 -8.2642058E-04 -7.9234021E-09
  3.3612292E+01 -7.3887894E-04 -7.3861107E-04 -7.9695336E-09
  3.4089667E+01 -5.4792055E-04 -5.4764732E-04 -8.0149689E-09
  3.4573821E+01 -5.5614843E-04 -5.5586977E-04 -8.0598499E-09
  3.5064852E+01 -5.0607043E-04 -5.0578626E-04 -8.1041030E-09
  3.5562856E+01 -3.9380262E-04 -3.9351286E-04 -8.1476515E-09
  3.6067934E+01 -3.6721468E-04 -3.6691926E-04 -8.1906347E-09
  3.6580184E+01 -3.2343428E-04 -3.2313311E-04 -8.2330120E-09
  3.7099710E+01 -2.8191560E-04 -2.8160861E-04 -8.2747940E-09
  3.7626614E+01 -2.4460782E-04 -2.4429492E-04 -8.3159913E-09
  3.8161001E+01 -2.1164616E-04 -2.1132726E-04 -8.3566097E-09
  3.8702978E+01 -1.8270835E-04 -1.8238337E-04 -8.3966563E-09
  3.9252652E+01 -1.5738674E-04 -1.5705560E-04 -8.4361427E-09
  3.9810132E+01 -1.3528370E-04 -1.3494630E-04 -8.4750732E-09
  4.0375530E+01 -1.1603312E-04 -1.1568938E-04 -8.5134593E-09
  4.0948958E+01 -9.9303624E-05 -9.8953457E-05 -8.5513046E-09
  4.1530530E+01 -8.4797121E-05 -8.4440431E-05 -8.5886203E-09
  4.2120362E+01 -7.2246323E-05 -7.1883018E-05 -8.6254130E-09
  4.2718570E+01 -6.1412182E-05 -6.1042167E-05 -8.6616878E-09
  4.3325275E+01 -5.2081411E-05 -5.1704591E-05 -8.6974540E-09
  4.3940596E+01 -4.4064160E-05 -4.3680439E-05 -8.7327165E-09
  4.4564656E+01 -3.7191844E-05 -3.6801124E-05 -8.7674865E-09
  4.5197578E+01 -3.1315122E-05 -3.0917304E-05 -8.8017675E-09
  4.5839490E+01 -2.6302026E-05 -2.5897008E-05 -8.8355661E-09
  4.6490519E+01 -2.2036230E-05 -2.1623910E-05 -8.8688922E-09
  4.7150793E+01 -1.8415456E-05 -1.7995731E-05 -8.9017497E-09
  4.7820445E+01 -1.5350008E-05 -1.4922773E-05 -8.9341473E-09
  4.8499608E+01 -1.2761429E-05 -1.2326577E-05 -8.9660887E-09
  4.9188416E+01 -1.0581274E-05 -1.0138697E-05 -8.9975826E-09
  4.9887006E+01 -8.7499931E-06 -8.2995815E-06 -9.0286355E-09
  5.0595519E+01 -7.2159148E-06 -6.7575573E-06 -9.0592504E-09
  5.1314093E+01 -5.9343286E-06 -5.4679124E-06 -9.0894373E-09
  5.2042873E+01 -4.8666548E-06 -4.3920655E-06 -9.1191990E-09
  5.2782004E+01 -3.9796986E-06 -3.4968201E-06 -9.1485445E-09
  5.3531632E+01 -3.2449801E-06 -2.7536948E-06 -9.1774764E-09
  5.4291906E+01 -2.6381366E-06 -2.1383252E-06 -9.2060035E-09
  5.5062977E+01 -2.1383884E-06 -1.6299297E-06 -9.2341302E-09
  5.5845000E+01 -1.7280637E-06 -1.2108351E-06 -9.2618615E-09
  5.6638129E+01 -1.3921842E-06 -8.6606102E-07 -9.2892046E-09
  5.7442522E+01 -1.1180886E-06 -5.8294471E-07 -9.3161627E-09
  5.8258340E+01 -8.9510989E-07 -3.5081716E-07 -9.3427435E-09
  5.9085744E+01 -7.1428913E-07 -1.6071772E-07 -9.3689504E-09
  5.9924899E+01 -5.6812647E-07 -5.1445938E-09 -9.3947906E-09
  6.0775972E+01 -4.5036371E-07  1.2216222E-07 -9.4202679E-09
  6.1639131E+01  6.3036509E-10  5.8283579E-07 -9.4453865E-09
  6.2514550E+01  6.2483707E-10  5.9264725E-07 -9.4701540E-09
  6.3402402E+01  6.1936589E-10  6.0259807E-07 -9.4945725E-09
  6.4302863E+01  6.1379524E-10  6.1269021E-07 -9.5186495E-09
  6.5216113E+01  6.0818195E-10  6.2292568E-07 -9.5423888E-09
  6.6142333E+01  6.0259708E-10  6.3330651E-07 -9.5657938E-09
  6.7081707E+01  5.9692695E-10  6.4383478E-07 -9.5888713E-09
  6.8034422E+01  5.9129945E-10  6.5451258E-07 -9.6116238E-09
  6.9000669E+01  5.8557248E-10  6.6534202E-07 -9.6340581E-09
  6.9980638E+01  5.7985972E-10  6.7632526E-07 -9.6561767E-09
  7.0974525E+01  5.7406169E-10  6.8746449E-07 -9.6779856E-09
  7.1982527E+01  5.6820681E-10  6.9876192E-07 -9.6994889E-09
  7.3004845E+01  5.6240879E-10  7.1021980E-07 -9.7206890E-09
  7.4041682E+01  5.5648286E-10  7.2184041E-07 -9.7415929E-09
  7.5093245E+01  5.5058536E-10  7.3362605E-07 -9.7622025E-09
  7.6159742E+01  5.4460259E-10  7.4557908E-07 -9.7825236E-09
  7.7241386E+01  5.3861982E-10  7.5770186E-07 -9.8025590E-09
  7.8338392E+01  5.3255178E-10  7.6999682E-07 -9.8223138E-09
  7.9450978E+01  5.2646953E-10  7.8246639E-07 -9.8417911E-09
  8.0579365E+01  5.2040150E-10  7.9511307E-07 -9.8609944E-09
  8.1723777E+01  5.1420557E-10  8.0793935E-07 -9.8799293E-09
  8.2884443E+01  5.0809490E-10  8.2094779E-07 -9.8985970E-09
  8.4061592E+01  5.0184212E-10  8.3414099E-07 -9.9170040E-09
  8.5255460E+01  4.9563198E-10  8.4752155E-07 -9.9351516E-09
  8.6466284E+01  4.8930815E-10  8.6109215E-07 -9.9530453E-09
  8.7694304E+01  4.8295590E-10  8.7485548E-07 -9.9706878E-09
  8.8939764E+01  4.7663207E-10  8.8881429E-07 -9.9880820E-09
  9.0202913E+01  4.7018034E-10  9.0297133E-07 -1.0005233E-08
  9.1484002E+01  4.6375703E-10  9.1732945E-07 -1.0022142E-08
  9.2783284E+01  4.5724846E-10  9.3189148E-07 -1.0038815E-08
  9.4101020E+01  4.5072568E-10  9.4666031E-07 -1.0055253E-08
  9.5437470E+01  4.4410342E-10  9.6163891E-07 -1.0071461E-08
  9.6792901E+01  4.3745274E-10  9.7683023E-07 -1.0087442E-08
  9.8167582E+01  4.3078785E-10  9.9223731E-07 -1.0103198E-08
  9.9561787E+01  4.2400927E-10  1.0078632E-06 -1.0118734E-08
  1.0097579E+02  4.1727333E-10  1.0237110E-06 -1.0134050E-08
  1.0240988E+02  4.1040948E-10  1.0397839E-06 -1.0149152E-08
  1.0386433E+02  4.0350301E-10  1.0560851E-06 -1.0164043E-08
  1.0533945E+02  3.9661074E-10  1.0726177E-06 -1.0178724E-08
  1.0683551E+02  3.8960479E-10  1.0893852E-06 -1.0193199E-08
  1.0835282E+02  3.8259884E-10  1.1063908E-06 -1.0207471E-08
  1.0989167E+02  3.7547920E-10  1.1236379E-06 -1.0221543E-08
  1.1145239E+02  3.6841641E-10  1.1411300E-06 -1.0235416E-08
  1.1303526E+02  3.6121151E-10  1.1588705E-06 -1.0249096E-08
  1.1464062E+02  3.5396397E-10  1.1768630E-06 -1.0262584E-08
  1.1626878E+02  3.4671643E-10  1.1951109E-06 -1.0275881E-08
  1.1792006E+02  3.3936942E-10  1.2136181E-06 -1.0288993E-08
  1.1959480E+02  3.3200820E-10  1.2323881E-06 -1.0301920E-08
  1.2129332E+02  3.2451908E-10  1.2514246E-06 -1.0314667E-08
  1.2301596E+02  3.1702996E-10  1.2707316E-06 -1.0327234E-08
  1.2476307E+02  3.0939873E-10  1.2903127E-06 -1.0339625E-08
  1.2653499E+02  3.0171066E-10  1.3101719E-06 -1.0351842E-08
  1.2833207E+02  2.9405101E-10  1.3303132E-06 -1.0363888E-08
  1.3015468E+02  2.8624925E-10  1.3507405E-06 -1.0375764E-08
  1.3200317E+02  2.7846170E-10  1.3714580E-06 -1.0387474E-08
  1.3387792E+02  2.7054625E-10  1.3924696E-06 -1.0399020E-08
  1.3577929E+02  2.6264502E-10  1.4137797E-06 -1.0410403E-08
  1.3770766E+02  2.5458746E-10  1.4353925E-06 -1.0421627E-08
  1.3966343E+02  2.4648728E-10  1.4573121E-06 -1.0432693E-08
  1.4164697E+02  2.3837288E-10  1.4795431E-06 -1.0443604E-08
  1.4365867E+02  2.3015900E-10  1.5020899E-06 -1.0454361E-08
  1.4569895E+02  2.2190250E-10  1.5249568E-06 -1.0464968E-08
  1.4776821E+02  2.1353230E-10  1.5481485E-06 -1.0475426E-08
  1.4986686E+02  2.0509106E-10  1.5716696E-06 -1.0485737E-08
  1.5199531E+02  1.9664981E-10  1.5955247E-06 -1.0495903E-08
  1.5415398E+02  1.8808066E-10  1.6197186E-06 -1.0505927E-08
  1.5634332E+02  1.7949731E-10  1.6442561E-06 -1.0515810E-08
  1.5856375E+02  1.7075763E-10  1.6691421E-06 -1.0525554E-08
  1.6081572E+02  1.6201795E-10  1.6943816E-06 -1.0535162E-08
  1.6309967E+02  1.5312196E-10  1.7199795E-06 -1.0544635E-08
  1.6541605E+02  1.4415491E-10  1.7459410E-06 -1.0553975E-08
  1.6776534E+02  1.3515944E-10  1.7722711E-06 -1.0563183E-08
  1.7014798E+02  1.2605028E-10  1.7989752E-06 -1.0572263E-08
  1.7256447E+02  1.1692691E-10  1.8260586E-06 -1.0581215E-08
  1.7501528E+02  1.0763301E-10  1.8535266E-06 -1.0590041E-08
  1.7750089E+02  9.8324904E-11  1.8813848E-06 -1.0598744E-08
  1.8002181E+02  8.8860475E-11  1.9096385E-06 -1.0607324E-08
  1.8257853E+02  7.9324991E-11  1.9382936E-06 -1.0615784E-08
  1.8517155E+02  6.9775297E-11  1.9673556E-06 -1.0624125E-08
  1.8780141E+02  6.0040861E-11  1.9968303E-06 -1.0632350E-08
  1.9046862E+02  5.0306426E-11  2.0267237E-06 -1.0640458E-08
  1.9317370E+02  4.0401460E-11  2.0570416E-06 -1.0648454E-08
  1.9591721E+02  3.0510705E-11  2.0877901E-06 -1.0656336E-08
  1.9869967E+02  2.0420998E-11  2.1189753E-06 -1.0664108E-08
  2.0152166E+02  1.0246026E-11  2.1506034E-06 -1.0671772E-08
