 # l=           0 basis function with energy    -3.8497624839406122     
  0.0000E+00  0.0000E+00  0.0000E+00  0.0000E+00
  5.0071E-06 -1.9610E-04  9.6658E-06  9.4118E-05
  1.0085E-05 -3.8304E-04  1.9469E-05  1.8957E-04
  1.5236E-05 -5.6823E-04  2.9411E-05  2.8638E-04
  2.0459E-05 -7.5315E-04  3.9495E-05  3.8457E-04
  2.5757E-05 -9.3849E-04  4.9721E-05  4.8415E-04
  3.1130E-05 -1.1247E-03  6.0093E-05  5.8514E-04
  3.6579E-05 -1.3120E-03  7.0612E-05  6.8757E-04
  4.2106E-05 -1.5007E-03  8.1281E-05  7.9145E-04
  4.7711E-05 -1.6908E-03  9.2101E-05  8.9681E-04
  5.3395E-05 -1.8826E-03  1.0307E-04  1.0037E-03
  5.9161E-05 -2.0760E-03  1.1420E-04  1.1120E-03
  6.5008E-05 -2.2713E-03  1.2549E-04  1.2220E-03
  7.0939E-05 -2.4685E-03  1.3694E-04  1.3334E-03
  7.6953E-05 -2.6677E-03  1.4855E-04  1.4465E-03
  8.3053E-05 -2.8689E-03  1.6033E-04  1.5611E-03
  8.9240E-05 -3.0721E-03  1.7227E-04  1.6774E-03
  9.5514E-05 -3.2776E-03  1.8438E-04  1.7954E-03
  1.0188E-04 -3.4852E-03  1.9667E-04  1.9150E-03
  1.0833E-04 -3.6951E-03  2.0913E-04  2.0363E-03
  1.1488E-04 -3.9073E-03  2.2176E-04  2.1593E-03
  1.2152E-04 -4.1218E-03  2.3458E-04  2.2841E-03
  1.2825E-04 -4.3388E-03  2.4757E-04  2.4107E-03
  1.3508E-04 -4.5582E-03  2.6076E-04  2.5390E-03
  1.4200E-04 -4.7800E-03  2.7412E-04  2.6692E-03
  1.4903E-04 -5.0045E-03  2.8768E-04  2.8012E-03
  1.5615E-04 -5.2315E-03  3.0143E-04  2.9351E-03
  1.6338E-04 -5.4611E-03  3.1538E-04  3.0709E-03
  1.7070E-04 -5.6934E-03  3.2953E-04  3.2087E-03
  1.7813E-04 -5.9284E-03  3.4387E-04  3.3484E-03
  1.8567E-04 -6.1661E-03  3.5842E-04  3.4900E-03
  1.9332E-04 -6.4067E-03  3.7318E-04  3.6337E-03
  2.0107E-04 -6.6500E-03  3.8814E-04  3.7795E-03
  2.0893E-04 -6.8963E-03  4.0332E-04  3.9272E-03
  2.1691E-04 -7.1454E-03  4.1872E-04  4.0771E-03
  2.2499E-04 -7.3976E-03  4.3433E-04  4.2292E-03
  2.3320E-04 -7.6527E-03  4.5016E-04  4.3833E-03
  2.4151E-04 -7.9108E-03  4.6622E-04  4.5397E-03
  2.4995E-04 -8.1721E-03  4.8251E-04  4.6983E-03
  2.5851E-04 -8.4365E-03  4.9903E-04  4.8592E-03
  2.6719E-04 -8.7040E-03  5.1578E-04  5.0223E-03
  2.7599E-04 -8.9747E-03  5.3277E-04  5.1877E-03
  2.8492E-04 -9.2487E-03  5.5000E-04  5.3555E-03
  2.9397E-04 -9.5260E-03  5.6748E-04  5.5257E-03
  3.0315E-04 -9.8067E-03  5.8521E-04  5.6983E-03
  3.1246E-04 -1.0091E-02  6.0318E-04  5.8733E-03
  3.2191E-04 -1.0378E-02  6.2142E-04  6.0509E-03
  3.3149E-04 -1.0669E-02  6.3991E-04  6.2309E-03
  3.4120E-04 -1.0964E-02  6.5866E-04  6.4135E-03
  3.5106E-04 -1.1261E-02  6.7768E-04  6.5987E-03
  3.6105E-04 -1.1563E-02  6.9697E-04  6.7866E-03
  3.7118E-04 -1.1868E-02  7.1654E-04  6.9771E-03
  3.8146E-04 -1.2177E-02  7.3638E-04  7.1703E-03
  3.9189E-04 -1.2490E-02  7.5650E-04  7.3662E-03
  4.0246E-04 -1.2806E-02  7.7691E-04  7.5650E-03
  4.1318E-04 -1.3127E-02  7.9761E-04  7.7665E-03
  4.2406E-04 -1.3451E-02  8.1860E-04  7.9710E-03
  4.3509E-04 -1.3779E-02  8.3990E-04  8.1783E-03
  4.4627E-04 -1.4111E-02  8.6149E-04  8.3885E-03
  4.5762E-04 -1.4447E-02  8.8339E-04  8.6018E-03
  4.6913E-04 -1.4787E-02  9.0560E-04  8.8181E-03
  4.8080E-04 -1.5132E-02  9.2813E-04  9.0374E-03
  4.9263E-04 -1.5480E-02  9.5098E-04  9.2599E-03
  5.0463E-04 -1.5833E-02  9.7415E-04  9.4855E-03
  5.1681E-04 -1.6190E-02  9.9765E-04  9.7144E-03
  5.2916E-04 -1.6551E-02  1.0215E-03  9.9465E-03
  5.4168E-04 -1.6916E-02  1.0457E-03  1.0182E-02
  5.5438E-04 -1.7287E-02  1.0702E-03  1.0421E-02
  5.6726E-04 -1.7661E-02  1.0950E-03  1.0663E-02
  5.8032E-04 -1.8040E-02  1.1203E-03  1.0908E-02
  5.9357E-04 -1.8424E-02  1.1458E-03  1.1157E-02
  6.0701E-04 -1.8812E-02  1.1718E-03  1.1410E-02
  6.2064E-04 -1.9205E-02  1.1981E-03  1.1666E-02
  6.3446E-04 -1.9602E-02  1.2248E-03  1.1926E-02
  6.4848E-04 -2.0005E-02  1.2518E-03  1.2189E-02
  6.6269E-04 -2.0412E-02  1.2793E-03  1.2457E-02
  6.7711E-04 -2.0824E-02  1.3071E-03  1.2728E-02
  6.9174E-04 -2.1241E-02  1.3353E-03  1.3002E-02
  7.0657E-04 -2.1663E-02  1.3640E-03  1.3281E-02
  7.2161E-04 -2.2090E-02  1.3930E-03  1.3564E-02
  7.3686E-04 -2.2522E-02  1.4224E-03  1.3851E-02
  7.5234E-04 -2.2959E-02  1.4523E-03  1.4142E-02
  7.6803E-04 -2.3402E-02  1.4826E-03  1.4436E-02
  7.8394E-04 -2.3850E-02  1.5133E-03  1.4736E-02
  8.0008E-04 -2.4303E-02  1.5445E-03  1.5039E-02
  8.1645E-04 -2.4761E-02  1.5761E-03  1.5347E-02
  8.3306E-04 -2.5225E-02  1.6081E-03  1.5659E-02
  8.4989E-04 -2.5694E-02  1.6406E-03  1.5975E-02
  8.6697E-04 -2.6169E-02  1.6736E-03  1.6296E-02
  8.8429E-04 -2.6650E-02  1.7070E-03  1.6622E-02
  9.0186E-04 -2.7136E-02  1.7410E-03  1.6952E-02
  9.1967E-04 -2.7628E-02  1.7753E-03  1.7287E-02
  9.3774E-04 -2.8126E-02  1.8102E-03  1.7627E-02
  9.5607E-04 -2.8629E-02  1.8456E-03  1.7971E-02
  9.7465E-04 -2.9139E-02  1.8815E-03  1.8320E-02
  9.9350E-04 -2.9654E-02  1.9179E-03  1.8675E-02
  1.0126E-03 -3.0176E-02  1.9548E-03  1.9034E-02
  1.0320E-03 -3.0703E-02  1.9922E-03  1.9398E-02
  1.0517E-03 -3.1237E-02  2.0302E-03  1.9768E-02
  1.0716E-03 -3.1777E-02  2.0687E-03  2.0143E-02
  1.0918E-03 -3.2323E-02  2.1077E-03  2.0523E-02
  1.1124E-03 -3.2875E-02  2.1473E-03  2.0909E-02
  1.1332E-03 -3.3434E-02  2.1875E-03  2.1300E-02
  1.1543E-03 -3.3999E-02  2.2282E-03  2.1696E-02
  1.1757E-03 -3.4571E-02  2.2695E-03  2.2099E-02
  1.1974E-03 -3.5149E-02  2.3114E-03  2.2507E-02
  1.2194E-03 -3.5734E-02  2.3539E-03  2.2920E-02
  1.2417E-03 -3.6326E-02  2.3970E-03  2.3340E-02
  1.2643E-03 -3.6924E-02  2.4407E-03  2.3766E-02
  1.2873E-03 -3.7529E-02  2.4850E-03  2.4197E-02
  1.3106E-03 -3.8141E-02  2.5300E-03  2.4635E-02
  1.3342E-03 -3.8760E-02  2.5756E-03  2.5079E-02
  1.3582E-03 -3.9386E-02  2.6218E-03  2.5529E-02
  1.3825E-03 -4.0019E-02  2.6687E-03  2.5986E-02
  1.4071E-03 -4.0659E-02  2.7163E-03  2.6449E-02
  1.4321E-03 -4.1306E-02  2.7645E-03  2.6919E-02
  1.4574E-03 -4.1960E-02  2.8135E-03  2.7395E-02
  1.4832E-03 -4.2622E-02  2.8631E-03  2.7879E-02
  1.5092E-03 -4.3291E-02  2.9134E-03  2.8369E-02
  1.5357E-03 -4.3967E-02  2.9645E-03  2.8866E-02
  1.5625E-03 -4.4651E-02  3.0162E-03  2.9370E-02
  1.5897E-03 -4.5342E-02  3.0687E-03  2.9881E-02
  1.6173E-03 -4.6041E-02  3.1220E-03  3.0399E-02
  1.6452E-03 -4.6747E-02  3.1760E-03  3.0925E-02
  1.6736E-03 -4.7462E-02  3.2308E-03  3.1459E-02
  1.7024E-03 -4.8184E-02  3.2863E-03  3.1999E-02
  1.7316E-03 -4.8913E-02  3.3426E-03  3.2548E-02
  1.7612E-03 -4.9651E-02  3.3998E-03  3.3104E-02
  1.7912E-03 -5.0396E-02  3.4577E-03  3.3669E-02
  1.8216E-03 -5.1150E-02  3.5165E-03  3.4241E-02
  1.8525E-03 -5.1911E-02  3.5761E-03  3.4821E-02
  1.8838E-03 -5.2681E-02  3.6366E-03  3.5410E-02
  1.9156E-03 -5.3458E-02  3.6979E-03  3.6007E-02
  1.9478E-03 -5.4244E-02  3.7601E-03  3.6613E-02
  1.9805E-03 -5.5038E-02  3.8231E-03  3.7227E-02
  2.0136E-03 -5.5840E-02  3.8871E-03  3.7849E-02
  2.0472E-03 -5.6651E-02  3.9520E-03  3.8481E-02
  2.0813E-03 -5.7470E-02  4.0178E-03  3.9122E-02
  2.1159E-03 -5.8298E-02  4.0845E-03  3.9771E-02
  2.1509E-03 -5.9133E-02  4.1522E-03  4.0430E-02
  2.1865E-03 -5.9978E-02  4.2208E-03  4.1099E-02
  2.2225E-03 -6.0831E-02  4.2904E-03  4.1777E-02
  2.2591E-03 -6.1692E-02  4.3610E-03  4.2464E-02
  2.2962E-03 -6.2563E-02  4.4326E-03  4.3161E-02
  2.3338E-03 -6.3441E-02  4.5052E-03  4.3868E-02
  2.3720E-03 -6.4329E-02  4.5789E-03  4.4585E-02
  2.4107E-03 -6.5225E-02  4.6536E-03  4.5313E-02
  2.4499E-03 -6.6130E-02  4.7293E-03  4.6050E-02
  2.4897E-03 -6.7044E-02  4.8062E-03  4.6798E-02
  2.5301E-03 -6.7967E-02  4.8841E-03  4.7557E-02
  2.5710E-03 -6.8899E-02  4.9631E-03  4.8327E-02
  2.6125E-03 -6.9840E-02  5.0433E-03  4.9107E-02
  2.6547E-03 -7.0789E-02  5.1246E-03  4.9899E-02
  2.6974E-03 -7.1748E-02  5.2070E-03  5.0701E-02
  2.7407E-03 -7.2715E-02  5.2906E-03  5.1516E-02
  2.7846E-03 -7.3692E-02  5.3754E-03  5.2341E-02
  2.8292E-03 -7.4677E-02  5.4614E-03  5.3179E-02
  2.8744E-03 -7.5672E-02  5.5487E-03  5.4028E-02
  2.9202E-03 -7.6676E-02  5.6371E-03  5.4890E-02
  2.9667E-03 -7.7688E-02  5.7268E-03  5.5763E-02
  3.0138E-03 -7.8710E-02  5.8178E-03  5.6649E-02
  3.0616E-03 -7.9741E-02  5.9101E-03  5.7548E-02
  3.1101E-03 -8.0781E-02  6.0037E-03  5.8459E-02
  3.1593E-03 -8.1830E-02  6.0987E-03  5.9384E-02
  3.2092E-03 -8.2889E-02  6.1950E-03  6.0321E-02
  3.2597E-03 -8.3956E-02  6.2926E-03  6.1272E-02
  3.3110E-03 -8.5032E-02  6.3916E-03  6.2236E-02
  3.3631E-03 -8.6118E-02  6.4921E-03  6.3214E-02
  3.4159E-03 -8.7212E-02  6.5939E-03  6.4206E-02
  3.4694E-03 -8.8316E-02  6.6973E-03  6.5212E-02
  3.5236E-03 -8.9428E-02  6.8020E-03  6.6232E-02
  3.5787E-03 -9.0550E-02  6.9083E-03  6.7267E-02
  3.6345E-03 -9.1680E-02  7.0161E-03  6.8316E-02
  3.6912E-03 -9.2820E-02  7.1254E-03  6.9381E-02
  3.7486E-03 -9.3968E-02  7.2362E-03  7.0460E-02
  3.8068E-03 -9.5125E-02  7.3487E-03  7.1555E-02
  3.8659E-03 -9.6291E-02  7.4627E-03  7.2665E-02
  3.9258E-03 -9.7466E-02  7.5784E-03  7.3791E-02
  3.9866E-03 -9.8649E-02  7.6957E-03  7.4933E-02
  4.0482E-03 -9.9841E-02  7.8146E-03  7.6092E-02
  4.1107E-03 -1.0104E-01  7.9353E-03  7.7266E-02
  4.1741E-03 -1.0225E-01  8.0576E-03  7.8458E-02
  4.2384E-03 -1.0347E-01  8.1817E-03  7.9666E-02
  4.3036E-03 -1.0469E-01  8.3076E-03  8.0892E-02
  4.3697E-03 -1.0593E-01  8.4352E-03  8.2134E-02
  4.4368E-03 -1.0717E-01  8.5647E-03  8.3395E-02
  4.5048E-03 -1.0842E-01  8.6960E-03  8.4673E-02
  4.5738E-03 -1.0968E-01  8.8292E-03  8.5970E-02
  4.6438E-03 -1.1094E-01  8.9642E-03  8.7285E-02
  4.7147E-03 -1.1222E-01  9.1012E-03  8.8619E-02
  4.7867E-03 -1.1350E-01  9.2401E-03  8.9971E-02
  4.8597E-03 -1.1479E-01  9.3810E-03  9.1343E-02
  4.9337E-03 -1.1608E-01  9.5239E-03  9.2734E-02
  5.0088E-03 -1.1739E-01  9.6688E-03  9.4145E-02
  5.0849E-03 -1.1870E-01  9.8158E-03  9.5577E-02
  5.1621E-03 -1.2001E-01  9.9649E-03  9.7028E-02
  5.2405E-03 -1.2134E-01  1.0116E-02  9.8500E-02
  5.3199E-03 -1.2267E-01  1.0269E-02  9.9993E-02
  5.4004E-03 -1.2400E-01  1.0425E-02  1.0151E-01
  5.4822E-03 -1.2534E-01  1.0583E-02  1.0304E-01
  5.5650E-03 -1.2669E-01  1.0743E-02  1.0460E-01
  5.6491E-03 -1.2805E-01  1.0905E-02  1.0618E-01
  5.7343E-03 -1.2941E-01  1.1069E-02  1.0778E-01
  5.8207E-03 -1.3077E-01  1.1236E-02  1.0941E-01
  5.9084E-03 -1.3214E-01  1.1405E-02  1.1105E-01
  5.9973E-03 -1.3352E-01  1.1577E-02  1.1272E-01
  6.0875E-03 -1.3490E-01  1.1751E-02  1.1442E-01
  6.1790E-03 -1.3628E-01  1.1928E-02  1.1614E-01
  6.2718E-03 -1.3767E-01  1.2107E-02  1.1788E-01
  6.3658E-03 -1.3906E-01  1.2288E-02  1.1965E-01
  6.4612E-03 -1.4045E-01  1.2473E-02  1.2144E-01
  6.5580E-03 -1.4185E-01  1.2659E-02  1.2326E-01
  6.6562E-03 -1.4325E-01  1.2849E-02  1.2511E-01
  6.7557E-03 -1.4465E-01  1.3041E-02  1.2698E-01
  6.8567E-03 -1.4606E-01  1.3236E-02  1.2887E-01
  6.9590E-03 -1.4746E-01  1.3433E-02  1.3080E-01
  7.0629E-03 -1.4887E-01  1.3634E-02  1.3275E-01
  7.1682E-03 -1.5028E-01  1.3837E-02  1.3473E-01
  7.2750E-03 -1.5169E-01  1.4043E-02  1.3674E-01
  7.3833E-03 -1.5310E-01  1.4252E-02  1.3877E-01
  7.4932E-03 -1.5451E-01  1.4464E-02  1.4084E-01
  7.6046E-03 -1.5592E-01  1.4680E-02  1.4293E-01
  7.7176E-03 -1.5732E-01  1.4898E-02  1.4505E-01
  7.8323E-03 -1.5873E-01  1.5119E-02  1.4721E-01
  7.9485E-03 -1.6013E-01  1.5343E-02  1.4939E-01
  8.0664E-03 -1.6153E-01  1.5571E-02  1.5161E-01
  8.1860E-03 -1.6293E-01  1.5802E-02  1.5385E-01
  8.3072E-03 -1.6433E-01  1.6036E-02  1.5613E-01
  8.4302E-03 -1.6572E-01  1.6273E-02  1.5844E-01
  8.5550E-03 -1.6710E-01  1.6514E-02  1.6079E-01
  8.6815E-03 -1.6848E-01  1.6758E-02  1.6317E-01
  8.8098E-03 -1.6986E-01  1.7006E-02  1.6558E-01
  8.9399E-03 -1.7122E-01  1.7257E-02  1.6802E-01
  9.0719E-03 -1.7259E-01  1.7512E-02  1.7050E-01
  9.2057E-03 -1.7394E-01  1.7770E-02  1.7302E-01
  9.3415E-03 -1.7528E-01  1.8032E-02  1.7557E-01
  9.4791E-03 -1.7662E-01  1.8298E-02  1.7815E-01
  9.6188E-03 -1.7794E-01  1.8567E-02  1.8078E-01
  9.7604E-03 -1.7926E-01  1.8841E-02  1.8344E-01
  9.9040E-03 -1.8056E-01  1.9118E-02  1.8614E-01
  1.0050E-02 -1.8186E-01  1.9399E-02  1.8887E-01
  1.0197E-02 -1.8313E-01  1.9684E-02  1.9165E-01
  1.0347E-02 -1.8440E-01  1.9973E-02  1.9446E-01
  1.0499E-02 -1.8565E-01  2.0267E-02  1.9732E-01
  1.0653E-02 -1.8689E-01  2.0564E-02  2.0021E-01
  1.0810E-02 -1.8811E-01  2.0866E-02  2.0315E-01
  1.0968E-02 -1.8931E-01  2.1172E-02  2.0613E-01
  1.1129E-02 -1.9050E-01  2.1482E-02  2.0915E-01
  1.1292E-02 -1.9167E-01  2.1797E-02  2.1221E-01
  1.1457E-02 -1.9282E-01  2.2116E-02  2.1532E-01
  1.1625E-02 -1.9394E-01  2.2440E-02  2.1847E-01
  1.1795E-02 -1.9505E-01  2.2768E-02  2.2167E-01
  1.1968E-02 -1.9613E-01  2.3101E-02  2.2491E-01
  1.2143E-02 -1.9719E-01  2.3439E-02  2.2819E-01
  1.2320E-02 -1.9823E-01  2.3781E-02  2.3153E-01
  1.2500E-02 -1.9924E-01  2.4128E-02  2.3491E-01
  1.2683E-02 -2.0023E-01  2.4481E-02  2.3834E-01
  1.2868E-02 -2.0118E-01  2.4838E-02  2.4181E-01
  1.3056E-02 -2.0211E-01  2.5200E-02  2.4534E-01
  1.3246E-02 -2.0301E-01  2.5568E-02  2.4892E-01
  1.3439E-02 -2.0388E-01  2.5940E-02  2.5254E-01
  1.3635E-02 -2.0471E-01  2.6318E-02  2.5622E-01
  1.3834E-02 -2.0551E-01  2.6702E-02  2.5995E-01
  1.4035E-02 -2.0628E-01  2.7091E-02  2.6374E-01
  1.4239E-02 -2.0701E-01  2.7485E-02  2.6758E-01
  1.4447E-02 -2.0771E-01  2.7885E-02  2.7147E-01
  1.4657E-02 -2.0837E-01  2.8290E-02  2.7541E-01
  1.4870E-02 -2.0898E-01  2.8702E-02  2.7942E-01
  1.5086E-02 -2.0956E-01  2.9119E-02  2.8348E-01
  1.5306E-02 -2.1009E-01  2.9542E-02  2.8759E-01
  1.5528E-02 -2.1058E-01  2.9971E-02  2.9177E-01
  1.5753E-02 -2.1103E-01  3.0406E-02  2.9600E-01
  1.5982E-02 -2.1143E-01  3.0848E-02  3.0030E-01
  1.6214E-02 -2.1178E-01  3.1296E-02  3.0465E-01
  1.6449E-02 -2.1208E-01  3.1750E-02  3.0907E-01
  1.6688E-02 -2.1234E-01  3.2210E-02  3.1355E-01
  1.6930E-02 -2.1254E-01  3.2677E-02  3.1809E-01
  1.7176E-02 -2.1268E-01  3.3151E-02  3.2270E-01
  1.7425E-02 -2.1277E-01  3.3631E-02  3.2738E-01
  1.7677E-02 -2.1281E-01  3.4118E-02  3.3211E-01
  1.7933E-02 -2.1279E-01  3.4612E-02  3.3692E-01
  1.8193E-02 -2.1270E-01  3.5113E-02  3.4179E-01
  1.8456E-02 -2.1256E-01  3.5621E-02  3.4674E-01
  1.8723E-02 -2.1236E-01  3.6137E-02  3.5175E-01
  1.8994E-02 -2.1209E-01  3.6659E-02  3.5684E-01
  1.9269E-02 -2.1175E-01  3.7189E-02  3.6199E-01
  1.9548E-02 -2.1135E-01  3.7727E-02  3.6722E-01
  1.9830E-02 -2.1087E-01  3.8272E-02  3.7252E-01
  2.0117E-02 -2.1033E-01  3.8825E-02  3.7790E-01
  2.0408E-02 -2.0972E-01  3.9386E-02  3.8336E-01
  2.0702E-02 -2.0903E-01  3.9955E-02  3.8889E-01
  2.1001E-02 -2.0826E-01  4.0532E-02  3.9450E-01
  2.1305E-02 -2.0742E-01  4.1117E-02  4.0019E-01
  2.1612E-02 -2.0650E-01  4.1710E-02  4.0596E-01
  2.1924E-02 -2.0550E-01  4.2312E-02  4.1181E-01
  2.2241E-02 -2.0442E-01  4.2922E-02  4.1774E-01
  2.2562E-02 -2.0326E-01  4.3541E-02  4.2376E-01
  2.2887E-02 -2.0201E-01  4.4169E-02  4.2986E-01
  2.3217E-02 -2.0067E-01  4.4805E-02  4.3605E-01
  2.3552E-02 -1.9924E-01  4.5451E-02  4.4233E-01
  2.3891E-02 -1.9773E-01  4.6105E-02  4.4869E-01
  2.4236E-02 -1.9612E-01  4.6770E-02  4.5515E-01
  2.4585E-02 -1.9442E-01  4.7443E-02  4.6169E-01
  2.4939E-02 -1.9263E-01  4.8126E-02  4.6833E-01
  2.5298E-02 -1.9074E-01  4.8819E-02  4.7506E-01
  2.5662E-02 -1.8875E-01  4.9521E-02  4.8189E-01
  2.6032E-02 -1.8666E-01  5.0234E-02  4.8882E-01
  2.6407E-02 -1.8447E-01  5.0956E-02  4.9584E-01
  2.6787E-02 -1.8218E-01  5.1689E-02  5.0296E-01
  2.7172E-02 -1.7979E-01  5.2432E-02  5.1018E-01
  2.7563E-02 -1.7729E-01  5.3186E-02  5.1750E-01
  2.7959E-02 -1.7469E-01  5.3950E-02  5.2493E-01
  2.8362E-02 -1.7198E-01  5.4725E-02  5.3246E-01
  2.8769E-02 -1.6916E-01  5.5512E-02  5.4010E-01
  2.9183E-02 -1.6623E-01  5.6309E-02  5.4784E-01
  2.9602E-02 -1.6319E-01  5.7117E-02  5.5569E-01
  3.0028E-02 -1.6003E-01  5.7938E-02  5.6366E-01
  3.0459E-02 -1.5677E-01  5.8769E-02  5.7174E-01
  3.0897E-02 -1.5339E-01  5.9613E-02  5.7993E-01
  3.1341E-02 -1.4989E-01  6.0468E-02  5.8823E-01
  3.1791E-02 -1.4628E-01  6.1336E-02  5.9665E-01
  3.2247E-02 -1.4256E-01  6.2215E-02  6.0520E-01
  3.2710E-02 -1.3871E-01  6.3108E-02  6.1386E-01
  3.3180E-02 -1.3475E-01  6.4012E-02  6.2264E-01
  3.3656E-02 -1.3067E-01  6.4930E-02  6.3155E-01
  3.4139E-02 -1.2647E-01  6.5861E-02  6.4058E-01
  3.4629E-02 -1.2215E-01  6.6804E-02  6.4974E-01
  3.5126E-02 -1.1771E-01  6.7762E-02  6.5902E-01
  3.5630E-02 -1.1316E-01  6.8732E-02  6.6844E-01
  3.6141E-02 -1.0848E-01  6.9717E-02  6.7799E-01
  3.6659E-02 -1.0368E-01  7.0715E-02  6.8767E-01
  3.7185E-02 -9.8764E-02  7.1728E-02  6.9749E-01
  3.7718E-02 -9.3728E-02  7.2754E-02  7.0745E-01
  3.8258E-02 -8.8573E-02  7.3796E-02  7.1755E-01
  3.8807E-02 -8.3299E-02  7.4852E-02  7.2779E-01
  3.9363E-02 -7.7907E-02  7.5923E-02  7.3817E-01
  3.9927E-02 -7.2399E-02  7.7009E-02  7.4869E-01
  4.0499E-02 -6.6774E-02  7.8110E-02  7.5937E-01
  4.1079E-02 -6.1034E-02  7.9227E-02  7.7019E-01
  4.1668E-02 -5.5180E-02  8.0360E-02  7.8117E-01
  4.2264E-02 -4.9213E-02  8.1508E-02  7.9229E-01
  4.2870E-02 -4.3135E-02  8.2673E-02  8.0358E-01
  4.3484E-02 -3.6948E-02  8.3855E-02  8.1502E-01
  4.4106E-02 -3.0653E-02  8.5053E-02  8.2662E-01
  4.4738E-02 -2.4253E-02  8.6268E-02  8.3838E-01
  4.5378E-02 -1.7749E-02  8.7500E-02  8.5031E-01
  4.6027E-02 -1.1144E-02  8.8749E-02  8.6240E-01
  4.6686E-02 -4.4400E-03  9.0016E-02  8.7466E-01
  4.7354E-02  2.3596E-03  9.1301E-02  8.8709E-01
  4.8032E-02  9.2522E-03  9.2604E-02  8.9970E-01
  4.8719E-02  1.6235E-02  9.3926E-02  9.1248E-01
  4.9416E-02  2.3304E-02  9.5266E-02  9.2543E-01
  5.0123E-02  3.0456E-02  9.6625E-02  9.3857E-01
  5.0839E-02  3.7687E-02  9.8003E-02  9.5189E-01
  5.1567E-02  4.4994E-02  9.9400E-02  9.6539E-01
  5.2304E-02  5.2372E-02  1.0082E-01  9.7909E-01
  5.3052E-02  5.9817E-02  1.0225E-01  9.9297E-01
  5.3810E-02  6.7325E-02  1.0371E-01  1.0070E+00
  5.4579E-02  7.4889E-02  1.0519E-01  1.0213E+00
  5.5360E-02  8.2507E-02  1.0669E-01  1.0358E+00
  5.6151E-02  9.0171E-02  1.0821E-01  1.0504E+00
  5.6953E-02  9.7878E-02  1.0975E-01  1.0653E+00
  5.7767E-02  1.0562E-01  1.1131E-01  1.0804E+00
  5.8593E-02  1.1339E-01  1.1290E-01  1.0956E+00
  5.9430E-02  1.2119E-01  1.1450E-01  1.1111E+00
  6.0279E-02  1.2900E-01  1.1613E-01  1.1268E+00
  6.1140E-02  1.3683E-01  1.1779E-01  1.1428E+00
  6.2013E-02  1.4465E-01  1.1946E-01  1.1589E+00
  6.2899E-02  1.5248E-01  1.2116E-01  1.1752E+00
  6.3797E-02  1.6029E-01  1.2288E-01  1.1918E+00
  6.4708E-02  1.6809E-01  1.2463E-01  1.2086E+00
  6.5632E-02  1.7586E-01  1.2640E-01  1.2257E+00
  6.6570E-02  1.8359E-01  1.2820E-01  1.2429E+00
  6.7520E-02  1.9129E-01  1.3002E-01  1.2604E+00
  6.8484E-02  1.9893E-01  1.3186E-01  1.2782E+00
  6.9462E-02  2.0651E-01  1.3374E-01  1.2962E+00
  7.0453E-02  2.1402E-01  1.3564E-01  1.3144E+00
  7.1459E-02  2.2146E-01  1.3756E-01  1.3329E+00
  7.2479E-02  2.2881E-01  1.3951E-01  1.3516E+00
  7.3513E-02  2.3606E-01  1.4149E-01  1.3706E+00
  7.4562E-02  2.4320E-01  1.4350E-01  1.3898E+00
  7.5626E-02  2.5023E-01  1.4554E-01  1.4093E+00
  7.6705E-02  2.5713E-01  1.4760E-01  1.4290E+00
  7.7799E-02  2.6389E-01  1.4969E-01  1.4490E+00
  7.8909E-02  2.7051E-01  1.5181E-01  1.4693E+00
  8.0035E-02  2.7697E-01  1.5396E-01  1.4899E+00
  8.1177E-02  2.8325E-01  1.5614E-01  1.5107E+00
  8.2335E-02  2.8936E-01  1.5835E-01  1.5318E+00
  8.3509E-02  2.9528E-01  1.6060E-01  1.5532E+00
  8.4700E-02  3.0099E-01  1.6287E-01  1.5749E+00
  8.5908E-02  3.0649E-01  1.6517E-01  1.5969E+00
  8.7133E-02  3.1177E-01  1.6751E-01  1.6191E+00
  8.8375E-02  3.1681E-01  1.6988E-01  1.6416E+00
  8.9636E-02  3.2160E-01  1.7228E-01  1.6645E+00
  9.0914E-02  3.2614E-01  1.7471E-01  1.6876E+00
  9.2210E-02  3.3040E-01  1.7718E-01  1.7111E+00
  9.3524E-02  3.3439E-01  1.7968E-01  1.7348E+00
  9.4858E-02  3.3808E-01  1.8222E-01  1.7589E+00
  9.6210E-02  3.4146E-01  1.8479E-01  1.7833E+00
  9.7581E-02  3.4453E-01  1.8740E-01  1.8080E+00
  9.8972E-02  3.4728E-01  1.9004E-01  1.8330E+00
  1.0038E-01  3.4968E-01  1.9272E-01  1.8583E+00
  1.0181E-01  3.5174E-01  1.9544E-01  1.8840E+00
  1.0326E-01  3.5344E-01  1.9819E-01  1.9099E+00
  1.0474E-01  3.5477E-01  2.0098E-01  1.9363E+00
  1.0623E-01  3.5572E-01  2.0381E-01  1.9629E+00
  1.0774E-01  3.5628E-01  2.0668E-01  1.9899E+00
  1.0928E-01  3.5644E-01  2.0958E-01  2.0172E+00
  1.1083E-01  3.5619E-01  2.1253E-01  2.0449E+00
  1.1241E-01  3.5553E-01  2.1552E-01  2.0729E+00
  1.1401E-01  3.5443E-01  2.1854E-01  2.1013E+00
  1.1564E-01  3.5291E-01  2.2161E-01  2.1301E+00
  1.1729E-01  3.5094E-01  2.2472E-01  2.1591E+00
  1.1896E-01  3.4851E-01  2.2787E-01  2.1886E+00
  1.2065E-01  3.4564E-01  2.3107E-01  2.2184E+00
  1.2237E-01  3.4229E-01  2.3431E-01  2.2486E+00
  1.2411E-01  3.3848E-01  2.3759E-01  2.2791E+00
  1.2588E-01  3.3419E-01  2.4091E-01  2.3100E+00
  1.2767E-01  3.2942E-01  2.4429E-01  2.3413E+00
  1.2949E-01  3.2417E-01  2.4770E-01  2.3730E+00
  1.3134E-01  3.1843E-01  2.5116E-01  2.4050E+00
  1.3321E-01  3.1219E-01  2.5467E-01  2.4374E+00
  1.3510E-01  3.0547E-01  2.5823E-01  2.4702E+00
  1.3703E-01  2.9825E-01  2.6183E-01  2.5034E+00
  1.3898E-01  2.9053E-01  2.6548E-01  2.5370E+00
  1.4096E-01  2.8232E-01  2.6918E-01  2.5709E+00
  1.4296E-01  2.7362E-01  2.7292E-01  2.6053E+00
  1.4500E-01  2.6442E-01  2.7672E-01  2.6400E+00
  1.4706E-01  2.5473E-01  2.8057E-01  2.6751E+00
  1.4916E-01  2.4456E-01  2.8447E-01  2.7107E+00
  1.5128E-01  2.3391E-01  2.8842E-01  2.7466E+00
  1.5343E-01  2.2278E-01  2.9242E-01  2.7829E+00
  1.5562E-01  2.1118E-01  2.9647E-01  2.8196E+00
  1.5783E-01  1.9912E-01  3.0058E-01  2.8568E+00
  1.6008E-01  1.8661E-01  3.0474E-01  2.8943E+00
  1.6236E-01  1.7365E-01  3.0895E-01  2.9322E+00
  1.6467E-01  1.6026E-01  3.1322E-01  2.9705E+00
  1.6701E-01  1.4644E-01  3.1754E-01  3.0092E+00
  1.6939E-01  1.3222E-01  3.2192E-01  3.0483E+00
  1.7180E-01  1.1760E-01  3.2636E-01  3.0879E+00
  1.7425E-01  1.0261E-01  3.3085E-01  3.1278E+00
  1.7673E-01  8.7241E-02  3.3540E-01  3.1681E+00
  1.7924E-01  7.1530E-02  3.4000E-01  3.2088E+00
  1.8179E-01  5.5488E-02  3.4467E-01  3.2499E+00
  1.8438E-01  3.9134E-02  3.4939E-01  3.2914E+00
  1.8700E-01  2.2490E-02  3.5418E-01  3.3333E+00
  1.8966E-01  5.5762E-03  3.5902E-01  3.3755E+00
  1.9236E-01 -1.1586E-02  3.6392E-01  3.4182E+00
  1.9510E-01 -2.8972E-02  3.6889E-01  3.4612E+00
  1.9787E-01 -4.6559E-02  3.7391E-01  3.5046E+00
  2.0069E-01 -6.4321E-02  3.7900E-01  3.5484E+00
  2.0354E-01 -8.2232E-02  3.8415E-01  3.5926E+00
  2.0644E-01 -1.0027E-01  3.8937E-01  3.6371E+00
  2.0938E-01 -1.1839E-01  3.9464E-01  3.6820E+00
  2.1236E-01 -1.3659E-01  3.9998E-01  3.7272E+00
  2.1538E-01 -1.5481E-01  4.0539E-01  3.7727E+00
  2.1844E-01 -1.7305E-01  4.1085E-01  3.8187E+00
  2.2155E-01 -1.9126E-01  4.1639E-01  3.8649E+00
  2.2470E-01 -2.0941E-01  4.2199E-01  3.9115E+00
  2.2790E-01 -2.2747E-01  4.2765E-01  3.9583E+00
  2.3114E-01 -2.4541E-01  4.3338E-01  4.0055E+00
  2.3442E-01 -2.6319E-01  4.3918E-01  4.0530E+00
  2.3776E-01 -2.8078E-01  4.4504E-01  4.1007E+00
  2.4114E-01 -2.9814E-01  4.5097E-01  4.1488E+00
  2.4457E-01 -3.1525E-01  4.5697E-01  4.1971E+00
  2.4805E-01 -3.3205E-01  4.6304E-01  4.2456E+00
  2.5158E-01 -3.4853E-01  4.6917E-01  4.2944E+00
  2.5515E-01 -3.6464E-01  4.7537E-01  4.3434E+00
  2.5878E-01 -3.8035E-01  4.8164E-01  4.3925E+00
  2.6246E-01 -3.9563E-01  4.8798E-01  4.4419E+00
  2.6620E-01 -4.1043E-01  4.9438E-01  4.4915E+00
  2.6998E-01 -4.2471E-01  5.0086E-01  4.5412E+00
  2.7382E-01 -4.3846E-01  5.0740E-01  4.5910E+00
  2.7772E-01 -4.5163E-01  5.1401E-01  4.6410E+00
  2.8166E-01 -4.6418E-01  5.2069E-01  4.6910E+00
  2.8567E-01 -4.7609E-01  5.2744E-01  4.7411E+00
  2.8973E-01 -4.8732E-01  5.3426E-01  4.7913E+00
  2.9385E-01 -4.9783E-01  5.4114E-01  4.8414E+00
  2.9803E-01 -5.0761E-01  5.4809E-01  4.8916E+00
  3.0227E-01 -5.1660E-01  5.5511E-01  4.9418E+00
  3.0657E-01 -5.2479E-01  5.6220E-01  4.9918E+00
  3.1092E-01 -5.3215E-01  5.6935E-01  5.0418E+00
  3.1535E-01 -5.3864E-01  5.7657E-01  5.0917E+00
  3.1983E-01 -5.4425E-01  5.8386E-01  5.1415E+00
  3.2438E-01 -5.4895E-01  5.9121E-01  5.1910E+00
  3.2899E-01 -5.5270E-01  5.9862E-01  5.2403E+00
  3.3367E-01 -5.5550E-01  6.0610E-01  5.2894E+00
  3.3841E-01 -5.5732E-01  6.1364E-01  5.3382E+00
  3.4322E-01 -5.5814E-01  6.2125E-01  5.3866E+00
  3.4810E-01 -5.5794E-01  6.2892E-01  5.4347E+00
  3.5305E-01 -5.5671E-01  6.3664E-01  5.4824E+00
  3.5807E-01 -5.5443E-01  6.4443E-01  5.5296E+00
  3.6316E-01 -5.5109E-01  6.5227E-01  5.5763E+00
  3.6832E-01 -5.4669E-01  6.6018E-01  5.6225E+00
  3.7356E-01 -5.4121E-01  6.6813E-01  5.6680E+00
  3.7887E-01 -5.3464E-01  6.7614E-01  5.7130E+00
  3.8425E-01 -5.2699E-01  6.8421E-01  5.7572E+00
  3.8972E-01 -5.1825E-01  6.9232E-01  5.8006E+00
  3.9525E-01 -5.0841E-01  7.0048E-01  5.8433E+00
  4.0087E-01 -4.9750E-01  7.0869E-01  5.8850E+00
  4.0657E-01 -4.8550E-01  7.1695E-01  5.9259E+00
  4.1235E-01 -4.7242E-01  7.2525E-01  5.9657E+00
  4.1821E-01 -4.5828E-01  7.3359E-01  6.0045E+00
  4.2416E-01 -4.4309E-01  7.4196E-01  6.0422E+00
  4.3019E-01 -4.2685E-01  7.5037E-01  6.0787E+00
  4.3630E-01 -4.0958E-01  7.5882E-01  6.1139E+00
  4.4250E-01 -3.9131E-01  7.6729E-01  6.1478E+00
  4.4879E-01 -3.7205E-01  7.7579E-01  6.1804E+00
  4.5517E-01 -3.5182E-01  7.8432E-01  6.2114E+00
  4.6164E-01 -3.3065E-01  7.9286E-01  6.2409E+00
  4.6820E-01 -3.0857E-01  8.0143E-01  6.2688E+00
  4.7486E-01 -2.8560E-01  8.1000E-01  6.2950E+00
  4.8160E-01 -2.6177E-01  8.1858E-01  6.3194E+00
  4.8845E-01 -2.3712E-01  8.2717E-01  6.3419E+00
  4.9539E-01 -2.1169E-01  8.3576E-01  6.3625E+00
  5.0243E-01 -1.8550E-01  8.4435E-01  6.3811E+00
  5.0957E-01 -1.5859E-01  8.5292E-01  6.3975E+00
  5.1682E-01 -1.3101E-01  8.6149E-01  6.4118E+00
  5.2416E-01 -1.0280E-01  8.7003E-01  6.4237E+00
  5.3161E-01 -7.4005E-02  8.7855E-01  6.4333E+00
  5.3916E-01 -4.4662E-02  8.8704E-01  6.4405E+00
  5.4683E-01 -1.4821E-02  8.9549E-01  6.4450E+00
  5.5460E-01  1.5471E-02  9.0391E-01  6.4470E+00
  5.6248E-01  4.6164E-02  9.1227E-01  6.4462E+00
  5.7047E-01  7.7210E-02  9.2058E-01  6.4426E+00
  5.7858E-01  1.0856E-01  9.2883E-01  6.4361E+00
  5.8680E-01  1.4015E-01  9.3701E-01  6.4266E+00
  5.9514E-01  1.7195E-01  9.4511E-01  6.4140E+00
  6.0360E-01  2.0388E-01  9.5313E-01  6.3982E+00
  6.1218E-01  2.3591E-01  9.6106E-01  6.3792E+00
  6.2087E-01  2.6797E-01  9.6889E-01  6.3569E+00
  6.2970E-01  3.0002E-01  9.7661E-01  6.3311E+00
  6.3865E-01  3.3199E-01  9.8421E-01  6.3019E+00
  6.4772E-01  3.6384E-01  9.9169E-01  6.2691E+00
  6.5693E-01  3.9551E-01  9.9903E-01  6.2327E+00
  6.6626E-01  4.2694E-01  1.0062E+00  6.1926E+00
  6.7573E-01  4.5809E-01  1.0133E+00  6.1487E+00
  6.8533E-01  4.8889E-01  1.0201E+00  6.1010E+00
  6.9507E-01  5.1931E-01  1.0268E+00  6.0495E+00
  7.0494E-01  5.4928E-01  1.0334E+00  5.9940E+00
  7.1496E-01  5.7875E-01  1.0397E+00  5.9346E+00
  7.2512E-01  6.0769E-01  1.0458E+00  5.8712E+00
  7.3542E-01  6.3603E-01  1.0517E+00  5.8038E+00
  7.4587E-01  6.6373E-01  1.0573E+00  5.7324E+00
  7.5647E-01  6.9075E-01  1.0627E+00  5.6569E+00
  7.6722E-01  7.1705E-01  1.0679E+00  5.5774E+00
  7.7812E-01  7.4257E-01  1.0727E+00  5.4939E+00
  7.8918E-01  7.6729E-01  1.0773E+00  5.4064E+00
  8.0039E-01  7.9116E-01  1.0816E+00  5.3149E+00
  8.1176E-01  8.1414E-01  1.0856E+00  5.2195E+00
  8.2330E-01  8.3621E-01  1.0893E+00  5.1202E+00
  8.3499E-01  8.5732E-01  1.0926E+00  5.0171E+00
  8.4686E-01  8.7744E-01  1.0956E+00  4.9103E+00
  8.5889E-01  8.9655E-01  1.0982E+00  4.7999E+00
  8.7109E-01  9.1461E-01  1.1004E+00  4.6860E+00
  8.8347E-01  9.3160E-01  1.1023E+00  4.5687E+00
  8.9602E-01  9.4750E-01  1.1037E+00  4.4482E+00
  9.0875E-01  9.6229E-01  1.1047E+00  4.3246E+00
  9.2166E-01  9.7594E-01  1.1053E+00  4.1980E+00
  9.3476E-01  9.8844E-01  1.1055E+00  4.0688E+00
  9.4804E-01  9.9978E-01  1.1051E+00  3.9370E+00
  9.6151E-01  1.0099E+00  1.1043E+00  3.8029E+00
  9.7517E-01  1.0189E+00  1.1030E+00  3.6668E+00
  9.8902E-01  1.0267E+00  1.1012E+00  3.5288E+00
  1.0031E+00  1.0333E+00  1.0989E+00  3.3894E+00
  1.0173E+00  1.0388E+00  1.0961E+00  3.2486E+00
  1.0318E+00  1.0430E+00  1.0927E+00  3.1069E+00
  1.0464E+00  1.0460E+00  1.0888E+00  2.9646E+00
  1.0613E+00  1.0479E+00  1.0843E+00  2.8220E+00
  1.0764E+00  1.0486E+00  1.0792E+00  2.6793E+00
  1.0917E+00  1.0482E+00  1.0736E+00  2.5371E+00
  1.1072E+00  1.0466E+00  1.0674E+00  2.3956E+00
  1.1229E+00  1.0440E+00  1.0606E+00  2.2552E+00
  1.1389E+00  1.0402E+00  1.0531E+00  2.1163E+00
  1.1550E+00  1.0354E+00  1.0451E+00  1.9792E+00
  1.1715E+00  1.0295E+00  1.0365E+00  1.8444E+00
  1.1881E+00  1.0226E+00  1.0272E+00  1.7123E+00
  1.2050E+00  1.0147E+00  1.0174E+00  1.5831E+00
  1.2221E+00  1.0059E+00  1.0069E+00  1.4573E+00
  1.2395E+00  9.9610E-01  9.9585E-01  1.3353E+00
  1.2571E+00  9.8545E-01  9.8417E-01  1.2174E+00
  1.2749E+00  9.7394E-01  9.7189E-01  1.1039E+00
  1.2930E+00  9.6163E-01  9.5902E-01  9.9516E-01
  1.3114E+00  9.4853E-01  9.4557E-01  8.9152E-01
  1.3300E+00  9.3471E-01  9.3155E-01  7.9322E-01
  1.3489E+00  9.2018E-01  9.1697E-01  7.0051E-01
  1.3681E+00  9.0501E-01  9.0185E-01  6.1361E-01
  1.3875E+00  8.8922E-01  8.8622E-01  5.3269E-01
  1.4072E+00  8.7287E-01  8.7008E-01  4.5789E-01
  1.4272E+00  8.5599E-01  8.5346E-01  3.8930E-01
  1.4475E+00  8.3863E-01  8.3639E-01  3.2696E-01
  1.4681E+00  8.2083E-01  8.1890E-01  2.7086E-01
  1.4889E+00  8.0264E-01  8.0101E-01  2.2095E-01
  1.5101E+00  7.8410E-01  7.8277E-01  1.7711E-01
  1.5315E+00  7.6525E-01  7.6419E-01  1.3916E-01
  1.5533E+00  7.4614E-01  7.4532E-01  1.0687E-01
  1.5753E+00  7.2681E-01  7.2620E-01  7.9932E-02
  1.5977E+00  7.0730E-01  7.0687E-01  5.7997E-02
  1.6204E+00  6.8765E-01  6.8736E-01  4.0645E-02
  1.6434E+00  6.6790E-01  6.6772E-01  2.7401E-02
  1.6668E+00  6.4810E-01  6.4799E-01  1.7736E-02
  1.6905E+00  6.2827E-01  6.2821E-01  1.1070E-02
  1.7145E+00  6.0846E-01  6.0843E-01  6.7786E-03
  1.7388E+00  5.8870E-01  5.8869E-01  4.2031E-03
  1.7635E+00  5.6903E-01  5.6902E-01  2.6568E-03
  1.7886E+00  5.4947E-01  5.4947E-01  1.4384E-03
  1.8140E+00  5.3007E-01  5.3007E-01  0.0000E+00
  1.8398E+00  5.1085E-01  5.1085E-01  0.0000E+00
  1.8659E+00  4.9184E-01  4.9184E-01  0.0000E+00
  1.8924E+00  4.7307E-01  4.7307E-01  0.0000E+00
  1.9193E+00  4.5456E-01  4.5456E-01  0.0000E+00
  1.9465E+00  4.3634E-01  4.3634E-01  0.0000E+00
  1.9742E+00  4.1843E-01  4.1843E-01  0.0000E+00
  2.0022E+00  4.0084E-01  4.0084E-01  0.0000E+00
  2.0307E+00  3.8361E-01  3.8361E-01  0.0000E+00
  2.0595E+00  3.6674E-01  3.6674E-01  0.0000E+00
  2.0888E+00  3.5026E-01  3.5026E-01  0.0000E+00
  2.1184E+00  3.3417E-01  3.3417E-01  0.0000E+00
  2.1485E+00  3.1849E-01  3.1849E-01  0.0000E+00
  2.1790E+00  3.0322E-01  3.0322E-01  0.0000E+00
  2.2100E+00  2.8839E-01  2.8839E-01  0.0000E+00
  2.2414E+00  2.7399E-01  2.7399E-01  0.0000E+00
  2.2732E+00  2.6004E-01  2.6004E-01  0.0000E+00
  2.3055E+00  2.4653E-01  2.4653E-01  0.0000E+00
  2.3383E+00  2.3347E-01  2.3347E-01  0.0000E+00
  2.3715E+00  2.2086E-01  2.2086E-01  0.0000E+00
  2.4052E+00  2.0871E-01  2.0871E-01  0.0000E+00
  2.4393E+00  1.9700E-01  1.9700E-01  0.0000E+00
  2.4740E+00  1.8575E-01  1.8575E-01  0.0000E+00
  2.5091E+00  1.7495E-01  1.7495E-01  0.0000E+00
  2.5448E+00  1.6458E-01  1.6458E-01  0.0000E+00
  2.5809E+00  1.5466E-01  1.5466E-01  0.0000E+00
  2.6176E+00  1.4517E-01  1.4517E-01  0.0000E+00
  2.6547E+00  1.3610E-01  1.3610E-01  0.0000E+00
  2.6925E+00  1.2745E-01  1.2745E-01  0.0000E+00
  2.7307E+00  1.1921E-01  1.1921E-01  0.0000E+00
  2.7695E+00  1.1137E-01  1.1137E-01  0.0000E+00
  2.8088E+00  1.0392E-01  1.0392E-01  0.0000E+00
  2.8487E+00  9.6854E-02  9.6854E-02  0.0000E+00
  2.8892E+00  9.0157E-02  9.0157E-02  0.0000E+00
  2.9302E+00  8.3819E-02  8.3819E-02  0.0000E+00
  2.9718E+00  7.7829E-02  7.7829E-02  0.0000E+00
  3.0141E+00  7.2176E-02  7.2176E-02  0.0000E+00
  3.0569E+00  6.6848E-02  6.6848E-02  0.0000E+00
  3.1003E+00  6.1834E-02  6.1834E-02  0.0000E+00
  3.1443E+00  5.7121E-02  5.7121E-02  0.0000E+00
  3.1890E+00  5.2698E-02  5.2698E-02  0.0000E+00
  3.2343E+00  4.8552E-02  4.8552E-02  0.0000E+00
  3.2802E+00  4.4672E-02  4.4672E-02  0.0000E+00
  3.3268E+00  4.1046E-02  4.1046E-02  0.0000E+00
  3.3741E+00  3.7662E-02  3.7662E-02  0.0000E+00
  3.4220E+00  3.4508E-02  3.4508E-02  0.0000E+00
  3.4706E+00  3.1574E-02  3.1574E-02  0.0000E+00
  3.5199E+00  2.8848E-02  2.8848E-02  0.0000E+00
  3.5699E+00  2.6319E-02  2.6319E-02  0.0000E+00
  3.6206E+00  2.3976E-02  2.3976E-02  0.0000E+00
  3.6720E+00  2.1809E-02  2.1809E-02  0.0000E+00
  3.7242E+00  1.9808E-02  1.9808E-02  0.0000E+00
  3.7771E+00  1.7963E-02  1.7963E-02  0.0000E+00
  3.8307E+00  1.6264E-02  1.6264E-02  0.0000E+00
  3.8851E+00  1.4703E-02  1.4703E-02  0.0000E+00
  3.9403E+00  1.3271E-02  1.3271E-02  0.0000E+00
  3.9963E+00  1.1959E-02  1.1959E-02  0.0000E+00
  4.0530E+00  1.0759E-02  1.0759E-02  0.0000E+00
  4.1106E+00  9.6631E-03  9.6631E-03  0.0000E+00
  4.1690E+00  8.6644E-03  8.6644E-03  0.0000E+00
  4.2282E+00  7.7556E-03  7.7556E-03  0.0000E+00
  4.2883E+00  6.9302E-03  6.9302E-03  0.0000E+00
  4.3492E+00  6.1818E-03  6.1818E-03  0.0000E+00
  4.4109E+00  5.5043E-03  5.5043E-03  0.0000E+00
  4.4736E+00  4.8923E-03  4.8923E-03  0.0000E+00
