 # l=           1 basis function with energy    -8.4890098954121626E-002
  0.0000E+00  0.0000E+00 -0.0000E+00  0.0000E+00
  5.0071E-06 -8.9544E-09 -7.4539E-12 -7.5069E-11
  1.0085E-05 -2.9615E-08 -3.0241E-11 -3.0456E-10
  1.5236E-05 -5.9938E-08 -6.9014E-11 -6.9504E-10
  2.0459E-05 -9.9214E-08 -1.2445E-10 -1.2533E-09
  2.5757E-05 -1.4710E-07 -1.9724E-10 -1.9864E-09
  3.1130E-05 -2.0343E-07 -2.8811E-10 -2.9016E-09
  3.6579E-05 -2.6812E-07 -3.9781E-10 -4.0064E-09
  4.2106E-05 -3.4117E-07 -5.2710E-10 -5.3084E-09
  4.7711E-05 -4.2261E-07 -6.7677E-10 -6.8158E-09
  5.3395E-05 -5.1254E-07 -8.4766E-10 -8.5368E-09
  5.9161E-05 -6.1105E-07 -1.0406E-09 -1.0480E-08
  6.5008E-05 -7.1826E-07 -1.2565E-09 -1.2654E-08
  7.0939E-05 -8.3434E-07 -1.4962E-09 -1.5068E-08
  7.6953E-05 -9.5944E-07 -1.7606E-09 -1.7731E-08
  8.3053E-05 -1.0937E-06 -2.0508E-09 -2.0654E-08
  8.9240E-05 -1.2374E-06 -2.3677E-09 -2.3845E-08
  9.5514E-05 -1.3907E-06 -2.7124E-09 -2.7316E-08
  1.0188E-04 -1.5539E-06 -3.0858E-09 -3.1078E-08
  1.0833E-04 -1.7270E-06 -3.4892E-09 -3.5140E-08
  1.1488E-04 -1.9105E-06 -3.9236E-09 -3.9515E-08
  1.2152E-04 -2.1046E-06 -4.3902E-09 -4.4214E-08
  1.2825E-04 -2.3094E-06 -4.8901E-09 -4.9249E-08
  1.3508E-04 -2.5254E-06 -5.4247E-09 -5.4633E-08
  1.4200E-04 -2.7527E-06 -5.9953E-09 -6.0379E-08
  1.4903E-04 -2.9917E-06 -6.6030E-09 -6.6499E-08
  1.5615E-04 -3.2427E-06 -7.2494E-09 -7.3009E-08
  1.6338E-04 -3.5061E-06 -7.9357E-09 -7.9921E-08
  1.7070E-04 -3.7820E-06 -8.6635E-09 -8.7251E-08
  1.7813E-04 -4.0710E-06 -9.4342E-09 -9.5013E-08
  1.8567E-04 -4.3733E-06 -1.0249E-08 -1.0322E-07
  1.9332E-04 -4.6893E-06 -1.1111E-08 -1.1190E-07
  2.0107E-04 -5.0193E-06 -1.2020E-08 -1.2105E-07
  2.0893E-04 -5.3639E-06 -1.2978E-08 -1.3070E-07
  2.1691E-04 -5.7233E-06 -1.3988E-08 -1.4087E-07
  2.2499E-04 -6.0980E-06 -1.5050E-08 -1.5157E-07
  2.3320E-04 -6.4884E-06 -1.6168E-08 -1.6283E-07
  2.4151E-04 -6.8950E-06 -1.7342E-08 -1.7465E-07
  2.4995E-04 -7.3182E-06 -1.8575E-08 -1.8707E-07
  2.5851E-04 -7.7584E-06 -1.9868E-08 -2.0009E-07
  2.6719E-04 -8.2162E-06 -2.1225E-08 -2.1376E-07
  2.7599E-04 -8.6920E-06 -2.2646E-08 -2.2807E-07
  2.8492E-04 -9.1864E-06 -2.4135E-08 -2.4306E-07
  2.9397E-04 -9.6999E-06 -2.5693E-08 -2.5876E-07
  3.0315E-04 -1.0233E-05 -2.7323E-08 -2.7517E-07
  3.1246E-04 -1.0786E-05 -2.9028E-08 -2.9234E-07
  3.2191E-04 -1.1360E-05 -3.0809E-08 -3.1028E-07
  3.3149E-04 -1.1955E-05 -3.2670E-08 -3.2902E-07
  3.4120E-04 -1.2573E-05 -3.4613E-08 -3.4859E-07
  3.5106E-04 -1.3212E-05 -3.6641E-08 -3.6901E-07
  3.6105E-04 -1.3875E-05 -3.8756E-08 -3.9032E-07
  3.7118E-04 -1.4562E-05 -4.0963E-08 -4.1254E-07
  3.8146E-04 -1.5273E-05 -4.3263E-08 -4.3570E-07
  3.9189E-04 -1.6010E-05 -4.5660E-08 -4.5984E-07
  4.0246E-04 -1.6772E-05 -4.8157E-08 -4.8499E-07
  4.1318E-04 -1.7562E-05 -5.0757E-08 -5.1118E-07
  4.2406E-04 -1.8378E-05 -5.3464E-08 -5.3844E-07
  4.3509E-04 -1.9223E-05 -5.6281E-08 -5.6681E-07
  4.4627E-04 -2.0096E-05 -5.9213E-08 -5.9633E-07
  4.5762E-04 -2.1000E-05 -6.2261E-08 -6.2704E-07
  4.6913E-04 -2.1934E-05 -6.5432E-08 -6.5897E-07
  4.8080E-04 -2.2900E-05 -6.8728E-08 -6.9216E-07
  4.9263E-04 -2.3898E-05 -7.2153E-08 -7.2666E-07
  5.0463E-04 -2.4929E-05 -7.5712E-08 -7.6250E-07
  5.1681E-04 -2.5995E-05 -7.9409E-08 -7.9973E-07
  5.2916E-04 -2.7095E-05 -8.3249E-08 -8.3840E-07
  5.4168E-04 -2.8232E-05 -8.7235E-08 -8.7855E-07
  5.5438E-04 -2.9407E-05 -9.1374E-08 -9.2023E-07
  5.6726E-04 -3.0619E-05 -9.5669E-08 -9.6349E-07
  5.8032E-04 -3.1871E-05 -1.0013E-07 -1.0084E-06
  5.9357E-04 -3.3164E-05 -1.0475E-07 -1.0549E-06
  6.0701E-04 -3.4498E-05 -1.0955E-07 -1.1033E-06
  6.2064E-04 -3.5874E-05 -1.1452E-07 -1.1533E-06
  6.3446E-04 -3.7295E-05 -1.1968E-07 -1.2053E-06
  6.4848E-04 -3.8761E-05 -1.2503E-07 -1.2591E-06
  6.6269E-04 -4.0273E-05 -1.3057E-07 -1.3149E-06
  6.7711E-04 -4.1834E-05 -1.3631E-07 -1.3728E-06
  6.9174E-04 -4.3443E-05 -1.4226E-07 -1.4327E-06
  7.0657E-04 -4.5103E-05 -1.4843E-07 -1.4948E-06
  7.2161E-04 -4.6814E-05 -1.5482E-07 -1.5591E-06
  7.3686E-04 -4.8580E-05 -1.6143E-07 -1.6258E-06
  7.5234E-04 -5.0399E-05 -1.6828E-07 -1.6948E-06
  7.6803E-04 -5.2276E-05 -1.7537E-07 -1.7662E-06
  7.8394E-04 -5.4210E-05 -1.8272E-07 -1.8402E-06
  8.0008E-04 -5.6204E-05 -1.9032E-07 -1.9167E-06
  8.1645E-04 -5.8259E-05 -1.9819E-07 -1.9959E-06
  8.3306E-04 -6.0377E-05 -2.0633E-07 -2.0779E-06
  8.4989E-04 -6.2560E-05 -2.1475E-07 -2.1628E-06
  8.6697E-04 -6.4809E-05 -2.2347E-07 -2.2506E-06
  8.8429E-04 -6.7127E-05 -2.3249E-07 -2.3414E-06
  9.0186E-04 -6.9514E-05 -2.4182E-07 -2.4353E-06
  9.1967E-04 -7.1974E-05 -2.5147E-07 -2.5325E-06
  9.3774E-04 -7.4509E-05 -2.6144E-07 -2.6330E-06
  9.5607E-04 -7.7119E-05 -2.7176E-07 -2.7369E-06
  9.7465E-04 -7.9808E-05 -2.8243E-07 -2.8444E-06
  9.9350E-04 -8.2577E-05 -2.9346E-07 -2.9554E-06
  1.0126E-03 -8.5430E-05 -3.0486E-07 -3.0703E-06
  1.0320E-03 -8.8367E-05 -3.1665E-07 -3.1890E-06
  1.0517E-03 -9.1391E-05 -3.2883E-07 -3.3117E-06
  1.0716E-03 -9.4506E-05 -3.4142E-07 -3.4384E-06
  1.0918E-03 -9.7713E-05 -3.5443E-07 -3.5695E-06
  1.1124E-03 -1.0101E-04 -3.6787E-07 -3.7049E-06
  1.1332E-03 -1.0441E-04 -3.8176E-07 -3.8447E-06
  1.1543E-03 -1.0791E-04 -3.9611E-07 -3.9893E-06
  1.1757E-03 -1.1152E-04 -4.1094E-07 -4.1386E-06
  1.1974E-03 -1.1522E-04 -4.2625E-07 -4.2928E-06
  1.2194E-03 -1.1904E-04 -4.4207E-07 -4.4521E-06
  1.2417E-03 -1.2297E-04 -4.5840E-07 -4.6166E-06
  1.2643E-03 -1.2701E-04 -4.7527E-07 -4.7865E-06
  1.2873E-03 -1.3117E-04 -4.9269E-07 -4.9619E-06
  1.3106E-03 -1.3545E-04 -5.1068E-07 -5.1431E-06
  1.3342E-03 -1.3986E-04 -5.2925E-07 -5.3301E-06
  1.3582E-03 -1.4439E-04 -5.4843E-07 -5.5233E-06
  1.3825E-03 -1.4906E-04 -5.6823E-07 -5.7226E-06
  1.4071E-03 -1.5386E-04 -5.8866E-07 -5.9285E-06
  1.4321E-03 -1.5880E-04 -6.0976E-07 -6.1409E-06
  1.4574E-03 -1.6388E-04 -6.3153E-07 -6.3602E-06
  1.4832E-03 -1.6911E-04 -6.5401E-07 -6.5865E-06
  1.5092E-03 -1.7448E-04 -6.7720E-07 -6.8201E-06
  1.5357E-03 -1.8002E-04 -7.0114E-07 -7.0612E-06
  1.5625E-03 -1.8571E-04 -7.2584E-07 -7.3100E-06
  1.5897E-03 -1.9156E-04 -7.5133E-07 -7.5667E-06
  1.6173E-03 -1.9758E-04 -7.7763E-07 -7.8315E-06
  1.6452E-03 -2.0377E-04 -8.0477E-07 -8.1048E-06
  1.6736E-03 -2.1014E-04 -8.3276E-07 -8.3868E-06
  1.7024E-03 -2.1669E-04 -8.6165E-07 -8.6777E-06
  1.7316E-03 -2.2343E-04 -8.9144E-07 -8.9777E-06
  1.7612E-03 -2.3035E-04 -9.2218E-07 -9.2873E-06
  1.7912E-03 -2.3748E-04 -9.5389E-07 -9.6066E-06
  1.8216E-03 -2.4480E-04 -9.8659E-07 -9.9360E-06
  1.8525E-03 -2.5233E-04 -1.0203E-06 -1.0276E-05
  1.8838E-03 -2.6008E-04 -1.0551E-06 -1.0626E-05
  1.9156E-03 -2.6804E-04 -1.0910E-06 -1.0987E-05
  1.9478E-03 -2.7622E-04 -1.1280E-06 -1.1360E-05
  1.9805E-03 -2.8464E-04 -1.1661E-06 -1.1744E-05
  2.0136E-03 -2.9329E-04 -1.2055E-06 -1.2141E-05
  2.0472E-03 -3.0219E-04 -1.2461E-06 -1.2549E-05
  2.0813E-03 -3.1134E-04 -1.2879E-06 -1.2970E-05
  2.1159E-03 -3.2074E-04 -1.3310E-06 -1.3405E-05
  2.1509E-03 -3.3040E-04 -1.3755E-06 -1.3853E-05
  2.1865E-03 -3.4033E-04 -1.4214E-06 -1.4314E-05
  2.2225E-03 -3.5054E-04 -1.4686E-06 -1.4790E-05
  2.2591E-03 -3.6104E-04 -1.5174E-06 -1.5281E-05
  2.2962E-03 -3.7183E-04 -1.5676E-06 -1.5787E-05
  2.3338E-03 -3.8291E-04 -1.6194E-06 -1.6309E-05
  2.3720E-03 -3.9431E-04 -1.6727E-06 -1.6846E-05
  2.4107E-03 -4.0601E-04 -1.7278E-06 -1.7400E-05
  2.4499E-03 -4.1805E-04 -1.7845E-06 -1.7971E-05
  2.4897E-03 -4.3041E-04 -1.8429E-06 -1.8560E-05
  2.5301E-03 -4.4312E-04 -1.9032E-06 -1.9167E-05
  2.5710E-03 -4.5618E-04 -1.9653E-06 -1.9792E-05
  2.6125E-03 -4.6960E-04 -2.0293E-06 -2.0437E-05
  2.6547E-03 -4.8339E-04 -2.0952E-06 -2.1101E-05
  2.6974E-03 -4.9755E-04 -2.1632E-06 -2.1785E-05
  2.7407E-03 -5.1211E-04 -2.2332E-06 -2.2490E-05
  2.7846E-03 -5.2706E-04 -2.3054E-06 -2.3217E-05
  2.8292E-03 -5.4242E-04 -2.3797E-06 -2.3966E-05
  2.8744E-03 -5.5821E-04 -2.4563E-06 -2.4738E-05
  2.9202E-03 -5.7442E-04 -2.5353E-06 -2.5533E-05
  2.9667E-03 -5.9108E-04 -2.6167E-06 -2.6352E-05
  3.0138E-03 -6.0819E-04 -2.7005E-06 -2.7196E-05
  3.0616E-03 -6.2577E-04 -2.7868E-06 -2.8066E-05
  3.1101E-03 -6.4383E-04 -2.8758E-06 -2.8962E-05
  3.1593E-03 -6.6237E-04 -2.9675E-06 -2.9885E-05
  3.2092E-03 -6.8142E-04 -3.0619E-06 -3.0836E-05
  3.2597E-03 -7.0099E-04 -3.1592E-06 -3.1816E-05
  3.3110E-03 -7.2108E-04 -3.2594E-06 -3.2825E-05
  3.3631E-03 -7.4172E-04 -3.3626E-06 -3.3865E-05
  3.4159E-03 -7.6292E-04 -3.4690E-06 -3.4936E-05
  3.4694E-03 -7.8469E-04 -3.5786E-06 -3.6039E-05
  3.5236E-03 -8.0704E-04 -3.6914E-06 -3.7176E-05
  3.5787E-03 -8.2999E-04 -3.8077E-06 -3.8347E-05
  3.6345E-03 -8.5357E-04 -3.9274E-06 -3.9552E-05
  3.6912E-03 -8.7777E-04 -4.0507E-06 -4.0794E-05
  3.7486E-03 -9.0262E-04 -4.1777E-06 -4.2074E-05
  3.8068E-03 -9.2814E-04 -4.3086E-06 -4.3391E-05
  3.8659E-03 -9.5434E-04 -4.4433E-06 -4.4748E-05
  3.9258E-03 -9.8124E-04 -4.5821E-06 -4.6146E-05
  3.9866E-03 -1.0089E-03 -4.7251E-06 -4.7585E-05
  4.0482E-03 -1.0372E-03 -4.8723E-06 -4.9068E-05
  4.1107E-03 -1.0663E-03 -5.0239E-06 -5.0595E-05
  4.1741E-03 -1.0962E-03 -5.1800E-06 -5.2167E-05
  4.2384E-03 -1.1269E-03 -5.3408E-06 -5.3786E-05
  4.3036E-03 -1.1584E-03 -5.5064E-06 -5.5454E-05
  4.3697E-03 -1.1907E-03 -5.6769E-06 -5.7171E-05
  4.4368E-03 -1.2238E-03 -5.8525E-06 -5.8939E-05
  4.5048E-03 -1.2579E-03 -6.0333E-06 -6.0760E-05
  4.5738E-03 -1.2928E-03 -6.2195E-06 -6.2636E-05
  4.6438E-03 -1.3287E-03 -6.4112E-06 -6.4566E-05
  4.7147E-03 -1.3655E-03 -6.6087E-06 -6.6555E-05
  4.7867E-03 -1.4033E-03 -6.8120E-06 -6.8602E-05
  4.8597E-03 -1.4420E-03 -7.0213E-06 -7.0710E-05
  4.9337E-03 -1.4818E-03 -7.2368E-06 -7.2880E-05
  5.0088E-03 -1.5226E-03 -7.4587E-06 -7.5115E-05
  5.0849E-03 -1.5645E-03 -7.6872E-06 -7.7416E-05
  5.1621E-03 -1.6074E-03 -7.9225E-06 -7.9785E-05
  5.2405E-03 -1.6515E-03 -8.1647E-06 -8.2225E-05
  5.3199E-03 -1.6967E-03 -8.4141E-06 -8.4736E-05
  5.4004E-03 -1.7431E-03 -8.6708E-06 -8.7322E-05
  5.4822E-03 -1.7907E-03 -8.9352E-06 -8.9984E-05
  5.5650E-03 -1.8396E-03 -9.2074E-06 -9.2725E-05
  5.6491E-03 -1.8896E-03 -9.4875E-06 -9.5546E-05
  5.7343E-03 -1.9410E-03 -9.7760E-06 -9.8451E-05
  5.8207E-03 -1.9937E-03 -1.0073E-05 -1.0144E-04
  5.9084E-03 -2.0477E-03 -1.0379E-05 -1.0452E-04
  5.9973E-03 -2.1032E-03 -1.0693E-05 -1.0769E-04
  6.0875E-03 -2.1600E-03 -1.1017E-05 -1.1095E-04
  6.1790E-03 -2.2183E-03 -1.1351E-05 -1.1431E-04
  6.2718E-03 -2.2781E-03 -1.1694E-05 -1.1777E-04
  6.3658E-03 -2.3394E-03 -1.2048E-05 -1.2133E-04
  6.4612E-03 -2.4022E-03 -1.2412E-05 -1.2499E-04
  6.5580E-03 -2.4667E-03 -1.2786E-05 -1.2877E-04
  6.6562E-03 -2.5328E-03 -1.3172E-05 -1.3265E-04
  6.7557E-03 -2.6005E-03 -1.3569E-05 -1.3664E-04
  6.8567E-03 -2.6699E-03 -1.3977E-05 -1.4076E-04
  6.9590E-03 -2.7411E-03 -1.4398E-05 -1.4499E-04
  7.0629E-03 -2.8141E-03 -1.4831E-05 -1.4935E-04
  7.1682E-03 -2.8889E-03 -1.5276E-05 -1.5384E-04
  7.2750E-03 -2.9656E-03 -1.5735E-05 -1.5846E-04
  7.3833E-03 -3.0442E-03 -1.6207E-05 -1.6321E-04
  7.4932E-03 -3.1247E-03 -1.6693E-05 -1.6810E-04
  7.6046E-03 -3.2072E-03 -1.7193E-05 -1.7314E-04
  7.7176E-03 -3.2918E-03 -1.7708E-05 -1.7832E-04
  7.8323E-03 -3.3785E-03 -1.8238E-05 -1.8366E-04
  7.9485E-03 -3.4673E-03 -1.8783E-05 -1.8915E-04
  8.0664E-03 -3.5583E-03 -1.9344E-05 -1.9480E-04
  8.1860E-03 -3.6515E-03 -1.9922E-05 -2.0062E-04
  8.3072E-03 -3.7470E-03 -2.0516E-05 -2.0661E-04
  8.4302E-03 -3.8448E-03 -2.1128E-05 -2.1277E-04
  8.5550E-03 -3.9450E-03 -2.1758E-05 -2.1911E-04
  8.6815E-03 -4.0477E-03 -2.2407E-05 -2.2564E-04
  8.8098E-03 -4.1528E-03 -2.3074E-05 -2.3236E-04
  8.9399E-03 -4.2605E-03 -2.3760E-05 -2.3927E-04
  9.0719E-03 -4.3707E-03 -2.4467E-05 -2.4639E-04
  9.2057E-03 -4.4836E-03 -2.5194E-05 -2.5371E-04
  9.3415E-03 -4.5993E-03 -2.5943E-05 -2.6125E-04
  9.4791E-03 -4.7176E-03 -2.6713E-05 -2.6900E-04
  9.6188E-03 -4.8388E-03 -2.7506E-05 -2.7698E-04
  9.7604E-03 -4.9629E-03 -2.8322E-05 -2.8520E-04
  9.9040E-03 -5.0899E-03 -2.9161E-05 -2.9365E-04
  1.0050E-02 -5.2200E-03 -3.0025E-05 -3.0235E-04
  1.0197E-02 -5.3530E-03 -3.0914E-05 -3.1131E-04
  1.0347E-02 -5.4893E-03 -3.1829E-05 -3.2052E-04
  1.0499E-02 -5.6287E-03 -3.2771E-05 -3.3000E-04
  1.0653E-02 -5.7713E-03 -3.3740E-05 -3.3976E-04
  1.0810E-02 -5.9173E-03 -3.4737E-05 -3.4980E-04
  1.0968E-02 -6.0666E-03 -3.5764E-05 -3.6013E-04
  1.1129E-02 -6.2194E-03 -3.6820E-05 -3.7077E-04
  1.1292E-02 -6.3757E-03 -3.7907E-05 -3.8171E-04
  1.1457E-02 -6.5356E-03 -3.9025E-05 -3.9297E-04
  1.1625E-02 -6.6991E-03 -4.0176E-05 -4.0456E-04
  1.1795E-02 -6.8664E-03 -4.1360E-05 -4.1648E-04
  1.1968E-02 -7.0375E-03 -4.2579E-05 -4.2875E-04
  1.2143E-02 -7.2124E-03 -4.3833E-05 -4.4138E-04
  1.2320E-02 -7.3912E-03 -4.5123E-05 -4.5437E-04
  1.2500E-02 -7.5741E-03 -4.6451E-05 -4.6774E-04
  1.2683E-02 -7.7611E-03 -4.7818E-05 -4.8149E-04
  1.2868E-02 -7.9522E-03 -4.9224E-05 -4.9565E-04
  1.3056E-02 -8.1475E-03 -5.0670E-05 -5.1021E-04
  1.3246E-02 -8.3472E-03 -5.2159E-05 -5.2520E-04
  1.3439E-02 -8.5512E-03 -5.3691E-05 -5.4062E-04
  1.3635E-02 -8.7597E-03 -5.5267E-05 -5.5649E-04
  1.3834E-02 -8.9727E-03 -5.6889E-05 -5.7282E-04
  1.4035E-02 -9.1903E-03 -5.8558E-05 -5.8962E-04
  1.4239E-02 -9.4126E-03 -6.0275E-05 -6.0691E-04
  1.4447E-02 -9.6397E-03 -6.2042E-05 -6.2470E-04
  1.4657E-02 -9.8716E-03 -6.3861E-05 -6.4300E-04
  1.4870E-02 -1.0108E-02 -6.5731E-05 -6.6183E-04
  1.5086E-02 -1.0350E-02 -6.7656E-05 -6.8121E-04
  1.5306E-02 -1.0597E-02 -6.9637E-05 -7.0115E-04
  1.5528E-02 -1.0849E-02 -7.1675E-05 -7.2166E-04
  1.5753E-02 -1.1107E-02 -7.3772E-05 -7.4277E-04
  1.5982E-02 -1.1369E-02 -7.5929E-05 -7.6449E-04
  1.6214E-02 -1.1637E-02 -7.8149E-05 -7.8683E-04
  1.6449E-02 -1.1911E-02 -8.0433E-05 -8.0982E-04
  1.6688E-02 -1.2190E-02 -8.2783E-05 -8.3348E-04
  1.6930E-02 -1.2475E-02 -8.5201E-05 -8.5782E-04
  1.7176E-02 -1.2765E-02 -8.7689E-05 -8.8286E-04
  1.7425E-02 -1.3061E-02 -9.0249E-05 -9.0862E-04
  1.7677E-02 -1.3363E-02 -9.2883E-05 -9.3513E-04
  1.7933E-02 -1.3671E-02 -9.5593E-05 -9.6240E-04
  1.8193E-02 -1.3985E-02 -9.8381E-05 -9.9046E-04
  1.8456E-02 -1.4305E-02 -1.0125E-04 -1.0193E-03
  1.8723E-02 -1.4631E-02 -1.0420E-04 -1.0490E-03
  1.8994E-02 -1.4964E-02 -1.0724E-04 -1.0796E-03
  1.9269E-02 -1.5302E-02 -1.1036E-04 -1.1110E-03
  1.9548E-02 -1.5647E-02 -1.1358E-04 -1.1434E-03
  1.9830E-02 -1.5999E-02 -1.1688E-04 -1.1767E-03
  2.0117E-02 -1.6357E-02 -1.2029E-04 -1.2109E-03
  2.0408E-02 -1.6721E-02 -1.2379E-04 -1.2461E-03
  2.0702E-02 -1.7093E-02 -1.2739E-04 -1.2824E-03
  2.1001E-02 -1.7470E-02 -1.3109E-04 -1.3197E-03
  2.1305E-02 -1.7855E-02 -1.3491E-04 -1.3580E-03
  2.1612E-02 -1.8246E-02 -1.3883E-04 -1.3975E-03
  2.1924E-02 -1.8645E-02 -1.4286E-04 -1.4381E-03
  2.2241E-02 -1.9050E-02 -1.4701E-04 -1.4798E-03
  2.2562E-02 -1.9462E-02 -1.5129E-04 -1.5228E-03
  2.2887E-02 -1.9881E-02 -1.5568E-04 -1.5670E-03
  2.3217E-02 -2.0307E-02 -1.6020E-04 -1.6125E-03
  2.3552E-02 -2.0740E-02 -1.6485E-04 -1.6593E-03
  2.3891E-02 -2.1180E-02 -1.6964E-04 -1.7074E-03
  2.4236E-02 -2.1627E-02 -1.7456E-04 -1.7569E-03
  2.4585E-02 -2.2081E-02 -1.7962E-04 -1.8079E-03
  2.4939E-02 -2.2543E-02 -1.8484E-04 -1.8603E-03
  2.5298E-02 -2.3011E-02 -1.9020E-04 -1.9142E-03
  2.5662E-02 -2.3487E-02 -1.9571E-04 -1.9697E-03
  2.6032E-02 -2.3970E-02 -2.0138E-04 -2.0267E-03
  2.6407E-02 -2.4461E-02 -2.0722E-04 -2.0854E-03
  2.6787E-02 -2.4958E-02 -2.1323E-04 -2.1458E-03
  2.7172E-02 -2.5462E-02 -2.1940E-04 -2.2079E-03
  2.7563E-02 -2.5974E-02 -2.2576E-04 -2.2718E-03
  2.7959E-02 -2.6493E-02 -2.3230E-04 -2.3376E-03
  2.8362E-02 -2.7019E-02 -2.3902E-04 -2.4052E-03
  2.8769E-02 -2.7552E-02 -2.4594E-04 -2.4748E-03
  2.9183E-02 -2.8092E-02 -2.5306E-04 -2.5463E-03
  2.9602E-02 -2.8638E-02 -2.6038E-04 -2.6200E-03
  3.0028E-02 -2.9192E-02 -2.6791E-04 -2.6957E-03
  3.0459E-02 -2.9753E-02 -2.7566E-04 -2.7736E-03
  3.0897E-02 -3.0320E-02 -2.8364E-04 -2.8537E-03
  3.1341E-02 -3.0894E-02 -2.9184E-04 -2.9362E-03
  3.1791E-02 -3.1474E-02 -3.0028E-04 -3.0210E-03
  3.2247E-02 -3.2061E-02 -3.0896E-04 -3.1082E-03
  3.2710E-02 -3.2654E-02 -3.1788E-04 -3.1979E-03
  3.3180E-02 -3.3253E-02 -3.2707E-04 -3.2902E-03
  3.3656E-02 -3.3859E-02 -3.3652E-04 -3.3852E-03
  3.4139E-02 -3.4470E-02 -3.4624E-04 -3.4828E-03
  3.4629E-02 -3.5087E-02 -3.5624E-04 -3.5833E-03
  3.5126E-02 -3.5709E-02 -3.6653E-04 -3.6866E-03
  3.5630E-02 -3.6337E-02 -3.7711E-04 -3.7929E-03
  3.6141E-02 -3.6971E-02 -3.8799E-04 -3.9023E-03
  3.6659E-02 -3.7609E-02 -3.9919E-04 -4.0147E-03
  3.7185E-02 -3.8251E-02 -4.1071E-04 -4.1304E-03
  3.7718E-02 -3.8899E-02 -4.2256E-04 -4.2494E-03
  3.8258E-02 -3.9550E-02 -4.3475E-04 -4.3718E-03
  3.8807E-02 -4.0206E-02 -4.4729E-04 -4.4977E-03
  3.9363E-02 -4.0865E-02 -4.6019E-04 -4.6272E-03
  3.9927E-02 -4.1528E-02 -4.7346E-04 -4.7604E-03
  4.0499E-02 -4.2194E-02 -4.8711E-04 -4.8974E-03
  4.1079E-02 -4.2862E-02 -5.0115E-04 -5.0383E-03
  4.1668E-02 -4.3533E-02 -5.1559E-04 -5.1833E-03
  4.2264E-02 -4.4207E-02 -5.3045E-04 -5.3324E-03
  4.2870E-02 -4.4881E-02 -5.4573E-04 -5.4857E-03
  4.3484E-02 -4.5557E-02 -5.6145E-04 -5.6434E-03
  4.4106E-02 -4.6235E-02 -5.7762E-04 -5.8056E-03
  4.4738E-02 -4.6912E-02 -5.9426E-04 -5.9725E-03
  4.5378E-02 -4.7590E-02 -6.1137E-04 -6.1441E-03
  4.6027E-02 -4.8267E-02 -6.2897E-04 -6.3206E-03
  4.6686E-02 -4.8943E-02 -6.4707E-04 -6.5021E-03
  4.7354E-02 -4.9617E-02 -6.6569E-04 -6.6888E-03
  4.8032E-02 -5.0290E-02 -6.8485E-04 -6.8808E-03
  4.8719E-02 -5.0960E-02 -7.0455E-04 -7.0783E-03
  4.9416E-02 -5.1628E-02 -7.2482E-04 -7.2814E-03
  5.0123E-02 -5.2291E-02 -7.4567E-04 -7.4903E-03
  5.0839E-02 -5.2950E-02 -7.6712E-04 -7.7052E-03
  5.1567E-02 -5.3605E-02 -7.8917E-04 -7.9261E-03
  5.2304E-02 -5.4254E-02 -8.1186E-04 -8.1534E-03
  5.3052E-02 -5.4897E-02 -8.3520E-04 -8.3871E-03
  5.3810E-02 -5.5532E-02 -8.5921E-04 -8.6274E-03
  5.4579E-02 -5.6161E-02 -8.8390E-04 -8.8746E-03
  5.5360E-02 -5.6781E-02 -9.0930E-04 -9.1288E-03
  5.6151E-02 -5.7392E-02 -9.3542E-04 -9.3902E-03
  5.6953E-02 -5.7993E-02 -9.6229E-04 -9.6590E-03
  5.7767E-02 -5.8584E-02 -9.8992E-04 -9.9355E-03
  5.8593E-02 -5.9163E-02 -1.0184E-03 -1.0220E-02
  5.9430E-02 -5.9730E-02 -1.0476E-03 -1.0512E-02
  6.0279E-02 -6.0283E-02 -1.0777E-03 -1.0813E-02
  6.1140E-02 -6.0823E-02 -1.1086E-03 -1.1122E-02
  6.2013E-02 -6.1348E-02 -1.1404E-03 -1.1440E-02
  6.2899E-02 -6.1857E-02 -1.1731E-03 -1.1767E-02
  6.3797E-02 -6.2350E-02 -1.2068E-03 -1.2103E-02
  6.4708E-02 -6.2824E-02 -1.2414E-03 -1.2449E-02
  6.5632E-02 -6.3281E-02 -1.2770E-03 -1.2804E-02
  6.6570E-02 -6.3717E-02 -1.3136E-03 -1.3169E-02
  6.7520E-02 -6.4133E-02 -1.3513E-03 -1.3545E-02
  6.8484E-02 -6.4527E-02 -1.3900E-03 -1.3932E-02
  6.9462E-02 -6.4899E-02 -1.4299E-03 -1.4329E-02
  7.0453E-02 -6.5246E-02 -1.4708E-03 -1.4738E-02
  7.1459E-02 -6.5569E-02 -1.5130E-03 -1.5158E-02
  7.2479E-02 -6.5866E-02 -1.5563E-03 -1.5589E-02
  7.3513E-02 -6.6136E-02 -1.6009E-03 -1.6033E-02
  7.4562E-02 -6.6378E-02 -1.6467E-03 -1.6490E-02
  7.5626E-02 -6.6590E-02 -1.6939E-03 -1.6959E-02
  7.6705E-02 -6.6773E-02 -1.7424E-03 -1.7442E-02
  7.7799E-02 -6.6923E-02 -1.7923E-03 -1.7938E-02
  7.8909E-02 -6.7041E-02 -1.8435E-03 -1.8448E-02
  8.0035E-02 -6.7125E-02 -1.8963E-03 -1.8972E-02
  8.1177E-02 -6.7175E-02 -1.9505E-03 -1.9511E-02
  8.2335E-02 -6.7188E-02 -2.0063E-03 -2.0065E-02
  8.3509E-02 -6.7163E-02 -2.0637E-03 -2.0635E-02
  8.4700E-02 -6.7101E-02 -2.1227E-03 -2.1221E-02
  8.5908E-02 -6.6998E-02 -2.1834E-03 -2.1823E-02
  8.7133E-02 -6.6855E-02 -2.2458E-03 -2.2441E-02
  8.8375E-02 -6.6670E-02 -2.3099E-03 -2.3077E-02
  8.9636E-02 -6.6442E-02 -2.3759E-03 -2.3731E-02
  9.0914E-02 -6.6170E-02 -2.4438E-03 -2.4403E-02
  9.2210E-02 -6.5853E-02 -2.5136E-03 -2.5094E-02
  9.3524E-02 -6.5489E-02 -2.5853E-03 -2.5804E-02
  9.4858E-02 -6.5078E-02 -2.6591E-03 -2.6533E-02
  9.6210E-02 -6.4618E-02 -2.7350E-03 -2.7283E-02
  9.7581E-02 -6.4109E-02 -2.8130E-03 -2.8054E-02
  9.8972E-02 -6.3549E-02 -2.8932E-03 -2.8846E-02
  1.0038E-01 -6.2937E-02 -2.9757E-03 -2.9660E-02
  1.0181E-01 -6.2273E-02 -3.0606E-03 -3.0496E-02
  1.0326E-01 -6.1556E-02 -3.1478E-03 -3.1356E-02
  1.0474E-01 -6.0785E-02 -3.2375E-03 -3.2239E-02
  1.0623E-01 -5.9958E-02 -3.3297E-03 -3.3147E-02
  1.0774E-01 -5.9075E-02 -3.4245E-03 -3.4079E-02
  1.0928E-01 -5.8136E-02 -3.5220E-03 -3.5037E-02
  1.1083E-01 -5.7139E-02 -3.6223E-03 -3.6022E-02
  1.1241E-01 -5.6085E-02 -3.7254E-03 -3.7033E-02
  1.1401E-01 -5.4971E-02 -3.8313E-03 -3.8073E-02
  1.1564E-01 -5.3799E-02 -3.9403E-03 -3.9140E-02
  1.1729E-01 -5.2567E-02 -4.0523E-03 -4.0237E-02
  1.1896E-01 -5.1274E-02 -4.1675E-03 -4.1364E-02
  1.2065E-01 -4.9922E-02 -4.2859E-03 -4.2521E-02
  1.2237E-01 -4.8508E-02 -4.4076E-03 -4.3710E-02
  1.2411E-01 -4.7034E-02 -4.5327E-03 -4.4931E-02
  1.2588E-01 -4.5499E-02 -4.6614E-03 -4.6185E-02
  1.2767E-01 -4.3903E-02 -4.7936E-03 -4.7473E-02
  1.2949E-01 -4.2246E-02 -4.9296E-03 -4.8796E-02
  1.3134E-01 -4.0528E-02 -5.0694E-03 -5.0154E-02
  1.3321E-01 -3.8749E-02 -5.2130E-03 -5.1550E-02
  1.3510E-01 -3.6910E-02 -5.3607E-03 -5.2982E-02
  1.3703E-01 -3.5011E-02 -5.5126E-03 -5.4453E-02
  1.3898E-01 -3.3053E-02 -5.6686E-03 -5.5963E-02
  1.4096E-01 -3.1036E-02 -5.8290E-03 -5.7514E-02
  1.4296E-01 -2.8961E-02 -5.9939E-03 -5.9106E-02
  1.4500E-01 -2.6828E-02 -6.1633E-03 -6.0740E-02
  1.4706E-01 -2.4640E-02 -6.3375E-03 -6.2417E-02
  1.4916E-01 -2.2397E-02 -6.5165E-03 -6.4139E-02
  1.5128E-01 -2.0099E-02 -6.7005E-03 -6.5906E-02
  1.5343E-01 -1.7749E-02 -6.8896E-03 -6.7720E-02
  1.5562E-01 -1.5347E-02 -7.0839E-03 -6.9581E-02
  1.5783E-01 -1.2896E-02 -7.2836E-03 -7.1491E-02
  1.6008E-01 -1.0397E-02 -7.4888E-03 -7.3451E-02
  1.6236E-01 -7.8519E-03 -7.6997E-03 -7.5462E-02
  1.6467E-01 -5.2624E-03 -7.9164E-03 -7.7525E-02
  1.6701E-01 -2.6306E-03 -8.1391E-03 -7.9642E-02
  1.6939E-01  4.1189E-05 -8.3679E-03 -8.1813E-02
  1.7180E-01  2.7507E-03 -8.6030E-03 -8.4039E-02
  1.7425E-01  5.4954E-03 -8.8446E-03 -8.6323E-02
  1.7673E-01  8.2728E-03 -9.0928E-03 -8.8665E-02
  1.7924E-01  1.1080E-02 -9.3478E-03 -9.1067E-02
  1.8179E-01  1.3915E-02 -9.6098E-03 -9.3529E-02
  1.8438E-01  1.6773E-02 -9.8789E-03 -9.6054E-02
  1.8700E-01  1.9653E-02 -1.0155E-02 -9.8642E-02
  1.8966E-01  2.2550E-02 -1.0439E-02 -1.0129E-01
  1.9236E-01  2.5462E-02 -1.0731E-02 -1.0401E-01
  1.9510E-01  2.8385E-02 -1.1031E-02 -1.0680E-01
  1.9787E-01  3.1316E-02 -1.1338E-02 -1.0965E-01
  2.0069E-01  3.4250E-02 -1.1655E-02 -1.1258E-01
  2.0354E-01  3.7183E-02 -1.1979E-02 -1.1558E-01
  2.0644E-01  4.0113E-02 -1.2313E-02 -1.1864E-01
  2.0938E-01  4.3035E-02 -1.2655E-02 -1.2179E-01
  2.1236E-01  4.5944E-02 -1.3007E-02 -1.2501E-01
  2.1538E-01  4.8837E-02 -1.3368E-02 -1.2830E-01
  2.1844E-01  5.1709E-02 -1.3738E-02 -1.3168E-01
  2.2155E-01  5.4556E-02 -1.4119E-02 -1.3513E-01
  2.2470E-01  5.7373E-02 -1.4510E-02 -1.3867E-01
  2.2790E-01  6.0156E-02 -1.4911E-02 -1.4228E-01
  2.3114E-01  6.2900E-02 -1.5322E-02 -1.4598E-01
  2.3442E-01  6.5600E-02 -1.5745E-02 -1.4977E-01
  2.3776E-01  6.8252E-02 -1.6179E-02 -1.5364E-01
  2.4114E-01  7.0850E-02 -1.6624E-02 -1.5760E-01
  2.4457E-01  7.3390E-02 -1.7081E-02 -1.6165E-01
  2.4805E-01  7.5867E-02 -1.7550E-02 -1.6579E-01
  2.5158E-01  7.8277E-02 -1.8031E-02 -1.7002E-01
  2.5515E-01  8.0613E-02 -1.8525E-02 -1.7434E-01
  2.5878E-01  8.2871E-02 -1.9032E-02 -1.7875E-01
  2.6246E-01  8.5047E-02 -1.9551E-02 -1.8326E-01
  2.6620E-01  8.7135E-02 -2.0084E-02 -1.8787E-01
  2.6998E-01  8.9130E-02 -2.0631E-02 -1.9257E-01
  2.7382E-01  9.1028E-02 -2.1192E-02 -1.9736E-01
  2.7772E-01  9.2824E-02 -2.1767E-02 -2.0226E-01
  2.8166E-01  9.4512E-02 -2.2357E-02 -2.0725E-01
  2.8567E-01  9.6089E-02 -2.2962E-02 -2.1235E-01
  2.8973E-01  9.7550E-02 -2.3582E-02 -2.1754E-01
  2.9385E-01  9.8889E-02 -2.4218E-02 -2.2283E-01
  2.9803E-01  1.0010E-01 -2.4869E-02 -2.2822E-01
  3.0227E-01  1.0119E-01 -2.5537E-02 -2.3372E-01
  3.0657E-01  1.0214E-01 -2.6222E-02 -2.3931E-01
  3.1092E-01  1.0295E-01 -2.6923E-02 -2.4500E-01
  3.1535E-01  1.0363E-01 -2.7642E-02 -2.5080E-01
  3.1983E-01  1.0415E-01 -2.8378E-02 -2.5669E-01
  3.2438E-01  1.0453E-01 -2.9132E-02 -2.6269E-01
  3.2899E-01  1.0476E-01 -2.9905E-02 -2.6878E-01
  3.3367E-01  1.0483E-01 -3.0696E-02 -2.7497E-01
  3.3841E-01  1.0474E-01 -3.1506E-02 -2.8126E-01
  3.4322E-01  1.0449E-01 -3.2336E-02 -2.8764E-01
  3.4810E-01  1.0408E-01 -3.3185E-02 -2.9411E-01
  3.5305E-01  1.0350E-01 -3.4054E-02 -3.0068E-01
  3.5807E-01  1.0276E-01 -3.4943E-02 -3.0734E-01
  3.6316E-01  1.0184E-01 -3.5853E-02 -3.1409E-01
  3.6832E-01  1.0075E-01 -3.6784E-02 -3.2092E-01
  3.7356E-01  9.9496E-02 -3.7736E-02 -3.2783E-01
  3.7887E-01  9.8065E-02 -3.8709E-02 -3.3482E-01
  3.8425E-01  9.6459E-02 -3.9705E-02 -3.4188E-01
  3.8972E-01  9.4679E-02 -4.0723E-02 -3.4902E-01
  3.9525E-01  9.2725E-02 -4.1763E-02 -3.5623E-01
  4.0087E-01  9.0597E-02 -4.2826E-02 -3.6349E-01
  4.0657E-01  8.8294E-02 -4.3912E-02 -3.7082E-01
  4.1235E-01  8.5819E-02 -4.5021E-02 -3.7820E-01
  4.1821E-01  8.3172E-02 -4.6153E-02 -3.8562E-01
  4.2416E-01  8.0355E-02 -4.7310E-02 -3.9308E-01
  4.3019E-01  7.7369E-02 -4.8490E-02 -4.0058E-01
  4.3630E-01  7.4217E-02 -4.9695E-02 -4.0810E-01
  4.4250E-01  7.0901E-02 -5.0923E-02 -4.1564E-01
  4.4879E-01  6.7424E-02 -5.2177E-02 -4.2318E-01
  4.5517E-01  6.3789E-02 -5.3454E-02 -4.3073E-01
  4.6164E-01  5.9999E-02 -5.4757E-02 -4.3827E-01
  4.6820E-01  5.6058E-02 -5.6084E-02 -4.4579E-01
  4.7486E-01  5.1970E-02 -5.7436E-02 -4.5328E-01
  4.8160E-01  4.7740E-02 -5.8812E-02 -4.6073E-01
  4.8845E-01  4.3372E-02 -6.0214E-02 -4.6812E-01
  4.9539E-01  3.8871E-02 -6.1640E-02 -4.7545E-01
  5.0243E-01  3.4244E-02 -6.3091E-02 -4.8270E-01
  5.0957E-01  2.9494E-02 -6.4566E-02 -4.8986E-01
  5.1682E-01  2.4629E-02 -6.6065E-02 -4.9691E-01
  5.2416E-01  1.9654E-02 -6.7588E-02 -5.0383E-01
  5.3161E-01  1.4577E-02 -6.9135E-02 -5.1062E-01
  5.3916E-01  9.4030E-03 -7.0706E-02 -5.1725E-01
  5.4683E-01  4.1406E-03 -7.2299E-02 -5.2370E-01
  5.5460E-01 -1.2033E-03 -7.3915E-02 -5.2997E-01
  5.6248E-01 -6.6210E-03 -7.5552E-02 -5.3602E-01
  5.7047E-01 -1.2105E-02 -7.7211E-02 -5.4184E-01
  5.7858E-01 -1.7646E-02 -7.8890E-02 -5.4741E-01
  5.8680E-01 -2.3237E-02 -8.0590E-02 -5.5271E-01
  5.9514E-01 -2.8869E-02 -8.2308E-02 -5.5771E-01
  6.0360E-01 -3.4533E-02 -8.4044E-02 -5.6239E-01
  6.1218E-01 -4.0221E-02 -8.5797E-02 -5.6674E-01
  6.2087E-01 -4.5922E-02 -8.7567E-02 -5.7072E-01
  6.2970E-01 -5.1629E-02 -8.9350E-02 -5.7431E-01
  6.3865E-01 -5.7331E-02 -9.1147E-02 -5.7748E-01
  6.4772E-01 -6.3019E-02 -9.2956E-02 -5.8022E-01
  6.5693E-01 -6.8683E-02 -9.4775E-02 -5.8249E-01
  6.6626E-01 -7.4315E-02 -9.6603E-02 -5.8427E-01
  6.7573E-01 -7.9903E-02 -9.8437E-02 -5.8554E-01
  6.8533E-01 -8.5439E-02 -1.0028E-01 -5.8626E-01
  6.9507E-01 -9.0913E-02 -1.0212E-01 -5.8640E-01
  7.0494E-01 -9.6314E-02 -1.0396E-01 -5.8595E-01
  7.1496E-01 -1.0163E-01 -1.0580E-01 -5.8488E-01
  7.2512E-01 -1.0686E-01 -1.0763E-01 -5.8315E-01
  7.3542E-01 -1.1199E-01 -1.0946E-01 -5.8075E-01
  7.4587E-01 -1.1700E-01 -1.1128E-01 -5.7764E-01
  7.5647E-01 -1.2189E-01 -1.1308E-01 -5.7381E-01
  7.6722E-01 -1.2666E-01 -1.1487E-01 -5.6922E-01
  7.7812E-01 -1.3128E-01 -1.1664E-01 -5.6386E-01
  7.8918E-01 -1.3576E-01 -1.1838E-01 -5.5770E-01
  8.0039E-01 -1.4007E-01 -1.2010E-01 -5.5072E-01
  8.1176E-01 -1.4422E-01 -1.2178E-01 -5.4291E-01
  8.2330E-01 -1.4820E-01 -1.2343E-01 -5.3425E-01
  8.3499E-01 -1.5199E-01 -1.2504E-01 -5.2471E-01
  8.4686E-01 -1.5558E-01 -1.2660E-01 -5.1430E-01
  8.5889E-01 -1.5898E-01 -1.2811E-01 -5.0299E-01
  8.7109E-01 -1.6216E-01 -1.2957E-01 -4.9079E-01
  8.8347E-01 -1.6513E-01 -1.3096E-01 -4.7769E-01
  8.9602E-01 -1.6787E-01 -1.3229E-01 -4.6368E-01
  9.0875E-01 -1.7038E-01 -1.3355E-01 -4.4878E-01
  9.2166E-01 -1.7265E-01 -1.3473E-01 -4.3299E-01
  9.3476E-01 -1.7467E-01 -1.3582E-01 -4.1631E-01
  9.4804E-01 -1.7644E-01 -1.3682E-01 -3.9878E-01
  9.6151E-01 -1.7795E-01 -1.3773E-01 -3.8040E-01
  9.7517E-01 -1.7919E-01 -1.3852E-01 -3.6121E-01
  9.8902E-01 -1.8016E-01 -1.3921E-01 -3.4124E-01
  1.0031E+00 -1.8086E-01 -1.3978E-01 -3.2052E-01
  1.0173E+00 -1.8128E-01 -1.4022E-01 -2.9910E-01
  1.0318E+00 -1.8142E-01 -1.4053E-01 -2.7703E-01
  1.0464E+00 -1.8127E-01 -1.4069E-01 -2.5437E-01
  1.0613E+00 -1.8082E-01 -1.4070E-01 -2.3118E-01
  1.0764E+00 -1.8009E-01 -1.4055E-01 -2.0752E-01
  1.0917E+00 -1.7906E-01 -1.4024E-01 -1.8349E-01
  1.1072E+00 -1.7774E-01 -1.3975E-01 -1.5915E-01
  1.1229E+00 -1.7611E-01 -1.3907E-01 -1.3461E-01
  1.1389E+00 -1.7419E-01 -1.3820E-01 -1.0996E-01
  1.1550E+00 -1.7198E-01 -1.3713E-01 -8.5294E-02
  1.1715E+00 -1.6946E-01 -1.3585E-01 -6.0736E-02
  1.1881E+00 -1.6665E-01 -1.3436E-01 -3.6398E-02
  1.2050E+00 -1.6354E-01 -1.3263E-01 -1.2402E-02
  1.2221E+00 -1.6014E-01 -1.3067E-01  1.1125E-02
  1.2395E+00 -1.5645E-01 -1.2847E-01  3.4052E-02
  1.2571E+00 -1.5246E-01 -1.2602E-01  5.6244E-02
  1.2749E+00 -1.4820E-01 -1.2331E-01  7.7562E-02
  1.2930E+00 -1.4365E-01 -1.2034E-01  9.7867E-02
  1.3114E+00 -1.3882E-01 -1.1710E-01  1.1702E-01
  1.3300E+00 -1.3372E-01 -1.1358E-01  1.3488E-01
  1.3489E+00 -1.2835E-01 -1.0978E-01  1.5131E-01
  1.3681E+00 -1.2272E-01 -1.0569E-01  1.6619E-01
  1.3875E+00 -1.1682E-01 -1.0132E-01  1.7937E-01
  1.4072E+00 -1.1068E-01 -9.6646E-02  1.9075E-01
  1.4272E+00 -1.0429E-01 -9.1681E-02  2.0021E-01
  1.4475E+00 -9.7669E-02 -8.6419E-02  2.0767E-01
  1.4681E+00 -9.0811E-02 -8.0861E-02  2.1303E-01
  1.4889E+00 -8.3729E-02 -7.5006E-02  2.1623E-01
  1.5101E+00 -7.6431E-02 -6.8858E-02  2.1724E-01
  1.5315E+00 -6.8924E-02 -6.2419E-02  2.1602E-01
  1.5533E+00 -6.1216E-02 -5.5695E-02  2.1260E-01
  1.5753E+00 -5.3317E-02 -4.8690E-02  2.0700E-01
  1.5977E+00 -4.5233E-02 -4.1413E-02  1.9929E-01
  1.6204E+00 -3.6975E-02 -3.3871E-02  1.8959E-01
  1.6434E+00 -2.8550E-02 -2.6075E-02  1.7803E-01
  1.6668E+00 -1.9969E-02 -1.8037E-02  1.6480E-01
  1.6905E+00 -1.1240E-02 -9.7679E-03  1.5014E-01
  1.7145E+00 -2.3728E-03 -1.2829E-03  1.3432E-01
  1.7388E+00  6.6234E-03  7.4034E-03  1.1768E-01
  1.7635E+00  1.5739E-02  1.6275E-02  1.0061E-01
  1.7886E+00  2.4965E-02  2.5315E-02  8.3548E-02
  1.8140E+00  3.4291E-02  3.4505E-02  6.6997E-02
  1.8398E+00  4.3707E-02  4.3828E-02  5.1519E-02
  1.8659E+00  5.3205E-02  5.3266E-02  3.7345E-02
  1.8924E+00  6.2774E-02  6.2800E-02  2.4878E-02
  1.9193E+00  7.2405E-02  7.2413E-02  1.4521E-02
  1.9465E+00  8.2088E-02  8.2090E-02  6.6707E-03
  1.9742E+00  9.1814E-02  9.1814E-02  1.7076E-03
  2.0022E+00  1.0157E-01  1.0157E-01  0.0000E+00
  2.0307E+00  1.1136E-01  1.1136E-01  0.0000E+00
  2.0595E+00  1.2115E-01  1.2115E-01  0.0000E+00
  2.0888E+00  1.3096E-01  1.3096E-01  0.0000E+00
  2.1184E+00  1.4076E-01  1.4076E-01  0.0000E+00
  2.1485E+00  1.5054E-01  1.5054E-01  0.0000E+00
  2.1790E+00  1.6031E-01  1.6031E-01  0.0000E+00
  2.2100E+00  1.7004E-01  1.7004E-01  0.0000E+00
  2.2414E+00  1.7974E-01  1.7974E-01  0.0000E+00
  2.2732E+00  1.8939E-01  1.8939E-01  0.0000E+00
  2.3055E+00  1.9899E-01  1.9899E-01  0.0000E+00
  2.3383E+00  2.0852E-01  2.0852E-01  0.0000E+00
  2.3715E+00  2.1798E-01  2.1798E-01  0.0000E+00
  2.4052E+00  2.2735E-01  2.2735E-01  0.0000E+00
  2.4393E+00  2.3665E-01  2.3665E-01  0.0000E+00
  2.4740E+00  2.4584E-01  2.4584E-01  0.0000E+00
  2.5091E+00  2.5494E-01  2.5494E-01  0.0000E+00
  2.5448E+00  2.6392E-01  2.6392E-01  0.0000E+00
  2.5809E+00  2.7279E-01  2.7279E-01  0.0000E+00
  2.6176E+00  2.8154E-01  2.8154E-01  0.0000E+00
  2.6547E+00  2.9015E-01  2.9015E-01  0.0000E+00
  2.6925E+00  2.9862E-01  2.9862E-01  0.0000E+00
  2.7307E+00  3.0695E-01  3.0695E-01  0.0000E+00
  2.7695E+00  3.1512E-01  3.1512E-01  0.0000E+00
  2.8088E+00  3.2314E-01  3.2314E-01  0.0000E+00
  2.8487E+00  3.3099E-01  3.3099E-01  0.0000E+00
  2.8892E+00  3.3866E-01  3.3866E-01  0.0000E+00
  2.9302E+00  3.4616E-01  3.4616E-01  0.0000E+00
  2.9718E+00  3.5347E-01  3.5347E-01  0.0000E+00
  3.0141E+00  3.6058E-01  3.6058E-01  0.0000E+00
  3.0569E+00  3.6750E-01  3.6750E-01  0.0000E+00
  3.1003E+00  3.7421E-01  3.7421E-01  0.0000E+00
  3.1443E+00  3.8071E-01  3.8071E-01  0.0000E+00
  3.1890E+00  3.8699E-01  3.8699E-01  0.0000E+00
  3.2343E+00  3.9305E-01  3.9305E-01  0.0000E+00
  3.2802E+00  3.9888E-01  3.9888E-01  0.0000E+00
  3.3268E+00  4.0447E-01  4.0447E-01  0.0000E+00
  3.3741E+00  4.0982E-01  4.0982E-01  0.0000E+00
  3.4220E+00  4.1492E-01  4.1492E-01  0.0000E+00
  3.4706E+00  4.1977E-01  4.1977E-01  0.0000E+00
  3.5199E+00  4.2436E-01  4.2436E-01  0.0000E+00
  3.5699E+00  4.2870E-01  4.2870E-01  0.0000E+00
  3.6206E+00  4.3276E-01  4.3276E-01  0.0000E+00
  3.6720E+00  4.3655E-01  4.3655E-01  0.0000E+00
  3.7242E+00  4.4007E-01  4.4007E-01  0.0000E+00
  3.7771E+00  4.4330E-01  4.4330E-01  0.0000E+00
  3.8307E+00  4.4626E-01  4.4626E-01  0.0000E+00
  3.8851E+00  4.4892E-01  4.4892E-01  0.0000E+00
  3.9403E+00  4.5130E-01  4.5130E-01  0.0000E+00
  3.9963E+00  4.5339E-01  4.5339E-01  0.0000E+00
  4.0530E+00  4.5518E-01  4.5518E-01  0.0000E+00
  4.1106E+00  4.5667E-01  4.5667E-01  0.0000E+00
  4.1690E+00  4.5786E-01  4.5786E-01  0.0000E+00
  4.2282E+00  4.5876E-01  4.5876E-01  0.0000E+00
  4.2883E+00  4.5935E-01  4.5935E-01  0.0000E+00
  4.3492E+00  4.5965E-01  4.5965E-01  0.0000E+00
  4.4109E+00  4.5964E-01  4.5964E-01  0.0000E+00
  4.4736E+00  4.5934E-01  4.5934E-01  0.0000E+00
