 # l=           3 basis function with energy   -0.70866280330892728     
  0.0000E+00  0.0000E+00  0.0000E+00 -0.0000E+00
  1.1384E-06  2.8473E-19  2.6842E-25  1.0146E-23
  2.2870E-06  3.4345E-18  4.3721E-24  1.6526E-22
  3.4458E-06  1.4838E-17  2.2533E-23  8.5177E-22
  4.6150E-06  4.2103E-17  7.2502E-23  2.7406E-21
  5.7947E-06  9.4894E-17  1.8021E-22  6.8119E-21
  6.9849E-06  1.8488E-16  3.8045E-22  1.4381E-20
  8.1858E-06  3.2575E-16  7.1763E-22  2.7127E-20
  9.3975E-06  5.3325E-16  1.2465E-21  4.7118E-20
  1.0620E-05  8.2522E-16  2.0330E-21  7.6848E-20
  1.1853E-05  1.2217E-15  3.1551E-21  1.1926E-19
  1.3098E-05  1.7450E-15  4.7037E-21  1.7780E-19
  1.4353E-05  2.4198E-15  6.7836E-21  2.5642E-19
  1.5620E-05  3.2731E-15  9.5146E-21  3.5966E-19
  1.6898E-05  4.3347E-15  1.3032E-20  4.9263E-19
  1.8188E-05  5.6369E-15  1.7489E-20  6.6111E-19
  1.9489E-05  7.2148E-15  2.3057E-20  8.7157E-19
  2.0802E-05  9.1066E-15  2.9926E-20  1.1312E-18
  2.2126E-05  1.1353E-14  3.8307E-20  1.4480E-18
  2.3463E-05  1.4000E-14  4.8434E-20  1.8308E-18
  2.4811E-05  1.7093E-14  6.0564E-20  2.2894E-18
  2.6171E-05  2.0684E-14  7.4980E-20  2.8343E-18
  2.7544E-05  2.4829E-14  9.1990E-20  3.4773E-18
  2.8929E-05  2.9586E-14  1.1193E-19  4.2311E-18
  3.0326E-05  3.5018E-14  1.3518E-19  5.1097E-18
  3.1735E-05  4.1193E-14  1.6212E-19  6.1281E-18
  3.3158E-05  4.8181E-14  1.9319E-19  7.3028E-18
  3.4593E-05  5.6058E-14  2.2887E-19  8.6515E-18
  3.6041E-05  6.4907E-14  2.6966E-19  1.0193E-17
  3.7502E-05  7.4813E-14  3.1612E-19  1.1949E-17
  3.8975E-05  8.5867E-14  3.6882E-19  1.3942E-17
  4.0463E-05  9.8167E-14  4.2841E-19  1.6194E-17
  4.1963E-05  1.1181E-13  4.9558E-19  1.8733E-17
  4.3477E-05  1.2692E-13  5.7106E-19  2.1586E-17
  4.5004E-05  1.4360E-13  6.5563E-19  2.4783E-17
  4.6545E-05  1.6197E-13  7.5015E-19  2.8356E-17
  4.8100E-05  1.8217E-13  8.5552E-19  3.2339E-17
  4.9669E-05  2.0432E-13  9.7270E-19  3.6769E-17
  5.1251E-05  2.2858E-13  1.1027E-18  4.1684E-17
  5.2848E-05  2.5510E-13  1.2467E-18  4.7128E-17
  5.4460E-05  2.8403E-13  1.4059E-18  5.3143E-17
  5.6085E-05  3.1555E-13  1.5814E-18  5.9778E-17
  5.7725E-05  3.4982E-13  1.7747E-18  6.7083E-17
  5.9380E-05  3.8705E-13  1.9871E-18  7.5113E-17
  6.1050E-05  4.2742E-13  2.2202E-18  8.3924E-17
  6.2734E-05  4.7115E-13  2.4756E-18  9.3578E-17
  6.4434E-05  5.1845E-13  2.7549E-18  1.0414E-16
  6.6149E-05  5.6955E-13  3.0601E-18  1.1568E-16
  6.7879E-05  6.2469E-13  3.3931E-18  1.2826E-16
  6.9625E-05  6.8412E-13  3.7558E-18  1.4197E-16
  7.1386E-05  7.4812E-13  4.1505E-18  1.5689E-16
  7.3163E-05  8.1696E-13  4.5795E-18  1.7311E-16
  7.4956E-05  8.9093E-13  5.0452E-18  1.9071E-16
  7.6765E-05  9.7034E-13  5.5502E-18  2.0980E-16
  7.8590E-05  1.0555E-12  6.0971E-18  2.3048E-16
  8.0432E-05  1.1468E-12  6.6890E-18  2.5285E-16
  8.2290E-05  1.2445E-12  7.3288E-18  2.7703E-16
  8.4165E-05  1.3491E-12  8.0198E-18  3.0315E-16
  8.6056E-05  1.4608E-12  8.7654E-18  3.3134E-16
  8.7964E-05  1.5802E-12  9.5691E-18  3.6172E-16
  8.9890E-05  1.7077E-12  1.0435E-17  3.9444E-16
  9.1832E-05  1.8436E-12  1.1367E-17  4.2966E-16
  9.3792E-05  1.9885E-12  1.2368E-17  4.6753E-16
  9.5770E-05  2.1429E-12  1.3445E-17  5.0823E-16
  9.7765E-05  2.3072E-12  1.4601E-17  5.5192E-16
  9.9778E-05  2.4820E-12  1.5841E-17  5.9881E-16
  1.0181E-04  2.6679E-12  1.7171E-17  6.4907E-16
  1.0386E-04  2.8654E-12  1.8596E-17  7.0293E-16
  1.0593E-04  3.0752E-12  2.0121E-17  7.6060E-16
  1.0801E-04  3.2979E-12  2.1754E-17  8.2231E-16
  1.1012E-04  3.5341E-12  2.3500E-17  8.8830E-16
  1.1224E-04  3.7846E-12  2.5365E-17  9.5883E-16
  1.1438E-04  4.0501E-12  2.7358E-17  1.0342E-15
  1.1654E-04  4.3314E-12  2.9486E-17  1.1146E-15
  1.1873E-04  4.6292E-12  3.1756E-17  1.2004E-15
  1.2093E-04  4.9443E-12  3.4177E-17  1.2919E-15
  1.2315E-04  5.2778E-12  3.6757E-17  1.3894E-15
  1.2539E-04  5.6303E-12  3.9505E-17  1.4933E-15
  1.2765E-04  6.0030E-12  4.2432E-17  1.6039E-15
  1.2993E-04  6.3967E-12  4.5546E-17  1.7217E-15
  1.3223E-04  6.8125E-12  4.8859E-17  1.8469E-15
  1.3455E-04  7.2515E-12  5.2381E-17  1.9800E-15
  1.3689E-04  7.7148E-12  5.6125E-17  2.1216E-15
  1.3925E-04  8.2035E-12  6.0102E-17  2.2719E-15
  1.4164E-04  8.7189E-12  6.4325E-17  2.4315E-15
  1.4404E-04  9.2622E-12  6.8808E-17  2.6010E-15
  1.4647E-04  9.8348E-12  7.3564E-17  2.7807E-15
  1.4892E-04  1.0438E-11  7.8608E-17  2.9714E-15
  1.5139E-04  1.1073E-11  8.3956E-17  3.1736E-15
  1.5388E-04  1.1742E-11  8.9624E-17  3.3878E-15
  1.5640E-04  1.2446E-11  9.5628E-17  3.6148E-15
  1.5894E-04  1.3187E-11  1.0199E-16  3.8552E-15
  1.6150E-04  1.3966E-11  1.0872E-16  4.1097E-15
  1.6408E-04  1.4785E-11  1.1584E-16  4.3790E-15
  1.6669E-04  1.5646E-11  1.2338E-16  4.6639E-15
  1.6932E-04  1.6551E-11  1.3135E-16  4.9653E-15
  1.7197E-04  1.7502E-11  1.3978E-16  5.2839E-15
  1.7465E-04  1.8501E-11  1.4869E-16  5.6207E-15
  1.7735E-04  1.9550E-11  1.5811E-16  5.9765E-15
  1.8007E-04  2.0651E-11  1.6805E-16  6.3524E-15
  1.8282E-04  2.1807E-11  1.7855E-16  6.7494E-15
  1.8560E-04  2.3020E-11  1.8964E-16  7.1684E-15
  1.8840E-04  2.4293E-11  2.0134E-16  7.6107E-15
  1.9122E-04  2.5628E-11  2.1368E-16  8.0774E-15
  1.9407E-04  2.7028E-11  2.2671E-16  8.5697E-15
  1.9694E-04  2.8495E-11  2.4044E-16  9.0888E-15
  1.9984E-04  3.0034E-11  2.5492E-16  9.6362E-15
  2.0277E-04  3.1646E-11  2.7018E-16  1.0213E-14
  2.0572E-04  3.3335E-11  2.8627E-16  1.0821E-14
  2.0870E-04  3.5104E-11  3.0321E-16  1.1462E-14
  2.1171E-04  3.6957E-11  3.2106E-16  1.2136E-14
  2.1474E-04  3.8898E-11  3.3985E-16  1.2847E-14
  2.1780E-04  4.0930E-11  3.5964E-16  1.3595E-14
  2.2089E-04  4.3056E-11  3.8047E-16  1.4382E-14
  2.2400E-04  4.5282E-11  4.0238E-16  1.5210E-14
  2.2714E-04  4.7611E-11  4.2544E-16  1.6082E-14
  2.3031E-04  5.0047E-11  4.4970E-16  1.6999E-14
  2.3351E-04  5.2595E-11  4.7521E-16  1.7963E-14
  2.3674E-04  5.5260E-11  5.0203E-16  1.8977E-14
  2.4000E-04  5.8047E-11  5.3023E-16  2.0043E-14
  2.4328E-04  6.0961E-11  5.5987E-16  2.1163E-14
  2.4660E-04  6.4006E-11  5.9101E-16  2.2341E-14
  2.4994E-04  6.7189E-11  6.2373E-16  2.3578E-14
  2.5332E-04  7.0516E-11  6.5811E-16  2.4877E-14
  2.5672E-04  7.3991E-11  6.9421E-16  2.6241E-14
  2.6016E-04  7.7621E-11  7.3212E-16  2.7674E-14
  2.6362E-04  8.1414E-11  7.7192E-16  2.9179E-14
  2.6712E-04  8.5374E-11  8.1370E-16  3.0758E-14
  2.7065E-04  8.9509E-11  8.5755E-16  3.2416E-14
  2.7421E-04  9.3827E-11  9.0356E-16  3.4155E-14
  2.7780E-04  9.8335E-11  9.5184E-16  3.5980E-14
  2.8142E-04  1.0304E-10  1.0025E-15  3.7895E-14
  2.8508E-04  1.0795E-10  1.0556E-15  3.9903E-14
  2.8877E-04  1.1307E-10  1.1113E-15  4.2008E-14
  2.9249E-04  1.1842E-10  1.1697E-15  4.4216E-14
  2.9624E-04  1.2400E-10  1.2310E-15  4.6531E-14
  3.0003E-04  1.2982E-10  1.2952E-15  4.8958E-14
  3.0386E-04  1.3589E-10  1.3624E-15  5.1501E-14
  3.0771E-04  1.4221E-10  1.4329E-15  5.4166E-14
  3.1160E-04  1.4881E-10  1.5068E-15  5.6958E-14
  3.1553E-04  1.5569E-10  1.5842E-15  5.9884E-14
  3.1949E-04  1.6287E-10  1.6653E-15  6.2948E-14
  3.2349E-04  1.7035E-10  1.7502E-15  6.6158E-14
  3.2752E-04  1.7814E-10  1.8391E-15  6.9519E-14
  3.3159E-04  1.8626E-10  1.9322E-15  7.3038E-14
  3.3569E-04  1.9473E-10  2.0297E-15  7.6722E-14
  3.3984E-04  2.0355E-10  2.1317E-15  8.0580E-14
  3.4401E-04  2.1274E-10  2.2385E-15  8.4617E-14
  3.4823E-04  2.2231E-10  2.3503E-15  8.8842E-14
  3.5248E-04  2.3229E-10  2.4672E-15  9.3263E-14
  3.5678E-04  2.4267E-10  2.5896E-15  9.7889E-14
  3.6111E-04  2.5349E-10  2.7176E-15  1.0273E-13
  3.6548E-04  2.6476E-10  2.8516E-15  1.0779E-13
  3.6988E-04  2.7649E-10  2.9917E-15  1.1309E-13
  3.7433E-04  2.8870E-10  3.1382E-15  1.1862E-13
  3.7882E-04  3.0142E-10  3.2914E-15  1.2442E-13
  3.8335E-04  3.1465E-10  3.4516E-15  1.3047E-13
  3.8792E-04  3.2843E-10  3.6191E-15  1.3680E-13
  3.9252E-04  3.4277E-10  3.7941E-15  1.4342E-13
  3.9717E-04  3.5770E-10  3.9772E-15  1.5034E-13
  4.0187E-04  3.7323E-10  4.1684E-15  1.5757E-13
  4.0660E-04  3.8939E-10  4.3684E-15  1.6513E-13
  4.1138E-04  4.0620E-10  4.5772E-15  1.7302E-13
  4.1619E-04  4.2370E-10  4.7955E-15  1.8127E-13
  4.2106E-04  4.4190E-10  5.0236E-15  1.8989E-13
  4.2596E-04  4.6083E-10  5.2618E-15  1.9890E-13
  4.3091E-04  4.8052E-10  5.5106E-15  2.0831E-13
  4.3591E-04  5.0101E-10  5.7705E-15  2.1813E-13
  4.4094E-04  5.2231E-10  6.0420E-15  2.2839E-13
  4.4603E-04  5.4446E-10  6.3255E-15  2.3911E-13
  4.5116E-04  5.6750E-10  6.6215E-15  2.5030E-13
  4.5633E-04  5.9145E-10  6.9305E-15  2.6198E-13
  4.6155E-04  6.1635E-10  7.2532E-15  2.7418E-13
  4.6682E-04  6.4224E-10  7.5900E-15  2.8691E-13
  4.7213E-04  6.6916E-10  7.9416E-15  3.0020E-13
  4.7750E-04  6.9714E-10  8.3086E-15  3.1407E-13
  4.8291E-04  7.2622E-10  8.6917E-15  3.2855E-13
  4.8837E-04  7.5645E-10  9.0914E-15  3.4366E-13
  4.9387E-04  7.8787E-10  9.5085E-15  3.5943E-13
  4.9943E-04  8.2052E-10  9.9437E-15  3.7588E-13
  5.0504E-04  8.5445E-10  1.0398E-14  3.9304E-13
  5.1069E-04  8.8970E-10  1.0872E-14  4.1095E-13
  5.1640E-04  9.2634E-10  1.1366E-14  4.2963E-13
  5.2216E-04  9.6440E-10  1.1881E-14  4.4912E-13
  5.2797E-04  1.0039E-09  1.2419E-14  4.6944E-13
  5.3383E-04  1.0450E-09  1.2980E-14  4.9064E-13
  5.3975E-04  1.0877E-09  1.3565E-14  5.1275E-13
  5.4571E-04  1.1320E-09  1.4174E-14  5.3580E-13
  5.5173E-04  1.1781E-09  1.4810E-14  5.5984E-13
  5.5781E-04  1.2259E-09  1.5474E-14  5.8491E-13
  5.6394E-04  1.2756E-09  1.6165E-14  6.1104E-13
  5.7012E-04  1.3272E-09  1.6886E-14  6.3829E-13
  5.7636E-04  1.3808E-09  1.7637E-14  6.6669E-13
  5.8266E-04  1.4364E-09  1.8420E-14  6.9630E-13
  5.8901E-04  1.4942E-09  1.9237E-14  7.2716E-13
  5.9541E-04  1.5542E-09  2.0088E-14  7.5932E-13
  6.0188E-04  1.6165E-09  2.0974E-14  7.9284E-13
  6.0840E-04  1.6812E-09  2.1899E-14  8.2778E-13
  6.1498E-04  1.7483E-09  2.2862E-14  8.6418E-13
  6.2163E-04  1.8180E-09  2.3865E-14  9.0211E-13
  6.2833E-04  1.8904E-09  2.4911E-14  9.4164E-13
  6.3509E-04  1.9655E-09  2.6000E-14  9.8282E-13
  6.4191E-04  2.0434E-09  2.7135E-14  1.0257E-12
  6.4879E-04  2.1244E-09  2.8318E-14  1.0704E-12
  6.5573E-04  2.2084E-09  2.9549E-14  1.1170E-12
  6.6273E-04  2.2956E-09  3.0832E-14  1.1655E-12
  6.6980E-04  2.3861E-09  3.2169E-14  1.2160E-12
  6.7693E-04  2.4800E-09  3.3561E-14  1.2686E-12
  6.8413E-04  2.5774E-09  3.5010E-14  1.3234E-12
  6.9139E-04  2.6785E-09  3.6520E-14  1.3805E-12
  6.9871E-04  2.7835E-09  3.8092E-14  1.4399E-12
  7.0610E-04  2.8923E-09  3.9730E-14  1.5018E-12
  7.1356E-04  3.0053E-09  4.1434E-14  1.5662E-12
  7.2108E-04  3.1225E-09  4.3209E-14  1.6333E-12
  7.2867E-04  3.2442E-09  4.5058E-14  1.7032E-12
  7.3633E-04  3.3703E-09  4.6982E-14  1.7759E-12
  7.4405E-04  3.5012E-09  4.8985E-14  1.8517E-12
  7.5185E-04  3.6370E-09  5.1070E-14  1.9305E-12
  7.5971E-04  3.7779E-09  5.3241E-14  2.0125E-12
  7.6765E-04  3.9240E-09  5.5500E-14  2.0979E-12
  7.7565E-04  4.0756E-09  5.7852E-14  2.1868E-12
  7.8373E-04  4.2328E-09  6.0300E-14  2.2794E-12
  7.9188E-04  4.3959E-09  6.2848E-14  2.3757E-12
  8.0010E-04  4.5651E-09  6.5499E-14  2.4759E-12
  8.0840E-04  4.7405E-09  6.8258E-14  2.5802E-12
  8.1677E-04  4.9224E-09  7.1130E-14  2.6888E-12
  8.2522E-04  5.1111E-09  7.4118E-14  2.8017E-12
  8.3374E-04  5.3068E-09  7.7227E-14  2.9192E-12
  8.4234E-04  5.5098E-09  8.0462E-14  3.0415E-12
  8.5101E-04  5.7202E-09  8.3828E-14  3.1688E-12
  8.5976E-04  5.9384E-09  8.7330E-14  3.3011E-12
  8.6859E-04  6.1647E-09  9.0974E-14  3.4389E-12
  8.7750E-04  6.3994E-09  9.4764E-14  3.5821E-12
  8.8649E-04  6.6426E-09  9.8707E-14  3.7312E-12
  8.9556E-04  6.8949E-09  1.0281E-13  3.8862E-12
  9.0471E-04  7.1564E-09  1.0708E-13  4.0475E-12
  9.1395E-04  7.4276E-09  1.1151E-13  4.2153E-12
  9.2326E-04  7.7088E-09  1.1613E-13  4.3898E-12
  9.3266E-04  8.0002E-09  1.2093E-13  4.5713E-12
  9.4214E-04  8.3024E-09  1.2593E-13  4.7601E-12
  9.5171E-04  8.6157E-09  1.3112E-13  4.9564E-12
  9.6136E-04  8.9404E-09  1.3652E-13  5.1605E-12
  9.7110E-04  9.2770E-09  1.4214E-13  5.3729E-12
  9.8093E-04  9.6260E-09  1.4798E-13  5.5937E-12
  9.9084E-04  9.9877E-09  1.5405E-13  5.8233E-12
  1.0008E-03  1.0363E-08  1.6037E-13  6.0620E-12
  1.0109E-03  1.0751E-08  1.6693E-13  6.3102E-12
  1.0211E-03  1.1154E-08  1.7376E-13  6.5684E-12
  1.0314E-03  1.1572E-08  1.8086E-13  6.8367E-12
  1.0418E-03  1.2004E-08  1.8824E-13  7.1157E-12
  1.0522E-03  1.2453E-08  1.9592E-13  7.4058E-12
  1.0628E-03  1.2918E-08  2.0390E-13  7.7074E-12
  1.0734E-03  1.3400E-08  2.1219E-13  8.0209E-12
  1.0842E-03  1.3899E-08  2.2081E-13  8.3468E-12
  1.0950E-03  1.4416E-08  2.2978E-13  8.6856E-12
  1.1059E-03  1.4953E-08  2.3909E-13  9.0378E-12
  1.1170E-03  1.5508E-08  2.4878E-13  9.4039E-12
  1.1281E-03  1.6084E-08  2.5884E-13  9.7844E-12
  1.1393E-03  1.6681E-08  2.6931E-13  1.0180E-11
  1.1507E-03  1.7299E-08  2.8018E-13  1.0591E-11
  1.1621E-03  1.7940E-08  2.9148E-13  1.1018E-11
  1.1736E-03  1.8604E-08  3.0323E-13  1.1462E-11
  1.1853E-03  1.9292E-08  3.1544E-13  1.1924E-11
  1.1970E-03  2.0005E-08  3.2813E-13  1.2403E-11
  1.2089E-03  2.0743E-08  3.4131E-13  1.2902E-11
  1.2208E-03  2.1509E-08  3.5501E-13  1.3420E-11
  1.2329E-03  2.2302E-08  3.6925E-13  1.3958E-11
  1.2450E-03  2.3123E-08  3.8405E-13  1.4517E-11
  1.2573E-03  2.3974E-08  3.9942E-13  1.5098E-11
  1.2697E-03  2.4856E-08  4.1539E-13  1.5702E-11
  1.2822E-03  2.5770E-08  4.3199E-13  1.6330E-11
  1.2948E-03  2.6717E-08  4.4924E-13  1.6981E-11
  1.3075E-03  2.7697E-08  4.6716E-13  1.7659E-11
  1.3204E-03  2.8713E-08  4.8577E-13  1.8363E-11
  1.3333E-03  2.9766E-08  5.0512E-13  1.9094E-11
  1.3464E-03  3.0856E-08  5.2521E-13  1.9853E-11
  1.3596E-03  3.1985E-08  5.4609E-13  2.0642E-11
  1.3729E-03  3.3155E-08  5.6777E-13  2.1462E-11
  1.3863E-03  3.4367E-08  5.9030E-13  2.2314E-11
  1.3998E-03  3.5623E-08  6.1371E-13  2.3199E-11
  1.4135E-03  3.6923E-08  6.3802E-13  2.4118E-11
  1.4273E-03  3.8270E-08  6.6327E-13  2.5072E-11
  1.4412E-03  3.9666E-08  6.8951E-13  2.6064E-11
  1.4552E-03  4.1111E-08  7.1676E-13  2.7094E-11
  1.4694E-03  4.2609E-08  7.4506E-13  2.8164E-11
  1.4837E-03  4.4159E-08  7.7446E-13  2.9275E-11
  1.4981E-03  4.5765E-08  8.0499E-13  3.0429E-11
  1.5126E-03  4.7429E-08  8.3670E-13  3.1628E-11
  1.5273E-03  4.9152E-08  8.6964E-13  3.2873E-11
  1.5421E-03  5.0937E-08  9.0385E-13  3.4166E-11
  1.5570E-03  5.2786E-08  9.3937E-13  3.5509E-11
  1.5721E-03  5.4700E-08  9.7627E-13  3.6904E-11
  1.5873E-03  5.6683E-08  1.0146E-12  3.8352E-11
  1.6026E-03  5.8736E-08  1.0544E-12  3.9856E-11
  1.6181E-03  6.0863E-08  1.0957E-12  4.1418E-11
  1.6337E-03  6.3066E-08  1.1386E-12  4.3040E-11
  1.6495E-03  6.5347E-08  1.1832E-12  4.4725E-11
  1.6654E-03  6.7709E-08  1.2294E-12  4.6474E-11
  1.6814E-03  7.0156E-08  1.2775E-12  4.8290E-11
  1.6976E-03  7.2690E-08  1.3274E-12  5.0176E-11
  1.7139E-03  7.5313E-08  1.3792E-12  5.2134E-11
  1.7304E-03  7.8031E-08  1.4330E-12  5.4167E-11
  1.7470E-03  8.0844E-08  1.4888E-12  5.6278E-11
  1.7638E-03  8.3758E-08  1.5468E-12  5.8471E-11
  1.7807E-03  8.6776E-08  1.6070E-12  6.0746E-11
  1.7978E-03  8.9900E-08  1.6695E-12  6.3109E-11
  1.8150E-03  9.3136E-08  1.7344E-12  6.5563E-11
  1.8324E-03  9.6487E-08  1.8018E-12  6.8110E-11
  1.8499E-03  9.9956E-08  1.8718E-12  7.0754E-11
  1.8676E-03  1.0355E-07  1.9444E-12  7.3499E-11
  1.8854E-03  1.0727E-07  2.0198E-12  7.6349E-11
  1.9035E-03  1.1112E-07  2.0981E-12  7.9308E-11
  1.9216E-03  1.1511E-07  2.1793E-12  8.2380E-11
  1.9400E-03  1.1924E-07  2.2637E-12  8.5568E-11
  1.9584E-03  1.2352E-07  2.3512E-12  8.8878E-11
  1.9771E-03  1.2794E-07  2.4421E-12  9.2314E-11
  1.9959E-03  1.3253E-07  2.5365E-12  9.5881E-11
  2.0149E-03  1.3728E-07  2.6344E-12  9.9583E-11
  2.0341E-03  1.4219E-07  2.7361E-12  1.0343E-10
  2.0534E-03  1.4728E-07  2.8416E-12  1.0742E-10
  2.0729E-03  1.5255E-07  2.9512E-12  1.1156E-10
  2.0926E-03  1.5800E-07  3.0649E-12  1.1585E-10
  2.1125E-03  1.6365E-07  3.1829E-12  1.2032E-10
  2.1325E-03  1.6950E-07  3.3054E-12  1.2495E-10
  2.1527E-03  1.7555E-07  3.4326E-12  1.2975E-10
  2.1731E-03  1.8182E-07  3.5645E-12  1.3474E-10
  2.1937E-03  1.8831E-07  3.7015E-12  1.3992E-10
  2.2145E-03  1.9503E-07  3.8436E-12  1.4529E-10
  2.2354E-03  2.0199E-07  3.9912E-12  1.5087E-10
  2.2566E-03  2.0919E-07  4.1443E-12  1.5666E-10
  2.2779E-03  2.1664E-07  4.3032E-12  1.6266E-10
  2.2994E-03  2.2436E-07  4.4681E-12  1.6890E-10
  2.3211E-03  2.3235E-07  4.6392E-12  1.7537E-10
  2.3430E-03  2.4062E-07  4.8169E-12  1.8208E-10
  2.3651E-03  2.4919E-07  5.0012E-12  1.8905E-10
  2.3874E-03  2.5805E-07  5.1925E-12  1.9628E-10
  2.4099E-03  2.6723E-07  5.3910E-12  2.0378E-10
  2.4326E-03  2.7673E-07  5.5970E-12  2.1157E-10
  2.4555E-03  2.8657E-07  5.8108E-12  2.1965E-10
  2.4786E-03  2.9675E-07  6.0326E-12  2.2804E-10
  2.5020E-03  3.0729E-07  6.2628E-12  2.3674E-10
  2.5255E-03  3.1821E-07  6.5016E-12  2.4577E-10
  2.5492E-03  3.2950E-07  6.7495E-12  2.5514E-10
  2.5732E-03  3.4119E-07  7.0067E-12  2.6486E-10
  2.5973E-03  3.5330E-07  7.2736E-12  2.7495E-10
  2.6217E-03  3.6583E-07  7.5505E-12  2.8541E-10
  2.6463E-03  3.7880E-07  7.8378E-12  2.9627E-10
  2.6711E-03  3.9222E-07  8.1360E-12  3.0754E-10
  2.6961E-03  4.0612E-07  8.4453E-12  3.1924E-10
  2.7214E-03  4.2051E-07  8.7663E-12  3.3137E-10
  2.7469E-03  4.3540E-07  9.0993E-12  3.4396E-10
  2.7726E-03  4.5081E-07  9.4448E-12  3.5702E-10
  2.7985E-03  4.6677E-07  9.8033E-12  3.7057E-10
  2.8247E-03  4.8328E-07  1.0175E-11  3.8463E-10
  2.8511E-03  5.0037E-07  1.0561E-11  3.9922E-10
  2.8778E-03  5.1807E-07  1.0962E-11  4.1435E-10
  2.9047E-03  5.3638E-07  1.1377E-11  4.3006E-10
  2.9318E-03  5.5534E-07  1.1808E-11  4.4635E-10
  2.9592E-03  5.7496E-07  1.2255E-11  4.6325E-10
  2.9868E-03  5.9527E-07  1.2719E-11  4.8078E-10
  3.0146E-03  6.1629E-07  1.3200E-11  4.9898E-10
  3.0427E-03  6.3805E-07  1.3699E-11  5.1785E-10
  3.0711E-03  6.6057E-07  1.4217E-11  5.3743E-10
  3.0997E-03  6.8388E-07  1.4755E-11  5.5774E-10
  3.1286E-03  7.0800E-07  1.5312E-11  5.7881E-10
  3.1577E-03  7.3297E-07  1.5890E-11  6.0067E-10
  3.1871E-03  7.5881E-07  1.6490E-11  6.2334E-10
  3.2168E-03  7.8556E-07  1.7113E-11  6.4687E-10
  3.2467E-03  8.1324E-07  1.7758E-11  6.7127E-10
  3.2769E-03  8.4189E-07  1.8428E-11  6.9658E-10
  3.3073E-03  8.7154E-07  1.9123E-11  7.2284E-10
  3.3380E-03  9.0223E-07  1.9843E-11  7.5008E-10
  3.3690E-03  9.3400E-07  2.0591E-11  7.7834E-10
  3.4003E-03  9.6687E-07  2.1366E-11  8.0765E-10
  3.4319E-03  1.0009E-06  2.2170E-11  8.3806E-10
  3.4637E-03  1.0361E-06  2.3005E-11  8.6960E-10
  3.4959E-03  1.0725E-06  2.3870E-11  9.0231E-10
  3.5283E-03  1.1102E-06  2.4768E-11  9.3624E-10
  3.5610E-03  1.1493E-06  2.5699E-11  9.7144E-10
  3.5940E-03  1.1897E-06  2.6665E-11  1.0080E-09
  3.6273E-03  1.2315E-06  2.7667E-11  1.0458E-09
  3.6609E-03  1.2747E-06  2.8706E-11  1.0851E-09
  3.6947E-03  1.3195E-06  2.9784E-11  1.1258E-09
  3.7289E-03  1.3658E-06  3.0902E-11  1.1681E-09
  3.7634E-03  1.4138E-06  3.2061E-11  1.2119E-09
  3.7982E-03  1.4634E-06  3.3264E-11  1.2574E-09
  3.8334E-03  1.5147E-06  3.4512E-11  1.3046E-09
  3.8688E-03  1.5679E-06  3.5806E-11  1.3535E-09
  3.9046E-03  1.6229E-06  3.7147E-11  1.4042E-09
  3.9406E-03  1.6798E-06  3.8539E-11  1.4568E-09
  3.9770E-03  1.7386E-06  3.9983E-11  1.5114E-09
  4.0137E-03  1.7996E-06  4.1480E-11  1.5680E-09
  4.0508E-03  1.8626E-06  4.3033E-11  1.6267E-09
  4.0882E-03  1.9279E-06  4.4643E-11  1.6875E-09
  4.1259E-03  1.9954E-06  4.6314E-11  1.7507E-09
  4.1639E-03  2.0653E-06  4.8046E-11  1.8162E-09
  4.2023E-03  2.1376E-06  4.9843E-11  1.8841E-09
  4.2411E-03  2.2124E-06  5.1706E-11  1.9545E-09
  4.2801E-03  2.2898E-06  5.3638E-11  2.0276E-09
  4.3196E-03  2.3699E-06  5.5642E-11  2.1033E-09
  4.3594E-03  2.4528E-06  5.7721E-11  2.1819E-09
  4.3995E-03  2.5386E-06  5.9876E-11  2.2634E-09
  4.4400E-03  2.6273E-06  6.2112E-11  2.3479E-09
  4.4809E-03  2.7191E-06  6.4430E-11  2.4355E-09
  4.5221E-03  2.8142E-06  6.6834E-11  2.5264E-09
  4.5637E-03  2.9125E-06  6.9327E-11  2.6206E-09
  4.6056E-03  3.0142E-06  7.1913E-11  2.7183E-09
  4.6480E-03  3.1195E-06  7.4594E-11  2.8197E-09
  4.6907E-03  3.2284E-06  7.7375E-11  2.9248E-09
  4.7338E-03  3.3411E-06  8.0258E-11  3.0338E-09
  4.7773E-03  3.4577E-06  8.3248E-11  3.1468E-09
  4.8212E-03  3.5783E-06  8.6349E-11  3.2640E-09
  4.8655E-03  3.7031E-06  8.9565E-11  3.3856E-09
  4.9101E-03  3.8323E-06  9.2899E-11  3.5117E-09
  4.9552E-03  3.9659E-06  9.6357E-11  3.6424E-09
  5.0007E-03  4.1041E-06  9.9943E-11  3.7779E-09
  5.0465E-03  4.2472E-06  1.0366E-10  3.9185E-09
  5.0928E-03  4.3951E-06  1.0752E-10  4.0642E-09
  5.1395E-03  4.5482E-06  1.1152E-10  4.2154E-09
  5.1867E-03  4.7066E-06  1.1566E-10  4.3721E-09
  5.2342E-03  4.8705E-06  1.1996E-10  4.5346E-09
  5.2822E-03  5.0401E-06  1.2442E-10  4.7031E-09
  5.3306E-03  5.2155E-06  1.2904E-10  4.8779E-09
  5.3794E-03  5.3970E-06  1.3384E-10  5.0591E-09
  5.4287E-03  5.5847E-06  1.3881E-10  5.2470E-09
  5.4784E-03  5.7790E-06  1.4396E-10  5.4418E-09
  5.5285E-03  5.9799E-06  1.4930E-10  5.6438E-09
  5.5791E-03  6.1878E-06  1.5485E-10  5.8533E-09
  5.6302E-03  6.4028E-06  1.6059E-10  6.0705E-09
  5.6817E-03  6.6253E-06  1.6655E-10  6.2957E-09
  5.7336E-03  6.8555E-06  1.7273E-10  6.5292E-09
  5.7861E-03  7.0936E-06  1.7913E-10  6.7714E-09
  5.8390E-03  7.3399E-06  1.8578E-10  7.0224E-09
  5.8924E-03  7.5947E-06  1.9266E-10  7.2828E-09
  5.9462E-03  7.8583E-06  1.9980E-10  7.5527E-09
  6.0006E-03  8.1310E-06  2.0721E-10  7.8326E-09
  6.0554E-03  8.4130E-06  2.1488E-10  8.1228E-09
  6.1107E-03  8.7048E-06  2.2284E-10  8.4236E-09
  6.1665E-03  9.0066E-06  2.3110E-10  8.7356E-09
  6.2228E-03  9.3188E-06  2.3965E-10  9.0591E-09
  6.2796E-03  9.6418E-06  2.4853E-10  9.3944E-09
  6.3369E-03  9.9758E-06  2.5773E-10  9.7422E-09
  6.3948E-03  1.0321E-05  2.6726E-10  1.0103E-08
  6.4531E-03  1.0679E-05  2.7715E-10  1.0477E-08
  6.5120E-03  1.1049E-05  2.8741E-10  1.0864E-08
  6.5714E-03  1.1431E-05  2.9804E-10  1.1266E-08
  6.6313E-03  1.1827E-05  3.0906E-10  1.1683E-08
  6.6918E-03  1.2236E-05  3.2049E-10  1.2115E-08
  6.7528E-03  1.2659E-05  3.3233E-10  1.2562E-08
  6.8144E-03  1.3097E-05  3.4462E-10  1.3027E-08
  6.8765E-03  1.3549E-05  3.5735E-10  1.3508E-08
  6.9391E-03  1.4018E-05  3.7056E-10  1.4007E-08
  7.0023E-03  1.4502E-05  3.8425E-10  1.4525E-08
  7.0661E-03  1.5003E-05  3.9844E-10  1.5061E-08
  7.1305E-03  1.5521E-05  4.1315E-10  1.5617E-08
  7.1954E-03  1.6057E-05  4.2841E-10  1.6194E-08
  7.2609E-03  1.6611E-05  4.4423E-10  1.6792E-08
  7.3270E-03  1.7184E-05  4.6062E-10  1.7412E-08
  7.3937E-03  1.7777E-05  4.7763E-10  1.8054E-08
  7.4610E-03  1.8390E-05  4.9525E-10  1.8721E-08
  7.5289E-03  1.9024E-05  5.1352E-10  1.9411E-08
  7.5974E-03  1.9679E-05  5.3247E-10  2.0128E-08
  7.6665E-03  2.0358E-05  5.5211E-10  2.0870E-08
  7.7362E-03  2.1059E-05  5.7247E-10  2.1640E-08
  7.8066E-03  2.1784E-05  5.9358E-10  2.2438E-08
  7.8776E-03  2.2534E-05  6.1546E-10  2.3265E-08
  7.9492E-03  2.3309E-05  6.3815E-10  2.4122E-08
  8.0214E-03  2.4111E-05  6.6167E-10  2.5012E-08
  8.0943E-03  2.4941E-05  6.8606E-10  2.5933E-08
  8.1679E-03  2.5798E-05  7.1133E-10  2.6889E-08
  8.2421E-03  2.6685E-05  7.3754E-10  2.7879E-08
  8.3170E-03  2.7602E-05  7.6471E-10  2.8906E-08
  8.3925E-03  2.8551E-05  7.9288E-10  2.9971E-08
  8.4688E-03  2.9531E-05  8.2207E-10  3.1075E-08
  8.5457E-03  3.0545E-05  8.5234E-10  3.2219E-08
  8.6233E-03  3.1593E-05  8.8372E-10  3.3405E-08
  8.7016E-03  3.2677E-05  9.1626E-10  3.4635E-08
  8.7805E-03  3.3798E-05  9.4998E-10  3.5910E-08
  8.8602E-03  3.4957E-05  9.8494E-10  3.7231E-08
  8.9406E-03  3.6156E-05  1.0212E-09  3.8601E-08
  9.0218E-03  3.7395E-05  1.0588E-09  4.0021E-08
  9.1036E-03  3.8676E-05  1.0977E-09  4.1494E-08
  9.1862E-03  4.0000E-05  1.1381E-09  4.3020E-08
  9.2695E-03  4.1369E-05  1.1799E-09  4.4602E-08
  9.3536E-03  4.2785E-05  1.2233E-09  4.6242E-08
  9.4384E-03  4.4249E-05  1.2683E-09  4.7943E-08
  9.5240E-03  4.5762E-05  1.3149E-09  4.9705E-08
  9.6104E-03  4.7327E-05  1.3633E-09  5.1532E-08
  9.6975E-03  4.8944E-05  1.4134E-09  5.3427E-08
  9.7854E-03  5.0616E-05  1.4653E-09  5.5390E-08
  9.8741E-03  5.2345E-05  1.5192E-09  5.7425E-08
  9.9635E-03  5.4132E-05  1.5750E-09  5.9535E-08
  1.0054E-02  5.5979E-05  1.6329E-09  6.1723E-08
  1.0145E-02  5.7889E-05  1.6928E-09  6.3990E-08
  1.0237E-02  5.9863E-05  1.7550E-09  6.6340E-08
  1.0330E-02  6.1904E-05  1.8195E-09  6.8777E-08
  1.0423E-02  6.4013E-05  1.8863E-09  7.1302E-08
  1.0517E-02  6.6194E-05  1.9555E-09  7.3920E-08
  1.0613E-02  6.8448E-05  2.0273E-09  7.6634E-08
  1.0709E-02  7.0777E-05  2.1018E-09  7.9447E-08
  1.0806E-02  7.3186E-05  2.1789E-09  8.2363E-08
  1.0904E-02  7.5675E-05  2.2589E-09  8.5386E-08
  1.1002E-02  7.8248E-05  2.3418E-09  8.8520E-08
  1.1102E-02  8.0907E-05  2.4277E-09  9.1768E-08
  1.1202E-02  8.3655E-05  2.5168E-09  9.5135E-08
  1.1304E-02  8.6496E-05  2.6091E-09  9.8625E-08
  1.1406E-02  8.9432E-05  2.7048E-09  1.0224E-07
  1.1509E-02  9.2466E-05  2.8040E-09  1.0599E-07
  1.1613E-02  9.5602E-05  2.9068E-09  1.0988E-07
  1.1718E-02  9.8843E-05  3.0134E-09  1.1391E-07
  1.1824E-02  1.0219E-04  3.1239E-09  1.1809E-07
  1.1931E-02  1.0565E-04  3.2385E-09  1.2242E-07
  1.2039E-02  1.0923E-04  3.3572E-09  1.2690E-07
  1.2148E-02  1.1293E-04  3.4803E-09  1.3156E-07
  1.2258E-02  1.1675E-04  3.6078E-09  1.3638E-07
  1.2369E-02  1.2070E-04  3.7401E-09  1.4138E-07
  1.2480E-02  1.2477E-04  3.8771E-09  1.4656E-07
  1.2593E-02  1.2899E-04  4.0192E-09  1.5193E-07
  1.2707E-02  1.3335E-04  4.1664E-09  1.5749E-07
  1.2822E-02  1.3785E-04  4.3191E-09  1.6326E-07
  1.2938E-02  1.4250E-04  4.4773E-09  1.6924E-07
  1.3054E-02  1.4730E-04  4.6413E-09  1.7544E-07
  1.3172E-02  1.5227E-04  4.8113E-09  1.8187E-07
  1.3291E-02  1.5739E-04  4.9875E-09  1.8853E-07
  1.3411E-02  1.6269E-04  5.1701E-09  1.9543E-07
  1.3533E-02  1.6817E-04  5.3595E-09  2.0259E-07
  1.3655E-02  1.7383E-04  5.5557E-09  2.1001E-07
  1.3778E-02  1.7967E-04  5.7591E-09  2.1770E-07
  1.3902E-02  1.8571E-04  5.9699E-09  2.2566E-07
  1.4028E-02  1.9195E-04  6.1884E-09  2.3393E-07
  1.4155E-02  1.9839E-04  6.4149E-09  2.4249E-07
  1.4282E-02  2.0505E-04  6.6497E-09  2.5136E-07
  1.4411E-02  2.1192E-04  6.8931E-09  2.6056E-07
  1.4541E-02  2.1903E-04  7.1453E-09  2.7009E-07
  1.4673E-02  2.2637E-04  7.4067E-09  2.7998E-07
  1.4805E-02  2.3394E-04  7.6777E-09  2.9022E-07
  1.4939E-02  2.4177E-04  7.9586E-09  3.0084E-07
  1.5073E-02  2.4986E-04  8.2497E-09  3.1184E-07
  1.5209E-02  2.5821E-04  8.5515E-09  3.2325E-07
  1.5347E-02  2.6684E-04  8.8642E-09  3.3507E-07
  1.5485E-02  2.7575E-04  9.1884E-09  3.4733E-07
  1.5625E-02  2.8495E-04  9.5244E-09  3.6003E-07
  1.5766E-02  2.9446E-04  9.8727E-09  3.7319E-07
  1.5908E-02  3.0427E-04  1.0234E-08  3.8684E-07
  1.6051E-02  3.1441E-04  1.0608E-08  4.0098E-07
  1.6196E-02  3.2488E-04  1.0996E-08  4.1564E-07
  1.6342E-02  3.3569E-04  1.1398E-08  4.3083E-07
  1.6489E-02  3.4685E-04  1.1814E-08  4.4658E-07
  1.6638E-02  3.5838E-04  1.2246E-08  4.6290E-07
  1.6788E-02  3.7028E-04  1.2694E-08  4.7982E-07
  1.6939E-02  3.8258E-04  1.3157E-08  4.9736E-07
  1.7092E-02  3.9527E-04  1.3638E-08  5.1553E-07
  1.7246E-02  4.0837E-04  1.4137E-08  5.3437E-07
  1.7402E-02  4.2190E-04  1.4653E-08  5.5389E-07
  1.7558E-02  4.3587E-04  1.5189E-08  5.7413E-07
  1.7717E-02  4.5030E-04  1.5743E-08  5.9511E-07
  1.7876E-02  4.6519E-04  1.6319E-08  6.1685E-07
  1.8037E-02  4.8056E-04  1.6915E-08  6.3938E-07
  1.8200E-02  4.9643E-04  1.7532E-08  6.6273E-07
  1.8364E-02  5.1282E-04  1.8173E-08  6.8694E-07
  1.8529E-02  5.2973E-04  1.8836E-08  7.1202E-07
  1.8696E-02  5.4719E-04  1.9524E-08  7.3803E-07
  1.8865E-02  5.6522E-04  2.0237E-08  7.6497E-07
  1.9035E-02  5.8382E-04  2.0976E-08  7.9291E-07
  1.9206E-02  6.0302E-04  2.1742E-08  8.2186E-07
  1.9379E-02  6.2284E-04  2.2536E-08  8.5186E-07
  1.9553E-02  6.4330E-04  2.3359E-08  8.8296E-07
  1.9730E-02  6.6441E-04  2.4211E-08  9.1519E-07
  1.9907E-02  6.8621E-04  2.5095E-08  9.4860E-07
  2.0086E-02  7.0870E-04  2.6011E-08  9.8322E-07
  2.0267E-02  7.3191E-04  2.6960E-08  1.0191E-06
  2.0450E-02  7.5586E-04  2.7944E-08  1.0563E-06
  2.0634E-02  7.8057E-04  2.8964E-08  1.0949E-06
  2.0820E-02  8.0608E-04  3.0021E-08  1.1348E-06
  2.1007E-02  8.3240E-04  3.1117E-08  1.1762E-06
  2.1196E-02  8.5956E-04  3.2252E-08  1.2191E-06
  2.1387E-02  8.8758E-04  3.3429E-08  1.2636E-06
  2.1579E-02  9.1649E-04  3.4648E-08  1.3097E-06
  2.1774E-02  9.4633E-04  3.5912E-08  1.3575E-06
  2.1969E-02  9.7710E-04  3.7222E-08  1.4070E-06
  2.2167E-02  1.0089E-03  3.8580E-08  1.4583E-06
  2.2367E-02  1.0416E-03  3.9987E-08  1.5115E-06
  2.2568E-02  1.0754E-03  4.1446E-08  1.5667E-06
  2.2771E-02  1.1103E-03  4.2957E-08  1.6238E-06
  2.2976E-02  1.1462E-03  4.4524E-08  1.6830E-06
  2.3183E-02  1.1833E-03  4.6148E-08  1.7444E-06
  2.3391E-02  1.2216E-03  4.7831E-08  1.8080E-06
  2.3601E-02  1.2611E-03  4.9575E-08  1.8739E-06
  2.3814E-02  1.3018E-03  5.1382E-08  1.9423E-06
  2.4028E-02  1.3438E-03  5.3256E-08  2.0131E-06
  2.4244E-02  1.3871E-03  5.5197E-08  2.0865E-06
  2.4462E-02  1.4317E-03  5.7209E-08  2.1625E-06
  2.4682E-02  1.4778E-03  5.9295E-08  2.2414E-06
  2.4904E-02  1.5252E-03  6.1456E-08  2.3231E-06
  2.5128E-02  1.5742E-03  6.3697E-08  2.4077E-06
  2.5354E-02  1.6247E-03  6.6018E-08  2.4955E-06
  2.5582E-02  1.6768E-03  6.8424E-08  2.5864E-06
  2.5812E-02  1.7305E-03  7.0918E-08  2.6807E-06
  2.6044E-02  1.7858E-03  7.3503E-08  2.7784E-06
  2.6278E-02  1.8429E-03  7.6181E-08  2.8797E-06
  2.6514E-02  1.9017E-03  7.8957E-08  2.9846E-06
  2.6753E-02  1.9624E-03  8.1834E-08  3.0933E-06
  2.6993E-02  2.0249E-03  8.4816E-08  3.2060E-06
  2.7236E-02  2.0894E-03  8.7907E-08  3.3229E-06
  2.7481E-02  2.1558E-03  9.1109E-08  3.4439E-06
  2.7728E-02  2.2243E-03  9.4428E-08  3.5694E-06
  2.7977E-02  2.2949E-03  9.7869E-08  3.6994E-06
  2.8228E-02  2.3676E-03  1.0143E-07  3.8342E-06
  2.8482E-02  2.4426E-03  1.0513E-07  3.9738E-06
  2.8738E-02  2.5199E-03  1.0896E-07  4.1186E-06
  2.8996E-02  2.5995E-03  1.1293E-07  4.2686E-06
  2.9257E-02  2.6816E-03  1.1704E-07  4.4241E-06
  2.9520E-02  2.7661E-03  1.2130E-07  4.5852E-06
  2.9785E-02  2.8533E-03  1.2572E-07  4.7522E-06
  3.0053E-02  2.9430E-03  1.3030E-07  4.9252E-06
  3.0323E-02  3.0355E-03  1.3504E-07  5.1046E-06
  3.0595E-02  3.1308E-03  1.3996E-07  5.2905E-06
  3.0870E-02  3.2290E-03  1.4506E-07  5.4831E-06
  3.1147E-02  3.3302E-03  1.5034E-07  5.6827E-06
  3.1427E-02  3.4344E-03  1.5581E-07  5.8896E-06
  3.1709E-02  3.5417E-03  1.6148E-07  6.1041E-06
  3.1994E-02  3.6523E-03  1.6736E-07  6.3263E-06
  3.2281E-02  3.7661E-03  1.7346E-07  6.5566E-06
  3.2571E-02  3.8834E-03  1.7977E-07  6.7953E-06
  3.2864E-02  4.0042E-03  1.8631E-07  7.0426E-06
  3.3159E-02  4.1286E-03  1.9310E-07  7.2990E-06
  3.3457E-02  4.2567E-03  2.0013E-07  7.5647E-06
  3.3757E-02  4.3887E-03  2.0741E-07  7.8400E-06
  3.4061E-02  4.5245E-03  2.1496E-07  8.1253E-06
  3.4366E-02  4.6644E-03  2.2278E-07  8.4210E-06
  3.4675E-02  4.8084E-03  2.3089E-07  8.7275E-06
  3.4986E-02  4.9566E-03  2.3929E-07  9.0451E-06
  3.5301E-02  5.1093E-03  2.4800E-07  9.3742E-06
  3.5617E-02  5.2664E-03  2.5702E-07  9.7153E-06
  3.5937E-02  5.4282E-03  2.6638E-07  1.0069E-05
  3.6260E-02  5.5947E-03  2.7607E-07  1.0435E-05
  3.6585E-02  5.7661E-03  2.8611E-07  1.0815E-05
  3.6914E-02  5.9425E-03  2.9652E-07  1.1208E-05
  3.7245E-02  6.1240E-03  3.0731E-07  1.1616E-05
  3.7580E-02  6.3108E-03  3.1849E-07  1.2039E-05
  3.7917E-02  6.5031E-03  3.3008E-07  1.2477E-05
  3.8257E-02  6.7009E-03  3.4208E-07  1.2930E-05
  3.8601E-02  6.9045E-03  3.5453E-07  1.3401E-05
  3.8947E-02  7.1140E-03  3.6742E-07  1.3888E-05
  3.9297E-02  7.3295E-03  3.8079E-07  1.4393E-05
  3.9650E-02  7.5512E-03  3.9464E-07  1.4917E-05
  4.0006E-02  7.7793E-03  4.0899E-07  1.5459E-05
  4.0365E-02  8.0139E-03  4.2386E-07  1.6022E-05
  4.0727E-02  8.2552E-03  4.3928E-07  1.6604E-05
  4.1092E-02  8.5035E-03  4.5525E-07  1.7208E-05
  4.1461E-02  8.7588E-03  4.7181E-07  1.7834E-05
  4.1833E-02  9.0214E-03  4.8897E-07  1.8482E-05
  4.2209E-02  9.2914E-03  5.0675E-07  1.9154E-05
  4.2587E-02  9.5691E-03  5.2517E-07  1.9851E-05
  4.2970E-02  9.8546E-03  5.4427E-07  2.0573E-05
  4.3355E-02  1.0148E-02  5.6405E-07  2.1321E-05
  4.3744E-02  1.0450E-02  5.8456E-07  2.2096E-05
  4.4137E-02  1.0760E-02  6.0581E-07  2.2899E-05
  4.4533E-02  1.1079E-02  6.2784E-07  2.3732E-05
  4.4932E-02  1.1407E-02  6.5066E-07  2.4594E-05
  4.5335E-02  1.1744E-02  6.7431E-07  2.5488E-05
  4.5742E-02  1.2091E-02  6.9882E-07  2.6415E-05
  4.6152E-02  1.2447E-02  7.2423E-07  2.7375E-05
  4.6567E-02  1.2813E-02  7.5055E-07  2.8370E-05
  4.6984E-02  1.3189E-02  7.7783E-07  2.9401E-05
  4.7406E-02  1.3575E-02  8.0610E-07  3.0469E-05
  4.7831E-02  1.3972E-02  8.3540E-07  3.1577E-05
  4.8260E-02  1.4380E-02  8.6576E-07  3.2724E-05
  4.8693E-02  1.4799E-02  8.9722E-07  3.3913E-05
  4.9130E-02  1.5230E-02  9.2982E-07  3.5146E-05
  4.9570E-02  1.5672E-02  9.6361E-07  3.6423E-05
  5.0015E-02  1.6126E-02  9.9863E-07  3.7746E-05
  5.0464E-02  1.6593E-02  1.0349E-06  3.9118E-05
  5.0916E-02  1.7072E-02  1.0725E-06  4.0539E-05
  5.1373E-02  1.7564E-02  1.1115E-06  4.2012E-05
  5.1834E-02  1.8069E-02  1.1519E-06  4.3538E-05
  5.2299E-02  1.8588E-02  1.1937E-06  4.5120E-05
  5.2768E-02  1.9121E-02  1.2371E-06  4.6759E-05
  5.3241E-02  1.9668E-02  1.2820E-06  4.8458E-05
  5.3718E-02  2.0229E-02  1.3286E-06  5.0218E-05
  5.4200E-02  2.0806E-02  1.3768E-06  5.2042E-05
  5.4686E-02  2.1397E-02  1.4269E-06  5.3932E-05
  5.5177E-02  2.2004E-02  1.4787E-06  5.5891E-05
  5.5671E-02  2.2627E-02  1.5324E-06  5.7921E-05
  5.6171E-02  2.3267E-02  1.5880E-06  6.0025E-05
  5.6674E-02  2.3923E-02  1.6457E-06  6.2205E-05
  5.7182E-02  2.4596E-02  1.7055E-06  6.4463E-05
  5.7695E-02  2.5287E-02  1.7674E-06  6.6804E-05
  5.8212E-02  2.5996E-02  1.8316E-06  6.9230E-05
  5.8734E-02  2.6722E-02  1.8981E-06  7.1744E-05
  5.9261E-02  2.7468E-02  1.9670E-06  7.4349E-05
  5.9792E-02  2.8233E-02  2.0385E-06  7.7048E-05
  6.0328E-02  2.9017E-02  2.1125E-06  7.9846E-05
  6.0869E-02  2.9821E-02  2.1892E-06  8.2745E-05
  6.1415E-02  3.0646E-02  2.2686E-06  8.5749E-05
  6.1966E-02  3.1492E-02  2.3510E-06  8.8861E-05
  6.2521E-02  3.2358E-02  2.4364E-06  9.2087E-05
  6.3082E-02  3.3247E-02  2.5248E-06  9.5430E-05
  6.3647E-02  3.4158E-02  2.6164E-06  9.8894E-05
  6.4218E-02  3.5092E-02  2.7114E-06  1.0248E-04
  6.4793E-02  3.6049E-02  2.8098E-06  1.0620E-04
  6.5374E-02  3.7030E-02  2.9118E-06  1.1006E-04
  6.5960E-02  3.8035E-02  3.0175E-06  1.1405E-04
  6.6552E-02  3.9065E-02  3.1270E-06  1.1819E-04
  6.7148E-02  4.0120E-02  3.2405E-06  1.2248E-04
  6.7750E-02  4.1201E-02  3.3581E-06  1.2692E-04
  6.8357E-02  4.2308E-02  3.4799E-06  1.3153E-04
  6.8970E-02  4.3442E-02  3.6062E-06  1.3630E-04
  6.9588E-02  4.4603E-02  3.7371E-06  1.4125E-04
  7.0212E-02  4.5793E-02  3.8727E-06  1.4637E-04
  7.0841E-02  4.7011E-02  4.0132E-06  1.5168E-04
  7.1476E-02  4.8258E-02  4.1588E-06  1.5718E-04
  7.2117E-02  4.9535E-02  4.3096E-06  1.6289E-04
  7.2763E-02  5.0842E-02  4.4660E-06  1.6880E-04
  7.3415E-02  5.2180E-02  4.6280E-06  1.7492E-04
  7.4073E-02  5.3550E-02  4.7959E-06  1.8126E-04
  7.4737E-02  5.4951E-02  4.9698E-06  1.8784E-04
  7.5407E-02  5.6386E-02  5.1501E-06  1.9465E-04
  7.6083E-02  5.7853E-02  5.3368E-06  2.0171E-04
  7.6764E-02  5.9355E-02  5.5304E-06  2.0902E-04
  7.7452E-02  6.0891E-02  5.7310E-06  2.1660E-04
  7.8146E-02  6.2463E-02  5.9388E-06  2.2446E-04
  7.8847E-02  6.4070E-02  6.1541E-06  2.3260E-04
  7.9553E-02  6.5714E-02  6.3773E-06  2.4103E-04
  8.0266E-02  6.7395E-02  6.6085E-06  2.4977E-04
  8.0985E-02  6.9114E-02  6.8481E-06  2.5882E-04
  8.1711E-02  7.0872E-02  7.0964E-06  2.6820E-04
  8.2443E-02  7.2668E-02  7.3536E-06  2.7793E-04
  8.3182E-02  7.4505E-02  7.6202E-06  2.8800E-04
  8.3927E-02  7.6382E-02  7.8964E-06  2.9844E-04
  8.4679E-02  7.8301E-02  8.1827E-06  3.0926E-04
  8.5438E-02  8.0261E-02  8.4792E-06  3.2046E-04
  8.6204E-02  8.2265E-02  8.7866E-06  3.3208E-04
  8.6976E-02  8.4312E-02  9.1050E-06  3.4411E-04
  8.7755E-02  8.6402E-02  9.4349E-06  3.5658E-04
  8.8542E-02  8.8538E-02  9.7768E-06  3.6950E-04
  8.9335E-02  9.0719E-02  1.0131E-05  3.8289E-04
  9.0135E-02  9.2947E-02  1.0498E-05  3.9676E-04
  9.0943E-02  9.5222E-02  1.0879E-05  4.1114E-04
  9.1758E-02  9.7544E-02  1.1273E-05  4.2603E-04
  9.2580E-02  9.9915E-02  1.1681E-05  4.4146E-04
  9.3409E-02  1.0234E-01  1.2104E-05  4.5745E-04
  9.4246E-02  1.0481E-01  1.2543E-05  4.7402E-04
  9.5090E-02  1.0733E-01  1.2997E-05  4.9119E-04
  9.5942E-02  1.0990E-01  1.3468E-05  5.0897E-04
  9.6802E-02  1.1252E-01  1.3955E-05  5.2741E-04
  9.7669E-02  1.1520E-01  1.4461E-05  5.4650E-04
  9.8544E-02  1.1793E-01  1.4984E-05  5.6629E-04
  9.9426E-02  1.2072E-01  1.5527E-05  5.8679E-04
  1.0032E-01  1.2356E-01  1.6089E-05  6.0803E-04
  1.0122E-01  1.2646E-01  1.6672E-05  6.3005E-04
  1.0212E-01  1.2941E-01  1.7275E-05  6.5285E-04
  1.0304E-01  1.3242E-01  1.7901E-05  6.7648E-04
  1.0396E-01  1.3549E-01  1.8548E-05  7.0096E-04
  1.0489E-01  1.3862E-01  1.9220E-05  7.2633E-04
  1.0583E-01  1.4181E-01  1.9915E-05  7.5262E-04
  1.0678E-01  1.4506E-01  2.0636E-05  7.7985E-04
  1.0774E-01  1.4836E-01  2.1383E-05  8.0806E-04
  1.0870E-01  1.5174E-01  2.2157E-05  8.3730E-04
  1.0967E-01  1.5517E-01  2.2958E-05  8.6759E-04
  1.1066E-01  1.5867E-01  2.3789E-05  8.9897E-04
  1.1165E-01  1.6223E-01  2.4649E-05  9.3149E-04
  1.1265E-01  1.6585E-01  2.5541E-05  9.6518E-04
  1.1366E-01  1.6954E-01  2.6465E-05  1.0001E-03
  1.1467E-01  1.7330E-01  2.7422E-05  1.0362E-03
  1.1570E-01  1.7712E-01  2.8414E-05  1.0737E-03
  1.1674E-01  1.8101E-01  2.9441E-05  1.1125E-03
  1.1778E-01  1.8497E-01  3.0506E-05  1.1528E-03
  1.1884E-01  1.8900E-01  3.1609E-05  1.1944E-03
  1.1990E-01  1.9309E-01  3.2751E-05  1.2376E-03
  1.2098E-01  1.9726E-01  3.3935E-05  1.2823E-03
  1.2206E-01  2.0149E-01  3.5162E-05  1.3287E-03
  1.2315E-01  2.0580E-01  3.6433E-05  1.3767E-03
  1.2426E-01  2.1017E-01  3.7749E-05  1.4264E-03
  1.2537E-01  2.1462E-01  3.9113E-05  1.4780E-03
  1.2649E-01  2.1914E-01  4.0527E-05  1.5313E-03
  1.2762E-01  2.2374E-01  4.1991E-05  1.5867E-03
  1.2877E-01  2.2841E-01  4.3508E-05  1.6440E-03
  1.2992E-01  2.3315E-01  4.5079E-05  1.7033E-03
  1.3108E-01  2.3796E-01  4.6707E-05  1.7648E-03
  1.3226E-01  2.4285E-01  4.8394E-05  1.8286E-03
  1.3344E-01  2.4782E-01  5.0142E-05  1.8946E-03
  1.3464E-01  2.5286E-01  5.1952E-05  1.9630E-03
  1.3584E-01  2.5797E-01  5.3828E-05  2.0338E-03
  1.3706E-01  2.6316E-01  5.5771E-05  2.1072E-03
  1.3829E-01  2.6843E-01  5.7784E-05  2.1833E-03
  1.3953E-01  2.7378E-01  5.9869E-05  2.2620E-03
  1.4078E-01  2.7920E-01  6.2030E-05  2.3436E-03
  1.4204E-01  2.8470E-01  6.4268E-05  2.4282E-03
  1.4331E-01  2.9027E-01  6.6586E-05  2.5158E-03
  1.4459E-01  2.9592E-01  6.8988E-05  2.6065E-03
  1.4589E-01  3.0165E-01  7.1477E-05  2.7005E-03
  1.4719E-01  3.0746E-01  7.4054E-05  2.7978E-03
  1.4851E-01  3.1334E-01  7.6725E-05  2.8987E-03
  1.4984E-01  3.1930E-01  7.9491E-05  3.0032E-03
  1.5118E-01  3.2534E-01  8.2357E-05  3.1114E-03
  1.5254E-01  3.3146E-01  8.5325E-05  3.2236E-03
  1.5390E-01  3.3765E-01  8.8401E-05  3.3397E-03
  1.5528E-01  3.4392E-01  9.1586E-05  3.4600E-03
  1.5667E-01  3.5026E-01  9.4886E-05  3.5846E-03
  1.5807E-01  3.5669E-01  9.8305E-05  3.7137E-03
  1.5949E-01  3.6319E-01  1.0185E-04  3.8475E-03
  1.6092E-01  3.6976E-01  1.0551E-04  3.9860E-03
  1.6236E-01  3.7641E-01  1.0931E-04  4.1295E-03
  1.6381E-01  3.8314E-01  1.1325E-04  4.2781E-03
  1.6528E-01  3.8994E-01  1.1733E-04  4.4321E-03
  1.6676E-01  3.9681E-01  1.2155E-04  4.5915E-03
  1.6825E-01  4.0376E-01  1.2592E-04  4.7567E-03
  1.6976E-01  4.1078E-01  1.3045E-04  4.9278E-03
  1.7128E-01  4.1787E-01  1.3515E-04  5.1050E-03
  1.7281E-01  4.2504E-01  1.4001E-04  5.2886E-03
  1.7436E-01  4.3227E-01  1.4504E-04  5.4787E-03
  1.7592E-01  4.3958E-01  1.5026E-04  5.6756E-03
  1.7749E-01  4.4695E-01  1.5566E-04  5.8796E-03
  1.7908E-01  4.5439E-01  1.6126E-04  6.0908E-03
  1.8069E-01  4.6190E-01  1.6705E-04  6.3096E-03
  1.8230E-01  4.6948E-01  1.7305E-04  6.5362E-03
  1.8393E-01  4.7712E-01  1.7927E-04  6.7710E-03
  1.8558E-01  4.8483E-01  1.8571E-04  7.0140E-03
  1.8724E-01  4.9260E-01  1.9238E-04  7.2658E-03
  1.8892E-01  5.0043E-01  1.9928E-04  7.5266E-03
  1.9061E-01  5.0832E-01  2.0644E-04  7.7966E-03
  1.9232E-01  5.1627E-01  2.1385E-04  8.0763E-03
  1.9404E-01  5.2428E-01  2.2152E-04  8.3659E-03
  1.9578E-01  5.3234E-01  2.2947E-04  8.6659E-03
  1.9753E-01  5.4046E-01  2.3770E-04  8.9765E-03
  1.9930E-01  5.4863E-01  2.4622E-04  9.2983E-03
  2.0108E-01  5.5685E-01  2.5505E-04  9.6314E-03
  2.0288E-01  5.6513E-01  2.6419E-04  9.9764E-03
  2.0470E-01  5.7345E-01  2.7365E-04  1.0334E-02
  2.0653E-01  5.8181E-01  2.8346E-04  1.0704E-02
  2.0838E-01  5.9022E-01  2.9361E-04  1.1087E-02
  2.1024E-01  5.9868E-01  3.0412E-04  1.1484E-02
  2.1213E-01  6.0717E-01  3.1501E-04  1.1894E-02
  2.1403E-01  6.1570E-01  3.2628E-04  1.2320E-02
  2.1594E-01  6.2427E-01  3.3796E-04  1.2760E-02
  2.1787E-01  6.3287E-01  3.5005E-04  1.3217E-02
  2.1983E-01  6.4150E-01  3.6257E-04  1.3689E-02
  2.2179E-01  6.5016E-01  3.7553E-04  1.4178E-02
  2.2378E-01  6.5885E-01  3.8895E-04  1.4684E-02
  2.2578E-01  6.6757E-01  4.0285E-04  1.5209E-02
  2.2780E-01  6.7630E-01  4.1724E-04  1.5752E-02
  2.2984E-01  6.8506E-01  4.3214E-04  1.6314E-02
  2.3190E-01  6.9383E-01  4.4756E-04  1.6896E-02
  2.3398E-01  7.0262E-01  4.6354E-04  1.7498E-02
  2.3607E-01  7.1142E-01  4.8008E-04  1.8122E-02
  2.3818E-01  7.2023E-01  4.9720E-04  1.8768E-02
  2.4032E-01  7.2904E-01  5.1493E-04  1.9437E-02
  2.4247E-01  7.3786E-01  5.3328E-04  2.0129E-02
  2.4464E-01  7.4668E-01  5.5228E-04  2.0846E-02
  2.4683E-01  7.5549E-01  5.7195E-04  2.1588E-02
  2.4904E-01  7.6431E-01  5.9232E-04  2.2356E-02
  2.5127E-01  7.7311E-01  6.1340E-04  2.3151E-02
  2.5351E-01  7.8190E-01  6.3523E-04  2.3974E-02
  2.5578E-01  7.9068E-01  6.5782E-04  2.4826E-02
  2.5807E-01  7.9944E-01  6.8121E-04  2.5708E-02
  2.6038E-01  8.0818E-01  7.0543E-04  2.6621E-02
  2.6271E-01  8.1690E-01  7.3049E-04  2.7565E-02
  2.6507E-01  8.2558E-01  7.5643E-04  2.8544E-02
  2.6744E-01  8.3424E-01  7.8329E-04  2.9556E-02
  2.6983E-01  8.4287E-01  8.1109E-04  3.0604E-02
  2.7225E-01  8.5146E-01  8.3986E-04  3.1688E-02
  2.7468E-01  8.6001E-01  8.6964E-04  3.2811E-02
  2.7714E-01  8.6852E-01  9.0046E-04  3.3972E-02
  2.7962E-01  8.7698E-01  9.3236E-04  3.5175E-02
  2.8213E-01  8.8539E-01  9.6538E-04  3.6419E-02
  2.8465E-01  8.9375E-01  9.9955E-04  3.7706E-02
  2.8720E-01  9.0205E-01  1.0349E-03  3.9039E-02
  2.8977E-01  9.1029E-01  1.0715E-03  4.0418E-02
  2.9236E-01  9.1847E-01  1.1094E-03  4.1845E-02
  2.9498E-01  9.2658E-01  1.1486E-03  4.3321E-02
  2.9762E-01  9.3462E-01  1.1891E-03  4.4849E-02
  3.0028E-01  9.4259E-01  1.2311E-03  4.6430E-02
  3.0297E-01  9.5048E-01  1.2745E-03  4.8066E-02
  3.0568E-01  9.5830E-01  1.3195E-03  4.9758E-02
  3.0842E-01  9.6602E-01  1.3660E-03  5.1509E-02
  3.1118E-01  9.7366E-01  1.4141E-03  5.3321E-02
  3.1397E-01  9.8121E-01  1.4638E-03  5.5195E-02
  3.1678E-01  9.8867E-01  1.5153E-03  5.7134E-02
  3.1961E-01  9.9603E-01  1.5686E-03  5.9140E-02
  3.2247E-01  1.0033E+00  1.6237E-03  6.1215E-02
  3.2536E-01  1.0104E+00  1.6808E-03  6.3361E-02
  3.2827E-01  1.0175E+00  1.7398E-03  6.5582E-02
  3.3121E-01  1.0244E+00  1.8008E-03  6.7879E-02
  3.3417E-01  1.0312E+00  1.8639E-03  7.0254E-02
  3.3716E-01  1.0379E+00  1.9292E-03  7.2711E-02
  3.4018E-01  1.0445E+00  1.9968E-03  7.5252E-02
  3.4323E-01  1.0509E+00  2.0666E-03  7.7881E-02
  3.4630E-01  1.0573E+00  2.1389E-03  8.0599E-02
  3.4940E-01  1.0635E+00  2.2136E-03  8.3409E-02
  3.5252E-01  1.0695E+00  2.2909E-03  8.6316E-02
  3.5568E-01  1.0754E+00  2.3708E-03  8.9322E-02
  3.5886E-01  1.0812E+00  2.4535E-03  9.2430E-02
  3.6207E-01  1.0868E+00  2.5389E-03  9.5644E-02
  3.6531E-01  1.0923E+00  2.6273E-03  9.8967E-02
  3.6858E-01  1.0977E+00  2.7187E-03  1.0240E-01
  3.7188E-01  1.1028E+00  2.8132E-03  1.0595E-01
  3.7521E-01  1.1079E+00  2.9109E-03  1.0963E-01
  3.7857E-01  1.1127E+00  3.0119E-03  1.1342E-01
  3.8196E-01  1.1174E+00  3.1164E-03  1.1735E-01
  3.8537E-01  1.1220E+00  3.2243E-03  1.2140E-01
  3.8882E-01  1.1264E+00  3.3359E-03  1.2559E-01
  3.9230E-01  1.1306E+00  3.4513E-03  1.2993E-01
  3.9581E-01  1.1346E+00  3.5706E-03  1.3440E-01
  3.9936E-01  1.1385E+00  3.6938E-03  1.3903E-01
  4.0293E-01  1.1422E+00  3.8212E-03  1.4382E-01
  4.0654E-01  1.1458E+00  3.9529E-03  1.4876E-01
  4.1018E-01  1.1491E+00  4.0890E-03  1.5386E-01
  4.1385E-01  1.1523E+00  4.2296E-03  1.5914E-01
  4.1755E-01  1.1553E+00  4.3749E-03  1.6459E-01
  4.2129E-01  1.1581E+00  4.5251E-03  1.7023E-01
  4.2506E-01  1.1607E+00  4.6802E-03  1.7604E-01
  4.2886E-01  1.1632E+00  4.8405E-03  1.8206E-01
  4.3270E-01  1.1655E+00  5.0061E-03  1.8826E-01
  4.3657E-01  1.1675E+00  5.1772E-03  1.9468E-01
  4.4048E-01  1.1694E+00  5.3539E-03  2.0130E-01
  4.4442E-01  1.1711E+00  5.5365E-03  2.0814E-01
  4.4840E-01  1.1727E+00  5.7250E-03  2.1521E-01
  4.5241E-01  1.1740E+00  5.9198E-03  2.2250E-01
  4.5646E-01  1.1752E+00  6.1209E-03  2.3003E-01
  4.6054E-01  1.1761E+00  6.3286E-03  2.3781E-01
  4.6467E-01  1.1769E+00  6.5431E-03  2.4584E-01
  4.6882E-01  1.1775E+00  6.7646E-03  2.5413E-01
  4.7302E-01  1.1779E+00  6.9933E-03  2.6268E-01
  4.7725E-01  1.1781E+00  7.2294E-03  2.7152E-01
  4.8152E-01  1.1781E+00  7.4731E-03  2.8063E-01
  4.8583E-01  1.1780E+00  7.7247E-03  2.9004E-01
  4.9018E-01  1.1776E+00  7.9844E-03  2.9975E-01
  4.9457E-01  1.1771E+00  8.2524E-03  3.0976E-01
  4.9899E-01  1.1764E+00  8.5290E-03  3.2010E-01
  5.0346E-01  1.1755E+00  8.8145E-03  3.3076E-01
  5.0796E-01  1.1744E+00  9.1091E-03  3.4176E-01
  5.1251E-01  1.1731E+00  9.4130E-03  3.5311E-01
  5.1710E-01  1.1717E+00  9.7266E-03  3.6481E-01
  5.2172E-01  1.1700E+00  1.0050E-02  3.7688E-01
  5.2639E-01  1.1682E+00  1.0384E-02  3.8933E-01
  5.3110E-01  1.1662E+00  1.0728E-02  4.0216E-01
  5.3586E-01  1.1641E+00  1.1083E-02  4.1540E-01
  5.4065E-01  1.1618E+00  1.1449E-02  4.2904E-01
  5.4549E-01  1.1592E+00  1.1827E-02  4.4310E-01
  5.5037E-01  1.1566E+00  1.2216E-02  4.5759E-01
  5.5530E-01  1.1537E+00  1.2617E-02  4.7253E-01
  5.6026E-01  1.1507E+00  1.3031E-02  4.8793E-01
  5.6528E-01  1.1475E+00  1.3457E-02  5.0379E-01
  5.7034E-01  1.1442E+00  1.3897E-02  5.2013E-01
  5.7544E-01  1.1407E+00  1.4350E-02  5.3697E-01
  5.8059E-01  1.1370E+00  1.4817E-02  5.5431E-01
  5.8579E-01  1.1332E+00  1.5298E-02  5.7217E-01
  5.9103E-01  1.1292E+00  1.5793E-02  5.9056E-01
  5.9632E-01  1.1251E+00  1.6304E-02  6.0949E-01
  6.0165E-01  1.1208E+00  1.6829E-02  6.2899E-01
  6.0704E-01  1.1164E+00  1.7371E-02  6.4906E-01
  6.1247E-01  1.1118E+00  1.7928E-02  6.6971E-01
  6.1795E-01  1.1071E+00  1.8502E-02  6.9097E-01
  6.2348E-01  1.1023E+00  1.9093E-02  7.1284E-01
  6.2906E-01  1.0973E+00  1.9702E-02  7.3534E-01
  6.3469E-01  1.0922E+00  2.0328E-02  7.5849E-01
  6.4037E-01  1.0869E+00  2.0972E-02  7.8230E-01
  6.4610E-01  1.0815E+00  2.1635E-02  8.0678E-01
  6.5188E-01  1.0760E+00  2.2317E-02  8.3196E-01
  6.5771E-01  1.0704E+00  2.3019E-02  8.5784E-01
  6.6360E-01  1.0646E+00  2.3741E-02  8.8444E-01
  6.6954E-01  1.0588E+00  2.4483E-02  9.1178E-01
  6.7553E-01  1.0528E+00  2.5246E-02  9.3987E-01
  6.8157E-01  1.0467E+00  2.6031E-02  9.6872E-01
  6.8767E-01  1.0405E+00  2.6837E-02  9.9836E-01
  6.9382E-01  1.0341E+00  2.7666E-02  1.0288E+00
  7.0003E-01  1.0277E+00  2.8518E-02  1.0601E+00
  7.0630E-01  1.0212E+00  2.9393E-02  1.0921E+00
  7.1262E-01  1.0146E+00  3.0292E-02  1.1251E+00
  7.1899E-01  1.0079E+00  3.1215E-02  1.1589E+00
  7.2543E-01  1.0010E+00  3.2163E-02  1.1935E+00
  7.3192E-01  9.9415E-01  3.3137E-02  1.2291E+00
  7.3847E-01  9.8716E-01  3.4136E-02  1.2656E+00
  7.4508E-01  9.8010E-01  3.5161E-02  1.3030E+00
  7.5174E-01  9.7295E-01  3.6213E-02  1.3413E+00
  7.5847E-01  9.6572E-01  3.7292E-02  1.3806E+00
  7.6526E-01  9.5842E-01  3.8399E-02  1.4208E+00
  7.7211E-01  9.5105E-01  3.9535E-02  1.4620E+00
  7.7901E-01  9.4361E-01  4.0699E-02  1.5042E+00
  7.8598E-01  9.3610E-01  4.1891E-02  1.5475E+00
  7.9302E-01  9.2853E-01  4.3114E-02  1.5917E+00
  8.0011E-01  9.2091E-01  4.4367E-02  1.6369E+00
  8.0727E-01  9.1322E-01  4.5650E-02  1.6832E+00
  8.1450E-01  9.0548E-01  4.6964E-02  1.7306E+00
  8.2179E-01  8.9769E-01  4.8309E-02  1.7790E+00
  8.2914E-01  8.8985E-01  4.9686E-02  1.8285E+00
  8.3656E-01  8.8197E-01  5.1095E-02  1.8790E+00
  8.4404E-01  8.7404E-01  5.2536E-02  1.9306E+00
  8.5160E-01  8.6607E-01  5.4010E-02  1.9833E+00
  8.5922E-01  8.5807E-01  5.5518E-02  2.0371E+00
  8.6690E-01  8.5003E-01  5.7058E-02  2.0920E+00
  8.7466E-01  8.4196E-01  5.8633E-02  2.1480E+00
  8.8249E-01  8.3386E-01  6.0241E-02  2.2051E+00
  8.9038E-01  8.2573E-01  6.1884E-02  2.2632E+00
  8.9835E-01  8.1758E-01  6.3561E-02  2.3225E+00
  9.0639E-01  8.0941E-01  6.5272E-02  2.3829E+00
  9.1450E-01  8.0121E-01  6.7019E-02  2.4443E+00
  9.2268E-01  7.9300E-01  6.8800E-02  2.5068E+00
  9.3094E-01  7.8478E-01  7.0616E-02  2.5704E+00
  9.3927E-01  7.7654E-01  7.2467E-02  2.6350E+00
  9.4767E-01  7.6830E-01  7.4352E-02  2.7007E+00
  9.5615E-01  7.6004E-01  7.6273E-02  2.7674E+00
  9.6471E-01  7.5178E-01  7.8228E-02  2.8351E+00
  9.7334E-01  7.4352E-01  8.0218E-02  2.9037E+00
  9.8205E-01  7.3526E-01  8.2242E-02  2.9734E+00
  9.9084E-01  7.2700E-01  8.4300E-02  3.0439E+00
  9.9970E-01  7.1874E-01  8.6392E-02  3.1154E+00
  1.0086E+00  7.1049E-01  8.8517E-02  3.1877E+00
  1.0177E+00  7.0224E-01  9.0674E-02  3.2609E+00
  1.0268E+00  6.9400E-01  9.2865E-02  3.3348E+00
  1.0360E+00  6.8578E-01  9.5086E-02  3.4095E+00
  1.0452E+00  6.7757E-01  9.7339E-02  3.4849E+00
  1.0546E+00  6.6937E-01  9.9622E-02  3.5610E+00
  1.0640E+00  6.6119E-01  1.0193E-01  3.6376E+00
  1.0735E+00  6.5303E-01  1.0428E-01  3.7148E+00
  1.0832E+00  6.4489E-01  1.0664E-01  3.7925E+00
  1.0928E+00  6.3677E-01  1.0904E-01  3.8706E+00
  1.1026E+00  6.2867E-01  1.1146E-01  3.9490E+00
  1.1125E+00  6.2061E-01  1.1390E-01  4.0277E+00
  1.1224E+00  6.1256E-01  1.1637E-01  4.1065E+00
  1.1325E+00  6.0455E-01  1.1886E-01  4.1855E+00
  1.1426E+00  5.9657E-01  1.2137E-01  4.2645E+00
  1.1528E+00  5.8862E-01  1.2389E-01  4.3434E+00
  1.1632E+00  5.8070E-01  1.2644E-01  4.4221E+00
  1.1736E+00  5.7282E-01  1.2899E-01  4.5005E+00
  1.1841E+00  5.6498E-01  1.3156E-01  4.5786E+00
  1.1947E+00  5.5717E-01  1.3414E-01  4.6561E+00
  1.2054E+00  5.4940E-01  1.3672E-01  4.7330E+00
  1.2161E+00  5.4167E-01  1.3932E-01  4.8091E+00
  1.2270E+00  5.3399E-01  1.4191E-01  4.8844E+00
  1.2380E+00  5.2634E-01  1.4451E-01  4.9586E+00
  1.2491E+00  5.1875E-01  1.4710E-01  5.0316E+00
  1.2602E+00  5.1119E-01  1.4969E-01  5.1034E+00
  1.2715E+00  5.0369E-01  1.5227E-01  5.1736E+00
  1.2829E+00  4.9623E-01  1.5484E-01  5.2423E+00
  1.2944E+00  4.8882E-01  1.5739E-01  5.3092E+00
  1.3060E+00  4.8146E-01  1.5993E-01  5.3741E+00
  1.3176E+00  4.7415E-01  1.6245E-01  5.4369E+00
  1.3294E+00  4.6689E-01  1.6494E-01  5.4974E+00
  1.3413E+00  4.5969E-01  1.6740E-01  5.5554E+00
  1.3533E+00  4.5254E-01  1.6984E-01  5.6107E+00
  1.3654E+00  4.4544E-01  1.7223E-01  5.6632E+00
  1.3777E+00  4.3840E-01  1.7459E-01  5.7127E+00
  1.3900E+00  4.3142E-01  1.7690E-01  5.7589E+00
  1.4024E+00  4.2449E-01  1.7917E-01  5.8017E+00
  1.4150E+00  4.1762E-01  1.8138E-01  5.8409E+00
  1.4276E+00  4.1081E-01  1.8354E-01  5.8762E+00
  1.4404E+00  4.0406E-01  1.8564E-01  5.9075E+00
  1.4533E+00  3.9736E-01  1.8767E-01  5.9345E+00
  1.4663E+00  3.9073E-01  1.8963E-01  5.9572E+00
  1.4794E+00  3.8416E-01  1.9152E-01  5.9752E+00
  1.4927E+00  3.7765E-01  1.9333E-01  5.9883E+00
  1.5060E+00  3.7121E-01  1.9506E-01  5.9965E+00
  1.5195E+00  3.6482E-01  1.9670E-01  5.9994E+00
  1.5331E+00  3.5850E-01  1.9825E-01  5.9969E+00
  1.5468E+00  3.5224E-01  1.9970E-01  5.9888E+00
  1.5606E+00  3.4605E-01  2.0106E-01  5.9749E+00
  1.5746E+00  3.3992E-01  2.0231E-01  5.9552E+00
  1.5887E+00  3.3385E-01  2.0345E-01  5.9293E+00
  1.6029E+00  3.2785E-01  2.0447E-01  5.8972E+00
  1.6172E+00  3.2192E-01  2.0538E-01  5.8587E+00
  1.6317E+00  3.1605E-01  2.0617E-01  5.8138E+00
  1.6463E+00  3.1025E-01  2.0684E-01  5.7622E+00
  1.6610E+00  3.0451E-01  2.0738E-01  5.7039E+00
  1.6759E+00  2.9884E-01  2.0778E-01  5.6389E+00
  1.6909E+00  2.9324E-01  2.0806E-01  5.5670E+00
  1.7060E+00  2.8770E-01  2.0819E-01  5.4883E+00
  1.7213E+00  2.8223E-01  2.0819E-01  5.4027E+00
  1.7367E+00  2.7682E-01  2.0805E-01  5.3102E+00
  1.7522E+00  2.7149E-01  2.0776E-01  5.2109E+00
  1.7679E+00  2.6622E-01  2.0733E-01  5.1047E+00
  1.7837E+00  2.6101E-01  2.0675E-01  4.9920E+00
  1.7997E+00  2.5588E-01  2.0603E-01  4.8726E+00
  1.8158E+00  2.5081E-01  2.0516E-01  4.7468E+00
  1.8320E+00  2.4581E-01  2.0414E-01  4.6148E+00
  1.8484E+00  2.4087E-01  2.0298E-01  4.4767E+00
  1.8650E+00  2.3600E-01  2.0168E-01  4.3329E+00
  1.8817E+00  2.3120E-01  2.0023E-01  4.1836E+00
  1.8985E+00  2.2647E-01  1.9864E-01  4.0291E+00
  1.9155E+00  2.2180E-01  1.9691E-01  3.8698E+00
  1.9326E+00  2.1720E-01  1.9505E-01  3.7061E+00
  1.9499E+00  2.1266E-01  1.9305E-01  3.5385E+00
  1.9674E+00  2.0819E-01  1.9093E-01  3.3674E+00
  1.9850E+00  2.0379E-01  1.8869E-01  3.1933E+00
  2.0027E+00  1.9945E-01  1.8633E-01  3.0169E+00
  2.0206E+00  1.9518E-01  1.8385E-01  2.8386E+00
  2.0387E+00  1.9097E-01  1.8127E-01  2.6592E+00
  2.0570E+00  1.8683E-01  1.7860E-01  2.4793E+00
  2.0754E+00  1.8275E-01  1.7583E-01  2.2997E+00
  2.0939E+00  1.7874E-01  1.7297E-01  2.1210E+00
  2.1127E+00  1.7479E-01  1.7004E-01  1.9440E+00
  2.1316E+00  1.7090E-01  1.6705E-01  1.7696E+00
  2.1506E+00  1.6708E-01  1.6399E-01  1.5986E+00
  2.1699E+00  1.6332E-01  1.6089E-01  1.4319E+00
  2.1893E+00  1.5962E-01  1.5774E-01  1.2702E+00
  2.2089E+00  1.5598E-01  1.5456E-01  1.1145E+00
  2.2286E+00  1.5241E-01  1.5136E-01  9.6559E-01
  2.2486E+00  1.4890E-01  1.4814E-01  8.2446E-01
  2.2687E+00  1.4545E-01  1.4492E-01  6.9194E-01
  2.2890E+00  1.4205E-01  1.4171E-01  5.6890E-01
  2.3095E+00  1.3872E-01  1.3850E-01  4.5617E-01
  2.3301E+00  1.3545E-01  1.3532E-01  3.5422E-01
  2.3510E+00  1.3224E-01  1.3217E-01  2.6350E-01
  2.3720E+00  1.2908E-01  1.2905E-01  1.8479E-01
  2.3933E+00  1.2598E-01  1.2597E-01  1.1882E-01
  2.4147E+00  1.2294E-01  1.2294E-01  6.6245E-02
  2.4363E+00  1.1996E-01  1.1996E-01  2.7642E-02
  2.4581E+00  1.1703E-01  1.1703E-01  3.4944E-03
  2.4801E+00  1.1416E-01  1.1416E-01 -5.8136E-03
  2.5023E+00  1.1134E-01  1.1134E-01 -0.0000E+00
  2.5246E+00  1.0857E-01  1.0857E-01 -0.0000E+00
  2.5472E+00  1.0586E-01  1.0586E-01 -0.0000E+00
  2.5700E+00  1.0321E-01  1.0321E-01 -0.0000E+00
  2.5930E+00  1.0060E-01  1.0060E-01 -0.0000E+00
  2.6162E+00  9.8049E-02  9.8049E-02 -0.0000E+00
  2.6396E+00  9.5547E-02  9.5547E-02 -0.0000E+00
  2.6632E+00  9.3095E-02  9.3095E-02 -0.0000E+00
  2.6871E+00  9.0693E-02  9.0693E-02 -0.0000E+00
  2.7111E+00  8.8339E-02  8.8339E-02 -0.0000E+00
  2.7354E+00  8.6035E-02  8.6035E-02 -0.0000E+00
  2.7598E+00  8.3777E-02  8.3777E-02 -0.0000E+00
  2.7845E+00  8.1567E-02  8.1567E-02 -0.0000E+00
  2.8094E+00  7.9403E-02  7.9403E-02 -0.0000E+00
  2.8346E+00  7.7285E-02  7.7285E-02 -0.0000E+00
  2.8599E+00  7.5211E-02  7.5211E-02 -0.0000E+00
  2.8855E+00  7.3182E-02  7.3182E-02 -0.0000E+00
  2.9113E+00  7.1196E-02  7.1196E-02 -0.0000E+00
  2.9374E+00  6.9253E-02  6.9253E-02 -0.0000E+00
  2.9637E+00  6.7352E-02  6.7352E-02 -0.0000E+00
  2.9902E+00  6.5492E-02  6.5492E-02 -0.0000E+00
  3.0169E+00  6.3674E-02  6.3674E-02 -0.0000E+00
  3.0439E+00  6.1895E-02  6.1895E-02 -0.0000E+00
  3.0712E+00  6.0157E-02  6.0157E-02 -0.0000E+00
  3.0987E+00  5.8457E-02  5.8457E-02 -0.0000E+00
  3.1264E+00  5.6795E-02  5.6795E-02 -0.0000E+00
  3.1543E+00  5.5171E-02  5.5171E-02 -0.0000E+00
  3.1826E+00  5.3584E-02  5.3584E-02 -0.0000E+00
  3.2110E+00  5.2033E-02  5.2033E-02 -0.0000E+00
  3.2398E+00  5.0518E-02  5.0518E-02 -0.0000E+00
  3.2688E+00  4.9038E-02  4.9038E-02 -0.0000E+00
  3.2980E+00  4.7593E-02  4.7593E-02 -0.0000E+00
  3.3275E+00  4.6182E-02  4.6182E-02 -0.0000E+00
  3.3573E+00  4.4804E-02  4.4804E-02 -0.0000E+00
  3.3873E+00  4.3459E-02  4.3459E-02 -0.0000E+00
  3.4176E+00  4.2146E-02  4.2146E-02 -0.0000E+00
  3.4482E+00  4.0864E-02  4.0864E-02 -0.0000E+00
  3.4791E+00  3.9614E-02  3.9614E-02 -0.0000E+00
  3.5102E+00  3.8394E-02  3.8394E-02 -0.0000E+00
  3.5416E+00  3.7205E-02  3.7205E-02 -0.0000E+00
  3.5733E+00  3.6044E-02  3.6044E-02 -0.0000E+00
  3.6052E+00  3.4913E-02  3.4913E-02 -0.0000E+00
  3.6375E+00  3.3810E-02  3.3810E-02 -0.0000E+00
  3.6700E+00  3.2735E-02  3.2735E-02 -0.0000E+00
  3.7029E+00  3.1687E-02  3.1687E-02 -0.0000E+00
  3.7360E+00  3.0665E-02  3.0665E-02 -0.0000E+00
  3.7694E+00  2.9671E-02  2.9671E-02 -0.0000E+00
  3.8032E+00  2.8702E-02  2.8702E-02 -0.0000E+00
  3.8372E+00  2.7758E-02  2.7758E-02 -0.0000E+00
  3.8715E+00  2.6839E-02  2.6839E-02 -0.0000E+00
  3.9062E+00  2.5944E-02  2.5944E-02 -0.0000E+00
