 # l=           0 basis function with energy   -0.28444079026116825     
  0.0000E+00  0.0000E+00 -0.0000E+00  0.0000E+00
  5.0071E-06  5.6664E-05 -3.4012E-06 -4.0599E-05
  1.0085E-05  1.1068E-04 -6.8507E-06 -8.1774E-05
  1.5236E-05  1.6419E-04 -1.0349E-05 -1.2353E-04
  2.0459E-05  2.1763E-04 -1.3897E-05 -1.6589E-04
  2.5757E-05  2.7118E-04 -1.7496E-05 -2.0884E-04
  3.1130E-05  3.2498E-04 -2.1146E-05 -2.5241E-04
  3.6579E-05  3.7911E-04 -2.4847E-05 -2.9659E-04
  4.2106E-05  4.3362E-04 -2.8601E-05 -3.4140E-04
  4.7711E-05  4.8857E-04 -3.2409E-05 -3.8685E-04
  5.3395E-05  5.4398E-04 -3.6270E-05 -4.3294E-04
  5.9161E-05  5.9988E-04 -4.0187E-05 -4.7969E-04
  6.5008E-05  6.5632E-04 -4.4159E-05 -5.2710E-04
  7.0939E-05  7.1329E-04 -4.8187E-05 -5.7519E-04
  7.6953E-05  7.7084E-04 -5.2273E-05 -6.2395E-04
  8.3053E-05  8.2897E-04 -5.6416E-05 -6.7341E-04
  8.9240E-05  8.8771E-04 -6.0619E-05 -7.2358E-04
  9.5514E-05  9.4707E-04 -6.4881E-05 -7.7445E-04
  1.0188E-04  1.0071E-03 -6.9203E-05 -8.2605E-04
  1.0833E-04  1.0677E-03 -7.3587E-05 -8.7838E-04
  1.1488E-04  1.1290E-03 -7.8034E-05 -9.3145E-04
  1.2152E-04  1.1910E-03 -8.2543E-05 -9.8528E-04
  1.2825E-04  1.2537E-03 -8.7117E-05 -1.0399E-03
  1.3508E-04  1.3171E-03 -9.1755E-05 -1.0952E-03
  1.4200E-04  1.3812E-03 -9.6460E-05 -1.1514E-03
  1.4903E-04  1.4461E-03 -1.0123E-04 -1.2083E-03
  1.5615E-04  1.5117E-03 -1.0607E-04 -1.2661E-03
  1.6338E-04  1.5780E-03 -1.1098E-04 -1.3247E-03
  1.7070E-04  1.6451E-03 -1.1595E-04 -1.3841E-03
  1.7813E-04  1.7130E-03 -1.2100E-04 -1.4444E-03
  1.8567E-04  1.7817E-03 -1.2612E-04 -1.5055E-03
  1.9332E-04  1.8512E-03 -1.3131E-04 -1.5674E-03
  2.0107E-04  1.9216E-03 -1.3658E-04 -1.6303E-03
  2.0893E-04  1.9927E-03 -1.4192E-04 -1.6941E-03
  2.1691E-04  2.0647E-03 -1.4734E-04 -1.7587E-03
  2.2499E-04  2.1376E-03 -1.5283E-04 -1.8243E-03
  2.3320E-04  2.2113E-03 -1.5840E-04 -1.8908E-03
  2.4151E-04  2.2859E-03 -1.6406E-04 -1.9583E-03
  2.4995E-04  2.3614E-03 -1.6979E-04 -2.0267E-03
  2.5851E-04  2.4378E-03 -1.7560E-04 -2.0960E-03
  2.6719E-04  2.5151E-03 -1.8149E-04 -2.1664E-03
  2.7599E-04  2.5933E-03 -1.8747E-04 -2.2378E-03
  2.8492E-04  2.6725E-03 -1.9354E-04 -2.3102E-03
  2.9397E-04  2.7526E-03 -1.9969E-04 -2.3836E-03
  3.0315E-04  2.8337E-03 -2.0592E-04 -2.4580E-03
  3.1246E-04  2.9158E-03 -2.1225E-04 -2.5335E-03
  3.2191E-04  2.9988E-03 -2.1867E-04 -2.6101E-03
  3.3149E-04  3.0829E-03 -2.2517E-04 -2.6878E-03
  3.4120E-04  3.1680E-03 -2.3177E-04 -2.7665E-03
  3.5106E-04  3.2541E-03 -2.3846E-04 -2.8464E-03
  3.6105E-04  3.3412E-03 -2.4525E-04 -2.9275E-03
  3.7118E-04  3.4294E-03 -2.5214E-04 -3.0096E-03
  3.8146E-04  3.5187E-03 -2.5912E-04 -3.0930E-03
  3.9189E-04  3.6090E-03 -2.6620E-04 -3.1775E-03
  4.0246E-04  3.7005E-03 -2.7338E-04 -3.2632E-03
  4.1318E-04  3.7930E-03 -2.8067E-04 -3.3502E-03
  4.2406E-04  3.8867E-03 -2.8805E-04 -3.4384E-03
  4.3509E-04  3.9815E-03 -2.9554E-04 -3.5278E-03
  4.4627E-04  4.0775E-03 -3.0314E-04 -3.6185E-03
  4.5762E-04  4.1746E-03 -3.1085E-04 -3.7105E-03
  4.6913E-04  4.2729E-03 -3.1867E-04 -3.8038E-03
  4.8080E-04  4.3724E-03 -3.2659E-04 -3.8984E-03
  4.9263E-04  4.4730E-03 -3.3463E-04 -3.9944E-03
  5.0463E-04  4.5749E-03 -3.4279E-04 -4.0917E-03
  5.1681E-04  4.6781E-03 -3.5106E-04 -4.1904E-03
  5.2916E-04  4.7825E-03 -3.5944E-04 -4.2905E-03
  5.4168E-04  4.8881E-03 -3.6795E-04 -4.3920E-03
  5.5438E-04  4.9950E-03 -3.7658E-04 -4.4950E-03
  5.6726E-04  5.1032E-03 -3.8533E-04 -4.5995E-03
  5.8032E-04  5.2127E-03 -3.9420E-04 -4.7054E-03
  5.9357E-04  5.3236E-03 -4.0320E-04 -4.8128E-03
  6.0701E-04  5.4357E-03 -4.1233E-04 -4.9218E-03
  6.2064E-04  5.5493E-03 -4.2158E-04 -5.0323E-03
  6.3446E-04  5.6641E-03 -4.3097E-04 -5.1443E-03
  6.4848E-04  5.7804E-03 -4.4049E-04 -5.2580E-03
  6.6269E-04  5.8981E-03 -4.5015E-04 -5.3733E-03
  6.7711E-04  6.0171E-03 -4.5995E-04 -5.4902E-03
  6.9174E-04  6.1376E-03 -4.6988E-04 -5.6087E-03
  7.0657E-04  6.2596E-03 -4.7995E-04 -5.7290E-03
  7.2161E-04  6.3830E-03 -4.9017E-04 -5.8510E-03
  7.3686E-04  6.5078E-03 -5.0053E-04 -5.9746E-03
  7.5234E-04  6.6342E-03 -5.1104E-04 -6.1001E-03
  7.6803E-04  6.7621E-03 -5.2170E-04 -6.2273E-03
  7.8394E-04  6.8914E-03 -5.3251E-04 -6.3564E-03
  8.0008E-04  7.0224E-03 -5.4348E-04 -6.4872E-03
  8.1645E-04  7.1548E-03 -5.5460E-04 -6.6200E-03
  8.3306E-04  7.2889E-03 -5.6588E-04 -6.7546E-03
  8.4989E-04  7.4245E-03 -5.7731E-04 -6.8911E-03
  8.6697E-04  7.5618E-03 -5.8891E-04 -7.0296E-03
  8.8429E-04  7.7006E-03 -6.0068E-04 -7.1700E-03
  9.0186E-04  7.8411E-03 -6.1261E-04 -7.3125E-03
  9.1967E-04  7.9833E-03 -6.2471E-04 -7.4569E-03
  9.3774E-04  8.1271E-03 -6.3699E-04 -7.6034E-03
  9.5607E-04  8.2726E-03 -6.4943E-04 -7.7520E-03
  9.7465E-04  8.4198E-03 -6.6206E-04 -7.9027E-03
  9.9350E-04  8.5688E-03 -6.7486E-04 -8.0555E-03
  1.0126E-03  8.7194E-03 -6.8785E-04 -8.2105E-03
  1.0320E-03  8.8719E-03 -7.0102E-04 -8.3677E-03
  1.0517E-03  9.0261E-03 -7.1438E-04 -8.5272E-03
  1.0716E-03  9.1821E-03 -7.2792E-04 -8.6889E-03
  1.0918E-03  9.3399E-03 -7.4166E-04 -8.8529E-03
  1.1124E-03  9.4995E-03 -7.5560E-04 -9.0192E-03
  1.1332E-03  9.6609E-03 -7.6973E-04 -9.1879E-03
  1.1543E-03  9.8243E-03 -7.8406E-04 -9.3590E-03
  1.1757E-03  9.9895E-03 -7.9860E-04 -9.5325E-03
  1.1974E-03  1.0157E-02 -8.1334E-04 -9.7085E-03
  1.2194E-03  1.0326E-02 -8.2829E-04 -9.8870E-03
  1.2417E-03  1.0496E-02 -8.4346E-04 -1.0068E-02
  1.2643E-03  1.0669E-02 -8.5884E-04 -1.0252E-02
  1.2873E-03  1.0844E-02 -8.7444E-04 -1.0438E-02
  1.3106E-03  1.1021E-02 -8.9026E-04 -1.0627E-02
  1.3342E-03  1.1200E-02 -9.0630E-04 -1.0818E-02
  1.3582E-03  1.1381E-02 -9.2257E-04 -1.1012E-02
  1.3825E-03  1.1564E-02 -9.3908E-04 -1.1209E-02
  1.4071E-03  1.1748E-02 -9.5582E-04 -1.1409E-02
  1.4321E-03  1.1935E-02 -9.7279E-04 -1.1612E-02
  1.4574E-03  1.2125E-02 -9.9001E-04 -1.1817E-02
  1.4832E-03  1.2316E-02 -1.0075E-03 -1.2026E-02
  1.5092E-03  1.2509E-02 -1.0252E-03 -1.2237E-02
  1.5357E-03  1.2704E-02 -1.0431E-03 -1.2451E-02
  1.5625E-03  1.2902E-02 -1.0614E-03 -1.2669E-02
  1.5897E-03  1.3102E-02 -1.0798E-03 -1.2889E-02
  1.6173E-03  1.3304E-02 -1.0986E-03 -1.3113E-02
  1.6452E-03  1.3508E-02 -1.1176E-03 -1.3340E-02
  1.6736E-03  1.3714E-02 -1.1368E-03 -1.3570E-02
  1.7024E-03  1.3923E-02 -1.1564E-03 -1.3803E-02
  1.7316E-03  1.4134E-02 -1.1762E-03 -1.4040E-02
  1.7612E-03  1.4347E-02 -1.1963E-03 -1.4280E-02
  1.7912E-03  1.4562E-02 -1.2167E-03 -1.4523E-02
  1.8216E-03  1.4780E-02 -1.2374E-03 -1.4770E-02
  1.8525E-03  1.5000E-02 -1.2584E-03 -1.5021E-02
  1.8838E-03  1.5222E-02 -1.2796E-03 -1.5274E-02
  1.9156E-03  1.5447E-02 -1.3012E-03 -1.5532E-02
  1.9478E-03  1.5674E-02 -1.3231E-03 -1.5793E-02
  1.9805E-03  1.5903E-02 -1.3453E-03 -1.6058E-02
  2.0136E-03  1.6135E-02 -1.3678E-03 -1.6327E-02
  2.0472E-03  1.6369E-02 -1.3906E-03 -1.6599E-02
  2.0813E-03  1.6606E-02 -1.4138E-03 -1.6876E-02
  2.1159E-03  1.6845E-02 -1.4373E-03 -1.7156E-02
  2.1509E-03  1.7087E-02 -1.4611E-03 -1.7440E-02
  2.1865E-03  1.7331E-02 -1.4852E-03 -1.7728E-02
  2.2225E-03  1.7577E-02 -1.5097E-03 -1.8021E-02
  2.2591E-03  1.7826E-02 -1.5346E-03 -1.8317E-02
  2.2962E-03  1.8078E-02 -1.5598E-03 -1.8618E-02
  2.3338E-03  1.8332E-02 -1.5853E-03 -1.8923E-02
  2.3720E-03  1.8588E-02 -1.6112E-03 -1.9232E-02
  2.4107E-03  1.8847E-02 -1.6375E-03 -1.9546E-02
  2.4499E-03  1.9109E-02 -1.6642E-03 -1.9864E-02
  2.4897E-03  1.9373E-02 -1.6912E-03 -2.0187E-02
  2.5301E-03  1.9639E-02 -1.7186E-03 -2.0514E-02
  2.5710E-03  1.9908E-02 -1.7464E-03 -2.0846E-02
  2.6125E-03  2.0180E-02 -1.7746E-03 -2.1183E-02
  2.6547E-03  2.0455E-02 -1.8032E-03 -2.1524E-02
  2.6974E-03  2.0732E-02 -1.8322E-03 -2.1871E-02
  2.7407E-03  2.1011E-02 -1.8617E-03 -2.2222E-02
  2.7846E-03  2.1293E-02 -1.8915E-03 -2.2578E-02
  2.8292E-03  2.1578E-02 -1.9218E-03 -2.2939E-02
  2.8744E-03  2.1866E-02 -1.9525E-03 -2.3306E-02
  2.9202E-03  2.2156E-02 -1.9836E-03 -2.3677E-02
  2.9667E-03  2.2448E-02 -2.0152E-03 -2.4054E-02
  3.0138E-03  2.2743E-02 -2.0472E-03 -2.4436E-02
  3.0616E-03  2.3041E-02 -2.0797E-03 -2.4824E-02
  3.1101E-03  2.3342E-02 -2.1126E-03 -2.5217E-02
  3.1593E-03  2.3645E-02 -2.1460E-03 -2.5616E-02
  3.2092E-03  2.3951E-02 -2.1799E-03 -2.6020E-02
  3.2597E-03  2.4259E-02 -2.2142E-03 -2.6430E-02
  3.3110E-03  2.4570E-02 -2.2491E-03 -2.6846E-02
  3.3631E-03  2.4884E-02 -2.2844E-03 -2.7268E-02
  3.4159E-03  2.5200E-02 -2.3203E-03 -2.7696E-02
  3.4694E-03  2.5519E-02 -2.3566E-03 -2.8130E-02
  3.5236E-03  2.5840E-02 -2.3935E-03 -2.8570E-02
  3.5787E-03  2.6164E-02 -2.4309E-03 -2.9016E-02
  3.6345E-03  2.6491E-02 -2.4688E-03 -2.9469E-02
  3.6912E-03  2.6820E-02 -2.5073E-03 -2.9928E-02
  3.7486E-03  2.7152E-02 -2.5463E-03 -3.0394E-02
  3.8068E-03  2.7486E-02 -2.5859E-03 -3.0866E-02
  3.8659E-03  2.7823E-02 -2.6260E-03 -3.1345E-02
  3.9258E-03  2.8163E-02 -2.6667E-03 -3.1831E-02
  3.9866E-03  2.8504E-02 -2.7080E-03 -3.2323E-02
  4.0482E-03  2.8849E-02 -2.7498E-03 -3.2823E-02
  4.1107E-03  2.9196E-02 -2.7923E-03 -3.3330E-02
  4.1741E-03  2.9545E-02 -2.8353E-03 -3.3844E-02
  4.2384E-03  2.9897E-02 -2.8790E-03 -3.4365E-02
  4.3036E-03  3.0251E-02 -2.9233E-03 -3.4893E-02
  4.3697E-03  3.0607E-02 -2.9682E-03 -3.5430E-02
  4.4368E-03  3.0966E-02 -3.0138E-03 -3.5973E-02
  4.5048E-03  3.1327E-02 -3.0600E-03 -3.6525E-02
  4.5738E-03  3.1691E-02 -3.1068E-03 -3.7084E-02
  4.6438E-03  3.2057E-02 -3.1543E-03 -3.7651E-02
  4.7147E-03  3.2425E-02 -3.2025E-03 -3.8227E-02
  4.7867E-03  3.2795E-02 -3.2514E-03 -3.8810E-02
  4.8597E-03  3.3167E-02 -3.3010E-03 -3.9402E-02
  4.9337E-03  3.3541E-02 -3.3513E-03 -4.0002E-02
  5.0088E-03  3.3918E-02 -3.4023E-03 -4.0611E-02
  5.0849E-03  3.4296E-02 -3.4540E-03 -4.1228E-02
  5.1621E-03  3.4677E-02 -3.5064E-03 -4.1854E-02
  5.2405E-03  3.5059E-02 -3.5596E-03 -4.2489E-02
  5.3199E-03  3.5444E-02 -3.6136E-03 -4.3133E-02
  5.4004E-03  3.5830E-02 -3.6683E-03 -4.3786E-02
  5.4822E-03  3.6218E-02 -3.7238E-03 -4.4448E-02
  5.5650E-03  3.6607E-02 -3.7801E-03 -4.5120E-02
  5.6491E-03  3.6998E-02 -3.8372E-03 -4.5801E-02
  5.7343E-03  3.7391E-02 -3.8951E-03 -4.6492E-02
  5.8207E-03  3.7786E-02 -3.9538E-03 -4.7193E-02
  5.9084E-03  3.8181E-02 -4.0133E-03 -4.7904E-02
  5.9973E-03  3.8579E-02 -4.0737E-03 -4.8625E-02
  6.0875E-03  3.8977E-02 -4.1350E-03 -4.9356E-02
  6.1790E-03  3.9377E-02 -4.1971E-03 -5.0098E-02
  6.2718E-03  3.9778E-02 -4.2601E-03 -5.0849E-02
  6.3658E-03  4.0179E-02 -4.3240E-03 -5.1612E-02
  6.4612E-03  4.0582E-02 -4.3888E-03 -5.2386E-02
  6.5580E-03  4.0986E-02 -4.4546E-03 -5.3170E-02
  6.6562E-03  4.1391E-02 -4.5212E-03 -5.3966E-02
  6.7557E-03  4.1796E-02 -4.5888E-03 -5.4773E-02
  6.8567E-03  4.2202E-02 -4.6574E-03 -5.5591E-02
  6.9590E-03  4.2608E-02 -4.7269E-03 -5.6421E-02
  7.0629E-03  4.3015E-02 -4.7975E-03 -5.7263E-02
  7.1682E-03  4.3422E-02 -4.8690E-03 -5.8117E-02
  7.2750E-03  4.3829E-02 -4.9415E-03 -5.8982E-02
  7.3833E-03  4.4236E-02 -5.0151E-03 -5.9860E-02
  7.4932E-03  4.4643E-02 -5.0897E-03 -6.0751E-02
  7.6046E-03  4.5050E-02 -5.1654E-03 -6.1654E-02
  7.7176E-03  4.5457E-02 -5.2422E-03 -6.2570E-02
  7.8323E-03  4.5863E-02 -5.3200E-03 -6.3499E-02
  7.9485E-03  4.6268E-02 -5.3990E-03 -6.4442E-02
  8.0664E-03  4.6673E-02 -5.4790E-03 -6.5397E-02
  8.1860E-03  4.7077E-02 -5.5602E-03 -6.6366E-02
  8.3072E-03  4.7479E-02 -5.6426E-03 -6.7349E-02
  8.4302E-03  4.7881E-02 -5.7261E-03 -6.8346E-02
  8.5550E-03  4.8281E-02 -5.8108E-03 -6.9357E-02
  8.6815E-03  4.8680E-02 -5.8968E-03 -7.0383E-02
  8.8098E-03  4.9077E-02 -5.9839E-03 -7.1423E-02
  8.9399E-03  4.9472E-02 -6.0723E-03 -7.2477E-02
  9.0719E-03  4.9865E-02 -6.1619E-03 -7.3547E-02
  9.2057E-03  5.0256E-02 -6.2528E-03 -7.4632E-02
  9.3415E-03  5.0644E-02 -6.3450E-03 -7.5732E-02
  9.4791E-03  5.1030E-02 -6.4385E-03 -7.6848E-02
  9.6188E-03  5.1413E-02 -6.5333E-03 -7.7979E-02
  9.7604E-03  5.1792E-02 -6.6295E-03 -7.9127E-02
  9.9040E-03  5.2169E-02 -6.7270E-03 -8.0291E-02
  1.0050E-02  5.2542E-02 -6.8260E-03 -8.1472E-02
  1.0197E-02  5.2912E-02 -6.9263E-03 -8.2669E-02
  1.0347E-02  5.3277E-02 -7.0281E-03 -8.3883E-02
  1.0499E-02  5.3639E-02 -7.1313E-03 -8.5115E-02
  1.0653E-02  5.3996E-02 -7.2359E-03 -8.6364E-02
  1.0810E-02  5.4349E-02 -7.3421E-03 -8.7630E-02
  1.0968E-02  5.4696E-02 -7.4497E-03 -8.8915E-02
  1.1129E-02  5.5039E-02 -7.5589E-03 -9.0218E-02
  1.1292E-02  5.5376E-02 -7.6696E-03 -9.1539E-02
  1.1457E-02  5.5707E-02 -7.7819E-03 -9.2879E-02
  1.1625E-02  5.6033E-02 -7.8958E-03 -9.4238E-02
  1.1795E-02  5.6352E-02 -8.0114E-03 -9.5617E-02
  1.1968E-02  5.6665E-02 -8.1285E-03 -9.7015E-02
  1.2143E-02  5.6972E-02 -8.2473E-03 -9.8432E-02
  1.2320E-02  5.7271E-02 -8.3678E-03 -9.9870E-02
  1.2500E-02  5.7563E-02 -8.4900E-03 -1.0133E-01
  1.2683E-02  5.7847E-02 -8.6140E-03 -1.0281E-01
  1.2868E-02  5.8123E-02 -8.7397E-03 -1.0431E-01
  1.3056E-02  5.8391E-02 -8.8672E-03 -1.0583E-01
  1.3246E-02  5.8650E-02 -8.9965E-03 -1.0737E-01
  1.3439E-02  5.8900E-02 -9.1276E-03 -1.0894E-01
  1.3635E-02  5.9141E-02 -9.2606E-03 -1.1052E-01
  1.3834E-02  5.9373E-02 -9.3955E-03 -1.1213E-01
  1.4035E-02  5.9594E-02 -9.5323E-03 -1.1376E-01
  1.4239E-02  5.9805E-02 -9.6710E-03 -1.1542E-01
  1.4447E-02  6.0005E-02 -9.8117E-03 -1.1710E-01
  1.4657E-02  6.0195E-02 -9.9544E-03 -1.1880E-01
  1.4870E-02  6.0373E-02 -1.0099E-02 -1.2053E-01
  1.5086E-02  6.0539E-02 -1.0246E-02 -1.2228E-01
  1.5306E-02  6.0692E-02 -1.0395E-02 -1.2405E-01
  1.5528E-02  6.0834E-02 -1.0546E-02 -1.2585E-01
  1.5753E-02  6.0962E-02 -1.0699E-02 -1.2768E-01
  1.5982E-02  6.1077E-02 -1.0854E-02 -1.2953E-01
  1.6214E-02  6.1178E-02 -1.1012E-02 -1.3141E-01
  1.6449E-02  6.1265E-02 -1.1171E-02 -1.3332E-01
  1.6688E-02  6.1337E-02 -1.1333E-02 -1.3525E-01
  1.6930E-02  6.1394E-02 -1.1498E-02 -1.3721E-01
  1.7176E-02  6.1436E-02 -1.1664E-02 -1.3920E-01
  1.7425E-02  6.1462E-02 -1.1833E-02 -1.4121E-01
  1.7677E-02  6.1472E-02 -1.2005E-02 -1.4326E-01
  1.7933E-02  6.1464E-02 -1.2178E-02 -1.4533E-01
  1.8193E-02  6.1440E-02 -1.2355E-02 -1.4743E-01
  1.8456E-02  6.1398E-02 -1.2534E-02 -1.4956E-01
  1.8723E-02  6.1338E-02 -1.2715E-02 -1.5173E-01
  1.8994E-02  6.1259E-02 -1.2899E-02 -1.5392E-01
  1.9269E-02  6.1161E-02 -1.3085E-02 -1.5614E-01
  1.9548E-02  6.1044E-02 -1.3274E-02 -1.5840E-01
  1.9830E-02  6.0907E-02 -1.3466E-02 -1.6069E-01
  2.0117E-02  6.0749E-02 -1.3661E-02 -1.6301E-01
  2.0408E-02  6.0570E-02 -1.3858E-02 -1.6536E-01
  2.0702E-02  6.0371E-02 -1.4058E-02 -1.6774E-01
  2.1001E-02  6.0149E-02 -1.4261E-02 -1.7016E-01
  2.1305E-02  5.9905E-02 -1.4467E-02 -1.7262E-01
  2.1612E-02  5.9638E-02 -1.4675E-02 -1.7511E-01
  2.1924E-02  5.9348E-02 -1.4887E-02 -1.7763E-01
  2.2241E-02  5.9035E-02 -1.5102E-02 -1.8019E-01
  2.2562E-02  5.8697E-02 -1.5319E-02 -1.8278E-01
  2.2887E-02  5.8335E-02 -1.5540E-02 -1.8542E-01
  2.3217E-02  5.7947E-02 -1.5764E-02 -1.8808E-01
  2.3552E-02  5.7534E-02 -1.5991E-02 -1.9079E-01
  2.3891E-02  5.7095E-02 -1.6222E-02 -1.9354E-01
  2.4236E-02  5.6630E-02 -1.6455E-02 -1.9632E-01
  2.4585E-02  5.6137E-02 -1.6692E-02 -1.9914E-01
  2.4939E-02  5.5618E-02 -1.6932E-02 -2.0201E-01
  2.5298E-02  5.5070E-02 -1.7176E-02 -2.0491E-01
  2.5662E-02  5.4494E-02 -1.7423E-02 -2.0785E-01
  2.6032E-02  5.3890E-02 -1.7674E-02 -2.1084E-01
  2.6407E-02  5.3256E-02 -1.7928E-02 -2.1387E-01
  2.6787E-02  5.2593E-02 -1.8185E-02 -2.1694E-01
  2.7172E-02  5.1900E-02 -1.8447E-02 -2.2005E-01
  2.7563E-02  5.1177E-02 -1.8712E-02 -2.2321E-01
  2.7959E-02  5.0423E-02 -1.8981E-02 -2.2641E-01
  2.8362E-02  4.9638E-02 -1.9253E-02 -2.2966E-01
  2.8769E-02  4.8822E-02 -1.9530E-02 -2.3296E-01
  2.9183E-02  4.7974E-02 -1.9810E-02 -2.3630E-01
  2.9602E-02  4.7094E-02 -2.0095E-02 -2.3968E-01
  3.0028E-02  4.6181E-02 -2.0383E-02 -2.4312E-01
  3.0459E-02  4.5236E-02 -2.0675E-02 -2.4660E-01
  3.0897E-02  4.4258E-02 -2.0972E-02 -2.5013E-01
  3.1341E-02  4.3246E-02 -2.1273E-02 -2.5371E-01
  3.1791E-02  4.2201E-02 -2.1578E-02 -2.5735E-01
  3.2247E-02  4.1123E-02 -2.1887E-02 -2.6103E-01
  3.2710E-02  4.0010E-02 -2.2201E-02 -2.6476E-01
  3.3180E-02  3.8864E-02 -2.2519E-02 -2.6855E-01
  3.3656E-02  3.7683E-02 -2.2842E-02 -2.7239E-01
  3.4139E-02  3.6468E-02 -2.3169E-02 -2.7629E-01
  3.4629E-02  3.5218E-02 -2.3501E-02 -2.8024E-01
  3.5126E-02  3.3934E-02 -2.3837E-02 -2.8424E-01
  3.5630E-02  3.2615E-02 -2.4179E-02 -2.8830E-01
  3.6141E-02  3.1261E-02 -2.4525E-02 -2.9242E-01
  3.6659E-02  2.9873E-02 -2.4876E-02 -2.9659E-01
  3.7185E-02  2.8451E-02 -2.5232E-02 -3.0083E-01
  3.7718E-02  2.6993E-02 -2.5593E-02 -3.0512E-01
  3.8258E-02  2.5502E-02 -2.5959E-02 -3.0947E-01
  3.8807E-02  2.3976E-02 -2.6330E-02 -3.1389E-01
  3.9363E-02  2.2416E-02 -2.6706E-02 -3.1836E-01
  3.9927E-02  2.0822E-02 -2.7088E-02 -3.2290E-01
  4.0499E-02  1.9195E-02 -2.7475E-02 -3.2751E-01
  4.1079E-02  1.7535E-02 -2.7868E-02 -3.3217E-01
  4.1668E-02  1.5841E-02 -2.8266E-02 -3.3690E-01
  4.2264E-02  1.4115E-02 -2.8670E-02 -3.4170E-01
  4.2870E-02  1.2357E-02 -2.9079E-02 -3.4657E-01
  4.3484E-02  1.0567E-02 -2.9494E-02 -3.5150E-01
  4.4106E-02  8.7466E-03 -2.9915E-02 -3.5650E-01
  4.4738E-02  6.8953E-03 -3.0342E-02 -3.6157E-01
  4.5378E-02  5.0141E-03 -3.0775E-02 -3.6671E-01
  4.6027E-02  3.1038E-03 -3.1214E-02 -3.7192E-01
  4.6686E-02  1.1650E-03 -3.1659E-02 -3.7721E-01
  4.7354E-02 -8.0144E-04 -3.2111E-02 -3.8257E-01
  4.8032E-02 -2.7947E-03 -3.2569E-02 -3.8800E-01
  4.8719E-02 -4.8139E-03 -3.3033E-02 -3.9351E-01
  4.9416E-02 -6.8580E-03 -3.3504E-02 -3.9909E-01
  5.0123E-02 -8.9260E-03 -3.3981E-02 -4.0476E-01
  5.0839E-02 -1.1017E-02 -3.4465E-02 -4.1050E-01
  5.1567E-02 -1.3130E-02 -3.4956E-02 -4.1632E-01
  5.2304E-02 -1.5263E-02 -3.5454E-02 -4.2222E-01
  5.3052E-02 -1.7415E-02 -3.5959E-02 -4.2820E-01
  5.3810E-02 -1.9585E-02 -3.6470E-02 -4.3427E-01
  5.4579E-02 -2.1772E-02 -3.6989E-02 -4.4041E-01
  5.5360E-02 -2.3974E-02 -3.7516E-02 -4.4665E-01
  5.6151E-02 -2.6189E-02 -3.8049E-02 -4.5297E-01
  5.6953E-02 -2.8416E-02 -3.8590E-02 -4.5937E-01
  5.7767E-02 -3.0653E-02 -3.9139E-02 -4.6587E-01
  5.8593E-02 -3.2899E-02 -3.9695E-02 -4.7245E-01
  5.9430E-02 -3.5152E-02 -4.0259E-02 -4.7912E-01
  6.0279E-02 -3.7409E-02 -4.0831E-02 -4.8589E-01
  6.1140E-02 -3.9670E-02 -4.1411E-02 -4.9275E-01
  6.2013E-02 -4.1931E-02 -4.1999E-02 -4.9970E-01
  6.2899E-02 -4.4191E-02 -4.2595E-02 -5.0674E-01
  6.3797E-02 -4.6448E-02 -4.3200E-02 -5.1389E-01
  6.4708E-02 -4.8699E-02 -4.3813E-02 -5.2113E-01
  6.5632E-02 -5.0942E-02 -4.4434E-02 -5.2846E-01
  6.6570E-02 -5.3175E-02 -4.5065E-02 -5.3590E-01
  6.7520E-02 -5.5396E-02 -4.5704E-02 -5.4344E-01
  6.8484E-02 -5.7601E-02 -4.6351E-02 -5.5108E-01
  6.9462E-02 -5.9789E-02 -4.7008E-02 -5.5883E-01
  7.0453E-02 -6.1957E-02 -4.7674E-02 -5.6668E-01
  7.1459E-02 -6.4101E-02 -4.8349E-02 -5.7463E-01
  7.2479E-02 -6.6221E-02 -4.9034E-02 -5.8270E-01
  7.3513E-02 -6.8311E-02 -4.9728E-02 -5.9087E-01
  7.4562E-02 -7.0370E-02 -5.0431E-02 -5.9915E-01
  7.5626E-02 -7.2396E-02 -5.1144E-02 -6.0754E-01
  7.6705E-02 -7.4384E-02 -5.1868E-02 -6.1604E-01
  7.7799E-02 -7.6332E-02 -5.2601E-02 -6.2466E-01
  7.8909E-02 -7.8236E-02 -5.3344E-02 -6.3340E-01
  8.0035E-02 -8.0095E-02 -5.4098E-02 -6.4225E-01
  8.1177E-02 -8.1904E-02 -5.4861E-02 -6.5121E-01
  8.2335E-02 -8.3660E-02 -5.5636E-02 -6.6030E-01
  8.3509E-02 -8.5361E-02 -5.6421E-02 -6.6951E-01
  8.4700E-02 -8.7002E-02 -5.7217E-02 -6.7883E-01
  8.5908E-02 -8.8582E-02 -5.8023E-02 -6.8828E-01
  8.7133E-02 -9.0095E-02 -5.8841E-02 -6.9786E-01
  8.8375E-02 -9.1540E-02 -5.9670E-02 -7.0756E-01
  8.9636E-02 -9.2913E-02 -6.0511E-02 -7.1739E-01
  9.0914E-02 -9.4210E-02 -6.1362E-02 -7.2735E-01
  9.2210E-02 -9.5429E-02 -6.2226E-02 -7.3743E-01
  9.3524E-02 -9.6565E-02 -6.3101E-02 -7.4765E-01
  9.4858E-02 -9.7616E-02 -6.3988E-02 -7.5800E-01
  9.6210E-02 -9.8579E-02 -6.4887E-02 -7.6848E-01
  9.7581E-02 -9.9449E-02 -6.5799E-02 -7.7910E-01
  9.8972E-02 -1.0022E-01 -6.6722E-02 -7.8986E-01
  1.0038E-01 -1.0090E-01 -6.7659E-02 -8.0075E-01
  1.0181E-01 -1.0148E-01 -6.8608E-02 -8.1178E-01
  1.0326E-01 -1.0195E-01 -6.9569E-02 -8.2295E-01
  1.0474E-01 -1.0231E-01 -7.0544E-02 -8.3426E-01
  1.0623E-01 -1.0256E-01 -7.1532E-02 -8.4572E-01
  1.0774E-01 -1.0270E-01 -7.2533E-02 -8.5732E-01
  1.0928E-01 -1.0273E-01 -7.3547E-02 -8.6907E-01
  1.1083E-01 -1.0263E-01 -7.4576E-02 -8.8096E-01
  1.1241E-01 -1.0241E-01 -7.5617E-02 -8.9300E-01
  1.1401E-01 -1.0207E-01 -7.6673E-02 -9.0519E-01
  1.1564E-01 -1.0160E-01 -7.7743E-02 -9.1753E-01
  1.1729E-01 -1.0100E-01 -7.8827E-02 -9.3002E-01
  1.1896E-01 -1.0027E-01 -7.9925E-02 -9.4266E-01
  1.2065E-01 -9.9412E-02 -8.1038E-02 -9.5546E-01
  1.2237E-01 -9.8415E-02 -8.2166E-02 -9.6841E-01
  1.2411E-01 -9.7281E-02 -8.3309E-02 -9.8152E-01
  1.2588E-01 -9.6009E-02 -8.4466E-02 -9.9479E-01
  1.2767E-01 -9.4597E-02 -8.5639E-02 -1.0082E+00
  1.2949E-01 -9.3045E-02 -8.6827E-02 -1.0218E+00
  1.3134E-01 -9.1350E-02 -8.8031E-02 -1.0355E+00
  1.3321E-01 -8.9513E-02 -8.9250E-02 -1.0494E+00
  1.3510E-01 -8.7533E-02 -9.0485E-02 -1.0635E+00
  1.3703E-01 -8.5409E-02 -9.1737E-02 -1.0777E+00
  1.3898E-01 -8.3141E-02 -9.3004E-02 -1.0921E+00
  1.4096E-01 -8.0729E-02 -9.4288E-02 -1.1067E+00
  1.4296E-01 -7.8175E-02 -9.5588E-02 -1.1214E+00
  1.4500E-01 -7.5477E-02 -9.6905E-02 -1.1363E+00
  1.4706E-01 -7.2638E-02 -9.8238E-02 -1.1513E+00
  1.4916E-01 -6.9658E-02 -9.9589E-02 -1.1665E+00
  1.5128E-01 -6.6538E-02 -1.0096E-01 -1.1819E+00
  1.5343E-01 -6.3281E-02 -1.0234E-01 -1.1974E+00
  1.5562E-01 -5.9888E-02 -1.0374E-01 -1.2132E+00
  1.5783E-01 -5.6362E-02 -1.0516E-01 -1.2290E+00
  1.6008E-01 -5.2704E-02 -1.0660E-01 -1.2451E+00
  1.6236E-01 -4.8919E-02 -1.0806E-01 -1.2613E+00
  1.6467E-01 -4.5008E-02 -1.0953E-01 -1.2777E+00
  1.6701E-01 -4.0977E-02 -1.1102E-01 -1.2942E+00
  1.6939E-01 -3.6827E-02 -1.1253E-01 -1.3109E+00
  1.7180E-01 -3.2564E-02 -1.1406E-01 -1.3278E+00
  1.7425E-01 -2.8191E-02 -1.1561E-01 -1.3448E+00
  1.7673E-01 -2.3715E-02 -1.1717E-01 -1.3620E+00
  1.7924E-01 -1.9138E-02 -1.1876E-01 -1.3794E+00
  1.8179E-01 -1.4468E-02 -1.2036E-01 -1.3969E+00
  1.8438E-01 -9.7093E-03 -1.2198E-01 -1.4146E+00
  1.8700E-01 -4.8683E-03 -1.2363E-01 -1.4325E+00
  1.8966E-01  4.8794E-05 -1.2529E-01 -1.4505E+00
  1.9236E-01  5.0353E-03 -1.2697E-01 -1.4687E+00
  1.9510E-01  1.0084E-02 -1.2867E-01 -1.4870E+00
  1.9787E-01  1.5189E-02 -1.3039E-01 -1.5054E+00
  2.0069E-01  2.0341E-02 -1.3213E-01 -1.5241E+00
  2.0354E-01  2.5533E-02 -1.3389E-01 -1.5428E+00
  2.0644E-01  3.0757E-02 -1.3566E-01 -1.5617E+00
  2.0938E-01  3.6004E-02 -1.3746E-01 -1.5808E+00
  2.1236E-01  4.1267E-02 -1.3928E-01 -1.6000E+00
  2.1538E-01  4.6536E-02 -1.4112E-01 -1.6193E+00
  2.1844E-01  5.1802E-02 -1.4298E-01 -1.6388E+00
  2.2155E-01  5.7055E-02 -1.4486E-01 -1.6584E+00
  2.2470E-01  6.2287E-02 -1.4676E-01 -1.6781E+00
  2.2790E-01  6.7488E-02 -1.4868E-01 -1.6979E+00
  2.3114E-01  7.2647E-02 -1.5061E-01 -1.7179E+00
  2.3442E-01  7.7755E-02 -1.5257E-01 -1.7380E+00
  2.3776E-01  8.2801E-02 -1.5455E-01 -1.7581E+00
  2.4114E-01  8.7776E-02 -1.5655E-01 -1.7784E+00
  2.4457E-01  9.2669E-02 -1.5857E-01 -1.7988E+00
  2.4805E-01  9.7468E-02 -1.6061E-01 -1.8192E+00
  2.5158E-01  1.0216E-01 -1.6267E-01 -1.8398E+00
  2.5515E-01  1.0675E-01 -1.6475E-01 -1.8604E+00
  2.5878E-01  1.1120E-01 -1.6685E-01 -1.8810E+00
  2.6246E-01  1.1553E-01 -1.6896E-01 -1.9018E+00
  2.6620E-01  1.1970E-01 -1.7110E-01 -1.9226E+00
  2.6998E-01  1.2372E-01 -1.7325E-01 -1.9434E+00
  2.7382E-01  1.2758E-01 -1.7543E-01 -1.9642E+00
  2.7772E-01  1.3125E-01 -1.7762E-01 -1.9851E+00
  2.8166E-01  1.3474E-01 -1.7983E-01 -2.0060E+00
  2.8567E-01  1.3803E-01 -1.8206E-01 -2.0269E+00
  2.8973E-01  1.4112E-01 -1.8431E-01 -2.0478E+00
  2.9385E-01  1.4398E-01 -1.8658E-01 -2.0687E+00
  2.9803E-01  1.4662E-01 -1.8886E-01 -2.0895E+00
  3.0227E-01  1.4903E-01 -1.9116E-01 -2.1103E+00
  3.0657E-01  1.5118E-01 -1.9347E-01 -2.1311E+00
  3.1092E-01  1.5309E-01 -1.9581E-01 -2.1517E+00
  3.1535E-01  1.5473E-01 -1.9815E-01 -2.1723E+00
  3.1983E-01  1.5611E-01 -2.0052E-01 -2.1928E+00
  3.2438E-01  1.5721E-01 -2.0289E-01 -2.2132E+00
  3.2899E-01  1.5802E-01 -2.0528E-01 -2.2334E+00
  3.3367E-01  1.5855E-01 -2.0769E-01 -2.2535E+00
  3.3841E-01  1.5877E-01 -2.1011E-01 -2.2734E+00
  3.4322E-01  1.5870E-01 -2.1254E-01 -2.2932E+00
  3.4810E-01  1.5832E-01 -2.1498E-01 -2.3127E+00
  3.5305E-01  1.5763E-01 -2.1743E-01 -2.3320E+00
  3.5807E-01  1.5662E-01 -2.1989E-01 -2.3511E+00
  3.6316E-01  1.5529E-01 -2.2236E-01 -2.3699E+00
  3.6832E-01  1.5365E-01 -2.2483E-01 -2.3884E+00
  3.7356E-01  1.5168E-01 -2.2732E-01 -2.4066E+00
  3.7887E-01  1.4938E-01 -2.2981E-01 -2.4245E+00
  3.8425E-01  1.4676E-01 -2.3230E-01 -2.4420E+00
  3.8972E-01  1.4381E-01 -2.3480E-01 -2.4592E+00
  3.9525E-01  1.4054E-01 -2.3730E-01 -2.4759E+00
  4.0087E-01  1.3694E-01 -2.3981E-01 -2.4922E+00
  4.0657E-01  1.3302E-01 -2.4231E-01 -2.5080E+00
  4.1235E-01  1.2879E-01 -2.4481E-01 -2.5234E+00
  4.1821E-01  1.2423E-01 -2.4731E-01 -2.5382E+00
  4.2416E-01  1.1937E-01 -2.4980E-01 -2.5525E+00
  4.3019E-01  1.1420E-01 -2.5229E-01 -2.5662E+00
  4.3630E-01  1.0872E-01 -2.5477E-01 -2.5793E+00
  4.4250E-01  1.0295E-01 -2.5724E-01 -2.5918E+00
  4.4879E-01  9.6896E-02 -2.5970E-01 -2.6036E+00
  4.5517E-01  9.0559E-02 -2.6214E-01 -2.6146E+00
  4.6164E-01  8.3950E-02 -2.6457E-01 -2.6250E+00
  4.6820E-01  7.7078E-02 -2.6698E-01 -2.6345E+00
  4.7486E-01  6.9954E-02 -2.6937E-01 -2.6433E+00
  4.8160E-01  6.2587E-02 -2.7174E-01 -2.6512E+00
  4.8845E-01  5.4989E-02 -2.7409E-01 -2.6582E+00
  4.9539E-01  4.7173E-02 -2.7641E-01 -2.6643E+00
  5.0243E-01  3.9150E-02 -2.7870E-01 -2.6695E+00
  5.0957E-01  3.0934E-02 -2.8095E-01 -2.6737E+00
  5.1682E-01  2.2539E-02 -2.8317E-01 -2.6768E+00
  5.2416E-01  1.3978E-02 -2.8536E-01 -2.6788E+00
  5.3161E-01  5.2683E-03 -2.8750E-01 -2.6798E+00
  5.3916E-01 -3.5761E-03 -2.8959E-01 -2.6796E+00
  5.4683E-01 -1.2539E-02 -2.9164E-01 -2.6782E+00
  5.5460E-01 -2.1603E-02 -2.9364E-01 -2.6755E+00
  5.6248E-01 -3.0752E-02 -2.9559E-01 -2.6716E+00
  5.7047E-01 -3.9968E-02 -2.9747E-01 -2.6664E+00
  5.7858E-01 -4.9233E-02 -2.9929E-01 -2.6599E+00
  5.8680E-01 -5.8529E-02 -3.0105E-01 -2.6520E+00
  5.9514E-01 -6.7838E-02 -3.0274E-01 -2.6427E+00
  6.0360E-01 -7.7141E-02 -3.0435E-01 -2.6319E+00
  6.1218E-01 -8.6418E-02 -3.0588E-01 -2.6196E+00
  6.2087E-01 -9.5651E-02 -3.0733E-01 -2.6058E+00
  6.2970E-01 -1.0482E-01 -3.0869E-01 -2.5905E+00
  6.3865E-01 -1.1390E-01 -3.0996E-01 -2.5735E+00
  6.4772E-01 -1.2289E-01 -3.1113E-01 -2.5550E+00
  6.5693E-01 -1.3174E-01 -3.1219E-01 -2.5348E+00
  6.6626E-01 -1.4046E-01 -3.1315E-01 -2.5130E+00
  6.7573E-01 -1.4901E-01 -3.1399E-01 -2.4894E+00
  6.8533E-01 -1.5739E-01 -3.1472E-01 -2.4642E+00
  6.9507E-01 -1.6556E-01 -3.1532E-01 -2.4372E+00
  7.0494E-01 -1.7351E-01 -3.1579E-01 -2.4084E+00
  7.1496E-01 -1.8122E-01 -3.1612E-01 -2.3780E+00
  7.2512E-01 -1.8867E-01 -3.1631E-01 -2.3457E+00
  7.3542E-01 -1.9585E-01 -3.1635E-01 -2.3117E+00
  7.4587E-01 -2.0273E-01 -3.1624E-01 -2.2759E+00
  7.5647E-01 -2.0930E-01 -3.1596E-01 -2.2384E+00
  7.6722E-01 -2.1555E-01 -3.1551E-01 -2.1991E+00
  7.7812E-01 -2.2144E-01 -3.1489E-01 -2.1581E+00
  7.8918E-01 -2.2698E-01 -3.1409E-01 -2.1153E+00
  8.0039E-01 -2.3214E-01 -3.1309E-01 -2.0708E+00
  8.1176E-01 -2.3691E-01 -3.1191E-01 -2.0247E+00
  8.2330E-01 -2.4127E-01 -3.1051E-01 -1.9770E+00
  8.3499E-01 -2.4520E-01 -3.0891E-01 -1.9276E+00
  8.4686E-01 -2.4871E-01 -3.0709E-01 -1.8768E+00
  8.5889E-01 -2.5177E-01 -3.0504E-01 -1.8244E+00
  8.7109E-01 -2.5437E-01 -3.0276E-01 -1.7706E+00
  8.8347E-01 -2.5650E-01 -3.0024E-01 -1.7155E+00
  8.9602E-01 -2.5815E-01 -2.9747E-01 -1.6591E+00
  9.0875E-01 -2.5931E-01 -2.9445E-01 -1.6015E+00
  9.2166E-01 -2.5997E-01 -2.9117E-01 -1.5429E+00
  9.3476E-01 -2.6012E-01 -2.8761E-01 -1.4832E+00
  9.4804E-01 -2.5977E-01 -2.8378E-01 -1.4226E+00
  9.6151E-01 -2.5889E-01 -2.7967E-01 -1.3613E+00
  9.7517E-01 -2.5749E-01 -2.7526E-01 -1.2994E+00
  9.8902E-01 -2.5556E-01 -2.7056E-01 -1.2369E+00
  1.0031E+00 -2.5311E-01 -2.6556E-01 -1.1740E+00
  1.0173E+00 -2.5012E-01 -2.6024E-01 -1.1110E+00
  1.0318E+00 -2.4660E-01 -2.5462E-01 -1.0478E+00
  1.0464E+00 -2.4255E-01 -2.4866E-01 -9.8478E-01
  1.0613E+00 -2.3797E-01 -2.4239E-01 -9.2198E-01
  1.0764E+00 -2.3286E-01 -2.3578E-01 -8.5960E-01
  1.0917E+00 -2.2723E-01 -2.2883E-01 -7.9782E-01
  1.1072E+00 -2.2109E-01 -2.2154E-01 -7.3683E-01
  1.1229E+00 -2.1443E-01 -2.1391E-01 -6.7680E-01
  1.1389E+00 -2.0727E-01 -2.0594E-01 -6.1792E-01
  1.1550E+00 -1.9961E-01 -1.9761E-01 -5.6039E-01
  1.1715E+00 -1.9147E-01 -1.8894E-01 -5.0439E-01
  1.1881E+00 -1.8284E-01 -1.7991E-01 -4.5010E-01
  1.2050E+00 -1.7376E-01 -1.7053E-01 -3.9771E-01
  1.2221E+00 -1.6422E-01 -1.6080E-01 -3.4741E-01
  1.2395E+00 -1.5423E-01 -1.5073E-01 -2.9937E-01
  1.2571E+00 -1.4382E-01 -1.4030E-01 -2.5375E-01
  1.2749E+00 -1.3300E-01 -1.2954E-01 -2.1073E-01
  1.2930E+00 -1.2178E-01 -1.1843E-01 -1.7044E-01
  1.3114E+00 -1.1018E-01 -1.0700E-01 -1.3302E-01
  1.3300E+00 -9.8221E-02 -9.5233E-02 -9.8598E-02
  1.3489E+00 -8.5912E-02 -8.3152E-02 -6.7273E-02
  1.3681E+00 -7.3274E-02 -7.0764E-02 -3.9129E-02
  1.3875E+00 -6.0326E-02 -5.8077E-02 -1.4229E-02
  1.4072E+00 -4.7088E-02 -4.5104E-02  7.3889E-03
  1.4272E+00 -3.3580E-02 -3.1858E-02  2.5714E-02
  1.4475E+00 -1.9822E-02 -1.8353E-02  4.0765E-02
  1.4681E+00 -5.8346E-03 -4.6044E-03  5.2591E-02
  1.4889E+00  8.3618E-03  9.3705E-03  6.1276E-02
  1.5101E+00  2.2746E-02  2.3554E-02  6.6942E-02
  1.5315E+00  3.7295E-02  3.7926E-02  6.9747E-02
  1.5533E+00  5.1990E-02  5.2467E-02  6.9894E-02
  1.5753E+00  6.6806E-02  6.7155E-02  6.7626E-02
  1.5977E+00  8.1724E-02  8.1968E-02  6.3233E-02
  1.6204E+00  9.6720E-02  9.6883E-02  5.7050E-02
  1.6434E+00  1.1177E-01  1.1188E-01  4.9464E-02
  1.6668E+00  1.2686E-01  1.2692E-01  4.0909E-02
  1.6905E+00  1.4196E-01  1.4199E-01  3.1868E-02
  1.7145E+00  1.5706E-01  1.5707E-01  2.2878E-02
  1.7388E+00  1.7212E-01  1.7213E-01  1.4523E-02
  1.7635E+00  1.8714E-01  1.8714E-01  7.4380E-03
  1.7886E+00  2.0208E-01  2.0208E-01  2.3067E-03
  1.8140E+00  2.1693E-01  2.1693E-01  0.0000E+00
  1.8398E+00  2.3167E-01  2.3167E-01  0.0000E+00
  1.8659E+00  2.4628E-01  2.4628E-01  0.0000E+00
  1.8924E+00  2.6074E-01  2.6074E-01  0.0000E+00
  1.9193E+00  2.7503E-01  2.7503E-01  0.0000E+00
  1.9465E+00  2.8913E-01  2.8913E-01  0.0000E+00
  1.9742E+00  3.0302E-01  3.0302E-01  0.0000E+00
  2.0022E+00  3.1669E-01  3.1669E-01  0.0000E+00
  2.0307E+00  3.3013E-01  3.3013E-01  0.0000E+00
  2.0595E+00  3.4330E-01  3.4330E-01  0.0000E+00
  2.0888E+00  3.5621E-01  3.5621E-01  0.0000E+00
  2.1184E+00  3.6883E-01  3.6883E-01  0.0000E+00
  2.1485E+00  3.8115E-01  3.8115E-01  0.0000E+00
  2.1790E+00  3.9316E-01  3.9316E-01  0.0000E+00
  2.2100E+00  4.0484E-01  4.0484E-01  0.0000E+00
  2.2414E+00  4.1618E-01  4.1618E-01  0.0000E+00
  2.2732E+00  4.2717E-01  4.2717E-01  0.0000E+00
  2.3055E+00  4.3780E-01  4.3780E-01  0.0000E+00
  2.3383E+00  4.4806E-01  4.4806E-01  0.0000E+00
  2.3715E+00  4.5794E-01  4.5794E-01  0.0000E+00
  2.4052E+00  4.6743E-01  4.6743E-01  0.0000E+00
  2.4393E+00  4.7652E-01  4.7652E-01  0.0000E+00
  2.4740E+00  4.8520E-01  4.8520E-01  0.0000E+00
  2.5091E+00  4.9348E-01  4.9348E-01  0.0000E+00
  2.5448E+00  5.0133E-01  5.0133E-01  0.0000E+00
  2.5809E+00  5.0876E-01  5.0876E-01  0.0000E+00
  2.6176E+00  5.1576E-01  5.1576E-01  0.0000E+00
  2.6547E+00  5.2233E-01  5.2233E-01  0.0000E+00
  2.6925E+00  5.2846E-01  5.2846E-01  0.0000E+00
  2.7307E+00  5.3414E-01  5.3414E-01  0.0000E+00
  2.7695E+00  5.3938E-01  5.3938E-01  0.0000E+00
  2.8088E+00  5.4417E-01  5.4417E-01  0.0000E+00
  2.8487E+00  5.4852E-01  5.4852E-01  0.0000E+00
  2.8892E+00  5.5241E-01  5.5241E-01  0.0000E+00
  2.9302E+00  5.5584E-01  5.5584E-01  0.0000E+00
  2.9718E+00  5.5883E-01  5.5883E-01  0.0000E+00
  3.0141E+00  5.6136E-01  5.6136E-01  0.0000E+00
  3.0569E+00  5.6344E-01  5.6344E-01  0.0000E+00
  3.1003E+00  5.6506E-01  5.6506E-01  0.0000E+00
  3.1443E+00  5.6624E-01  5.6624E-01  0.0000E+00
  3.1890E+00  5.6697E-01  5.6697E-01  0.0000E+00
  3.2343E+00  5.6725E-01  5.6725E-01  0.0000E+00
  3.2802E+00  5.6709E-01  5.6709E-01  0.0000E+00
  3.3268E+00  5.6649E-01  5.6649E-01  0.0000E+00
  3.3741E+00  5.6545E-01  5.6545E-01  0.0000E+00
  3.4220E+00  5.6399E-01  5.6399E-01  0.0000E+00
  3.4706E+00  5.6211E-01  5.6211E-01  0.0000E+00
  3.5199E+00  5.5980E-01  5.5980E-01  0.0000E+00
  3.5699E+00  5.5708E-01  5.5708E-01  0.0000E+00
  3.6206E+00  5.5396E-01  5.5396E-01  0.0000E+00
  3.6720E+00  5.5044E-01  5.5044E-01  0.0000E+00
  3.7242E+00  5.4653E-01  5.4653E-01  0.0000E+00
  3.7771E+00  5.4224E-01  5.4224E-01  0.0000E+00
  3.8307E+00  5.3758E-01  5.3758E-01  0.0000E+00
  3.8851E+00  5.3256E-01  5.3256E-01  0.0000E+00
  3.9403E+00  5.2718E-01  5.2718E-01  0.0000E+00
  3.9963E+00  5.2146E-01  5.2146E-01  0.0000E+00
  4.0530E+00  5.1542E-01  5.1542E-01  0.0000E+00
  4.1106E+00  5.0905E-01  5.0905E-01  0.0000E+00
  4.1690E+00  5.0238E-01  5.0238E-01  0.0000E+00
  4.2282E+00  4.9541E-01  4.9541E-01  0.0000E+00
  4.2883E+00  4.8816E-01  4.8816E-01  0.0000E+00
  4.3492E+00  4.8065E-01  4.8065E-01  0.0000E+00
  4.4109E+00  4.7288E-01  4.7288E-01  0.0000E+00
  4.4736E+00  4.6487E-01  4.6487E-01  0.0000E+00
