 # l=           2 basis function with energy    0.29999999999999999     
  0.0000E+00 -0.0000E+00  0.0000E+00  0.0000E+00
  5.0071E-06 -9.0082E-13  1.2034E-16  1.4965E-15
  1.0085E-05 -5.6861E-12  9.8341E-16  1.2229E-14
  1.5236E-05 -1.6845E-11  3.3904E-15  4.2160E-14
  2.0459E-05 -3.6613E-11  8.2098E-15  1.0209E-13
  2.5757E-05 -6.7162E-11  1.6381E-14  2.0370E-13
  3.1130E-05 -1.1067E-10  2.8920E-14  3.5962E-13
  3.6579E-05 -1.6935E-10  4.6920E-14  5.8346E-13
  4.2106E-05 -2.4548E-10  7.1562E-14  8.8989E-13
  4.7711E-05 -3.4142E-10  1.0412E-13  1.2947E-12
  5.3395E-05 -4.5962E-10  1.4594E-13  1.8148E-12
  5.9161E-05 -6.0264E-10  1.9850E-13  2.4684E-12
  6.5008E-05 -7.7315E-10  2.6337E-13  3.2751E-12
  7.0939E-05 -9.7395E-10  3.4223E-13  4.2556E-12
  7.6953E-05 -1.2080E-09  4.3686E-13  5.4324E-12
  8.3053E-05 -1.4783E-09  5.4921E-13  6.8294E-12
  8.9240E-05 -1.7881E-09  6.8131E-13  8.4721E-12
  9.5514E-05 -2.1409E-09  8.3536E-13  1.0388E-11
  1.0188E-04 -2.5401E-09  1.0137E-12  1.2605E-11
  1.0833E-04 -2.9896E-09  1.2188E-12  1.5156E-11
  1.1488E-04 -3.4932E-09  1.4534E-12  1.8073E-11
  1.2152E-04 -4.0550E-09  1.7202E-12  2.1390E-11
  1.2825E-04 -4.6795E-09  2.0222E-12  2.5147E-11
  1.3508E-04 -5.3712E-09  2.3627E-12  2.9381E-11
  1.4200E-04 -6.1348E-09  2.7451E-12  3.4136E-11
  1.4903E-04 -6.9755E-09  3.1729E-12  3.9456E-11
  1.5615E-04 -7.8984E-09  3.6500E-12  4.5389E-11
  1.6338E-04 -8.9093E-09  4.1805E-12  5.1985E-11
  1.7070E-04 -1.0014E-08  4.7686E-12  5.9298E-11
  1.7813E-04 -1.1218E-08  5.4189E-12  6.7384E-11
  1.8567E-04 -1.2529E-08  6.1362E-12  7.6305E-11
  1.9332E-04 -1.3953E-08  6.9257E-12  8.6122E-11
  2.0107E-04 -1.5497E-08  7.7928E-12  9.6905E-11
  2.0893E-04 -1.7168E-08  8.7433E-12  1.0872E-10
  2.1691E-04 -1.8975E-08  9.7831E-12  1.2165E-10
  2.2499E-04 -2.0926E-08  1.0919E-11  1.3578E-10
  2.3320E-04 -2.3029E-08  1.2157E-11  1.5117E-10
  2.4151E-04 -2.5294E-08  1.3505E-11  1.6794E-10
  2.4995E-04 -2.7729E-08  1.4970E-11  1.8616E-10
  2.5851E-04 -3.0346E-08  1.6561E-11  2.0594E-10
  2.6719E-04 -3.3154E-08  1.8286E-11  2.2738E-10
  2.7599E-04 -3.6164E-08  2.0153E-11  2.5060E-10
  2.8492E-04 -3.9388E-08  2.2173E-11  2.7572E-10
  2.9397E-04 -4.2838E-08  2.4354E-11  3.0284E-10
  3.0315E-04 -4.6526E-08  2.6708E-11  3.3212E-10
  3.1246E-04 -5.0467E-08  2.9246E-11  3.6368E-10
  3.2191E-04 -5.4673E-08  3.1979E-11  3.9766E-10
  3.3149E-04 -5.9160E-08  3.4919E-11  4.3423E-10
  3.4120E-04 -6.3942E-08  3.8081E-11  4.7353E-10
  3.5106E-04 -6.9036E-08  4.1476E-11  5.1575E-10
  3.6105E-04 -7.4459E-08  4.5119E-11  5.6106E-10
  3.7118E-04 -8.0227E-08  4.9026E-11  6.0965E-10
  3.8146E-04 -8.6360E-08  5.3213E-11  6.6171E-10
  3.9189E-04 -9.2877E-08  5.7696E-11  7.1746E-10
  4.0246E-04 -9.9798E-08  6.2493E-11  7.7711E-10
  4.1318E-04 -1.0714E-07  6.7623E-11  8.4089E-10
  4.2406E-04 -1.1494E-07  7.3104E-11  9.0905E-10
  4.3509E-04 -1.2320E-07  7.8958E-11  9.8185E-10
  4.4627E-04 -1.3196E-07  8.5206E-11  1.0595E-09
  4.5762E-04 -1.4124E-07  9.1871E-11  1.1424E-09
  4.6913E-04 -1.5107E-07  9.8976E-11  1.2308E-09
  4.8080E-04 -1.6147E-07  1.0655E-10  1.3249E-09
  4.9263E-04 -1.7247E-07  1.1461E-10  1.4252E-09
  5.0463E-04 -1.8411E-07  1.2320E-10  1.5319E-09
  5.1681E-04 -1.9642E-07  1.3233E-10  1.6455E-09
  5.2916E-04 -2.0942E-07  1.4204E-10  1.7663E-09
  5.4168E-04 -2.2316E-07  1.5237E-10  1.8947E-09
  5.5438E-04 -2.3767E-07  1.6334E-10  2.0311E-09
  5.6726E-04 -2.5299E-07  1.7499E-10  2.1760E-09
  5.8032E-04 -2.6917E-07  1.8736E-10  2.3298E-09
  5.9357E-04 -2.8623E-07  2.0049E-10  2.4931E-09
  6.0701E-04 -3.0423E-07  2.1441E-10  2.6662E-09
  6.2064E-04 -3.2321E-07  2.2918E-10  2.8499E-09
  6.3446E-04 -3.4321E-07  2.4483E-10  3.0445E-09
  6.4848E-04 -3.6430E-07  2.6142E-10  3.2508E-09
  6.6269E-04 -3.8652E-07  2.7900E-10  3.4694E-09
  6.7711E-04 -4.0993E-07  2.9761E-10  3.7008E-09
  6.9174E-04 -4.3458E-07  3.1731E-10  3.9458E-09
  7.0657E-04 -4.6053E-07  3.3816E-10  4.2051E-09
  7.2161E-04 -4.8785E-07  3.6022E-10  4.4794E-09
  7.3686E-04 -5.1660E-07  3.8355E-10  4.7695E-09
  7.5234E-04 -5.4686E-07  4.0823E-10  5.0763E-09
  7.6803E-04 -5.7868E-07  4.3431E-10  5.4006E-09
  7.8394E-04 -6.1215E-07  4.6187E-10  5.7434E-09
  8.0008E-04 -6.4734E-07  4.9099E-10  6.1055E-09
  8.1645E-04 -6.8434E-07  5.2175E-10  6.4880E-09
  8.3306E-04 -7.2323E-07  5.5423E-10  6.8919E-09
  8.4989E-04 -7.6410E-07  5.8852E-10  7.3183E-09
  8.6697E-04 -8.0705E-07  6.2471E-10  7.7683E-09
  8.8429E-04 -8.5216E-07  6.6291E-10  8.2433E-09
  9.0186E-04 -8.9955E-07  7.0320E-10  8.7444E-09
  9.1967E-04 -9.4932E-07  7.4570E-10  9.2729E-09
  9.3774E-04 -1.0016E-06  7.9052E-10  9.8302E-09
  9.5607E-04 -1.0564E-06  8.3778E-10  1.0418E-08
  9.7465E-04 -1.1140E-06  8.8759E-10  1.1037E-08
  9.9350E-04 -1.1745E-06  9.4009E-10  1.1690E-08
  1.0126E-03 -1.2379E-06  9.9541E-10  1.2378E-08
  1.0320E-03 -1.3044E-06  1.0537E-09  1.3103E-08
  1.0517E-03 -1.3742E-06  1.1151E-09  1.3866E-08
  1.0716E-03 -1.4475E-06  1.1797E-09  1.4670E-08
  1.0918E-03 -1.5243E-06  1.2478E-09  1.5516E-08
  1.1124E-03 -1.6048E-06  1.3195E-09  1.6408E-08
  1.1332E-03 -1.6893E-06  1.3949E-09  1.7345E-08
  1.1543E-03 -1.7778E-06  1.4743E-09  1.8333E-08
  1.1757E-03 -1.8706E-06  1.5578E-09  1.9371E-08
  1.1974E-03 -1.9679E-06  1.6457E-09  2.0464E-08
  1.2194E-03 -2.0698E-06  1.7381E-09  2.1614E-08
  1.2417E-03 -2.1767E-06  1.8353E-09  2.2823E-08
  1.2643E-03 -2.2886E-06  1.9376E-09  2.4094E-08
  1.2873E-03 -2.4059E-06  2.0451E-09  2.5431E-08
  1.3106E-03 -2.5288E-06  2.1581E-09  2.6836E-08
  1.3342E-03 -2.6575E-06  2.2769E-09  2.8313E-08
  1.3582E-03 -2.7923E-06  2.4018E-09  2.9866E-08
  1.3825E-03 -2.9335E-06  2.5330E-09  3.1498E-08
  1.4071E-03 -3.0813E-06  2.6709E-09  3.3212E-08
  1.4321E-03 -3.2361E-06  2.8157E-09  3.5013E-08
  1.4574E-03 -3.3981E-06  2.9679E-09  3.6906E-08
  1.4832E-03 -3.5678E-06  3.1277E-09  3.8893E-08
  1.5092E-03 -3.7454E-06  3.2955E-09  4.0980E-08
  1.5357E-03 -3.9312E-06  3.4718E-09  4.3172E-08
  1.5625E-03 -4.1258E-06  3.6569E-09  4.5474E-08
  1.5897E-03 -4.3294E-06  3.8512E-09  4.7890E-08
  1.6173E-03 -4.5424E-06  4.0552E-09  5.0426E-08
  1.6452E-03 -4.7653E-06  4.2693E-09  5.3089E-08
  1.6736E-03 -4.9985E-06  4.4940E-09  5.5883E-08
  1.7024E-03 -5.2425E-06  4.7298E-09  5.8815E-08
  1.7316E-03 -5.4978E-06  4.9773E-09  6.1892E-08
  1.7612E-03 -5.7648E-06  5.2369E-09  6.5121E-08
  1.7912E-03 -6.0440E-06  5.5093E-09  6.8508E-08
  1.8216E-03 -6.3361E-06  5.7950E-09  7.2061E-08
  1.8525E-03 -6.6416E-06  6.0947E-09  7.5788E-08
  1.8838E-03 -6.9610E-06  6.4091E-09  7.9697E-08
  1.9156E-03 -7.2950E-06  6.7387E-09  8.3797E-08
  1.9478E-03 -7.6442E-06  7.0844E-09  8.8095E-08
  1.9805E-03 -8.0093E-06  7.4469E-09  9.2603E-08
  2.0136E-03 -8.3911E-06  7.8270E-09  9.7329E-08
  2.0472E-03 -8.7901E-06  8.2254E-09  1.0228E-07
  2.0813E-03 -9.2072E-06  8.6431E-09  1.0748E-07
  2.1159E-03 -9.6433E-06  9.0810E-09  1.1292E-07
  2.1509E-03 -1.0099E-05  9.5399E-09  1.1863E-07
  2.1865E-03 -1.0575E-05  1.0021E-08  1.2461E-07
  2.2225E-03 -1.1073E-05  1.0525E-08  1.3088E-07
  2.2591E-03 -1.1593E-05  1.1053E-08  1.3744E-07
  2.2962E-03 -1.2137E-05  1.1606E-08  1.4433E-07
  2.3338E-03 -1.2705E-05  1.2186E-08  1.5154E-07
  2.3720E-03 -1.3298E-05  1.2794E-08  1.5909E-07
  2.4107E-03 -1.3918E-05  1.3430E-08  1.6700E-07
  2.4499E-03 -1.4566E-05  1.4097E-08  1.7529E-07
  2.4897E-03 -1.5242E-05  1.4795E-08  1.8398E-07
  2.5301E-03 -1.5949E-05  1.5526E-08  1.9307E-07
  2.5710E-03 -1.6688E-05  1.6292E-08  2.0260E-07
  2.6125E-03 -1.7459E-05  1.7094E-08  2.1257E-07
  2.6547E-03 -1.8264E-05  1.7935E-08  2.2302E-07
  2.6974E-03 -1.9106E-05  1.8814E-08  2.3395E-07
  2.7407E-03 -1.9984E-05  1.9735E-08  2.4541E-07
  2.7846E-03 -2.0902E-05  2.0699E-08  2.5740E-07
  2.8292E-03 -2.1860E-05  2.1709E-08  2.6995E-07
  2.8744E-03 -2.2860E-05  2.2766E-08  2.8309E-07
  2.9202E-03 -2.3905E-05  2.3872E-08  2.9685E-07
  2.9667E-03 -2.4996E-05  2.5031E-08  3.1125E-07
  3.0138E-03 -2.6135E-05  2.6243E-08  3.2633E-07
  3.0616E-03 -2.7324E-05  2.7512E-08  3.4211E-07
  3.1101E-03 -2.8565E-05  2.8840E-08  3.5862E-07
  3.1593E-03 -2.9861E-05  3.0229E-08  3.7590E-07
  3.2092E-03 -3.1214E-05  3.1684E-08  3.9399E-07
  3.2597E-03 -3.2626E-05  3.3206E-08  4.1291E-07
  3.3110E-03 -3.4099E-05  3.4798E-08  4.3272E-07
  3.3631E-03 -3.5638E-05  3.6465E-08  4.5344E-07
  3.4159E-03 -3.7243E-05  3.8208E-08  4.7512E-07
  3.4694E-03 -3.8919E-05  4.0033E-08  4.9780E-07
  3.5236E-03 -4.0668E-05  4.1941E-08  5.2154E-07
  3.5787E-03 -4.2493E-05  4.3938E-08  5.4636E-07
  3.6345E-03 -4.4397E-05  4.6027E-08  5.7234E-07
  3.6912E-03 -4.6385E-05  4.8211E-08  5.9951E-07
  3.7486E-03 -4.8459E-05  5.0497E-08  6.2793E-07
  3.8068E-03 -5.0622E-05  5.2888E-08  6.5765E-07
  3.8659E-03 -5.2880E-05  5.5388E-08  6.8875E-07
  3.9258E-03 -5.5235E-05  5.8003E-08  7.2127E-07
  3.9866E-03 -5.7693E-05  6.0738E-08  7.5528E-07
  4.0482E-03 -6.0257E-05  6.3599E-08  7.9085E-07
  4.1107E-03 -6.2931E-05  6.6590E-08  8.2804E-07
  4.1741E-03 -6.5721E-05  6.9719E-08  8.6694E-07
  4.2384E-03 -6.8632E-05  7.2990E-08  9.0762E-07
  4.3036E-03 -7.1668E-05  7.6410E-08  9.5016E-07
  4.3697E-03 -7.4834E-05  7.9987E-08  9.9463E-07
  4.4368E-03 -7.8137E-05  8.3727E-08  1.0411E-06
  4.5048E-03 -8.1582E-05  8.7637E-08  1.0898E-06
  4.5738E-03 -8.5175E-05  9.1725E-08  1.1406E-06
  4.6438E-03 -8.8922E-05  9.5999E-08  1.1937E-06
  4.7147E-03 -9.2830E-05  1.0047E-07  1.2493E-06
  4.7867E-03 -9.6905E-05  1.0514E-07  1.3074E-06
  4.8597E-03 -1.0115E-04  1.1002E-07  1.3681E-06
  4.9337E-03 -1.0559E-04  1.1513E-07  1.4316E-06
  5.0088E-03 -1.1021E-04  1.2046E-07  1.4979E-06
  5.0849E-03 -1.1502E-04  1.2604E-07  1.5673E-06
  5.1621E-03 -1.2005E-04  1.3187E-07  1.6398E-06
  5.2405E-03 -1.2528E-04  1.3796E-07  1.7156E-06
  5.3199E-03 -1.3074E-04  1.4433E-07  1.7948E-06
  5.4004E-03 -1.3644E-04  1.5099E-07  1.8775E-06
  5.4822E-03 -1.4237E-04  1.5795E-07  1.9640E-06
  5.5650E-03 -1.4856E-04  1.6522E-07  2.0545E-06
  5.6491E-03 -1.5501E-04  1.7282E-07  2.1489E-06
  5.7343E-03 -1.6173E-04  1.8076E-07  2.2477E-06
  5.8207E-03 -1.6873E-04  1.8906E-07  2.3509E-06
  5.9084E-03 -1.7604E-04  1.9773E-07  2.4587E-06
  5.9973E-03 -1.8365E-04  2.0679E-07  2.5714E-06
  6.0875E-03 -1.9158E-04  2.1626E-07  2.6892E-06
  6.1790E-03 -1.9985E-04  2.2616E-07  2.8122E-06
  6.2718E-03 -2.0847E-04  2.3650E-07  2.9408E-06
  6.3658E-03 -2.1745E-04  2.4730E-07  3.0751E-06
  6.4612E-03 -2.2680E-04  2.5859E-07  3.2154E-06
  6.5580E-03 -2.3655E-04  2.7038E-07  3.3621E-06
  6.6562E-03 -2.4672E-04  2.8270E-07  3.5153E-06
  6.7557E-03 -2.5730E-04  2.9558E-07  3.6754E-06
  6.8567E-03 -2.6833E-04  3.0903E-07  3.8426E-06
  6.9590E-03 -2.7983E-04  3.2308E-07  4.0173E-06
  7.0629E-03 -2.9180E-04  3.3776E-07  4.1998E-06
  7.1682E-03 -3.0428E-04  3.5309E-07  4.3905E-06
  7.2750E-03 -3.1727E-04  3.6911E-07  4.5897E-06
  7.3833E-03 -3.3081E-04  3.8585E-07  4.7978E-06
  7.4932E-03 -3.4491E-04  4.0333E-07  5.0152E-06
  7.6046E-03 -3.5960E-04  4.2159E-07  5.2423E-06
  7.7176E-03 -3.7491E-04  4.4067E-07  5.4794E-06
  7.8323E-03 -3.9084E-04  4.6059E-07  5.7272E-06
  7.9485E-03 -4.0744E-04  4.8141E-07  5.9860E-06
  8.0664E-03 -4.2473E-04  5.0315E-07  6.2563E-06
  8.1860E-03 -4.4274E-04  5.2585E-07  6.5386E-06
  8.3072E-03 -4.6149E-04  5.4957E-07  6.8335E-06
  8.4302E-03 -4.8102E-04  5.7434E-07  7.1416E-06
  8.5550E-03 -5.0136E-04  6.0021E-07  7.4632E-06
  8.6815E-03 -5.2253E-04  6.2724E-07  7.7992E-06
  8.8098E-03 -5.4458E-04  6.5546E-07  8.1501E-06
  8.9399E-03 -5.6754E-04  6.8493E-07  8.5166E-06
  9.0719E-03 -5.9144E-04  7.1572E-07  8.8994E-06
  9.2057E-03 -6.1632E-04  7.4787E-07  9.2991E-06
  9.3415E-03 -6.4223E-04  7.8144E-07  9.7165E-06
  9.4791E-03 -6.6920E-04  8.1650E-07  1.0152E-05
  9.6188E-03 -6.9728E-04  8.5312E-07  1.0608E-05
  9.7604E-03 -7.2651E-04  8.9136E-07  1.1083E-05
  9.9040E-03 -7.5693E-04  9.3129E-07  1.1580E-05
  1.0050E-02 -7.8859E-04  9.7298E-07  1.2098E-05
  1.0197E-02 -8.2155E-04  1.0165E-06  1.2639E-05
  1.0347E-02 -8.5585E-04  1.0620E-06  1.3205E-05
  1.0499E-02 -8.9155E-04  1.1095E-06  1.3795E-05
  1.0653E-02 -9.2871E-04  1.1591E-06  1.4412E-05
  1.0810E-02 -9.6737E-04  1.2108E-06  1.5055E-05
  1.0968E-02 -1.0076E-03  1.2649E-06  1.5727E-05
  1.1129E-02 -1.0495E-03  1.3213E-06  1.6429E-05
  1.1292E-02 -1.0930E-03  1.3803E-06  1.7162E-05
  1.1457E-02 -1.1383E-03  1.4418E-06  1.7927E-05
  1.1625E-02 -1.1855E-03  1.5060E-06  1.8726E-05
  1.1795E-02 -1.2345E-03  1.5731E-06  1.9560E-05
  1.1968E-02 -1.2856E-03  1.6432E-06  2.0430E-05
  1.2143E-02 -1.3386E-03  1.7163E-06  2.1340E-05
  1.2320E-02 -1.3939E-03  1.7926E-06  2.2289E-05
  1.2500E-02 -1.4513E-03  1.8724E-06  2.3280E-05
  1.2683E-02 -1.5110E-03  1.9556E-06  2.4314E-05
  1.2868E-02 -1.5732E-03  2.0425E-06  2.5395E-05
  1.3056E-02 -1.6378E-03  2.1332E-06  2.6522E-05
  1.3246E-02 -1.7050E-03  2.2279E-06  2.7700E-05
  1.3439E-02 -1.7748E-03  2.3268E-06  2.8929E-05
  1.3635E-02 -1.8475E-03  2.4300E-06  3.0212E-05
  1.3834E-02 -1.9230E-03  2.5377E-06  3.1552E-05
  1.4035E-02 -2.0016E-03  2.6502E-06  3.2950E-05
  1.4239E-02 -2.0833E-03  2.7677E-06  3.4410E-05
  1.4447E-02 -2.1682E-03  2.8903E-06  3.5935E-05
  1.4657E-02 -2.2564E-03  3.0183E-06  3.7526E-05
  1.4870E-02 -2.3482E-03  3.1519E-06  3.9187E-05
  1.5086E-02 -2.4435E-03  3.2914E-06  4.0920E-05
  1.5306E-02 -2.5426E-03  3.4370E-06  4.2730E-05
  1.5528E-02 -2.6456E-03  3.5890E-06  4.4620E-05
  1.5753E-02 -2.7527E-03  3.7476E-06  4.6592E-05
  1.5982E-02 -2.8639E-03  3.9132E-06  4.8651E-05
  1.6214E-02 -2.9796E-03  4.0861E-06  5.0800E-05
  1.6449E-02 -3.0997E-03  4.2666E-06  5.3043E-05
  1.6688E-02 -3.2245E-03  4.4550E-06  5.5385E-05
  1.6930E-02 -3.3542E-03  4.6516E-06  5.7829E-05
  1.7176E-02 -3.4889E-03  4.8568E-06  6.0380E-05
  1.7425E-02 -3.6288E-03  5.0711E-06  6.3043E-05
  1.7677E-02 -3.7742E-03  5.2947E-06  6.5823E-05
  1.7933E-02 -3.9251E-03  5.5281E-06  6.8724E-05
  1.8193E-02 -4.0820E-03  5.7718E-06  7.1752E-05
  1.8456E-02 -4.2448E-03  6.0261E-06  7.4913E-05
  1.8723E-02 -4.4139E-03  6.2915E-06  7.8212E-05
  1.8994E-02 -4.5896E-03  6.5686E-06  8.1656E-05
  1.9269E-02 -4.7719E-03  6.8578E-06  8.5250E-05
  1.9548E-02 -4.9612E-03  7.1596E-06  8.9001E-05
  1.9830E-02 -5.1578E-03  7.4746E-06  9.2916E-05
  2.0117E-02 -5.3619E-03  7.8034E-06  9.7003E-05
  2.0408E-02 -5.5737E-03  8.1466E-06  1.0127E-04
  2.0702E-02 -5.7935E-03  8.5048E-06  1.0572E-04
  2.1001E-02 -6.0217E-03  8.8787E-06  1.1036E-04
  2.1305E-02 -6.2585E-03  9.2688E-06  1.1521E-04
  2.1612E-02 -6.5043E-03  9.6761E-06  1.2027E-04
  2.1924E-02 -6.7593E-03  1.0101E-05  1.2556E-04
  2.2241E-02 -7.0239E-03  1.0545E-05  1.3107E-04
  2.2562E-02 -7.2984E-03  1.1008E-05  1.3682E-04
  2.2887E-02 -7.5832E-03  1.1491E-05  1.4282E-04
  2.3217E-02 -7.8786E-03  1.1995E-05  1.4909E-04
  2.3552E-02 -8.1850E-03  1.2521E-05  1.5563E-04
  2.3891E-02 -8.5028E-03  1.3071E-05  1.6245E-04
  2.4236E-02 -8.8324E-03  1.3644E-05  1.6958E-04
  2.4585E-02 -9.1742E-03  1.4242E-05  1.7701E-04
  2.4939E-02 -9.5286E-03  1.4866E-05  1.8477E-04
  2.5298E-02 -9.8960E-03  1.5518E-05  1.9286E-04
  2.5662E-02 -1.0277E-02  1.6198E-05  2.0131E-04
  2.6032E-02 -1.0672E-02  1.6908E-05  2.1012E-04
  2.6407E-02 -1.1081E-02  1.7648E-05  2.1932E-04
  2.6787E-02 -1.1505E-02  1.8421E-05  2.2893E-04
  2.7172E-02 -1.1945E-02  1.9228E-05  2.3894E-04
  2.7563E-02 -1.2401E-02  2.0069E-05  2.4940E-04
  2.7959E-02 -1.2873E-02  2.0948E-05  2.6031E-04
  2.8362E-02 -1.3362E-02  2.1864E-05  2.7170E-04
  2.8769E-02 -1.3868E-02  2.2821E-05  2.8358E-04
  2.9183E-02 -1.4393E-02  2.3819E-05  2.9598E-04
  2.9602E-02 -1.4937E-02  2.4861E-05  3.0891E-04
  3.0028E-02 -1.5500E-02  2.5948E-05  3.2242E-04
  3.0459E-02 -1.6083E-02  2.7083E-05  3.3650E-04
  3.0897E-02 -1.6686E-02  2.8266E-05  3.5121E-04
  3.1341E-02 -1.7311E-02  2.9502E-05  3.6655E-04
  3.1791E-02 -1.7958E-02  3.0791E-05  3.8255E-04
  3.2247E-02 -1.8628E-02  3.2136E-05  3.9926E-04
  3.2710E-02 -1.9321E-02  3.3540E-05  4.1669E-04
  3.3180E-02 -2.0038E-02  3.5005E-05  4.3488E-04
  3.3656E-02 -2.0781E-02  3.6534E-05  4.5385E-04
  3.4139E-02 -2.1548E-02  3.8129E-05  4.7366E-04
  3.4629E-02 -2.2343E-02  3.9793E-05  4.9432E-04
  3.5126E-02 -2.3165E-02  4.1530E-05  5.1588E-04
  3.5630E-02 -2.4015E-02  4.3343E-05  5.3838E-04
  3.6141E-02 -2.4894E-02  4.5234E-05  5.6185E-04
  3.6659E-02 -2.5803E-02  4.7207E-05  5.8635E-04
  3.7185E-02 -2.6742E-02  4.9267E-05  6.1190E-04
  3.7718E-02 -2.7714E-02  5.1416E-05  6.3857E-04
  3.8258E-02 -2.8718E-02  5.3658E-05  6.6640E-04
  3.8807E-02 -2.9756E-02  5.5997E-05  6.9543E-04
  3.9363E-02 -3.0828E-02  5.8439E-05  7.2572E-04
  3.9927E-02 -3.1936E-02  6.0986E-05  7.5733E-04
  4.0499E-02 -3.3081E-02  6.3644E-05  7.9030E-04
  4.1079E-02 -3.4264E-02  6.6418E-05  8.2471E-04
  4.1668E-02 -3.5485E-02  6.9312E-05  8.6061E-04
  4.2264E-02 -3.6747E-02  7.2332E-05  8.9807E-04
  4.2870E-02 -3.8049E-02  7.5483E-05  9.3715E-04
  4.3484E-02 -3.9394E-02  7.8770E-05  9.7792E-04
  4.4106E-02 -4.0782E-02  8.2201E-05  1.0205E-03
  4.4738E-02 -4.2214E-02  8.5780E-05  1.0648E-03
  4.5378E-02 -4.3693E-02  8.9515E-05  1.1112E-03
  4.6027E-02 -4.5218E-02  9.3412E-05  1.1595E-03
  4.6686E-02 -4.6792E-02  9.7478E-05  1.2099E-03
  4.7354E-02 -4.8415E-02  1.0172E-04  1.2625E-03
  4.8032E-02 -5.0089E-02  1.0615E-04  1.3173E-03
  4.8719E-02 -5.1815E-02  1.1077E-04  1.3746E-03
  4.9416E-02 -5.3595E-02  1.1559E-04  1.4343E-03
  5.0123E-02 -5.5430E-02  1.2061E-04  1.4966E-03
  5.0839E-02 -5.7321E-02  1.2586E-04  1.5616E-03
  5.1567E-02 -5.9269E-02  1.3133E-04  1.6294E-03
  5.2304E-02 -6.1277E-02  1.3705E-04  1.7002E-03
  5.3052E-02 -6.3345E-02  1.4301E-04  1.7740E-03
  5.3810E-02 -6.5475E-02  1.4922E-04  1.8510E-03
  5.4579E-02 -6.7669E-02  1.5571E-04  1.9313E-03
  5.5360E-02 -6.9927E-02  1.6248E-04  2.0151E-03
  5.6151E-02 -7.2252E-02  1.6954E-04  2.1025E-03
  5.6953E-02 -7.4645E-02  1.7691E-04  2.1937E-03
  5.7767E-02 -7.7107E-02  1.8459E-04  2.2888E-03
  5.8593E-02 -7.9640E-02  1.9262E-04  2.3881E-03
  5.9430E-02 -8.2246E-02  2.0098E-04  2.4916E-03
  6.0279E-02 -8.4926E-02  2.0971E-04  2.5996E-03
  6.1140E-02 -8.7681E-02  2.1882E-04  2.7123E-03
  6.2013E-02 -9.0514E-02  2.2833E-04  2.8298E-03
  6.2899E-02 -9.3425E-02  2.3824E-04  2.9524E-03
  6.3797E-02 -9.6417E-02  2.4859E-04  3.0803E-03
  6.4708E-02 -9.9490E-02  2.5938E-04  3.2137E-03
  6.5632E-02 -1.0265E-01  2.7064E-04  3.3529E-03
  6.6570E-02 -1.0589E-01  2.8238E-04  3.4981E-03
  6.7520E-02 -1.0922E-01  2.9464E-04  3.6495E-03
  6.8484E-02 -1.1264E-01  3.0743E-04  3.8074E-03
  6.9462E-02 -1.1614E-01  3.2077E-04  3.9722E-03
  7.0453E-02 -1.1974E-01  3.3469E-04  4.1440E-03
  7.1459E-02 -1.2343E-01  3.4921E-04  4.3233E-03
  7.2479E-02 -1.2721E-01  3.6435E-04  4.5103E-03
  7.3513E-02 -1.3109E-01  3.8016E-04  4.7053E-03
  7.4562E-02 -1.3507E-01  3.9664E-04  4.9087E-03
  7.5626E-02 -1.3915E-01  4.1385E-04  5.1208E-03
  7.6705E-02 -1.4332E-01  4.3179E-04  5.3421E-03
  7.7799E-02 -1.4760E-01  4.5051E-04  5.5729E-03
  7.8909E-02 -1.5198E-01  4.7004E-04  5.8137E-03
  8.0035E-02 -1.5646E-01  4.9042E-04  6.0647E-03
  8.1177E-02 -1.6105E-01  5.1167E-04  6.3266E-03
  8.2335E-02 -1.6574E-01  5.3385E-04  6.5997E-03
  8.3509E-02 -1.7055E-01  5.5698E-04  6.8845E-03
  8.4700E-02 -1.7546E-01  5.8112E-04  7.1816E-03
  8.5908E-02 -1.8047E-01  6.0629E-04  7.4914E-03
  8.7133E-02 -1.8560E-01  6.3256E-04  7.8145E-03
  8.8375E-02 -1.9084E-01  6.5996E-04  8.1514E-03
  8.9636E-02 -1.9620E-01  6.8854E-04  8.5028E-03
  9.0914E-02 -2.0166E-01  7.1836E-04  8.8693E-03
  9.2210E-02 -2.0724E-01  7.4946E-04  9.2514E-03
  9.3524E-02 -2.1293E-01  7.8191E-04  9.6499E-03
  9.4858E-02 -2.1873E-01  8.1576E-04  1.0066E-02
  9.6210E-02 -2.2465E-01  8.5107E-04  1.0499E-02
  9.7581E-02 -2.3069E-01  8.8791E-04  1.0951E-02
  9.8972E-02 -2.3684E-01  9.2634E-04  1.1422E-02
  1.0038E-01 -2.4310E-01  9.6642E-04  1.1913E-02
  1.0181E-01 -2.4948E-01  1.0082E-03  1.2426E-02
  1.0326E-01 -2.5597E-01  1.0519E-03  1.2960E-02
  1.0474E-01 -2.6258E-01  1.0974E-03  1.3517E-02
  1.0623E-01 -2.6930E-01  1.1448E-03  1.4098E-02
  1.0774E-01 -2.7613E-01  1.1943E-03  1.4703E-02
  1.0928E-01 -2.8307E-01  1.2460E-03  1.5335E-02
  1.1083E-01 -2.9013E-01  1.2998E-03  1.5993E-02
  1.1241E-01 -2.9729E-01  1.3560E-03  1.6679E-02
  1.1401E-01 -3.0456E-01  1.4146E-03  1.7395E-02
  1.1564E-01 -3.1194E-01  1.4758E-03  1.8140E-02
  1.1729E-01 -3.1942E-01  1.5396E-03  1.8918E-02
  1.1896E-01 -3.2701E-01  1.6061E-03  1.9729E-02
  1.2065E-01 -3.3470E-01  1.6755E-03  2.0574E-02
  1.2237E-01 -3.4248E-01  1.7478E-03  2.1455E-02
  1.2411E-01 -3.5036E-01  1.8233E-03  2.2373E-02
  1.2588E-01 -3.5834E-01  1.9021E-03  2.3330E-02
  1.2767E-01 -3.6640E-01  1.9842E-03  2.4328E-02
  1.2949E-01 -3.7456E-01  2.0698E-03  2.5368E-02
  1.3134E-01 -3.8279E-01  2.1592E-03  2.6452E-02
  1.3321E-01 -3.9111E-01  2.2524E-03  2.7582E-02
  1.3510E-01 -3.9950E-01  2.3496E-03  2.8759E-02
  1.3703E-01 -4.0797E-01  2.4509E-03  2.9986E-02
  1.3898E-01 -4.1650E-01  2.5567E-03  3.1265E-02
  1.4096E-01 -4.2509E-01  2.6669E-03  3.2598E-02
  1.4296E-01 -4.3375E-01  2.7819E-03  3.3987E-02
  1.4500E-01 -4.4245E-01  2.9019E-03  3.5434E-02
  1.4706E-01 -4.5121E-01  3.0270E-03  3.6943E-02
  1.4916E-01 -4.6000E-01  3.1574E-03  3.8514E-02
  1.5128E-01 -4.6883E-01  3.2935E-03  4.0152E-02
  1.5343E-01 -4.7769E-01  3.4354E-03  4.1858E-02
  1.5562E-01 -4.8657E-01  3.5834E-03  4.3635E-02
  1.5783E-01 -4.9547E-01  3.7377E-03  4.5487E-02
  1.6008E-01 -5.0438E-01  3.8987E-03  4.7416E-02
  1.6236E-01 -5.1329E-01  4.0665E-03  4.9426E-02
  1.6467E-01 -5.2219E-01  4.2416E-03  5.1520E-02
  1.6701E-01 -5.3108E-01  4.4241E-03  5.3701E-02
  1.6939E-01 -5.3994E-01  4.6144E-03  5.5972E-02
  1.7180E-01 -5.4878E-01  4.8129E-03  5.8338E-02
  1.7425E-01 -5.5757E-01  5.0199E-03  6.0802E-02
  1.7673E-01 -5.6632E-01  5.2358E-03  6.3368E-02
  1.7924E-01 -5.7500E-01  5.4608E-03  6.6041E-02
  1.8179E-01 -5.8362E-01  5.6955E-03  6.8824E-02
  1.8438E-01 -5.9216E-01  5.9402E-03  7.1721E-02
  1.8700E-01 -6.0061E-01  6.1954E-03  7.4739E-02
  1.8966E-01 -6.0896E-01  6.4614E-03  7.7880E-02
  1.9236E-01 -6.1721E-01  6.7388E-03  8.1151E-02
  1.9510E-01 -6.2533E-01  7.0281E-03  8.4556E-02
  1.9787E-01 -6.3332E-01  7.3296E-03  8.8100E-02
  2.0069E-01 -6.4116E-01  7.6440E-03  9.1789E-02
  2.0354E-01 -6.4886E-01  7.9718E-03  9.5629E-02
  2.0644E-01 -6.5638E-01  8.3136E-03  9.9625E-02
  2.0938E-01 -6.6373E-01  8.6699E-03  1.0378E-01
  2.1236E-01 -6.7088E-01  9.0413E-03  1.0811E-01
  2.1538E-01 -6.7783E-01  9.4286E-03  1.1261E-01
  2.1844E-01 -6.8457E-01  9.8323E-03  1.1730E-01
  2.2155E-01 -6.9107E-01  1.0253E-02  1.2217E-01
  2.2470E-01 -6.9733E-01  1.0692E-02  1.2725E-01
  2.2790E-01 -7.0334E-01  1.1149E-02  1.3252E-01
  2.3114E-01 -7.0908E-01  1.1626E-02  1.3801E-01
  2.3442E-01 -7.1454E-01  1.2123E-02  1.4371E-01
  2.3776E-01 -7.1970E-01  1.2641E-02  1.4964E-01
  2.4114E-01 -7.2455E-01  1.3180E-02  1.5581E-01
  2.4457E-01 -7.2908E-01  1.3743E-02  1.6223E-01
  2.4805E-01 -7.3327E-01  1.4329E-02  1.6890E-01
  2.5158E-01 -7.3711E-01  1.4941E-02  1.7583E-01
  2.5515E-01 -7.4058E-01  1.5578E-02  1.8303E-01
  2.5878E-01 -7.4368E-01  1.6241E-02  1.9052E-01
  2.6246E-01 -7.4638E-01  1.6933E-02  1.9830E-01
  2.6620E-01 -7.4868E-01  1.7654E-02  2.0638E-01
  2.6998E-01 -7.5055E-01  1.8405E-02  2.1478E-01
  2.7382E-01 -7.5199E-01  1.9188E-02  2.2350E-01
  2.7772E-01 -7.5299E-01  2.0004E-02  2.3256E-01
  2.8166E-01 -7.5353E-01  2.0853E-02  2.4197E-01
  2.8567E-01 -7.5359E-01  2.1739E-02  2.5174E-01
  2.8973E-01 -7.5316E-01  2.2661E-02  2.6188E-01
  2.9385E-01 -7.5224E-01  2.3623E-02  2.7240E-01
  2.9803E-01 -7.5081E-01  2.4624E-02  2.8333E-01
  3.0227E-01 -7.4885E-01  2.5667E-02  2.9467E-01
  3.0657E-01 -7.4636E-01  2.6753E-02  3.0643E-01
  3.1092E-01 -7.4332E-01  2.7885E-02  3.1863E-01
  3.1535E-01 -7.3972E-01  2.9064E-02  3.3129E-01
  3.1983E-01 -7.3556E-01  3.0292E-02  3.4441E-01
  3.2438E-01 -7.3082E-01  3.1571E-02  3.5802E-01
  3.2899E-01 -7.2549E-01  3.2903E-02  3.7212E-01
  3.3367E-01 -7.1957E-01  3.4290E-02  3.8674E-01
  3.3841E-01 -7.1304E-01  3.5734E-02  4.0188E-01
  3.4322E-01 -7.0589E-01  3.7238E-02  4.1757E-01
  3.4810E-01 -6.9813E-01  3.8804E-02  4.3382E-01
  3.5305E-01 -6.8973E-01  4.0434E-02  4.5065E-01
  3.5807E-01 -6.8070E-01  4.2132E-02  4.6807E-01
  3.6316E-01 -6.7103E-01  4.3899E-02  4.8610E-01
  3.6832E-01 -6.6071E-01  4.5738E-02  5.0475E-01
  3.7356E-01 -6.4974E-01  4.7653E-02  5.2405E-01
  3.7887E-01 -6.3812E-01  4.9646E-02  5.4401E-01
  3.8425E-01 -6.2583E-01  5.1720E-02  5.6464E-01
  3.8972E-01 -6.1288E-01  5.3878E-02  5.8597E-01
  3.9525E-01 -5.9927E-01  5.6124E-02  6.0801E-01
  4.0087E-01 -5.8499E-01  5.8461E-02  6.3077E-01
  4.0657E-01 -5.7005E-01  6.0893E-02  6.5427E-01
  4.1235E-01 -5.5443E-01  6.3423E-02  6.7854E-01
  4.1821E-01 -5.3815E-01  6.6055E-02  7.0358E-01
  4.2416E-01 -5.2121E-01  6.8792E-02  7.2940E-01
  4.3019E-01 -5.0360E-01  7.1639E-02  7.5604E-01
  4.3630E-01 -4.8533E-01  7.4600E-02  7.8349E-01
  4.4250E-01 -4.6640E-01  7.7680E-02  8.1177E-01
  4.4879E-01 -4.4682E-01  8.0881E-02  8.4090E-01
  4.5517E-01 -4.2660E-01  8.4210E-02  8.7089E-01
  4.6164E-01 -4.0573E-01  8.7671E-02  9.0175E-01
  4.6820E-01 -3.8423E-01  9.1268E-02  9.3349E-01
  4.7486E-01 -3.6210E-01  9.5007E-02  9.6612E-01
  4.8160E-01 -3.3936E-01  9.8892E-02  9.9964E-01
  4.8845E-01 -3.1600E-01  1.0293E-01  1.0341E+00
  4.9539E-01 -2.9205E-01  1.0712E-01  1.0694E+00
  5.0243E-01 -2.6751E-01  1.1148E-01  1.1056E+00
  5.0957E-01 -2.4239E-01  1.1601E-01  1.1428E+00
  5.1682E-01 -2.1671E-01  1.2071E-01  1.1809E+00
  5.2416E-01 -1.9048E-01  1.2559E-01  1.2198E+00
  5.3161E-01 -1.6371E-01  1.3066E-01  1.2597E+00
  5.3916E-01 -1.3642E-01  1.3592E-01  1.3005E+00
  5.4683E-01 -1.0863E-01  1.4138E-01  1.3421E+00
  5.5460E-01 -8.0342E-02  1.4705E-01  1.3846E+00
  5.6248E-01 -5.1588E-02  1.5293E-01  1.4280E+00
  5.7047E-01 -2.2381E-02  1.5903E-01  1.4722E+00
  5.7858E-01  7.2603E-03  1.6536E-01  1.5172E+00
  5.8680E-01  3.7316E-02  1.7193E-01  1.5629E+00
  5.9514E-01  6.7765E-02  1.7873E-01  1.6094E+00
  6.0360E-01  9.8587E-02  1.8579E-01  1.6566E+00
  6.1218E-01  1.2976E-01  1.9310E-01  1.7044E+00
  6.2087E-01  1.6126E-01  2.0068E-01  1.7528E+00
  6.2970E-01  1.9306E-01  2.0853E-01  1.8018E+00
  6.3865E-01  2.2515E-01  2.1666E-01  1.8513E+00
  6.4772E-01  2.5749E-01  2.2508E-01  1.9011E+00
  6.5693E-01  2.9007E-01  2.3379E-01  1.9513E+00
  6.6626E-01  3.2285E-01  2.4282E-01  2.0018E+00
  6.7573E-01  3.5580E-01  2.5215E-01  2.0524E+00
  6.8533E-01  3.8892E-01  2.6181E-01  2.1031E+00
  6.9507E-01  4.2215E-01  2.7180E-01  2.1538E+00
  7.0494E-01  4.5549E-01  2.8213E-01  2.2043E+00
  7.1496E-01  4.8889E-01  2.9280E-01  2.2545E+00
  7.2512E-01  5.2234E-01  3.0383E-01  2.3044E+00
  7.3542E-01  5.5580E-01  3.1522E-01  2.3537E+00
  7.4587E-01  5.8925E-01  3.2698E-01  2.4023E+00
  7.5647E-01  6.2265E-01  3.3912E-01  2.4500E+00
  7.6722E-01  6.5597E-01  3.5165E-01  2.4967E+00
  7.7812E-01  6.8920E-01  3.6457E-01  2.5422E+00
  7.8918E-01  7.2229E-01  3.7789E-01  2.5863E+00
  8.0039E-01  7.5521E-01  3.9161E-01  2.6288E+00
  8.1176E-01  7.8794E-01  4.0575E-01  2.6695E+00
  8.2330E-01  8.2044E-01  4.2032E-01  2.7081E+00
  8.3499E-01  8.5268E-01  4.3530E-01  2.7445E+00
  8.4686E-01  8.8463E-01  4.5071E-01  2.7783E+00
  8.5889E-01  9.1626E-01  4.6656E-01  2.8094E+00
  8.7109E-01  9.4753E-01  4.8285E-01  2.8374E+00
  8.8347E-01  9.7842E-01  4.9957E-01  2.8622E+00
  8.9602E-01  1.0089E+00  5.1674E-01  2.8833E+00
  9.0875E-01  1.0389E+00  5.3435E-01  2.9006E+00
  9.2166E-01  1.0684E+00  5.5240E-01  2.9137E+00
  9.3476E-01  1.0974E+00  5.7089E-01  2.9223E+00
  9.4804E-01  1.1259E+00  5.8983E-01  2.9261E+00
  9.6151E-01  1.1537E+00  6.0919E-01  2.9248E+00
  9.7517E-01  1.1809E+00  6.2898E-01  2.9181E+00
  9.8902E-01  1.2075E+00  6.4920E-01  2.9057E+00
  1.0031E+00  1.2334E+00  6.6983E-01  2.8872E+00
  1.0173E+00  1.2586E+00  6.9086E-01  2.8624E+00
  1.0318E+00  1.2831E+00  7.1228E-01  2.8310E+00
  1.0464E+00  1.3067E+00  7.3408E-01  2.7925E+00
  1.0613E+00  1.3296E+00  7.5623E-01  2.7469E+00
  1.0764E+00  1.3517E+00  7.7872E-01  2.6938E+00
  1.0917E+00  1.3728E+00  8.0153E-01  2.6329E+00
  1.1072E+00  1.3931E+00  8.2462E-01  2.5640E+00
  1.1229E+00  1.4125E+00  8.4799E-01  2.4869E+00
  1.1389E+00  1.4310E+00  8.7158E-01  2.4015E+00
  1.1550E+00  1.4485E+00  8.9537E-01  2.3076E+00
  1.1715E+00  1.4650E+00  9.1932E-01  2.2051E+00
  1.1881E+00  1.4805E+00  9.4339E-01  2.0940E+00
  1.2050E+00  1.4950E+00  9.6754E-01  1.9742E+00
  1.2221E+00  1.5084E+00  9.9171E-01  1.8458E+00
  1.2395E+00  1.5208E+00  1.0159E+00  1.7090E+00
  1.2571E+00  1.5321E+00  1.0399E+00  1.5639E+00
  1.2749E+00  1.5423E+00  1.0638E+00  1.4108E+00
  1.2930E+00  1.5514E+00  1.0875E+00  1.2500E+00
  1.3114E+00  1.5593E+00  1.1110E+00  1.0819E+00
  1.3300E+00  1.5661E+00  1.1340E+00  9.0718E-01
  1.3489E+00  1.5718E+00  1.1567E+00  7.2631E-01
  1.3681E+00  1.5763E+00  1.1788E+00  5.4009E-01
  1.3875E+00  1.5795E+00  1.2003E+00  3.4935E-01
  1.4072E+00  1.5816E+00  1.2211E+00  1.5507E-01
  1.4272E+00  1.5825E+00  1.2412E+00 -4.1675E-02
  1.4475E+00  1.5822E+00  1.2603E+00 -2.3965E-01
  1.4681E+00  1.5807E+00  1.2785E+00 -4.3752E-01
  1.4889E+00  1.5779E+00  1.2956E+00 -6.3378E-01
  1.5101E+00  1.5739E+00  1.3114E+00 -8.2683E-01
  1.5315E+00  1.5687E+00  1.3260E+00 -1.0149E+00
  1.5533E+00  1.5622E+00  1.3391E+00 -1.1962E+00
  1.5753E+00  1.5545E+00  1.3507E+00 -1.3686E+00
  1.5977E+00  1.5455E+00  1.3606E+00 -1.5300E+00
  1.6204E+00  1.5353E+00  1.3688E+00 -1.6783E+00
  1.6434E+00  1.5239E+00  1.3752E+00 -1.8111E+00
  1.6668E+00  1.5112E+00  1.3795E+00 -1.9260E+00
  1.6905E+00  1.4973E+00  1.3818E+00 -2.0208E+00
  1.7145E+00  1.4821E+00  1.3820E+00 -2.0929E+00
  1.7388E+00  1.4656E+00  1.3799E+00 -2.1402E+00
  1.7635E+00  1.4480E+00  1.3755E+00 -2.1603E+00
  1.7886E+00  1.4290E+00  1.3688E+00 -2.1512E+00
  1.8140E+00  1.4089E+00  1.3596E+00 -2.1105E+00
  1.8398E+00  1.3875E+00  1.3480E+00 -2.0369E+00
  1.8659E+00  1.3649E+00  1.3340E+00 -1.9389E+00
  1.8924E+00  1.3411E+00  1.3176E+00 -1.8168E+00
  1.9193E+00  1.3160E+00  1.2987E+00 -1.6718E+00
  1.9465E+00  1.2898E+00  1.2775E+00 -1.5057E+00
  1.9742E+00  1.2623E+00  1.2541E+00 -1.3211E+00
  2.0022E+00  1.2336E+00  1.2284E+00 -1.1220E+00
  2.0307E+00  1.2038E+00  1.2007E+00 -9.1341E-01
  2.0595E+00  1.1727E+00  1.1712E+00 -7.0226E-01
  2.0888E+00  1.1405E+00  1.1398E+00 -4.9718E-01
  2.1184E+00  1.1071E+00  1.1069E+00 -3.0914E-01
  2.1485E+00  1.0726E+00  1.0725E+00 -1.5178E-01
  2.1790E+00  1.0369E+00  1.0369E+00 -4.1894E-02
  2.2100E+00  1.0000E+00  1.0000E+00  0.0000E+00
  2.2414E+00  9.6200E-01  9.6200E-01  0.0000E+00
  2.2732E+00  9.2287E-01  9.2287E-01  0.0000E+00
  2.3055E+00  8.8262E-01  8.8262E-01  0.0000E+00
  2.3383E+00  8.4125E-01  8.4125E-01  0.0000E+00
  2.3715E+00  7.9878E-01  7.9878E-01  0.0000E+00
  2.4052E+00  7.5522E-01  7.5522E-01  0.0000E+00
  2.4393E+00  7.1057E-01  7.1057E-01  0.0000E+00
  2.4740E+00  6.6486E-01  6.6486E-01  0.0000E+00
  2.5091E+00  6.1808E-01  6.1808E-01  0.0000E+00
  2.5448E+00  5.7025E-01  5.7025E-01  0.0000E+00
  2.5809E+00  5.2139E-01  5.2139E-01  0.0000E+00
  2.6176E+00  4.7151E-01  4.7151E-01  0.0000E+00
  2.6547E+00  4.2061E-01  4.2061E-01  0.0000E+00
  2.6925E+00  3.6873E-01  3.6873E-01  0.0000E+00
  2.7307E+00  3.1586E-01  3.1586E-01  0.0000E+00
  2.7695E+00  2.6204E-01  2.6204E-01  0.0000E+00
  2.8088E+00  2.0729E-01  2.0729E-01  0.0000E+00
  2.8487E+00  1.5161E-01  1.5161E-01  0.0000E+00
  2.8892E+00  9.5041E-02  9.5041E-02  0.0000E+00
  2.9302E+00  3.7602E-02  3.7602E-02  0.0000E+00
  2.9718E+00 -2.0679E-02 -2.0679E-02  0.0000E+00
  3.0141E+00 -7.9773E-02 -7.9773E-02  0.0000E+00
  3.0569E+00 -1.3965E-01 -1.3965E-01  0.0000E+00
  3.1003E+00 -2.0027E-01 -2.0027E-01  0.0000E+00
  3.1443E+00 -2.6160E-01 -2.6160E-01  0.0000E+00
  3.1890E+00 -3.2359E-01 -3.2359E-01  0.0000E+00
  3.2343E+00 -3.8621E-01 -3.8621E-01  0.0000E+00
  3.2802E+00 -4.4941E-01 -4.4941E-01  0.0000E+00
  3.3268E+00 -5.1313E-01 -5.1313E-01  0.0000E+00
  3.3741E+00 -5.7733E-01 -5.7733E-01  0.0000E+00
  3.4220E+00 -6.4193E-01 -6.4193E-01  0.0000E+00
  3.4706E+00 -7.0689E-01 -7.0689E-01  0.0000E+00
  3.5199E+00 -7.7213E-01 -7.7213E-01  0.0000E+00
  3.5699E+00 -8.3758E-01 -8.3758E-01  0.0000E+00
  3.6206E+00 -9.0316E-01 -9.0316E-01  0.0000E+00
  3.6720E+00 -9.6880E-01 -9.6880E-01  0.0000E+00
  3.7242E+00 -1.0344E+00 -1.0344E+00  0.0000E+00
  3.7771E+00 -1.0999E+00 -1.0999E+00  0.0000E+00
  3.8307E+00 -1.1652E+00 -1.1652E+00  0.0000E+00
  3.8851E+00 -1.2301E+00 -1.2301E+00  0.0000E+00
  3.9403E+00 -1.2947E+00 -1.2947E+00  0.0000E+00
  3.9963E+00 -1.3587E+00 -1.3587E+00  0.0000E+00
  4.0530E+00 -1.4220E+00 -1.4220E+00  0.0000E+00
  4.1106E+00 -1.4846E+00 -1.4846E+00  0.0000E+00
  4.1690E+00 -1.5463E+00 -1.5463E+00  0.0000E+00
  4.2282E+00 -1.6070E+00 -1.6070E+00  0.0000E+00
  4.2883E+00 -1.6665E+00 -1.6665E+00  0.0000E+00
  4.3492E+00 -1.7247E+00 -1.7247E+00  0.0000E+00
  4.4109E+00 -1.7814E+00 -1.7814E+00  0.0000E+00
  4.4736E+00 -1.8366E+00 -1.8366E+00  0.0000E+00
