 # l=           2 energy=  -5.0000000000000000     
  0.0000E+00 -0.0000E+00  0.0000E+00  0.0000E+00
  1.1384E-06 -5.5595E-19  6.8322E-15  1.0771E-14
  2.2870E-06 -4.5076E-18  4.1795E-14  6.5888E-14
  3.4458E-06 -1.5419E-17  1.2116E-13  1.9100E-13
  4.6150E-06 -3.7042E-17  2.5870E-13  4.0783E-13
  5.7947E-06 -7.3327E-17  4.6717E-13  7.3647E-13
  6.9849E-06 -1.2843E-16  7.5884E-13  1.1963E-12
  8.1858E-06 -2.0671E-16  1.1457E-12  1.8061E-12
  9.3975E-06 -3.1275E-16  1.6397E-12  2.5848E-12
  1.0620E-05 -4.5137E-16  2.2526E-12  3.5511E-12
  1.1853E-05 -6.2761E-16  2.9966E-12  4.7239E-12
  1.3098E-05 -8.4675E-16  3.8837E-12  6.1223E-12
  1.4353E-05 -1.1144E-15  4.9262E-12  7.7657E-12
  1.5620E-05 -1.4362E-15  6.1367E-12  9.6739E-12
  1.6898E-05 -1.8184E-15  7.5279E-12  1.1867E-11
  1.8188E-05 -2.2673E-15  9.1127E-12  1.4365E-11
  1.9489E-05 -2.7895E-15  1.0905E-11  1.7190E-11
  2.0802E-05 -3.3921E-15  1.2917E-11  2.0363E-11
  2.2126E-05 -4.0821E-15  1.5165E-11  2.3905E-11
  2.3463E-05 -4.8673E-15  1.7661E-11  2.7840E-11
  2.4811E-05 -5.7556E-15  2.0421E-11  3.2191E-11
  2.6171E-05 -6.7552E-15  2.3460E-11  3.6981E-11
  2.7544E-05 -7.8747E-15  2.6793E-11  4.2236E-11
  2.8929E-05 -9.1232E-15  3.0436E-11  4.7979E-11
  3.0326E-05 -1.0510E-14  3.4406E-11  5.4237E-11
  3.1735E-05 -1.2045E-14  3.8720E-11  6.1037E-11
  3.3158E-05 -1.3738E-14  4.3395E-11  6.8406E-11
  3.4593E-05 -1.5600E-14  4.8448E-11  7.6372E-11
  3.6041E-05 -1.7642E-14  5.3898E-11  8.4963E-11
  3.7502E-05 -1.9875E-14  5.9764E-11  9.4210E-11
  3.8975E-05 -2.2312E-14  6.6066E-11  1.0414E-10
  4.0463E-05 -2.4965E-14  7.2822E-11  1.1479E-10
  4.1963E-05 -2.7846E-14  8.0055E-11  1.2620E-10
  4.3477E-05 -3.0970E-14  8.7785E-11  1.3838E-10
  4.5004E-05 -3.4350E-14  9.6033E-11  1.5138E-10
  4.6545E-05 -3.8001E-14  1.0482E-10  1.6524E-10
  4.8100E-05 -4.1937E-14  1.1418E-10  1.7998E-10
  4.9669E-05 -4.6176E-14  1.2412E-10  1.9566E-10
  5.1251E-05 -5.0732E-14  1.3467E-10  2.1229E-10
  5.2848E-05 -5.5624E-14  1.4587E-10  2.2994E-10
  5.4460E-05 -6.0868E-14  1.5772E-10  2.4862E-10
  5.6085E-05 -6.6483E-14  1.7027E-10  2.6840E-10
  5.7725E-05 -7.2488E-14  1.8353E-10  2.8931E-10
  5.9380E-05 -7.8903E-14  1.9754E-10  3.1139E-10
  6.1050E-05 -8.5747E-14  2.1233E-10  3.3470E-10
  6.2734E-05 -9.3043E-14  2.2792E-10  3.5927E-10
  6.4434E-05 -1.0081E-13  2.4434E-10  3.8516E-10
  6.6149E-05 -1.0908E-13  2.6163E-10  4.1242E-10
  6.7879E-05 -1.1786E-13  2.7982E-10  4.4110E-10
  6.9625E-05 -1.2719E-13  2.9895E-10  4.7124E-10
  7.1386E-05 -1.3709E-13  3.1904E-10  5.0292E-10
  7.3163E-05 -1.4759E-13  3.4014E-10  5.3617E-10
  7.4956E-05 -1.5870E-13  3.6228E-10  5.7107E-10
  7.6765E-05 -1.7047E-13  3.8549E-10  6.0766E-10
  7.8590E-05 -1.8293E-13  4.0982E-10  6.4601E-10
  8.0432E-05 -1.9609E-13  4.3531E-10  6.8619E-10
  8.2290E-05 -2.0999E-13  4.6199E-10  7.2825E-10
  8.4165E-05 -2.2467E-13  4.8992E-10  7.7227E-10
  8.6056E-05 -2.4016E-13  5.1912E-10  8.1830E-10
  8.7964E-05 -2.5650E-13  5.4965E-10  8.6643E-10
  8.9890E-05 -2.7371E-13  5.8156E-10  9.1672E-10
  9.1832E-05 -2.9184E-13  6.1488E-10  9.6925E-10
  9.3792E-05 -3.1093E-13  6.4968E-10  1.0241E-09
  9.5770E-05 -3.3102E-13  6.8599E-10  1.0813E-09
  9.7765E-05 -3.5214E-13  7.2387E-10  1.1410E-09
  9.9778E-05 -3.7434E-13  7.6337E-10  1.2033E-09
  1.0181E-04 -3.9767E-13  8.0455E-10  1.2682E-09
  1.0386E-04 -4.2217E-13  8.4746E-10  1.3358E-09
  1.0593E-04 -4.4789E-13  8.9216E-10  1.4063E-09
  1.0801E-04 -4.7488E-13  9.3870E-10  1.4797E-09
  1.1012E-04 -5.0318E-13  9.8716E-10  1.5561E-09
  1.1224E-04 -5.3286E-13  1.0376E-09  1.6355E-09
  1.1438E-04 -5.6396E-13  1.0900E-09  1.7182E-09
  1.1654E-04 -5.9654E-13  1.1446E-09  1.8042E-09
  1.1873E-04 -6.3067E-13  1.2013E-09  1.8937E-09
  1.2093E-04 -6.6639E-13  1.2603E-09  1.9866E-09
  1.2315E-04 -7.0377E-13  1.3216E-09  2.0832E-09
  1.2539E-04 -7.4288E-13  1.3852E-09  2.1835E-09
  1.2765E-04 -7.8378E-13  1.4513E-09  2.2877E-09
  1.2993E-04 -8.2655E-13  1.5200E-09  2.3959E-09
  1.3223E-04 -8.7124E-13  1.5913E-09  2.5083E-09
  1.3455E-04 -9.1793E-13  1.6652E-09  2.6249E-09
  1.3689E-04 -9.6671E-13  1.7420E-09  2.7458E-09
  1.3925E-04 -1.0176E-12  1.8216E-09  2.8713E-09
  1.4164E-04 -1.0708E-12  1.9041E-09  3.0014E-09
  1.4404E-04 -1.1263E-12  1.9897E-09  3.1364E-09
  1.4647E-04 -1.1842E-12  2.0785E-09  3.2763E-09
  1.4892E-04 -1.2446E-12  2.1705E-09  3.4213E-09
  1.5139E-04 -1.3076E-12  2.2658E-09  3.5715E-09
  1.5388E-04 -1.3732E-12  2.3646E-09  3.7272E-09
  1.5640E-04 -1.4417E-12  2.4669E-09  3.8885E-09
  1.5894E-04 -1.5130E-12  2.5728E-09  4.0555E-09
  1.6150E-04 -1.5873E-12  2.6826E-09  4.2284E-09
  1.6408E-04 -1.6647E-12  2.7961E-09  4.4075E-09
  1.6669E-04 -1.7453E-12  2.9137E-09  4.5928E-09
  1.6932E-04 -1.8292E-12  3.0354E-09  4.7846E-09
  1.7197E-04 -1.9166E-12  3.1613E-09  4.9831E-09
  1.7465E-04 -2.0075E-12  3.2916E-09  5.1884E-09
  1.7735E-04 -2.1020E-12  3.4264E-09  5.4009E-09
  1.8007E-04 -2.2004E-12  3.5658E-09  5.6206E-09
  1.8282E-04 -2.3028E-12  3.7099E-09  5.8478E-09
  1.8560E-04 -2.4092E-12  3.8589E-09  6.0827E-09
  1.8840E-04 -2.5198E-12  4.0130E-09  6.3255E-09
  1.9122E-04 -2.6349E-12  4.1723E-09  6.5766E-09
  1.9407E-04 -2.7544E-12  4.3369E-09  6.8360E-09
  1.9694E-04 -2.8786E-12  4.5070E-09  7.1042E-09
  1.9984E-04 -3.0077E-12  4.6828E-09  7.3812E-09
  2.0277E-04 -3.1418E-12  4.8643E-09  7.6674E-09
  2.0572E-04 -3.2810E-12  5.0519E-09  7.9631E-09
  2.0870E-04 -3.4256E-12  5.2456E-09  8.2684E-09
  2.1171E-04 -3.5758E-12  5.4457E-09  8.5838E-09
  2.1474E-04 -3.7316E-12  5.6523E-09  8.9094E-09
  2.1780E-04 -3.8934E-12  5.8656E-09  9.2457E-09
  2.2089E-04 -4.0613E-12  6.0858E-09  9.5928E-09
  2.2400E-04 -4.2356E-12  6.3132E-09  9.9511E-09
  2.2714E-04 -4.4163E-12  6.5478E-09  1.0321E-08
  2.3031E-04 -4.6039E-12  6.7899E-09  1.0703E-08
  2.3351E-04 -4.7984E-12  7.0398E-09  1.1096E-08
  2.3674E-04 -5.0001E-12  7.2976E-09  1.1503E-08
  2.4000E-04 -5.2093E-12  7.5636E-09  1.1922E-08
  2.4328E-04 -5.4262E-12  7.8379E-09  1.2354E-08
  2.4660E-04 -5.6510E-12  8.1210E-09  1.2801E-08
  2.4994E-04 -5.8841E-12  8.4129E-09  1.3261E-08
  2.5332E-04 -6.1256E-12  8.7139E-09  1.3735E-08
  2.5672E-04 -6.3760E-12  9.0244E-09  1.4224E-08
  2.6016E-04 -6.6354E-12  9.3445E-09  1.4729E-08
  2.6362E-04 -6.9041E-12  9.6745E-09  1.5249E-08
  2.6712E-04 -7.1825E-12  1.0015E-08  1.5785E-08
  2.7065E-04 -7.4709E-12  1.0365E-08  1.6338E-08
  2.7421E-04 -7.7696E-12  1.0727E-08  1.6908E-08
  2.7780E-04 -8.0789E-12  1.1100E-08  1.7495E-08
  2.8142E-04 -8.3992E-12  1.1483E-08  1.8100E-08
  2.8508E-04 -8.7309E-12  1.1879E-08  1.8724E-08
  2.8877E-04 -9.0742E-12  1.2287E-08  1.9367E-08
  2.9249E-04 -9.4296E-12  1.2707E-08  2.0029E-08
  2.9624E-04 -9.7975E-12  1.3140E-08  2.0711E-08
  3.0003E-04 -1.0178E-11  1.3586E-08  2.1414E-08
  3.0386E-04 -1.0572E-11  1.4045E-08  2.2138E-08
  3.0771E-04 -1.0980E-11  1.4518E-08  2.2883E-08
  3.1160E-04 -1.1402E-11  1.5005E-08  2.3651E-08
  3.1553E-04 -1.1838E-11  1.5507E-08  2.4442E-08
  3.1949E-04 -1.2290E-11  1.6024E-08  2.5257E-08
  3.2349E-04 -1.2757E-11  1.6556E-08  2.6095E-08
  3.2752E-04 -1.3240E-11  1.7104E-08  2.6959E-08
  3.3159E-04 -1.3739E-11  1.7668E-08  2.7848E-08
  3.3569E-04 -1.4256E-11  1.8249E-08  2.8763E-08
  3.3984E-04 -1.4790E-11  1.8846E-08  2.9706E-08
  3.4401E-04 -1.5343E-11  1.9462E-08  3.0676E-08
  3.4823E-04 -1.5914E-11  2.0095E-08  3.1674E-08
  3.5248E-04 -1.6504E-11  2.0747E-08  3.2702E-08
  3.5678E-04 -1.7114E-11  2.1419E-08  3.3760E-08
  3.6111E-04 -1.7745E-11  2.2109E-08  3.4849E-08
  3.6548E-04 -1.8397E-11  2.2820E-08  3.5969E-08
  3.6988E-04 -1.9071E-11  2.3552E-08  3.7122E-08
  3.7433E-04 -1.9767E-11  2.4304E-08  3.8308E-08
  3.7882E-04 -2.0486E-11  2.5079E-08  3.9529E-08
  3.8335E-04 -2.1230E-11  2.5875E-08  4.0785E-08
  3.8792E-04 -2.1998E-11  2.6695E-08  4.2077E-08
  3.9252E-04 -2.2791E-11  2.7539E-08  4.3406E-08
  3.9717E-04 -2.3611E-11  2.8406E-08  4.4773E-08
  4.0187E-04 -2.4457E-11  2.9299E-08  4.6180E-08
  4.0660E-04 -2.5332E-11  3.0217E-08  4.7627E-08
  4.1138E-04 -2.6235E-11  3.1161E-08  4.9115E-08
  4.1619E-04 -2.7168E-11  3.2132E-08  5.0645E-08
  4.2106E-04 -2.8131E-11  3.3131E-08  5.2220E-08
  4.2596E-04 -2.9126E-11  3.4158E-08  5.3839E-08
  4.3091E-04 -3.0153E-11  3.5214E-08  5.5503E-08
  4.3591E-04 -3.1213E-11  3.6300E-08  5.7215E-08
  4.4094E-04 -3.2308E-11  3.7417E-08  5.8976E-08
  4.4603E-04 -3.3439E-11  3.8566E-08  6.0786E-08
  4.5116E-04 -3.4606E-11  3.9746E-08  6.2647E-08
  4.5633E-04 -3.5810E-11  4.0960E-08  6.4560E-08
  4.6155E-04 -3.7053E-11  4.2209E-08  6.6528E-08
  4.6682E-04 -3.8336E-11  4.3492E-08  6.8550E-08
  4.7213E-04 -3.9661E-11  4.4811E-08  7.0629E-08
  4.7750E-04 -4.1028E-11  4.6167E-08  7.2767E-08
  4.8291E-04 -4.2438E-11  4.7561E-08  7.4964E-08
  4.8837E-04 -4.3894E-11  4.8994E-08  7.7222E-08
  4.9387E-04 -4.5396E-11  5.0467E-08  7.9543E-08
  4.9943E-04 -4.6945E-11  5.1980E-08  8.1929E-08
  5.0504E-04 -4.8544E-11  5.3536E-08  8.4382E-08
  5.1069E-04 -5.0194E-11  5.5135E-08  8.6902E-08
  5.1640E-04 -5.1895E-11  5.6779E-08  8.9492E-08
  5.2216E-04 -5.3651E-11  5.8467E-08  9.2153E-08
  5.2797E-04 -5.5462E-11  6.0203E-08  9.4889E-08
  5.3383E-04 -5.7330E-11  6.1986E-08  9.7700E-08
  5.3975E-04 -5.9256E-11  6.3819E-08  1.0059E-07
  5.4571E-04 -6.1243E-11  6.5702E-08  1.0356E-07
  5.5173E-04 -6.3293E-11  6.7637E-08  1.0661E-07
  5.5781E-04 -6.5407E-11  6.9624E-08  1.0974E-07
  5.6394E-04 -6.7586E-11  7.1667E-08  1.1296E-07
  5.7012E-04 -6.9834E-11  7.3765E-08  1.1626E-07
  5.7636E-04 -7.2152E-11  7.5921E-08  1.1966E-07
  5.8266E-04 -7.4542E-11  7.8136E-08  1.2315E-07
  5.8901E-04 -7.7006E-11  8.0412E-08  1.2674E-07
  5.9541E-04 -7.9547E-11  8.2749E-08  1.3042E-07
  6.0188E-04 -8.2167E-11  8.5150E-08  1.3421E-07
  6.0840E-04 -8.4867E-11  8.7617E-08  1.3810E-07
  6.1498E-04 -8.7651E-11  9.0150E-08  1.4209E-07
  6.2163E-04 -9.0522E-11  9.2752E-08  1.4619E-07
  6.2833E-04 -9.3480E-11  9.5425E-08  1.5040E-07
  6.3509E-04 -9.6530E-11  9.8171E-08  1.5473E-07
  6.4191E-04 -9.9673E-11  1.0099E-07  1.5917E-07
  6.4879E-04 -1.0291E-10  1.0389E-07  1.6374E-07
  6.5573E-04 -1.0625E-10  1.0686E-07  1.6843E-07
  6.6273E-04 -1.0969E-10  1.0992E-07  1.7324E-07
  6.6980E-04 -1.1324E-10  1.1305E-07  1.7819E-07
  6.7693E-04 -1.1690E-10  1.1627E-07  1.8326E-07
  6.8413E-04 -1.2066E-10  1.1958E-07  1.8848E-07
  6.9139E-04 -1.2455E-10  1.2298E-07  1.9383E-07
  6.9871E-04 -1.2855E-10  1.2647E-07  1.9933E-07
  7.0610E-04 -1.3267E-10  1.3005E-07  2.0498E-07
  7.1356E-04 -1.3691E-10  1.3373E-07  2.1077E-07
  7.2108E-04 -1.4129E-10  1.3751E-07  2.1673E-07
  7.2867E-04 -1.4580E-10  1.4139E-07  2.2284E-07
  7.3633E-04 -1.5044E-10  1.4537E-07  2.2912E-07
  7.4405E-04 -1.5523E-10  1.4946E-07  2.3556E-07
  7.5185E-04 -1.6016E-10  1.5365E-07  2.4218E-07
  7.5971E-04 -1.6524E-10  1.5796E-07  2.4897E-07
  7.6765E-04 -1.7047E-10  1.6239E-07  2.5594E-07
  7.7565E-04 -1.7586E-10  1.6693E-07  2.6310E-07
  7.8373E-04 -1.8141E-10  1.7160E-07  2.7045E-07
  7.9188E-04 -1.8713E-10  1.7638E-07  2.7800E-07
  8.0010E-04 -1.9302E-10  1.8130E-07  2.8574E-07
  8.0840E-04 -1.9909E-10  1.8634E-07  2.9370E-07
  8.1677E-04 -2.0534E-10  1.9152E-07  3.0186E-07
  8.2522E-04 -2.1177E-10  1.9684E-07  3.1024E-07
  8.3374E-04 -2.1840E-10  2.0230E-07  3.1884E-07
  8.4234E-04 -2.2523E-10  2.0790E-07  3.2767E-07
  8.5101E-04 -2.3226E-10  2.1365E-07  3.3674E-07
  8.5976E-04 -2.3950E-10  2.1956E-07  3.4604E-07
  8.6859E-04 -2.4695E-10  2.2562E-07  3.5559E-07
  8.7750E-04 -2.5463E-10  2.3184E-07  3.6539E-07
  8.8649E-04 -2.6254E-10  2.3822E-07  3.7546E-07
  8.9556E-04 -2.7068E-10  2.4477E-07  3.8578E-07
  9.0471E-04 -2.7906E-10  2.5150E-07  3.9638E-07
  9.1395E-04 -2.8769E-10  2.5840E-07  4.0726E-07
  9.2326E-04 -2.9658E-10  2.6548E-07  4.1842E-07
  9.3266E-04 -3.0573E-10  2.7275E-07  4.2988E-07
  9.4214E-04 -3.1515E-10  2.8022E-07  4.4164E-07
  9.5171E-04 -3.2485E-10  2.8787E-07  4.5371E-07
  9.6136E-04 -3.3483E-10  2.9573E-07  4.6610E-07
  9.7110E-04 -3.4511E-10  3.0380E-07  4.7881E-07
  9.8093E-04 -3.5569E-10  3.1208E-07  4.9185E-07
  9.9084E-04 -3.6659E-10  3.2057E-07  5.0524E-07
  1.0008E-03 -3.7780E-10  3.2929E-07  5.1898E-07
  1.0109E-03 -3.8935E-10  3.3823E-07  5.3308E-07
  1.0211E-03 -4.0123E-10  3.4741E-07  5.4755E-07
  1.0314E-03 -4.1347E-10  3.5683E-07  5.6239E-07
  1.0418E-03 -4.2606E-10  3.6650E-07  5.7763E-07
  1.0522E-03 -4.3902E-10  3.7642E-07  5.9326E-07
  1.0628E-03 -4.5236E-10  3.8660E-07  6.0930E-07
  1.0734E-03 -4.6609E-10  3.9704E-07  6.2576E-07
  1.0842E-03 -4.8023E-10  4.0776E-07  6.4265E-07
  1.0950E-03 -4.9477E-10  4.1875E-07  6.5998E-07
  1.1059E-03 -5.0975E-10  4.3003E-07  6.7776E-07
  1.1170E-03 -5.2515E-10  4.4161E-07  6.9600E-07
  1.1281E-03 -5.4101E-10  4.5349E-07  7.1472E-07
  1.1393E-03 -5.5733E-10  4.6568E-07  7.3393E-07
  1.1507E-03 -5.7413E-10  4.7818E-07  7.5364E-07
  1.1621E-03 -5.9141E-10  4.9101E-07  7.7386E-07
  1.1736E-03 -6.0920E-10  5.0418E-07  7.9461E-07
  1.1853E-03 -6.2750E-10  5.1768E-07  8.1589E-07
  1.1970E-03 -6.4634E-10  5.3154E-07  8.3773E-07
  1.2089E-03 -6.6572E-10  5.4576E-07  8.6013E-07
  1.2208E-03 -6.8566E-10  5.6034E-07  8.8312E-07
  1.2329E-03 -7.0619E-10  5.7531E-07  9.0670E-07
  1.2450E-03 -7.2730E-10  5.9066E-07  9.3090E-07
  1.2573E-03 -7.4903E-10  6.0641E-07  9.5572E-07
  1.2697E-03 -7.7139E-10  6.2257E-07  9.8118E-07
  1.2822E-03 -7.9439E-10  6.3914E-07  1.0073E-06
  1.2948E-03 -8.1806E-10  6.5615E-07  1.0341E-06
  1.3075E-03 -8.4242E-10  6.7359E-07  1.0616E-06
  1.3204E-03 -8.6747E-10  6.9149E-07  1.0898E-06
  1.3333E-03 -8.9325E-10  7.0985E-07  1.1187E-06
  1.3464E-03 -9.1977E-10  7.2868E-07  1.1484E-06
  1.3596E-03 -9.4705E-10  7.4800E-07  1.1789E-06
  1.3729E-03 -9.7513E-10  7.6782E-07  1.2101E-06
  1.3863E-03 -1.0040E-09  7.8816E-07  1.2422E-06
  1.3998E-03 -1.0337E-09  8.0901E-07  1.2750E-06
  1.4135E-03 -1.0643E-09  8.3041E-07  1.3087E-06
  1.4273E-03 -1.0957E-09  8.5235E-07  1.3433E-06
  1.4412E-03 -1.1281E-09  8.7486E-07  1.3788E-06
  1.4552E-03 -1.1613E-09  8.9796E-07  1.4152E-06
  1.4694E-03 -1.1956E-09  9.2164E-07  1.4525E-06
  1.4837E-03 -1.2308E-09  9.4594E-07  1.4908E-06
  1.4981E-03 -1.2670E-09  9.7086E-07  1.5301E-06
  1.5126E-03 -1.3042E-09  9.9642E-07  1.5704E-06
  1.5273E-03 -1.3426E-09  1.0226E-06  1.6117E-06
  1.5421E-03 -1.3820E-09  1.0495E-06  1.6541E-06
  1.5570E-03 -1.4225E-09  1.0771E-06  1.6976E-06
  1.5721E-03 -1.4642E-09  1.1054E-06  1.7422E-06
  1.5873E-03 -1.5071E-09  1.1344E-06  1.7879E-06
  1.6026E-03 -1.5512E-09  1.1642E-06  1.8348E-06
  1.6181E-03 -1.5966E-09  1.1947E-06  1.8829E-06
  1.6337E-03 -1.6433E-09  1.2261E-06  1.9323E-06
  1.6495E-03 -1.6913E-09  1.2582E-06  1.9829E-06
  1.6654E-03 -1.7406E-09  1.2911E-06  2.0348E-06
  1.6814E-03 -1.7914E-09  1.3249E-06  2.0881E-06
  1.6976E-03 -1.8436E-09  1.3596E-06  2.1427E-06
  1.7139E-03 -1.8973E-09  1.3951E-06  2.1987E-06
  1.7304E-03 -1.9526E-09  1.4316E-06  2.2561E-06
  1.7470E-03 -2.0094E-09  1.4689E-06  2.3150E-06
  1.7638E-03 -2.0678E-09  1.5073E-06  2.3755E-06
  1.7807E-03 -2.1279E-09  1.5466E-06  2.4374E-06
  1.7978E-03 -2.1897E-09  1.5869E-06  2.5010E-06
  1.8150E-03 -2.2532E-09  1.6283E-06  2.5662E-06
  1.8324E-03 -2.3185E-09  1.6707E-06  2.6330E-06
  1.8499E-03 -2.3857E-09  1.7142E-06  2.7016E-06
  1.8676E-03 -2.4548E-09  1.7588E-06  2.7719E-06
  1.8854E-03 -2.5259E-09  1.8046E-06  2.8440E-06
  1.9035E-03 -2.5989E-09  1.8515E-06  2.9180E-06
  1.9216E-03 -2.6741E-09  1.8997E-06  2.9938E-06
  1.9400E-03 -2.7513E-09  1.9490E-06  3.0716E-06
  1.9584E-03 -2.8307E-09  1.9996E-06  3.1513E-06
  1.9771E-03 -2.9124E-09  2.0515E-06  3.2331E-06
  1.9959E-03 -2.9964E-09  2.1047E-06  3.3170E-06
  2.0149E-03 -3.0828E-09  2.1593E-06  3.4030E-06
  2.0341E-03 -3.1716E-09  2.2153E-06  3.4912E-06
  2.0534E-03 -3.2629E-09  2.2727E-06  3.5817E-06
  2.0729E-03 -3.3568E-09  2.3316E-06  3.6745E-06
  2.0926E-03 -3.4533E-09  2.3919E-06  3.7696E-06
  2.1125E-03 -3.5526E-09  2.4538E-06  3.8671E-06
  2.1325E-03 -3.6547E-09  2.5173E-06  3.9672E-06
  2.1527E-03 -3.7596E-09  2.5824E-06  4.0697E-06
  2.1731E-03 -3.8675E-09  2.6491E-06  4.1749E-06
  2.1937E-03 -3.9784E-09  2.7176E-06  4.2828E-06
  2.2145E-03 -4.0925E-09  2.7878E-06  4.3934E-06
  2.2354E-03 -4.2097E-09  2.8598E-06  4.5068E-06
  2.2566E-03 -4.3303E-09  2.9336E-06  4.6231E-06
  2.2779E-03 -4.4542E-09  3.0092E-06  4.7424E-06
  2.2994E-03 -4.5816E-09  3.0868E-06  4.8647E-06
  2.3211E-03 -4.7126E-09  3.1664E-06  4.9901E-06
  2.3430E-03 -4.8473E-09  3.2480E-06  5.1186E-06
  2.3651E-03 -4.9858E-09  3.3316E-06  5.2505E-06
  2.3874E-03 -5.1281E-09  3.4174E-06  5.3856E-06
  2.4099E-03 -5.2745E-09  3.5054E-06  5.5243E-06
  2.4326E-03 -5.4249E-09  3.5956E-06  5.6664E-06
  2.4555E-03 -5.5796E-09  3.6881E-06  5.8121E-06
  2.4786E-03 -5.7386E-09  3.7829E-06  5.9615E-06
  2.5020E-03 -5.9021E-09  3.8801E-06  6.1148E-06
  2.5255E-03 -6.0701E-09  3.9798E-06  6.2719E-06
  2.5492E-03 -6.2428E-09  4.0820E-06  6.4329E-06
  2.5732E-03 -6.4204E-09  4.1868E-06  6.5981E-06
  2.5973E-03 -6.6030E-09  4.2943E-06  6.7674E-06
  2.6217E-03 -6.7906E-09  4.4044E-06  6.9410E-06
  2.6463E-03 -6.9835E-09  4.5174E-06  7.1190E-06
  2.6711E-03 -7.1818E-09  4.6332E-06  7.3016E-06
  2.6961E-03 -7.3857E-09  4.7520E-06  7.4887E-06
  2.7214E-03 -7.5952E-09  4.8737E-06  7.6806E-06
  2.7469E-03 -7.8106E-09  4.9986E-06  7.8773E-06
  2.7726E-03 -8.0320E-09  5.1265E-06  8.0789E-06
  2.7985E-03 -8.2596E-09  5.2578E-06  8.2857E-06
  2.8247E-03 -8.4935E-09  5.3923E-06  8.4977E-06
  2.8511E-03 -8.7340E-09  5.5302E-06  8.7151E-06
  2.8778E-03 -8.9812E-09  5.6716E-06  8.9379E-06
  2.9047E-03 -9.2352E-09  5.8166E-06  9.1664E-06
  2.9318E-03 -9.4964E-09  5.9652E-06  9.4006E-06
  2.9592E-03 -9.7648E-09  6.1176E-06  9.6407E-06
  2.9868E-03 -1.0041E-08  6.2738E-06  9.8869E-06
  3.0146E-03 -1.0324E-08  6.4340E-06  1.0139E-05
  3.0427E-03 -1.0616E-08  6.5982E-06  1.0398E-05
  3.0711E-03 -1.0915E-08  6.7665E-06  1.0663E-05
  3.0997E-03 -1.1223E-08  6.9391E-06  1.0935E-05
  3.1286E-03 -1.1540E-08  7.1160E-06  1.1214E-05
  3.1577E-03 -1.1865E-08  7.2974E-06  1.1500E-05
  3.1871E-03 -1.2200E-08  7.4834E-06  1.1793E-05
  3.2168E-03 -1.2543E-08  7.6740E-06  1.2093E-05
  3.2467E-03 -1.2897E-08  7.8694E-06  1.2401E-05
  3.2769E-03 -1.3260E-08  8.0697E-06  1.2717E-05
  3.3073E-03 -1.3633E-08  8.2751E-06  1.3040E-05
  3.3380E-03 -1.4016E-08  8.4856E-06  1.3372E-05
  3.3690E-03 -1.4411E-08  8.7014E-06  1.3712E-05
  3.4003E-03 -1.4816E-08  8.9226E-06  1.4061E-05
  3.4319E-03 -1.5232E-08  9.1494E-06  1.4418E-05
  3.4637E-03 -1.5660E-08  9.3819E-06  1.4785E-05
  3.4959E-03 -1.6100E-08  9.6202E-06  1.5160E-05
  3.5283E-03 -1.6552E-08  9.8645E-06  1.5545E-05
  3.5610E-03 -1.7016E-08  1.0115E-05  1.5940E-05
  3.5940E-03 -1.7494E-08  1.0372E-05  1.6344E-05
  3.6273E-03 -1.7984E-08  1.0635E-05  1.6759E-05
  3.6609E-03 -1.8489E-08  1.0904E-05  1.7184E-05
  3.6947E-03 -1.9007E-08  1.1181E-05  1.7619E-05
  3.7289E-03 -1.9540E-08  1.1464E-05  1.8066E-05
  3.7634E-03 -2.0087E-08  1.1755E-05  1.8524E-05
  3.7982E-03 -2.0649E-08  1.2053E-05  1.8993E-05
  3.8334E-03 -2.1228E-08  1.2358E-05  1.9474E-05
  3.8688E-03 -2.1822E-08  1.2671E-05  1.9967E-05
  3.9046E-03 -2.2432E-08  1.2991E-05  2.0472E-05
  3.9406E-03 -2.3060E-08  1.3320E-05  2.0990E-05
  3.9770E-03 -2.3705E-08  1.3657E-05  2.1521E-05
  4.0137E-03 -2.4367E-08  1.4002E-05  2.2065E-05
  4.0508E-03 -2.5048E-08  1.4356E-05  2.2622E-05
  4.0882E-03 -2.5748E-08  1.4719E-05  2.3194E-05
  4.1259E-03 -2.6467E-08  1.5090E-05  2.3780E-05
  4.1639E-03 -2.7206E-08  1.5471E-05  2.4380E-05
  4.2023E-03 -2.7966E-08  1.5862E-05  2.4996E-05
  4.2411E-03 -2.8746E-08  1.6262E-05  2.5626E-05
  4.2801E-03 -2.9548E-08  1.6672E-05  2.6273E-05
  4.3196E-03 -3.0372E-08  1.7093E-05  2.6935E-05
  4.3594E-03 -3.1219E-08  1.7524E-05  2.7614E-05
  4.3995E-03 -3.2090E-08  1.7965E-05  2.8310E-05
  4.4400E-03 -3.2984E-08  1.8418E-05  2.9023E-05
  4.4809E-03 -3.3903E-08  1.8882E-05  2.9754E-05
  4.5221E-03 -3.4848E-08  1.9357E-05  3.0503E-05
  4.5637E-03 -3.5818E-08  1.9845E-05  3.1271E-05
  4.6056E-03 -3.6815E-08  2.0344E-05  3.2058E-05
  4.6480E-03 -3.7840E-08  2.0856E-05  3.2864E-05
  4.6907E-03 -3.8893E-08  2.1380E-05  3.3690E-05
  4.7338E-03 -3.9975E-08  2.1917E-05  3.4537E-05
  4.7773E-03 -4.1087E-08  2.2468E-05  3.5405E-05
  4.8212E-03 -4.2230E-08  2.3032E-05  3.6294E-05
  4.8655E-03 -4.3404E-08  2.3611E-05  3.7205E-05
  4.9101E-03 -4.4610E-08  2.4203E-05  3.8139E-05
  4.9552E-03 -4.5850E-08  2.4811E-05  3.9096E-05
  5.0007E-03 -4.7124E-08  2.5433E-05  4.0077E-05
  5.0465E-03 -4.8432E-08  2.6071E-05  4.1082E-05
  5.0928E-03 -4.9777E-08  2.6724E-05  4.2111E-05
  5.1395E-03 -5.1159E-08  2.7394E-05  4.3167E-05
  5.1867E-03 -5.2579E-08  2.8080E-05  4.4248E-05
  5.2342E-03 -5.4039E-08  2.8783E-05  4.5356E-05
  5.2822E-03 -5.5538E-08  2.9504E-05  4.6491E-05
  5.3306E-03 -5.7078E-08  3.0242E-05  4.7654E-05
  5.3794E-03 -5.8661E-08  3.0998E-05  4.8846E-05
  5.4287E-03 -6.0288E-08  3.1773E-05  5.0067E-05
  5.4784E-03 -6.1959E-08  3.2567E-05  5.1318E-05
  5.5285E-03 -6.3676E-08  3.3381E-05  5.2600E-05
  5.5791E-03 -6.5441E-08  3.4215E-05  5.3914E-05
  5.6302E-03 -6.7254E-08  3.5069E-05  5.5260E-05
  5.6817E-03 -6.9116E-08  3.5944E-05  5.6639E-05
  5.7336E-03 -7.1030E-08  3.6841E-05  5.8052E-05
  5.7861E-03 -7.2997E-08  3.7760E-05  5.9499E-05
  5.8390E-03 -7.5018E-08  3.8701E-05  6.0982E-05
  5.8924E-03 -7.7094E-08  3.9665E-05  6.2502E-05
  5.9462E-03 -7.9227E-08  4.0653E-05  6.4058E-05
  6.0006E-03 -8.1419E-08  4.1665E-05  6.5653E-05
  6.0554E-03 -8.3671E-08  4.2702E-05  6.7287E-05
  6.1107E-03 -8.5985E-08  4.3764E-05  6.8961E-05
  6.1665E-03 -8.8362E-08  4.4853E-05  7.0675E-05
  6.2228E-03 -9.0805E-08  4.5968E-05  7.2432E-05
  6.2796E-03 -9.3314E-08  4.7110E-05  7.4232E-05
  6.3369E-03 -9.5893E-08  4.8280E-05  7.6075E-05
  6.3948E-03 -9.8543E-08  4.9478E-05  7.7964E-05
  6.4531E-03 -1.0126E-07  5.0706E-05  7.9898E-05
  6.5120E-03 -1.0406E-07  5.1964E-05  8.1880E-05
  6.5714E-03 -1.0694E-07  5.3252E-05  8.3910E-05
  6.6313E-03 -1.0989E-07  5.4572E-05  8.5989E-05
  6.6918E-03 -1.1292E-07  5.5924E-05  8.8119E-05
  6.7528E-03 -1.1604E-07  5.7309E-05  9.0301E-05
  6.8144E-03 -1.1924E-07  5.8727E-05  9.2535E-05
  6.8765E-03 -1.2253E-07  6.0180E-05  9.4824E-05
  6.9391E-03 -1.2591E-07  6.1668E-05  9.7169E-05
  7.0023E-03 -1.2938E-07  6.3192E-05  9.9570E-05
  7.0661E-03 -1.3295E-07  6.4753E-05  1.0203E-04
  7.1305E-03 -1.3662E-07  6.6352E-05  1.0455E-04
  7.1954E-03 -1.4038E-07  6.7989E-05  1.0713E-04
  7.2609E-03 -1.4425E-07  6.9667E-05  1.0977E-04
  7.3270E-03 -1.4823E-07  7.1384E-05  1.1248E-04
  7.3937E-03 -1.5231E-07  7.3144E-05  1.1525E-04
  7.4610E-03 -1.5651E-07  7.4945E-05  1.1809E-04
  7.5289E-03 -1.6082E-07  7.6790E-05  1.2099E-04
  7.5974E-03 -1.6525E-07  7.8680E-05  1.2397E-04
  7.6665E-03 -1.6980E-07  8.0615E-05  1.2702E-04
  7.7362E-03 -1.7447E-07  8.2597E-05  1.3014E-04
  7.8066E-03 -1.7928E-07  8.4626E-05  1.3334E-04
  7.8776E-03 -1.8421E-07  8.6704E-05  1.3661E-04
  7.9492E-03 -1.8928E-07  8.8832E-05  1.3997E-04
  8.0214E-03 -1.9449E-07  9.1012E-05  1.4340E-04
  8.0943E-03 -1.9984E-07  9.3243E-05  1.4692E-04
  8.1679E-03 -2.0534E-07  9.5528E-05  1.5052E-04
  8.2421E-03 -2.1099E-07  9.7867E-05  1.5420E-04
  8.3170E-03 -2.1679E-07  1.0026E-04  1.5798E-04
  8.3925E-03 -2.2275E-07  1.0272E-04  1.6184E-04
  8.4688E-03 -2.2887E-07  1.0523E-04  1.6580E-04
  8.5457E-03 -2.3516E-07  1.0780E-04  1.6985E-04
  8.6233E-03 -2.4163E-07  1.1043E-04  1.7399E-04
  8.7016E-03 -2.4827E-07  1.1313E-04  1.7824E-04
  8.7805E-03 -2.5509E-07  1.1589E-04  1.8259E-04
  8.8602E-03 -2.6210E-07  1.1871E-04  1.8704E-04
  8.9406E-03 -2.6930E-07  1.2160E-04  1.9160E-04
  9.0218E-03 -2.7670E-07  1.2456E-04  1.9626E-04
  9.1036E-03 -2.8430E-07  1.2760E-04  2.0104E-04
  9.1862E-03 -2.9210E-07  1.3070E-04  2.0592E-04
  9.2695E-03 -3.0012E-07  1.3387E-04  2.1093E-04
  9.3536E-03 -3.0836E-07  1.3713E-04  2.1605E-04
  9.4384E-03 -3.1683E-07  1.4045E-04  2.2129E-04
  9.5240E-03 -3.2553E-07  1.4386E-04  2.2666E-04
  9.6104E-03 -3.3446E-07  1.4735E-04  2.3216E-04
  9.6975E-03 -3.4364E-07  1.5092E-04  2.3778E-04
  9.7854E-03 -3.5307E-07  1.5457E-04  2.4354E-04
  9.8741E-03 -3.6275E-07  1.5831E-04  2.4943E-04
  9.9635E-03 -3.7270E-07  1.6214E-04  2.5546E-04
  1.0054E-02 -3.8292E-07  1.6606E-04  2.6163E-04
  1.0145E-02 -3.9343E-07  1.7007E-04  2.6794E-04
  1.0237E-02 -4.0421E-07  1.7417E-04  2.7441E-04
  1.0330E-02 -4.1530E-07  1.7837E-04  2.8102E-04
  1.0423E-02 -4.2668E-07  1.8267E-04  2.8779E-04
  1.0517E-02 -4.3838E-07  1.8706E-04  2.9472E-04
  1.0613E-02 -4.5040E-07  1.9156E-04  3.0181E-04
  1.0709E-02 -4.6274E-07  1.9617E-04  3.0906E-04
  1.0806E-02 -4.7542E-07  2.0088E-04  3.1649E-04
  1.0904E-02 -4.8845E-07  2.0570E-04  3.2408E-04
  1.1002E-02 -5.0183E-07  2.1064E-04  3.3186E-04
  1.1102E-02 -5.1558E-07  2.1569E-04  3.3981E-04
  1.1202E-02 -5.2970E-07  2.2085E-04  3.4794E-04
  1.1304E-02 -5.4421E-07  2.2614E-04  3.5627E-04
  1.1406E-02 -5.5911E-07  2.3155E-04  3.6479E-04
  1.1509E-02 -5.7442E-07  2.3708E-04  3.7350E-04
  1.1613E-02 -5.9015E-07  2.4274E-04  3.8242E-04
  1.1718E-02 -6.0631E-07  2.4853E-04  3.9154E-04
  1.1824E-02 -6.2290E-07  2.5445E-04  4.0087E-04
  1.1931E-02 -6.3995E-07  2.6051E-04  4.1041E-04
  1.2039E-02 -6.5747E-07  2.6671E-04  4.2018E-04
  1.2148E-02 -6.7546E-07  2.7305E-04  4.3017E-04
  1.2258E-02 -6.9394E-07  2.7954E-04  4.4038E-04
  1.2369E-02 -7.1293E-07  2.8617E-04  4.5083E-04
  1.2480E-02 -7.3244E-07  2.9296E-04  4.6152E-04
  1.2593E-02 -7.5247E-07  2.9990E-04  4.7245E-04
  1.2707E-02 -7.7306E-07  3.0700E-04  4.8363E-04
  1.2822E-02 -7.9420E-07  3.1426E-04  4.9507E-04
  1.2938E-02 -8.1592E-07  3.2168E-04  5.0676E-04
  1.3054E-02 -8.3823E-07  3.2927E-04  5.1872E-04
  1.3172E-02 -8.6116E-07  3.3704E-04  5.3095E-04
  1.3291E-02 -8.8470E-07  3.4498E-04  5.4346E-04
  1.3411E-02 -9.0889E-07  3.5310E-04  5.5625E-04
  1.3533E-02 -9.3373E-07  3.6140E-04  5.6933E-04
  1.3655E-02 -9.5926E-07  3.6989E-04  5.8270E-04
  1.3778E-02 -9.8547E-07  3.7858E-04  5.9638E-04
  1.3902E-02 -1.0124E-06  3.8745E-04  6.1036E-04
  1.4028E-02 -1.0401E-06  3.9653E-04  6.2465E-04
  1.4155E-02 -1.0685E-06  4.0581E-04  6.3926E-04
  1.4282E-02 -1.0977E-06  4.1529E-04  6.5420E-04
  1.4411E-02 -1.1277E-06  4.2499E-04  6.6948E-04
  1.4541E-02 -1.1585E-06  4.3490E-04  6.8509E-04
  1.4673E-02 -1.1901E-06  4.4504E-04  7.0105E-04
  1.4805E-02 -1.2226E-06  4.5540E-04  7.1737E-04
  1.4939E-02 -1.2560E-06  4.6599E-04  7.3404E-04
  1.5073E-02 -1.2903E-06  4.7681E-04  7.5109E-04
  1.5209E-02 -1.3256E-06  4.8787E-04  7.6851E-04
  1.5347E-02 -1.3618E-06  4.9918E-04  7.8632E-04
  1.5485E-02 -1.3989E-06  5.1074E-04  8.0452E-04
  1.5625E-02 -1.4371E-06  5.2255E-04  8.2311E-04
  1.5766E-02 -1.4764E-06  5.3461E-04  8.4212E-04
  1.5908E-02 -1.5167E-06  5.4695E-04  8.6154E-04
  1.6051E-02 -1.5581E-06  5.5955E-04  8.8139E-04
  1.6196E-02 -1.6006E-06  5.7243E-04  9.0167E-04
  1.6342E-02 -1.6443E-06  5.8559E-04  9.2239E-04
  1.6489E-02 -1.6891E-06  5.9903E-04  9.4357E-04
  1.6638E-02 -1.7352E-06  6.1277E-04  9.6520E-04
  1.6788E-02 -1.7826E-06  6.2681E-04  9.8730E-04
  1.6939E-02 -1.8312E-06  6.4114E-04  1.0099E-03
  1.7092E-02 -1.8812E-06  6.5579E-04  1.0329E-03
  1.7246E-02 -1.9325E-06  6.7075E-04  1.0565E-03
  1.7402E-02 -1.9852E-06  6.8604E-04  1.0806E-03
  1.7558E-02 -2.0393E-06  7.0165E-04  1.1052E-03
  1.7717E-02 -2.0949E-06  7.1760E-04  1.1303E-03
  1.7876E-02 -2.1521E-06  7.3389E-04  1.1559E-03
  1.8037E-02 -2.2108E-06  7.5052E-04  1.1821E-03
  1.8200E-02 -2.2710E-06  7.6751E-04  1.2089E-03
  1.8364E-02 -2.3330E-06  7.8486E-04  1.2362E-03
  1.8529E-02 -2.3966E-06  8.0258E-04  1.2641E-03
  1.8696E-02 -2.4619E-06  8.2067E-04  1.2926E-03
  1.8865E-02 -2.5290E-06  8.3915E-04  1.3216E-03
  1.9035E-02 -2.5980E-06  8.5801E-04  1.3513E-03
  1.9206E-02 -2.6688E-06  8.7727E-04  1.3817E-03
  1.9379E-02 -2.7415E-06  8.9693E-04  1.4126E-03
  1.9553E-02 -2.8162E-06  9.1700E-04  1.4442E-03
  1.9730E-02 -2.8930E-06  9.3749E-04  1.4765E-03
  1.9907E-02 -2.9718E-06  9.5841E-04  1.5094E-03
  2.0086E-02 -3.0528E-06  9.7976E-04  1.5430E-03
  2.0267E-02 -3.1359E-06  1.0016E-03  1.5773E-03
  2.0450E-02 -3.2214E-06  1.0238E-03  1.6124E-03
  2.0634E-02 -3.3091E-06  1.0465E-03  1.6481E-03
  2.0820E-02 -3.3993E-06  1.0697E-03  1.6846E-03
  2.1007E-02 -3.4919E-06  1.0933E-03  1.7218E-03
  2.1196E-02 -3.5870E-06  1.1174E-03  1.7598E-03
  2.1387E-02 -3.6847E-06  1.1421E-03  1.7985E-03
  2.1579E-02 -3.7850E-06  1.1672E-03  1.8381E-03
  2.1774E-02 -3.8881E-06  1.1928E-03  1.8784E-03
  2.1969E-02 -3.9940E-06  1.2190E-03  1.9195E-03
  2.2167E-02 -4.1028E-06  1.2456E-03  1.9615E-03
  2.2367E-02 -4.2145E-06  1.2728E-03  2.0044E-03
  2.2568E-02 -4.3292E-06  1.3006E-03  2.0480E-03
  2.2771E-02 -4.4471E-06  1.3289E-03  2.0926E-03
  2.2976E-02 -4.5681E-06  1.3578E-03  2.1381E-03
  2.3183E-02 -4.6925E-06  1.3872E-03  2.1844E-03
  2.3391E-02 -4.8202E-06  1.4173E-03  2.2317E-03
  2.3601E-02 -4.9514E-06  1.4479E-03  2.2799E-03
  2.3814E-02 -5.0862E-06  1.4791E-03  2.3290E-03
  2.4028E-02 -5.2246E-06  1.5110E-03  2.3791E-03
  2.4244E-02 -5.3668E-06  1.5434E-03  2.4302E-03
  2.4462E-02 -5.5129E-06  1.5765E-03  2.4823E-03
  2.4682E-02 -5.6629E-06  1.6103E-03  2.5354E-03
  2.4904E-02 -5.8170E-06  1.6447E-03  2.5895E-03
  2.5128E-02 -5.9752E-06  1.6797E-03  2.6447E-03
  2.5354E-02 -6.1378E-06  1.7154E-03  2.7009E-03
  2.5582E-02 -6.3048E-06  1.7519E-03  2.7582E-03
  2.5812E-02 -6.4763E-06  1.7890E-03  2.8166E-03
  2.6044E-02 -6.6525E-06  1.8268E-03  2.8762E-03
  2.6278E-02 -6.8334E-06  1.8654E-03  2.9368E-03
  2.6514E-02 -7.0193E-06  1.9046E-03  2.9986E-03
  2.6753E-02 -7.2102E-06  1.9446E-03  3.0615E-03
  2.6993E-02 -7.4063E-06  1.9854E-03  3.1257E-03
  2.7236E-02 -7.6077E-06  2.0269E-03  3.1910E-03
  2.7481E-02 -7.8146E-06  2.0692E-03  3.2575E-03
  2.7728E-02 -8.0271E-06  2.1123E-03  3.3253E-03
  2.7977E-02 -8.2454E-06  2.1562E-03  3.3944E-03
  2.8228E-02 -8.4696E-06  2.2009E-03  3.4647E-03
  2.8482E-02 -8.6998E-06  2.2464E-03  3.5362E-03
  2.8738E-02 -8.9364E-06  2.2927E-03  3.6091E-03
  2.8996E-02 -9.1793E-06  2.3399E-03  3.6833E-03
  2.9257E-02 -9.4289E-06  2.3880E-03  3.7589E-03
  2.9520E-02 -9.6852E-06  2.4369E-03  3.8358E-03
  2.9785E-02 -9.9484E-06  2.4866E-03  3.9141E-03
  3.0053E-02 -1.0219E-05  2.5373E-03  3.9938E-03
  3.0323E-02 -1.0497E-05  2.5889E-03  4.0749E-03
  3.0595E-02 -1.0782E-05  2.6414E-03  4.1575E-03
  3.0870E-02 -1.1075E-05  2.6948E-03  4.2415E-03
  3.1147E-02 -1.1376E-05  2.7491E-03  4.3269E-03
  3.1427E-02 -1.1685E-05  2.8044E-03  4.4139E-03
  3.1709E-02 -1.2002E-05  2.8607E-03  4.5023E-03
  3.1994E-02 -1.2329E-05  2.9179E-03  4.5923E-03
  3.2281E-02 -1.2664E-05  2.9761E-03  4.6839E-03
  3.2571E-02 -1.3008E-05  3.0354E-03  4.7770E-03
  3.2864E-02 -1.3361E-05  3.0956E-03  4.8716E-03
  3.3159E-02 -1.3724E-05  3.1568E-03  4.9679E-03
  3.3457E-02 -1.4097E-05  3.2191E-03  5.0658E-03
  3.3757E-02 -1.4480E-05  3.2824E-03  5.1653E-03
  3.4061E-02 -1.4873E-05  3.3468E-03  5.2665E-03
  3.4366E-02 -1.5277E-05  3.4122E-03  5.3694E-03
  3.4675E-02 -1.5692E-05  3.4787E-03  5.4739E-03
  3.4986E-02 -1.6118E-05  3.5463E-03  5.5802E-03
  3.5301E-02 -1.6556E-05  3.6151E-03  5.6882E-03
  3.5617E-02 -1.7005E-05  3.6849E-03  5.7979E-03
  3.5937E-02 -1.7467E-05  3.7558E-03  5.9094E-03
  3.6260E-02 -1.7941E-05  3.8279E-03  6.0226E-03
  3.6585E-02 -1.8428E-05  3.9011E-03  6.1377E-03
  3.6914E-02 -1.8929E-05  3.9755E-03  6.2545E-03
  3.7245E-02 -1.9443E-05  4.0510E-03  6.3732E-03
  3.7580E-02 -1.9970E-05  4.1277E-03  6.4937E-03
  3.7917E-02 -2.0513E-05  4.2056E-03  6.6161E-03
  3.8257E-02 -2.1069E-05  4.2847E-03  6.7403E-03
  3.8601E-02 -2.1641E-05  4.3650E-03  6.8665E-03
  3.8947E-02 -2.2229E-05  4.4466E-03  6.9945E-03
  3.9297E-02 -2.2832E-05  4.5293E-03  7.1245E-03
  3.9650E-02 -2.3452E-05  4.6133E-03  7.2563E-03
  4.0006E-02 -2.4088E-05  4.6985E-03  7.3902E-03
  4.0365E-02 -2.4742E-05  4.7850E-03  7.5259E-03
  4.0727E-02 -2.5413E-05  4.8727E-03  7.6637E-03
  4.1092E-02 -2.6103E-05  4.9617E-03  7.8034E-03
  4.1461E-02 -2.6811E-05  5.0520E-03  7.9451E-03
  4.1833E-02 -2.7538E-05  5.1435E-03  8.0888E-03
  4.2209E-02 -2.8286E-05  5.2364E-03  8.2346E-03
  4.2587E-02 -2.9053E-05  5.3305E-03  8.3823E-03
  4.2970E-02 -2.9841E-05  5.4259E-03  8.5321E-03
  4.3355E-02 -3.0650E-05  5.5227E-03  8.6839E-03
  4.3744E-02 -3.1482E-05  5.6207E-03  8.8378E-03
  4.4137E-02 -3.2336E-05  5.7201E-03  8.9937E-03
  4.4533E-02 -3.3213E-05  5.8208E-03  9.1517E-03
  4.4932E-02 -3.4114E-05  5.9228E-03  9.3117E-03
  4.5335E-02 -3.5039E-05  6.0261E-03  9.4738E-03
  4.5742E-02 -3.5989E-05  6.1308E-03  9.6380E-03
  4.6152E-02 -3.6965E-05  6.2368E-03  9.8043E-03
  4.6567E-02 -3.7967E-05  6.3442E-03  9.9726E-03
  4.6984E-02 -3.8996E-05  6.4529E-03  1.0143E-02
  4.7406E-02 -4.0054E-05  6.5629E-03  1.0316E-02
  4.7831E-02 -4.1140E-05  6.6742E-03  1.0490E-02
  4.8260E-02 -4.2255E-05  6.7869E-03  1.0667E-02
  4.8693E-02 -4.3400E-05  6.9010E-03  1.0845E-02
  4.9130E-02 -4.4577E-05  7.0163E-03  1.1026E-02
  4.9570E-02 -4.5785E-05  7.1330E-03  1.1209E-02
  5.0015E-02 -4.7026E-05  7.2511E-03  1.1394E-02
  5.0464E-02 -4.8301E-05  7.3704E-03  1.1581E-02
  5.0916E-02 -4.9610E-05  7.4911E-03  1.1770E-02
  5.1373E-02 -5.0954E-05  7.6131E-03  1.1961E-02
  5.1834E-02 -5.2335E-05  7.7364E-03  1.2154E-02
  5.2299E-02 -5.3753E-05  7.8610E-03  1.2349E-02
  5.2768E-02 -5.5209E-05  7.9869E-03  1.2546E-02
  5.3241E-02 -5.6705E-05  8.1141E-03  1.2746E-02
  5.3718E-02 -5.8241E-05  8.2425E-03  1.2947E-02
  5.4200E-02 -5.9819E-05  8.3722E-03  1.3150E-02
  5.4686E-02 -6.1439E-05  8.5032E-03  1.3355E-02
  5.5177E-02 -6.3104E-05  8.6354E-03  1.3561E-02
  5.5671E-02 -6.4813E-05  8.7689E-03  1.3770E-02
  5.6171E-02 -6.6568E-05  8.9035E-03  1.3981E-02
  5.6674E-02 -6.8371E-05  9.0393E-03  1.4193E-02
  5.7182E-02 -7.0222E-05  9.1764E-03  1.4407E-02
  5.7695E-02 -7.2124E-05  9.3146E-03  1.4623E-02
  5.8212E-02 -7.4077E-05  9.4539E-03  1.4841E-02
  5.8734E-02 -7.6082E-05  9.5943E-03  1.5060E-02
  5.9261E-02 -7.8142E-05  9.7359E-03  1.5282E-02
  5.9792E-02 -8.0258E-05  9.8785E-03  1.5504E-02
  6.0328E-02 -8.2430E-05  1.0022E-02  1.5729E-02
  6.0869E-02 -8.4662E-05  1.0167E-02  1.5955E-02
  6.1415E-02 -8.6953E-05  1.0313E-02  1.6182E-02
  6.1966E-02 -8.9307E-05  1.0459E-02  1.6411E-02
  6.2521E-02 -9.1723E-05  1.0607E-02  1.6641E-02
  6.3082E-02 -9.4206E-05  1.0756E-02  1.6873E-02
  6.3647E-02 -9.6755E-05  1.0905E-02  1.7106E-02
  6.4218E-02 -9.9373E-05  1.1055E-02  1.7340E-02
  6.4793E-02 -1.0206E-04  1.1206E-02  1.7576E-02
  6.5374E-02 -1.0482E-04  1.1358E-02  1.7813E-02
  6.5960E-02 -1.0766E-04  1.1511E-02  1.8050E-02
  6.6552E-02 -1.1057E-04  1.1664E-02  1.8289E-02
  6.7148E-02 -1.1356E-04  1.1818E-02  1.8529E-02
  6.7750E-02 -1.1663E-04  1.1973E-02  1.8770E-02
  6.8357E-02 -1.1979E-04  1.2128E-02  1.9011E-02
  6.8970E-02 -1.2303E-04  1.2284E-02  1.9253E-02
  6.9588E-02 -1.2635E-04  1.2440E-02  1.9496E-02
  7.0212E-02 -1.2977E-04  1.2597E-02  1.9740E-02
  7.0841E-02 -1.3328E-04  1.2754E-02  1.9984E-02
  7.1476E-02 -1.3688E-04  1.2912E-02  2.0228E-02
  7.2117E-02 -1.4058E-04  1.3069E-02  2.0473E-02
  7.2763E-02 -1.4438E-04  1.3227E-02  2.0718E-02
  7.3415E-02 -1.4828E-04  1.3386E-02  2.0963E-02
  7.4073E-02 -1.5229E-04  1.3544E-02  2.1209E-02
  7.4737E-02 -1.5640E-04  1.3702E-02  2.1454E-02
  7.5407E-02 -1.6063E-04  1.3861E-02  2.1699E-02
  7.6083E-02 -1.6497E-04  1.4019E-02  2.1944E-02
  7.6764E-02 -1.6943E-04  1.4177E-02  2.2189E-02
  7.7452E-02 -1.7400E-04  1.4335E-02  2.2433E-02
  7.8146E-02 -1.7870E-04  1.4493E-02  2.2677E-02
  7.8847E-02 -1.8353E-04  1.4650E-02  2.2920E-02
  7.9553E-02 -1.8849E-04  1.4807E-02  2.3162E-02
  8.0266E-02 -1.9358E-04  1.4964E-02  2.3403E-02
  8.0985E-02 -1.9880E-04  1.5120E-02  2.3644E-02
  8.1711E-02 -2.0417E-04  1.5275E-02  2.3883E-02
  8.2443E-02 -2.0968E-04  1.5430E-02  2.4121E-02
  8.3182E-02 -2.1534E-04  1.5583E-02  2.4357E-02
  8.3927E-02 -2.2115E-04  1.5736E-02  2.4592E-02
  8.4679E-02 -2.2712E-04  1.5888E-02  2.4826E-02
  8.5438E-02 -2.3325E-04  1.6039E-02  2.5057E-02
  8.6204E-02 -2.3954E-04  1.6189E-02  2.5287E-02
  8.6976E-02 -2.4600E-04  1.6338E-02  2.5514E-02
  8.7755E-02 -2.5264E-04  1.6485E-02  2.5739E-02
  8.8542E-02 -2.5945E-04  1.6631E-02  2.5962E-02
  8.9335E-02 -2.6645E-04  1.6776E-02  2.6182E-02
  9.0135E-02 -2.7364E-04  1.6918E-02  2.6400E-02
  9.0943E-02 -2.8102E-04  1.7060E-02  2.6614E-02
  9.1758E-02 -2.8859E-04  1.7199E-02  2.6826E-02
  9.2580E-02 -2.9637E-04  1.7336E-02  2.7034E-02
  9.3409E-02 -3.0436E-04  1.7472E-02  2.7239E-02
  9.4246E-02 -3.1256E-04  1.7605E-02  2.7441E-02
  9.5090E-02 -3.2098E-04  1.7736E-02  2.7639E-02
  9.5942E-02 -3.2963E-04  1.7865E-02  2.7833E-02
  9.6802E-02 -3.3851E-04  1.7992E-02  2.8023E-02
  9.7669E-02 -3.4763E-04  1.8116E-02  2.8208E-02
  9.8544E-02 -3.5699E-04  1.8237E-02  2.8390E-02
  9.9426E-02 -3.6661E-04  1.8355E-02  2.8566E-02
  1.0032E-01 -3.7648E-04  1.8471E-02  2.8738E-02
  1.0122E-01 -3.8661E-04  1.8584E-02  2.8905E-02
  1.0212E-01 -3.9702E-04  1.8693E-02  2.9067E-02
  1.0304E-01 -4.0771E-04  1.8800E-02  2.9224E-02
  1.0396E-01 -4.1868E-04  1.8903E-02  2.9374E-02
  1.0489E-01 -4.2994E-04  1.9002E-02  2.9520E-02
  1.0583E-01 -4.4151E-04  1.9098E-02  2.9659E-02
  1.0678E-01 -4.5338E-04  1.9191E-02  2.9792E-02
  1.0774E-01 -4.6558E-04  1.9279E-02  2.9919E-02
  1.0870E-01 -4.7810E-04  1.9364E-02  3.0039E-02
  1.0967E-01 -4.9095E-04  1.9444E-02  3.0153E-02
  1.1066E-01 -5.0415E-04  1.9520E-02  3.0259E-02
  1.1165E-01 -5.1770E-04  1.9592E-02  3.0359E-02
  1.1265E-01 -5.3161E-04  1.9660E-02  3.0451E-02
  1.1366E-01 -5.4589E-04  1.9723E-02  3.0536E-02
  1.1467E-01 -5.6055E-04  1.9781E-02  3.0613E-02
  1.1570E-01 -5.7561E-04  1.9834E-02  3.0682E-02
  1.1674E-01 -5.9107E-04  1.9883E-02  3.0743E-02
  1.1778E-01 -6.0694E-04  1.9926E-02  3.0795E-02
  1.1884E-01 -6.2323E-04  1.9964E-02  3.0839E-02
  1.1990E-01 -6.3995E-04  1.9997E-02  3.0874E-02
  1.2098E-01 -6.5712E-04  2.0025E-02  3.0900E-02
  1.2206E-01 -6.7475E-04  2.0047E-02  3.0917E-02
  1.2315E-01 -6.9285E-04  2.0063E-02  3.0925E-02
  1.2426E-01 -7.1143E-04  2.0073E-02  3.0923E-02
  1.2537E-01 -7.3051E-04  2.0077E-02  3.0911E-02
  1.2649E-01 -7.5009E-04  2.0075E-02  3.0889E-02
  1.2762E-01 -7.7019E-04  2.0067E-02  3.0857E-02
  1.2877E-01 -7.9083E-04  2.0053E-02  3.0815E-02
  1.2992E-01 -8.1201E-04  2.0032E-02  3.0762E-02
  1.3108E-01 -8.3376E-04  2.0005E-02  3.0698E-02
  1.3226E-01 -8.5608E-04  1.9971E-02  3.0623E-02
  1.3344E-01 -8.7900E-04  1.9930E-02  3.0538E-02
  1.3464E-01 -9.0252E-04  1.9883E-02  3.0440E-02
  1.3584E-01 -9.2667E-04  1.9828E-02  3.0332E-02
  1.3706E-01 -9.5146E-04  1.9766E-02  3.0211E-02
  1.3829E-01 -9.7691E-04  1.9697E-02  3.0079E-02
  1.3953E-01 -1.0030E-03  1.9620E-02  2.9935E-02
  1.4078E-01 -1.0298E-03  1.9537E-02  2.9779E-02
  1.4204E-01 -1.0574E-03  1.9445E-02  2.9610E-02
  1.4331E-01 -1.0856E-03  1.9346E-02  2.9428E-02
  1.4459E-01 -1.1146E-03  1.9239E-02  2.9234E-02
  1.4589E-01 -1.1444E-03  1.9124E-02  2.9028E-02
  1.4719E-01 -1.1749E-03  1.9002E-02  2.8808E-02
  1.4851E-01 -1.2063E-03  1.8871E-02  2.8575E-02
  1.4984E-01 -1.2384E-03  1.8733E-02  2.8329E-02
  1.5118E-01 -1.2715E-03  1.8586E-02  2.8069E-02
  1.5254E-01 -1.3054E-03  1.8431E-02  2.7796E-02
  1.5390E-01 -1.3402E-03  1.8267E-02  2.7510E-02
  1.5528E-01 -1.3759E-03  1.8095E-02  2.7210E-02
  1.5667E-01 -1.4125E-03  1.7915E-02  2.6896E-02
  1.5807E-01 -1.4501E-03  1.7727E-02  2.6568E-02
  1.5949E-01 -1.4887E-03  1.7529E-02  2.6226E-02
  1.6092E-01 -1.5284E-03  1.7323E-02  2.5870E-02
  1.6236E-01 -1.5690E-03  1.7109E-02  2.5500E-02
  1.6381E-01 -1.6107E-03  1.6886E-02  2.5116E-02
  1.6528E-01 -1.6536E-03  1.6654E-02  2.4717E-02
  1.6676E-01 -1.6975E-03  1.6413E-02  2.4305E-02
  1.6825E-01 -1.7426E-03  1.6164E-02  2.3878E-02
  1.6976E-01 -1.7889E-03  1.5906E-02  2.3436E-02
  1.7128E-01 -1.8364E-03  1.5639E-02  2.2981E-02
  1.7281E-01 -1.8851E-03  1.5364E-02  2.2511E-02
  1.7436E-01 -1.9351E-03  1.5079E-02  2.2027E-02
  1.7592E-01 -1.9864E-03  1.4786E-02  2.1528E-02
  1.7749E-01 -2.0390E-03  1.4484E-02  2.1015E-02
  1.7908E-01 -2.0930E-03  1.4173E-02  2.0488E-02
  1.8069E-01 -2.1485E-03  1.3854E-02  1.9947E-02
  1.8230E-01 -2.2053E-03  1.3526E-02  1.9391E-02
  1.8393E-01 -2.2637E-03  1.3189E-02  1.8822E-02
  1.8558E-01 -2.3235E-03  1.2844E-02  1.8238E-02
  1.8724E-01 -2.3850E-03  1.2490E-02  1.7641E-02
  1.8892E-01 -2.4480E-03  1.2128E-02  1.7030E-02
  1.9061E-01 -2.5126E-03  1.1757E-02  1.6405E-02
  1.9232E-01 -2.5789E-03  1.1378E-02  1.5766E-02
  1.9404E-01 -2.6470E-03  1.0991E-02  1.5114E-02
  1.9578E-01 -2.7168E-03  1.0596E-02  1.4449E-02
  1.9753E-01 -2.7884E-03  1.0193E-02  1.3771E-02
  1.9930E-01 -2.8618E-03  9.7813E-03  1.3080E-02
  2.0108E-01 -2.9372E-03  9.3621E-03  1.2376E-02
  2.0288E-01 -3.0145E-03  8.9353E-03  1.1660E-02
  2.0470E-01 -3.0937E-03  8.5009E-03  1.0931E-02
  2.0653E-01 -3.1751E-03  8.0590E-03  1.0190E-02
  2.0838E-01 -3.2585E-03  7.6099E-03  9.4373E-03
  2.1024E-01 -3.3440E-03  7.1536E-03  8.6731E-03
  2.1213E-01 -3.4318E-03  6.6904E-03  7.8976E-03
  2.1403E-01 -3.5218E-03  6.2203E-03  7.1110E-03
  2.1594E-01 -3.6140E-03  5.7436E-03  6.3136E-03
  2.1787E-01 -3.7087E-03  5.2605E-03  5.5058E-03
  2.1983E-01 -3.8058E-03  4.7711E-03  4.6879E-03
  2.2179E-01 -3.9053E-03  4.2757E-03  3.8603E-03
  2.2378E-01 -4.0074E-03  3.7745E-03  3.0231E-03
  2.2578E-01 -4.1121E-03  3.2676E-03  2.1769E-03
  2.2780E-01 -4.2195E-03  2.7553E-03  1.3220E-03
  2.2984E-01 -4.3295E-03  2.2379E-03  4.5877E-04
  2.3190E-01 -4.4424E-03  1.7155E-03 -4.1240E-04
  2.3398E-01 -4.5581E-03  1.1884E-03 -1.2911E-03
  2.3607E-01 -4.6768E-03  6.5695E-04 -2.1769E-03
  2.3818E-01 -4.7984E-03  1.2129E-04 -3.0694E-03
  2.4032E-01 -4.9231E-03 -4.1826E-04 -3.9681E-03
  2.4247E-01 -5.0510E-03 -9.6143E-04 -4.8725E-03
  2.4464E-01 -5.1821E-03 -1.5079E-03 -5.7823E-03
  2.4683E-01 -5.3164E-03 -2.0575E-03 -6.6969E-03
  2.4904E-01 -5.4542E-03 -2.6098E-03 -7.6158E-03
  2.5127E-01 -5.5954E-03 -3.1646E-03 -8.5386E-03
  2.5351E-01 -5.7401E-03 -3.7215E-03 -9.4647E-03
  2.5578E-01 -5.8884E-03 -4.2802E-03 -1.0394E-02
  2.5807E-01 -6.0404E-03 -4.8405E-03 -1.1325E-02
  2.6038E-01 -6.1963E-03 -5.4019E-03 -1.2258E-02
  2.6271E-01 -6.3559E-03 -5.9642E-03 -1.3192E-02
  2.6507E-01 -6.5196E-03 -6.5270E-03 -1.4127E-02
  2.6744E-01 -6.6873E-03 -7.0900E-03 -1.5061E-02
  2.6983E-01 -6.8591E-03 -7.6528E-03 -1.5996E-02
  2.7225E-01 -7.0352E-03 -8.2150E-03 -1.6929E-02
  2.7468E-01 -7.2156E-03 -8.7764E-03 -1.7860E-02
  2.7714E-01 -7.4005E-03 -9.3366E-03 -1.8790E-02
  2.7962E-01 -7.5899E-03 -9.8951E-03 -1.9716E-02
  2.8213E-01 -7.7839E-03 -1.0452E-02 -2.0639E-02
  2.8465E-01 -7.9827E-03 -1.1006E-02 -2.1558E-02
  2.8720E-01 -8.1863E-03 -1.1557E-02 -2.2472E-02
  2.8977E-01 -8.3949E-03 -1.2106E-02 -2.3381E-02
  2.9236E-01 -8.6085E-03 -1.2651E-02 -2.4284E-02
  2.9498E-01 -8.8273E-03 -1.3192E-02 -2.5180E-02
  2.9762E-01 -9.0514E-03 -1.3729E-02 -2.6070E-02
  3.0028E-01 -9.2809E-03 -1.4261E-02 -2.6951E-02
  3.0297E-01 -9.5159E-03 -1.4788E-02 -2.7824E-02
  3.0568E-01 -9.7566E-03 -1.5310E-02 -2.8688E-02
  3.0842E-01 -1.0003E-02 -1.5826E-02 -2.9542E-02
  3.1118E-01 -1.0255E-02 -1.6336E-02 -3.0386E-02
  3.1397E-01 -1.0514E-02 -1.6840E-02 -3.1219E-02
  3.1678E-01 -1.0778E-02 -1.7336E-02 -3.2041E-02
  3.1961E-01 -1.1049E-02 -1.7826E-02 -3.2850E-02
  3.2247E-01 -1.1326E-02 -1.8307E-02 -3.3646E-02
  3.2536E-01 -1.1610E-02 -1.8781E-02 -3.4429E-02
  3.2827E-01 -1.1900E-02 -1.9245E-02 -3.5198E-02
  3.3121E-01 -1.2197E-02 -1.9702E-02 -3.5952E-02
  3.3417E-01 -1.2501E-02 -2.0148E-02 -3.6690E-02
  3.3716E-01 -1.2812E-02 -2.0586E-02 -3.7413E-02
  3.4018E-01 -1.3131E-02 -2.1013E-02 -3.8119E-02
  3.4323E-01 -1.3456E-02 -2.1430E-02 -3.8808E-02
  3.4630E-01 -1.3790E-02 -2.1836E-02 -3.9479E-02
  3.4940E-01 -1.4131E-02 -2.2231E-02 -4.0132E-02
  3.5252E-01 -1.4479E-02 -2.2615E-02 -4.0767E-02
  3.5568E-01 -1.4836E-02 -2.2986E-02 -4.1381E-02
  3.5886E-01 -1.5201E-02 -2.3346E-02 -4.1976E-02
  3.6207E-01 -1.5574E-02 -2.3693E-02 -4.2550E-02
  3.6531E-01 -1.5955E-02 -2.4028E-02 -4.3103E-02
  3.6858E-01 -1.6345E-02 -2.4349E-02 -4.3635E-02
  3.7188E-01 -1.6744E-02 -2.4657E-02 -4.4144E-02
  3.7521E-01 -1.7152E-02 -2.4951E-02 -4.4631E-02
  3.7857E-01 -1.7568E-02 -2.5231E-02 -4.5095E-02
  3.8196E-01 -1.7994E-02 -2.5496E-02 -4.5536E-02
  3.8537E-01 -1.8430E-02 -2.5747E-02 -4.5953E-02
  3.8882E-01 -1.8874E-02 -2.5983E-02 -4.6345E-02
  3.9230E-01 -1.9329E-02 -2.6203E-02 -4.6712E-02
  3.9581E-01 -1.9793E-02 -2.6408E-02 -4.7055E-02
  3.9936E-01 -2.0268E-02 -2.6598E-02 -4.7372E-02
  4.0293E-01 -2.0752E-02 -2.6771E-02 -4.7663E-02
  4.0654E-01 -2.1247E-02 -2.6928E-02 -4.7928E-02
  4.1018E-01 -2.1752E-02 -2.7069E-02 -4.8166E-02
  4.1385E-01 -2.2269E-02 -2.7193E-02 -4.8378E-02
  4.1755E-01 -2.2795E-02 -2.7300E-02 -4.8562E-02
  4.2129E-01 -2.3333E-02 -2.7390E-02 -4.8719E-02
  4.2506E-01 -2.3883E-02 -2.7462E-02 -4.8848E-02
  4.2886E-01 -2.4443E-02 -2.7517E-02 -4.8950E-02
  4.3270E-01 -2.5015E-02 -2.7555E-02 -4.9023E-02
  4.3657E-01 -2.5598E-02 -2.7574E-02 -4.9068E-02
  4.4048E-01 -2.6194E-02 -2.7576E-02 -4.9085E-02
  4.4442E-01 -2.6801E-02 -2.7559E-02 -4.9073E-02
  4.4840E-01 -2.7420E-02 -2.7525E-02 -4.9033E-02
  4.5241E-01 -2.8052E-02 -2.7471E-02 -4.8963E-02
  4.5646E-01 -2.8696E-02 -2.7400E-02 -4.8865E-02
  4.6054E-01 -2.9353E-02 -2.7309E-02 -4.8738E-02
  4.6467E-01 -3.0022E-02 -2.7201E-02 -4.8581E-02
  4.6882E-01 -3.0704E-02 -2.7073E-02 -4.8396E-02
  4.7302E-01 -3.1399E-02 -2.6926E-02 -4.8181E-02
  4.7725E-01 -3.2107E-02 -2.6761E-02 -4.7937E-02
  4.8152E-01 -3.2828E-02 -2.6576E-02 -4.7665E-02
  4.8583E-01 -3.3563E-02 -2.6373E-02 -4.7363E-02
  4.9018E-01 -3.4311E-02 -2.6150E-02 -4.7032E-02
  4.9457E-01 -3.5072E-02 -2.5908E-02 -4.6673E-02
  4.9899E-01 -3.5847E-02 -2.5648E-02 -4.6284E-02
  5.0346E-01 -3.6636E-02 -2.5368E-02 -4.5867E-02
  5.0796E-01 -3.7439E-02 -2.5069E-02 -4.5422E-02
  5.1251E-01 -3.8255E-02 -2.4750E-02 -4.4948E-02
  5.1710E-01 -3.9085E-02 -2.4413E-02 -4.4446E-02
  5.2172E-01 -3.9930E-02 -2.4057E-02 -4.3916E-02
  5.2639E-01 -4.0788E-02 -2.3681E-02 -4.3358E-02
  5.3110E-01 -4.1660E-02 -2.3287E-02 -4.2773E-02
  5.3586E-01 -4.2547E-02 -2.2873E-02 -4.2160E-02
  5.4065E-01 -4.3447E-02 -2.2441E-02 -4.1520E-02
  5.4549E-01 -4.4362E-02 -2.1989E-02 -4.0854E-02
  5.5037E-01 -4.5290E-02 -2.1519E-02 -4.0160E-02
  5.5530E-01 -4.6233E-02 -2.1030E-02 -3.9441E-02
  5.6026E-01 -4.7189E-02 -2.0522E-02 -3.8695E-02
  5.6528E-01 -4.8160E-02 -1.9996E-02 -3.7924E-02
  5.7034E-01 -4.9144E-02 -1.9451E-02 -3.7128E-02
  5.7544E-01 -5.0141E-02 -1.8887E-02 -3.6306E-02
  5.8059E-01 -5.1153E-02 -1.8305E-02 -3.5460E-02
  5.8579E-01 -5.2178E-02 -1.7705E-02 -3.4589E-02
  5.9103E-01 -5.3216E-02 -1.7086E-02 -3.3695E-02
  5.9632E-01 -5.4267E-02 -1.6450E-02 -3.2777E-02
  6.0165E-01 -5.5331E-02 -1.5795E-02 -3.1836E-02
  6.0704E-01 -5.6407E-02 -1.5122E-02 -3.0872E-02
  6.1247E-01 -5.7496E-02 -1.4431E-02 -2.9886E-02
  6.1795E-01 -5.8598E-02 -1.3723E-02 -2.8877E-02
  6.2348E-01 -5.9710E-02 -1.2997E-02 -2.7847E-02
  6.2906E-01 -6.0835E-02 -1.2253E-02 -2.6796E-02
  6.3469E-01 -6.1970E-02 -1.1492E-02 -2.5724E-02
  6.4037E-01 -6.3116E-02 -1.0714E-02 -2.4632E-02
  6.4610E-01 -6.4272E-02 -9.9182E-03 -2.3520E-02
  6.5188E-01 -6.5438E-02 -9.1053E-03 -2.2388E-02
  6.5771E-01 -6.6613E-02 -8.2754E-03 -2.1237E-02
  6.6360E-01 -6.7797E-02 -7.4285E-03 -2.0067E-02
  6.6954E-01 -6.8989E-02 -6.5648E-03 -1.8880E-02
  6.7553E-01 -7.0189E-02 -5.6842E-03 -1.7674E-02
  6.8157E-01 -7.1395E-02 -4.7870E-03 -1.6450E-02
  6.8767E-01 -7.2607E-02 -3.8732E-03 -1.5210E-02
  6.9382E-01 -7.3825E-02 -2.9430E-03 -1.3953E-02
  7.0003E-01 -7.5047E-02 -1.9963E-03 -1.2680E-02
  7.0630E-01 -7.6274E-02 -1.0332E-03 -1.1391E-02
  7.1262E-01 -7.7503E-02 -5.3924E-05 -1.0086E-02
  7.1899E-01 -7.8734E-02  9.4156E-04 -8.7667E-03
  7.2543E-01 -7.9965E-02  1.9532E-03 -7.4324E-03
  7.3192E-01 -8.1197E-02  2.9808E-03 -6.0836E-03
  7.3847E-01 -8.2428E-02  4.0245E-03 -4.7209E-03
  7.4508E-01 -8.3656E-02  5.0840E-03 -3.3445E-03
  7.5174E-01 -8.4880E-02  6.1595E-03 -1.9548E-03
  7.5847E-01 -8.6100E-02  7.2509E-03 -5.5209E-04
  7.6526E-01 -8.7313E-02  8.3580E-03  8.6334E-04
  7.7211E-01 -8.8519E-02  9.4810E-03  2.2912E-03
  7.7901E-01 -8.9716E-02  1.0620E-02  3.7312E-03
  7.8598E-01 -9.0902E-02  1.1774E-02  5.1830E-03
  7.9302E-01 -9.2077E-02  1.2944E-02  6.6465E-03
  8.0011E-01 -9.3237E-02  1.4130E-02  8.1213E-03
  8.0727E-01 -9.4382E-02  1.5332E-02  9.6074E-03
  8.1450E-01 -9.5509E-02  1.6550E-02  1.1104E-02
  8.2179E-01 -9.6617E-02  1.7783E-02  1.2612E-02
  8.2914E-01 -9.7704E-02  1.9032E-02  1.4131E-02
  8.3656E-01 -9.8768E-02  2.0297E-02  1.5660E-02
  8.4404E-01 -9.9806E-02  2.1579E-02  1.7199E-02
  8.5160E-01 -1.0082E-01  2.2876E-02  1.8749E-02
  8.5922E-01 -1.0180E-01  2.4189E-02  2.0309E-02
  8.6690E-01 -1.0275E-01  2.5519E-02  2.1880E-02
  8.7466E-01 -1.0366E-01  2.6864E-02  2.3460E-02
  8.8249E-01 -1.0454E-01  2.8227E-02  2.5051E-02
  8.9038E-01 -1.0538E-01  2.9606E-02  2.6652E-02
  8.9835E-01 -1.0617E-01  3.1001E-02  2.8264E-02
  9.0639E-01 -1.0692E-01  3.2414E-02  2.9886E-02
  9.1450E-01 -1.0763E-01  3.3844E-02  3.1518E-02
  9.2268E-01 -1.0828E-01  3.5291E-02  3.3162E-02
  9.3094E-01 -1.0888E-01  3.6756E-02  3.4816E-02
  9.3927E-01 -1.0942E-01  3.8238E-02  3.6481E-02
  9.4767E-01 -1.0990E-01  3.9739E-02  3.8158E-02
  9.5615E-01 -1.1032E-01  4.1258E-02  3.9847E-02
  9.6471E-01 -1.1067E-01  4.2795E-02  4.1548E-02
  9.7334E-01 -1.1096E-01  4.4352E-02  4.3261E-02
  9.8205E-01 -1.1117E-01  4.5928E-02  4.4987E-02
  9.9084E-01 -1.1130E-01  4.7523E-02  4.6727E-02
  9.9970E-01 -1.1135E-01  4.9139E-02  4.8480E-02
  1.0086E+00 -1.1132E-01  5.0776E-02  5.0248E-02
  1.0177E+00 -1.1120E-01  5.2433E-02  5.2031E-02
  1.0268E+00 -1.1099E-01  5.4112E-02  5.3829E-02
  1.0360E+00 -1.1069E-01  5.5814E-02  5.5644E-02
  1.0452E+00 -1.1028E-01  5.7538E-02  5.7476E-02
  1.0546E+00 -1.0978E-01  5.9285E-02  5.9326E-02
  1.0640E+00 -1.0916E-01  6.1057E-02  6.1195E-02
  1.0735E+00 -1.0844E-01  6.2853E-02  6.3083E-02
  1.0832E+00 -1.0759E-01  6.4675E-02  6.4992E-02
  1.0928E+00 -1.0663E-01  6.6524E-02  6.6923E-02
  1.1026E+00 -1.0555E-01  6.8400E-02  6.8876E-02
  1.1125E+00 -1.0434E-01  7.0304E-02  7.0853E-02
  1.1224E+00 -1.0300E-01  7.2237E-02  7.2856E-02
  1.1325E+00 -1.0152E-01  7.4201E-02  7.4885E-02
  1.1426E+00 -9.9899E-02  7.6196E-02  7.6941E-02
  1.1528E+00 -9.8136E-02  7.8224E-02  7.9027E-02
  1.1632E+00 -9.6224E-02  8.0286E-02  8.1144E-02
  1.1736E+00 -9.4160E-02  8.2384E-02  8.3294E-02
  1.1841E+00 -9.1939E-02  8.4518E-02  8.5477E-02
  1.1947E+00 -8.9558E-02  8.6691E-02  8.7697E-02
  1.2054E+00 -8.7012E-02  8.8904E-02  8.9954E-02
  1.2161E+00 -8.4297E-02  9.1159E-02  9.2252E-02
  1.2270E+00 -8.1409E-02  9.3458E-02  9.4591E-02
  1.2380E+00 -7.8345E-02  9.5802E-02  9.6974E-02
  1.2491E+00 -7.5101E-02  9.8195E-02  9.9405E-02
  1.2602E+00 -7.1672E-02  1.0064E-01  1.0188E-01
  1.2715E+00 -6.8057E-02  1.0313E-01  1.0441E-01
  1.2829E+00 -6.4250E-02  1.0568E-01  1.0700E-01
  1.2944E+00 -6.0248E-02  1.0829E-01  1.0964E-01
  1.3060E+00 -5.6049E-02  1.1096E-01  1.1234E-01
  1.3176E+00 -5.1649E-02  1.1370E-01  1.1511E-01
  1.3294E+00 -4.7046E-02  1.1650E-01  1.1794E-01
  1.3413E+00 -4.2235E-02  1.1937E-01  1.2084E-01
  1.3533E+00 -3.7215E-02  1.2231E-01  1.2382E-01
  1.3654E+00 -3.1983E-02  1.2533E-01  1.2687E-01
  1.3777E+00 -2.6537E-02  1.2844E-01  1.3001E-01
  1.3900E+00 -2.0874E-02  1.3163E-01  1.3323E-01
  1.4024E+00 -1.4992E-02  1.3491E-01  1.3654E-01
  1.4150E+00 -8.8890E-03  1.3828E-01  1.3994E-01
  1.4276E+00 -2.5634E-03  1.4176E-01  1.4344E-01
  1.4404E+00  3.9867E-03  1.4534E-01  1.4705E-01
  1.4533E+00  1.0763E-02  1.4903E-01  1.5077E-01
  1.4663E+00  1.7766E-02  1.5284E-01  1.5461E-01
  1.4794E+00  2.4999E-02  1.5678E-01  1.5856E-01
  1.4927E+00  3.2461E-02  1.6084E-01  1.6265E-01
  1.5060E+00  4.0154E-02  1.6504E-01  1.6687E-01
  1.5195E+00  4.8080E-02  1.6938E-01  1.7123E-01
  1.5331E+00  5.6239E-02  1.7387E-01  1.7574E-01
  1.5468E+00  6.4632E-02  1.7853E-01  1.8040E-01
  1.5606E+00  7.3260E-02  1.8335E-01  1.8523E-01
  1.5746E+00  8.2125E-02  1.8834E-01  1.9024E-01
  1.5887E+00  9.1227E-02  1.9353E-01  1.9542E-01
  1.6029E+00  1.0057E-01  1.9890E-01  2.0080E-01
  1.6172E+00  1.1015E-01  2.0449E-01  2.0638E-01
  1.6317E+00  1.1997E-01  2.1029E-01  2.1217E-01
  1.6463E+00  1.3004E-01  2.1632E-01  2.1818E-01
  1.6610E+00  1.4035E-01  2.2259E-01  2.2443E-01
  1.6759E+00  1.5092E-01  2.2911E-01  2.3092E-01
  1.6909E+00  1.6173E-01  2.3590E-01  2.3768E-01
  1.7060E+00  1.7280E-01  2.4297E-01  2.4471E-01
  1.7213E+00  1.8413E-01  2.5034E-01  2.5203E-01
  1.7367E+00  1.9573E-01  2.5801E-01  2.5965E-01
  1.7522E+00  2.0760E-01  2.6602E-01  2.6759E-01
  1.7679E+00  2.1975E-01  2.7436E-01  2.7587E-01
  1.7837E+00  2.3219E-01  2.8307E-01  2.8450E-01
  1.7997E+00  2.4492E-01  2.9217E-01  2.9351E-01
  1.8158E+00  2.5796E-01  3.0166E-01  3.0291E-01
  1.8320E+00  2.7132E-01  3.1158E-01  3.1273E-01
  1.8484E+00  2.8502E-01  3.2194E-01  3.2299E-01
  1.8650E+00  2.9906E-01  3.3278E-01  3.3372E-01
  1.8817E+00  3.1347E-01  3.4411E-01  3.4493E-01
  1.8985E+00  3.2827E-01  3.5596E-01  3.5666E-01
  1.9155E+00  3.4347E-01  3.6836E-01  3.6894E-01
  1.9326E+00  3.5911E-01  3.8135E-01  3.8179E-01
  1.9499E+00  3.7521E-01  3.9494E-01  3.9525E-01
  1.9674E+00  3.9179E-01  4.0918E-01  4.0935E-01
  1.9850E+00  4.0890E-01  4.2411E-01  4.2414E-01
  2.0027E+00  4.2657E-01  4.3975E-01  4.3964E-01
  2.0206E+00  4.4484E-01  4.5615E-01  4.5591E-01
  2.0387E+00  4.6375E-01  4.7336E-01  4.7298E-01
  2.0570E+00  4.8335E-01  4.9141E-01  4.9091E-01
  2.0754E+00  5.0368E-01  5.1037E-01  5.0973E-01
  2.0939E+00  5.2482E-01  5.3027E-01  5.2952E-01
  2.1127E+00  5.4681E-01  5.5118E-01  5.5032E-01
  2.1316E+00  5.6972E-01  5.7315E-01  5.7219E-01
  2.1506E+00  5.9362E-01  5.9625E-01  5.9520E-01
  2.1699E+00  6.1860E-01  6.2055E-01  6.1942E-01
  2.1893E+00  6.4472E-01  6.4611E-01  6.4493E-01
  2.2089E+00  6.7208E-01  6.7302E-01  6.7179E-01
  2.2286E+00  7.0077E-01  7.0136E-01  7.0011E-01
  2.2486E+00  7.3089E-01  7.3121E-01  7.2995E-01
  2.2687E+00  7.6254E-01  7.6268E-01  7.6143E-01
  2.2890E+00  7.9585E-01  7.9587E-01  7.9465E-01
  2.3095E+00  8.3094E-01  8.3088E-01  8.2971E-01
  2.3301E+00  8.6793E-01  8.6783E-01  8.6674E-01
  2.3510E+00  9.0697E-01  9.0686E-01  9.0585E-01
  2.3720E+00  9.4819E-01  9.4810E-01  9.4719E-01
  2.3933E+00  9.9176E-01  9.9169E-01  9.9091E-01
  2.4147E+00  1.0378E+00  1.0378E+00  1.0371E+00
  2.4363E+00  1.0866E+00  1.0866E+00  1.0861E+00
  2.4581E+00  1.1382E+00  1.1382E+00  1.1379E+00
  2.4801E+00  1.1929E+00  1.1929E+00  1.1928E+00
  2.5023E+00  1.2509E+00  1.2509E+00  1.2509E+00
  2.5246E+00  1.3124E+00  1.3124E+00  1.3125E+00
  2.5472E+00  1.3776E+00  1.3776E+00  1.3779E+00
  2.5700E+00  1.4467E+00  1.4467E+00  1.4473E+00
  2.5930E+00  1.5202E+00  1.5202E+00  1.5209E+00
  2.6162E+00  1.5982E+00  1.5982E+00  1.5991E+00
  2.6396E+00  1.6811E+00  1.6811E+00  1.6821E+00
  2.6632E+00  1.7692E+00  1.7692E+00  1.7704E+00
  2.6871E+00  1.8629E+00  1.8629E+00  1.8643E+00
  2.7111E+00  1.9626E+00  1.9626E+00  1.9643E+00
  2.7354E+00  2.0687E+00  2.0687E+00  2.0706E+00
