 # l=           3 energy=  -5.0000000000000000     
  0.0000E+00  0.0000E+00  0.0000E+00  0.0000E+00
  1.1384E-06  5.4976E-25 -2.1131E-20  4.4974E-21
  2.2870E-06  8.9548E-24 -2.5489E-19  5.4248E-20
  3.4458E-06  4.6152E-23 -1.1012E-18  2.3436E-19
  4.6150E-06  1.4850E-22 -3.1246E-18  6.6502E-19
  5.7947E-06  3.6911E-22 -7.0424E-18  1.4989E-18
  6.9849E-06  7.7925E-22 -1.3720E-17  2.9202E-18
  8.1858E-06  1.4699E-21 -2.4175E-17  5.1452E-18
  9.3975E-06  2.5531E-21 -3.9574E-17  8.4226E-18
  1.0620E-05  4.1640E-21 -6.1242E-17  1.3034E-17
  1.1853E-05  6.4622E-21 -9.0666E-17  1.9297E-17
  1.3098E-05  9.6341E-21 -1.2950E-16  2.7562E-17
  1.4353E-05  1.3894E-20 -1.7958E-16  3.8220E-17
  1.5620E-05  1.9488E-20 -2.4290E-16  5.1699E-17
  1.6898E-05  2.6693E-20 -3.2169E-16  6.8467E-17
  1.8188E-05  3.5822E-20 -4.1832E-16  8.9035E-17
  1.9489E-05  4.7226E-20 -5.3542E-16  1.1396E-16
  2.0802E-05  6.1294E-20 -6.7581E-16  1.4384E-16
  2.2126E-05  7.8460E-20 -8.4255E-16  1.7933E-16
  2.3463E-05  9.9203E-20 -1.0389E-15  2.2112E-16
  2.4811E-05  1.2405E-19 -1.2685E-15  2.6998E-16
  2.6171E-05  1.5357E-19 -1.5350E-15  3.2671E-16
  2.7544E-05  1.8842E-19 -1.8426E-15  3.9218E-16
  2.8929E-05  2.2926E-19 -2.1956E-15  4.6732E-16
  3.0326E-05  2.7687E-19 -2.5987E-15  5.5312E-16
  3.1735E-05  3.3205E-19 -3.0569E-15  6.5064E-16
  3.3158E-05  3.9570E-19 -3.5755E-15  7.6101E-16
  3.4593E-05  4.6878E-19 -4.1601E-15  8.8544E-16
  3.6041E-05  5.5233E-19 -4.8168E-15  1.0252E-15
  3.7502E-05  6.4747E-19 -5.5519E-15  1.1817E-15
  3.8975E-05  7.5542E-19 -6.3722E-15  1.3563E-15
  4.0463E-05  8.7748E-19 -7.2850E-15  1.5505E-15
  4.1963E-05  1.0150E-18 -8.2978E-15  1.7661E-15
  4.3477E-05  1.1696E-18 -9.4188E-15  2.0047E-15
  4.5004E-05  1.3429E-18 -1.0656E-14  2.2681E-15
  4.6545E-05  1.5365E-18 -1.2020E-14  2.5583E-15
  4.8100E-05  1.7523E-18 -1.3519E-14  2.8773E-15
  4.9669E-05  1.9923E-18 -1.5163E-14  3.2273E-15
  5.1251E-05  2.2586E-18 -1.6963E-14  3.6105E-15
  5.2848E-05  2.5536E-18 -1.8931E-14  4.0293E-15
  5.4460E-05  2.8795E-18 -2.1078E-14  4.4863E-15
  5.6085E-05  3.2390E-18 -2.3417E-14  4.9840E-15
  5.7725E-05  3.6349E-18 -2.5960E-14  5.5255E-15
  5.9380E-05  4.0700E-18 -2.8723E-14  6.1135E-15
  6.1050E-05  4.5474E-18 -3.1719E-14  6.7511E-15
  6.2734E-05  5.0705E-18 -3.4964E-14  7.4418E-15
  6.4434E-05  5.6427E-18 -3.8474E-14  8.1889E-15
  6.6149E-05  6.2678E-18 -4.2266E-14  8.9960E-15
  6.7879E-05  6.9498E-18 -4.6357E-14  9.8669E-15
  6.9625E-05  7.6927E-18 -5.0768E-14  1.0806E-14
  7.1386E-05  8.5012E-18 -5.5517E-14  1.1817E-14
  7.3163E-05  9.3798E-18 -6.0626E-14  1.2904E-14
  7.4956E-05  1.0334E-17 -6.6115E-14  1.4072E-14
  7.6765E-05  1.1368E-17 -7.2008E-14  1.5326E-14
  7.8590E-05  1.2488E-17 -7.8328E-14  1.6672E-14
  8.0432E-05  1.3700E-17 -8.5102E-14  1.8113E-14
  8.2290E-05  1.5011E-17 -9.2354E-14  1.9657E-14
  8.4165E-05  1.6426E-17 -1.0011E-13  2.1309E-14
  8.6056E-05  1.7953E-17 -1.0841E-13  2.3074E-14
  8.7964E-05  1.9600E-17 -1.1727E-13  2.4960E-14
  8.9890E-05  2.1373E-17 -1.2672E-13  2.6973E-14
  9.1832E-05  2.3281E-17 -1.3681E-13  2.9120E-14
  9.3792E-05  2.5333E-17 -1.4757E-13  3.1409E-14
  9.5770E-05  2.7538E-17 -1.5902E-13  3.3847E-14
  9.7765E-05  2.9906E-17 -1.7121E-13  3.6442E-14
  9.9778E-05  3.2446E-17 -1.8419E-13  3.9204E-14
  1.0181E-04  3.5170E-17 -1.9798E-13  4.2140E-14
  1.0386E-04  3.8088E-17 -2.1264E-13  4.5259E-14
  1.0593E-04  4.1213E-17 -2.2821E-13  4.8573E-14
  1.0801E-04  4.4556E-17 -2.4473E-13  5.2090E-14
  1.1012E-04  4.8132E-17 -2.6226E-13  5.5822E-14
  1.1224E-04  5.1954E-17 -2.8085E-13  5.9778E-14
  1.1438E-04  5.6036E-17 -3.0055E-13  6.3972E-14
  1.1654E-04  6.0393E-17 -3.2142E-13  6.8414E-14
  1.1873E-04  6.5043E-17 -3.4352E-13  7.3118E-14
  1.2093E-04  7.0001E-17 -3.6691E-13  7.8096E-14
  1.2315E-04  7.5285E-17 -3.9165E-13  8.3362E-14
  1.2539E-04  8.0915E-17 -4.1781E-13  8.8931E-14
  1.2765E-04  8.6909E-17 -4.4546E-13  9.4817E-14
  1.2993E-04  9.3287E-17 -4.7468E-13  1.0104E-13
  1.3223E-04  1.0007E-16 -5.0554E-13  1.0760E-13
  1.3455E-04  1.0729E-16 -5.3811E-13  1.1454E-13
  1.3689E-04  1.1496E-16 -5.7249E-13  1.2185E-13
  1.3925E-04  1.2310E-16 -6.0876E-13  1.2957E-13
  1.4164E-04  1.3175E-16 -6.4700E-13  1.3771E-13
  1.4404E-04  1.4093E-16 -6.8732E-13  1.4630E-13
  1.4647E-04  1.5067E-16 -7.2981E-13  1.5534E-13
  1.4892E-04  1.6101E-16 -7.7457E-13  1.6487E-13
  1.5139E-04  1.7196E-16 -8.2171E-13  1.7490E-13
  1.5388E-04  1.8357E-16 -8.7134E-13  1.8546E-13
  1.5640E-04  1.9587E-16 -9.2357E-13  1.9658E-13
  1.5894E-04  2.0889E-16 -9.7853E-13  2.0828E-13
  1.6150E-04  2.2268E-16 -1.0363E-12  2.2059E-13
  1.6408E-04  2.3727E-16 -1.0971E-12  2.3352E-13
  1.6669E-04  2.5271E-16 -1.1610E-12  2.4713E-13
  1.6932E-04  2.6904E-16 -1.2282E-12  2.6142E-13
  1.7197E-04  2.8631E-16 -1.2988E-12  2.7644E-13
  1.7465E-04  3.0455E-16 -1.3729E-12  2.9222E-13
  1.7735E-04  3.2383E-16 -1.4507E-12  3.0879E-13
  1.8007E-04  3.4420E-16 -1.5324E-12  3.2618E-13
  1.8282E-04  3.6571E-16 -1.6182E-12  3.4444E-13
  1.8560E-04  3.8842E-16 -1.7082E-12  3.6360E-13
  1.8840E-04  4.1238E-16 -1.8027E-12  3.8370E-13
  1.9122E-04  4.3767E-16 -1.9017E-12  4.0479E-13
  1.9407E-04  4.6434E-16 -2.0056E-12  4.2690E-13
  1.9694E-04  4.9247E-16 -2.1145E-12  4.5008E-13
  1.9984E-04  5.2213E-16 -2.2287E-12  4.7438E-13
  2.0277E-04  5.5339E-16 -2.3483E-12  4.9984E-13
  2.0572E-04  5.8633E-16 -2.4736E-12  5.2652E-13
  2.0870E-04  6.2104E-16 -2.6049E-12  5.5447E-13
  2.1171E-04  6.5760E-16 -2.7424E-12  5.8374E-13
  2.1474E-04  6.9609E-16 -2.8864E-12  6.1439E-13
  2.1780E-04  7.3662E-16 -3.0372E-12  6.4648E-13
  2.2089E-04  7.7928E-16 -3.1950E-12  6.8007E-13
  2.2400E-04  8.2417E-16 -3.3602E-12  7.1523E-13
  2.2714E-04  8.7140E-16 -3.5330E-12  7.5201E-13
  2.3031E-04  9.2108E-16 -3.7137E-12  7.9049E-13
  2.3351E-04  9.7333E-16 -3.9028E-12  8.3074E-13
  2.3674E-04  1.0283E-15 -4.1006E-12  8.7284E-13
  2.4000E-04  1.0860E-15 -4.3074E-12  9.1685E-13
  2.4328E-04  1.1467E-15 -4.5236E-12  9.6287E-13
  2.4660E-04  1.2105E-15 -4.7496E-12  1.0110E-12
  2.4994E-04  1.2775E-15 -4.9858E-12  1.0613E-12
  2.5332E-04  1.3479E-15 -5.2326E-12  1.1138E-12
  2.5672E-04  1.4219E-15 -5.4905E-12  1.1687E-12
  2.6016E-04  1.4995E-15 -5.7599E-12  1.2260E-12
  2.6362E-04  1.5810E-15 -6.0413E-12  1.2859E-12
  2.6712E-04  1.6666E-15 -6.3351E-12  1.3485E-12
  2.7065E-04  1.7564E-15 -6.6420E-12  1.4138E-12
  2.7421E-04  1.8507E-15 -6.9624E-12  1.4820E-12
  2.7780E-04  1.9496E-15 -7.2969E-12  1.5532E-12
  2.8142E-04  2.0533E-15 -7.6460E-12  1.6275E-12
  2.8508E-04  2.1621E-15 -8.0104E-12  1.7051E-12
  2.8877E-04  2.2762E-15 -8.3906E-12  1.7860E-12
  2.9249E-04  2.3958E-15 -8.7873E-12  1.8704E-12
  2.9624E-04  2.5213E-15 -9.2012E-12  1.9585E-12
  3.0003E-04  2.6528E-15 -9.6329E-12  2.0504E-12
  3.0386E-04  2.7906E-15 -1.0083E-11  2.1463E-12
  3.0771E-04  2.9350E-15 -1.0553E-11  2.2463E-12
  3.1160E-04  3.0863E-15 -1.1043E-11  2.3505E-12
  3.1553E-04  3.2448E-15 -1.1553E-11  2.4592E-12
  3.1949E-04  3.4108E-15 -1.2085E-11  2.5725E-12
  3.2349E-04  3.5847E-15 -1.2640E-11  2.6906E-12
  3.2752E-04  3.7668E-15 -1.3219E-11  2.8137E-12
  3.3159E-04  3.9575E-15 -1.3822E-11  2.9420E-12
  3.3569E-04  4.1572E-15 -1.4450E-11  3.0757E-12
  3.3984E-04  4.3662E-15 -1.5104E-11  3.2151E-12
  3.4401E-04  4.5849E-15 -1.5786E-11  3.3602E-12
  3.4823E-04  4.8138E-15 -1.6496E-11  3.5114E-12
  3.5248E-04  5.0534E-15 -1.7236E-11  3.6689E-12
  3.5678E-04  5.3041E-15 -1.8007E-11  3.8330E-12
  3.6111E-04  5.5663E-15 -1.8810E-11  4.0039E-12
  3.6548E-04  5.8406E-15 -1.9646E-11  4.1818E-12
  3.6988E-04  6.1275E-15 -2.0516E-11  4.3671E-12
  3.7433E-04  6.4276E-15 -2.1422E-11  4.5600E-12
  3.7882E-04  6.7414E-15 -2.2366E-11  4.7608E-12
  3.8335E-04  7.0695E-15 -2.3348E-11  4.9699E-12
  3.8792E-04  7.4126E-15 -2.4371E-11  5.1875E-12
  3.9252E-04  7.7712E-15 -2.5435E-11  5.4140E-12
  3.9717E-04  8.1460E-15 -2.6542E-11  5.6498E-12
  4.0187E-04  8.5378E-15 -2.7694E-11  5.8951E-12
  4.0660E-04  8.9473E-15 -2.8894E-11  6.1504E-12
  4.1138E-04  9.3751E-15 -3.0141E-11  6.4160E-12
  4.1619E-04  9.8222E-15 -3.1440E-11  6.6923E-12
  4.2106E-04  1.0289E-14 -3.2790E-11  6.9798E-12
  4.2596E-04  1.0777E-14 -3.4195E-11  7.2788E-12
  4.3091E-04  1.1287E-14 -3.5656E-11  7.5898E-12
  4.3591E-04  1.1819E-14 -3.7176E-11  7.9134E-12
  4.4094E-04  1.2375E-14 -3.8757E-11  8.2498E-12
  4.4603E-04  1.2956E-14 -4.0400E-11  8.5997E-12
  4.5116E-04  1.3562E-14 -4.2110E-11  8.9636E-12
  4.5633E-04  1.4195E-14 -4.3887E-11  9.3419E-12
  4.6155E-04  1.4856E-14 -4.5735E-11  9.7352E-12
  4.6682E-04  1.5546E-14 -4.7656E-11  1.0144E-11
  4.7213E-04  1.6266E-14 -4.9653E-11  1.0569E-11
  4.7750E-04  1.7018E-14 -5.1729E-11  1.1011E-11
  4.8291E-04  1.7802E-14 -5.3887E-11  1.1471E-11
  4.8837E-04  1.8621E-14 -5.6130E-11  1.1948E-11
  4.9387E-04  1.9475E-14 -5.8461E-11  1.2444E-11
  4.9943E-04  2.0367E-14 -6.0884E-11  1.2960E-11
  5.0504E-04  2.1297E-14 -6.3402E-11  1.3496E-11
  5.1069E-04  2.2267E-14 -6.6018E-11  1.4053E-11
  5.1640E-04  2.3279E-14 -6.8736E-11  1.4631E-11
  5.2216E-04  2.4335E-14 -7.1560E-11  1.5233E-11
  5.2797E-04  2.5437E-14 -7.4495E-11  1.5857E-11
  5.3383E-04  2.6585E-14 -7.7543E-11  1.6506E-11
  5.3975E-04  2.7783E-14 -8.0710E-11  1.7180E-11
  5.4571E-04  2.9032E-14 -8.4000E-11  1.7881E-11
  5.5173E-04  3.0335E-14 -8.7417E-11  1.8608E-11
  5.5781E-04  3.1693E-14 -9.0966E-11  1.9363E-11
  5.6394E-04  3.3109E-14 -9.4652E-11  2.0148E-11
  5.7012E-04  3.4585E-14 -9.8480E-11  2.0963E-11
  5.7636E-04  3.6124E-14 -1.0246E-10  2.1809E-11
  5.8266E-04  3.7728E-14 -1.0658E-10  2.2688E-11
  5.8901E-04  3.9401E-14 -1.1087E-10  2.3601E-11
  5.9541E-04  4.1143E-14 -1.1532E-10  2.4548E-11
  6.0188E-04  4.2960E-14 -1.1994E-10  2.5532E-11
  6.0840E-04  4.4853E-14 -1.2474E-10  2.6554E-11
  6.1498E-04  4.6825E-14 -1.2973E-10  2.7614E-11
  6.2163E-04  4.8881E-14 -1.3490E-10  2.8715E-11
  6.2833E-04  5.1022E-14 -1.4027E-10  2.9858E-11
  6.3509E-04  5.3254E-14 -1.4584E-10  3.1045E-11
  6.4191E-04  5.5578E-14 -1.5163E-10  3.2276E-11
  6.4879E-04  5.8000E-14 -1.5763E-10  3.3554E-11
  6.5573E-04  6.0523E-14 -1.6386E-10  3.4881E-11
  6.6273E-04  6.3151E-14 -1.7033E-10  3.6258E-11
  6.6980E-04  6.5888E-14 -1.7705E-10  3.7687E-11
  6.7693E-04  6.8739E-14 -1.8401E-10  3.9171E-11
  6.8413E-04  7.1709E-14 -1.9124E-10  4.0710E-11
  6.9139E-04  7.4801E-14 -1.9875E-10  4.2307E-11
  6.9871E-04  7.8021E-14 -2.0653E-10  4.3965E-11
  7.0610E-04  8.1374E-14 -2.1461E-10  4.5684E-11
  7.1356E-04  8.4866E-14 -2.2300E-10  4.7469E-11
  7.2108E-04  8.8502E-14 -2.3169E-10  4.9320E-11
  7.2867E-04  9.2287E-14 -2.4072E-10  5.1241E-11
  7.3633E-04  9.6228E-14 -2.5008E-10  5.3234E-11
  7.4405E-04  1.0033E-13 -2.5979E-10  5.5302E-11
  7.5185E-04  1.0460E-13 -2.6987E-10  5.7447E-11
  7.5971E-04  1.0905E-13 -2.8032E-10  5.9672E-11
  7.6765E-04  1.1368E-13 -2.9116E-10  6.1980E-11
  7.7565E-04  1.1849E-13 -3.0241E-10  6.4374E-11
  7.8373E-04  1.2351E-13 -3.1408E-10  6.6857E-11
  7.9188E-04  1.2873E-13 -3.2618E-10  6.9433E-11
  8.0010E-04  1.3416E-13 -3.3873E-10  7.2105E-11
  8.0840E-04  1.3981E-13 -3.5174E-10  7.4876E-11
  8.1677E-04  1.4569E-13 -3.6524E-10  7.7749E-11
  8.2522E-04  1.5181E-13 -3.7924E-10  8.0730E-11
  8.3374E-04  1.5818E-13 -3.9376E-10  8.3821E-11
  8.4234E-04  1.6480E-13 -4.0882E-10  8.7026E-11
  8.5101E-04  1.7170E-13 -4.2444E-10  9.0350E-11
  8.5976E-04  1.7887E-13 -4.4063E-10  9.3797E-11
  8.6859E-04  1.8633E-13 -4.5742E-10  9.7371E-11
  8.7750E-04  1.9410E-13 -4.7483E-10  1.0108E-10
  8.8649E-04  2.0217E-13 -4.9288E-10  1.0492E-10
  8.9556E-04  2.1057E-13 -5.1160E-10  1.0890E-10
  9.0471E-04  2.1931E-13 -5.3100E-10  1.1304E-10
  9.1395E-04  2.2840E-13 -5.5112E-10  1.1732E-10
  9.2326E-04  2.3786E-13 -5.7198E-10  1.2176E-10
  9.3266E-04  2.4769E-13 -5.9361E-10  1.2636E-10
  9.4214E-04  2.5792E-13 -6.1603E-10  1.3114E-10
  9.5171E-04  2.6856E-13 -6.3927E-10  1.3608E-10
  9.6136E-04  2.7962E-13 -6.6337E-10  1.4121E-10
  9.7110E-04  2.9113E-13 -6.8834E-10  1.4653E-10
  9.8093E-04  3.0309E-13 -7.1423E-10  1.5204E-10
  9.9084E-04  3.1553E-13 -7.4107E-10  1.5775E-10
  1.0008E-03  3.2847E-13 -7.6889E-10  1.6368E-10
  1.0109E-03  3.4192E-13 -7.9773E-10  1.6982E-10
  1.0211E-03  3.5590E-13 -8.2762E-10  1.7618E-10
  1.0314E-03  3.7044E-13 -8.5860E-10  1.8277E-10
  1.0418E-03  3.8556E-13 -8.9071E-10  1.8961E-10
  1.0522E-03  4.0128E-13 -9.2399E-10  1.9669E-10
  1.0628E-03  4.1762E-13 -9.5848E-10  2.0404E-10
  1.0734E-03  4.3461E-13 -9.9422E-10  2.1164E-10
  1.0842E-03  4.5227E-13 -1.0313E-09  2.1953E-10
  1.0950E-03  4.7063E-13 -1.0697E-09  2.2770E-10
  1.1059E-03  4.8971E-13 -1.1094E-09  2.3617E-10
  1.1170E-03  5.0955E-13 -1.1507E-09  2.4495E-10
  1.1281E-03  5.3016E-13 -1.1934E-09  2.5405E-10
  1.1393E-03  5.5159E-13 -1.2377E-09  2.6347E-10
  1.1507E-03  5.7387E-13 -1.2836E-09  2.7324E-10
  1.1621E-03  5.9702E-13 -1.3311E-09  2.8336E-10
  1.1736E-03  6.2108E-13 -1.3804E-09  2.9385E-10
  1.1853E-03  6.4608E-13 -1.4314E-09  3.0471E-10
  1.1970E-03  6.7207E-13 -1.4843E-09  3.1597E-10
  1.2089E-03  6.9907E-13 -1.5391E-09  3.2764E-10
  1.2208E-03  7.2714E-13 -1.5959E-09  3.3973E-10
  1.2329E-03  7.5630E-13 -1.6547E-09  3.5225E-10
  1.2450E-03  7.8660E-13 -1.7157E-09  3.6523E-10
  1.2573E-03  8.1809E-13 -1.7788E-09  3.7867E-10
  1.2697E-03  8.5081E-13 -1.8443E-09  3.9260E-10
  1.2822E-03  8.8481E-13 -1.9121E-09  4.0703E-10
  1.2948E-03  9.2013E-13 -1.9823E-09  4.2199E-10
  1.3075E-03  9.5683E-13 -2.0550E-09  4.3747E-10
  1.3204E-03  9.9497E-13 -2.1304E-09  4.5352E-10
  1.3333E-03  1.0346E-12 -2.2085E-09  4.7014E-10
  1.3464E-03  1.0757E-12 -2.2894E-09  4.8736E-10
  1.3596E-03  1.1185E-12 -2.3732E-09  5.0520E-10
  1.3729E-03  1.1629E-12 -2.4600E-09  5.2368E-10
  1.3863E-03  1.2091E-12 -2.5499E-09  5.4283E-10
  1.3998E-03  1.2570E-12 -2.6431E-09  5.6266E-10
  1.4135E-03  1.3068E-12 -2.7396E-09  5.8320E-10
  1.4273E-03  1.3585E-12 -2.8395E-09  6.0448E-10
  1.4412E-03  1.4123E-12 -2.9431E-09  6.2652E-10
  1.4552E-03  1.4681E-12 -3.0503E-09  6.4935E-10
  1.4694E-03  1.5260E-12 -3.1614E-09  6.7300E-10
  1.4837E-03  1.5862E-12 -3.2765E-09  6.9749E-10
  1.4981E-03  1.6488E-12 -3.3956E-09  7.2286E-10
  1.5126E-03  1.7137E-12 -3.5191E-09  7.4914E-10
  1.5273E-03  1.7812E-12 -3.6469E-09  7.7636E-10
  1.5421E-03  1.8513E-12 -3.7793E-09  8.0454E-10
  1.5570E-03  1.9240E-12 -3.9165E-09  8.3374E-10
  1.5721E-03  1.9996E-12 -4.0585E-09  8.6398E-10
  1.5873E-03  2.0781E-12 -4.2056E-09  8.9530E-10
  1.6026E-03  2.1596E-12 -4.3580E-09  9.2773E-10
  1.6181E-03  2.2442E-12 -4.5158E-09  9.6133E-10
  1.6337E-03  2.3321E-12 -4.6792E-09  9.9612E-10
  1.6495E-03  2.4234E-12 -4.8485E-09  1.0321E-09
  1.6654E-03  2.5181E-12 -5.0237E-09  1.0695E-09
  1.6814E-03  2.6166E-12 -5.2053E-09  1.1081E-09
  1.6976E-03  2.7187E-12 -5.3932E-09  1.1481E-09
  1.7139E-03  2.8249E-12 -5.5879E-09  1.1896E-09
  1.7304E-03  2.9350E-12 -5.7895E-09  1.2325E-09
  1.7470E-03  3.0494E-12 -5.9983E-09  1.2769E-09
  1.7638E-03  3.1682E-12 -6.2145E-09  1.3230E-09
  1.7807E-03  3.2915E-12 -6.4383E-09  1.3706E-09
  1.7978E-03  3.4195E-12 -6.6702E-09  1.4200E-09
  1.8150E-03  3.5525E-12 -6.9102E-09  1.4711E-09
  1.8324E-03  3.6905E-12 -7.1588E-09  1.5240E-09
  1.8499E-03  3.8338E-12 -7.4162E-09  1.5788E-09
  1.8676E-03  3.9825E-12 -7.6828E-09  1.6355E-09
  1.8854E-03  4.1370E-12 -7.9588E-09  1.6943E-09
  1.9035E-03  4.2973E-12 -8.2446E-09  1.7551E-09
  1.9216E-03  4.4637E-12 -8.5405E-09  1.8181E-09
  1.9400E-03  4.6365E-12 -8.8469E-09  1.8834E-09
  1.9584E-03  4.8158E-12 -9.1642E-09  1.9509E-09
  1.9771E-03  5.0020E-12 -9.4927E-09  2.0209E-09
  1.9959E-03  5.1953E-12 -9.8329E-09  2.0933E-09
  2.0149E-03  5.3959E-12 -1.0185E-08  2.1682E-09
  2.0341E-03  5.6041E-12 -1.0550E-08  2.2459E-09
  2.0534E-03  5.8203E-12 -1.0927E-08  2.3263E-09
  2.0729E-03  6.0446E-12 -1.1318E-08  2.4095E-09
  2.0926E-03  6.2775E-12 -1.1723E-08  2.4956E-09
  2.1125E-03  6.5193E-12 -1.2142E-08  2.5849E-09
  2.1325E-03  6.7702E-12 -1.2576E-08  2.6772E-09
  2.1527E-03  7.0306E-12 -1.3025E-08  2.7728E-09
  2.1731E-03  7.3009E-12 -1.3490E-08  2.8719E-09
  2.1937E-03  7.5814E-12 -1.3972E-08  2.9744E-09
  2.2145E-03  7.8725E-12 -1.4470E-08  3.0805E-09
  2.2354E-03  8.1747E-12 -1.4986E-08  3.1903E-09
  2.2566E-03  8.4883E-12 -1.5520E-08  3.3041E-09
  2.2779E-03  8.8138E-12 -1.6074E-08  3.4219E-09
  2.2994E-03  9.1516E-12 -1.6646E-08  3.5438E-09
  2.3211E-03  9.5021E-12 -1.7239E-08  3.6700E-09
  2.3430E-03  9.8659E-12 -1.7853E-08  3.8006E-09
  2.3651E-03  1.0243E-11 -1.8488E-08  3.9359E-09
  2.3874E-03  1.0635E-11 -1.9146E-08  4.0759E-09
  2.4099E-03  1.1042E-11 -1.9827E-08  4.2209E-09
  2.4326E-03  1.1464E-11 -2.0532E-08  4.3710E-09
  2.4555E-03  1.1902E-11 -2.1262E-08  4.5263E-09
  2.4786E-03  1.2356E-11 -2.2017E-08  4.6872E-09
  2.5020E-03  1.2827E-11 -2.2799E-08  4.8537E-09
  2.5255E-03  1.3317E-11 -2.3609E-08  5.0260E-09
  2.5492E-03  1.3824E-11 -2.4447E-08  5.2044E-09
  2.5732E-03  1.4351E-11 -2.5314E-08  5.3891E-09
  2.5973E-03  1.4898E-11 -2.6212E-08  5.5803E-09
  2.6217E-03  1.5465E-11 -2.7142E-08  5.7782E-09
  2.6463E-03  1.6053E-11 -2.8104E-08  5.9831E-09
  2.6711E-03  1.6664E-11 -2.9100E-08  6.1951E-09
  2.6961E-03  1.7298E-11 -3.0131E-08  6.4146E-09
  2.7214E-03  1.7955E-11 -3.1198E-08  6.6419E-09
  2.7469E-03  1.8637E-11 -3.2303E-08  6.8771E-09
  2.7726E-03  1.9345E-11 -3.3447E-08  7.1205E-09
  2.7985E-03  2.0079E-11 -3.4631E-08  7.3725E-09
  2.8247E-03  2.0841E-11 -3.5856E-08  7.6334E-09
  2.8511E-03  2.1632E-11 -3.7124E-08  7.9034E-09
  2.8778E-03  2.2452E-11 -3.8437E-08  8.1828E-09
  2.9047E-03  2.3302E-11 -3.9795E-08  8.4721E-09
  2.9318E-03  2.4185E-11 -4.1202E-08  8.7715E-09
  2.9592E-03  2.5101E-11 -4.2658E-08  9.0815E-09
  2.9868E-03  2.6051E-11 -4.4164E-08  9.4022E-09
  3.0146E-03  2.7037E-11 -4.5724E-08  9.7343E-09
  3.0427E-03  2.8059E-11 -4.7338E-08  1.0078E-08
  3.0711E-03  2.9120E-11 -4.9009E-08  1.0434E-08
  3.0997E-03  3.0221E-11 -5.0738E-08  1.0802E-08
  3.1286E-03  3.1362E-11 -5.2528E-08  1.1183E-08
  3.1577E-03  3.2547E-11 -5.4380E-08  1.1577E-08
  3.1871E-03  3.3776E-11 -5.6297E-08  1.1985E-08
  3.2168E-03  3.5050E-11 -5.8282E-08  1.2408E-08
  3.2467E-03  3.6372E-11 -6.0335E-08  1.2845E-08
  3.2769E-03  3.7744E-11 -6.2461E-08  1.3298E-08
  3.3073E-03  3.9167E-11 -6.4661E-08  1.3766E-08
  3.3380E-03  4.0643E-11 -6.6938E-08  1.4251E-08
  3.3690E-03  4.2174E-11 -6.9294E-08  1.4752E-08
  3.4003E-03  4.3762E-11 -7.1733E-08  1.5272E-08
  3.4319E-03  4.5410E-11 -7.4257E-08  1.5809E-08
  3.4637E-03  4.7119E-11 -7.6869E-08  1.6365E-08
  3.4959E-03  4.8891E-11 -7.9573E-08  1.6941E-08
  3.5283E-03  5.0730E-11 -8.2370E-08  1.7536E-08
  3.5610E-03  5.2637E-11 -8.5266E-08  1.8153E-08
  3.5940E-03  5.4615E-11 -8.8262E-08  1.8791E-08
  3.6273E-03  5.6667E-11 -9.1364E-08  1.9451E-08
  3.6609E-03  5.8796E-11 -9.4573E-08  2.0134E-08
  3.6947E-03  6.1004E-11 -9.7894E-08  2.0841E-08
  3.7289E-03  6.3293E-11 -1.0133E-07  2.1573E-08
  3.7634E-03  6.5668E-11 -1.0489E-07  2.2330E-08
  3.7982E-03  6.8132E-11 -1.0857E-07  2.3114E-08
  3.8334E-03  7.0687E-11 -1.1238E-07  2.3925E-08
  3.8688E-03  7.3337E-11 -1.1632E-07  2.4764E-08
  3.9046E-03  7.6086E-11 -1.2040E-07  2.5633E-08
  3.9406E-03  7.8936E-11 -1.2462E-07  2.6532E-08
  3.9770E-03  8.1893E-11 -1.2899E-07  2.7462E-08
  4.0137E-03  8.4960E-11 -1.3351E-07  2.8424E-08
  4.0508E-03  8.8140E-11 -1.3819E-07  2.9420E-08
  4.0882E-03  9.1439E-11 -1.4303E-07  3.0451E-08
  4.1259E-03  9.4860E-11 -1.4804E-07  3.1517E-08
  4.1639E-03  9.8408E-11 -1.5322E-07  3.2621E-08
  4.2023E-03  1.0209E-10 -1.5858E-07  3.3763E-08
  4.2411E-03  1.0590E-10 -1.6414E-07  3.4944E-08
  4.2801E-03  1.0986E-10 -1.6988E-07  3.6167E-08
  4.3196E-03  1.1397E-10 -1.7582E-07  3.7432E-08
  4.3594E-03  1.1822E-10 -1.8197E-07  3.8742E-08
  4.3995E-03  1.2264E-10 -1.8833E-07  4.0096E-08
  4.4400E-03  1.2722E-10 -1.9492E-07  4.1498E-08
  4.4809E-03  1.3197E-10 -2.0173E-07  4.2949E-08
  4.5221E-03  1.3689E-10 -2.0878E-07  4.4449E-08
  4.5637E-03  1.4200E-10 -2.1607E-07  4.6002E-08
  4.6056E-03  1.4729E-10 -2.2362E-07  4.7609E-08
  4.6480E-03  1.5278E-10 -2.3143E-07  4.9272E-08
  4.6907E-03  1.5848E-10 -2.3951E-07  5.0992E-08
  4.7338E-03  1.6438E-10 -2.4787E-07  5.2772E-08
  4.7773E-03  1.7051E-10 -2.5652E-07  5.4614E-08
  4.8212E-03  1.7686E-10 -2.6547E-07  5.6519E-08
  4.8655E-03  1.8345E-10 -2.7473E-07  5.8491E-08
  4.9101E-03  1.9028E-10 -2.8431E-07  6.0530E-08
  4.9552E-03  1.9736E-10 -2.9422E-07  6.2641E-08
  5.0007E-03  2.0470E-10 -3.0448E-07  6.4825E-08
  5.0465E-03  2.1232E-10 -3.1509E-07  6.7084E-08
  5.0928E-03  2.2022E-10 -3.2607E-07  6.9421E-08
  5.1395E-03  2.2841E-10 -3.3742E-07  7.1840E-08
  5.1867E-03  2.3690E-10 -3.4918E-07  7.4342E-08
  5.2342E-03  2.4571E-10 -3.6133E-07  7.6930E-08
  5.2822E-03  2.5484E-10 -3.7391E-07  7.9608E-08
  5.3306E-03  2.6430E-10 -3.8692E-07  8.2379E-08
  5.3794E-03  2.7412E-10 -4.0039E-07  8.5245E-08
  5.4287E-03  2.8430E-10 -4.1432E-07  8.8211E-08
  5.4784E-03  2.9486E-10 -4.2872E-07  9.1279E-08
  5.5285E-03  3.0581E-10 -4.4363E-07  9.4453E-08
  5.5791E-03  3.1716E-10 -4.5905E-07  9.7736E-08
  5.6302E-03  3.2893E-10 -4.7501E-07  1.0113E-07
  5.6817E-03  3.4113E-10 -4.9151E-07  1.0465E-07
  5.7336E-03  3.5378E-10 -5.0859E-07  1.0828E-07
  5.7861E-03  3.6690E-10 -5.2625E-07  1.1204E-07
  5.8390E-03  3.8051E-10 -5.4452E-07  1.1593E-07
  5.8924E-03  3.9461E-10 -5.6342E-07  1.1996E-07
  5.9462E-03  4.0924E-10 -5.8298E-07  1.2412E-07
  6.0006E-03  4.2440E-10 -6.0321E-07  1.2843E-07
  6.0554E-03  4.4013E-10 -6.2413E-07  1.3288E-07
  6.1107E-03  4.5643E-10 -6.4578E-07  1.3749E-07
  6.1665E-03  4.7333E-10 -6.6817E-07  1.4226E-07
  6.2228E-03  4.9086E-10 -6.9133E-07  1.4719E-07
  6.2796E-03  5.0903E-10 -7.1528E-07  1.5229E-07
  6.3369E-03  5.2787E-10 -7.4007E-07  1.5757E-07
  6.3948E-03  5.4741E-10 -7.6570E-07  1.6303E-07
  6.4531E-03  5.6766E-10 -7.9222E-07  1.6867E-07
  6.5120E-03  5.8866E-10 -8.1964E-07  1.7451E-07
  6.5714E-03  6.1044E-10 -8.4801E-07  1.8055E-07
  6.6313E-03  6.3301E-10 -8.7735E-07  1.8680E-07
  6.6918E-03  6.5642E-10 -9.0771E-07  1.9326E-07
  6.7528E-03  6.8068E-10 -9.3910E-07  1.9995E-07
  6.8144E-03  7.0584E-10 -9.7157E-07  2.0686E-07
  6.8765E-03  7.3193E-10 -1.0052E-06  2.1401E-07
  6.9391E-03  7.5897E-10 -1.0399E-06  2.2141E-07
  7.0023E-03  7.8701E-10 -1.0758E-06  2.2906E-07
  7.0661E-03  8.1608E-10 -1.1130E-06  2.3697E-07
  7.1305E-03  8.4622E-10 -1.1514E-06  2.4515E-07
  7.1954E-03  8.7747E-10 -1.1912E-06  2.5362E-07
  7.2609E-03  9.0986E-10 -1.2323E-06  2.6237E-07
  7.3270E-03  9.4345E-10 -1.2748E-06  2.7142E-07
  7.3937E-03  9.7827E-10 -1.3188E-06  2.8079E-07
  7.4610E-03  1.0144E-09 -1.3642E-06  2.9047E-07
  7.5289E-03  1.0518E-09 -1.4113E-06  3.0048E-07
  7.5974E-03  1.0906E-09 -1.4599E-06  3.1084E-07
  7.6665E-03  1.1308E-09 -1.5102E-06  3.2155E-07
  7.7362E-03  1.1725E-09 -1.5622E-06  3.3263E-07
  7.8066E-03  1.2158E-09 -1.6160E-06  3.4408E-07
  7.8776E-03  1.2606E-09 -1.6716E-06  3.5593E-07
  7.9492E-03  1.3071E-09 -1.7292E-06  3.6818E-07
  8.0214E-03  1.3552E-09 -1.7887E-06  3.8085E-07
  8.0943E-03  1.4052E-09 -1.8502E-06  3.9395E-07
  8.1679E-03  1.4570E-09 -1.9138E-06  4.0749E-07
  8.2421E-03  1.5106E-09 -1.9796E-06  4.2150E-07
  8.3170E-03  1.5663E-09 -2.0476E-06  4.3598E-07
  8.3925E-03  1.6240E-09 -2.1179E-06  4.5096E-07
  8.4688E-03  1.6838E-09 -2.1907E-06  4.6645E-07
  8.5457E-03  1.7458E-09 -2.2659E-06  4.8247E-07
  8.6233E-03  1.8100E-09 -2.3437E-06  4.9903E-07
  8.7016E-03  1.8767E-09 -2.4241E-06  5.1615E-07
  8.7805E-03  1.9457E-09 -2.5072E-06  5.3385E-07
  8.8602E-03  2.0174E-09 -2.5932E-06  5.5216E-07
  8.9406E-03  2.0916E-09 -2.6821E-06  5.7109E-07
  9.0218E-03  2.1685E-09 -2.7740E-06  5.9066E-07
  9.1036E-03  2.2483E-09 -2.8690E-06  6.1089E-07
  9.1862E-03  2.3310E-09 -2.9672E-06  6.3181E-07
  9.2695E-03  2.4167E-09 -3.0688E-06  6.5344E-07
  9.3536E-03  2.5056E-09 -3.1738E-06  6.7581E-07
  9.4384E-03  2.5977E-09 -3.2824E-06  6.9893E-07
  9.5240E-03  2.6932E-09 -3.3947E-06  7.2283E-07
  9.6104E-03  2.7922E-09 -3.5107E-06  7.4754E-07
  9.6975E-03  2.8949E-09 -3.6307E-06  7.7309E-07
  9.7854E-03  3.0013E-09 -3.7547E-06  7.9950E-07
  9.8741E-03  3.1116E-09 -3.8829E-06  8.2681E-07
  9.9635E-03  3.2259E-09 -4.0155E-06  8.5503E-07
  1.0054E-02  3.3444E-09 -4.1525E-06  8.8421E-07
  1.0145E-02  3.4672E-09 -4.2942E-06  9.1438E-07
  1.0237E-02  3.5946E-09 -4.4406E-06  9.4556E-07
  1.0330E-02  3.7266E-09 -4.5919E-06  9.7780E-07
  1.0423E-02  3.8635E-09 -4.7484E-06  1.0111E-06
  1.0517E-02  4.0053E-09 -4.9102E-06  1.0456E-06
  1.0613E-02  4.1524E-09 -5.0773E-06  1.0812E-06
  1.0709E-02  4.3048E-09 -5.2501E-06  1.1180E-06
  1.0806E-02  4.4628E-09 -5.4288E-06  1.1560E-06
  1.0904E-02  4.6266E-09 -5.6134E-06  1.1953E-06
  1.1002E-02  4.7964E-09 -5.8042E-06  1.2360E-06
  1.1102E-02  4.9724E-09 -6.0015E-06  1.2780E-06
  1.1202E-02  5.1548E-09 -6.2053E-06  1.3214E-06
  1.1304E-02  5.3439E-09 -6.4160E-06  1.3662E-06
  1.1406E-02  5.5399E-09 -6.6338E-06  1.4126E-06
  1.1509E-02  5.7431E-09 -6.8588E-06  1.4606E-06
  1.1613E-02  5.9538E-09 -7.0914E-06  1.5101E-06
  1.1718E-02  6.1721E-09 -7.3318E-06  1.5613E-06
  1.1824E-02  6.3984E-09 -7.5802E-06  1.6142E-06
  1.1931E-02  6.6330E-09 -7.8370E-06  1.6689E-06
  1.2039E-02  6.8762E-09 -8.1023E-06  1.7254E-06
  1.2148E-02  7.1282E-09 -8.3765E-06  1.7838E-06
  1.2258E-02  7.3895E-09 -8.6598E-06  1.8441E-06
  1.2369E-02  7.6603E-09 -8.9526E-06  1.9065E-06
  1.2480E-02  7.9410E-09 -9.2551E-06  1.9709E-06
  1.2593E-02  8.2320E-09 -9.5678E-06  2.0375E-06
  1.2707E-02  8.5336E-09 -9.8908E-06  2.1063E-06
  1.2822E-02  8.8463E-09 -1.0225E-05  2.1774E-06
  1.2938E-02  9.1703E-09 -1.0570E-05  2.2508E-06
  1.3054E-02  9.5062E-09 -1.0926E-05  2.3267E-06
  1.3172E-02  9.8544E-09 -1.1294E-05  2.4052E-06
  1.3291E-02  1.0215E-08 -1.1675E-05  2.4862E-06
  1.3411E-02  1.0589E-08 -1.2068E-05  2.5699E-06
  1.3533E-02  1.0977E-08 -1.2474E-05  2.6564E-06
  1.3655E-02  1.1379E-08 -1.2893E-05  2.7457E-06
  1.3778E-02  1.1796E-08 -1.3327E-05  2.8381E-06
  1.3902E-02  1.2227E-08 -1.3774E-05  2.9334E-06
  1.4028E-02  1.2675E-08 -1.4237E-05  3.0320E-06
  1.4155E-02  1.3139E-08 -1.4715E-05  3.1338E-06
  1.4282E-02  1.3620E-08 -1.5209E-05  3.2389E-06
  1.4411E-02  1.4118E-08 -1.5719E-05  3.3475E-06
  1.4541E-02  1.4635E-08 -1.6245E-05  3.4598E-06
  1.4673E-02  1.5170E-08 -1.6790E-05  3.5757E-06
  1.4805E-02  1.5725E-08 -1.7352E-05  3.6954E-06
  1.4939E-02  1.6301E-08 -1.7932E-05  3.8191E-06
  1.5073E-02  1.6897E-08 -1.8532E-05  3.9468E-06
  1.5209E-02  1.7515E-08 -1.9152E-05  4.0787E-06
  1.5347E-02  1.8155E-08 -1.9791E-05  4.2150E-06
  1.5485E-02  1.8819E-08 -2.0452E-05  4.3558E-06
  1.5625E-02  1.9508E-08 -2.1135E-05  4.5011E-06
  1.5766E-02  2.0221E-08 -2.1839E-05  4.6513E-06
  1.5908E-02  2.0960E-08 -2.2567E-05  4.8063E-06
  1.6051E-02  2.1727E-08 -2.3319E-05  4.9665E-06
  1.6196E-02  2.2521E-08 -2.4095E-05  5.1318E-06
  1.6342E-02  2.3344E-08 -2.4897E-05  5.3026E-06
  1.6489E-02  2.4197E-08 -2.5725E-05  5.4790E-06
  1.6638E-02  2.5082E-08 -2.6580E-05  5.6611E-06
  1.6788E-02  2.5999E-08 -2.7463E-05  5.8491E-06
  1.6939E-02  2.6949E-08 -2.8374E-05  6.0433E-06
  1.7092E-02  2.7933E-08 -2.9315E-05  6.2438E-06
  1.7246E-02  2.8954E-08 -3.0287E-05  6.4508E-06
  1.7402E-02  3.0012E-08 -3.1290E-05  6.6646E-06
  1.7558E-02  3.1109E-08 -3.2326E-05  6.8852E-06
  1.7717E-02  3.2245E-08 -3.3396E-05  7.1131E-06
  1.7876E-02  3.3423E-08 -3.4500E-05  7.3483E-06
  1.8037E-02  3.4644E-08 -3.5640E-05  7.5912E-06
  1.8200E-02  3.5909E-08 -3.6817E-05  7.8419E-06
  1.8364E-02  3.7221E-08 -3.8032E-05  8.1008E-06
  1.8529E-02  3.8580E-08 -3.9286E-05  8.3680E-06
  1.8696E-02  3.9989E-08 -4.0581E-05  8.6438E-06
  1.8865E-02  4.1449E-08 -4.1917E-05  8.9285E-06
  1.9035E-02  4.2962E-08 -4.3297E-05  9.2224E-06
  1.9206E-02  4.4531E-08 -4.4720E-05  9.5258E-06
  1.9379E-02  4.6157E-08 -4.6190E-05  9.8389E-06
  1.9553E-02  4.7842E-08 -4.7707E-05  1.0162E-05
  1.9730E-02  4.9588E-08 -4.9273E-05  1.0496E-05
  1.9907E-02  5.1398E-08 -5.0888E-05  1.0840E-05
  2.0086E-02  5.3274E-08 -5.2556E-05  1.1195E-05
  2.0267E-02  5.5219E-08 -5.4277E-05  1.1562E-05
  2.0450E-02  5.7234E-08 -5.6053E-05  1.1940E-05
  2.0634E-02  5.9323E-08 -5.7885E-05  1.2331E-05
  2.0820E-02  6.1487E-08 -5.9776E-05  1.2734E-05
  2.1007E-02  6.3731E-08 -6.1728E-05  1.3149E-05
  2.1196E-02  6.6056E-08 -6.3741E-05  1.3579E-05
  2.1387E-02  6.8467E-08 -6.5819E-05  1.4021E-05
  2.1579E-02  7.0964E-08 -6.7963E-05  1.4478E-05
  2.1774E-02  7.3553E-08 -7.0174E-05  1.4949E-05
  2.1969E-02  7.6236E-08 -7.2456E-05  1.5436E-05
  2.2167E-02  7.9017E-08 -7.4810E-05  1.5937E-05
  2.2367E-02  8.1899E-08 -7.7239E-05  1.6455E-05
  2.2568E-02  8.4886E-08 -7.9744E-05  1.6989E-05
  2.2771E-02  8.7982E-08 -8.2329E-05  1.7539E-05
  2.2976E-02  9.1191E-08 -8.4995E-05  1.8108E-05
  2.3183E-02  9.4516E-08 -8.7745E-05  1.8694E-05
  2.3391E-02  9.7963E-08 -9.0581E-05  1.9298E-05
  2.3601E-02  1.0153E-07 -9.3507E-05  1.9922E-05
  2.3814E-02  1.0524E-07 -9.6525E-05  2.0565E-05
  2.4028E-02  1.0907E-07 -9.9637E-05  2.1228E-05
  2.4244E-02  1.1305E-07 -1.0285E-04  2.1912E-05
  2.4462E-02  1.1717E-07 -1.0616E-04  2.2618E-05
  2.4682E-02  1.2144E-07 -1.0957E-04  2.3345E-05
  2.4904E-02  1.2587E-07 -1.1309E-04  2.4096E-05
  2.5128E-02  1.3046E-07 -1.1672E-04  2.4869E-05
  2.5354E-02  1.3521E-07 -1.2046E-04  2.5667E-05
  2.5582E-02  1.4014E-07 -1.2432E-04  2.6490E-05
  2.5812E-02  1.4525E-07 -1.2830E-04  2.7338E-05
  2.6044E-02  1.5054E-07 -1.3241E-04  2.8213E-05
  2.6278E-02  1.5603E-07 -1.3664E-04  2.9114E-05
  2.6514E-02  1.6171E-07 -1.4100E-04  3.0044E-05
  2.6753E-02  1.6761E-07 -1.4549E-04  3.1002E-05
  2.6993E-02  1.7371E-07 -1.5013E-04  3.1990E-05
  2.7236E-02  1.8004E-07 -1.5490E-04  3.3009E-05
  2.7481E-02  1.8660E-07 -1.5983E-04  3.4058E-05
  2.7728E-02  1.9340E-07 -1.6490E-04  3.5141E-05
  2.7977E-02  2.0044E-07 -1.7013E-04  3.6256E-05
  2.8228E-02  2.0774E-07 -1.7553E-04  3.7405E-05
  2.8482E-02  2.1531E-07 -1.8108E-04  3.8590E-05
  2.8738E-02  2.2315E-07 -1.8681E-04  3.9811E-05
  2.8996E-02  2.3128E-07 -1.9271E-04  4.1069E-05
  2.9257E-02  2.3971E-07 -1.9879E-04  4.2366E-05
  2.9520E-02  2.4844E-07 -2.0506E-04  4.3702E-05
  2.9785E-02  2.5748E-07 -2.1152E-04  4.5079E-05
  3.0053E-02  2.6686E-07 -2.1817E-04  4.6498E-05
  3.0323E-02  2.7658E-07 -2.2502E-04  4.7960E-05
  3.0595E-02  2.8665E-07 -2.3209E-04  4.9466E-05
  3.0870E-02  2.9709E-07 -2.3936E-04  5.1017E-05
  3.1147E-02  3.0790E-07 -2.4686E-04  5.2615E-05
  3.1427E-02  3.1911E-07 -2.5458E-04  5.4262E-05
  3.1709E-02  3.3073E-07 -2.6253E-04  5.5958E-05
  3.1994E-02  3.4277E-07 -2.7072E-04  5.7705E-05
  3.2281E-02  3.5525E-07 -2.7916E-04  5.9505E-05
  3.2571E-02  3.6818E-07 -2.8785E-04  6.1358E-05
  3.2864E-02  3.8158E-07 -2.9680E-04  6.3267E-05
  3.3159E-02  3.9547E-07 -3.0601E-04  6.5233E-05
  3.3457E-02  4.0986E-07 -3.1550E-04  6.7258E-05
  3.3757E-02  4.2478E-07 -3.2528E-04  6.9342E-05
  3.4061E-02  4.4024E-07 -3.3534E-04  7.1489E-05
  3.4366E-02  4.5626E-07 -3.4570E-04  7.3700E-05
  3.4675E-02  4.7287E-07 -3.5637E-04  7.5975E-05
  3.4986E-02  4.9007E-07 -3.6735E-04  7.8319E-05
  3.5301E-02  5.0791E-07 -3.7866E-04  8.0731E-05
  3.5617E-02  5.2639E-07 -3.9030E-04  8.3215E-05
  3.5937E-02  5.4554E-07 -4.0228E-04  8.5771E-05
  3.6260E-02  5.6539E-07 -4.1461E-04  8.8403E-05
  3.6585E-02  5.8596E-07 -4.2731E-04  9.1111E-05
  3.6914E-02  6.0728E-07 -4.4037E-04  9.3899E-05
  3.7245E-02  6.2937E-07 -4.5382E-04  9.6768E-05
  3.7580E-02  6.5227E-07 -4.6765E-04  9.9721E-05
  3.7917E-02  6.7599E-07 -4.8189E-04  1.0276E-04
  3.8257E-02  7.0058E-07 -4.9654E-04  1.0589E-04
  3.8601E-02  7.2606E-07 -5.1162E-04  1.0911E-04
  3.8947E-02  7.5247E-07 -5.2713E-04  1.1242E-04
  3.9297E-02  7.7984E-07 -5.4309E-04  1.1582E-04
  3.9650E-02  8.0820E-07 -5.5951E-04  1.1933E-04
  4.0006E-02  8.3760E-07 -5.7640E-04  1.2293E-04
  4.0365E-02  8.6806E-07 -5.9377E-04  1.2664E-04
  4.0727E-02  8.9962E-07 -6.1164E-04  1.3046E-04
  4.1092E-02  9.3234E-07 -6.3002E-04  1.3438E-04
  4.1461E-02  9.6624E-07 -6.4892E-04  1.3842E-04
  4.1833E-02  1.0014E-06 -6.6836E-04  1.4257E-04
  4.2209E-02  1.0378E-06 -6.8835E-04  1.4684E-04
  4.2587E-02  1.0755E-06 -7.0890E-04  1.5123E-04
  4.2970E-02  1.1146E-06 -7.3004E-04  1.5574E-04
  4.3355E-02  1.1551E-06 -7.5177E-04  1.6038E-04
  4.3744E-02  1.1971E-06 -7.7411E-04  1.6515E-04
  4.4137E-02  1.2407E-06 -7.9708E-04  1.7006E-04
  4.4533E-02  1.2858E-06 -8.2069E-04  1.7510E-04
  4.4932E-02  1.3325E-06 -8.4496E-04  1.8029E-04
  4.5335E-02  1.3809E-06 -8.6991E-04  1.8562E-04
  4.5742E-02  1.4311E-06 -8.9555E-04  1.9109E-04
  4.6152E-02  1.4831E-06 -9.2190E-04  1.9672E-04
  4.6567E-02  1.5370E-06 -9.4898E-04  2.0251E-04
  4.6984E-02  1.5929E-06 -9.7680E-04  2.0846E-04
  4.7406E-02  1.6508E-06 -1.0054E-03  2.1457E-04
  4.7831E-02  1.7108E-06 -1.0348E-03  2.2084E-04
  4.8260E-02  1.7729E-06 -1.0649E-03  2.2729E-04
  4.8693E-02  1.8374E-06 -1.0960E-03  2.3392E-04
  4.9130E-02  1.9041E-06 -1.1278E-03  2.4073E-04
  4.9570E-02  1.9733E-06 -1.1605E-03  2.4772E-04
  5.0015E-02  2.0450E-06 -1.1941E-03  2.5491E-04
  5.0464E-02  2.1193E-06 -1.2286E-03  2.6228E-04
  5.0916E-02  2.1963E-06 -1.2641E-03  2.6986E-04
  5.1373E-02  2.2761E-06 -1.3005E-03  2.7764E-04
  5.1834E-02  2.3588E-06 -1.3378E-03  2.8564E-04
  5.2299E-02  2.4445E-06 -1.3762E-03  2.9384E-04
  5.2768E-02  2.5333E-06 -1.4156E-03  3.0227E-04
  5.3241E-02  2.6253E-06 -1.4560E-03  3.1092E-04
  5.3718E-02  2.7206E-06 -1.4975E-03  3.1980E-04
  5.4200E-02  2.8195E-06 -1.5401E-03  3.2891E-04
  5.4686E-02  2.9219E-06 -1.5839E-03  3.3827E-04
  5.5177E-02  3.0280E-06 -1.6288E-03  3.4788E-04
  5.5671E-02  3.1379E-06 -1.6748E-03  3.5773E-04
  5.6171E-02  3.2519E-06 -1.7221E-03  3.6785E-04
  5.6674E-02  3.3700E-06 -1.7706E-03  3.7823E-04
  5.7182E-02  3.4924E-06 -1.8203E-03  3.8888E-04
  5.7695E-02  3.6192E-06 -1.8714E-03  3.9981E-04
  5.8212E-02  3.7506E-06 -1.9237E-03  4.1102E-04
  5.8734E-02  3.8867E-06 -1.9774E-03  4.2252E-04
  5.9261E-02  4.0279E-06 -2.0325E-03  4.3432E-04
  5.9792E-02  4.1741E-06 -2.0890E-03  4.4642E-04
  6.0328E-02  4.3256E-06 -2.1470E-03  4.5883E-04
  6.0869E-02  4.4827E-06 -2.2064E-03  4.7155E-04
  6.1415E-02  4.6454E-06 -2.2673E-03  4.8460E-04
  6.1966E-02  4.8140E-06 -2.3297E-03  4.9798E-04
  6.2521E-02  4.9887E-06 -2.3937E-03  5.1170E-04
  6.3082E-02  5.1698E-06 -2.4594E-03  5.2577E-04
  6.3647E-02  5.3574E-06 -2.5266E-03  5.4019E-04
  6.4218E-02  5.5519E-06 -2.5956E-03  5.5497E-04
  6.4793E-02  5.7534E-06 -2.6662E-03  5.7012E-04
  6.5374E-02  5.9621E-06 -2.7386E-03  5.8564E-04
  6.5960E-02  6.1785E-06 -2.8128E-03  6.0155E-04
  6.6552E-02  6.4027E-06 -2.8888E-03  6.1785E-04
  6.7148E-02  6.6350E-06 -2.9666E-03  6.3455E-04
  6.7750E-02  6.8757E-06 -3.0464E-03  6.5167E-04
  6.8357E-02  7.1252E-06 -3.1281E-03  6.6920E-04
  6.8970E-02  7.3837E-06 -3.2117E-03  6.8715E-04
  6.9588E-02  7.6516E-06 -3.2974E-03  7.0554E-04
  7.0212E-02  7.9291E-06 -3.3852E-03  7.2438E-04
  7.0841E-02  8.2168E-06 -3.4750E-03  7.4367E-04
  7.1476E-02  8.5148E-06 -3.5669E-03  7.6342E-04
  7.2117E-02  8.8237E-06 -3.6611E-03  7.8364E-04
  7.2763E-02  9.1437E-06 -3.7575E-03  8.0434E-04
  7.3415E-02  9.4753E-06 -3.8561E-03  8.2554E-04
  7.4073E-02  9.8189E-06 -3.9570E-03  8.4723E-04
  7.4737E-02  1.0175E-05 -4.0603E-03  8.6943E-04
  7.5407E-02  1.0544E-05 -4.1660E-03  8.9216E-04
  7.6083E-02  1.0926E-05 -4.2741E-03  9.1541E-04
  7.6764E-02  1.1323E-05 -4.3848E-03  9.3920E-04
  7.7452E-02  1.1733E-05 -4.4979E-03  9.6354E-04
  7.8146E-02  1.2158E-05 -4.6136E-03  9.8844E-04
  7.8847E-02  1.2599E-05 -4.7320E-03  1.0139E-03
  7.9553E-02  1.3056E-05 -4.8530E-03  1.0400E-03
  8.0266E-02  1.3529E-05 -4.9768E-03  1.0666E-03
  8.0985E-02  1.4020E-05 -5.1033E-03  1.0939E-03
  8.1711E-02  1.4528E-05 -5.2326E-03  1.1217E-03
  8.2443E-02  1.5054E-05 -5.3648E-03  1.1502E-03
  8.3182E-02  1.5600E-05 -5.4999E-03  1.1793E-03
  8.3927E-02  1.6165E-05 -5.6380E-03  1.2091E-03
  8.4679E-02  1.6751E-05 -5.7791E-03  1.2395E-03
  8.5438E-02  1.7358E-05 -5.9232E-03  1.2706E-03
  8.6204E-02  1.7987E-05 -6.0705E-03  1.3024E-03
  8.6976E-02  1.8639E-05 -6.2210E-03  1.3348E-03
  8.7755E-02  1.9314E-05 -6.3746E-03  1.3680E-03
  8.8542E-02  2.0013E-05 -6.5315E-03  1.4019E-03
  8.9335E-02  2.0738E-05 -6.6918E-03  1.4365E-03
  9.0135E-02  2.1490E-05 -6.8554E-03  1.4718E-03
  9.0943E-02  2.2268E-05 -7.0224E-03  1.5079E-03
  9.1758E-02  2.3075E-05 -7.1929E-03  1.5448E-03
  9.2580E-02  2.3910E-05 -7.3669E-03  1.5824E-03
  9.3409E-02  2.4776E-05 -7.5445E-03  1.6208E-03
  9.4246E-02  2.5673E-05 -7.7257E-03  1.6600E-03
  9.5090E-02  2.6603E-05 -7.9106E-03  1.7000E-03
  9.5942E-02  2.7566E-05 -8.0993E-03  1.7409E-03
  9.6802E-02  2.8564E-05 -8.2917E-03  1.7825E-03
  9.7669E-02  2.9598E-05 -8.4880E-03  1.8251E-03
  9.8544E-02  3.0669E-05 -8.6881E-03  1.8684E-03
  9.9426E-02  3.1779E-05 -8.8922E-03  1.9127E-03
  1.0032E-01  3.2930E-05 -9.1003E-03  1.9578E-03
  1.0122E-01  3.4121E-05 -9.3124E-03  2.0039E-03
  1.0212E-01  3.5356E-05 -9.5286E-03  2.0508E-03
  1.0304E-01  3.6635E-05 -9.7489E-03  2.0986E-03
  1.0396E-01  3.7961E-05 -9.9735E-03  2.1474E-03
  1.0489E-01  3.9334E-05 -1.0202E-02  2.1972E-03
  1.0583E-01  4.0757E-05 -1.0435E-02  2.2478E-03
  1.0678E-01  4.2232E-05 -1.0673E-02  2.2995E-03
  1.0774E-01  4.3759E-05 -1.0914E-02  2.3521E-03
  1.0870E-01  4.5342E-05 -1.1161E-02  2.4057E-03
  1.0967E-01  4.6982E-05 -1.1411E-02  2.4603E-03
  1.1066E-01  4.8681E-05 -1.1667E-02  2.5160E-03
  1.1165E-01  5.0441E-05 -1.1926E-02  2.5726E-03
  1.1265E-01  5.2265E-05 -1.2191E-02  2.6303E-03
  1.1366E-01  5.4154E-05 -1.2460E-02  2.6891E-03
  1.1467E-01  5.6112E-05 -1.2734E-02  2.7489E-03
  1.1570E-01  5.8140E-05 -1.3012E-02  2.8097E-03
  1.1674E-01  6.0241E-05 -1.3296E-02  2.8717E-03
  1.1778E-01  6.2418E-05 -1.3584E-02  2.9347E-03
  1.1884E-01  6.4674E-05 -1.3877E-02  2.9989E-03
  1.1990E-01  6.7011E-05 -1.4174E-02  3.0641E-03
  1.2098E-01  6.9432E-05 -1.4477E-02  3.1305E-03
  1.2206E-01  7.1940E-05 -1.4785E-02  3.1980E-03
  1.2315E-01  7.4539E-05 -1.5098E-02  3.2667E-03
  1.2426E-01  7.7231E-05 -1.5416E-02  3.3365E-03
  1.2537E-01  8.0020E-05 -1.5738E-02  3.4075E-03
  1.2649E-01  8.2909E-05 -1.6066E-02  3.4796E-03
  1.2762E-01  8.5903E-05 -1.6399E-02  3.5529E-03
  1.2877E-01  8.9004E-05 -1.6738E-02  3.6274E-03
  1.2992E-01  9.2217E-05 -1.7081E-02  3.7031E-03
  1.3108E-01  9.5546E-05 -1.7430E-02  3.7800E-03
  1.3226E-01  9.8994E-05 -1.7783E-02  3.8582E-03
  1.3344E-01  1.0257E-04 -1.8142E-02  3.9375E-03
  1.3464E-01  1.0627E-04 -1.8506E-02  4.0180E-03
  1.3584E-01  1.1010E-04 -1.8876E-02  4.0998E-03
  1.3706E-01  1.1407E-04 -1.9250E-02  4.1829E-03
  1.3829E-01  1.1819E-04 -1.9630E-02  4.2671E-03
  1.3953E-01  1.2245E-04 -2.0015E-02  4.3526E-03
  1.4078E-01  1.2686E-04 -2.0406E-02  4.4394E-03
  1.4204E-01  1.3144E-04 -2.0801E-02  4.5274E-03
  1.4331E-01  1.3618E-04 -2.1202E-02  4.6167E-03
  1.4459E-01  1.4109E-04 -2.1608E-02  4.7073E-03
  1.4589E-01  1.4617E-04 -2.2020E-02  4.7991E-03
  1.4719E-01  1.5144E-04 -2.2436E-02  4.8922E-03
  1.4851E-01  1.5689E-04 -2.2858E-02  4.9866E-03
  1.4984E-01  1.6255E-04 -2.3285E-02  5.0822E-03
  1.5118E-01  1.6840E-04 -2.3717E-02  5.1791E-03
  1.5254E-01  1.7446E-04 -2.4154E-02  5.2773E-03
  1.5390E-01  1.8075E-04 -2.4597E-02  5.3768E-03
  1.5528E-01  1.8725E-04 -2.5044E-02  5.4775E-03
  1.5667E-01  1.9400E-04 -2.5497E-02  5.5796E-03
  1.5807E-01  2.0098E-04 -2.5954E-02  5.6829E-03
  1.5949E-01  2.0821E-04 -2.6417E-02  5.7874E-03
  1.6092E-01  2.1570E-04 -2.6884E-02  5.8933E-03
  1.6236E-01  2.2346E-04 -2.7356E-02  6.0004E-03
  1.6381E-01  2.3150E-04 -2.7833E-02  6.1087E-03
  1.6528E-01  2.3982E-04 -2.8315E-02  6.2183E-03
  1.6676E-01  2.4845E-04 -2.8801E-02  6.3292E-03
  1.6825E-01  2.5738E-04 -2.9292E-02  6.4413E-03
  1.6976E-01  2.6663E-04 -2.9788E-02  6.5547E-03
  1.7128E-01  2.7621E-04 -3.0288E-02  6.6693E-03
  1.7281E-01  2.8613E-04 -3.0792E-02  6.7851E-03
  1.7436E-01  2.9641E-04 -3.1301E-02  6.9021E-03
  1.7592E-01  3.0706E-04 -3.1814E-02  7.0203E-03
  1.7749E-01  3.1808E-04 -3.2331E-02  7.1398E-03
  1.7908E-01  3.2950E-04 -3.2852E-02  7.2604E-03
  1.8069E-01  3.4133E-04 -3.3377E-02  7.3821E-03
  1.8230E-01  3.5358E-04 -3.3905E-02  7.5051E-03
  1.8393E-01  3.6626E-04 -3.4437E-02  7.6292E-03
  1.8558E-01  3.7940E-04 -3.4973E-02  7.7544E-03
  1.8724E-01  3.9301E-04 -3.5513E-02  7.8807E-03
  1.8892E-01  4.0710E-04 -3.6055E-02  8.0081E-03
  1.9061E-01  4.2169E-04 -3.6601E-02  8.1366E-03
  1.9232E-01  4.3680E-04 -3.7149E-02  8.2662E-03
  1.9404E-01  4.5245E-04 -3.7701E-02  8.3968E-03
  1.9578E-01  4.6866E-04 -3.8255E-02  8.5285E-03
  1.9753E-01  4.8545E-04 -3.8812E-02  8.6612E-03
  1.9930E-01  5.0283E-04 -3.9371E-02  8.7948E-03
  2.0108E-01  5.2082E-04 -3.9932E-02  8.9294E-03
  2.0288E-01  5.3946E-04 -4.0495E-02  9.0650E-03
  2.0470E-01  5.5876E-04 -4.1061E-02  9.2015E-03
  2.0653E-01  5.7875E-04 -4.1627E-02  9.3389E-03
  2.0838E-01  5.9944E-04 -4.2196E-02  9.4772E-03
  2.1024E-01  6.2087E-04 -4.2765E-02  9.6163E-03
  2.1213E-01  6.4305E-04 -4.3336E-02  9.7562E-03
  2.1403E-01  6.6603E-04 -4.3907E-02  9.8969E-03
  2.1594E-01  6.8981E-04 -4.4479E-02  1.0038E-02
  2.1787E-01  7.1444E-04 -4.5052E-02  1.0181E-02
  2.1983E-01  7.3995E-04 -4.5624E-02  1.0324E-02
  2.2179E-01  7.6635E-04 -4.6197E-02  1.0467E-02
  2.2378E-01  7.9369E-04 -4.6769E-02  1.0612E-02
  2.2578E-01  8.2199E-04 -4.7341E-02  1.0756E-02
  2.2780E-01  8.5129E-04 -4.7912E-02  1.0902E-02
  2.2984E-01  8.8163E-04 -4.8482E-02  1.1048E-02
  2.3190E-01  9.1304E-04 -4.9050E-02  1.1195E-02
  2.3398E-01  9.4555E-04 -4.9617E-02  1.1342E-02
  2.3607E-01  9.7922E-04 -5.0182E-02  1.1489E-02
  2.3818E-01  1.0141E-03 -5.0745E-02  1.1637E-02
  2.4032E-01  1.0501E-03 -5.1305E-02  1.1785E-02
  2.4247E-01  1.0875E-03 -5.1863E-02  1.1934E-02
  2.4464E-01  1.1261E-03 -5.2418E-02  1.2083E-02
  2.4683E-01  1.1662E-03 -5.2969E-02  1.2232E-02
  2.4904E-01  1.2076E-03 -5.3517E-02  1.2382E-02
  2.5127E-01  1.2505E-03 -5.4060E-02  1.2531E-02
  2.5351E-01  1.2948E-03 -5.4600E-02  1.2681E-02
  2.5578E-01  1.3408E-03 -5.5135E-02  1.2831E-02
  2.5807E-01  1.3883E-03 -5.5665E-02  1.2981E-02
  2.6038E-01  1.4375E-03 -5.6189E-02  1.3131E-02
  2.6271E-01  1.4885E-03 -5.6708E-02  1.3281E-02
  2.6507E-01  1.5412E-03 -5.7221E-02  1.3431E-02
  2.6744E-01  1.5958E-03 -5.7728E-02  1.3581E-02
  2.6983E-01  1.6522E-03 -5.8228E-02  1.3730E-02
  2.7225E-01  1.7107E-03 -5.8721E-02  1.3880E-02
  2.7468E-01  1.7711E-03 -5.9207E-02  1.4029E-02
  2.7714E-01  1.8337E-03 -5.9685E-02  1.4178E-02
  2.7962E-01  1.8985E-03 -6.0155E-02  1.4327E-02
  2.8213E-01  1.9655E-03 -6.0617E-02  1.4476E-02
  2.8465E-01  2.0348E-03 -6.1069E-02  1.4624E-02
  2.8720E-01  2.1066E-03 -6.1513E-02  1.4772E-02
  2.8977E-01  2.1808E-03 -6.1947E-02  1.4919E-02
  2.9236E-01  2.2576E-03 -6.2370E-02  1.5066E-02
  2.9498E-01  2.3371E-03 -6.2784E-02  1.5212E-02
  2.9762E-01  2.4194E-03 -6.3187E-02  1.5357E-02
  3.0028E-01  2.5044E-03 -6.3578E-02  1.5502E-02
  3.0297E-01  2.5925E-03 -6.3958E-02  1.5647E-02
  3.0568E-01  2.6835E-03 -6.4326E-02  1.5790E-02
  3.0842E-01  2.7777E-03 -6.4681E-02  1.5933E-02
  3.1118E-01  2.8752E-03 -6.5024E-02  1.6075E-02
  3.1397E-01  2.9760E-03 -6.5353E-02  1.6217E-02
  3.1678E-01  3.0802E-03 -6.5669E-02  1.6357E-02
  3.1961E-01  3.1881E-03 -6.5971E-02  1.6497E-02
  3.2247E-01  3.2996E-03 -6.6258E-02  1.6635E-02
  3.2536E-01  3.4150E-03 -6.6530E-02  1.6773E-02
  3.2827E-01  3.5343E-03 -6.6786E-02  1.6910E-02
  3.3121E-01  3.6577E-03 -6.7027E-02  1.7045E-02
  3.3417E-01  3.7854E-03 -6.7252E-02  1.7180E-02
  3.3716E-01  3.9174E-03 -6.7459E-02  1.7313E-02
  3.4018E-01  4.0538E-03 -6.7650E-02  1.7445E-02
  3.4323E-01  4.1950E-03 -6.7823E-02  1.7576E-02
  3.4630E-01  4.3409E-03 -6.7978E-02  1.7706E-02
  3.4940E-01  4.4918E-03 -6.8114E-02  1.7834E-02
  3.5252E-01  4.6478E-03 -6.8231E-02  1.7961E-02
  3.5568E-01  4.8091E-03 -6.8329E-02  1.8087E-02
  3.5886E-01  4.9759E-03 -6.8407E-02  1.8212E-02
  3.6207E-01  5.1483E-03 -6.8465E-02  1.8335E-02
  3.6531E-01  5.3265E-03 -6.8502E-02  1.8457E-02
  3.6858E-01  5.5107E-03 -6.8518E-02  1.8577E-02
  3.7188E-01  5.7011E-03 -6.8512E-02  1.8696E-02
  3.7521E-01  5.8980E-03 -6.8484E-02  1.8813E-02
  3.7857E-01  6.1014E-03 -6.8433E-02  1.8929E-02
  3.8196E-01  6.3116E-03 -6.8360E-02  1.9043E-02
  3.8537E-01  6.5289E-03 -6.8263E-02  1.9156E-02
  3.8882E-01  6.7534E-03 -6.8142E-02  1.9267E-02
  3.9230E-01  6.9854E-03 -6.7998E-02  1.9377E-02
  3.9581E-01  7.2252E-03 -6.7828E-02  1.9486E-02
  3.9936E-01  7.4729E-03 -6.7633E-02  1.9592E-02
  4.0293E-01  7.7288E-03 -6.7413E-02  1.9698E-02
  4.0654E-01  7.9932E-03 -6.7167E-02  1.9801E-02
  4.1018E-01  8.2663E-03 -6.6895E-02  1.9903E-02
  4.1385E-01  8.5485E-03 -6.6596E-02  2.0004E-02
  4.1755E-01  8.8399E-03 -6.6269E-02  2.0103E-02
  4.2129E-01  9.1410E-03 -6.5915E-02  2.0201E-02
  4.2506E-01  9.4519E-03 -6.5533E-02  2.0297E-02
  4.2886E-01  9.7729E-03 -6.5123E-02  2.0391E-02
  4.3270E-01  1.0105E-02 -6.4683E-02  2.0484E-02
  4.3657E-01  1.0447E-02 -6.4215E-02  2.0576E-02
  4.4048E-01  1.0800E-02 -6.3717E-02  2.0666E-02
  4.4442E-01  1.1165E-02 -6.3189E-02  2.0755E-02
  4.4840E-01  1.1542E-02 -6.2630E-02  2.0842E-02
  4.5241E-01  1.1931E-02 -6.2041E-02  2.0928E-02
  4.5646E-01  1.2333E-02 -6.1420E-02  2.1013E-02
  4.6054E-01  1.2747E-02 -6.0768E-02  2.1097E-02
  4.6467E-01  1.3175E-02 -6.0083E-02  2.1179E-02
  4.6882E-01  1.3616E-02 -5.9367E-02  2.1260E-02
  4.7302E-01  1.4072E-02 -5.8617E-02  2.1340E-02
  4.7725E-01  1.4542E-02 -5.7835E-02  2.1418E-02
  4.8152E-01  1.5027E-02 -5.7018E-02  2.1496E-02
  4.8583E-01  1.5527E-02 -5.6168E-02  2.1573E-02
  4.9018E-01  1.6043E-02 -5.5284E-02  2.1648E-02
  4.9457E-01  1.6576E-02 -5.4365E-02  2.1723E-02
  4.9899E-01  1.7125E-02 -5.3411E-02  2.1797E-02
  5.0346E-01  1.7691E-02 -5.2421E-02  2.1870E-02
  5.0796E-01  1.8275E-02 -5.1395E-02  2.1943E-02
  5.1251E-01  1.8877E-02 -5.0334E-02  2.2015E-02
  5.1710E-01  1.9498E-02 -4.9236E-02  2.2086E-02
  5.2172E-01  2.0138E-02 -4.8100E-02  2.2157E-02
  5.2639E-01  2.0798E-02 -4.6928E-02  2.2227E-02
  5.3110E-01  2.1478E-02 -4.5718E-02  2.2297E-02
  5.3586E-01  2.2179E-02 -4.4469E-02  2.2367E-02
  5.4065E-01  2.2901E-02 -4.3183E-02  2.2437E-02
  5.4549E-01  2.3645E-02 -4.1857E-02  2.2506E-02
  5.5037E-01  2.4411E-02 -4.0493E-02  2.2576E-02
  5.5530E-01  2.5201E-02 -3.9089E-02  2.2646E-02
  5.6026E-01  2.6014E-02 -3.7645E-02  2.2716E-02
  5.6528E-01  2.6852E-02 -3.6160E-02  2.2786E-02
  5.7034E-01  2.7714E-02 -3.4635E-02  2.2857E-02
  5.7544E-01  2.8602E-02 -3.3070E-02  2.2929E-02
  5.8059E-01  2.9516E-02 -3.1462E-02  2.3001E-02
  5.8579E-01  3.0458E-02 -2.9814E-02  2.3073E-02
  5.9103E-01  3.1426E-02 -2.8123E-02  2.3147E-02
  5.9632E-01  3.2423E-02 -2.6389E-02  2.3222E-02
  6.0165E-01  3.3449E-02 -2.4613E-02  2.3298E-02
  6.0704E-01  3.4504E-02 -2.2794E-02  2.3375E-02
  6.1247E-01  3.5589E-02 -2.0932E-02  2.3454E-02
  6.1795E-01  3.6705E-02 -1.9026E-02  2.3534E-02
  6.2348E-01  3.7853E-02 -1.7075E-02  2.3616E-02
  6.2906E-01  3.9033E-02 -1.5080E-02  2.3700E-02
  6.3469E-01  4.0247E-02 -1.3041E-02  2.3786E-02
  6.4037E-01  4.1494E-02 -1.0956E-02  2.3874E-02
  6.4610E-01  4.2775E-02 -8.8266E-03  2.3964E-02
  6.5188E-01  4.4092E-02 -6.6511E-03  2.4057E-02
  6.5771E-01  4.5444E-02 -4.4296E-03  2.4152E-02
  6.6360E-01  4.6834E-02 -2.1619E-03  2.4251E-02
  6.6954E-01  4.8261E-02  1.5224E-04  2.4352E-02
  6.7553E-01  4.9726E-02  2.5131E-03  2.4456E-02
  6.8157E-01  5.1229E-02  4.9210E-03  2.4564E-02
  6.8767E-01  5.2773E-02  7.3762E-03  2.4676E-02
  6.9382E-01  5.4356E-02  9.8787E-03  2.4791E-02
  7.0003E-01  5.5981E-02  1.2429E-02  2.4910E-02
  7.0630E-01  5.7648E-02  1.5027E-02  2.5034E-02
  7.1262E-01  5.9357E-02  1.7673E-02  2.5161E-02
  7.1899E-01  6.1109E-02  2.0367E-02  2.5294E-02
  7.2543E-01  6.2905E-02  2.3110E-02  2.5431E-02
  7.3192E-01  6.4746E-02  2.5900E-02  2.5574E-02
  7.3847E-01  6.6631E-02  2.8740E-02  2.5721E-02
  7.4508E-01  6.8563E-02  3.1627E-02  2.5875E-02
  7.5174E-01  7.0541E-02  3.4564E-02  2.6034E-02
  7.5847E-01  7.2566E-02  3.7548E-02  2.6199E-02
  7.6526E-01  7.4638E-02  4.0582E-02  2.6370E-02
  7.7211E-01  7.6759E-02  4.3663E-02  2.6549E-02
  7.7901E-01  7.8928E-02  4.6793E-02  2.6734E-02
  7.8598E-01  8.1146E-02  4.9971E-02  2.6926E-02
  7.9302E-01  8.3414E-02  5.3197E-02  2.7126E-02
  8.0011E-01  8.5732E-02  5.6471E-02  2.7334E-02
  8.0727E-01  8.8100E-02  5.9792E-02  2.7550E-02
  8.1450E-01  9.0519E-02  6.3160E-02  2.7774E-02
  8.2179E-01  9.2989E-02  6.6574E-02  2.8008E-02
  8.2914E-01  9.5510E-02  7.0035E-02  2.8250E-02
  8.3656E-01  9.8082E-02  7.3542E-02  2.8503E-02
  8.4404E-01  1.0071E-01  7.7094E-02  2.8765E-02
  8.5160E-01  1.0338E-01  8.0691E-02  2.9037E-02
  8.5922E-01  1.0611E-01  8.4331E-02  2.9321E-02
  8.6690E-01  1.0889E-01  8.8014E-02  2.9615E-02
  8.7466E-01  1.1172E-01  9.1740E-02  2.9921E-02
  8.8249E-01  1.1460E-01  9.5507E-02  3.0240E-02
  8.9038E-01  1.1753E-01  9.9315E-02  3.0570E-02
  8.9835E-01  1.2051E-01  1.0316E-01  3.0914E-02
  9.0639E-01  1.2354E-01  1.0705E-01  3.1272E-02
  9.1450E-01  1.2662E-01  1.1097E-01  3.1643E-02
  9.2268E-01  1.2975E-01  1.1492E-01  3.2029E-02
  9.3094E-01  1.3293E-01  1.1892E-01  3.2431E-02
  9.3927E-01  1.3615E-01  1.2294E-01  3.2848E-02
  9.4767E-01  1.3942E-01  1.2699E-01  3.3281E-02
  9.5615E-01  1.4274E-01  1.3108E-01  3.3731E-02
  9.6471E-01  1.4610E-01  1.3519E-01  3.4199E-02
  9.7334E-01  1.4950E-01  1.3932E-01  3.4685E-02
  9.8205E-01  1.5294E-01  1.4348E-01  3.5190E-02
  9.9084E-01  1.5642E-01  1.4766E-01  3.5715E-02
  9.9970E-01  1.5994E-01  1.5185E-01  3.6261E-02
  1.0086E+00  1.6349E-01  1.5607E-01  3.6827E-02
  1.0177E+00  1.6708E-01  1.6029E-01  3.7416E-02
  1.0268E+00  1.7069E-01  1.6453E-01  3.8028E-02
  1.0360E+00  1.7434E-01  1.6877E-01  3.8664E-02
  1.0452E+00  1.7801E-01  1.7302E-01  3.9324E-02
  1.0546E+00  1.8171E-01  1.7727E-01  4.0010E-02
  1.0640E+00  1.8542E-01  1.8151E-01  4.0723E-02
  1.0735E+00  1.8915E-01  1.8575E-01  4.1464E-02
  1.0832E+00  1.9290E-01  1.8998E-01  4.2233E-02
  1.0928E+00  1.9666E-01  1.9420E-01  4.3033E-02
  1.1026E+00  2.0042E-01  1.9840E-01  4.3864E-02
  1.1125E+00  2.0419E-01  2.0258E-01  4.4727E-02
  1.1224E+00  2.0795E-01  2.0673E-01  4.5624E-02
  1.1325E+00  2.1171E-01  2.1085E-01  4.6557E-02
  1.1426E+00  2.1547E-01  2.1494E-01  4.7526E-02
  1.1528E+00  2.1920E-01  2.1899E-01  4.8533E-02
  1.1632E+00  2.2292E-01  2.2299E-01  4.9580E-02
  1.1736E+00  2.2662E-01  2.2695E-01  5.0669E-02
  1.1841E+00  2.3029E-01  2.3085E-01  5.1800E-02
  1.1947E+00  2.3392E-01  2.3469E-01  5.2976E-02
  1.2054E+00  2.3752E-01  2.3847E-01  5.4199E-02
  1.2161E+00  2.4107E-01  2.4218E-01  5.5471E-02
  1.2270E+00  2.4458E-01  2.4582E-01  5.6793E-02
  1.2380E+00  2.4803E-01  2.4938E-01  5.8169E-02
  1.2491E+00  2.5141E-01  2.5285E-01  5.9600E-02
  1.2602E+00  2.5473E-01  2.5623E-01  6.1088E-02
  1.2715E+00  2.5798E-01  2.5951E-01  6.2637E-02
  1.2829E+00  2.6115E-01  2.6269E-01  6.4248E-02
  1.2944E+00  2.6424E-01  2.6577E-01  6.5925E-02
  1.3060E+00  2.6724E-01  2.6873E-01  6.7670E-02
  1.3176E+00  2.7014E-01  2.7158E-01  6.9487E-02
  1.3294E+00  2.7294E-01  2.7430E-01  7.1379E-02
  1.3413E+00  2.7563E-01  2.7690E-01  7.3348E-02
  1.3533E+00  2.7822E-01  2.7937E-01  7.5400E-02
  1.3654E+00  2.8068E-01  2.8170E-01  7.7536E-02
  1.3777E+00  2.8302E-01  2.8389E-01  7.9762E-02
  1.3900E+00  2.8524E-01  2.8594E-01  8.2082E-02
  1.4024E+00  2.8732E-01  2.8784E-01  8.4499E-02
  1.4150E+00  2.8927E-01  2.8959E-01  8.7018E-02
  1.4276E+00  2.9108E-01  2.9119E-01  8.9645E-02
  1.4404E+00  2.9274E-01  2.9264E-01  9.2383E-02
  1.4533E+00  2.9427E-01  2.9394E-01  9.5239E-02
  1.4663E+00  2.9565E-01  2.9508E-01  9.8219E-02
  1.4794E+00  2.9688E-01  2.9606E-01  1.0133E-01
  1.4927E+00  2.9796E-01  2.9690E-01  1.0457E-01
  1.5060E+00  2.9890E-01  2.9758E-01  1.0796E-01
  1.5195E+00  2.9970E-01  2.9812E-01  1.1149E-01
  1.5331E+00  3.0036E-01  2.9851E-01  1.1518E-01
  1.5468E+00  3.0088E-01  2.9877E-01  1.1904E-01
  1.5606E+00  3.0127E-01  2.9890E-01  1.2307E-01
  1.5746E+00  3.0153E-01  2.9891E-01  1.2728E-01
  1.5887E+00  3.0168E-01  2.9881E-01  1.3168E-01
  1.6029E+00  3.0173E-01  2.9861E-01  1.3628E-01
  1.6172E+00  3.0168E-01  2.9832E-01  1.4109E-01
  1.6317E+00  3.0155E-01  2.9797E-01  1.4612E-01
  1.6463E+00  3.0136E-01  2.9756E-01  1.5138E-01
  1.6610E+00  3.0112E-01  2.9711E-01  1.5689E-01
  1.6759E+00  3.0086E-01  2.9666E-01  1.6266E-01
  1.6909E+00  3.0059E-01  2.9622E-01  1.6870E-01
  1.7060E+00  3.0035E-01  2.9581E-01  1.7503E-01
  1.7213E+00  3.0016E-01  2.9548E-01  1.8165E-01
  1.7367E+00  3.0005E-01  2.9524E-01  1.8860E-01
  1.7522E+00  3.0005E-01  2.9514E-01  1.9588E-01
  1.7679E+00  3.0020E-01  2.9521E-01  2.0351E-01
  1.7837E+00  3.0055E-01  2.9549E-01  2.1152E-01
  1.7997E+00  3.0113E-01  2.9602E-01  2.1992E-01
  1.8158E+00  3.0200E-01  2.9687E-01  2.2874E-01
  1.8320E+00  3.0320E-01  2.9806E-01  2.3799E-01
  1.8484E+00  3.0478E-01  2.9967E-01  2.4771E-01
  1.8650E+00  3.0681E-01  3.0174E-01  2.5792E-01
  1.8817E+00  3.0934E-01  3.0434E-01  2.6865E-01
  1.8985E+00  3.1245E-01  3.0753E-01  2.7993E-01
  1.9155E+00  3.1620E-01  3.1139E-01  2.9179E-01
  1.9326E+00  3.2067E-01  3.1598E-01  3.0427E-01
  1.9499E+00  3.2592E-01  3.2139E-01  3.1739E-01
  1.9674E+00  3.3206E-01  3.2769E-01  3.3121E-01
  1.9850E+00  3.3915E-01  3.3496E-01  3.4575E-01
  2.0027E+00  3.4730E-01  3.4331E-01  3.6107E-01
  2.0206E+00  3.5659E-01  3.5281E-01  3.7721E-01
  2.0387E+00  3.6712E-01  3.6356E-01  3.9423E-01
  2.0570E+00  3.7900E-01  3.7567E-01  4.1216E-01
  2.0754E+00  3.9232E-01  3.8924E-01  4.3108E-01
  2.0939E+00  4.0721E-01  4.0436E-01  4.5104E-01
  2.1127E+00  4.2376E-01  4.2116E-01  4.7211E-01
  2.1316E+00  4.4209E-01  4.3974E-01  4.9435E-01
  2.1506E+00  4.6232E-01  4.6022E-01  5.1784E-01
  2.1699E+00  4.8456E-01  4.8270E-01  5.4267E-01
  2.1893E+00  5.0895E-01  5.0732E-01  5.6891E-01
  2.2089E+00  5.3559E-01  5.3419E-01  5.9666E-01
  2.2286E+00  5.6461E-01  5.6342E-01  6.2601E-01
  2.2486E+00  5.9613E-01  5.9514E-01  6.5707E-01
  2.2687E+00  6.3028E-01  6.2948E-01  6.8995E-01
  2.2890E+00  6.6717E-01  6.6654E-01  7.2478E-01
  2.3095E+00  7.0693E-01  7.0644E-01  7.6167E-01
  2.3301E+00  7.4968E-01  7.4931E-01  8.0077E-01
  2.3510E+00  7.9552E-01  7.9527E-01  8.4223E-01
  2.3720E+00  8.4459E-01  8.4442E-01  8.8621E-01
  2.3933E+00  8.9699E-01  8.9689E-01  9.3288E-01
  2.4147E+00  9.5287E-01  9.5281E-01  9.8243E-01
  2.4363E+00  1.0123E+00  1.0123E+00  1.0350E+00
  2.4581E+00  1.0755E+00  1.0755E+00  1.0909E+00
  2.4801E+00  1.1425E+00  1.1425E+00  1.1504E+00
  2.5023E+00  1.2135E+00  1.2135E+00  1.2135E+00
  2.5246E+00  1.2887E+00  1.2887E+00  1.2808E+00
  2.5472E+00  1.3682E+00  1.3682E+00  1.3523E+00
  2.5700E+00  1.4525E+00  1.4525E+00  1.4285E+00
  2.5930E+00  1.5419E+00  1.5419E+00  1.5096E+00
  2.6162E+00  1.6367E+00  1.6367E+00  1.5960E+00
  2.6396E+00  1.7375E+00  1.7375E+00  1.6882E+00
  2.6632E+00  1.8447E+00  1.8447E+00  1.7865E+00
  2.6871E+00  1.9587E+00  1.9587E+00  1.8914E+00
  2.7111E+00  2.0801E+00  2.0801E+00  2.0033E+00
  2.7354E+00  2.2094E+00  2.2094E+00  2.1229E+00
