 # l=           4 energy=  -5.0000000000000000     
  0.0000E+00  0.0000E+00  0.0000E+00  0.0000E+00
  1.1384E-06  1.2451E-32  1.2451E-32  8.0281E-29
  2.2870E-06  4.0864E-31  4.0864E-31  1.9250E-27
  3.4458E-06  3.1741E-30  3.1741E-30  1.2453E-26
  4.6150E-06  1.3679E-29  1.3679E-29  4.7118E-26
  5.7947E-06  4.2694E-29  4.2694E-29  1.3288E-25
  6.9849E-06  1.0865E-28  1.0865E-28  3.1120E-25
  8.1858E-06  2.4017E-28  2.4017E-28  6.4107E-25
  9.3975E-06  4.7892E-28  4.7892E-28  1.2023E-24
  1.0620E-05  8.8272E-28  8.8272E-28  2.0987E-24
  1.1853E-05  1.5290E-27  1.5290E-27  3.4623E-24
  1.3098E-05  2.5189E-27  2.5189E-27  5.4564E-24
  1.4353E-05  3.9809E-27  3.9809E-27  8.2803E-24
  1.5620E-05  6.0763E-27  6.0763E-27  1.2174E-23
  1.6898E-05  9.0039E-27  9.0039E-27  1.7421E-23
  1.8188E-05  1.3005E-26  1.3005E-26  2.4357E-23
  1.9489E-05  1.8372E-26  1.8372E-26  3.3371E-23
  2.0802E-05  2.5452E-26  2.5452E-26  4.4915E-23
  2.2126E-05  3.4654E-26  3.4654E-26  5.9508E-23
  2.3463E-05  4.6462E-26  4.6462E-26  7.7742E-23
  2.4811E-05  6.1437E-26  6.1437E-26  1.0029E-22
  2.6171E-05  8.0230E-26  8.0230E-26  1.2792E-22
  2.7544E-05  1.0359E-25  1.0359E-25  1.6149E-22
  2.8929E-05  1.3239E-25  1.3239E-25  2.0196E-22
  3.0326E-05  1.6760E-25  1.6760E-25  2.5041E-22
  3.1735E-05  2.1035E-25  2.1035E-25  3.0805E-22
  3.3158E-05  2.6191E-25  2.6191E-25  3.7622E-22
  3.4593E-05  3.2371E-25  3.2371E-25  4.5640E-22
  3.6041E-05  3.9736E-25  3.9736E-25  5.5023E-22
  3.7502E-05  4.8469E-25  4.8469E-25  6.5954E-22
  3.8975E-05  5.8773E-25  5.8773E-25  7.8631E-22
  4.0463E-05  7.0874E-25  7.0874E-25  9.3274E-22
  4.1963E-05  8.5026E-25  8.5026E-25  1.1012E-21
  4.3477E-05  1.0151E-24  1.0151E-24  1.2945E-21
  4.5004E-05  1.2064E-24  1.2064E-24  1.5153E-21
  4.6545E-05  1.4276E-24  1.4276E-24  1.7668E-21
  4.8100E-05  1.6825E-24  1.6825E-24  2.0526E-21
  4.9669E-05  1.9753E-24  1.9753E-24  2.3762E-21
  5.1251E-05  2.3107E-24  2.3107E-24  2.7418E-21
  5.2848E-05  2.6939E-24  2.6939E-24  3.1539E-21
  5.4460E-05  3.1303E-24  3.1303E-24  3.6171E-21
  5.6085E-05  3.6263E-24  3.6263E-24  4.1367E-21
  5.7725E-05  4.1885E-24  4.1885E-24  4.7183E-21
  5.9380E-05  4.8242E-24  4.8242E-24  5.3679E-21
  6.1050E-05  5.5417E-24  5.5417E-24  6.0922E-21
  6.2734E-05  6.3497E-24  6.3497E-24  6.8981E-21
  6.4434E-05  7.2577E-24  7.2577E-24  7.7934E-21
  6.6149E-05  8.2763E-24  8.2763E-24  8.7862E-21
  6.7879E-05  9.4168E-24  9.4168E-24  9.8854E-21
  6.9625E-05  1.0692E-23  1.0692E-23  1.1101E-20
  7.1386E-05  1.2114E-23  1.2114E-23  1.2442E-20
  7.3163E-05  1.3699E-23  1.3699E-23  1.3920E-20
  7.4956E-05  1.5462E-23  1.5462E-23  1.5548E-20
  7.6765E-05  1.7420E-23  1.7420E-23  1.7336E-20
  7.8590E-05  1.9591E-23  1.9591E-23  1.9300E-20
  8.0432E-05  2.1997E-23  2.1997E-23  2.1454E-20
  8.2290E-05  2.4658E-23  2.4658E-23  2.3813E-20
  8.4165E-05  2.7597E-23  2.7597E-23  2.6394E-20
  8.6056E-05  3.0841E-23  3.0841E-23  2.9214E-20
  8.7964E-05  3.4415E-23  3.4415E-23  3.2293E-20
  8.9890E-05  3.8350E-23  3.8350E-23  3.5651E-20
  9.1832E-05  4.2677E-23  4.2677E-23  3.9310E-20
  9.3792E-05  4.7430E-23  4.7430E-23  4.3292E-20
  9.5770E-05  5.2645E-23  5.2645E-23  4.7623E-20
  9.7765E-05  5.8362E-23  5.8362E-23  5.2329E-20
  9.9778E-05  6.4624E-23  6.4624E-23  5.7438E-20
  1.0181E-04  7.1474E-23  7.1474E-23  6.2980E-20
  1.0386E-04  7.8963E-23  7.8963E-23  6.8987E-20
  1.0593E-04  8.7142E-23  8.7142E-23  7.5492E-20
  1.0801E-04  9.6068E-23  9.6068E-23  8.2532E-20
  1.1012E-04  1.0580E-22  1.0580E-22  9.0145E-20
  1.1224E-04  1.1640E-22  1.1640E-22  9.8372E-20
  1.1438E-04  1.2794E-22  1.2794E-22  1.0726E-19
  1.1654E-04  1.4050E-22  1.4050E-22  1.1685E-19
  1.1873E-04  1.5415E-22  1.5415E-22  1.2719E-19
  1.2093E-04  1.6897E-22  1.6897E-22  1.3833E-19
  1.2315E-04  1.8507E-22  1.8507E-22  1.5034E-19
  1.2539E-04  2.0252E-22  2.0252E-22  1.6326E-19
  1.2765E-04  2.2145E-22  2.2145E-22  1.7716E-19
  1.2993E-04  2.4195E-22  2.4195E-22  1.9211E-19
  1.3223E-04  2.6414E-22  2.6414E-22  2.0818E-19
  1.3455E-04  2.8816E-22  2.8816E-22  2.2543E-19
  1.3689E-04  3.1413E-22  3.1413E-22  2.4396E-19
  1.3925E-04  3.4219E-22  3.4219E-22  2.6384E-19
  1.4164E-04  3.7251E-22  3.7251E-22  2.8515E-19
  1.4404E-04  4.0523E-22  4.0523E-22  3.0801E-19
  1.4647E-04  4.4054E-22  4.4054E-22  3.3249E-19
  1.4892E-04  4.7862E-22  4.7862E-22  3.5871E-19
  1.5139E-04  5.1966E-22  5.1966E-22  3.8678E-19
  1.5388E-04  5.6388E-22  5.6388E-22  4.1681E-19
  1.5640E-04  6.1149E-22  6.1149E-22  4.4893E-19
  1.5894E-04  6.6274E-22  6.6274E-22  4.8327E-19
  1.6150E-04  7.1787E-22  7.1787E-22  5.1997E-19
  1.6408E-04  7.7715E-22  7.7715E-22  5.5917E-19
  1.6669E-04  8.4086E-22  8.4086E-22  6.0103E-19
  1.6932E-04  9.0932E-22  9.0932E-22  6.4571E-19
  1.7197E-04  9.8283E-22  9.8283E-22  6.9338E-19
  1.7465E-04  1.0617E-21  1.0617E-21  7.4423E-19
  1.7735E-04  1.1464E-21  1.1464E-21  7.9845E-19
  1.8007E-04  1.2373E-21  1.2373E-21  8.5624E-19
  1.8282E-04  1.3346E-21  1.3346E-21  9.1781E-19
  1.8560E-04  1.4390E-21  1.4390E-21  9.8340E-19
  1.8840E-04  1.5508E-21  1.5508E-21  1.0532E-18
  1.9122E-04  1.6706E-21  1.6706E-21  1.1276E-18
  1.9407E-04  1.7988E-21  1.7988E-21  1.2067E-18
  1.9694E-04  1.9361E-21  1.9361E-21  1.2908E-18
  1.9984E-04  2.0829E-21  2.0829E-21  1.3803E-18
  2.0277E-04  2.2399E-21  2.2399E-21  1.4755E-18
  2.0572E-04  2.4078E-21  2.4078E-21  1.5766E-18
  2.0870E-04  2.5873E-21  2.5873E-21  1.6841E-18
  2.1171E-04  2.7790E-21  2.7790E-21  1.7983E-18
  2.1474E-04  2.9838E-21  2.9838E-21  1.9195E-18
  2.1780E-04  3.2025E-21  3.2025E-21  2.0482E-18
  2.2089E-04  3.4360E-21  3.4360E-21  2.1848E-18
  2.2400E-04  3.6852E-21  3.6852E-21  2.3298E-18
  2.2714E-04  3.9510E-21  3.9510E-21  2.4836E-18
  2.3031E-04  4.2346E-21  4.2346E-21  2.6468E-18
  2.3351E-04  4.5370E-21  4.5370E-21  2.8198E-18
  2.3674E-04  4.8593E-21  4.8593E-21  3.0032E-18
  2.4000E-04  5.2028E-21  5.2028E-21  3.1976E-18
  2.4328E-04  5.5688E-21  5.5688E-21  3.4036E-18
  2.4660E-04  5.9587E-21  5.9587E-21  3.6218E-18
  2.4994E-04  6.3739E-21  6.3739E-21  3.8529E-18
  2.5332E-04  6.8160E-21  6.8160E-21  4.0977E-18
  2.5672E-04  7.2865E-21  7.2865E-21  4.3569E-18
  2.6016E-04  7.7872E-21  7.7872E-21  4.6312E-18
  2.6362E-04  8.3200E-21  8.3200E-21  4.9215E-18
  2.6712E-04  8.8866E-21  8.8866E-21  5.2287E-18
  2.7065E-04  9.4892E-21  9.4892E-21  5.5536E-18
  2.7421E-04  1.0130E-20  1.0130E-20  5.8973E-18
  2.7780E-04  1.0811E-20  1.0811E-20  6.2608E-18
  2.8142E-04  1.1535E-20  1.1535E-20  6.6451E-18
  2.8508E-04  1.2304E-20  1.2304E-20  7.0514E-18
  2.8877E-04  1.3121E-20  1.3121E-20  7.4807E-18
  2.9249E-04  1.3988E-20  1.3988E-20  7.9344E-18
  2.9624E-04  1.4910E-20  1.4910E-20  8.4138E-18
  3.0003E-04  1.5888E-20  1.5888E-20  8.9202E-18
  3.0386E-04  1.6926E-20  1.6926E-20  9.4550E-18
  3.0771E-04  1.8028E-20  1.8028E-20  1.0020E-17
  3.1160E-04  1.9197E-20  1.9197E-20  1.0616E-17
  3.1553E-04  2.0437E-20  2.0437E-20  1.1246E-17
  3.1949E-04  2.1753E-20  2.1753E-20  1.1910E-17
  3.2349E-04  2.3148E-20  2.3148E-20  1.2612E-17
  3.2752E-04  2.4627E-20  2.4627E-20  1.3351E-17
  3.3159E-04  2.6195E-20  2.6195E-20  1.4132E-17
  3.3569E-04  2.7857E-20  2.7857E-20  1.4956E-17
  3.3984E-04  2.9619E-20  2.9619E-20  1.5824E-17
  3.4401E-04  3.1485E-20  3.1485E-20  1.6740E-17
  3.4823E-04  3.3462E-20  3.3462E-20  1.7706E-17
  3.5248E-04  3.5557E-20  3.5557E-20  1.8725E-17
  3.5678E-04  3.7775E-20  3.7775E-20  1.9798E-17
  3.6111E-04  4.0124E-20  4.0124E-20  2.0930E-17
  3.6548E-04  4.2610E-20  4.2610E-20  2.2122E-17
  3.6988E-04  4.5243E-20  4.5243E-20  2.3378E-17
  3.7433E-04  4.8029E-20  4.8029E-20  2.4702E-17
  3.7882E-04  5.0978E-20  5.0978E-20  2.6097E-17
  3.8335E-04  5.4098E-20  5.4098E-20  2.7566E-17
  3.8792E-04  5.7399E-20  5.7399E-20  2.9113E-17
  3.9252E-04  6.0891E-20  6.0891E-20  3.0742E-17
  3.9717E-04  6.4584E-20  6.4584E-20  3.2458E-17
  4.0187E-04  6.8490E-20  6.8490E-20  3.4264E-17
  4.0660E-04  7.2620E-20  7.2620E-20  3.6166E-17
  4.1138E-04  7.6986E-20  7.6986E-20  3.8167E-17
  4.1619E-04  8.1602E-20  8.1602E-20  4.0274E-17
  4.2106E-04  8.6481E-20  8.6481E-20  4.2491E-17
  4.2596E-04  9.1638E-20  9.1638E-20  4.4824E-17
  4.3091E-04  9.7087E-20  9.7087E-20  4.7278E-17
  4.3591E-04  1.0284E-19  1.0284E-19  4.9861E-17
  4.4094E-04  1.0893E-19  1.0893E-19  5.2577E-17
  4.4603E-04  1.1535E-19  1.1535E-19  5.5434E-17
  4.5116E-04  1.2214E-19  1.2214E-19  5.8440E-17
  4.5633E-04  1.2931E-19  1.2931E-19  6.1600E-17
  4.6155E-04  1.3687E-19  1.3687E-19  6.4923E-17
  4.6682E-04  1.4486E-19  1.4486E-19  6.8417E-17
  4.7213E-04  1.5330E-19  1.5330E-19  7.2090E-17
  4.7750E-04  1.6221E-19  1.6221E-19  7.5952E-17
  4.8291E-04  1.7161E-19  1.7161E-19  8.0011E-17
  4.8837E-04  1.8153E-19  1.8153E-19  8.4278E-17
  4.9387E-04  1.9200E-19  1.9200E-19  8.8761E-17
  4.9943E-04  2.0305E-19  2.0305E-19  9.3473E-17
  5.0504E-04  2.1470E-19  2.1470E-19  9.8424E-17
  5.1069E-04  2.2700E-19  2.2700E-19  1.0363E-16
  5.1640E-04  2.3997E-19  2.3997E-19  1.0909E-16
  5.2216E-04  2.5365E-19  2.5365E-19  1.1483E-16
  5.2797E-04  2.6808E-19  2.6808E-19  1.2086E-16
  5.3383E-04  2.8330E-19  2.8330E-19  1.2720E-16
  5.3975E-04  2.9934E-19  2.9934E-19  1.3385E-16
  5.4571E-04  3.1626E-19  3.1626E-19  1.4084E-16
  5.5173E-04  3.3409E-19  3.3409E-19  1.4818E-16
  5.5781E-04  3.5289E-19  3.5289E-19  1.5588E-16
  5.6394E-04  3.7271E-19  3.7271E-19  1.6397E-16
  5.7012E-04  3.9360E-19  3.9360E-19  1.7246E-16
  5.7636E-04  4.1561E-19  4.1561E-19  1.8138E-16
  5.8266E-04  4.3881E-19  4.3881E-19  1.9074E-16
  5.8901E-04  4.6325E-19  4.6325E-19  2.0056E-16
  5.9541E-04  4.8901E-19  4.8901E-19  2.1087E-16
  6.0188E-04  5.1614E-19  5.1614E-19  2.2169E-16
  6.0840E-04  5.4472E-19  5.4472E-19  2.3305E-16
  6.1498E-04  5.7483E-19  5.7483E-19  2.4497E-16
  6.2163E-04  6.0654E-19  6.0654E-19  2.5747E-16
  6.2833E-04  6.3994E-19  6.3994E-19  2.7059E-16
  6.3509E-04  6.7512E-19  6.7512E-19  2.8436E-16
  6.4191E-04  7.1215E-19  7.1215E-19  2.9880E-16
  6.4879E-04  7.5115E-19  7.5115E-19  3.1395E-16
  6.5573E-04  7.9221E-19  7.9221E-19  3.2984E-16
  6.6273E-04  8.3544E-19  8.3544E-19  3.4651E-16
  6.6980E-04  8.8095E-19  8.8095E-19  3.6399E-16
  6.7693E-04  9.2885E-19  9.2885E-19  3.8233E-16
  6.8413E-04  9.7928E-19  9.7928E-19  4.0156E-16
  6.9139E-04  1.0323E-18  1.0323E-18  4.2173E-16
  6.9871E-04  1.0882E-18  1.0882E-18  4.4287E-16
  7.0610E-04  1.1470E-18  1.1470E-18  4.6505E-16
  7.1356E-04  1.2088E-18  1.2088E-18  4.8830E-16
  7.2108E-04  1.2739E-18  1.2739E-18  5.1267E-16
  7.2867E-04  1.3424E-18  1.3424E-18  5.3823E-16
  7.3633E-04  1.4144E-18  1.4144E-18  5.6502E-16
  7.4405E-04  1.4902E-18  1.4902E-18  5.9310E-16
  7.5185E-04  1.5699E-18  1.5699E-18  6.2254E-16
  7.5971E-04  1.6537E-18  1.6537E-18  6.5340E-16
  7.6765E-04  1.7419E-18  1.7419E-18  6.8574E-16
  7.7565E-04  1.8347E-18  1.8347E-18  7.1963E-16
  7.8373E-04  1.9322E-18  1.9322E-18  7.5516E-16
  7.9188E-04  2.0348E-18  2.0348E-18  7.9239E-16
  8.0010E-04  2.1427E-18  2.1427E-18  8.3140E-16
  8.0840E-04  2.2561E-18  2.2561E-18  8.7228E-16
  8.1677E-04  2.3753E-18  2.3753E-18  9.1512E-16
  8.2522E-04  2.5007E-18  2.5007E-18  9.6001E-16
  8.3374E-04  2.6325E-18  2.6325E-18  1.0070E-15
  8.4234E-04  2.7711E-18  2.7711E-18  1.0563E-15
  8.5101E-04  2.9167E-18  2.9167E-18  1.1079E-15
  8.5976E-04  3.0698E-18  3.0698E-18  1.1620E-15
  8.6859E-04  3.2307E-18  3.2307E-18  1.2186E-15
  8.7750E-04  3.3999E-18  3.3999E-18  1.2780E-15
  8.8649E-04  3.5776E-18  3.5776E-18  1.3401E-15
  8.9556E-04  3.7644E-18  3.7644E-18  1.4052E-15
  9.0471E-04  3.9607E-18  3.9607E-18  1.4734E-15
  9.1395E-04  4.1670E-18  4.1670E-18  1.5448E-15
  9.2326E-04  4.3837E-18  4.3837E-18  1.6196E-15
  9.3266E-04  4.6114E-18  4.6114E-18  1.6980E-15
  9.4214E-04  4.8507E-18  4.8507E-18  1.7800E-15
  9.5171E-04  5.1020E-18  5.1020E-18  1.8659E-15
  9.6136E-04  5.3660E-18  5.3660E-18  1.9559E-15
  9.7110E-04  5.6434E-18  5.6434E-18  2.0501E-15
  9.8093E-04  5.9348E-18  5.9348E-18  2.1487E-15
  9.9084E-04  6.2408E-18  6.2408E-18  2.2520E-15
  1.0008E-03  6.5623E-18  6.5623E-18  2.3601E-15
  1.0109E-03  6.8999E-18  6.8999E-18  2.4733E-15
  1.0211E-03  7.2545E-18  7.2545E-18  2.5918E-15
  1.0314E-03  7.6268E-18  7.6268E-18  2.7159E-15
  1.0418E-03  8.0179E-18  8.0179E-18  2.8457E-15
  1.0522E-03  8.4285E-18  8.4285E-18  2.9817E-15
  1.0628E-03  8.8597E-18  8.8597E-18  3.1241E-15
  1.0734E-03  9.3125E-18  9.3125E-18  3.2730E-15
  1.0842E-03  9.7879E-18  9.7879E-18  3.4290E-15
  1.0950E-03  1.0287E-17  1.0287E-17  3.5922E-15
  1.1059E-03  1.0811E-17  1.0811E-17  3.7631E-15
  1.1170E-03  1.1361E-17  1.1361E-17  3.9419E-15
  1.1281E-03  1.1939E-17  1.1939E-17  4.1291E-15
  1.1393E-03  1.2545E-17  1.2545E-17  4.3249E-15
  1.1507E-03  1.3181E-17  1.3181E-17  4.5299E-15
  1.1621E-03  1.3849E-17  1.3849E-17  4.7445E-15
  1.1736E-03  1.4550E-17  1.4550E-17  4.9690E-15
  1.1853E-03  1.5286E-17  1.5286E-17  5.2039E-15
  1.1970E-03  1.6059E-17  1.6059E-17  5.4497E-15
  1.2089E-03  1.6869E-17  1.6869E-17  5.7070E-15
  1.2208E-03  1.7720E-17  1.7720E-17  5.9762E-15
  1.2329E-03  1.8613E-17  1.8613E-17  6.2578E-15
  1.2450E-03  1.9550E-17  1.9550E-17  6.5525E-15
  1.2573E-03  2.0533E-17  2.0533E-17  6.8609E-15
  1.2697E-03  2.1564E-17  2.1564E-17  7.1835E-15
  1.2822E-03  2.2647E-17  2.2647E-17  7.5210E-15
  1.2948E-03  2.3782E-17  2.3782E-17  7.8741E-15
  1.3075E-03  2.4974E-17  2.4974E-17  8.2436E-15
  1.3204E-03  2.6224E-17  2.6224E-17  8.6301E-15
  1.3333E-03  2.7536E-17  2.7536E-17  9.0344E-15
  1.3464E-03  2.8912E-17  2.8912E-17  9.4574E-15
  1.3596E-03  3.0355E-17  3.0355E-17  9.8999E-15
  1.3729E-03  3.1870E-17  3.1870E-17  1.0363E-14
  1.3863E-03  3.3458E-17  3.3458E-17  1.0847E-14
  1.3998E-03  3.5125E-17  3.5125E-17  1.1353E-14
  1.4135E-03  3.6872E-17  3.6872E-17  1.1883E-14
  1.4273E-03  3.8706E-17  3.8706E-17  1.2437E-14
  1.4412E-03  4.0629E-17  4.0629E-17  1.3017E-14
  1.4552E-03  4.2645E-17  4.2645E-17  1.3623E-14
  1.4694E-03  4.4761E-17  4.4761E-17  1.4257E-14
  1.4837E-03  4.6979E-17  4.6979E-17  1.4920E-14
  1.4981E-03  4.9306E-17  4.9306E-17  1.5614E-14
  1.5126E-03  5.1745E-17  5.1745E-17  1.6339E-14
  1.5273E-03  5.4304E-17  5.4304E-17  1.7098E-14
  1.5421E-03  5.6987E-17  5.6987E-17  1.7891E-14
  1.5570E-03  5.9801E-17  5.9801E-17  1.8721E-14
  1.5721E-03  6.2751E-17  6.2751E-17  1.9588E-14
  1.5873E-03  6.5844E-17  6.5844E-17  2.0496E-14
  1.6026E-03  6.9088E-17  6.9088E-17  2.1444E-14
  1.6181E-03  7.2489E-17  7.2489E-17  2.2437E-14
  1.6337E-03  7.6055E-17  7.6055E-17  2.3474E-14
  1.6495E-03  7.9794E-17  7.9794E-17  2.4559E-14
  1.6654E-03  8.3713E-17  8.3713E-17  2.5693E-14
  1.6814E-03  8.7822E-17  8.7822E-17  2.6880E-14
  1.6976E-03  9.2130E-17  9.2130E-17  2.8120E-14
  1.7139E-03  9.6647E-17  9.6647E-17  2.9417E-14
  1.7304E-03  1.0138E-16  1.0138E-16  3.0773E-14
  1.7470E-03  1.0634E-16  1.0634E-16  3.2191E-14
  1.7638E-03  1.1155E-16  1.1155E-16  3.3673E-14
  1.7807E-03  1.1700E-16  1.1700E-16  3.5223E-14
  1.7978E-03  1.2272E-16  1.2272E-16  3.6843E-14
  1.8150E-03  1.2871E-16  1.2871E-16  3.8537E-14
  1.8324E-03  1.3499E-16  1.3499E-16  4.0309E-14
  1.8499E-03  1.4157E-16  1.4157E-16  4.2160E-14
  1.8676E-03  1.4847E-16  1.4847E-16  4.4096E-14
  1.8854E-03  1.5570E-16  1.5570E-16  4.6120E-14
  1.9035E-03  1.6328E-16  1.6328E-16  4.8236E-14
  1.9216E-03  1.7122E-16  1.7122E-16  5.0448E-14
  1.9400E-03  1.7955E-16  1.7955E-16  5.2760E-14
  1.9584E-03  1.8827E-16  1.8827E-16  5.5177E-14
  1.9771E-03  1.9741E-16  1.9741E-16  5.7704E-14
  1.9959E-03  2.0699E-16  2.0699E-16  6.0345E-14
  2.0149E-03  2.1703E-16  2.1703E-16  6.3106E-14
  2.0341E-03  2.2755E-16  2.2755E-16  6.5992E-14
  2.0534E-03  2.3857E-16  2.3857E-16  6.9009E-14
  2.0729E-03  2.5012E-16  2.5012E-16  7.2163E-14
  2.0926E-03  2.6223E-16  2.6223E-16  7.5459E-14
  2.1125E-03  2.7491E-16  2.7491E-16  7.8905E-14
  2.1325E-03  2.8820E-16  2.8820E-16  8.2507E-14
  2.1527E-03  3.0212E-16  3.0212E-16  8.6271E-14
  2.1731E-03  3.1671E-16  3.1671E-16  9.0206E-14
  2.1937E-03  3.3199E-16  3.3199E-16  9.4318E-14
  2.2145E-03  3.4801E-16  3.4801E-16  9.8617E-14
  2.2354E-03  3.6478E-16  3.6478E-16  1.0311E-13
  2.2566E-03  3.8236E-16  3.8236E-16  1.0781E-13
  2.2779E-03  4.0077E-16  4.0077E-16  1.1271E-13
  2.2994E-03  4.2006E-16  4.2006E-16  1.1784E-13
  2.3211E-03  4.4027E-16  4.4027E-16  1.2320E-13
  2.3430E-03  4.6144E-16  4.6144E-16  1.2881E-13
  2.3651E-03  4.8362E-16  4.8362E-16  1.3466E-13
  2.3874E-03  5.0685E-16  5.0685E-16  1.4078E-13
  2.4099E-03  5.3118E-16  5.3118E-16  1.4718E-13
  2.4326E-03  5.5668E-16  5.5668E-16  1.5386E-13
  2.4555E-03  5.8338E-16  5.8338E-16  1.6084E-13
  2.4786E-03  6.1135E-16  6.1135E-16  1.6814E-13
  2.5020E-03  6.4065E-16  6.4065E-16  1.7577E-13
  2.5255E-03  6.7134E-16  6.7134E-16  1.8374E-13
  2.5492E-03  7.0348E-16  7.0348E-16  1.9207E-13
  2.5732E-03  7.3714E-16  7.3714E-16  2.0078E-13
  2.5973E-03  7.7241E-16  7.7241E-16  2.0988E-13
  2.6217E-03  8.0934E-16  8.0934E-16  2.1938E-13
  2.6463E-03  8.4802E-16  8.4802E-16  2.2932E-13
  2.6711E-03  8.8853E-16  8.8853E-16  2.3970E-13
  2.6961E-03  9.3096E-16  9.3096E-16  2.5055E-13
  2.7214E-03  9.7539E-16  9.7539E-16  2.6188E-13
  2.7469E-03  1.0219E-15  1.0219E-15  2.7373E-13
  2.7726E-03  1.0707E-15  1.0707E-15  2.8611E-13
  2.7985E-03  1.1217E-15  1.1217E-15  2.9904E-13
  2.8247E-03  1.1752E-15  1.1752E-15  3.1255E-13
  2.8511E-03  1.2311E-15  1.2311E-15  3.2667E-13
  2.8778E-03  1.2897E-15  1.2897E-15  3.4143E-13
  2.9047E-03  1.3511E-15  1.3511E-15  3.5684E-13
  2.9318E-03  1.4154E-15  1.4154E-15  3.7295E-13
  2.9592E-03  1.4827E-15  1.4827E-15  3.8978E-13
  2.9868E-03  1.5532E-15  1.5532E-15  4.0737E-13
  3.0146E-03  1.6270E-15  1.6270E-15  4.2574E-13
  3.0427E-03  1.7043E-15  1.7043E-15  4.4494E-13
  3.0711E-03  1.7852E-15  1.7852E-15  4.6500E-13
  3.0997E-03  1.8699E-15  1.8699E-15  4.8595E-13
  3.1286E-03  1.9586E-15  1.9586E-15  5.0785E-13
  3.1577E-03  2.0515E-15  2.0515E-15  5.3073E-13
  3.1871E-03  2.1488E-15  2.1488E-15  5.5463E-13
  3.2168E-03  2.2506E-15  2.2506E-15  5.7960E-13
  3.2467E-03  2.3573E-15  2.3573E-15  6.0569E-13
  3.2769E-03  2.4689E-15  2.4689E-15  6.3295E-13
  3.3073E-03  2.5858E-15  2.5858E-15  6.6142E-13
  3.3380E-03  2.7082E-15  2.7082E-15  6.9117E-13
  3.3690E-03  2.8363E-15  2.8363E-15  7.2226E-13
  3.4003E-03  2.9704E-15  2.9704E-15  7.5473E-13
  3.4319E-03  3.1109E-15  3.1109E-15  7.8865E-13
  3.4637E-03  3.2579E-15  3.2579E-15  8.2409E-13
  3.4959E-03  3.4118E-15  3.4118E-15  8.6112E-13
  3.5283E-03  3.5729E-15  3.5729E-15  8.9980E-13
  3.5610E-03  3.7416E-15  3.7416E-15  9.4021E-13
  3.5940E-03  3.9182E-15  3.9182E-15  9.8242E-13
  3.6273E-03  4.1031E-15  4.1031E-15  1.0265E-12
  3.6609E-03  4.2966E-15  4.2966E-15  1.0726E-12
  3.6947E-03  4.4992E-15  4.4992E-15  1.1207E-12
  3.7289E-03  4.7113E-15  4.7113E-15  1.1710E-12
  3.7634E-03  4.9334E-15  4.9334E-15  1.2235E-12
  3.7982E-03  5.1658E-15  5.1658E-15  1.2784E-12
  3.8334E-03  5.4090E-15  5.4090E-15  1.3357E-12
  3.8688E-03  5.6637E-15  5.6637E-15  1.3955E-12
  3.9046E-03  5.9303E-15  5.9303E-15  1.4581E-12
  3.9406E-03  6.2093E-15  6.2093E-15  1.5234E-12
  3.9770E-03  6.5014E-15  6.5014E-15  1.5916E-12
  4.0137E-03  6.8071E-15  6.8071E-15  1.6629E-12
  4.0508E-03  7.1271E-15  7.1271E-15  1.7374E-12
  4.0882E-03  7.4621E-15  7.4621E-15  1.8151E-12
  4.1259E-03  7.8127E-15  7.8127E-15  1.8964E-12
  4.1639E-03  8.1797E-15  8.1797E-15  1.9812E-12
  4.2023E-03  8.5638E-15  8.5638E-15  2.0699E-12
  4.2411E-03  8.9658E-15  8.9658E-15  2.1624E-12
  4.2801E-03  9.3866E-15  9.3866E-15  2.2591E-12
  4.3196E-03  9.8270E-15  9.8270E-15  2.3602E-12
  4.3594E-03  1.0288E-14  1.0288E-14  2.4657E-12
  4.3995E-03  1.0770E-14  1.0770E-14  2.5759E-12
  4.4400E-03  1.1275E-14  1.1275E-14  2.6910E-12
  4.4809E-03  1.1804E-14  1.1804E-14  2.8112E-12
  4.5221E-03  1.2357E-14  1.2357E-14  2.9367E-12
  4.5637E-03  1.2936E-14  1.2936E-14  3.0679E-12
  4.6056E-03  1.3542E-14  1.3542E-14  3.2049E-12
  4.6480E-03  1.4176E-14  1.4176E-14  3.3479E-12
  4.6907E-03  1.4839E-14  1.4839E-14  3.4974E-12
  4.7338E-03  1.5534E-14  1.5534E-14  3.6534E-12
  4.7773E-03  1.6261E-14  1.6261E-14  3.8164E-12
  4.8212E-03  1.7021E-14  1.7021E-14  3.9867E-12
  4.8655E-03  1.7817E-14  1.7817E-14  4.1645E-12
  4.9101E-03  1.8650E-14  1.8650E-14  4.3502E-12
  4.9552E-03  1.9522E-14  1.9522E-14  4.5441E-12
  5.0007E-03  2.0434E-14  2.0434E-14  4.7467E-12
  5.0465E-03  2.1389E-14  2.1389E-14  4.9582E-12
  5.0928E-03  2.2388E-14  2.2388E-14  5.1792E-12
  5.1395E-03  2.3434E-14  2.3434E-14  5.4099E-12
  5.1867E-03  2.4528E-14  2.4528E-14  5.6509E-12
  5.2342E-03  2.5673E-14  2.5673E-14  5.9025E-12
  5.2822E-03  2.6871E-14  2.6871E-14  6.1653E-12
  5.3306E-03  2.8124E-14  2.8124E-14  6.4398E-12
  5.3794E-03  2.9436E-14  2.9436E-14  6.7264E-12
  5.4287E-03  3.0809E-14  3.0809E-14  7.0257E-12
  5.4784E-03  3.2246E-14  3.2246E-14  7.3383E-12
  5.5285E-03  3.3749E-14  3.3749E-14  7.6648E-12
  5.5791E-03  3.5322E-14  3.5322E-14  8.0057E-12
  5.6302E-03  3.6968E-14  3.6968E-14  8.3617E-12
  5.6817E-03  3.8690E-14  3.8690E-14  8.7334E-12
  5.7336E-03  4.0492E-14  4.0492E-14  9.1216E-12
  5.7861E-03  4.2378E-14  4.2378E-14  9.5270E-12
  5.8390E-03  4.4351E-14  4.4351E-14  9.9503E-12
  5.8924E-03  4.6416E-14  4.6416E-14  1.0392E-11
  5.9462E-03  4.8576E-14  4.8576E-14  1.0854E-11
  6.0006E-03  5.0837E-14  5.0837E-14  1.1336E-11
  6.0554E-03  5.3202E-14  5.3202E-14  1.1839E-11
  6.1107E-03  5.5677E-14  5.5677E-14  1.2365E-11
  6.1665E-03  5.8266E-14  5.8266E-14  1.2914E-11
  6.2228E-03  6.0975E-14  6.0975E-14  1.3487E-11
  6.2796E-03  6.3810E-14  6.3810E-14  1.4085E-11
  6.3369E-03  6.6776E-14  6.6776E-14  1.4710E-11
  6.3948E-03  6.9879E-14  6.9879E-14  1.5363E-11
  6.4531E-03  7.3126E-14  7.3126E-14  1.6044E-11
  6.5120E-03  7.6523E-14  7.6523E-14  1.6755E-11
  6.5714E-03  8.0077E-14  8.0077E-14  1.7498E-11
  6.6313E-03  8.3796E-14  8.3796E-14  1.8273E-11
  6.6918E-03  8.7687E-14  8.7687E-14  1.9083E-11
  6.7528E-03  9.1757E-14  9.1757E-14  1.9929E-11
  6.8144E-03  9.6016E-14  9.6016E-14  2.0811E-11
  6.8765E-03  1.0047E-13  1.0047E-13  2.1733E-11
  6.9391E-03  1.0513E-13  1.0513E-13  2.2695E-11
  7.0023E-03  1.1001E-13  1.1001E-13  2.3700E-11
  7.0661E-03  1.1511E-13  1.1511E-13  2.4749E-11
  7.1305E-03  1.2045E-13  1.2045E-13  2.5844E-11
  7.1954E-03  1.2604E-13  1.2604E-13  2.6988E-11
  7.2609E-03  1.3188E-13  1.3188E-13  2.8181E-11
  7.3270E-03  1.3799E-13  1.3799E-13  2.9428E-11
  7.3937E-03  1.4439E-13  1.4439E-13  3.0729E-11
  7.4610E-03  1.5108E-13  1.5108E-13  3.2087E-11
  7.5289E-03  1.5808E-13  1.5808E-13  3.3506E-11
  7.5974E-03  1.6540E-13  1.6540E-13  3.4986E-11
  7.6665E-03  1.7306E-13  1.7306E-13  3.6532E-11
  7.7362E-03  1.8108E-13  1.8108E-13  3.8146E-11
  7.8066E-03  1.8946E-13  1.8946E-13  3.9831E-11
  7.8776E-03  1.9824E-13  1.9824E-13  4.1589E-11
  7.9492E-03  2.0741E-13  2.0741E-13  4.3425E-11
  8.0214E-03  2.1701E-13  2.1701E-13  4.5342E-11
  8.0943E-03  2.2705E-13  2.2705E-13  4.7343E-11
  8.1679E-03  2.3756E-13  2.3756E-13  4.9432E-11
  8.2421E-03  2.4855E-13  2.4855E-13  5.1612E-11
  8.3170E-03  2.6005E-13  2.6005E-13  5.3889E-11
  8.3925E-03  2.7207E-13  2.7207E-13  5.6265E-11
  8.4688E-03  2.8466E-13  2.8466E-13  5.8745E-11
  8.5457E-03  2.9782E-13  2.9782E-13  6.1334E-11
  8.6233E-03  3.1159E-13  3.1159E-13  6.4037E-11
  8.7016E-03  3.2599E-13  3.2599E-13  6.6858E-11
  8.7805E-03  3.4106E-13  3.4106E-13  6.9803E-11
  8.8602E-03  3.5682E-13  3.5682E-13  7.2876E-11
  8.9406E-03  3.7331E-13  3.7331E-13  7.6085E-11
  9.0218E-03  3.9055E-13  3.9055E-13  7.9434E-11
  9.1036E-03  4.0860E-13  4.0860E-13  8.2929E-11
  9.1862E-03  4.2747E-13  4.2747E-13  8.6578E-11
  9.2695E-03  4.4721E-13  4.4721E-13  9.0386E-11
  9.3536E-03  4.6786E-13  4.6786E-13  9.4361E-11
  9.4384E-03  4.8946E-13  4.8946E-13  9.8510E-11
  9.5240E-03  5.1206E-13  5.1206E-13  1.0284E-10
  9.6104E-03  5.3570E-13  5.3570E-13  1.0736E-10
  9.6975E-03  5.6042E-13  5.6042E-13  1.1208E-10
  9.7854E-03  5.8629E-13  5.8629E-13  1.1700E-10
  9.8741E-03  6.1334E-13  6.1334E-13  1.2214E-10
  9.9635E-03  6.4164E-13  6.4164E-13  1.2750E-10
  1.0054E-02  6.7124E-13  6.7124E-13  1.3310E-10
  1.0145E-02  7.0220E-13  7.0220E-13  1.3894E-10
  1.0237E-02  7.3459E-13  7.3459E-13  1.4503E-10
  1.0330E-02  7.6847E-13  7.6847E-13  1.5140E-10
  1.0423E-02  8.0390E-13  8.0390E-13  1.5804E-10
  1.0517E-02  8.4097E-13  8.4097E-13  1.6496E-10
  1.0613E-02  8.7974E-13  8.7974E-13  1.7219E-10
  1.0709E-02  9.2029E-13  9.2029E-13  1.7974E-10
  1.0806E-02  9.6271E-13  9.6271E-13  1.8761E-10
  1.0904E-02  1.0071E-12  1.0071E-12  1.9583E-10
  1.1002E-02  1.0535E-12  1.0535E-12  2.0441E-10
  1.1102E-02  1.1020E-12  1.1020E-12  2.1335E-10
  1.1202E-02  1.1528E-12  1.1528E-12  2.2269E-10
  1.1304E-02  1.2059E-12  1.2059E-12  2.3243E-10
  1.1406E-02  1.2615E-12  1.2615E-12  2.4260E-10
  1.1509E-02  1.3196E-12  1.3196E-12  2.5321E-10
  1.1613E-02  1.3803E-12  1.3803E-12  2.6428E-10
  1.1718E-02  1.4439E-12  1.4439E-12  2.7583E-10
  1.1824E-02  1.5104E-12  1.5104E-12  2.8788E-10
  1.1931E-02  1.5799E-12  1.5799E-12  3.0046E-10
  1.2039E-02  1.6526E-12  1.6526E-12  3.1358E-10
  1.2148E-02  1.7287E-12  1.7287E-12  3.2727E-10
  1.2258E-02  1.8083E-12  1.8083E-12  3.4155E-10
  1.2369E-02  1.8915E-12  1.8915E-12  3.5646E-10
  1.2480E-02  1.9786E-12  1.9786E-12  3.7200E-10
  1.2593E-02  2.0696E-12  2.0696E-12  3.8823E-10
  1.2707E-02  2.1648E-12  2.1648E-12  4.0515E-10
  1.2822E-02  2.2644E-12  2.2644E-12  4.2281E-10
  1.2938E-02  2.3686E-12  2.3686E-12  4.4123E-10
  1.3054E-02  2.4775E-12  2.4775E-12  4.6045E-10
  1.3172E-02  2.5915E-12  2.5915E-12  4.8050E-10
  1.3291E-02  2.7106E-12  2.7106E-12  5.0142E-10
  1.3411E-02  2.8353E-12  2.8353E-12  5.2324E-10
  1.3533E-02  2.9657E-12  2.9657E-12  5.4600E-10
  1.3655E-02  3.1020E-12  3.1020E-12  5.6975E-10
  1.3778E-02  3.2446E-12  3.2446E-12  5.9452E-10
  1.3902E-02  3.3938E-12  3.3938E-12  6.2036E-10
  1.4028E-02  3.5498E-12  3.5498E-12  6.4731E-10
  1.4155E-02  3.7129E-12  3.7129E-12  6.7543E-10
  1.4282E-02  3.8836E-12  3.8836E-12  7.0476E-10
  1.4411E-02  4.0620E-12  4.0620E-12  7.3535E-10
  1.4541E-02  4.2487E-12  4.2487E-12  7.6726E-10
  1.4673E-02  4.4439E-12  4.4439E-12  8.0054E-10
  1.4805E-02  4.6481E-12  4.6481E-12  8.3526E-10
  1.4939E-02  4.8616E-12  4.8616E-12  8.7147E-10
  1.5073E-02  5.0849E-12  5.0849E-12  9.0924E-10
  1.5209E-02  5.3185E-12  5.3185E-12  9.4863E-10
  1.5347E-02  5.5628E-12  5.5628E-12  9.8971E-10
  1.5485E-02  5.8183E-12  5.8183E-12  1.0326E-09
  1.5625E-02  6.0854E-12  6.0854E-12  1.0772E-09
  1.5766E-02  6.3649E-12  6.3649E-12  1.1238E-09
  1.5908E-02  6.6571E-12  6.6571E-12  1.1724E-09
  1.6051E-02  6.9628E-12  6.9628E-12  1.2231E-09
  1.6196E-02  7.2824E-12  7.2824E-12  1.2760E-09
  1.6342E-02  7.6167E-12  7.6167E-12  1.3311E-09
  1.6489E-02  7.9663E-12  7.9663E-12  1.3886E-09
  1.6638E-02  8.3320E-12  8.3320E-12  1.4485E-09
  1.6788E-02  8.7144E-12  8.7144E-12  1.5110E-09
  1.6939E-02  9.1143E-12  9.1143E-12  1.5762E-09
  1.7092E-02  9.5326E-12  9.5326E-12  1.6442E-09
  1.7246E-02  9.9700E-12  9.9700E-12  1.7150E-09
  1.7402E-02  1.0427E-11  1.0427E-11  1.7889E-09
  1.7558E-02  1.0906E-11  1.0906E-11  1.8660E-09
  1.7717E-02  1.1406E-11  1.1406E-11  1.9463E-09
  1.7876E-02  1.1929E-11  1.1929E-11  2.0301E-09
  1.8037E-02  1.2477E-11  1.2477E-11  2.1174E-09
  1.8200E-02  1.3049E-11  1.3049E-11  2.2085E-09
  1.8364E-02  1.3647E-11  1.3647E-11  2.3034E-09
  1.8529E-02  1.4273E-11  1.4273E-11  2.4023E-09
  1.8696E-02  1.4928E-11  1.4928E-11  2.5055E-09
  1.8865E-02  1.5612E-11  1.5612E-11  2.6131E-09
  1.9035E-02  1.6328E-11  1.6328E-11  2.7252E-09
  1.9206E-02  1.7077E-11  1.7077E-11  2.8421E-09
  1.9379E-02  1.7860E-11  1.7860E-11  2.9640E-09
  1.9553E-02  1.8679E-11  1.8679E-11  3.0910E-09
  1.9730E-02  1.9535E-11  1.9535E-11  3.2234E-09
  1.9907E-02  2.0431E-11  2.0431E-11  3.3614E-09
  2.0086E-02  2.1367E-11  2.1367E-11  3.5053E-09
  2.0267E-02  2.2347E-11  2.2347E-11  3.6553E-09
  2.0450E-02  2.3371E-11  2.3371E-11  3.8116E-09
  2.0634E-02  2.4442E-11  2.4442E-11  3.9745E-09
  2.0820E-02  2.5562E-11  2.5562E-11  4.1443E-09
  2.1007E-02  2.6733E-11  2.6733E-11  4.3213E-09
  2.1196E-02  2.7958E-11  2.7958E-11  4.5058E-09
  2.1387E-02  2.9239E-11  2.9239E-11  4.6980E-09
  2.1579E-02  3.0579E-11  3.0579E-11  4.8983E-09
  2.1774E-02  3.1980E-11  3.1980E-11  5.1071E-09
  2.1969E-02  3.3445E-11  3.3445E-11  5.3247E-09
  2.2167E-02  3.4977E-11  3.4977E-11  5.5515E-09
  2.2367E-02  3.6579E-11  3.6579E-11  5.7877E-09
  2.2568E-02  3.8255E-11  3.8255E-11  6.0340E-09
  2.2771E-02  4.0007E-11  4.0007E-11  6.2905E-09
  2.2976E-02  4.1839E-11  4.1839E-11  6.5579E-09
  2.3183E-02  4.3756E-11  4.3756E-11  6.8365E-09
  2.3391E-02  4.5759E-11  4.5759E-11  7.1267E-09
  2.3601E-02  4.7855E-11  4.7855E-11  7.4291E-09
  2.3814E-02  5.0046E-11  5.0046E-11  7.7442E-09
  2.4028E-02  5.2338E-11  5.2338E-11  8.0725E-09
  2.4244E-02  5.4734E-11  5.4734E-11  8.4146E-09
  2.4462E-02  5.7240E-11  5.7240E-11  8.7709E-09
  2.4682E-02  5.9861E-11  5.9861E-11  9.1421E-09
  2.4904E-02  6.2601E-11  6.2601E-11  9.5289E-09
  2.5128E-02  6.5467E-11  6.5467E-11  9.9317E-09
  2.5354E-02  6.8464E-11  6.8464E-11  1.0351E-08
  2.5582E-02  7.1598E-11  7.1598E-11  1.0789E-08
  2.5812E-02  7.4875E-11  7.4875E-11  1.1244E-08
  2.6044E-02  7.8302E-11  7.8302E-11  1.1718E-08
  2.6278E-02  8.1886E-11  8.1886E-11  1.2212E-08
  2.6514E-02  8.5634E-11  8.5634E-11  1.2727E-08
  2.6753E-02  8.9553E-11  8.9553E-11  1.3263E-08
  2.6993E-02  9.3651E-11  9.3651E-11  1.3821E-08
  2.7236E-02  9.7936E-11  9.7936E-11  1.4403E-08
  2.7481E-02  1.0242E-10  1.0242E-10  1.5008E-08
  2.7728E-02  1.0710E-10  1.0710E-10  1.5639E-08
  2.7977E-02  1.1200E-10  1.1200E-10  1.6295E-08
  2.8228E-02  1.1713E-10  1.1713E-10  1.6979E-08
  2.8482E-02  1.2249E-10  1.2249E-10  1.7691E-08
  2.8738E-02  1.2809E-10  1.2809E-10  1.8433E-08
  2.8996E-02  1.3395E-10  1.3395E-10  1.9205E-08
  2.9257E-02  1.4008E-10  1.4008E-10  2.0009E-08
  2.9520E-02  1.4649E-10  1.4649E-10  2.0846E-08
  2.9785E-02  1.5319E-10  1.5319E-10  2.1718E-08
  3.0053E-02  1.6019E-10  1.6019E-10  2.2625E-08
  3.0323E-02  1.6752E-10  1.6752E-10  2.3570E-08
  3.0595E-02  1.7518E-10  1.7518E-10  2.4554E-08
  3.0870E-02  1.8319E-10  1.8319E-10  2.5578E-08
  3.1147E-02  1.9157E-10  1.9157E-10  2.6644E-08
  3.1427E-02  2.0033E-10  2.0033E-10  2.7753E-08
  3.1709E-02  2.0949E-10  2.0949E-10  2.8909E-08
  3.1994E-02  2.1907E-10  2.1907E-10  3.0111E-08
  3.2281E-02  2.2909E-10  2.2909E-10  3.1363E-08
  3.2571E-02  2.3957E-10  2.3957E-10  3.2665E-08
  3.2864E-02  2.5052E-10  2.5052E-10  3.4021E-08
  3.3159E-02  2.6198E-10  2.6198E-10  3.5432E-08
  3.3457E-02  2.7395E-10  2.7395E-10  3.6901E-08
  3.3757E-02  2.8648E-10  2.8648E-10  3.8430E-08
  3.4061E-02  2.9957E-10  2.9957E-10  4.0020E-08
  3.4366E-02  3.1327E-10  3.1327E-10  4.1676E-08
  3.4675E-02  3.2759E-10  3.2759E-10  4.3398E-08
  3.4986E-02  3.4257E-10  3.4257E-10  4.5191E-08
  3.5301E-02  3.5822E-10  3.5822E-10  4.7056E-08
  3.5617E-02  3.7460E-10  3.7460E-10  4.8996E-08
  3.5937E-02  3.9172E-10  3.9172E-10  5.1016E-08
  3.6260E-02  4.0963E-10  4.0963E-10  5.3117E-08
  3.6585E-02  4.2835E-10  4.2835E-10  5.5302E-08
  3.6914E-02  4.4792E-10  4.4792E-10  5.7576E-08
  3.7245E-02  4.6840E-10  4.6840E-10  5.9942E-08
  3.7580E-02  4.8980E-10  4.8980E-10  6.2403E-08
  3.7917E-02  5.1219E-10  5.1219E-10  6.4963E-08
  3.8257E-02  5.3559E-10  5.3559E-10  6.7626E-08
  3.8601E-02  5.6007E-10  5.6007E-10  7.0395E-08
  3.8947E-02  5.8566E-10  5.8566E-10  7.3276E-08
  3.9297E-02  6.1242E-10  6.1242E-10  7.6273E-08
  3.9650E-02  6.4040E-10  6.4040E-10  7.9389E-08
  4.0006E-02  6.6966E-10  6.6966E-10  8.2631E-08
  4.0365E-02  7.0026E-10  7.0026E-10  8.6001E-08
  4.0727E-02  7.3226E-10  7.3226E-10  8.9507E-08
  4.1092E-02  7.6571E-10  7.6571E-10  9.3152E-08
  4.1461E-02  8.0069E-10  8.0069E-10  9.6942E-08
  4.1833E-02  8.3727E-10  8.3727E-10  1.0088E-07
  4.2209E-02  8.7552E-10  8.7552E-10  1.0498E-07
  4.2587E-02  9.1552E-10  9.1552E-10  1.0924E-07
  4.2970E-02  9.5734E-10  9.5734E-10  1.1367E-07
  4.3355E-02  1.0011E-09  1.0011E-09  1.1828E-07
  4.3744E-02  1.0468E-09  1.0468E-09  1.2307E-07
  4.4137E-02  1.0946E-09  1.0946E-09  1.2804E-07
  4.4533E-02  1.1446E-09  1.1446E-09  1.3322E-07
  4.4932E-02  1.1969E-09  1.1969E-09  1.3860E-07
  4.5335E-02  1.2516E-09  1.2516E-09  1.4419E-07
  4.5742E-02  1.3087E-09  1.3087E-09  1.5000E-07
  4.6152E-02  1.3685E-09  1.3685E-09  1.5604E-07
  4.6567E-02  1.4310E-09  1.4310E-09  1.6231E-07
  4.6984E-02  1.4964E-09  1.4964E-09  1.6884E-07
  4.7406E-02  1.5647E-09  1.5647E-09  1.7561E-07
  4.7831E-02  1.6361E-09  1.6361E-09  1.8266E-07
  4.8260E-02  1.7109E-09  1.7109E-09  1.8998E-07
  4.8693E-02  1.7890E-09  1.7890E-09  1.9758E-07
  4.9130E-02  1.8707E-09  1.8707E-09  2.0549E-07
  4.9570E-02  1.9561E-09  1.9561E-09  2.1370E-07
  5.0015E-02  2.0454E-09  2.0454E-09  2.2223E-07
  5.0464E-02  2.1388E-09  2.1388E-09  2.3109E-07
  5.0916E-02  2.2365E-09  2.2365E-09  2.4030E-07
  5.1373E-02  2.3386E-09  2.3386E-09  2.4986E-07
  5.1834E-02  2.4454E-09  2.4454E-09  2.5979E-07
  5.2299E-02  2.5570E-09  2.5570E-09  2.7011E-07
  5.2768E-02  2.6738E-09  2.6738E-09  2.8083E-07
  5.3241E-02  2.7959E-09  2.7959E-09  2.9196E-07
  5.3718E-02  2.9235E-09  2.9235E-09  3.0352E-07
  5.4200E-02  3.0570E-09  3.0570E-09  3.1553E-07
  5.4686E-02  3.1965E-09  3.1965E-09  3.2800E-07
  5.5177E-02  3.3425E-09  3.3425E-09  3.4094E-07
  5.5671E-02  3.4950E-09  3.4950E-09  3.5438E-07
  5.6171E-02  3.6546E-09  3.6546E-09  3.6834E-07
  5.6674E-02  3.8214E-09  3.8214E-09  3.8283E-07
  5.7182E-02  3.9959E-09  3.9959E-09  3.9788E-07
  5.7695E-02  4.1783E-09  4.1783E-09  4.1350E-07
  5.8212E-02  4.3690E-09  4.3690E-09  4.2971E-07
  5.8734E-02  4.5684E-09  4.5684E-09  4.4655E-07
  5.9261E-02  4.7769E-09  4.7769E-09  4.6402E-07
  5.9792E-02  4.9950E-09  4.9950E-09  4.8215E-07
  6.0328E-02  5.2230E-09  5.2230E-09  5.0098E-07
  6.0869E-02  5.4614E-09  5.4614E-09  5.2051E-07
  6.1415E-02  5.7106E-09  5.7106E-09  5.4078E-07
  6.1966E-02  5.9713E-09  5.9713E-09  5.6182E-07
  6.2521E-02  6.2438E-09  6.2438E-09  5.8365E-07
  6.3082E-02  6.5288E-09  6.5288E-09  6.0631E-07
  6.3647E-02  6.8267E-09  6.8267E-09  6.2981E-07
  6.4218E-02  7.1383E-09  7.1383E-09  6.5420E-07
  6.4793E-02  7.4641E-09  7.4641E-09  6.7950E-07
  6.5374E-02  7.8047E-09  7.8047E-09  7.0574E-07
  6.5960E-02  8.1609E-09  8.1609E-09  7.3297E-07
  6.6552E-02  8.5333E-09  8.5333E-09  7.6122E-07
  6.7148E-02  8.9227E-09  8.9227E-09  7.9051E-07
  6.7750E-02  9.3299E-09  9.3299E-09  8.2090E-07
  6.8357E-02  9.7556E-09  9.7556E-09  8.5241E-07
  6.8970E-02  1.0201E-08  1.0201E-08  8.8510E-07
  6.9588E-02  1.0666E-08  1.0666E-08  9.1899E-07
  7.0212E-02  1.1153E-08  1.1153E-08  9.5414E-07
  7.0841E-02  1.1662E-08  1.1662E-08  9.9058E-07
  7.1476E-02  1.2194E-08  1.2194E-08  1.0284E-06
  7.2117E-02  1.2750E-08  1.2750E-08  1.0675E-06
  7.2763E-02  1.3332E-08  1.3332E-08  1.1082E-06
  7.3415E-02  1.3941E-08  1.3941E-08  1.1503E-06
  7.4073E-02  1.4577E-08  1.4577E-08  1.1939E-06
  7.4737E-02  1.5242E-08  1.5242E-08  1.2392E-06
  7.5407E-02  1.5937E-08  1.5937E-08  1.2861E-06
  7.6083E-02  1.6664E-08  1.6664E-08  1.3347E-06
  7.6764E-02  1.7425E-08  1.7425E-08  1.3851E-06
  7.7452E-02  1.8220E-08  1.8220E-08  1.4373E-06
  7.8146E-02  1.9051E-08  1.9051E-08  1.4914E-06
  7.8847E-02  1.9920E-08  1.9920E-08  1.5474E-06
  7.9553E-02  2.0829E-08  2.0829E-08  1.6055E-06
  8.0266E-02  2.1779E-08  2.1779E-08  1.6657E-06
  8.0985E-02  2.2773E-08  2.2773E-08  1.7280E-06
  8.1711E-02  2.3811E-08  2.3811E-08  1.7926E-06
  8.2443E-02  2.4898E-08  2.4898E-08  1.8596E-06
  8.3182E-02  2.6034E-08  2.6034E-08  1.9289E-06
  8.3927E-02  2.7221E-08  2.7221E-08  2.0007E-06
  8.4679E-02  2.8463E-08  2.8463E-08  2.0750E-06
  8.5438E-02  2.9761E-08  2.9761E-08  2.1520E-06
  8.6204E-02  3.1119E-08  3.1119E-08  2.2318E-06
  8.6976E-02  3.2539E-08  3.2539E-08  2.3144E-06
  8.7755E-02  3.4023E-08  3.4023E-08  2.3999E-06
  8.8542E-02  3.5575E-08  3.5575E-08  2.4884E-06
  8.9335E-02  3.7198E-08  3.7198E-08  2.5801E-06
  9.0135E-02  3.8895E-08  3.8895E-08  2.6750E-06
  9.0943E-02  4.0669E-08  4.0669E-08  2.7732E-06
  9.1758E-02  4.2524E-08  4.2524E-08  2.8749E-06
  9.2580E-02  4.4463E-08  4.4463E-08  2.9802E-06
  9.3409E-02  4.6492E-08  4.6492E-08  3.0892E-06
  9.4246E-02  4.8612E-08  4.8612E-08  3.2019E-06
  9.5090E-02  5.0830E-08  5.0830E-08  3.3186E-06
  9.5942E-02  5.3148E-08  5.3148E-08  3.4394E-06
  9.6802E-02  5.5572E-08  5.5572E-08  3.5644E-06
  9.7669E-02  5.8107E-08  5.8107E-08  3.6937E-06
  9.8544E-02  6.0757E-08  6.0757E-08  3.8275E-06
  9.9426E-02  6.3529E-08  6.3529E-08  3.9659E-06
  1.0032E-01  6.6426E-08  6.6426E-08  4.1090E-06
  1.0122E-01  6.9456E-08  6.9456E-08  4.2571E-06
  1.0212E-01  7.2624E-08  7.2624E-08  4.4103E-06
  1.0304E-01  7.5936E-08  7.5936E-08  4.5688E-06
  1.0396E-01  7.9400E-08  7.9400E-08  4.7327E-06
  1.0489E-01  8.3021E-08  8.3021E-08  4.9021E-06
  1.0583E-01  8.6808E-08  8.6808E-08  5.0774E-06
  1.0678E-01  9.0767E-08  9.0767E-08  5.2586E-06
  1.0774E-01  9.4906E-08  9.4906E-08  5.4460E-06
  1.0870E-01  9.9235E-08  9.9235E-08  5.6397E-06
  1.0967E-01  1.0376E-07  1.0376E-07  5.8400E-06
  1.1066E-01  1.0849E-07  1.0849E-07  6.0470E-06
  1.1165E-01  1.1344E-07  1.1344E-07  6.2610E-06
  1.1265E-01  1.1861E-07  1.1861E-07  6.4822E-06
  1.1366E-01  1.2402E-07  1.2402E-07  6.7109E-06
  1.1467E-01  1.2968E-07  1.2968E-07  6.9471E-06
  1.1570E-01  1.3560E-07  1.3560E-07  7.1913E-06
  1.1674E-01  1.4178E-07  1.4178E-07  7.4436E-06
  1.1778E-01  1.4825E-07  1.4825E-07  7.7044E-06
  1.1884E-01  1.5501E-07  1.5501E-07  7.9737E-06
  1.1990E-01  1.6208E-07  1.6208E-07  8.2520E-06
  1.2098E-01  1.6947E-07  1.6947E-07  8.5395E-06
  1.2206E-01  1.7720E-07  1.7720E-07  8.8365E-06
  1.2315E-01  1.8528E-07  1.8528E-07  9.1433E-06
  1.2426E-01  1.9373E-07  1.9373E-07  9.4601E-06
  1.2537E-01  2.0256E-07  2.0256E-07  9.7873E-06
  1.2649E-01  2.1180E-07  2.1180E-07  1.0125E-05
  1.2762E-01  2.2146E-07  2.2146E-07  1.0474E-05
  1.2877E-01  2.3156E-07  2.3156E-07  1.0835E-05
  1.2992E-01  2.4212E-07  2.4212E-07  1.1207E-05
  1.3108E-01  2.5316E-07  2.5316E-07  1.1591E-05
  1.3226E-01  2.6470E-07  2.6470E-07  1.1987E-05
  1.3344E-01  2.7678E-07  2.7678E-07  1.2396E-05
  1.3464E-01  2.8940E-07  2.8940E-07  1.2819E-05
  1.3584E-01  3.0260E-07  3.0260E-07  1.3255E-05
  1.3706E-01  3.1639E-07  3.1639E-07  1.3705E-05
  1.3829E-01  3.3082E-07  3.3082E-07  1.4170E-05
  1.3953E-01  3.4591E-07  3.4591E-07  1.4649E-05
  1.4078E-01  3.6169E-07  3.6169E-07  1.5143E-05
  1.4204E-01  3.7818E-07  3.7818E-07  1.5654E-05
  1.4331E-01  3.9543E-07  3.9543E-07  1.6180E-05
  1.4459E-01  4.1346E-07  4.1346E-07  1.6723E-05
  1.4589E-01  4.3231E-07  4.3231E-07  1.7284E-05
  1.4719E-01  4.5203E-07  4.5203E-07  1.7861E-05
  1.4851E-01  4.7264E-07  4.7264E-07  1.8458E-05
  1.4984E-01  4.9420E-07  4.9420E-07  1.9072E-05
  1.5118E-01  5.1674E-07  5.1674E-07  1.9706E-05
  1.5254E-01  5.4030E-07  5.4030E-07  2.0360E-05
  1.5390E-01  5.6494E-07  5.6494E-07  2.1034E-05
  1.5528E-01  5.9071E-07  5.9071E-07  2.1729E-05
  1.5667E-01  6.1765E-07  6.1765E-07  2.2446E-05
  1.5807E-01  6.4581E-07  6.4581E-07  2.3185E-05
  1.5949E-01  6.7527E-07  6.7527E-07  2.3947E-05
  1.6092E-01  7.0606E-07  7.0606E-07  2.4732E-05
  1.6236E-01  7.3826E-07  7.3826E-07  2.5541E-05
  1.6381E-01  7.7193E-07  7.7193E-07  2.6375E-05
  1.6528E-01  8.0713E-07  8.0713E-07  2.7235E-05
  1.6676E-01  8.4394E-07  8.4394E-07  2.8120E-05
  1.6825E-01  8.8243E-07  8.8243E-07  2.9033E-05
  1.6976E-01  9.2268E-07  9.2268E-07  2.9974E-05
  1.7128E-01  9.6476E-07  9.6476E-07  3.0943E-05
  1.7281E-01  1.0088E-06  1.0088E-06  3.1941E-05
  1.7436E-01  1.0548E-06  1.0548E-06  3.2969E-05
  1.7592E-01  1.1029E-06  1.1029E-06  3.4029E-05
  1.7749E-01  1.1532E-06  1.1532E-06  3.5120E-05
  1.7908E-01  1.2058E-06  1.2058E-06  3.6244E-05
  1.8069E-01  1.2608E-06  1.2608E-06  3.7402E-05
  1.8230E-01  1.3183E-06  1.3183E-06  3.8594E-05
  1.8393E-01  1.3784E-06  1.3784E-06  3.9821E-05
  1.8558E-01  1.4412E-06  1.4412E-06  4.1085E-05
  1.8724E-01  1.5070E-06  1.5070E-06  4.2387E-05
  1.8892E-01  1.5757E-06  1.5757E-06  4.3727E-05
  1.9061E-01  1.6476E-06  1.6476E-06  4.5107E-05
  1.9232E-01  1.7227E-06  1.7227E-06  4.6527E-05
  1.9404E-01  1.8013E-06  1.8013E-06  4.7989E-05
  1.9578E-01  1.8835E-06  1.8835E-06  4.9494E-05
  1.9753E-01  1.9694E-06  1.9694E-06  5.1043E-05
  1.9930E-01  2.0592E-06  2.0592E-06  5.2637E-05
  2.0108E-01  2.1531E-06  2.1531E-06  5.4277E-05
  2.0288E-01  2.2513E-06  2.2513E-06  5.5966E-05
  2.0470E-01  2.3540E-06  2.3540E-06  5.7703E-05
  2.0653E-01  2.4614E-06  2.4614E-06  5.9491E-05
  2.0838E-01  2.5737E-06  2.5737E-06  6.1330E-05
  2.1024E-01  2.6911E-06  2.6911E-06  6.3222E-05
  2.1213E-01  2.8139E-06  2.8139E-06  6.5169E-05
  2.1403E-01  2.9422E-06  2.9422E-06  6.7171E-05
  2.1594E-01  3.0764E-06  3.0764E-06  6.9231E-05
  2.1787E-01  3.2168E-06  3.2168E-06  7.1350E-05
  2.1983E-01  3.3635E-06  3.3635E-06  7.3530E-05
  2.2179E-01  3.5170E-06  3.5170E-06  7.5771E-05
  2.2378E-01  3.6774E-06  3.6774E-06  7.8077E-05
  2.2578E-01  3.8452E-06  3.8452E-06  8.0448E-05
  2.2780E-01  4.0206E-06  4.0206E-06  8.2886E-05
  2.2984E-01  4.2040E-06  4.2040E-06  8.5392E-05
  2.3190E-01  4.3958E-06  4.3958E-06  8.7970E-05
  2.3398E-01  4.5964E-06  4.5964E-06  9.0620E-05
  2.3607E-01  4.8061E-06  4.8061E-06  9.3345E-05
  2.3818E-01  5.0254E-06  5.0254E-06  9.6147E-05
  2.4032E-01  5.2547E-06  5.2547E-06  9.9027E-05
  2.4247E-01  5.4944E-06  5.4944E-06  1.0199E-04
  2.4464E-01  5.7451E-06  5.7451E-06  1.0503E-04
  2.4683E-01  6.0073E-06  6.0073E-06  1.0816E-04
  2.4904E-01  6.2814E-06  6.2814E-06  1.1137E-04
  2.5127E-01  6.5680E-06  6.5680E-06  1.1468E-04
  2.5351E-01  6.8678E-06  6.8678E-06  1.1808E-04
  2.5578E-01  7.1812E-06  7.1812E-06  1.2157E-04
  2.5807E-01  7.5089E-06  7.5089E-06  1.2515E-04
  2.6038E-01  7.8516E-06  7.8516E-06  1.2884E-04
  2.6271E-01  8.2099E-06  8.2099E-06  1.3263E-04
  2.6507E-01  8.5846E-06  8.5846E-06  1.3652E-04
  2.6744E-01  8.9763E-06  8.9763E-06  1.4052E-04
  2.6983E-01  9.3860E-06  9.3860E-06  1.4463E-04
  2.7225E-01  9.8144E-06  9.8144E-06  1.4886E-04
  2.7468E-01  1.0262E-05  1.0262E-05  1.5320E-04
  2.7714E-01  1.0731E-05  1.0731E-05  1.5766E-04
  2.7962E-01  1.1221E-05  1.1221E-05  1.6224E-04
  2.8213E-01  1.1733E-05  1.1733E-05  1.6695E-04
  2.8465E-01  1.2268E-05  1.2268E-05  1.7178E-04
  2.8720E-01  1.2828E-05  1.2828E-05  1.7675E-04
  2.8977E-01  1.3414E-05  1.3414E-05  1.8185E-04
  2.9236E-01  1.4026E-05  1.4026E-05  1.8710E-04
  2.9498E-01  1.4667E-05  1.4667E-05  1.9249E-04
  2.9762E-01  1.5336E-05  1.5336E-05  1.9802E-04
  3.0028E-01  1.6037E-05  1.6037E-05  2.0370E-04
  3.0297E-01  1.6769E-05  1.6769E-05  2.0954E-04
  3.0568E-01  1.7535E-05  1.7535E-05  2.1554E-04
  3.0842E-01  1.8335E-05  1.8335E-05  2.2170E-04
  3.1118E-01  1.9173E-05  1.9173E-05  2.2803E-04
  3.1397E-01  2.0048E-05  2.0048E-05  2.3454E-04
  3.1678E-01  2.0964E-05  2.0964E-05  2.4122E-04
  3.1961E-01  2.1921E-05  2.1921E-05  2.4808E-04
  3.2247E-01  2.2922E-05  2.2922E-05  2.5512E-04
  3.2536E-01  2.3969E-05  2.3969E-05  2.6236E-04
  3.2827E-01  2.5064E-05  2.5064E-05  2.6980E-04
  3.3121E-01  2.6209E-05  2.6209E-05  2.7744E-04
  3.3417E-01  2.7406E-05  2.7406E-05  2.8528E-04
  3.3716E-01  2.8658E-05  2.8658E-05  2.9334E-04
  3.4018E-01  2.9967E-05  2.9967E-05  3.0162E-04
  3.4323E-01  3.1336E-05  3.1336E-05  3.1013E-04
  3.4630E-01  3.2768E-05  3.2768E-05  3.1886E-04
  3.4940E-01  3.4265E-05  3.4265E-05  3.2783E-04
  3.5252E-01  3.5831E-05  3.5831E-05  3.3705E-04
  3.5568E-01  3.7468E-05  3.7468E-05  3.4652E-04
  3.5886E-01  3.9180E-05  3.9180E-05  3.5624E-04
  3.6207E-01  4.0971E-05  4.0971E-05  3.6623E-04
  3.6531E-01  4.2843E-05  4.2843E-05  3.7650E-04
  3.6858E-01  4.4801E-05  4.4801E-05  3.8704E-04
  3.7188E-01  4.6849E-05  4.6849E-05  3.9787E-04
  3.7521E-01  4.8990E-05  4.8990E-05  4.0900E-04
  3.7857E-01  5.1230E-05  5.1230E-05  4.2044E-04
  3.8196E-01  5.3572E-05  5.3572E-05  4.3219E-04
  3.8537E-01  5.6021E-05  5.6021E-05  4.4426E-04
  3.8882E-01  5.8582E-05  5.8582E-05  4.5666E-04
  3.9230E-01  6.1261E-05  6.1261E-05  4.6941E-04
  3.9581E-01  6.4062E-05  6.4062E-05  4.8251E-04
  3.9936E-01  6.6992E-05  6.6992E-05  4.9597E-04
  4.0293E-01  7.0056E-05  7.0056E-05  5.0981E-04
  4.0654E-01  7.3260E-05  7.3260E-05  5.2403E-04
  4.1018E-01  7.6611E-05  7.6611E-05  5.3864E-04
  4.1385E-01  8.0115E-05  8.0115E-05  5.5367E-04
  4.1755E-01  8.3781E-05  8.3781E-05  5.6911E-04
  4.2129E-01  8.7614E-05  8.7614E-05  5.8499E-04
  4.2506E-01  9.1622E-05  9.1622E-05  6.0131E-04
  4.2886E-01  9.5815E-05  9.5815E-05  6.1809E-04
  4.3270E-01  1.0020E-04  1.0020E-04  6.3535E-04
  4.3657E-01  1.0479E-04  1.0479E-04  6.5309E-04
  4.4048E-01  1.0958E-04  1.0958E-04  6.7134E-04
  4.4442E-01  1.1460E-04  1.1460E-04  6.9011E-04
  4.4840E-01  1.1984E-04  1.1984E-04  7.0941E-04
  4.5241E-01  1.2533E-04  1.2533E-04  7.2927E-04
  4.5646E-01  1.3107E-04  1.3107E-04  7.4969E-04
  4.6054E-01  1.3707E-04  1.3707E-04  7.7071E-04
  4.6467E-01  1.4335E-04  1.4335E-04  7.9233E-04
  4.6882E-01  1.4991E-04  1.4991E-04  8.1457E-04
  4.7302E-01  1.5678E-04  1.5678E-04  8.3746E-04
  4.7725E-01  1.6396E-04  1.6396E-04  8.6102E-04
  4.8152E-01  1.7147E-04  1.7147E-04  8.8527E-04
  4.8583E-01  1.7933E-04  1.7933E-04  9.1023E-04
  4.9018E-01  1.8755E-04  1.8755E-04  9.3592E-04
  4.9457E-01  1.9614E-04  1.9614E-04  9.6237E-04
  4.9899E-01  2.0513E-04  2.0513E-04  9.8961E-04
  5.0346E-01  2.1453E-04  2.1453E-04  1.0176E-03
  5.0796E-01  2.2437E-04  2.2437E-04  1.0465E-03
  5.1251E-01  2.3466E-04  2.3466E-04  1.0763E-03
  5.1710E-01  2.4542E-04  2.4542E-04  1.1069E-03
  5.2172E-01  2.5667E-04  2.5667E-04  1.1385E-03
  5.2639E-01  2.6845E-04  2.6845E-04  1.1710E-03
  5.3110E-01  2.8076E-04  2.8076E-04  1.2045E-03
  5.3586E-01  2.9364E-04  2.9364E-04  1.2390E-03
  5.4065E-01  3.0712E-04  3.0712E-04  1.2746E-03
  5.4549E-01  3.2121E-04  3.2121E-04  1.3113E-03
  5.5037E-01  3.3595E-04  3.3595E-04  1.3491E-03
  5.5530E-01  3.5138E-04  3.5138E-04  1.3880E-03
  5.6026E-01  3.6751E-04  3.6751E-04  1.4282E-03
  5.6528E-01  3.8439E-04  3.8439E-04  1.4697E-03
  5.7034E-01  4.0204E-04  4.0204E-04  1.5124E-03
  5.7544E-01  4.2051E-04  4.2051E-04  1.5565E-03
  5.8059E-01  4.3983E-04  4.3983E-04  1.6019E-03
  5.8579E-01  4.6004E-04  4.6004E-04  1.6488E-03
  5.9103E-01  4.8118E-04  4.8118E-04  1.6972E-03
  5.9632E-01  5.0330E-04  5.0330E-04  1.7471E-03
  6.0165E-01  5.2644E-04  5.2644E-04  1.7987E-03
  6.0704E-01  5.5064E-04  5.5064E-04  1.8518E-03
  6.1247E-01  5.7597E-04  5.7597E-04  1.9067E-03
  6.1795E-01  6.0246E-04  6.0246E-04  1.9634E-03
  6.2348E-01  6.3018E-04  6.3018E-04  2.0219E-03
  6.2906E-01  6.5918E-04  6.5918E-04  2.0824E-03
  6.3469E-01  6.8952E-04  6.8952E-04  2.1448E-03
  6.4037E-01  7.2126E-04  7.2126E-04  2.2092E-03
  6.4610E-01  7.5448E-04  7.5448E-04  2.2758E-03
  6.5188E-01  7.8923E-04  7.8923E-04  2.3446E-03
  6.5771E-01  8.2558E-04  8.2558E-04  2.4157E-03
  6.6360E-01  8.6362E-04  8.6362E-04  2.4891E-03
  6.6954E-01  9.0343E-04  9.0343E-04  2.5650E-03
  6.7553E-01  9.4507E-04  9.4507E-04  2.6435E-03
  6.8157E-01  9.8865E-04  9.8865E-04  2.7246E-03
  6.8767E-01  1.0343E-03  1.0343E-03  2.8085E-03
  6.9382E-01  1.0820E-03  1.0820E-03  2.8952E-03
  7.0003E-01  1.1319E-03  1.1319E-03  2.9849E-03
  7.0630E-01  1.1841E-03  1.1841E-03  3.0777E-03
  7.1262E-01  1.2388E-03  1.2388E-03  3.1737E-03
  7.1899E-01  1.2960E-03  1.2960E-03  3.2730E-03
  7.2543E-01  1.3559E-03  1.3559E-03  3.3757E-03
  7.3192E-01  1.4185E-03  1.4185E-03  3.4821E-03
  7.3847E-01  1.4841E-03  1.4841E-03  3.5921E-03
  7.4508E-01  1.5527E-03  1.5527E-03  3.7061E-03
  7.5174E-01  1.6246E-03  1.6246E-03  3.8240E-03
  7.5847E-01  1.6997E-03  1.6997E-03  3.9461E-03
  7.6526E-01  1.7784E-03  1.7784E-03  4.0726E-03
  7.7211E-01  1.8607E-03  1.8607E-03  4.2036E-03
  7.7901E-01  1.9469E-03  1.9469E-03  4.3393E-03
  7.8598E-01  2.0371E-03  2.0371E-03  4.4799E-03
  7.9302E-01  2.1315E-03  2.1315E-03  4.6255E-03
  8.0011E-01  2.2303E-03  2.2303E-03  4.7765E-03
  8.0727E-01  2.3338E-03  2.3338E-03  4.9329E-03
  8.1450E-01  2.4420E-03  2.4420E-03  5.0951E-03
  8.2179E-01  2.5554E-03  2.5554E-03  5.2632E-03
  8.2914E-01  2.6740E-03  2.6740E-03  5.4376E-03
  8.3656E-01  2.7982E-03  2.7982E-03  5.6183E-03
  8.4404E-01  2.9283E-03  2.9283E-03  5.8059E-03
  8.5160E-01  3.0644E-03  3.0644E-03  6.0004E-03
  8.5922E-01  3.2069E-03  3.2069E-03  6.2022E-03
  8.6690E-01  3.3562E-03  3.3562E-03  6.4116E-03
  8.7466E-01  3.5124E-03  3.5124E-03  6.6289E-03
  8.8249E-01  3.6760E-03  3.6760E-03  6.8544E-03
  8.9038E-01  3.8473E-03  3.8473E-03  7.0886E-03
  8.9835E-01  4.0266E-03  4.0266E-03  7.3317E-03
  9.0639E-01  4.2144E-03  4.2144E-03  7.5841E-03
  9.1450E-01  4.4111E-03  4.4111E-03  7.8462E-03
  9.2268E-01  4.6171E-03  4.6171E-03  8.1185E-03
  9.3094E-01  4.8328E-03  4.8328E-03  8.4014E-03
  9.3927E-01  5.0587E-03  5.0587E-03  8.6953E-03
  9.4767E-01  5.2952E-03  5.2952E-03  9.0008E-03
  9.5615E-01  5.5430E-03  5.5430E-03  9.3182E-03
  9.6471E-01  5.8026E-03  5.8026E-03  9.6482E-03
  9.7334E-01  6.0744E-03  6.0744E-03  9.9913E-03
  9.8205E-01  6.3592E-03  6.3592E-03  1.0348E-02
  9.9084E-01  6.6575E-03  6.6575E-03  1.0719E-02
  9.9970E-01  6.9700E-03  6.9700E-03  1.1105E-02
  1.0086E+00  7.2974E-03  7.2974E-03  1.1506E-02
  1.0177E+00  7.6404E-03  7.6404E-03  1.1924E-02
  1.0268E+00  7.9998E-03  7.9998E-03  1.2359E-02
  1.0360E+00  8.3763E-03  8.3763E-03  1.2811E-02
  1.0452E+00  8.7709E-03  8.7709E-03  1.3282E-02
  1.0546E+00  9.1843E-03  9.1843E-03  1.3772E-02
  1.0640E+00  9.6176E-03  9.6176E-03  1.4283E-02
  1.0735E+00  1.0072E-02  1.0072E-02  1.4815E-02
  1.0832E+00  1.0548E-02  1.0548E-02  1.5369E-02
  1.0928E+00  1.1046E-02  1.1046E-02  1.5946E-02
  1.1026E+00  1.1569E-02  1.1569E-02  1.6547E-02
  1.1125E+00  1.2117E-02  1.2117E-02  1.7174E-02
  1.1224E+00  1.2692E-02  1.2692E-02  1.7828E-02
  1.1325E+00  1.3294E-02  1.3294E-02  1.8509E-02
  1.1426E+00  1.3925E-02  1.3925E-02  1.9219E-02
  1.1528E+00  1.4587E-02  1.4587E-02  1.9960E-02
  1.1632E+00  1.5282E-02  1.5282E-02  2.0733E-02
  1.1736E+00  1.6010E-02  1.6010E-02  2.1539E-02
  1.1841E+00  1.6773E-02  1.6773E-02  2.2381E-02
  1.1947E+00  1.7574E-02  1.7574E-02  2.3259E-02
  1.2054E+00  1.8414E-02  1.8414E-02  2.4176E-02
  1.2161E+00  1.9294E-02  1.9294E-02  2.5134E-02
  1.2270E+00  2.0219E-02  2.0219E-02  2.6134E-02
  1.2380E+00  2.1188E-02  2.1188E-02  2.7178E-02
  1.2491E+00  2.2205E-02  2.2205E-02  2.8269E-02
  1.2602E+00  2.3272E-02  2.3272E-02  2.9409E-02
  1.2715E+00  2.4392E-02  2.4392E-02  3.0601E-02
  1.2829E+00  2.5568E-02  2.5568E-02  3.1847E-02
  1.2944E+00  2.6801E-02  2.6801E-02  3.3150E-02
  1.3060E+00  2.8096E-02  2.8096E-02  3.4512E-02
  1.3176E+00  2.9456E-02  2.9456E-02  3.5937E-02
  1.3294E+00  3.0883E-02  3.0883E-02  3.7428E-02
  1.3413E+00  3.2381E-02  3.2381E-02  3.8988E-02
  1.3533E+00  3.3954E-02  3.3954E-02  4.0621E-02
  1.3654E+00  3.5606E-02  3.5606E-02  4.2331E-02
  1.3777E+00  3.7342E-02  3.7342E-02  4.4121E-02
  1.3900E+00  3.9165E-02  3.9165E-02  4.5996E-02
  1.4024E+00  4.1079E-02  4.1079E-02  4.7960E-02
  1.4150E+00  4.3091E-02  4.3091E-02  5.0018E-02
  1.4276E+00  4.5205E-02  4.5205E-02  5.2175E-02
  1.4404E+00  4.7427E-02  4.7427E-02  5.4437E-02
  1.4533E+00  4.9762E-02  4.9762E-02  5.6808E-02
  1.4663E+00  5.2216E-02  5.2216E-02  5.9295E-02
  1.4794E+00  5.4796E-02  5.4796E-02  6.1904E-02
  1.4927E+00  5.7509E-02  5.7509E-02  6.4641E-02
  1.5060E+00  6.0362E-02  6.0362E-02  6.7514E-02
  1.5195E+00  6.3362E-02  6.3362E-02  7.0530E-02
  1.5331E+00  6.6518E-02  6.6518E-02  7.3697E-02
  1.5468E+00  6.9838E-02  6.9838E-02  7.7023E-02
  1.5606E+00  7.3332E-02  7.3332E-02  8.0518E-02
  1.5746E+00  7.7008E-02  7.7008E-02  8.4189E-02
  1.5887E+00  8.0877E-02  8.0877E-02  8.8049E-02
  1.6029E+00  8.4950E-02  8.4950E-02  9.2107E-02
  1.6172E+00  8.9239E-02  8.9239E-02  9.6374E-02
  1.6317E+00  9.3755E-02  9.3755E-02  1.0086E-01
  1.6463E+00  9.8511E-02  9.8511E-02  1.0558E-01
  1.6610E+00  1.0352E-01  1.0352E-01  1.1055E-01
  1.6759E+00  1.0880E-01  1.0880E-01  1.1579E-01
  1.6909E+00  1.1436E-01  1.1436E-01  1.2130E-01
  1.7060E+00  1.2023E-01  1.2023E-01  1.2710E-01
  1.7213E+00  1.2641E-01  1.2641E-01  1.3321E-01
  1.7367E+00  1.3293E-01  1.3293E-01  1.3966E-01
  1.7522E+00  1.3980E-01  1.3980E-01  1.4645E-01
  1.7679E+00  1.4705E-01  1.4705E-01  1.5361E-01
  1.7837E+00  1.5470E-01  1.5470E-01  1.6117E-01
  1.7997E+00  1.6277E-01  1.6277E-01  1.6914E-01
  1.8158E+00  1.7129E-01  1.7129E-01  1.7755E-01
  1.8320E+00  1.8029E-01  1.8029E-01  1.8643E-01
  1.8484E+00  1.8979E-01  1.8979E-01  1.9581E-01
  1.8650E+00  1.9983E-01  1.9983E-01  2.0571E-01
  1.8817E+00  2.1043E-01  2.1043E-01  2.1618E-01
  1.8985E+00  2.2164E-01  2.2164E-01  2.2724E-01
  1.9155E+00  2.3349E-01  2.3349E-01  2.3893E-01
  1.9326E+00  2.4601E-01  2.4601E-01  2.5130E-01
  1.9499E+00  2.5926E-01  2.5926E-01  2.6439E-01
  1.9674E+00  2.7328E-01  2.7328E-01  2.7824E-01
  1.9850E+00  2.8811E-01  2.8811E-01  2.9289E-01
  2.0027E+00  3.0382E-01  3.0382E-01  3.0842E-01
  2.0206E+00  3.2044E-01  3.2044E-01  3.2486E-01
  2.0387E+00  3.3805E-01  3.3805E-01  3.4228E-01
  2.0570E+00  3.5671E-01  3.5671E-01  3.6075E-01
  2.0754E+00  3.7649E-01  3.7649E-01  3.8033E-01
  2.0939E+00  3.9745E-01  3.9745E-01  4.0110E-01
  2.1127E+00  4.1968E-01  4.1968E-01  4.2313E-01
  2.1316E+00  4.4327E-01  4.4327E-01  4.4652E-01
  2.1506E+00  4.6830E-01  4.6830E-01  4.7136E-01
  2.1699E+00  4.9488E-01  4.9488E-01  4.9773E-01
  2.1893E+00  5.2310E-01  5.2310E-01  5.2576E-01
  2.2089E+00  5.5308E-01  5.5308E-01  5.5554E-01
  2.2286E+00  5.8494E-01  5.8494E-01  5.8721E-01
  2.2486E+00  6.1881E-01  6.1881E-01  6.2089E-01
  2.2687E+00  6.5484E-01  6.5484E-01  6.5673E-01
  2.2890E+00  6.9317E-01  6.9317E-01  6.9488E-01
  2.3095E+00  7.3396E-01  7.3396E-01  7.3550E-01
  2.3301E+00  7.7741E-01  7.7741E-01  7.7876E-01
  2.3510E+00  8.2368E-01  8.2368E-01  8.2487E-01
  2.3720E+00  8.7300E-01  8.7300E-01  8.7401E-01
  2.3933E+00  9.2557E-01  9.2557E-01  9.2642E-01
  2.4147E+00  9.8165E-01  9.8165E-01  9.8232E-01
  2.4363E+00  1.0415E+00  1.0415E+00  1.0420E+00
  2.4581E+00  1.1053E+00  1.1053E+00  1.1057E+00
  2.4801E+00  1.1735E+00  1.1735E+00  1.1737E+00
  2.5023E+00  1.2464E+00  1.2464E+00  1.2464E+00
  2.5246E+00  1.3242E+00  1.3242E+00  1.3241E+00
  2.5472E+00  1.4075E+00  1.4075E+00  1.4071E+00
  2.5700E+00  1.4965E+00  1.4965E+00  1.4960E+00
  2.5930E+00  1.5918E+00  1.5918E+00  1.5911E+00
  2.6162E+00  1.6938E+00  1.6938E+00  1.6929E+00
  2.6396E+00  1.8030E+00  1.8030E+00  1.8019E+00
  2.6632E+00  1.9200E+00  1.9200E+00  1.9188E+00
  2.6871E+00  2.0455E+00  2.0455E+00  2.0440E+00
  2.7111E+00  2.1800E+00  2.1800E+00  2.1783E+00
  2.7354E+00  2.3243E+00  2.3243E+00  2.3224E+00
