 # l=           1 basis function with energy    -2.2403322439317690     
  0.0000E+00  0.0000E+00  0.0000E+00  0.0000E+00
  5.0071E-06  4.1496E-08  3.3721E-11 -6.7577E-10
  1.0085E-05  1.3724E-07  1.3681E-10 -2.7416E-09
  1.5236E-05  2.7776E-07  3.1221E-10 -6.2568E-09
  2.0459E-05  4.5977E-07  5.6299E-10 -1.1282E-08
  2.5757E-05  6.8170E-07  8.9230E-10 -1.7882E-08
  3.1130E-05  9.4272E-07  1.3034E-09 -2.6120E-08
  3.6579E-05  1.2425E-06  1.7996E-09 -3.6065E-08
  4.2106E-05  1.5810E-06  2.3845E-09 -4.7787E-08
  4.7711E-05  1.9584E-06  3.0616E-09 -6.1356E-08
  5.3395E-05  2.3752E-06  3.8347E-09 -7.6848E-08
  5.9161E-05  2.8317E-06  4.7075E-09 -9.4340E-08
  6.5008E-05  3.3285E-06  5.6841E-09 -1.1391E-07
  7.0939E-05  3.8664E-06  6.7684E-09 -1.3564E-07
  7.6953E-05  4.4462E-06  7.9648E-09 -1.5962E-07
  8.3053E-05  5.0685E-06  9.2776E-09 -1.8593E-07
  8.9240E-05  5.7344E-06  1.0711E-08 -2.1466E-07
  9.5514E-05  6.4448E-06  1.2270E-08 -2.4590E-07
  1.0188E-04  7.2008E-06  1.3960E-08 -2.7976E-07
  1.0833E-04  8.0033E-06  1.5785E-08 -3.1633E-07
  1.1488E-04  8.8536E-06  1.7750E-08 -3.5571E-07
  1.2152E-04  9.7528E-06  1.9861E-08 -3.9801E-07
  1.2825E-04  1.0702E-05  2.2122E-08 -4.4334E-07
  1.3508E-04  1.1703E-05  2.4541E-08 -4.9181E-07
  1.4200E-04  1.2756E-05  2.7122E-08 -5.4353E-07
  1.4903E-04  1.3864E-05  2.9871E-08 -5.9863E-07
  1.5615E-04  1.5027E-05  3.2795E-08 -6.5723E-07
  1.6338E-04  1.6248E-05  3.5900E-08 -7.1945E-07
  1.7070E-04  1.7526E-05  3.9193E-08 -7.8543E-07
  1.7813E-04  1.8865E-05  4.2679E-08 -8.5531E-07
  1.8567E-04  2.0266E-05  4.6367E-08 -9.2922E-07
  1.9332E-04  2.1731E-05  5.0264E-08 -1.0073E-06
  2.0107E-04  2.3260E-05  5.4376E-08 -1.0897E-06
  2.0893E-04  2.4857E-05  5.8712E-08 -1.1766E-06
  2.1691E-04  2.6523E-05  6.3280E-08 -1.2681E-06
  2.2499E-04  2.8259E-05  6.8086E-08 -1.3645E-06
  2.3320E-04  3.0068E-05  7.3141E-08 -1.4658E-06
  2.4151E-04  3.1952E-05  7.8453E-08 -1.5722E-06
  2.4995E-04  3.3913E-05  8.4030E-08 -1.6840E-06
  2.5851E-04  3.5953E-05  8.9882E-08 -1.8013E-06
  2.6719E-04  3.8075E-05  9.6018E-08 -1.9242E-06
  2.7599E-04  4.0280E-05  1.0245E-07 -2.0531E-06
  2.8492E-04  4.2571E-05  1.0918E-07 -2.1881E-06
  2.9397E-04  4.4950E-05  1.1623E-07 -2.3293E-06
  3.0315E-04  4.7421E-05  1.2361E-07 -2.4771E-06
  3.1246E-04  4.9984E-05  1.3132E-07 -2.6316E-06
  3.2191E-04  5.2644E-05  1.3938E-07 -2.7931E-06
  3.3149E-04  5.5403E-05  1.4779E-07 -2.9618E-06
  3.4120E-04  5.8263E-05  1.5658E-07 -3.1380E-06
  3.5106E-04  6.1228E-05  1.6576E-07 -3.3218E-06
  3.6105E-04  6.4300E-05  1.7533E-07 -3.5136E-06
  3.7118E-04  6.7483E-05  1.8531E-07 -3.7137E-06
  3.8146E-04  7.0779E-05  1.9572E-07 -3.9222E-06
  3.9189E-04  7.4192E-05  2.0656E-07 -4.1395E-06
  4.0246E-04  7.7726E-05  2.1785E-07 -4.3659E-06
  4.1318E-04  8.1382E-05  2.2962E-07 -4.6016E-06
  4.2406E-04  8.5166E-05  2.4186E-07 -4.8470E-06
  4.3509E-04  8.9081E-05  2.5461E-07 -5.1025E-06
  4.4627E-04  9.3129E-05  2.6787E-07 -5.3682E-06
  4.5762E-04  9.7316E-05  2.8166E-07 -5.6446E-06
  4.6913E-04  1.0164E-04  2.9601E-07 -5.9320E-06
  4.8080E-04  1.0612E-04  3.1092E-07 -6.2308E-06
  4.9263E-04  1.1074E-04  3.2641E-07 -6.5414E-06
  5.0463E-04  1.1552E-04  3.4251E-07 -6.8640E-06
  5.1681E-04  1.2046E-04  3.5924E-07 -7.1992E-06
  5.2916E-04  1.2556E-04  3.7661E-07 -7.5473E-06
  5.4168E-04  1.3083E-04  3.9464E-07 -7.9088E-06
  5.5438E-04  1.3627E-04  4.1337E-07 -8.2840E-06
  5.6726E-04  1.4189E-04  4.3280E-07 -8.6734E-06
  5.8032E-04  1.4770E-04  4.5296E-07 -9.0775E-06
  5.9357E-04  1.5368E-04  4.7388E-07 -9.4967E-06
  6.0701E-04  1.5987E-04  4.9558E-07 -9.9315E-06
  6.2064E-04  1.6625E-04  5.1808E-07 -1.0382E-05
  6.3446E-04  1.7283E-04  5.4141E-07 -1.0850E-05
  6.4848E-04  1.7962E-04  5.6560E-07 -1.1335E-05
  6.6269E-04  1.8663E-04  5.9067E-07 -1.1837E-05
  6.7711E-04  1.9386E-04  6.1665E-07 -1.2358E-05
  6.9174E-04  2.0132E-04  6.4358E-07 -1.2897E-05
  7.0657E-04  2.0901E-04  6.7147E-07 -1.3456E-05
  7.2161E-04  2.1694E-04  7.0037E-07 -1.4036E-05
  7.3686E-04  2.2512E-04  7.3029E-07 -1.4635E-05
  7.5234E-04  2.3356E-04  7.6128E-07 -1.5256E-05
  7.6803E-04  2.4225E-04  7.9337E-07 -1.5899E-05
  7.8394E-04  2.5122E-04  8.2659E-07 -1.6565E-05
  8.0008E-04  2.6046E-04  8.6098E-07 -1.7254E-05
  8.1645E-04  2.6998E-04  8.9657E-07 -1.7968E-05
  8.3306E-04  2.7979E-04  9.3341E-07 -1.8706E-05
  8.4989E-04  2.8991E-04  9.7152E-07 -1.9470E-05
  8.6697E-04  3.0033E-04  1.0110E-06 -2.0260E-05
  8.8429E-04  3.1107E-04  1.0518E-06 -2.1077E-05
  9.0186E-04  3.2214E-04  1.0940E-06 -2.1923E-05
  9.1967E-04  3.3354E-04  1.1376E-06 -2.2798E-05
  9.3774E-04  3.4528E-04  1.1827E-06 -2.3702E-05
  9.5607E-04  3.5738E-04  1.2294E-06 -2.4638E-05
  9.7465E-04  3.6984E-04  1.2777E-06 -2.5605E-05
  9.9350E-04  3.8267E-04  1.3276E-06 -2.6605E-05
  1.0126E-03  3.9589E-04  1.3792E-06 -2.7639E-05
  1.0320E-03  4.0950E-04  1.4325E-06 -2.8707E-05
  1.0517E-03  4.2352E-04  1.4876E-06 -2.9812E-05
  1.0716E-03  4.3795E-04  1.5445E-06 -3.0953E-05
  1.0918E-03  4.5281E-04  1.6034E-06 -3.2133E-05
  1.1124E-03  4.6811E-04  1.6642E-06 -3.3351E-05
  1.1332E-03  4.8387E-04  1.7270E-06 -3.4611E-05
  1.1543E-03  5.0008E-04  1.7920E-06 -3.5911E-05
  1.1757E-03  5.1677E-04  1.8590E-06 -3.7255E-05
  1.1974E-03  5.3396E-04  1.9283E-06 -3.8644E-05
  1.2194E-03  5.5164E-04  1.9999E-06 -4.0078E-05
  1.2417E-03  5.6985E-04  2.0738E-06 -4.1559E-05
  1.2643E-03  5.8858E-04  2.1501E-06 -4.3088E-05
  1.2873E-03  6.0786E-04  2.2289E-06 -4.4667E-05
  1.3106E-03  6.2771E-04  2.3103E-06 -4.6298E-05
  1.3342E-03  6.4813E-04  2.3943E-06 -4.7982E-05
  1.3582E-03  6.6914E-04  2.4810E-06 -4.9721E-05
  1.3825E-03  6.9076E-04  2.5706E-06 -5.1515E-05
  1.4071E-03  7.1300E-04  2.6630E-06 -5.3368E-05
  1.4321E-03  7.3589E-04  2.7585E-06 -5.5281E-05
  1.4574E-03  7.5944E-04  2.8570E-06 -5.7255E-05
  1.4832E-03  7.8366E-04  2.9587E-06 -5.9292E-05
  1.5092E-03  8.0858E-04  3.0636E-06 -6.1395E-05
  1.5357E-03  8.3421E-04  3.1719E-06 -6.3565E-05
  1.5625E-03  8.6058E-04  3.2836E-06 -6.5805E-05
  1.5897E-03  8.8771E-04  3.3989E-06 -6.8115E-05
  1.6173E-03  9.1561E-04  3.5179E-06 -7.0500E-05
  1.6452E-03  9.4430E-04  3.6407E-06 -7.2960E-05
  1.6736E-03  9.7381E-04  3.7673E-06 -7.5498E-05
  1.7024E-03  1.0042E-03  3.8980E-06 -7.8117E-05
  1.7316E-03  1.0354E-03  4.0328E-06 -8.0818E-05
  1.7612E-03  1.0675E-03  4.1718E-06 -8.3605E-05
  1.7912E-03  1.1005E-03  4.3153E-06 -8.6479E-05
  1.8216E-03  1.1344E-03  4.4632E-06 -8.9444E-05
  1.8525E-03  1.1693E-03  4.6158E-06 -9.2502E-05
  1.8838E-03  1.2052E-03  4.7732E-06 -9.5656E-05
  1.9156E-03  1.2421E-03  4.9355E-06 -9.8908E-05
  1.9478E-03  1.2801E-03  5.1029E-06 -1.0226E-04
  1.9805E-03  1.3191E-03  5.2755E-06 -1.0572E-04
  2.0136E-03  1.3592E-03  5.4535E-06 -1.0929E-04
  2.0472E-03  1.4004E-03  5.6370E-06 -1.1297E-04
  2.0813E-03  1.4428E-03  5.8263E-06 -1.1676E-04
  2.1159E-03  1.4863E-03  6.0214E-06 -1.2067E-04
  2.1509E-03  1.5311E-03  6.2226E-06 -1.2470E-04
  2.1865E-03  1.5772E-03  6.4300E-06 -1.2886E-04
  2.2225E-03  1.6245E-03  6.6439E-06 -1.3314E-04
  2.2591E-03  1.6731E-03  6.8643E-06 -1.3756E-04
  2.2962E-03  1.7231E-03  7.0916E-06 -1.4212E-04
  2.3338E-03  1.7745E-03  7.3259E-06 -1.4681E-04
  2.3720E-03  1.8273E-03  7.5673E-06 -1.5165E-04
  2.4107E-03  1.8815E-03  7.8162E-06 -1.5664E-04
  2.4499E-03  1.9373E-03  8.0728E-06 -1.6178E-04
  2.4897E-03  1.9946E-03  8.3372E-06 -1.6708E-04
  2.5301E-03  2.0535E-03  8.6098E-06 -1.7254E-04
  2.5710E-03  2.1140E-03  8.8907E-06 -1.7817E-04
  2.6125E-03  2.1762E-03  9.1801E-06 -1.8397E-04
  2.6547E-03  2.2401E-03  9.4785E-06 -1.8995E-04
  2.6974E-03  2.3057E-03  9.7859E-06 -1.9611E-04
  2.7407E-03  2.3732E-03  1.0103E-05 -2.0246E-04
  2.7846E-03  2.4425E-03  1.0429E-05 -2.0900E-04
  2.8292E-03  2.5137E-03  1.0766E-05 -2.1574E-04
  2.8744E-03  2.5868E-03  1.1112E-05 -2.2269E-04
  2.9202E-03  2.6620E-03  1.1469E-05 -2.2985E-04
  2.9667E-03  2.7391E-03  1.1837E-05 -2.3722E-04
  3.0138E-03  2.8184E-03  1.2217E-05 -2.4482E-04
  3.0616E-03  2.8999E-03  1.2607E-05 -2.5265E-04
  3.1101E-03  2.9836E-03  1.3010E-05 -2.6072E-04
  3.1593E-03  3.0695E-03  1.3424E-05 -2.6903E-04
  3.2092E-03  3.1578E-03  1.3852E-05 -2.7759E-04
  3.2597E-03  3.2485E-03  1.4292E-05 -2.8641E-04
  3.3110E-03  3.3416E-03  1.4745E-05 -2.9549E-04
  3.3631E-03  3.4372E-03  1.5212E-05 -3.0485E-04
  3.4159E-03  3.5355E-03  1.5693E-05 -3.1449E-04
  3.4694E-03  3.6363E-03  1.6189E-05 -3.2443E-04
  3.5236E-03  3.7399E-03  1.6700E-05 -3.3466E-04
  3.5787E-03  3.8463E-03  1.7225E-05 -3.4520E-04
  3.6345E-03  3.9555E-03  1.7767E-05 -3.5605E-04
  3.6912E-03  4.0677E-03  1.8325E-05 -3.6723E-04
  3.7486E-03  4.1829E-03  1.8900E-05 -3.7875E-04
  3.8068E-03  4.3011E-03  1.9492E-05 -3.9061E-04
  3.8659E-03  4.4226E-03  2.0101E-05 -4.0282E-04
  3.9258E-03  4.5472E-03  2.0729E-05 -4.1541E-04
  3.9866E-03  4.6752E-03  2.1376E-05 -4.2836E-04
  4.0482E-03  4.8066E-03  2.2042E-05 -4.4171E-04
  4.1107E-03  4.9415E-03  2.2727E-05 -4.5545E-04
  4.1741E-03  5.0799E-03  2.3434E-05 -4.6961E-04
  4.2384E-03  5.2221E-03  2.4161E-05 -4.8419E-04
  4.3036E-03  5.3680E-03  2.4910E-05 -4.9920E-04
  4.3697E-03  5.5177E-03  2.5682E-05 -5.1465E-04
  4.4368E-03  5.6715E-03  2.6476E-05 -5.3057E-04
  4.5048E-03  5.8292E-03  2.7294E-05 -5.4697E-04
  4.5738E-03  5.9912E-03  2.8136E-05 -5.6385E-04
  4.6438E-03  6.1574E-03  2.9004E-05 -5.8123E-04
  4.7147E-03  6.3279E-03  2.9897E-05 -5.9912E-04
  4.7867E-03  6.5029E-03  3.0817E-05 -6.1755E-04
  4.8597E-03  6.6825E-03  3.1764E-05 -6.3653E-04
  4.9337E-03  6.8668E-03  3.2739E-05 -6.5607E-04
  5.0088E-03  7.0560E-03  3.3743E-05 -6.7619E-04
  5.0849E-03  7.2500E-03  3.4776E-05 -6.9690E-04
  5.1621E-03  7.4491E-03  3.5841E-05 -7.1823E-04
  5.2405E-03  7.6534E-03  3.6936E-05 -7.4019E-04
  5.3199E-03  7.8630E-03  3.8065E-05 -7.6279E-04
  5.4004E-03  8.0780E-03  3.9226E-05 -7.8607E-04
  5.4822E-03  8.2985E-03  4.0422E-05 -8.1003E-04
  5.5650E-03  8.5248E-03  4.1653E-05 -8.3471E-04
  5.6491E-03  8.7569E-03  4.2921E-05 -8.6011E-04
  5.7343E-03  8.9950E-03  4.4226E-05 -8.8626E-04
  5.8207E-03  9.2391E-03  4.5569E-05 -9.1318E-04
  5.9084E-03  9.4896E-03  4.6952E-05 -9.4089E-04
  5.9973E-03  9.7464E-03  4.8376E-05 -9.6942E-04
  6.0875E-03  1.0010E-02  4.9842E-05 -9.9879E-04
  6.1790E-03  1.0280E-02  5.1351E-05 -1.0290E-03
  6.2718E-03  1.0557E-02  5.2904E-05 -1.0602E-03
  6.3658E-03  1.0841E-02  5.4503E-05 -1.0922E-03
  6.4612E-03  1.1132E-02  5.6149E-05 -1.1252E-03
  6.5580E-03  1.1431E-02  5.7844E-05 -1.1591E-03
  6.6562E-03  1.1737E-02  5.9588E-05 -1.1941E-03
  6.7557E-03  1.2051E-02  6.1384E-05 -1.2301E-03
  6.8567E-03  1.2373E-02  6.3232E-05 -1.2671E-03
  6.9590E-03  1.2703E-02  6.5134E-05 -1.3052E-03
  7.0629E-03  1.3041E-02  6.7093E-05 -1.3445E-03
  7.1682E-03  1.3388E-02  6.9108E-05 -1.3848E-03
  7.2750E-03  1.3743E-02  7.1183E-05 -1.4264E-03
  7.3833E-03  1.4107E-02  7.3319E-05 -1.4692E-03
  7.4932E-03  1.4481E-02  7.5517E-05 -1.5133E-03
  7.6046E-03  1.4863E-02  7.7780E-05 -1.5586E-03
  7.7176E-03  1.5255E-02  8.0108E-05 -1.6053E-03
  7.8323E-03  1.5657E-02  8.2505E-05 -1.6533E-03
  7.9485E-03  1.6068E-02  8.4972E-05 -1.7027E-03
  8.0664E-03  1.6490E-02  8.7512E-05 -1.7536E-03
  8.1860E-03  1.6922E-02  9.0125E-05 -1.8060E-03
  8.3072E-03  1.7364E-02  9.2815E-05 -1.8599E-03
  8.4302E-03  1.7818E-02  9.5584E-05 -1.9153E-03
  8.5550E-03  1.8282E-02  9.8433E-05 -1.9724E-03
  8.6815E-03  1.8758E-02  1.0137E-04 -2.0312E-03
  8.8098E-03  1.9245E-02  1.0438E-04 -2.0916E-03
  8.9399E-03  1.9744E-02  1.0749E-04 -2.1539E-03
  9.0719E-03  2.0255E-02  1.1069E-04 -2.2179E-03
  9.2057E-03  2.0778E-02  1.1398E-04 -2.2839E-03
  9.3415E-03  2.1314E-02  1.1736E-04 -2.3517E-03
  9.4791E-03  2.1863E-02  1.2085E-04 -2.4215E-03
  9.6188E-03  2.2424E-02  1.2443E-04 -2.4934E-03
  9.7604E-03  2.2999E-02  1.2812E-04 -2.5673E-03
  9.9040E-03  2.3588E-02  1.3192E-04 -2.6434E-03
  1.0050E-02  2.4191E-02  1.3583E-04 -2.7217E-03
  1.0197E-02  2.4807E-02  1.3985E-04 -2.8023E-03
  1.0347E-02  2.5439E-02  1.4399E-04 -2.8853E-03
  1.0499E-02  2.6085E-02  1.4825E-04 -2.9706E-03
  1.0653E-02  2.6746E-02  1.5264E-04 -3.0584E-03
  1.0810E-02  2.7422E-02  1.5715E-04 -3.1488E-03
  1.0968E-02  2.8114E-02  1.6179E-04 -3.2418E-03
  1.1129E-02  2.8822E-02  1.6657E-04 -3.3375E-03
  1.1292E-02  2.9547E-02  1.7149E-04 -3.4360E-03
  1.1457E-02  3.0288E-02  1.7655E-04 -3.5374E-03
  1.1625E-02  3.1046E-02  1.8175E-04 -3.6417E-03
  1.1795E-02  3.1821E-02  1.8711E-04 -3.7490E-03
  1.1968E-02  3.2614E-02  1.9263E-04 -3.8595E-03
  1.2143E-02  3.3425E-02  1.9830E-04 -3.9731E-03
  1.2320E-02  3.4253E-02  2.0414E-04 -4.0901E-03
  1.2500E-02  3.5101E-02  2.1014E-04 -4.2104E-03
  1.2683E-02  3.5967E-02  2.1633E-04 -4.3342E-03
  1.2868E-02  3.6853E-02  2.2269E-04 -4.4616E-03
  1.3056E-02  3.7758E-02  2.2923E-04 -4.5927E-03
  1.3246E-02  3.8684E-02  2.3597E-04 -4.7277E-03
  1.3439E-02  3.9629E-02  2.4290E-04 -4.8665E-03
  1.3635E-02  4.0596E-02  2.5003E-04 -5.0093E-03
  1.3834E-02  4.1583E-02  2.5737E-04 -5.1563E-03
  1.4035E-02  4.2591E-02  2.6492E-04 -5.3075E-03
  1.4239E-02  4.3622E-02  2.7269E-04 -5.4631E-03
  1.4447E-02  4.4674E-02  2.8068E-04 -5.6232E-03
  1.4657E-02  4.5749E-02  2.8891E-04 -5.7880E-03
  1.4870E-02  4.6847E-02  2.9737E-04 -5.9575E-03
  1.5086E-02  4.7968E-02  3.0608E-04 -6.1319E-03
  1.5306E-02  4.9112E-02  3.1504E-04 -6.3113E-03
  1.5528E-02  5.0281E-02  3.2426E-04 -6.4960E-03
  1.5753E-02  5.1473E-02  3.3375E-04 -6.6860E-03
  1.5982E-02  5.2691E-02  3.4351E-04 -6.8814E-03
  1.6214E-02  5.3933E-02  3.5355E-04 -7.0826E-03
  1.6449E-02  5.5201E-02  3.6388E-04 -7.2895E-03
  1.6688E-02  5.6494E-02  3.7452E-04 -7.5024E-03
  1.6930E-02  5.7813E-02  3.8546E-04 -7.7215E-03
  1.7176E-02  5.9159E-02  3.9671E-04 -7.9468E-03
  1.7425E-02  6.0532E-02  4.0829E-04 -8.1787E-03
  1.7677E-02  6.1932E-02  4.2021E-04 -8.4173E-03
  1.7933E-02  6.3359E-02  4.3247E-04 -8.6628E-03
  1.8193E-02  6.4815E-02  4.4508E-04 -8.9153E-03
  1.8456E-02  6.6298E-02  4.5806E-04 -9.1752E-03
  1.8723E-02  6.7810E-02  4.7141E-04 -9.4425E-03
  1.8994E-02  6.9351E-02  4.8515E-04 -9.7175E-03
  1.9269E-02  7.0921E-02  4.9929E-04 -1.0001E-02
  1.9548E-02  7.2520E-02  5.1383E-04 -1.0292E-02
  1.9830E-02  7.4149E-02  5.2879E-04 -1.0591E-02
  2.0117E-02  7.5809E-02  5.4419E-04 -1.0899E-02
  2.0408E-02  7.7499E-02  5.6003E-04 -1.1216E-02
  2.0702E-02  7.9219E-02  5.7632E-04 -1.1543E-02
  2.1001E-02  8.0970E-02  5.9309E-04 -1.1878E-02
  2.1305E-02  8.2753E-02  6.1033E-04 -1.2223E-02
  2.1612E-02  8.4567E-02  6.2808E-04 -1.2578E-02
  2.1924E-02  8.6413E-02  6.4634E-04 -1.2944E-02
  2.2241E-02  8.8291E-02  6.6512E-04 -1.3320E-02
  2.2562E-02  9.0201E-02  6.8445E-04 -1.3706E-02
  2.2887E-02  9.2143E-02  7.0433E-04 -1.4104E-02
  2.3217E-02  9.4118E-02  7.2478E-04 -1.4514E-02
  2.3552E-02  9.6125E-02  7.4583E-04 -1.4935E-02
  2.3891E-02  9.8165E-02  7.6748E-04 -1.5368E-02
  2.4236E-02  1.0024E-01  7.8975E-04 -1.5813E-02
  2.4585E-02  1.0235E-01  8.1267E-04 -1.6272E-02
  2.4939E-02  1.0448E-01  8.3624E-04 -1.6744E-02
  2.5298E-02  1.0666E-01  8.6050E-04 -1.7229E-02
  2.5662E-02  1.0886E-01  8.8545E-04 -1.7728E-02
  2.6032E-02  1.1110E-01  9.1112E-04 -1.8241E-02
  2.6407E-02  1.1338E-01  9.3753E-04 -1.8769E-02
  2.6787E-02  1.1568E-01  9.6470E-04 -1.9313E-02
  2.7172E-02  1.1802E-01  9.9265E-04 -1.9872E-02
  2.7563E-02  1.2039E-01  1.0214E-03 -2.0447E-02
  2.7959E-02  1.2280E-01  1.0510E-03 -2.1038E-02
  2.8362E-02  1.2524E-01  1.0814E-03 -2.1647E-02
  2.8769E-02  1.2771E-01  1.1127E-03 -2.2273E-02
  2.9183E-02  1.3021E-01  1.1449E-03 -2.2917E-02
  2.9602E-02  1.3275E-01  1.1781E-03 -2.3579E-02
  3.0028E-02  1.3531E-01  1.2122E-03 -2.4260E-02
  3.0459E-02  1.3791E-01  1.2472E-03 -2.4961E-02
  3.0897E-02  1.4054E-01  1.2833E-03 -2.5682E-02
  3.1341E-02  1.4321E-01  1.3204E-03 -2.6424E-02
  3.1791E-02  1.4590E-01  1.3586E-03 -2.7187E-02
  3.2247E-02  1.4862E-01  1.3979E-03 -2.7972E-02
  3.2710E-02  1.5137E-01  1.4383E-03 -2.8779E-02
  3.3180E-02  1.5415E-01  1.4798E-03 -2.9609E-02
  3.3656E-02  1.5696E-01  1.5226E-03 -3.0464E-02
  3.4139E-02  1.5979E-01  1.5666E-03 -3.1342E-02
  3.4629E-02  1.6265E-01  1.6118E-03 -3.2246E-02
  3.5126E-02  1.6554E-01  1.6584E-03 -3.3176E-02
  3.5630E-02  1.6845E-01  1.7063E-03 -3.4132E-02
  3.6141E-02  1.7139E-01  1.7555E-03 -3.5115E-02
  3.6659E-02  1.7435E-01  1.8062E-03 -3.6127E-02
  3.7185E-02  1.7733E-01  1.8583E-03 -3.7168E-02
  3.7718E-02  1.8034E-01  1.9120E-03 -3.8238E-02
  3.8258E-02  1.8336E-01  1.9671E-03 -3.9339E-02
  3.8807E-02  1.8640E-01  2.0239E-03 -4.0471E-02
  3.9363E-02  1.8946E-01  2.0823E-03 -4.1636E-02
  3.9927E-02  1.9254E-01  2.1423E-03 -4.2834E-02
  4.0499E-02  1.9563E-01  2.2041E-03 -4.4066E-02
  4.1079E-02  1.9873E-01  2.2676E-03 -4.5334E-02
  4.1668E-02  2.0184E-01  2.3330E-03 -4.6637E-02
  4.2264E-02  2.0497E-01  2.4002E-03 -4.7978E-02
  4.2870E-02  2.0810E-01  2.4694E-03 -4.9357E-02
  4.3484E-02  2.1124E-01  2.5406E-03 -5.0775E-02
  4.4106E-02  2.1438E-01  2.6138E-03 -5.2234E-02
  4.4738E-02  2.1753E-01  2.6890E-03 -5.3734E-02
  4.5378E-02  2.2067E-01  2.7665E-03 -5.5277E-02
  4.6027E-02  2.2382E-01  2.8462E-03 -5.6864E-02
  4.6686E-02  2.2696E-01  2.9281E-03 -5.8496E-02
  4.7354E-02  2.3009E-01  3.0124E-03 -6.0175E-02
  4.8032E-02  2.3321E-01  3.0991E-03 -6.1901E-02
  4.8719E-02  2.3633E-01  3.1883E-03 -6.3676E-02
  4.9416E-02  2.3943E-01  3.2801E-03 -6.5502E-02
  5.0123E-02  2.4251E-01  3.3744E-03 -6.7380E-02
  5.0839E-02  2.4557E-01  3.4715E-03 -6.9311E-02
  5.1567E-02  2.4862E-01  3.5714E-03 -7.1297E-02
  5.2304E-02  2.5163E-01  3.6741E-03 -7.3340E-02
  5.3052E-02  2.5462E-01  3.7798E-03 -7.5440E-02
  5.3810E-02  2.5758E-01  3.8884E-03 -7.7600E-02
  5.4579E-02  2.6050E-01  4.0002E-03 -7.9822E-02
  5.5360E-02  2.6338E-01  4.1152E-03 -8.2106E-02
  5.6151E-02  2.6623E-01  4.2335E-03 -8.4455E-02
  5.6953E-02  2.6902E-01  4.3551E-03 -8.6870E-02
  5.7767E-02  2.7177E-01  4.4803E-03 -8.9354E-02
  5.8593E-02  2.7447E-01  4.6090E-03 -9.1909E-02
  5.9430E-02  2.7711E-01  4.7414E-03 -9.4535E-02
  6.0279E-02  2.7969E-01  4.8775E-03 -9.7236E-02
  6.1140E-02  2.8220E-01  5.0176E-03 -1.0001E-01
  6.2013E-02  2.8465E-01  5.1617E-03 -1.0287E-01
  6.2899E-02  2.8703E-01  5.3099E-03 -1.0581E-01
  6.3797E-02  2.8932E-01  5.4623E-03 -1.0882E-01
  6.4708E-02  2.9154E-01  5.6191E-03 -1.1193E-01
  6.5632E-02  2.9367E-01  5.7803E-03 -1.1512E-01
  6.6570E-02  2.9571E-01  5.9462E-03 -1.1840E-01
  6.7520E-02  2.9766E-01  6.1167E-03 -1.2178E-01
  6.8484E-02  2.9950E-01  6.2922E-03 -1.2525E-01
  6.9462E-02  3.0124E-01  6.4727E-03 -1.2881E-01
  7.0453E-02  3.0288E-01  6.6583E-03 -1.3248E-01
  7.1459E-02  3.0439E-01  6.8492E-03 -1.3625E-01
  7.2479E-02  3.0579E-01  7.0455E-03 -1.4013E-01
  7.3513E-02  3.0707E-01  7.2474E-03 -1.4411E-01
  7.4562E-02  3.0821E-01  7.4551E-03 -1.4821E-01
  7.5626E-02  3.0922E-01  7.6688E-03 -1.5242E-01
  7.6705E-02  3.1009E-01  7.8885E-03 -1.5675E-01
  7.7799E-02  3.1081E-01  8.1144E-03 -1.6120E-01
  7.8909E-02  3.1138E-01  8.3468E-03 -1.6577E-01
  8.0035E-02  3.1180E-01  8.5859E-03 -1.7048E-01
  8.1177E-02  3.1206E-01  8.8317E-03 -1.7531E-01
  8.2335E-02  3.1215E-01  9.0845E-03 -1.8028E-01
  8.3509E-02  3.1207E-01  9.3445E-03 -1.8539E-01
  8.4700E-02  3.1181E-01  9.6119E-03 -1.9064E-01
  8.5908E-02  3.1136E-01  9.8869E-03 -1.9603E-01
  8.7133E-02  3.1073E-01  1.0170E-02 -2.0158E-01
  8.8375E-02  3.0991E-01  1.0461E-02 -2.0728E-01
  8.9636E-02  3.0889E-01  1.0760E-02 -2.1314E-01
  9.0914E-02  3.0766E-01  1.1067E-02 -2.1916E-01
  9.2210E-02  3.0623E-01  1.1384E-02 -2.2535E-01
  9.3524E-02  3.0458E-01  1.1709E-02 -2.3171E-01
  9.4858E-02  3.0271E-01  1.2044E-02 -2.3824E-01
  9.6210E-02  3.0062E-01  1.2388E-02 -2.4495E-01
  9.7581E-02  2.9830E-01  1.2742E-02 -2.5185E-01
  9.8972E-02  2.9575E-01  1.3106E-02 -2.5894E-01
  1.0038E-01  2.9296E-01  1.3480E-02 -2.6623E-01
  1.0181E-01  2.8993E-01  1.3865E-02 -2.7371E-01
  1.0326E-01  2.8665E-01  1.4260E-02 -2.8140E-01
  1.0474E-01  2.8312E-01  1.4667E-02 -2.8931E-01
  1.0623E-01  2.7934E-01  1.5086E-02 -2.9742E-01
  1.0774E-01  2.7529E-01  1.5516E-02 -3.0576E-01
  1.0928E-01  2.7099E-01  1.5958E-02 -3.1433E-01
  1.1083E-01  2.6642E-01  1.6413E-02 -3.2313E-01
  1.1241E-01  2.6158E-01  1.6881E-02 -3.3217E-01
  1.1401E-01  2.5648E-01  1.7362E-02 -3.4145E-01
  1.1564E-01  2.5109E-01  1.7857E-02 -3.5099E-01
  1.1729E-01  2.4544E-01  1.8365E-02 -3.6079E-01
  1.1896E-01  2.3950E-01  1.8888E-02 -3.7085E-01
  1.2065E-01  2.3329E-01  1.9426E-02 -3.8118E-01
  1.2237E-01  2.2679E-01  1.9979E-02 -3.9179E-01
  1.2411E-01  2.2002E-01  2.0547E-02 -4.0268E-01
  1.2588E-01  2.1296E-01  2.1132E-02 -4.1387E-01
  1.2767E-01  2.0562E-01  2.1733E-02 -4.2535E-01
  1.2949E-01  1.9800E-01  2.2350E-02 -4.3715E-01
  1.3134E-01  1.9009E-01  2.2986E-02 -4.4925E-01
  1.3321E-01  1.8191E-01  2.3639E-02 -4.6168E-01
  1.3510E-01  1.7344E-01  2.4310E-02 -4.7444E-01
  1.3703E-01  1.6470E-01  2.5000E-02 -4.8754E-01
  1.3898E-01  1.5568E-01  2.5710E-02 -5.0098E-01
  1.4096E-01  1.4639E-01  2.6439E-02 -5.1478E-01
  1.4296E-01  1.3683E-01  2.7189E-02 -5.2894E-01
  1.4500E-01  1.2701E-01  2.7960E-02 -5.4347E-01
  1.4706E-01  1.1692E-01  2.8752E-02 -5.5838E-01
  1.4916E-01  1.0658E-01  2.9567E-02 -5.7368E-01
  1.5128E-01  9.5987E-02  3.0404E-02 -5.8937E-01
  1.5343E-01  8.5148E-02  3.1265E-02 -6.0548E-01
  1.5562E-01  7.4071E-02  3.2150E-02 -6.2199E-01
  1.5783E-01  6.2762E-02  3.3059E-02 -6.3894E-01
  1.6008E-01  5.1229E-02  3.3994E-02 -6.5631E-01
  1.6236E-01  3.9480E-02  3.4954E-02 -6.7413E-01
  1.6467E-01  2.7524E-02  3.5942E-02 -6.9241E-01
  1.6701E-01  1.5369E-02  3.6957E-02 -7.1115E-01
  1.6939E-01  3.0268E-03  3.8000E-02 -7.3036E-01
  1.7180E-01 -9.4934E-03  3.9072E-02 -7.5005E-01
  1.7425E-01 -2.2180E-02  4.0173E-02 -7.7024E-01
  1.7673E-01 -3.5022E-02  4.1306E-02 -7.9093E-01
  1.7924E-01 -4.8006E-02  4.2469E-02 -8.1214E-01
  1.8179E-01 -6.1120E-02  4.3665E-02 -8.3387E-01
  1.8438E-01 -7.4350E-02  4.4893E-02 -8.5613E-01
  1.8700E-01 -8.7683E-02  4.6156E-02 -8.7894E-01
  1.8966E-01 -1.0110E-01  4.7453E-02 -9.0230E-01
  1.9236E-01 -1.1460E-01  4.8785E-02 -9.2623E-01
  1.9510E-01 -1.2814E-01  5.0155E-02 -9.5074E-01
  1.9787E-01 -1.4173E-01  5.1562E-02 -9.7583E-01
  2.0069E-01 -1.5535E-01  5.3007E-02 -1.0015E+00
  2.0354E-01 -1.6897E-01  5.4492E-02 -1.0278E+00
  2.0644E-01 -1.8258E-01  5.6018E-02 -1.0547E+00
  2.0938E-01 -1.9616E-01  5.7585E-02 -1.0823E+00
  2.1236E-01 -2.0969E-01  5.9195E-02 -1.1104E+00
  2.1538E-01 -2.2315E-01  6.0849E-02 -1.1393E+00
  2.1844E-01 -2.3653E-01  6.2547E-02 -1.1688E+00
  2.2155E-01 -2.4979E-01  6.4292E-02 -1.1989E+00
  2.2470E-01 -2.6294E-01  6.6084E-02 -1.2297E+00
  2.2790E-01 -2.7593E-01  6.7924E-02 -1.2612E+00
  2.3114E-01 -2.8875E-01  6.9814E-02 -1.2935E+00
  2.3442E-01 -3.0139E-01  7.1755E-02 -1.3264E+00
  2.3776E-01 -3.1381E-01  7.3748E-02 -1.3600E+00
  2.4114E-01 -3.2599E-01  7.5794E-02 -1.3943E+00
  2.4457E-01 -3.3792E-01  7.7895E-02 -1.4294E+00
  2.4805E-01 -3.4958E-01  8.0052E-02 -1.4652E+00
  2.5158E-01 -3.6093E-01  8.2267E-02 -1.5017E+00
  2.5515E-01 -3.7196E-01  8.4541E-02 -1.5390E+00
  2.5878E-01 -3.8264E-01  8.6875E-02 -1.5771E+00
  2.6246E-01 -3.9296E-01  8.9271E-02 -1.6158E+00
  2.6620E-01 -4.0288E-01  9.1730E-02 -1.6554E+00
  2.6998E-01 -4.1240E-01  9.4253E-02 -1.6957E+00
  2.7382E-01 -4.2148E-01  9.6844E-02 -1.7368E+00
  2.7772E-01 -4.3011E-01  9.9502E-02 -1.7786E+00
  2.8166E-01 -4.3825E-01  1.0223E-01 -1.8212E+00
  2.8567E-01 -4.4590E-01  1.0503E-01 -1.8646E+00
  2.8973E-01 -4.5303E-01  1.0790E-01 -1.9087E+00
  2.9385E-01 -4.5962E-01  1.1085E-01 -1.9536E+00
  2.9803E-01 -4.6565E-01  1.1387E-01 -1.9993E+00
  3.0227E-01 -4.7110E-01  1.1697E-01 -2.0457E+00
  3.0657E-01 -4.7596E-01  1.2015E-01 -2.0928E+00
  3.1092E-01 -4.8020E-01  1.2341E-01 -2.1407E+00
  3.1535E-01 -4.8380E-01  1.2675E-01 -2.1892E+00
  3.1983E-01 -4.8675E-01  1.3018E-01 -2.2385E+00
  3.2438E-01 -4.8904E-01  1.3369E-01 -2.2885E+00
  3.2899E-01 -4.9064E-01  1.3730E-01 -2.3392E+00
  3.3367E-01 -4.9155E-01  1.4099E-01 -2.3905E+00
  3.3841E-01 -4.9175E-01  1.4478E-01 -2.4425E+00
  3.4322E-01 -4.9122E-01  1.4866E-01 -2.4950E+00
  3.4810E-01 -4.8996E-01  1.5264E-01 -2.5482E+00
  3.5305E-01 -4.8796E-01  1.5671E-01 -2.6019E+00
  3.5807E-01 -4.8520E-01  1.6088E-01 -2.6562E+00
  3.6316E-01 -4.8168E-01  1.6516E-01 -2.7109E+00
  3.6832E-01 -4.7739E-01  1.6954E-01 -2.7661E+00
  3.7356E-01 -4.7232E-01  1.7403E-01 -2.8217E+00
  3.7887E-01 -4.6648E-01  1.7862E-01 -2.8776E+00
  3.8425E-01 -4.5984E-01  1.8332E-01 -2.9339E+00
  3.8972E-01 -4.5242E-01  1.8814E-01 -2.9905E+00
  3.9525E-01 -4.4421E-01  1.9307E-01 -3.0473E+00
  4.0087E-01 -4.3522E-01  1.9811E-01 -3.1042E+00
  4.0657E-01 -4.2543E-01  2.0327E-01 -3.1612E+00
  4.1235E-01 -4.1487E-01  2.0855E-01 -3.2182E+00
  4.1821E-01 -4.0352E-01  2.1395E-01 -3.2752E+00
  4.2416E-01 -3.9140E-01  2.1948E-01 -3.3321E+00
  4.3019E-01 -3.7851E-01  2.2513E-01 -3.3887E+00
  4.3630E-01 -3.6486E-01  2.3090E-01 -3.4450E+00
  4.4250E-01 -3.5046E-01  2.3681E-01 -3.5009E+00
  4.4879E-01 -3.3532E-01  2.4284E-01 -3.5564E+00
  4.5517E-01 -3.1946E-01  2.4900E-01 -3.6112E+00
  4.6164E-01 -3.0288E-01  2.5530E-01 -3.6653E+00
  4.6820E-01 -2.8561E-01  2.6173E-01 -3.7186E+00
  4.7486E-01 -2.6765E-01  2.6830E-01 -3.7709E+00
  4.8160E-01 -2.4903E-01  2.7501E-01 -3.8221E+00
  4.8845E-01 -2.2977E-01  2.8185E-01 -3.8722E+00
  4.9539E-01 -2.0988E-01  2.8883E-01 -3.9208E+00
  5.0243E-01 -1.8939E-01  2.9595E-01 -3.9680E+00
  5.0957E-01 -1.6832E-01  3.0322E-01 -4.0134E+00
  5.1682E-01 -1.4669E-01  3.1063E-01 -4.0571E+00
  5.2416E-01 -1.2454E-01  3.1818E-01 -4.0987E+00
  5.3161E-01 -1.0188E-01  3.2587E-01 -4.1382E+00
  5.3916E-01 -7.8739E-02  3.3370E-01 -4.1753E+00
  5.4683E-01 -5.5154E-02  3.4168E-01 -4.2098E+00
  5.5460E-01 -3.1150E-02  3.4981E-01 -4.2416E+00
  5.6248E-01 -6.7594E-03  3.5807E-01 -4.2705E+00
  5.7047E-01  1.7988E-02  3.6648E-01 -4.2962E+00
  5.7858E-01  4.3059E-02  3.7504E-01 -4.3185E+00
  5.8680E-01  6.8422E-02  3.8373E-01 -4.3372E+00
  5.9514E-01  9.4041E-02  3.9256E-01 -4.3520E+00
  6.0360E-01  1.1988E-01  4.0154E-01 -4.3628E+00
  6.1218E-01  1.4591E-01  4.1064E-01 -4.3693E+00
  6.2087E-01  1.7209E-01  4.1989E-01 -4.3713E+00
  6.2970E-01  1.9839E-01  4.2927E-01 -4.3684E+00
  6.3865E-01  2.2476E-01  4.3877E-01 -4.3605E+00
  6.4772E-01  2.5118E-01  4.4840E-01 -4.3473E+00
  6.5693E-01  2.7760E-01  4.5816E-01 -4.3286E+00
  6.6626E-01  3.0399E-01  4.6804E-01 -4.3040E+00
  6.7573E-01  3.3032E-01  4.7803E-01 -4.2734E+00
  6.8533E-01  3.5653E-01  4.8813E-01 -4.2364E+00
  6.9507E-01  3.8260E-01  4.9833E-01 -4.1929E+00
  7.0494E-01  4.0849E-01  5.0864E-01 -4.1425E+00
  7.1496E-01  4.3416E-01  5.1904E-01 -4.0851E+00
  7.2512E-01  4.5958E-01  5.2953E-01 -4.0204E+00
  7.3542E-01  4.8470E-01  5.4009E-01 -3.9482E+00
  7.4587E-01  5.0950E-01  5.5073E-01 -3.8682E+00
  7.5647E-01  5.3394E-01  5.6143E-01 -3.7802E+00
  7.6722E-01  5.5798E-01  5.7219E-01 -3.6841E+00
  7.7812E-01  5.8160E-01  5.8299E-01 -3.5797E+00
  7.8918E-01  6.0475E-01  5.9382E-01 -3.4668E+00
  8.0039E-01  6.2740E-01  6.0468E-01 -3.3452E+00
  8.1176E-01  6.4953E-01  6.1555E-01 -3.2150E+00
  8.2330E-01  6.7110E-01  6.2642E-01 -3.0759E+00
  8.3499E-01  6.9208E-01  6.3728E-01 -2.9280E+00
  8.4686E-01  7.1244E-01  6.4811E-01 -2.7711E+00
  8.5889E-01  7.3215E-01  6.5889E-01 -2.6054E+00
  8.7109E-01  7.5119E-01  6.6962E-01 -2.4309E+00
  8.8347E-01  7.6953E-01  6.8028E-01 -2.2476E+00
  8.9602E-01  7.8714E-01  6.9085E-01 -2.0557E+00
  9.0875E-01  8.0400E-01  7.0131E-01 -1.8554E+00
  9.2166E-01  8.2009E-01  7.1165E-01 -1.6469E+00
  9.3476E-01  8.3537E-01  7.2184E-01 -1.4306E+00
  9.4804E-01  8.4984E-01  7.3186E-01 -1.2067E+00
  9.6151E-01  8.6348E-01  7.4170E-01 -9.7562E-01
  9.7517E-01  8.7627E-01  7.5134E-01 -7.3794E-01
  9.8902E-01  8.8818E-01  7.6074E-01 -4.9416E-01
  1.0031E+00  8.9922E-01  7.6989E-01 -2.4490E-01
  1.0173E+00  9.0937E-01  7.7877E-01  9.1709E-03
  1.0318E+00  9.1861E-01  7.8734E-01  2.6727E-01
  1.0464E+00  9.2695E-01  7.9560E-01  5.2857E-01
  1.0613E+00  9.3437E-01  8.0350E-01  7.9214E-01
  1.0764E+00  9.4088E-01  8.1102E-01  1.0570E+00
  1.0917E+00  9.4646E-01  8.1815E-01  1.3220E+00
  1.1072E+00  9.5112E-01  8.2484E-01  1.5861E+00
  1.1229E+00  9.5486E-01  8.3108E-01  1.8480E+00
  1.1389E+00  9.5768E-01  8.3684E-01  2.1064E+00
  1.1550E+00  9.5959E-01  8.4209E-01  2.3599E+00
  1.1715E+00  9.6060E-01  8.4681E-01  2.6071E+00
  1.1881E+00  9.6071E-01  8.5096E-01  2.8464E+00
  1.2050E+00  9.5993E-01  8.5453E-01  3.0763E+00
  1.2221E+00  9.5828E-01  8.5748E-01  3.2952E+00
  1.2395E+00  9.5577E-01  8.5979E-01  3.5014E+00
  1.2571E+00  9.5241E-01  8.6145E-01  3.6932E+00
  1.2749E+00  9.4823E-01  8.6241E-01  3.8689E+00
  1.2930E+00  9.4323E-01  8.6267E-01  4.0269E+00
  1.3114E+00  9.3745E-01  8.6221E-01  4.1655E+00
  1.3300E+00  9.3089E-01  8.6099E-01  4.2829E+00
  1.3489E+00  9.2359E-01  8.5902E-01  4.3777E+00
  1.3681E+00  9.1556E-01  8.5627E-01  4.4484E+00
  1.3875E+00  9.0684E-01  8.5273E-01  4.4935E+00
  1.4072E+00  8.9744E-01  8.4840E-01  4.5119E+00
  1.4272E+00  8.8739E-01  8.4326E-01  4.5025E+00
  1.4475E+00  8.7672E-01  8.3732E-01  4.4644E+00
  1.4681E+00  8.6546E-01  8.3057E-01  4.3971E+00
  1.4889E+00  8.5364E-01  8.2302E-01  4.3003E+00
  1.5101E+00  8.4129E-01  8.1468E-01  4.1739E+00
  1.5315E+00  8.2843E-01  8.0555E-01  4.0185E+00
  1.5533E+00  8.1510E-01  7.9566E-01  3.8350E+00
  1.5753E+00  8.0132E-01  7.8503E-01  3.6246E+00
  1.5977E+00  7.8714E-01  7.7367E-01  3.3895E+00
  1.6204E+00  7.7258E-01  7.6163E-01  3.1321E+00
  1.6434E+00  7.5766E-01  7.4893E-01  2.8558E+00
  1.6668E+00  7.4244E-01  7.3561E-01  2.5645E+00
  1.6905E+00  7.2692E-01  7.2172E-01  2.2632E+00
  1.7145E+00  7.1115E-01  7.0730E-01  1.9577E+00
  1.7388E+00  6.9516E-01  6.9241E-01  1.6548E+00
  1.7635E+00  6.7898E-01  6.7708E-01  1.3622E+00
  1.7886E+00  6.6263E-01  6.6140E-01  1.0891E+00
  1.8140E+00  6.4615E-01  6.4540E-01  8.4772E-01
  1.8398E+00  6.2957E-01  6.2914E-01  6.4923E-01
  1.8659E+00  6.1291E-01  6.1270E-01  4.6900E-01
  1.8924E+00  5.9621E-01  5.9612E-01  3.1152E-01
  1.9193E+00  5.7949E-01  5.7946E-01  1.8137E-01
  1.9465E+00  5.6277E-01  5.6277E-01  8.3113E-02
  1.9742E+00  5.4609E-01  5.4609E-01  2.1160E-02
  2.0022E+00  5.2947E-01  5.2947E-01  0.0000E+00
  2.0307E+00  5.1293E-01  5.1293E-01  0.0000E+00
  2.0595E+00  4.9649E-01  4.9649E-01  0.0000E+00
  2.0888E+00  4.8018E-01  4.8018E-01  0.0000E+00
  2.1184E+00  4.6403E-01  4.6403E-01  0.0000E+00
  2.1485E+00  4.4804E-01  4.4804E-01  0.0000E+00
  2.1790E+00  4.3224E-01  4.3224E-01  0.0000E+00
  2.2100E+00  4.1664E-01  4.1664E-01  0.0000E+00
  2.2414E+00  4.0127E-01  4.0127E-01  0.0000E+00
  2.2732E+00  3.8614E-01  3.8614E-01  0.0000E+00
  2.3055E+00  3.7127E-01  3.7127E-01  0.0000E+00
  2.3383E+00  3.5666E-01  3.5666E-01  0.0000E+00
  2.3715E+00  3.4233E-01  3.4233E-01  0.0000E+00
  2.4052E+00  3.2830E-01  3.2830E-01  0.0000E+00
  2.4393E+00  3.1456E-01  3.1456E-01  0.0000E+00
  2.4740E+00  3.0114E-01  3.0114E-01  0.0000E+00
  2.5091E+00  2.8804E-01  2.8804E-01  0.0000E+00
  2.5448E+00  2.7526E-01  2.7526E-01  0.0000E+00
  2.5809E+00  2.6282E-01  2.6282E-01  0.0000E+00
  2.6176E+00  2.5072E-01  2.5072E-01  0.0000E+00
  2.6547E+00  2.3895E-01  2.3895E-01  0.0000E+00
  2.6925E+00  2.2754E-01  2.2754E-01  0.0000E+00
  2.7307E+00  2.1647E-01  2.1647E-01  0.0000E+00
  2.7695E+00  2.0574E-01  2.0574E-01  0.0000E+00
  2.8088E+00  1.9537E-01  1.9537E-01  0.0000E+00
  2.8487E+00  1.8535E-01  1.8535E-01  0.0000E+00
  2.8892E+00  1.7567E-01  1.7567E-01  0.0000E+00
  2.9302E+00  1.6634E-01  1.6634E-01  0.0000E+00
  2.9718E+00  1.5736E-01  1.5736E-01  0.0000E+00
  3.0141E+00  1.4871E-01  1.4871E-01  0.0000E+00
  3.0569E+00  1.4040E-01  1.4040E-01  0.0000E+00
  3.1003E+00  1.3242E-01  1.3242E-01  0.0000E+00
  3.1443E+00  1.2477E-01  1.2477E-01  0.0000E+00
  3.1890E+00  1.1745E-01  1.1745E-01  0.0000E+00
  3.2343E+00  1.1043E-01  1.1043E-01  0.0000E+00
  3.2802E+00  1.0373E-01  1.0373E-01  0.0000E+00
  3.3268E+00  9.7337E-02  9.7337E-02  0.0000E+00
  3.3741E+00  9.1237E-02  9.1237E-02  0.0000E+00
  3.4220E+00  8.5428E-02  8.5428E-02  0.0000E+00
  3.4706E+00  7.9900E-02  7.9900E-02  0.0000E+00
  3.5199E+00  7.4648E-02  7.4648E-02  0.0000E+00
  3.5699E+00  6.9663E-02  6.9663E-02  0.0000E+00
  3.6206E+00  6.4937E-02  6.4937E-02  0.0000E+00
  3.6720E+00  6.0462E-02  6.0462E-02  0.0000E+00
  3.7242E+00  5.6230E-02  5.6230E-02  0.0000E+00
  3.7771E+00  5.2233E-02  5.2233E-02  0.0000E+00
  3.8307E+00  4.8461E-02  4.8461E-02  0.0000E+00
  3.8851E+00  4.4908E-02  4.4908E-02  0.0000E+00
  3.9403E+00  4.1564E-02  4.1564E-02  0.0000E+00
  3.9963E+00  3.8421E-02  3.8421E-02  0.0000E+00
  4.0530E+00  3.5471E-02  3.5471E-02  0.0000E+00
  4.1106E+00  3.2705E-02  3.2705E-02  0.0000E+00
  4.1690E+00  3.0116E-02  3.0116E-02  0.0000E+00
  4.2282E+00  2.7696E-02  2.7696E-02  0.0000E+00
  4.2883E+00  2.5436E-02  2.5436E-02  0.0000E+00
  4.3492E+00  2.3328E-02  2.3328E-02  0.0000E+00
  4.4109E+00  2.1366E-02  2.1366E-02  0.0000E+00
  4.4736E+00  1.9542E-02  1.9542E-02  0.0000E+00
