 # l=           2 basis function with energy    0.29999999999999999     
  0.0000E+00 -0.0000E+00  0.0000E+00  0.0000E+00
  5.0071E-06 -9.0082E-13  1.2034E-16  8.3612E-15
  1.0085E-05 -5.6861E-12  9.8341E-16  6.8324E-14
  1.5236E-05 -1.6845E-11  3.3904E-15  2.3555E-13
  2.0459E-05 -3.6613E-11  8.2098E-15  5.7039E-13
  2.5757E-05 -6.7162E-11  1.6381E-14  1.1381E-12
  3.1130E-05 -1.1067E-10  2.8920E-14  2.0092E-12
  3.6579E-05 -1.6935E-10  4.6920E-14  3.2599E-12
  4.2106E-05 -2.4548E-10  7.1562E-14  4.9719E-12
  4.7711E-05 -3.4142E-10  1.0412E-13  7.2336E-12
  5.3395E-05 -4.5962E-10  1.4594E-13  1.0140E-11
  5.9161E-05 -6.0264E-10  1.9850E-13  1.3791E-11
  6.5008E-05 -7.7315E-10  2.6337E-13  1.8298E-11
  7.0939E-05 -9.7395E-10  3.4223E-13  2.3777E-11
  7.6953E-05 -1.2080E-09  4.3686E-13  3.0352E-11
  8.3053E-05 -1.4783E-09  5.4921E-13  3.8157E-11
  8.9240E-05 -1.7881E-09  6.8131E-13  4.7335E-11
  9.5514E-05 -2.1409E-09  8.3536E-13  5.8038E-11
  1.0188E-04 -2.5401E-09  1.0137E-12  7.0428E-11
  1.0833E-04 -2.9896E-09  1.2188E-12  8.4679E-11
  1.1488E-04 -3.4932E-09  1.4534E-12  1.0097E-10
  1.2152E-04 -4.0550E-09  1.7202E-12  1.1951E-10
  1.2825E-04 -4.6795E-09  2.0222E-12  1.4050E-10
  1.3508E-04 -5.3712E-09  2.3627E-12  1.6416E-10
  1.4200E-04 -6.1348E-09  2.7451E-12  1.9072E-10
  1.4903E-04 -6.9755E-09  3.1729E-12  2.2045E-10
  1.5615E-04 -7.8984E-09  3.6500E-12  2.5359E-10
  1.6338E-04 -8.9093E-09  4.1805E-12  2.9045E-10
  1.7070E-04 -1.0014E-08  4.7686E-12  3.3131E-10
  1.7813E-04 -1.1218E-08  5.4189E-12  3.7649E-10
  1.8567E-04 -1.2529E-08  6.1362E-12  4.2632E-10
  1.9332E-04 -1.3953E-08  6.9257E-12  4.8118E-10
  2.0107E-04 -1.5497E-08  7.7928E-12  5.4142E-10
  2.0893E-04 -1.7168E-08  8.7433E-12  6.0745E-10
  2.1691E-04 -1.8975E-08  9.7831E-12  6.7970E-10
  2.2499E-04 -2.0926E-08  1.0919E-11  7.5860E-10
  2.3320E-04 -2.3029E-08  1.2157E-11  8.4463E-10
  2.4151E-04 -2.5294E-08  1.3505E-11  9.3828E-10
  2.4995E-04 -2.7729E-08  1.4970E-11  1.0401E-09
  2.5851E-04 -3.0346E-08  1.6561E-11  1.1506E-09
  2.6719E-04 -3.3154E-08  1.8286E-11  1.2704E-09
  2.7599E-04 -3.6164E-08  2.0153E-11  1.4002E-09
  2.8492E-04 -3.9388E-08  2.2173E-11  1.5405E-09
  2.9397E-04 -4.2838E-08  2.4354E-11  1.6920E-09
  3.0315E-04 -4.6526E-08  2.6708E-11  1.8556E-09
  3.1246E-04 -5.0467E-08  2.9246E-11  2.0319E-09
  3.2191E-04 -5.4673E-08  3.1979E-11  2.2218E-09
  3.3149E-04 -5.9160E-08  3.4919E-11  2.4261E-09
  3.4120E-04 -6.3942E-08  3.8081E-11  2.6457E-09
  3.5106E-04 -6.9036E-08  4.1476E-11  2.8816E-09
  3.6105E-04 -7.4459E-08  4.5119E-11  3.1347E-09
  3.7118E-04 -8.0227E-08  4.9026E-11  3.4062E-09
  3.8146E-04 -8.6360E-08  5.3213E-11  3.6971E-09
  3.9189E-04 -9.2877E-08  5.7696E-11  4.0085E-09
  4.0246E-04 -9.9798E-08  6.2493E-11  4.3418E-09
  4.1318E-04 -1.0714E-07  6.7623E-11  4.6982E-09
  4.2406E-04 -1.1494E-07  7.3104E-11  5.0790E-09
  4.3509E-04 -1.2320E-07  7.8958E-11  5.4857E-09
  4.4627E-04 -1.3196E-07  8.5206E-11  5.9198E-09
  4.5762E-04 -1.4124E-07  9.1871E-11  6.3829E-09
  4.6913E-04 -1.5107E-07  9.8976E-11  6.8766E-09
  4.8080E-04 -1.6147E-07  1.0655E-10  7.4026E-09
  4.9263E-04 -1.7247E-07  1.1461E-10  7.9629E-09
  5.0463E-04 -1.8411E-07  1.2320E-10  8.5592E-09
  5.1681E-04 -1.9642E-07  1.3233E-10  9.1938E-09
  5.2916E-04 -2.0942E-07  1.4204E-10  9.8686E-09
  5.4168E-04 -2.2316E-07  1.5237E-10  1.0586E-08
  5.5438E-04 -2.3767E-07  1.6334E-10  1.1348E-08
  5.6726E-04 -2.5299E-07  1.7499E-10  1.2158E-08
  5.8032E-04 -2.6917E-07  1.8736E-10  1.3017E-08
  5.9357E-04 -2.8623E-07  2.0049E-10  1.3929E-08
  6.0701E-04 -3.0423E-07  2.1441E-10  1.4897E-08
  6.2064E-04 -3.2321E-07  2.2918E-10  1.5923E-08
  6.3446E-04 -3.4321E-07  2.4483E-10  1.7010E-08
  6.4848E-04 -3.6430E-07  2.6142E-10  1.8163E-08
  6.6269E-04 -3.8652E-07  2.7900E-10  1.9384E-08
  6.7711E-04 -4.0993E-07  2.9761E-10  2.0677E-08
  6.9174E-04 -4.3458E-07  3.1731E-10  2.2046E-08
  7.0657E-04 -4.6053E-07  3.3816E-10  2.3494E-08
  7.2161E-04 -4.8785E-07  3.6022E-10  2.5027E-08
  7.3686E-04 -5.1660E-07  3.8355E-10  2.6648E-08
  7.5234E-04 -5.4686E-07  4.0823E-10  2.8362E-08
  7.6803E-04 -5.7868E-07  4.3431E-10  3.0174E-08
  7.8394E-04 -6.1215E-07  4.6187E-10  3.2089E-08
  8.0008E-04 -6.4734E-07  4.9099E-10  3.4112E-08
  8.1645E-04 -6.8434E-07  5.2175E-10  3.6249E-08
  8.3306E-04 -7.2323E-07  5.5423E-10  3.8506E-08
  8.4989E-04 -7.6410E-07  5.8852E-10  4.0888E-08
  8.6697E-04 -8.0705E-07  6.2471E-10  4.3403E-08
  8.8429E-04 -8.5216E-07  6.6291E-10  4.6056E-08
  9.0186E-04 -8.9955E-07  7.0320E-10  4.8856E-08
  9.1967E-04 -9.4932E-07  7.4570E-10  5.1809E-08
  9.3774E-04 -1.0016E-06  7.9052E-10  5.4923E-08
  9.5607E-04 -1.0564E-06  8.3778E-10  5.8206E-08
  9.7465E-04 -1.1140E-06  8.8759E-10  6.1667E-08
  9.9350E-04 -1.1745E-06  9.4009E-10  6.5315E-08
  1.0126E-03 -1.2379E-06  9.9541E-10  6.9158E-08
  1.0320E-03 -1.3044E-06  1.0537E-09  7.3207E-08
  1.0517E-03 -1.3742E-06  1.1151E-09  7.7472E-08
  1.0716E-03 -1.4475E-06  1.1797E-09  8.1963E-08
  1.0918E-03 -1.5243E-06  1.2478E-09  8.6693E-08
  1.1124E-03 -1.6048E-06  1.3195E-09  9.1671E-08
  1.1332E-03 -1.6893E-06  1.3949E-09  9.6912E-08
  1.1543E-03 -1.7778E-06  1.4743E-09  1.0243E-07
  1.1757E-03 -1.8706E-06  1.5578E-09  1.0823E-07
  1.1974E-03 -1.9679E-06  1.6457E-09  1.1434E-07
  1.2194E-03 -2.0698E-06  1.7381E-09  1.2076E-07
  1.2417E-03 -2.1767E-06  1.8353E-09  1.2751E-07
  1.2643E-03 -2.2886E-06  1.9376E-09  1.3462E-07
  1.2873E-03 -2.4059E-06  2.0451E-09  1.4209E-07
  1.3106E-03 -2.5288E-06  2.1581E-09  1.4994E-07
  1.3342E-03 -2.6575E-06  2.2769E-09  1.5819E-07
  1.3582E-03 -2.7923E-06  2.4018E-09  1.6687E-07
  1.3825E-03 -2.9335E-06  2.5330E-09  1.7598E-07
  1.4071E-03 -3.0813E-06  2.6709E-09  1.8556E-07
  1.4321E-03 -3.2361E-06  2.8157E-09  1.9563E-07
  1.4574E-03 -3.3981E-06  2.9679E-09  2.0620E-07
  1.4832E-03 -3.5678E-06  3.1277E-09  2.1730E-07
  1.5092E-03 -3.7454E-06  3.2955E-09  2.2896E-07
  1.5357E-03 -3.9312E-06  3.4718E-09  2.4121E-07
  1.5625E-03 -4.1258E-06  3.6569E-09  2.5407E-07
  1.5897E-03 -4.3294E-06  3.8512E-09  2.6757E-07
  1.6173E-03 -4.5424E-06  4.0552E-09  2.8174E-07
  1.6452E-03 -4.7653E-06  4.2693E-09  2.9661E-07
  1.6736E-03 -4.9985E-06  4.4940E-09  3.1223E-07
  1.7024E-03 -5.2425E-06  4.7298E-09  3.2861E-07
  1.7316E-03 -5.4978E-06  4.9773E-09  3.4580E-07
  1.7612E-03 -5.7648E-06  5.2369E-09  3.6384E-07
  1.7912E-03 -6.0440E-06  5.5093E-09  3.8277E-07
  1.8216E-03 -6.3361E-06  5.7950E-09  4.0262E-07
  1.8525E-03 -6.6416E-06  6.0947E-09  4.2344E-07
  1.8838E-03 -6.9610E-06  6.4091E-09  4.4528E-07
  1.9156E-03 -7.2950E-06  6.7387E-09  4.6818E-07
  1.9478E-03 -7.6442E-06  7.0844E-09  4.9220E-07
  1.9805E-03 -8.0093E-06  7.4469E-09  5.1739E-07
  2.0136E-03 -8.3911E-06  7.8270E-09  5.4379E-07
  2.0472E-03 -8.7901E-06  8.2254E-09  5.7148E-07
  2.0813E-03 -9.2072E-06  8.6431E-09  6.0049E-07
  2.1159E-03 -9.6433E-06  9.0810E-09  6.3091E-07
  2.1509E-03 -1.0099E-05  9.5399E-09  6.6280E-07
  2.1865E-03 -1.0575E-05  1.0021E-08  6.9621E-07
  2.2225E-03 -1.1073E-05  1.0525E-08  7.3123E-07
  2.2591E-03 -1.1593E-05  1.1053E-08  7.6792E-07
  2.2962E-03 -1.2137E-05  1.1606E-08  8.0637E-07
  2.3338E-03 -1.2705E-05  1.2186E-08  8.4666E-07
  2.3720E-03 -1.3298E-05  1.2794E-08  8.8886E-07
  2.4107E-03 -1.3918E-05  1.3430E-08  9.3307E-07
  2.4499E-03 -1.4566E-05  1.4097E-08  9.7939E-07
  2.4897E-03 -1.5242E-05  1.4795E-08  1.0279E-06
  2.5301E-03 -1.5949E-05  1.5526E-08  1.0787E-06
  2.5710E-03 -1.6688E-05  1.6292E-08  1.1319E-06
  2.6125E-03 -1.7459E-05  1.7094E-08  1.1877E-06
  2.6547E-03 -1.8264E-05  1.7935E-08  1.2460E-06
  2.6974E-03 -1.9106E-05  1.8814E-08  1.3071E-06
  2.7407E-03 -1.9984E-05  1.9735E-08  1.3711E-06
  2.7846E-03 -2.0902E-05  2.0699E-08  1.4381E-06
  2.8292E-03 -2.1860E-05  2.1709E-08  1.5083E-06
  2.8744E-03 -2.2860E-05  2.2766E-08  1.5817E-06
  2.9202E-03 -2.3905E-05  2.3872E-08  1.6586E-06
  2.9667E-03 -2.4996E-05  2.5031E-08  1.7390E-06
  3.0138E-03 -2.6135E-05  2.6243E-08  1.8232E-06
  3.0616E-03 -2.7324E-05  2.7512E-08  1.9114E-06
  3.1101E-03 -2.8565E-05  2.8840E-08  2.0037E-06
  3.1593E-03 -2.9861E-05  3.0229E-08  2.1002E-06
  3.2092E-03 -3.1214E-05  3.1684E-08  2.2013E-06
  3.2597E-03 -3.2626E-05  3.3206E-08  2.3070E-06
  3.3110E-03 -3.4099E-05  3.4798E-08  2.4177E-06
  3.3631E-03 -3.5638E-05  3.6465E-08  2.5334E-06
  3.4159E-03 -3.7243E-05  3.8208E-08  2.6546E-06
  3.4694E-03 -3.8919E-05  4.0033E-08  2.7813E-06
  3.5236E-03 -4.0668E-05  4.1941E-08  2.9139E-06
  3.5787E-03 -4.2493E-05  4.3938E-08  3.0526E-06
  3.6345E-03 -4.4397E-05  4.6027E-08  3.1977E-06
  3.6912E-03 -4.6385E-05  4.8211E-08  3.3495E-06
  3.7486E-03 -4.8459E-05  5.0497E-08  3.5083E-06
  3.8068E-03 -5.0622E-05  5.2888E-08  3.6744E-06
  3.8659E-03 -5.2880E-05  5.5388E-08  3.8481E-06
  3.9258E-03 -5.5235E-05  5.8003E-08  4.0298E-06
  3.9866E-03 -5.7693E-05  6.0738E-08  4.2199E-06
  4.0482E-03 -6.0257E-05  6.3599E-08  4.4186E-06
  4.1107E-03 -6.2931E-05  6.6590E-08  4.6264E-06
  4.1741E-03 -6.5721E-05  6.9719E-08  4.8438E-06
  4.2384E-03 -6.8632E-05  7.2990E-08  5.0710E-06
  4.3036E-03 -7.1668E-05  7.6410E-08  5.3087E-06
  4.3697E-03 -7.4834E-05  7.9987E-08  5.5572E-06
  4.4368E-03 -7.8137E-05  8.3727E-08  5.8170E-06
  4.5048E-03 -8.1582E-05  8.7637E-08  6.0886E-06
  4.5738E-03 -8.5175E-05  9.1725E-08  6.3727E-06
  4.6438E-03 -8.8922E-05  9.5999E-08  6.6696E-06
  4.7147E-03 -9.2830E-05  1.0047E-07  6.9800E-06
  4.7867E-03 -9.6905E-05  1.0514E-07  7.3046E-06
  4.8597E-03 -1.0115E-04  1.1002E-07  7.6438E-06
  4.9337E-03 -1.0559E-04  1.1513E-07  7.9985E-06
  5.0088E-03 -1.1021E-04  1.2046E-07  8.3692E-06
  5.0849E-03 -1.1502E-04  1.2604E-07  8.7567E-06
  5.1621E-03 -1.2005E-04  1.3187E-07  9.1617E-06
  5.2405E-03 -1.2528E-04  1.3796E-07  9.5851E-06
  5.3199E-03 -1.3074E-04  1.4433E-07  1.0028E-05
  5.4004E-03 -1.3644E-04  1.5099E-07  1.0490E-05
  5.4822E-03 -1.4237E-04  1.5795E-07  1.0973E-05
  5.5650E-03 -1.4856E-04  1.6522E-07  1.1479E-05
  5.6491E-03 -1.5501E-04  1.7282E-07  1.2007E-05
  5.7343E-03 -1.6173E-04  1.8076E-07  1.2558E-05
  5.8207E-03 -1.6873E-04  1.8906E-07  1.3135E-05
  5.9084E-03 -1.7604E-04  1.9773E-07  1.3737E-05
  5.9973E-03 -1.8365E-04  2.0679E-07  1.4367E-05
  6.0875E-03 -1.9158E-04  2.1626E-07  1.5025E-05
  6.1790E-03 -1.9985E-04  2.2616E-07  1.5712E-05
  6.2718E-03 -2.0847E-04  2.3650E-07  1.6430E-05
  6.3658E-03 -2.1745E-04  2.4730E-07  1.7181E-05
  6.4612E-03 -2.2680E-04  2.5859E-07  1.7965E-05
  6.5580E-03 -2.3655E-04  2.7038E-07  1.8784E-05
  6.6562E-03 -2.4672E-04  2.8270E-07  1.9641E-05
  6.7557E-03 -2.5730E-04  2.9558E-07  2.0535E-05
  6.8567E-03 -2.6833E-04  3.0903E-07  2.1469E-05
  6.9590E-03 -2.7983E-04  3.2308E-07  2.2445E-05
  7.0629E-03 -2.9180E-04  3.3776E-07  2.3465E-05
  7.1682E-03 -3.0428E-04  3.5309E-07  2.4531E-05
  7.2750E-03 -3.1727E-04  3.6911E-07  2.5644E-05
  7.3833E-03 -3.3081E-04  3.8585E-07  2.6806E-05
  7.4932E-03 -3.4491E-04  4.0333E-07  2.8021E-05
  7.6046E-03 -3.5960E-04  4.2159E-07  2.9289E-05
  7.7176E-03 -3.7491E-04  4.4067E-07  3.0615E-05
  7.8323E-03 -3.9084E-04  4.6059E-07  3.1999E-05
  7.9485E-03 -4.0744E-04  4.8141E-07  3.3445E-05
  8.0664E-03 -4.2473E-04  5.0315E-07  3.4955E-05
  8.1860E-03 -4.4274E-04  5.2585E-07  3.6532E-05
  8.3072E-03 -4.6149E-04  5.4957E-07  3.8180E-05
  8.4302E-03 -4.8102E-04  5.7434E-07  3.9901E-05
  8.5550E-03 -5.0136E-04  6.0021E-07  4.1698E-05
  8.6815E-03 -5.2253E-04  6.2724E-07  4.3576E-05
  8.8098E-03 -5.4458E-04  6.5546E-07  4.5536E-05
  8.9399E-03 -5.6754E-04  6.8493E-07  4.7584E-05
  9.0719E-03 -5.9144E-04  7.1572E-07  4.9722E-05
  9.2057E-03 -6.1632E-04  7.4787E-07  5.1956E-05
  9.3415E-03 -6.4223E-04  7.8144E-07  5.4288E-05
  9.4791E-03 -6.6920E-04  8.1650E-07  5.6724E-05
  9.6188E-03 -6.9728E-04  8.5312E-07  5.9267E-05
  9.7604E-03 -7.2651E-04  8.9136E-07  6.1924E-05
  9.9040E-03 -7.5693E-04  9.3129E-07  6.4697E-05
  1.0050E-02 -7.8859E-04  9.7298E-07  6.7594E-05
  1.0197E-02 -8.2155E-04  1.0165E-06  7.0619E-05
  1.0347E-02 -8.5585E-04  1.0620E-06  7.3777E-05
  1.0499E-02 -8.9155E-04  1.1095E-06  7.7076E-05
  1.0653E-02 -9.2871E-04  1.1591E-06  8.0520E-05
  1.0810E-02 -9.6737E-04  1.2108E-06  8.4116E-05
  1.0968E-02 -1.0076E-03  1.2649E-06  8.7871E-05
  1.1129E-02 -1.0495E-03  1.3213E-06  9.1791E-05
  1.1292E-02 -1.0930E-03  1.3803E-06  9.5885E-05
  1.1457E-02 -1.1383E-03  1.4418E-06  1.0016E-04
  1.1625E-02 -1.1855E-03  1.5060E-06  1.0462E-04
  1.1795E-02 -1.2345E-03  1.5731E-06  1.0928E-04
  1.1968E-02 -1.2856E-03  1.6432E-06  1.1415E-04
  1.2143E-02 -1.3386E-03  1.7163E-06  1.1923E-04
  1.2320E-02 -1.3939E-03  1.7926E-06  1.2453E-04
  1.2500E-02 -1.4513E-03  1.8724E-06  1.3007E-04
  1.2683E-02 -1.5110E-03  1.9556E-06  1.3585E-04
  1.2868E-02 -1.5732E-03  2.0425E-06  1.4188E-04
  1.3056E-02 -1.6378E-03  2.1332E-06  1.4819E-04
  1.3246E-02 -1.7050E-03  2.2279E-06  1.5476E-04
  1.3439E-02 -1.7748E-03  2.3268E-06  1.6163E-04
  1.3635E-02 -1.8475E-03  2.4300E-06  1.6880E-04
  1.3834E-02 -1.9230E-03  2.5377E-06  1.7629E-04
  1.4035E-02 -2.0016E-03  2.6502E-06  1.8410E-04
  1.4239E-02 -2.0833E-03  2.7677E-06  1.9226E-04
  1.4447E-02 -2.1682E-03  2.8903E-06  2.0077E-04
  1.4657E-02 -2.2564E-03  3.0183E-06  2.0966E-04
  1.4870E-02 -2.3482E-03  3.1519E-06  2.1894E-04
  1.5086E-02 -2.4435E-03  3.2914E-06  2.2863E-04
  1.5306E-02 -2.5426E-03  3.4370E-06  2.3874E-04
  1.5528E-02 -2.6456E-03  3.5890E-06  2.4930E-04
  1.5753E-02 -2.7527E-03  3.7476E-06  2.6032E-04
  1.5982E-02 -2.8639E-03  3.9132E-06  2.7182E-04
  1.6214E-02 -2.9796E-03  4.0861E-06  2.8383E-04
  1.6449E-02 -3.0997E-03  4.2666E-06  2.9636E-04
  1.6688E-02 -3.2245E-03  4.4550E-06  3.0945E-04
  1.6930E-02 -3.3542E-03  4.6516E-06  3.2310E-04
  1.7176E-02 -3.4889E-03  4.8568E-06  3.3736E-04
  1.7425E-02 -3.6288E-03  5.0711E-06  3.5223E-04
  1.7677E-02 -3.7742E-03  5.2947E-06  3.6776E-04
  1.7933E-02 -3.9251E-03  5.5281E-06  3.8398E-04
  1.8193E-02 -4.0820E-03  5.7718E-06  4.0090E-04
  1.8456E-02 -4.2448E-03  6.0261E-06  4.1856E-04
  1.8723E-02 -4.4139E-03  6.2915E-06  4.3699E-04
  1.8994E-02 -4.5896E-03  6.5686E-06  4.5623E-04
  1.9269E-02 -4.7719E-03  6.8578E-06  4.7631E-04
  1.9548E-02 -4.9612E-03  7.1596E-06  4.9727E-04
  1.9830E-02 -5.1578E-03  7.4746E-06  5.1914E-04
  2.0117E-02 -5.3619E-03  7.8034E-06  5.4198E-04
  2.0408E-02 -5.5737E-03  8.1466E-06  5.6581E-04
  2.0702E-02 -5.7935E-03  8.5048E-06  5.9068E-04
  2.1001E-02 -6.0217E-03  8.8787E-06  6.1664E-04
  2.1305E-02 -6.2585E-03  9.2688E-06  6.4373E-04
  2.1612E-02 -6.5043E-03  9.6761E-06  6.7200E-04
  2.1924E-02 -6.7593E-03  1.0101E-05  7.0151E-04
  2.2241E-02 -7.0239E-03  1.0545E-05  7.3231E-04
  2.2562E-02 -7.2984E-03  1.1008E-05  7.6445E-04
  2.2887E-02 -7.5832E-03  1.1491E-05  7.9800E-04
  2.3217E-02 -7.8786E-03  1.1995E-05  8.3301E-04
  2.3552E-02 -8.1850E-03  1.2521E-05  8.6955E-04
  2.3891E-02 -8.5028E-03  1.3071E-05  9.0768E-04
  2.4236E-02 -8.8324E-03  1.3644E-05  9.4747E-04
  2.4585E-02 -9.1742E-03  1.4242E-05  9.8900E-04
  2.4939E-02 -9.5286E-03  1.4866E-05  1.0323E-03
  2.5298E-02 -9.8960E-03  1.5518E-05  1.0776E-03
  2.5662E-02 -1.0277E-02  1.6198E-05  1.1248E-03
  2.6032E-02 -1.0672E-02  1.6908E-05  1.1740E-03
  2.6407E-02 -1.1081E-02  1.7648E-05  1.2254E-03
  2.6787E-02 -1.1505E-02  1.8421E-05  1.2791E-03
  2.7172E-02 -1.1945E-02  1.9228E-05  1.3351E-03
  2.7563E-02 -1.2401E-02  2.0069E-05  1.3935E-03
  2.7959E-02 -1.2873E-02  2.0948E-05  1.4544E-03
  2.8362E-02 -1.3362E-02  2.1864E-05  1.5181E-03
  2.8769E-02 -1.3868E-02  2.2821E-05  1.5844E-03
  2.9183E-02 -1.4393E-02  2.3819E-05  1.6537E-03
  2.9602E-02 -1.4937E-02  2.4861E-05  1.7260E-03
  3.0028E-02 -1.5500E-02  2.5948E-05  1.8014E-03
  3.0459E-02 -1.6083E-02  2.7083E-05  1.8802E-03
  3.0897E-02 -1.6686E-02  2.8266E-05  1.9623E-03
  3.1341E-02 -1.7311E-02  2.9502E-05  2.0480E-03
  3.1791E-02 -1.7958E-02  3.0791E-05  2.1375E-03
  3.2247E-02 -1.8628E-02  3.2136E-05  2.2308E-03
  3.2710E-02 -1.9321E-02  3.3540E-05  2.3282E-03
  3.3180E-02 -2.0038E-02  3.5005E-05  2.4298E-03
  3.3656E-02 -2.0781E-02  3.6534E-05  2.5359E-03
  3.4139E-02 -2.1548E-02  3.8129E-05  2.6465E-03
  3.4629E-02 -2.2343E-02  3.9793E-05  2.7620E-03
  3.5126E-02 -2.3165E-02  4.1530E-05  2.8824E-03
  3.5630E-02 -2.4015E-02  4.3343E-05  3.0081E-03
  3.6141E-02 -2.4894E-02  4.5234E-05  3.1393E-03
  3.6659E-02 -2.5803E-02  4.7207E-05  3.2762E-03
  3.7185E-02 -2.6742E-02  4.9267E-05  3.4190E-03
  3.7718E-02 -2.7714E-02  5.1416E-05  3.5680E-03
  3.8258E-02 -2.8718E-02  5.3658E-05  3.7235E-03
  3.8807E-02 -2.9756E-02  5.5997E-05  3.8857E-03
  3.9363E-02 -3.0828E-02  5.8439E-05  4.0549E-03
  3.9927E-02 -3.1936E-02  6.0986E-05  4.2315E-03
  4.0499E-02 -3.3081E-02  6.3644E-05  4.4158E-03
  4.1079E-02 -3.4264E-02  6.6418E-05  4.6081E-03
  4.1668E-02 -3.5485E-02  6.9312E-05  4.8087E-03
  4.2264E-02 -3.6747E-02  7.2332E-05  5.0180E-03
  4.2870E-02 -3.8049E-02  7.5483E-05  5.2363E-03
  4.3484E-02 -3.9394E-02  7.8770E-05  5.4642E-03
  4.4106E-02 -4.0782E-02  8.2201E-05  5.7019E-03
  4.4738E-02 -4.2214E-02  8.5780E-05  5.9499E-03
  4.5378E-02 -4.3693E-02  8.9515E-05  6.2087E-03
  4.6027E-02 -4.5218E-02  9.3412E-05  6.4786E-03
  4.6686E-02 -4.6792E-02  9.7478E-05  6.7603E-03
  4.7354E-02 -4.8415E-02  1.0172E-04  7.0542E-03
  4.8032E-02 -5.0089E-02  1.0615E-04  7.3608E-03
  4.8719E-02 -5.1815E-02  1.1077E-04  7.6806E-03
  4.9416E-02 -5.3595E-02  1.1559E-04  8.0143E-03
  5.0123E-02 -5.5430E-02  1.2061E-04  8.3625E-03
  5.0839E-02 -5.7321E-02  1.2586E-04  8.7257E-03
  5.1567E-02 -5.9269E-02  1.3133E-04  9.1047E-03
  5.2304E-02 -6.1277E-02  1.3705E-04  9.5000E-03
  5.3052E-02 -6.3345E-02  1.4301E-04  9.9124E-03
  5.3810E-02 -6.5475E-02  1.4922E-04  1.0343E-02
  5.4579E-02 -6.7669E-02  1.5571E-04  1.0792E-02
  5.5360E-02 -6.9927E-02  1.6248E-04  1.1260E-02
  5.6151E-02 -7.2252E-02  1.6954E-04  1.1748E-02
  5.6953E-02 -7.4645E-02  1.7691E-04  1.2258E-02
  5.7767E-02 -7.7107E-02  1.8459E-04  1.2790E-02
  5.8593E-02 -7.9640E-02  1.9262E-04  1.3344E-02
  5.9430E-02 -8.2246E-02  2.0098E-04  1.3923E-02
  6.0279E-02 -8.4926E-02  2.0971E-04  1.4527E-02
  6.1140E-02 -8.7681E-02  2.1882E-04  1.5156E-02
  6.2013E-02 -9.0514E-02  2.2833E-04  1.5813E-02
  6.2899E-02 -9.3425E-02  2.3824E-04  1.6498E-02
  6.3797E-02 -9.6417E-02  2.4859E-04  1.7213E-02
  6.4708E-02 -9.9490E-02  2.5938E-04  1.7958E-02
  6.5632E-02 -1.0265E-01  2.7064E-04  1.8736E-02
  6.6570E-02 -1.0589E-01  2.8238E-04  1.9547E-02
  6.7520E-02 -1.0922E-01  2.9464E-04  2.0394E-02
  6.8484E-02 -1.1264E-01  3.0743E-04  2.1276E-02
  6.9462E-02 -1.1614E-01  3.2077E-04  2.2197E-02
  7.0453E-02 -1.1974E-01  3.3469E-04  2.3158E-02
  7.1459E-02 -1.2343E-01  3.4921E-04  2.4159E-02
  7.2479E-02 -1.2721E-01  3.6435E-04  2.5204E-02
  7.3513E-02 -1.3109E-01  3.8016E-04  2.6294E-02
  7.4562E-02 -1.3507E-01  3.9664E-04  2.7431E-02
  7.5626E-02 -1.3915E-01  4.1385E-04  2.8617E-02
  7.6705E-02 -1.4332E-01  4.3179E-04  2.9854E-02
  7.7799E-02 -1.4760E-01  4.5051E-04  3.1144E-02
  7.8909E-02 -1.5198E-01  4.7004E-04  3.2489E-02
  8.0035E-02 -1.5646E-01  4.9042E-04  3.3893E-02
  8.1177E-02 -1.6105E-01  5.1167E-04  3.5356E-02
  8.2335E-02 -1.6574E-01  5.3385E-04  3.6883E-02
  8.3509E-02 -1.7055E-01  5.5698E-04  3.8475E-02
  8.4700E-02 -1.7546E-01  5.8112E-04  4.0135E-02
  8.5908E-02 -1.8047E-01  6.0629E-04  4.1867E-02
  8.7133E-02 -1.8560E-01  6.3256E-04  4.3673E-02
  8.8375E-02 -1.9084E-01  6.5996E-04  4.5556E-02
  8.9636E-02 -1.9620E-01  6.8854E-04  4.7521E-02
  9.0914E-02 -2.0166E-01  7.1836E-04  4.9569E-02
  9.2210E-02 -2.0724E-01  7.4946E-04  5.1705E-02
  9.3524E-02 -2.1293E-01  7.8191E-04  5.3933E-02
  9.4858E-02 -2.1873E-01  8.1576E-04  5.6256E-02
  9.6210E-02 -2.2465E-01  8.5107E-04  5.8679E-02
  9.7581E-02 -2.3069E-01  8.8791E-04  6.1205E-02
  9.8972E-02 -2.3684E-01  9.2634E-04  6.3839E-02
  1.0038E-01 -2.4310E-01  9.6642E-04  6.6586E-02
  1.0181E-01 -2.4948E-01  1.0082E-03  6.9451E-02
  1.0326E-01 -2.5597E-01  1.0519E-03  7.2437E-02
  1.0474E-01 -2.6258E-01  1.0974E-03  7.5552E-02
  1.0623E-01 -2.6930E-01  1.1448E-03  7.8799E-02
  1.0774E-01 -2.7613E-01  1.1943E-03  8.2184E-02
  1.0928E-01 -2.8307E-01  1.2460E-03  8.5714E-02
  1.1083E-01 -2.9013E-01  1.2998E-03  8.9395E-02
  1.1241E-01 -2.9729E-01  1.3560E-03  9.3232E-02
  1.1401E-01 -3.0456E-01  1.4146E-03  9.7233E-02
  1.1564E-01 -3.1194E-01  1.4758E-03  1.0140E-01
  1.1729E-01 -3.1942E-01  1.5396E-03  1.0575E-01
  1.1896E-01 -3.2701E-01  1.6061E-03  1.1029E-01
  1.2065E-01 -3.3470E-01  1.6755E-03  1.1501E-01
  1.2237E-01 -3.4248E-01  1.7478E-03  1.1994E-01
  1.2411E-01 -3.5036E-01  1.8233E-03  1.2507E-01
  1.2588E-01 -3.5834E-01  1.9021E-03  1.3043E-01
  1.2767E-01 -3.6640E-01  1.9842E-03  1.3601E-01
  1.2949E-01 -3.7456E-01  2.0698E-03  1.4182E-01
  1.3134E-01 -3.8279E-01  2.1592E-03  1.4789E-01
  1.3321E-01 -3.9111E-01  2.2524E-03  1.5420E-01
  1.3510E-01 -3.9950E-01  2.3496E-03  1.6079E-01
  1.3703E-01 -4.0797E-01  2.4509E-03  1.6766E-01
  1.3898E-01 -4.1650E-01  2.5567E-03  1.7481E-01
  1.4096E-01 -4.2509E-01  2.6669E-03  1.8227E-01
  1.4296E-01 -4.3375E-01  2.7819E-03  1.9004E-01
  1.4500E-01 -4.4245E-01  2.9019E-03  1.9813E-01
  1.4706E-01 -4.5121E-01  3.0270E-03  2.0657E-01
  1.4916E-01 -4.6000E-01  3.1574E-03  2.1536E-01
  1.5128E-01 -4.6883E-01  3.2935E-03  2.2452E-01
  1.5343E-01 -4.7769E-01  3.4354E-03  2.3407E-01
  1.5562E-01 -4.8657E-01  3.5834E-03  2.4402E-01
  1.5783E-01 -4.9547E-01  3.7377E-03  2.5438E-01
  1.6008E-01 -5.0438E-01  3.8987E-03  2.6518E-01
  1.6236E-01 -5.1329E-01  4.0665E-03  2.7642E-01
  1.6467E-01 -5.2219E-01  4.2416E-03  2.8814E-01
  1.6701E-01 -5.3108E-01  4.4241E-03  3.0034E-01
  1.6939E-01 -5.3994E-01  4.6144E-03  3.1306E-01
  1.7180E-01 -5.4878E-01  4.8129E-03  3.2630E-01
  1.7425E-01 -5.5757E-01  5.0199E-03  3.4009E-01
  1.7673E-01 -5.6632E-01  5.2358E-03  3.5446E-01
  1.7924E-01 -5.7500E-01  5.4608E-03  3.6942E-01
  1.8179E-01 -5.8362E-01  5.6955E-03  3.8500E-01
  1.8438E-01 -5.9216E-01  5.9402E-03  4.0123E-01
  1.8700E-01 -6.0061E-01  6.1954E-03  4.1812E-01
  1.8966E-01 -6.0896E-01  6.4614E-03  4.3571E-01
  1.9236E-01 -6.1721E-01  6.7388E-03  4.5403E-01
  1.9510E-01 -6.2533E-01  7.0281E-03  4.7310E-01
  1.9787E-01 -6.3332E-01  7.3296E-03  4.9295E-01
  2.0069E-01 -6.4116E-01  7.6440E-03  5.1361E-01
  2.0354E-01 -6.4886E-01  7.9718E-03  5.3512E-01
  2.0644E-01 -6.5638E-01  8.3136E-03  5.5751E-01
  2.0938E-01 -6.6373E-01  8.6699E-03  5.8081E-01
  2.1236E-01 -6.7088E-01  9.0413E-03  6.0506E-01
  2.1538E-01 -6.7783E-01  9.4286E-03  6.3029E-01
  2.1844E-01 -6.8457E-01  9.8323E-03  6.5655E-01
  2.2155E-01 -6.9107E-01  1.0253E-02  6.8387E-01
  2.2470E-01 -6.9733E-01  1.0692E-02  7.1229E-01
  2.2790E-01 -7.0334E-01  1.1149E-02  7.4185E-01
  2.3114E-01 -7.0908E-01  1.1626E-02  7.7261E-01
  2.3442E-01 -7.1454E-01  1.2123E-02  8.0460E-01
  2.3776E-01 -7.1970E-01  1.2641E-02  8.3786E-01
  2.4114E-01 -7.2455E-01  1.3180E-02  8.7246E-01
  2.4457E-01 -7.2908E-01  1.3743E-02  9.0843E-01
  2.4805E-01 -7.3327E-01  1.4329E-02  9.4583E-01
  2.5158E-01 -7.3711E-01  1.4941E-02  9.8471E-01
  2.5515E-01 -7.4058E-01  1.5578E-02  1.0251E+00
  2.5878E-01 -7.4368E-01  1.6241E-02  1.0671E+00
  2.6246E-01 -7.4638E-01  1.6933E-02  1.1108E+00
  2.6620E-01 -7.4868E-01  1.7654E-02  1.1562E+00
  2.6998E-01 -7.5055E-01  1.8405E-02  1.2033E+00
  2.7382E-01 -7.5199E-01  1.9188E-02  1.2523E+00
  2.7772E-01 -7.5299E-01  2.0004E-02  1.3031E+00
  2.8166E-01 -7.5353E-01  2.0853E-02  1.3560E+00
  2.8567E-01 -7.5359E-01  2.1739E-02  1.4109E+00
  2.8973E-01 -7.5316E-01  2.2661E-02  1.4678E+00
  2.9385E-01 -7.5224E-01  2.3623E-02  1.5270E+00
  2.9803E-01 -7.5081E-01  2.4624E-02  1.5884E+00
  3.0227E-01 -7.4885E-01  2.5667E-02  1.6521E+00
  3.0657E-01 -7.4636E-01  2.6753E-02  1.7182E+00
  3.1092E-01 -7.4332E-01  2.7885E-02  1.7868E+00
  3.1535E-01 -7.3972E-01  2.9064E-02  1.8580E+00
  3.1983E-01 -7.3556E-01  3.0292E-02  1.9318E+00
  3.2438E-01 -7.3082E-01  3.1571E-02  2.0084E+00
  3.2899E-01 -7.2549E-01  3.2903E-02  2.0877E+00
  3.3367E-01 -7.1957E-01  3.4290E-02  2.1700E+00
  3.3841E-01 -7.1304E-01  3.5734E-02  2.2553E+00
  3.4322E-01 -7.0589E-01  3.7238E-02  2.3436E+00
  3.4810E-01 -6.9813E-01  3.8804E-02  2.4352E+00
  3.5305E-01 -6.8973E-01  4.0434E-02  2.5300E+00
  3.5807E-01 -6.8070E-01  4.2132E-02  2.6282E+00
  3.6316E-01 -6.7103E-01  4.3899E-02  2.7298E+00
  3.6832E-01 -6.6071E-01  4.5738E-02  2.8350E+00
  3.7356E-01 -6.4974E-01  4.7653E-02  2.9439E+00
  3.7887E-01 -6.3812E-01  4.9646E-02  3.0565E+00
  3.8425E-01 -6.2583E-01  5.1720E-02  3.1729E+00
  3.8972E-01 -6.1288E-01  5.3878E-02  3.2933E+00
  3.9525E-01 -5.9927E-01  5.6124E-02  3.4178E+00
  4.0087E-01 -5.8499E-01  5.8461E-02  3.5464E+00
  4.0657E-01 -5.7005E-01  6.0893E-02  3.6793E+00
  4.1235E-01 -5.5443E-01  6.3423E-02  3.8165E+00
  4.1821E-01 -5.3815E-01  6.6055E-02  3.9581E+00
  4.2416E-01 -5.2121E-01  6.8792E-02  4.1043E+00
  4.3019E-01 -5.0360E-01  7.1639E-02  4.2551E+00
  4.3630E-01 -4.8533E-01  7.4600E-02  4.4106E+00
  4.4250E-01 -4.6640E-01  7.7680E-02  4.5709E+00
  4.4879E-01 -4.4682E-01  8.0881E-02  4.7360E+00
  4.5517E-01 -4.2660E-01  8.4210E-02  4.9061E+00
  4.6164E-01 -4.0573E-01  8.7671E-02  5.0813E+00
  4.6820E-01 -3.8423E-01  9.1268E-02  5.2615E+00
  4.7486E-01 -3.6210E-01  9.5007E-02  5.4469E+00
  4.8160E-01 -3.3936E-01  9.8892E-02  5.6375E+00
  4.8845E-01 -3.1600E-01  1.0293E-01  5.8334E+00
  4.9539E-01 -2.9205E-01  1.0712E-01  6.0345E+00
  5.0243E-01 -2.6751E-01  1.1148E-01  6.2410E+00
  5.0957E-01 -2.4239E-01  1.1601E-01  6.4528E+00
  5.1682E-01 -2.1671E-01  1.2071E-01  6.6700E+00
  5.2416E-01 -1.9048E-01  1.2559E-01  6.8926E+00
  5.3161E-01 -1.6371E-01  1.3066E-01  7.1204E+00
  5.3916E-01 -1.3642E-01  1.3592E-01  7.3536E+00
  5.4683E-01 -1.0863E-01  1.4138E-01  7.5920E+00
  5.5460E-01 -8.0342E-02  1.4705E-01  7.8357E+00
  5.6248E-01 -5.1588E-02  1.5293E-01  8.0844E+00
  5.7047E-01 -2.2381E-02  1.5903E-01  8.3381E+00
  5.7858E-01  7.2603E-03  1.6536E-01  8.5967E+00
  5.8680E-01  3.7316E-02  1.7193E-01  8.8601E+00
  5.9514E-01  6.7765E-02  1.7873E-01  9.1280E+00
  6.0360E-01  9.8587E-02  1.8579E-01  9.4003E+00
  6.1218E-01  1.2976E-01  1.9310E-01  9.6767E+00
  6.2087E-01  1.6126E-01  2.0068E-01  9.9570E+00
  6.2970E-01  1.9306E-01  2.0853E-01  1.0241E+01
  6.3865E-01  2.2515E-01  2.1666E-01  1.0528E+01
  6.4772E-01  2.5749E-01  2.2508E-01  1.0818E+01
  6.5693E-01  2.9007E-01  2.3379E-01  1.1111E+01
  6.6626E-01  3.2285E-01  2.4282E-01  1.1406E+01
  6.7573E-01  3.5580E-01  2.5215E-01  1.1702E+01
  6.8533E-01  3.8892E-01  2.6181E-01  1.2000E+01
  6.9507E-01  4.2215E-01  2.7180E-01  1.2298E+01
  7.0494E-01  4.5549E-01  2.8213E-01  1.2596E+01
  7.1496E-01  4.8889E-01  2.9280E-01  1.2894E+01
  7.2512E-01  5.2234E-01  3.0383E-01  1.3190E+01
  7.3542E-01  5.5580E-01  3.1522E-01  1.3484E+01
  7.4587E-01  5.8925E-01  3.2698E-01  1.3775E+01
  7.5647E-01  6.2265E-01  3.3912E-01  1.4063E+01
  7.6722E-01  6.5597E-01  3.5165E-01  1.4345E+01
  7.7812E-01  6.8920E-01  3.6457E-01  1.4622E+01
  7.8918E-01  7.2229E-01  3.7789E-01  1.4892E+01
  8.0039E-01  7.5521E-01  3.9161E-01  1.5155E+01
  8.1176E-01  7.8794E-01  4.0575E-01  1.5408E+01
  8.2330E-01  8.2044E-01  4.2032E-01  1.5651E+01
  8.3499E-01  8.5268E-01  4.3530E-01  1.5883E+01
  8.4686E-01  8.8463E-01  4.5071E-01  1.6102E+01
  8.5889E-01  9.1626E-01  4.6656E-01  1.6307E+01
  8.7109E-01  9.4753E-01  4.8285E-01  1.6496E+01
  8.8347E-01  9.7842E-01  4.9957E-01  1.6668E+01
  8.9602E-01  1.0089E+00  5.1674E-01  1.6821E+01
  9.0875E-01  1.0389E+00  5.3435E-01  1.6954E+01
  9.2166E-01  1.0684E+00  5.5240E-01  1.7065E+01
  9.3476E-01  1.0974E+00  5.7089E-01  1.7152E+01
  9.4804E-01  1.1259E+00  5.8983E-01  1.7214E+01
  9.6151E-01  1.1537E+00  6.0919E-01  1.7248E+01
  9.7517E-01  1.1809E+00  6.2898E-01  1.7254E+01
  9.8902E-01  1.2075E+00  6.4920E-01  1.7229E+01
  1.0031E+00  1.2334E+00  6.6983E-01  1.7172E+01
  1.0173E+00  1.2586E+00  6.9086E-01  1.7080E+01
  1.0318E+00  1.2831E+00  7.1228E-01  1.6952E+01
  1.0464E+00  1.3067E+00  7.3408E-01  1.6786E+01
  1.0613E+00  1.3296E+00  7.5623E-01  1.6581E+01
  1.0764E+00  1.3517E+00  7.7872E-01  1.6335E+01
  1.0917E+00  1.3728E+00  8.0153E-01  1.6046E+01
  1.1072E+00  1.3931E+00  8.2462E-01  1.5713E+01
  1.1229E+00  1.4125E+00  8.4799E-01  1.5335E+01
  1.1389E+00  1.4310E+00  8.7158E-01  1.4910E+01
  1.1550E+00  1.4485E+00  8.9537E-01  1.4438E+01
  1.1715E+00  1.4650E+00  9.1932E-01  1.3918E+01
  1.1881E+00  1.4805E+00  9.4339E-01  1.3349E+01
  1.2050E+00  1.4950E+00  9.6754E-01  1.2731E+01
  1.2221E+00  1.5084E+00  9.9171E-01  1.2065E+01
  1.2395E+00  1.5208E+00  1.0159E+00  1.1349E+01
  1.2571E+00  1.5321E+00  1.0399E+00  1.0586E+01
  1.2749E+00  1.5423E+00  1.0638E+00  9.7756E+00
  1.2930E+00  1.5514E+00  1.0875E+00  8.9201E+00
  1.3114E+00  1.5593E+00  1.1110E+00  8.0214E+00
  1.3300E+00  1.5661E+00  1.1340E+00  7.0818E+00
  1.3489E+00  1.5718E+00  1.1567E+00  6.1045E+00
  1.3681E+00  1.5763E+00  1.1788E+00  5.0931E+00
  1.3875E+00  1.5795E+00  1.2003E+00  4.0519E+00
  1.4072E+00  1.5816E+00  1.2211E+00  2.9856E+00
  1.4272E+00  1.5825E+00  1.2412E+00  1.9000E+00
  1.4475E+00  1.5822E+00  1.2603E+00  8.0129E-01
  1.4681E+00  1.5807E+00  1.2785E+00 -3.0342E-01
  1.4889E+00  1.5779E+00  1.2956E+00 -1.4063E+00
  1.5101E+00  1.5739E+00  1.3114E+00 -2.4988E+00
  1.5315E+00  1.5687E+00  1.3260E+00 -3.5715E+00
  1.5533E+00  1.5622E+00  1.3391E+00 -4.6142E+00
  1.5753E+00  1.5545E+00  1.3507E+00 -5.6160E+00
  1.5977E+00  1.5455E+00  1.3606E+00 -6.5651E+00
  1.6204E+00  1.5353E+00  1.3688E+00 -7.4492E+00
  1.6434E+00  1.5239E+00  1.3752E+00 -8.2553E+00
  1.6668E+00  1.5112E+00  1.3795E+00 -8.9697E+00
  1.6905E+00  1.4973E+00  1.3818E+00 -9.5785E+00
  1.7145E+00  1.4821E+00  1.3820E+00 -1.0067E+01
  1.7388E+00  1.4656E+00  1.3799E+00 -1.0422E+01
  1.7635E+00  1.4480E+00  1.3755E+00 -1.0628E+01
  1.7886E+00  1.4290E+00  1.3688E+00 -1.0671E+01
  1.8140E+00  1.4089E+00  1.3596E+00 -1.0534E+01
  1.8398E+00  1.3875E+00  1.3480E+00 -1.0206E+01
  1.8659E+00  1.3649E+00  1.3340E+00 -9.7476E+00
  1.8924E+00  1.3411E+00  1.3176E+00 -9.1618E+00
  1.9193E+00  1.3160E+00  1.2987E+00 -8.4534E+00
  1.9465E+00  1.2898E+00  1.2775E+00 -7.6316E+00
  1.9742E+00  1.2623E+00  1.2541E+00 -6.7105E+00
  2.0022E+00  1.2336E+00  1.2284E+00 -5.7098E+00
  2.0307E+00  1.2038E+00  1.2007E+00 -4.6564E+00
  2.0595E+00  1.1727E+00  1.1712E+00 -3.5853E+00
  2.0888E+00  1.1405E+00  1.1398E+00 -2.5417E+00
  2.1184E+00  1.1071E+00  1.1069E+00 -1.5822E+00
  2.1485E+00  1.0726E+00  1.0725E+00 -7.7765E-01
  2.1790E+00  1.0369E+00  1.0369E+00 -2.1488E-01
  2.2100E+00  1.0000E+00  1.0000E+00  0.0000E+00
  2.2414E+00  9.6200E-01  9.6200E-01  0.0000E+00
  2.2732E+00  9.2287E-01  9.2287E-01  0.0000E+00
  2.3055E+00  8.8262E-01  8.8262E-01  0.0000E+00
  2.3383E+00  8.4125E-01  8.4125E-01  0.0000E+00
  2.3715E+00  7.9878E-01  7.9878E-01  0.0000E+00
  2.4052E+00  7.5522E-01  7.5522E-01  0.0000E+00
  2.4393E+00  7.1057E-01  7.1057E-01  0.0000E+00
  2.4740E+00  6.6486E-01  6.6486E-01  0.0000E+00
  2.5091E+00  6.1808E-01  6.1808E-01  0.0000E+00
  2.5448E+00  5.7025E-01  5.7025E-01  0.0000E+00
  2.5809E+00  5.2139E-01  5.2139E-01  0.0000E+00
  2.6176E+00  4.7151E-01  4.7151E-01  0.0000E+00
  2.6547E+00  4.2061E-01  4.2061E-01  0.0000E+00
  2.6925E+00  3.6873E-01  3.6873E-01  0.0000E+00
  2.7307E+00  3.1586E-01  3.1586E-01  0.0000E+00
  2.7695E+00  2.6204E-01  2.6204E-01  0.0000E+00
  2.8088E+00  2.0729E-01  2.0729E-01  0.0000E+00
  2.8487E+00  1.5161E-01  1.5161E-01  0.0000E+00
  2.8892E+00  9.5041E-02  9.5041E-02  0.0000E+00
  2.9302E+00  3.7602E-02  3.7602E-02  0.0000E+00
  2.9718E+00 -2.0679E-02 -2.0679E-02  0.0000E+00
  3.0141E+00 -7.9773E-02 -7.9773E-02  0.0000E+00
  3.0569E+00 -1.3965E-01 -1.3965E-01  0.0000E+00
  3.1003E+00 -2.0027E-01 -2.0027E-01  0.0000E+00
  3.1443E+00 -2.6160E-01 -2.6160E-01  0.0000E+00
  3.1890E+00 -3.2359E-01 -3.2359E-01  0.0000E+00
  3.2343E+00 -3.8621E-01 -3.8621E-01  0.0000E+00
  3.2802E+00 -4.4941E-01 -4.4941E-01  0.0000E+00
  3.3268E+00 -5.1313E-01 -5.1313E-01  0.0000E+00
  3.3741E+00 -5.7733E-01 -5.7733E-01  0.0000E+00
  3.4220E+00 -6.4193E-01 -6.4193E-01  0.0000E+00
  3.4706E+00 -7.0689E-01 -7.0689E-01  0.0000E+00
  3.5199E+00 -7.7213E-01 -7.7213E-01  0.0000E+00
  3.5699E+00 -8.3758E-01 -8.3758E-01  0.0000E+00
  3.6206E+00 -9.0316E-01 -9.0316E-01  0.0000E+00
  3.6720E+00 -9.6880E-01 -9.6880E-01  0.0000E+00
  3.7242E+00 -1.0344E+00 -1.0344E+00  0.0000E+00
  3.7771E+00 -1.0999E+00 -1.0999E+00  0.0000E+00
  3.8307E+00 -1.1652E+00 -1.1652E+00  0.0000E+00
  3.8851E+00 -1.2301E+00 -1.2301E+00  0.0000E+00
  3.9403E+00 -1.2947E+00 -1.2947E+00  0.0000E+00
  3.9963E+00 -1.3587E+00 -1.3587E+00  0.0000E+00
  4.0530E+00 -1.4220E+00 -1.4220E+00  0.0000E+00
  4.1106E+00 -1.4846E+00 -1.4846E+00  0.0000E+00
  4.1690E+00 -1.5463E+00 -1.5463E+00  0.0000E+00
  4.2282E+00 -1.6070E+00 -1.6070E+00  0.0000E+00
  4.2883E+00 -1.6665E+00 -1.6665E+00  0.0000E+00
  4.3492E+00 -1.7247E+00 -1.7247E+00  0.0000E+00
  4.4109E+00 -1.7814E+00 -1.7814E+00  0.0000E+00
  4.4736E+00 -1.8366E+00 -1.8366E+00  0.0000E+00
