 # l=           2 energy=  -5.0000000000000000     
  0.0000E+00  0.0000E+00  0.0000E+00 -0.0000E+00
  5.0071E-06  2.0528E-17 -5.5925E-14 -7.2546E-14
  1.0085E-05  1.6775E-16 -3.5301E-13 -4.5792E-13
  1.5236E-05  5.7833E-16 -1.0459E-12 -1.3566E-12
  2.0459E-05  1.4004E-15 -2.2736E-12 -2.9486E-12
  2.5757E-05  2.7943E-15 -4.1710E-12 -5.4088E-12
  3.1130E-05  4.9331E-15 -6.8728E-12 -8.9125E-12
  3.6579E-05  8.0036E-15 -1.0517E-11 -1.3638E-11
  4.2106E-05  1.2207E-14 -1.5244E-11 -1.9769E-11
  4.7711E-05  1.7760E-14 -2.1202E-11 -2.7496E-11
  5.3395E-05  2.4895E-14 -2.8542E-11 -3.7015E-11
  5.9161E-05  3.3861E-14 -3.7423E-11 -4.8533E-11
  6.5008E-05  4.4926E-14 -4.8010E-11 -6.2265E-11
  7.0939E-05  5.8377E-14 -6.0479E-11 -7.8436E-11
  7.6953E-05  7.4520E-14 -7.5009E-11 -9.7283E-11
  8.3053E-05  9.3683E-14 -9.1793E-11 -1.1905E-10
  8.9240E-05  1.1622E-13 -1.1103E-10 -1.4400E-10
  9.5514E-05  1.4249E-13 -1.3293E-10 -1.7241E-10
  1.0188E-04  1.7292E-13 -1.5772E-10 -2.0457E-10
  1.0833E-04  2.0790E-13 -1.8563E-10 -2.4076E-10
  1.1488E-04  2.4791E-13 -2.1689E-10 -2.8132E-10
  1.2152E-04  2.9342E-13 -2.5178E-10 -3.2657E-10
  1.2825E-04  3.4495E-13 -2.9055E-10 -3.7686E-10
  1.3508E-04  4.0304E-13 -3.3349E-10 -4.3256E-10
  1.4200E-04  4.6826E-13 -3.8090E-10 -4.9406E-10
  1.4903E-04  5.4124E-13 -4.3309E-10 -5.6176E-10
  1.5615E-04  6.2262E-13 -4.9039E-10 -6.3609E-10
  1.6338E-04  7.1310E-13 -5.5314E-10 -7.1749E-10
  1.7070E-04  8.1342E-13 -6.2171E-10 -8.0645E-10
  1.7813E-04  9.2435E-13 -6.9648E-10 -9.0344E-10
  1.8567E-04  1.0467E-12 -7.7785E-10 -1.0090E-09
  1.9332E-04  1.1814E-12 -8.6623E-10 -1.1237E-09
  2.0107E-04  1.3293E-12 -9.6208E-10 -1.2480E-09
  2.0893E-04  1.4914E-12 -1.0658E-09 -1.3826E-09
  2.1691E-04  1.6688E-12 -1.1780E-09 -1.5281E-09
  2.2499E-04  1.8625E-12 -1.2991E-09 -1.6852E-09
  2.3320E-04  2.0737E-12 -1.4297E-09 -1.8546E-09
  2.4151E-04  2.3037E-12 -1.5703E-09 -2.0370E-09
  2.4995E-04  2.5536E-12 -1.7214E-09 -2.2331E-09
  2.5851E-04  2.8250E-12 -1.8839E-09 -2.4438E-09
  2.6719E-04  3.1192E-12 -2.0581E-09 -2.6700E-09
  2.7599E-04  3.4377E-12 -2.2450E-09 -2.9124E-09
  2.8492E-04  3.7822E-12 -2.4451E-09 -3.1720E-09
  2.9397E-04  4.1543E-12 -2.6593E-09 -3.4499E-09
  3.0315E-04  4.5559E-12 -2.8882E-09 -3.7469E-09
  3.1246E-04  4.9887E-12 -3.1328E-09 -4.0643E-09
  3.2191E-04  5.4549E-12 -3.3939E-09 -4.4030E-09
  3.3149E-04  5.9565E-12 -3.6724E-09 -4.7643E-09
  3.4120E-04  6.4957E-12 -3.9692E-09 -5.1495E-09
  3.5106E-04  7.0749E-12 -4.2854E-09 -5.5597E-09
  3.6105E-04  7.6964E-12 -4.6220E-09 -5.9964E-09
  3.7118E-04  8.3629E-12 -4.9801E-09 -6.4610E-09
  3.8146E-04  9.0771E-12 -5.3607E-09 -6.9549E-09
  3.9189E-04  9.8418E-12 -5.7652E-09 -7.4797E-09
  4.0246E-04  1.0660E-11 -6.1948E-09 -8.0371E-09
  4.1318E-04  1.1535E-11 -6.6507E-09 -8.6287E-09
  4.2406E-04  1.2470E-11 -7.1344E-09 -9.2563E-09
  4.3509E-04  1.3469E-11 -7.6473E-09 -9.9218E-09
  4.4627E-04  1.4534E-11 -8.1909E-09 -1.0627E-08
  4.5762E-04  1.5671E-11 -8.7668E-09 -1.1374E-08
  4.6913E-04  1.6883E-11 -9.3767E-09 -1.2166E-08
  4.8080E-04  1.8175E-11 -1.0022E-08 -1.3003E-08
  4.9263E-04  1.9550E-11 -1.0705E-08 -1.3890E-08
  5.0463E-04  2.1015E-11 -1.1428E-08 -1.4827E-08
  5.1681E-04  2.2572E-11 -1.2191E-08 -1.5818E-08
  5.2916E-04  2.4229E-11 -1.2998E-08 -1.6865E-08
  5.4168E-04  2.5990E-11 -1.3851E-08 -1.7972E-08
  5.5438E-04  2.7862E-11 -1.4752E-08 -1.9141E-08
  5.6726E-04  2.9849E-11 -1.5703E-08 -2.0374E-08
  5.8032E-04  3.1959E-11 -1.6706E-08 -2.1677E-08
  5.9357E-04  3.4199E-11 -1.7765E-08 -2.3051E-08
  6.0701E-04  3.6574E-11 -1.8882E-08 -2.4500E-08
  6.2064E-04  3.9093E-11 -2.0060E-08 -2.6029E-08
  6.3446E-04  4.1764E-11 -2.1302E-08 -2.7640E-08
  6.4848E-04  4.4593E-11 -2.2611E-08 -2.9338E-08
  6.6269E-04  4.7591E-11 -2.3989E-08 -3.1128E-08
  6.7711E-04  5.0766E-11 -2.5442E-08 -3.3013E-08
  6.9174E-04  5.4126E-11 -2.6972E-08 -3.4998E-08
  7.0657E-04  5.7683E-11 -2.8582E-08 -3.7088E-08
  7.2161E-04  6.1446E-11 -3.0278E-08 -3.9288E-08
  7.3686E-04  6.5426E-11 -3.2062E-08 -4.1604E-08
  7.5234E-04  6.9635E-11 -3.3939E-08 -4.4040E-08
  7.6803E-04  7.4083E-11 -3.5914E-08 -4.6603E-08
  7.8394E-04  7.8785E-11 -3.7991E-08 -4.9298E-08
  8.0008E-04  8.3752E-11 -4.0175E-08 -5.2132E-08
  8.1645E-04  8.8999E-11 -4.2471E-08 -5.5112E-08
  8.3306E-04  9.4539E-11 -4.4885E-08 -5.8244E-08
  8.4989E-04  1.0039E-10 -4.7421E-08 -6.1536E-08
  8.6697E-04  1.0656E-10 -5.0086E-08 -6.4994E-08
  8.8429E-04  1.1308E-10 -5.2885E-08 -6.8627E-08
  9.0186E-04  1.1995E-10 -5.5826E-08 -7.2443E-08
  9.1967E-04  1.2720E-10 -5.8914E-08 -7.6451E-08
  9.3774E-04  1.3485E-10 -6.2157E-08 -8.0659E-08
  9.5607E-04  1.4291E-10 -6.5561E-08 -8.5078E-08
  9.7465E-04  1.5140E-10 -6.9134E-08 -8.9715E-08
  9.9350E-04  1.6036E-10 -7.2885E-08 -9.4582E-08
  1.0126E-03  1.6980E-10 -7.6820E-08 -9.9690E-08
  1.0320E-03  1.7974E-10 -8.0950E-08 -1.0505E-07
  1.0517E-03  1.9021E-10 -8.5282E-08 -1.1067E-07
  1.0716E-03  2.0124E-10 -8.9826E-08 -1.1657E-07
  1.0918E-03  2.1285E-10 -9.4591E-08 -1.2275E-07
  1.1124E-03  2.2507E-10 -9.9589E-08 -1.2924E-07
  1.1332E-03  2.3794E-10 -1.0483E-07 -1.3604E-07
  1.1543E-03  2.5148E-10 -1.1032E-07 -1.4317E-07
  1.1757E-03  2.6573E-10 -1.1608E-07 -1.5065E-07
  1.1974E-03  2.8072E-10 -1.2212E-07 -1.5848E-07
  1.2194E-03  2.9649E-10 -1.2844E-07 -1.6669E-07
  1.2417E-03  3.1307E-10 -1.3507E-07 -1.7530E-07
  1.2643E-03  3.3051E-10 -1.4202E-07 -1.8431E-07
  1.2873E-03  3.4885E-10 -1.4930E-07 -1.9376E-07
  1.3106E-03  3.6813E-10 -1.5692E-07 -2.0365E-07
  1.3342E-03  3.8839E-10 -1.6491E-07 -2.1402E-07
  1.3582E-03  4.0969E-10 -1.7327E-07 -2.2487E-07
  1.3825E-03  4.3207E-10 -1.8203E-07 -2.3624E-07
  1.4071E-03  4.5559E-10 -1.9120E-07 -2.4814E-07
  1.4321E-03  4.8030E-10 -2.0081E-07 -2.6061E-07
  1.4574E-03  5.0626E-10 -2.1086E-07 -2.7366E-07
  1.4832E-03  5.3352E-10 -2.2139E-07 -2.8732E-07
  1.5092E-03  5.6215E-10 -2.3241E-07 -3.0162E-07
  1.5357E-03  5.9222E-10 -2.4394E-07 -3.1659E-07
  1.5625E-03  6.2379E-10 -2.5601E-07 -3.3226E-07
  1.5897E-03  6.5693E-10 -2.6864E-07 -3.4866E-07
  1.6173E-03  6.9173E-10 -2.8186E-07 -3.6581E-07
  1.6452E-03  7.2825E-10 -2.9569E-07 -3.8376E-07
  1.6736E-03  7.6658E-10 -3.1016E-07 -4.0255E-07
  1.7024E-03  8.0681E-10 -3.2530E-07 -4.2220E-07
  1.7316E-03  8.4902E-10 -3.4114E-07 -4.4275E-07
  1.7612E-03  8.9330E-10 -3.5770E-07 -4.6425E-07
  1.7912E-03  9.3977E-10 -3.7503E-07 -4.8674E-07
  1.8216E-03  9.8851E-10 -3.9315E-07 -5.1027E-07
  1.8525E-03  1.0396E-09 -4.1210E-07 -5.3486E-07
  1.8838E-03  1.0933E-09 -4.3192E-07 -5.6059E-07
  1.9156E-03  1.1495E-09 -4.5264E-07 -5.8749E-07
  1.9478E-03  1.2085E-09 -4.7431E-07 -6.1561E-07
  1.9805E-03  1.2703E-09 -4.9696E-07 -6.4502E-07
  2.0136E-03  1.3351E-09 -5.2064E-07 -6.7576E-07
  2.0472E-03  1.4031E-09 -5.4540E-07 -7.0789E-07
  2.0813E-03  1.4743E-09 -5.7128E-07 -7.4149E-07
  2.1159E-03  1.5490E-09 -5.9833E-07 -7.7660E-07
  2.1509E-03  1.6273E-09 -6.2660E-07 -8.1330E-07
  2.1865E-03  1.7093E-09 -6.5615E-07 -8.5166E-07
  2.2225E-03  1.7953E-09 -6.8703E-07 -8.9174E-07
  2.2591E-03  1.8854E-09 -7.1931E-07 -9.3363E-07
  2.2962E-03  1.9798E-09 -7.5303E-07 -9.7741E-07
  2.3338E-03  2.0787E-09 -7.8826E-07 -1.0231E-06
  2.3720E-03  2.1823E-09 -8.2508E-07 -1.0709E-06
  2.4107E-03  2.2909E-09 -8.6354E-07 -1.1209E-06
  2.4499E-03  2.4046E-09 -9.0373E-07 -1.1730E-06
  2.4897E-03  2.5237E-09 -9.4571E-07 -1.2275E-06
  2.5301E-03  2.6485E-09 -9.8956E-07 -1.2844E-06
  2.5710E-03  2.7791E-09 -1.0354E-06 -1.3439E-06
  2.6125E-03  2.9160E-09 -1.0832E-06 -1.4060E-06
  2.6547E-03  3.0592E-09 -1.1332E-06 -1.4709E-06
  2.6974E-03  3.2093E-09 -1.1854E-06 -1.5386E-06
  2.7407E-03  3.3664E-09 -1.2399E-06 -1.6094E-06
  2.7846E-03  3.5309E-09 -1.2968E-06 -1.6833E-06
  2.8292E-03  3.7031E-09 -1.3562E-06 -1.7604E-06
  2.8744E-03  3.8834E-09 -1.4183E-06 -1.8410E-06
  2.9202E-03  4.0721E-09 -1.4831E-06 -1.9252E-06
  2.9667E-03  4.2697E-09 -1.5508E-06 -2.0130E-06
  3.0138E-03  4.4765E-09 -1.6214E-06 -2.1047E-06
  3.0616E-03  4.6929E-09 -1.6952E-06 -2.2005E-06
  3.1101E-03  4.9194E-09 -1.7722E-06 -2.3004E-06
  3.1593E-03  5.1565E-09 -1.8526E-06 -2.4048E-06
  3.2092E-03  5.4046E-09 -1.9365E-06 -2.5137E-06
  3.2597E-03  5.6642E-09 -2.0241E-06 -2.6274E-06
  3.3110E-03  5.9358E-09 -2.1155E-06 -2.7461E-06
  3.3631E-03  6.2201E-09 -2.2110E-06 -2.8700E-06
  3.4159E-03  6.5175E-09 -2.3106E-06 -2.9993E-06
  3.4694E-03  6.8287E-09 -2.4145E-06 -3.1343E-06
  3.5236E-03  7.1542E-09 -2.5230E-06 -3.2751E-06
  3.5787E-03  7.4948E-09 -2.6362E-06 -3.4221E-06
  3.6345E-03  7.8511E-09 -2.7544E-06 -3.5755E-06
  3.6912E-03  8.2238E-09 -2.8777E-06 -3.7355E-06
  3.7486E-03  8.6137E-09 -3.0063E-06 -3.9025E-06
  3.8068E-03  9.0215E-09 -3.1405E-06 -4.0768E-06
  3.8659E-03  9.4480E-09 -3.2806E-06 -4.2586E-06
  3.9258E-03  9.8941E-09 -3.4267E-06 -4.4483E-06
  3.9866E-03  1.0361E-08 -3.5791E-06 -4.6462E-06
  4.0482E-03  1.0849E-08 -3.7382E-06 -4.8527E-06
  4.1107E-03  1.1359E-08 -3.9041E-06 -5.0681E-06
  4.1741E-03  1.1892E-08 -4.0772E-06 -5.2928E-06
  4.2384E-03  1.2450E-08 -4.2577E-06 -5.5272E-06
  4.3036E-03  1.3034E-08 -4.4460E-06 -5.7716E-06
  4.3697E-03  1.3644E-08 -4.6425E-06 -6.0267E-06
  4.4368E-03  1.4282E-08 -4.8474E-06 -6.2927E-06
  4.5048E-03  1.4949E-08 -5.0611E-06 -6.5701E-06
  4.5738E-03  1.5646E-08 -5.2839E-06 -6.8594E-06
  4.6438E-03  1.6375E-08 -5.5164E-06 -7.1612E-06
  4.7147E-03  1.7137E-08 -5.7588E-06 -7.4759E-06
  4.7867E-03  1.7934E-08 -6.0115E-06 -7.8041E-06
  4.8597E-03  1.8767E-08 -6.2751E-06 -8.1463E-06
  4.9337E-03  1.9638E-08 -6.5500E-06 -8.5032E-06
  5.0088E-03  2.0548E-08 -6.8366E-06 -8.8753E-06
  5.0849E-03  2.1500E-08 -7.1355E-06 -9.2633E-06
  5.1621E-03  2.2494E-08 -7.4470E-06 -9.6678E-06
  5.2405E-03  2.3534E-08 -7.7719E-06 -1.0090E-05
  5.3199E-03  2.4620E-08 -8.1106E-06 -1.0529E-05
  5.4004E-03  2.5755E-08 -8.4637E-06 -1.0988E-05
  5.4822E-03  2.6942E-08 -8.8318E-06 -1.1466E-05
  5.5650E-03  2.8183E-08 -9.2155E-06 -1.1964E-05
  5.6491E-03  2.9479E-08 -9.6155E-06 -1.2483E-05
  5.7343E-03  3.0833E-08 -1.0032E-05 -1.3025E-05
  5.8207E-03  3.2249E-08 -1.0467E-05 -1.3589E-05
  5.9084E-03  3.3728E-08 -1.0920E-05 -1.4177E-05
  5.9973E-03  3.5274E-08 -1.1392E-05 -1.4790E-05
  6.0875E-03  3.6889E-08 -1.1884E-05 -1.5429E-05
  6.1790E-03  3.8577E-08 -1.2397E-05 -1.6095E-05
  6.2718E-03  4.0341E-08 -1.2932E-05 -1.6789E-05
  6.3658E-03  4.2183E-08 -1.3489E-05 -1.7512E-05
  6.4612E-03  4.4109E-08 -1.4069E-05 -1.8265E-05
  6.5580E-03  4.6120E-08 -1.4674E-05 -1.9051E-05
  6.6562E-03  4.8222E-08 -1.5304E-05 -1.9869E-05
  6.7557E-03  5.0418E-08 -1.5961E-05 -2.0722E-05
  6.8567E-03  5.2712E-08 -1.6645E-05 -2.1610E-05
  6.9590E-03  5.5109E-08 -1.7358E-05 -2.2536E-05
  7.0629E-03  5.7613E-08 -1.8101E-05 -2.3500E-05
  7.1682E-03  6.0229E-08 -1.8874E-05 -2.4505E-05
  7.2750E-03  6.2961E-08 -1.9681E-05 -2.5551E-05
  7.3833E-03  6.5816E-08 -2.0520E-05 -2.6642E-05
  7.4932E-03  6.8798E-08 -2.1395E-05 -2.7778E-05
  7.6046E-03  7.1913E-08 -2.2306E-05 -2.8961E-05
  7.7176E-03  7.5167E-08 -2.3255E-05 -3.0193E-05
  7.8323E-03  7.8565E-08 -2.4244E-05 -3.1477E-05
  7.9485E-03  8.2115E-08 -2.5274E-05 -3.2814E-05
  8.0664E-03  8.5824E-08 -2.6346E-05 -3.4206E-05
  8.1860E-03  8.9697E-08 -2.7463E-05 -3.5656E-05
  8.3072E-03  9.3742E-08 -2.8626E-05 -3.7166E-05
  8.4302E-03  9.7968E-08 -2.9837E-05 -3.8739E-05
  8.5550E-03  1.0238E-07 -3.1098E-05 -4.0377E-05
  8.6815E-03  1.0699E-07 -3.2412E-05 -4.2082E-05
  8.8098E-03  1.1180E-07 -3.3779E-05 -4.3858E-05
  8.9399E-03  1.1683E-07 -3.5203E-05 -4.5707E-05
  9.0719E-03  1.2208E-07 -3.6686E-05 -4.7632E-05
  9.2057E-03  1.2757E-07 -3.8229E-05 -4.9636E-05
  9.3415E-03  1.3329E-07 -3.9836E-05 -5.1723E-05
  9.4791E-03  1.3927E-07 -4.1509E-05 -5.3895E-05
  9.6188E-03  1.4552E-07 -4.3251E-05 -5.6156E-05
  9.7604E-03  1.5204E-07 -4.5063E-05 -5.8510E-05
  9.9040E-03  1.5885E-07 -4.6950E-05 -6.0960E-05
  1.0050E-02  1.6596E-07 -4.8914E-05 -6.3511E-05
  1.0197E-02  1.7339E-07 -5.0958E-05 -6.6165E-05
  1.0347E-02  1.8115E-07 -5.3086E-05 -6.8928E-05
  1.0499E-02  1.8924E-07 -5.5300E-05 -7.1803E-05
  1.0653E-02  1.9770E-07 -5.7604E-05 -7.4795E-05
  1.0810E-02  2.0653E-07 -6.0002E-05 -7.7909E-05
  1.0968E-02  2.1575E-07 -6.2497E-05 -8.1149E-05
  1.1129E-02  2.2538E-07 -6.5094E-05 -8.4521E-05
  1.1292E-02  2.3543E-07 -6.7795E-05 -8.8029E-05
  1.1457E-02  2.4592E-07 -7.0606E-05 -9.1679E-05
  1.1625E-02  2.5688E-07 -7.3531E-05 -9.5476E-05
  1.1795E-02  2.6833E-07 -7.6573E-05 -9.9427E-05
  1.1968E-02  2.8027E-07 -7.9738E-05 -1.0354E-04
  1.2143E-02  2.9274E-07 -8.3030E-05 -1.0781E-04
  1.2320E-02  3.0577E-07 -8.6455E-05 -1.1226E-04
  1.2500E-02  3.1936E-07 -9.0017E-05 -1.1689E-04
  1.2683E-02  3.3356E-07 -9.3722E-05 -1.2170E-04
  1.2868E-02  3.4838E-07 -9.7575E-05 -1.2670E-04
  1.3056E-02  3.6385E-07 -1.0158E-04 -1.3191E-04
  1.3246E-02  3.8000E-07 -1.0575E-04 -1.3732E-04
  1.3439E-02  3.9687E-07 -1.1008E-04 -1.4295E-04
  1.3635E-02  4.1447E-07 -1.1459E-04 -1.4880E-04
  1.3834E-02  4.3285E-07 -1.1928E-04 -1.5488E-04
  1.4035E-02  4.5204E-07 -1.2415E-04 -1.6121E-04
  1.4239E-02  4.7207E-07 -1.2921E-04 -1.6779E-04
  1.4447E-02  4.9298E-07 -1.3448E-04 -1.7462E-04
  1.4657E-02  5.1481E-07 -1.3995E-04 -1.8173E-04
  1.4870E-02  5.3760E-07 -1.4564E-04 -1.8912E-04
  1.5086E-02  5.6138E-07 -1.5156E-04 -1.9680E-04
  1.5306E-02  5.8622E-07 -1.5770E-04 -2.0479E-04
  1.5528E-02  6.1214E-07 -1.6409E-04 -2.1308E-04
  1.5753E-02  6.3920E-07 -1.7073E-04 -2.2171E-04
  1.5982E-02  6.6744E-07 -1.7763E-04 -2.3067E-04
  1.6214E-02  6.9693E-07 -1.8480E-04 -2.3998E-04
  1.6449E-02  7.2771E-07 -1.9225E-04 -2.4966E-04
  1.6688E-02  7.5983E-07 -1.9999E-04 -2.5971E-04
  1.6930E-02  7.9337E-07 -2.0803E-04 -2.7015E-04
  1.7176E-02  8.2837E-07 -2.1639E-04 -2.8101E-04
  1.7425E-02  8.6491E-07 -2.2507E-04 -2.9228E-04
  1.7677E-02  9.0305E-07 -2.3408E-04 -3.0399E-04
  1.7933E-02  9.4285E-07 -2.4345E-04 -3.1615E-04
  1.8193E-02  9.8440E-07 -2.5317E-04 -3.2878E-04
  1.8456E-02  1.0278E-06 -2.6328E-04 -3.4190E-04
  1.8723E-02  1.0730E-06 -2.7376E-04 -3.5552E-04
  1.8994E-02  1.1203E-06 -2.8466E-04 -3.6967E-04
  1.9269E-02  1.1696E-06 -2.9597E-04 -3.8436E-04
  1.9548E-02  1.2211E-06 -3.0771E-04 -3.9961E-04
  1.9830E-02  1.2748E-06 -3.1990E-04 -4.1545E-04
  2.0117E-02  1.3309E-06 -3.3256E-04 -4.3189E-04
  2.0408E-02  1.3894E-06 -3.4569E-04 -4.4895E-04
  2.0702E-02  1.4505E-06 -3.5933E-04 -4.6666E-04
  2.1001E-02  1.5142E-06 -3.7348E-04 -4.8504E-04
  2.1305E-02  1.5808E-06 -3.8817E-04 -5.0412E-04
  2.1612E-02  1.6502E-06 -4.0342E-04 -5.2392E-04
  2.1924E-02  1.7227E-06 -4.1923E-04 -5.4446E-04
  2.2241E-02  1.7983E-06 -4.3564E-04 -5.6578E-04
  2.2562E-02  1.8773E-06 -4.5267E-04 -5.8790E-04
  2.2887E-02  1.9596E-06 -4.7033E-04 -6.1084E-04
  2.3217E-02  2.0456E-06 -4.8866E-04 -6.3464E-04
  2.3552E-02  2.1354E-06 -5.0766E-04 -6.5933E-04
  2.3891E-02  2.2290E-06 -5.2738E-04 -6.8493E-04
  2.4236E-02  2.3268E-06 -5.4782E-04 -7.1149E-04
  2.4585E-02  2.4288E-06 -5.6902E-04 -7.3903E-04
  2.4939E-02  2.5352E-06 -5.9100E-04 -7.6758E-04
  2.5298E-02  2.6463E-06 -6.1379E-04 -7.9719E-04
  2.5662E-02  2.7622E-06 -6.3742E-04 -8.2788E-04
  2.6032E-02  2.8832E-06 -6.6191E-04 -8.5970E-04
  2.6407E-02  3.0095E-06 -6.8730E-04 -8.9268E-04
  2.6787E-02  3.1413E-06 -7.1362E-04 -9.2686E-04
  2.7172E-02  3.2788E-06 -7.4089E-04 -9.6229E-04
  2.7563E-02  3.4223E-06 -7.6915E-04 -9.9900E-04
  2.7959E-02  3.5720E-06 -7.9843E-04 -1.0370E-03
  2.8362E-02  3.7283E-06 -8.2877E-04 -1.0765E-03
  2.8769E-02  3.8914E-06 -8.6020E-04 -1.1173E-03
  2.9183E-02  4.0615E-06 -8.9276E-04 -1.1596E-03
  2.9602E-02  4.2391E-06 -9.2648E-04 -1.2034E-03
  3.0028E-02  4.4245E-06 -9.6141E-04 -1.2488E-03
  3.0459E-02  4.6178E-06 -9.9757E-04 -1.2957E-03
  3.0897E-02  4.8196E-06 -1.0350E-03 -1.3444E-03
  3.1341E-02  5.0302E-06 -1.0738E-03 -1.3948E-03
  3.1791E-02  5.2500E-06 -1.1139E-03 -1.4469E-03
  3.2247E-02  5.4793E-06 -1.1555E-03 -1.5009E-03
  3.2710E-02  5.7186E-06 -1.1985E-03 -1.5567E-03
  3.3180E-02  5.9682E-06 -1.2430E-03 -1.6145E-03
  3.3656E-02  6.2288E-06 -1.2890E-03 -1.6744E-03
  3.4139E-02  6.5007E-06 -1.3367E-03 -1.7363E-03
  3.4629E-02  6.7843E-06 -1.3860E-03 -1.8003E-03
  3.5126E-02  7.0804E-06 -1.4370E-03 -1.8666E-03
  3.5630E-02  7.3892E-06 -1.4897E-03 -1.9351E-03
  3.6141E-02  7.7116E-06 -1.5442E-03 -2.0059E-03
  3.6659E-02  8.0479E-06 -1.6006E-03 -2.0792E-03
  3.7185E-02  8.3988E-06 -1.6590E-03 -2.1550E-03
  3.7718E-02  8.7650E-06 -1.7192E-03 -2.2333E-03
  3.8258E-02  9.1470E-06 -1.7816E-03 -2.3143E-03
  3.8807E-02  9.5457E-06 -1.8460E-03 -2.3980E-03
  3.9363E-02  9.9617E-06 -1.9125E-03 -2.4844E-03
  3.9927E-02  1.0396E-05 -1.9813E-03 -2.5738E-03
  4.0499E-02  1.0849E-05 -2.0524E-03 -2.6661E-03
  4.1079E-02  1.1321E-05 -2.1258E-03 -2.7615E-03
  4.1668E-02  1.1814E-05 -2.2016E-03 -2.8600E-03
  4.2264E-02  1.2329E-05 -2.2799E-03 -2.9617E-03
  4.2870E-02  1.2865E-05 -2.3607E-03 -3.0668E-03
  4.3484E-02  1.3426E-05 -2.4442E-03 -3.1752E-03
  4.4106E-02  1.4010E-05 -2.5304E-03 -3.2872E-03
  4.4738E-02  1.4620E-05 -2.6193E-03 -3.4027E-03
  4.5378E-02  1.5256E-05 -2.7111E-03 -3.5220E-03
  4.6027E-02  1.5919E-05 -2.8058E-03 -3.6451E-03
  4.6686E-02  1.6612E-05 -2.9035E-03 -3.7720E-03
  4.7354E-02  1.7335E-05 -3.0043E-03 -3.9030E-03
  4.8032E-02  1.8088E-05 -3.1083E-03 -4.0381E-03
  4.8719E-02  1.8875E-05 -3.2155E-03 -4.1774E-03
  4.9416E-02  1.9696E-05 -3.3260E-03 -4.3210E-03
  5.0123E-02  2.0552E-05 -3.4400E-03 -4.4690E-03
  5.0839E-02  2.1445E-05 -3.5574E-03 -4.6217E-03
  5.1567E-02  2.2377E-05 -3.6784E-03 -4.7789E-03
  5.2304E-02  2.3349E-05 -3.8032E-03 -4.9410E-03
  5.3052E-02  2.4364E-05 -3.9316E-03 -5.1079E-03
  5.3810E-02  2.5422E-05 -4.0640E-03 -5.2799E-03
  5.4579E-02  2.6526E-05 -4.2003E-03 -5.4570E-03
  5.5360E-02  2.7678E-05 -4.3406E-03 -5.6393E-03
  5.6151E-02  2.8880E-05 -4.4851E-03 -5.8271E-03
  5.6953E-02  3.0134E-05 -4.6338E-03 -6.0203E-03
  5.7767E-02  3.1442E-05 -4.7868E-03 -6.2192E-03
  5.8593E-02  3.2807E-05 -4.9443E-03 -6.4238E-03
  5.9430E-02  3.4231E-05 -5.1063E-03 -6.6343E-03
  6.0279E-02  3.5716E-05 -5.2729E-03 -6.8508E-03
  6.1140E-02  3.7266E-05 -5.4443E-03 -7.0734E-03
  6.2013E-02  3.8882E-05 -5.6204E-03 -7.3023E-03
  6.2899E-02  4.0569E-05 -5.8015E-03 -7.5376E-03
  6.3797E-02  4.2328E-05 -5.9876E-03 -7.7794E-03
  6.4708E-02  4.4164E-05 -6.1788E-03 -8.0278E-03
  6.5632E-02  4.6079E-05 -6.3752E-03 -8.2831E-03
  6.6570E-02  4.8076E-05 -6.5769E-03 -8.5452E-03
  6.7520E-02  5.0160E-05 -6.7841E-03 -8.8144E-03
  6.8484E-02  5.2334E-05 -6.9968E-03 -9.0907E-03
  6.9462E-02  5.4601E-05 -7.2150E-03 -9.3744E-03
  7.0453E-02  5.6967E-05 -7.4390E-03 -9.6654E-03
  7.1459E-02  5.9435E-05 -7.6688E-03 -9.9640E-03
  7.2479E-02  6.2009E-05 -7.9045E-03 -1.0270E-02
  7.3513E-02  6.4695E-05 -8.1462E-03 -1.0584E-02
  7.4562E-02  6.7496E-05 -8.3940E-03 -1.0906E-02
  7.5626E-02  7.0418E-05 -8.6480E-03 -1.1236E-02
  7.6705E-02  7.3466E-05 -8.9082E-03 -1.1574E-02
  7.7799E-02  7.6646E-05 -9.1748E-03 -1.1921E-02
  7.8909E-02  7.9962E-05 -9.4479E-03 -1.2276E-02
  8.0035E-02  8.3422E-05 -9.7274E-03 -1.2639E-02
  8.1177E-02  8.7031E-05 -1.0014E-02 -1.3011E-02
  8.2335E-02  9.0795E-05 -1.0307E-02 -1.3391E-02
  8.3509E-02  9.4722E-05 -1.0606E-02 -1.3780E-02
  8.4700E-02  9.8817E-05 -1.0913E-02 -1.4179E-02
  8.5908E-02  1.0309E-04 -1.1226E-02 -1.4586E-02
  8.7133E-02  1.0755E-04 -1.1546E-02 -1.5002E-02
  8.8375E-02  1.1219E-04 -1.1874E-02 -1.5427E-02
  8.9636E-02  1.1704E-04 -1.2208E-02 -1.5862E-02
  9.0914E-02  1.2210E-04 -1.2550E-02 -1.6305E-02
  9.2210E-02  1.2737E-04 -1.2899E-02 -1.6758E-02
  9.3524E-02  1.3287E-04 -1.3255E-02 -1.7221E-02
  9.4858E-02  1.3861E-04 -1.3618E-02 -1.7693E-02
  9.6210E-02  1.4459E-04 -1.3988E-02 -1.8174E-02
  9.7581E-02  1.5083E-04 -1.4366E-02 -1.8665E-02
  9.8972E-02  1.5734E-04 -1.4751E-02 -1.9165E-02
  1.0038E-01  1.6413E-04 -1.5144E-02 -1.9675E-02
  1.0181E-01  1.7121E-04 -1.5544E-02 -2.0194E-02
  1.0326E-01  1.7860E-04 -1.5951E-02 -2.0723E-02
  1.0474E-01  1.8630E-04 -1.6366E-02 -2.1261E-02
  1.0623E-01  1.9433E-04 -1.6787E-02 -2.1809E-02
  1.0774E-01  2.0270E-04 -1.7217E-02 -2.2366E-02
  1.0928E-01  2.1144E-04 -1.7653E-02 -2.2933E-02
  1.1083E-01  2.2055E-04 -1.8097E-02 -2.3509E-02
  1.1241E-01  2.3005E-04 -1.8547E-02 -2.4094E-02
  1.1401E-01  2.3995E-04 -1.9005E-02 -2.4689E-02
  1.1564E-01  2.5028E-04 -1.9470E-02 -2.5292E-02
  1.1729E-01  2.6106E-04 -1.9942E-02 -2.5904E-02
  1.1896E-01  2.7229E-04 -2.0420E-02 -2.6526E-02
  1.2065E-01  2.8400E-04 -2.0906E-02 -2.7155E-02
  1.2237E-01  2.9622E-04 -2.1397E-02 -2.7794E-02
  1.2411E-01  3.0895E-04 -2.1896E-02 -2.8440E-02
  1.2588E-01  3.2223E-04 -2.2400E-02 -2.9095E-02
  1.2767E-01  3.3608E-04 -2.2911E-02 -2.9758E-02
  1.2949E-01  3.5052E-04 -2.3428E-02 -3.0429E-02
  1.3134E-01  3.6557E-04 -2.3951E-02 -3.1106E-02
  1.3321E-01  3.8127E-04 -2.4479E-02 -3.1792E-02
  1.3510E-01  3.9764E-04 -2.5012E-02 -3.2484E-02
  1.3703E-01  4.1470E-04 -2.5551E-02 -3.3182E-02
  1.3898E-01  4.3249E-04 -2.6095E-02 -3.3887E-02
  1.4096E-01  4.5104E-04 -2.6643E-02 -3.4598E-02
  1.4296E-01  4.7037E-04 -2.7196E-02 -3.5315E-02
  1.4500E-01  4.9053E-04 -2.7753E-02 -3.6037E-02
  1.4706E-01  5.1155E-04 -2.8314E-02 -3.6764E-02
  1.4916E-01  5.3345E-04 -2.8878E-02 -3.7495E-02
  1.5128E-01  5.5629E-04 -2.9445E-02 -3.8230E-02
  1.5343E-01  5.8010E-04 -3.0016E-02 -3.8969E-02
  1.5562E-01  6.0491E-04 -3.0588E-02 -3.9711E-02
  1.5783E-01  6.3078E-04 -3.1163E-02 -4.0455E-02
  1.6008E-01  6.5774E-04 -3.1740E-02 -4.1201E-02
  1.6236E-01  6.8584E-04 -3.2317E-02 -4.1949E-02
  1.6467E-01  7.1514E-04 -3.2896E-02 -4.2698E-02
  1.6701E-01  7.4567E-04 -3.3475E-02 -4.3447E-02
  1.6939E-01  7.7749E-04 -3.4054E-02 -4.4196E-02
  1.7180E-01  8.1065E-04 -3.4632E-02 -4.4944E-02
  1.7425E-01  8.4521E-04 -3.5210E-02 -4.5691E-02
  1.7673E-01  8.8123E-04 -3.5786E-02 -4.6435E-02
  1.7924E-01  9.1876E-04 -3.6359E-02 -4.7177E-02
  1.8179E-01  9.5787E-04 -3.6931E-02 -4.7915E-02
  1.8438E-01  9.9863E-04 -3.7499E-02 -4.8649E-02
  1.8700E-01  1.0411E-03 -3.8063E-02 -4.9377E-02
  1.8966E-01  1.0854E-03 -3.8623E-02 -5.0100E-02
  1.9236E-01  1.1315E-03 -3.9178E-02 -5.0816E-02
  1.9510E-01  1.1795E-03 -3.9727E-02 -5.1525E-02
  1.9787E-01  1.2296E-03 -4.0271E-02 -5.2226E-02
  2.0069E-01  1.2817E-03 -4.0807E-02 -5.2918E-02
  2.0354E-01  1.3360E-03 -4.1337E-02 -5.3599E-02
  2.0644E-01  1.3926E-03 -4.1858E-02 -5.4270E-02
  2.0938E-01  1.4516E-03 -4.2370E-02 -5.4930E-02
  2.1236E-01  1.5130E-03 -4.2873E-02 -5.5577E-02
  2.1538E-01  1.5769E-03 -4.3365E-02 -5.6210E-02
  2.1844E-01  1.6435E-03 -4.3847E-02 -5.6829E-02
  2.2155E-01  1.7129E-03 -4.4317E-02 -5.7433E-02
  2.2470E-01  1.7852E-03 -4.4775E-02 -5.8020E-02
  2.2790E-01  1.8604E-03 -4.5220E-02 -5.8591E-02
  2.3114E-01  1.9388E-03 -4.5651E-02 -5.9143E-02
  2.3442E-01  2.0204E-03 -4.6067E-02 -5.9676E-02
  2.3776E-01  2.1053E-03 -4.6468E-02 -6.0189E-02
  2.4114E-01  2.1938E-03 -4.6853E-02 -6.0681E-02
  2.4457E-01  2.2859E-03 -4.7221E-02 -6.1151E-02
  2.4805E-01  2.3817E-03 -4.7571E-02 -6.1598E-02
  2.5158E-01  2.4816E-03 -4.7903E-02 -6.2020E-02
  2.5515E-01  2.5854E-03 -4.8215E-02 -6.2418E-02
  2.5878E-01  2.6936E-03 -4.8508E-02 -6.2789E-02
  2.6246E-01  2.8062E-03 -4.8779E-02 -6.3133E-02
  2.6620E-01  2.9233E-03 -4.9029E-02 -6.3450E-02
  2.6998E-01  3.0452E-03 -4.9257E-02 -6.3737E-02
  2.7382E-01  3.1721E-03 -4.9461E-02 -6.3994E-02
  2.7772E-01  3.3041E-03 -4.9642E-02 -6.4220E-02
  2.8166E-01  3.4414E-03 -4.9797E-02 -6.4414E-02
  2.8567E-01  3.5843E-03 -4.9927E-02 -6.4575E-02
  2.8973E-01  3.7330E-03 -5.0031E-02 -6.4702E-02
  2.9385E-01  3.8876E-03 -5.0108E-02 -6.4795E-02
  2.9803E-01  4.0484E-03 -5.0157E-02 -6.4852E-02
  3.0227E-01  4.2157E-03 -5.0178E-02 -6.4872E-02
  3.0657E-01  4.3897E-03 -5.0169E-02 -6.4855E-02
  3.1092E-01  4.5706E-03 -5.0131E-02 -6.4801E-02
  3.1535E-01  4.7587E-03 -5.0062E-02 -6.4707E-02
  3.1983E-01  4.9543E-03 -4.9962E-02 -6.4573E-02
  3.2438E-01  5.1576E-03 -4.9830E-02 -6.4399E-02
  3.2899E-01  5.3690E-03 -4.9666E-02 -6.4184E-02
  3.3367E-01  5.5887E-03 -4.9469E-02 -6.3928E-02
  3.3841E-01  5.8170E-03 -4.9238E-02 -6.3628E-02
  3.4322E-01  6.0543E-03 -4.8973E-02 -6.3286E-02
  3.4810E-01  6.3009E-03 -4.8673E-02 -6.2901E-02
  3.5305E-01  6.5571E-03 -4.8338E-02 -6.2471E-02
  3.5807E-01  6.8232E-03 -4.7967E-02 -6.1997E-02
  3.6316E-01  7.0997E-03 -4.7561E-02 -6.1477E-02
  3.6832E-01  7.3868E-03 -4.7117E-02 -6.0913E-02
  3.7356E-01  7.6850E-03 -4.6637E-02 -6.0302E-02
  3.7887E-01  7.9947E-03 -4.6119E-02 -5.9645E-02
  3.8425E-01  8.3162E-03 -4.5563E-02 -5.8942E-02
  3.8972E-01  8.6500E-03 -4.4969E-02 -5.8192E-02
  3.9525E-01  8.9965E-03 -4.4337E-02 -5.7395E-02
  4.0087E-01  9.3561E-03 -4.3665E-02 -5.6552E-02
  4.0657E-01  9.7293E-03 -4.2955E-02 -5.5661E-02
  4.1235E-01  1.0117E-02 -4.2205E-02 -5.4722E-02
  4.1821E-01  1.0518E-02 -4.1415E-02 -5.3736E-02
  4.2416E-01  1.0935E-02 -4.0586E-02 -5.2703E-02
  4.3019E-01  1.1367E-02 -3.9717E-02 -5.1623E-02
  4.3630E-01  1.1816E-02 -3.8807E-02 -5.0495E-02
  4.4250E-01  1.2280E-02 -3.7857E-02 -4.9321E-02
  4.4879E-01  1.2762E-02 -3.6867E-02 -4.8099E-02
  4.5517E-01  1.3262E-02 -3.5836E-02 -4.6830E-02
  4.6164E-01  1.3780E-02 -3.4764E-02 -4.5515E-02
  4.6820E-01  1.4316E-02 -3.3651E-02 -4.4154E-02
  4.7486E-01  1.4872E-02 -3.2498E-02 -4.2747E-02
  4.8160E-01  1.5448E-02 -3.1304E-02 -4.1294E-02
  4.8845E-01  1.6044E-02 -3.0069E-02 -3.9796E-02
  4.9539E-01  1.6662E-02 -2.8793E-02 -3.8253E-02
  5.0243E-01  1.7301E-02 -2.7476E-02 -3.6665E-02
  5.0957E-01  1.7964E-02 -2.6118E-02 -3.5034E-02
  5.1682E-01  1.8649E-02 -2.4720E-02 -3.3359E-02
  5.2416E-01  1.9358E-02 -2.3281E-02 -3.1641E-02
  5.3161E-01  2.0092E-02 -2.1801E-02 -2.9881E-02
  5.3916E-01  2.0851E-02 -2.0281E-02 -2.8079E-02
  5.4683E-01  2.1636E-02 -1.8720E-02 -2.6236E-02
  5.5460E-01  2.2448E-02 -1.7118E-02 -2.4352E-02
  5.6248E-01  2.3287E-02 -1.5476E-02 -2.2429E-02
  5.7047E-01  2.4155E-02 -1.3794E-02 -2.0466E-02
  5.7858E-01  2.5052E-02 -1.2072E-02 -1.8464E-02
  5.8680E-01  2.5979E-02 -1.0310E-02 -1.6425E-02
  5.9514E-01  2.6936E-02 -8.5082E-03 -1.4348E-02
  6.0360E-01  2.7925E-02 -6.6664E-03 -1.2234E-02
  6.1218E-01  2.8947E-02 -4.7848E-03 -1.0084E-02
  6.2087E-01  3.0001E-02 -2.8636E-03 -7.8994E-03
  6.2970E-01  3.1090E-02 -9.0286E-04 -5.6796E-03
  6.3865E-01  3.2214E-02  1.0974E-03 -3.4257E-03
  6.4772E-01  3.3374E-02  3.1370E-03 -1.1382E-03
  6.5693E-01  3.4571E-02  5.2161E-03  1.1822E-03
  6.6626E-01  3.5805E-02  7.3346E-03  3.5350E-03
  6.7573E-01  3.7079E-02  9.4925E-03  5.9198E-03
  6.8533E-01  3.8392E-02  1.1690E-02  8.3361E-03
  6.9507E-01  3.9746E-02  1.3927E-02  1.0784E-02
  7.0494E-01  4.1142E-02  1.6203E-02  1.3262E-02
  7.1496E-01  4.2581E-02  1.8519E-02  1.5770E-02
  7.2512E-01  4.4063E-02  2.0875E-02  1.8309E-02
  7.3542E-01  4.5591E-02  2.3272E-02  2.0878E-02
  7.4587E-01  4.7165E-02  2.5709E-02  2.3477E-02
  7.5647E-01  4.8787E-02  2.8187E-02  2.6106E-02
  7.6722E-01  5.0457E-02  3.0706E-02  2.8765E-02
  7.7812E-01  5.2178E-02  3.3266E-02  3.1455E-02
  7.8918E-01  5.3949E-02  3.5869E-02  3.4175E-02
  8.0039E-01  5.5774E-02  3.8515E-02  3.6927E-02
  8.1176E-01  5.7652E-02  4.1205E-02  3.9711E-02
  8.2330E-01  5.9586E-02  4.3939E-02  4.2527E-02
  8.3499E-01  6.1577E-02  4.6718E-02  4.5376E-02
  8.4686E-01  6.3627E-02  4.9543E-02  4.8260E-02
  8.5889E-01  6.5738E-02  5.2415E-02  5.1178E-02
  8.7109E-01  6.7911E-02  5.5336E-02  5.4134E-02
  8.8347E-01  7.0148E-02  5.8307E-02  5.7128E-02
  8.9602E-01  7.2452E-02  6.1329E-02  6.0161E-02
  9.0875E-01  7.4824E-02  6.4403E-02  6.3236E-02
  9.2166E-01  7.7267E-02  6.7531E-02  6.6354E-02
  9.3476E-01  7.9783E-02  7.0716E-02  6.9518E-02
  9.4804E-01  8.2376E-02  7.3959E-02  7.2730E-02
  9.6151E-01  8.5047E-02  7.7262E-02  7.5993E-02
  9.7517E-01  8.7800E-02  8.0629E-02  7.9311E-02
  9.8902E-01  9.0637E-02  8.4061E-02  8.2686E-02
  1.0031E+00  9.3564E-02  8.7562E-02  8.6122E-02
  1.0173E+00  9.6582E-02  9.1135E-02  8.9624E-02
  1.0318E+00  9.9697E-02  9.4784E-02  9.3195E-02
  1.0464E+00  1.0291E-01  9.8514E-02  9.6842E-02
  1.0613E+00  1.0623E-01  1.0233E-01  1.0057E-01
  1.0764E+00  1.0967E-01  1.0623E-01  1.0438E-01
  1.0917E+00  1.1321E-01  1.1023E-01  1.0829E-01
  1.1072E+00  1.1688E-01  1.1432E-01  1.1229E-01
  1.1229E+00  1.2068E-01  1.1853E-01  1.1640E-01
  1.1389E+00  1.2462E-01  1.2284E-01  1.2062E-01
  1.1550E+00  1.2870E-01  1.2728E-01  1.2497E-01
  1.1715E+00  1.3293E-01  1.3185E-01  1.2945E-01
  1.1881E+00  1.3732E-01  1.3656E-01  1.3408E-01
  1.2050E+00  1.4188E-01  1.4141E-01  1.3886E-01
  1.2221E+00  1.4662E-01  1.4642E-01  1.4380E-01
  1.2395E+00  1.5156E-01  1.5161E-01  1.4892E-01
  1.2571E+00  1.5670E-01  1.5698E-01  1.5424E-01
  1.2749E+00  1.6206E-01  1.6254E-01  1.5976E-01
  1.2930E+00  1.6765E-01  1.6832E-01  1.6551E-01
  1.3114E+00  1.7350E-01  1.7432E-01  1.7149E-01
  1.3300E+00  1.7961E-01  1.8058E-01  1.7774E-01
  1.3489E+00  1.8601E-01  1.8710E-01  1.8427E-01
  1.3681E+00  1.9271E-01  1.9390E-01  1.9110E-01
  1.3875E+00  1.9975E-01  2.0102E-01  1.9825E-01
  1.4072E+00  2.0714E-01  2.0848E-01  2.0576E-01
  1.4272E+00  2.1491E-01  2.1629E-01  2.1365E-01
  1.4475E+00  2.2310E-01  2.2450E-01  2.2194E-01
  1.4681E+00  2.3173E-01  2.3314E-01  2.3068E-01
  1.4889E+00  2.4083E-01  2.4224E-01  2.3989E-01
  1.5101E+00  2.5045E-01  2.5184E-01  2.4962E-01
  1.5315E+00  2.6063E-01  2.6199E-01  2.5991E-01
  1.5533E+00  2.7140E-01  2.7272E-01  2.7079E-01
  1.5753E+00  2.8283E-01  2.8409E-01  2.8233E-01
  1.5977E+00  2.9496E-01  2.9616E-01  2.9456E-01
  1.6204E+00  3.0785E-01  3.0898E-01  3.0756E-01
  1.6434E+00  3.2156E-01  3.2262E-01  3.2137E-01
  1.6668E+00  3.3617E-01  3.3714E-01  3.3608E-01
  1.6905E+00  3.5175E-01  3.5263E-01  3.5175E-01
  1.7145E+00  3.6838E-01  3.6918E-01  3.6847E-01
  1.7388E+00  3.8616E-01  3.8686E-01  3.8631E-01
  1.7635E+00  4.0517E-01  4.0578E-01  4.0539E-01
  1.7886E+00  4.2552E-01  4.2605E-01  4.2580E-01
  1.8140E+00  4.4734E-01  4.4778E-01  4.4766E-01
  1.8398E+00  4.7075E-01  4.7111E-01  4.7109E-01
  1.8659E+00  4.9588E-01  4.9617E-01  4.9624E-01
  1.8924E+00  5.2289E-01  5.2312E-01  5.2325E-01
  1.9193E+00  5.5193E-01  5.5211E-01  5.5229E-01
  1.9465E+00  5.8321E-01  5.8333E-01  5.8355E-01
  1.9742E+00  6.1690E-01  6.1699E-01  6.1722E-01
  2.0022E+00  6.5324E-01  6.5330E-01  6.5353E-01
  2.0307E+00  6.9247E-01  6.9250E-01  6.9273E-01
  2.0595E+00  7.3486E-01  7.3487E-01  7.3508E-01
  2.0888E+00  7.8070E-01  7.8070E-01  7.8088E-01
  2.1184E+00  8.3032E-01  8.3032E-01  8.3046E-01
  2.1485E+00  8.8409E-01  8.8409E-01  8.8419E-01
  2.1790E+00  9.4242E-01  9.4242E-01  9.4247E-01
  2.2100E+00  1.0057E+00  1.0057E+00  1.0057E+00
  2.2414E+00  1.0746E+00  1.0746E+00  1.0745E+00
  2.2732E+00  1.1495E+00  1.1495E+00  1.1494E+00
  2.3055E+00  1.2310E+00  1.2310E+00  1.2309E+00
  2.3383E+00  1.3199E+00  1.3199E+00  1.3197E+00
  2.3715E+00  1.4169E+00  1.4169E+00  1.4167E+00
  2.4052E+00  1.5229E+00  1.5229E+00  1.5226E+00
  2.4393E+00  1.6389E+00  1.6389E+00  1.6385E+00
  2.4740E+00  1.7658E+00  1.7658E+00  1.7654E+00
  2.5091E+00  1.9049E+00  1.9049E+00  1.9044E+00
  2.5448E+00  2.0576E+00  2.0576E+00  2.0570E+00
