         1  1.2340980E-04 -6.5552413E-06
         2  1.2402840E-04 -6.6113377E-06
         3  1.2465009E-04 -6.6679157E-06
         4  1.2527490E-04 -6.7249796E-06
         5  1.2590285E-04 -6.7825337E-06
         6  1.2653394E-04 -6.8405820E-06
         7  1.2716819E-04 -6.8991288E-06
         8  1.2780563E-04 -6.9581786E-06
         9  1.2844625E-04 -7.0177356E-06
        10  1.2909009E-04 -7.0778041E-06
        11  1.2973716E-04 -7.1383887E-06
        12  1.3038747E-04 -7.1994937E-06
        13  1.3104104E-04 -7.2611237E-06
        14  1.3169789E-04 -7.3232832E-06
        15  1.3235802E-04 -7.3859768E-06
        16  1.3302147E-04 -7.4492090E-06
        17  1.3368824E-04 -7.5129846E-06
        18  1.3435836E-04 -7.5773082E-06
        19  1.3503183E-04 -7.6421846E-06
        20  1.3570868E-04 -7.7076185E-06
        21  1.3638893E-04 -7.7736148E-06
        22  1.3707258E-04 -7.8401783E-06
        23  1.3775966E-04 -7.9073139E-06
        24  1.3845018E-04 -7.9750266E-06
        25  1.3914417E-04 -8.0433213E-06
        26  1.3984163E-04 -8.1122031E-06
        27  1.4054259E-04 -8.1816771E-06
        28  1.4124706E-04 -8.2517483E-06
        29  1.4195506E-04 -8.3224220E-06
        30  1.4266662E-04 -8.3937033E-06
        31  1.4338174E-04 -8.4655976E-06
        32  1.4410044E-04 -8.5381100E-06
        33  1.4482275E-04 -8.6112460E-06
        34  1.4554867E-04 -8.6850109E-06
        35  1.4627824E-04 -8.7594102E-06
        36  1.4701146E-04 -8.8344494E-06
        37  1.4774836E-04 -8.9101339E-06
        38  1.4848895E-04 -8.9864695E-06
        39  1.4923326E-04 -9.0634616E-06
        40  1.4998129E-04 -9.1411161E-06
        41  1.5073308E-04 -9.2194386E-06
        42  1.5148863E-04 -9.2984349E-06
        43  1.5224797E-04 -9.3781108E-06
        44  1.5301111E-04 -9.4584723E-06
        45  1.5377809E-04 -9.5395252E-06
        46  1.5454890E-04 -9.6212756E-06
        47  1.5532358E-04 -9.7037294E-06
        48  1.5610214E-04 -9.7868928E-06
        49  1.5688461E-04 -9.8707719E-06
        50  1.5767100E-04 -9.9553729E-06
        51  1.5846133E-04 -1.0040702E-05
        52  1.5925562E-04 -1.0126766E-05
        53  1.6005389E-04 -1.0213570E-05
        54  1.6085616E-04 -1.0301122E-05
        55  1.6166246E-04 -1.0389427E-05
        56  1.6247279E-04 -1.0478493E-05
        57  1.6328719E-04 -1.0568325E-05
        58  1.6410567E-04 -1.0658931E-05
        59  1.6492825E-04 -1.0750317E-05
        60  1.6575496E-04 -1.0842490E-05
        61  1.6658581E-04 -1.0935457E-05
        62  1.6742083E-04 -1.1029225E-05
        63  1.6826003E-04 -1.1123800E-05
        64  1.6910343E-04 -1.1219189E-05
        65  1.6995107E-04 -1.1315400E-05
        66  1.7080295E-04 -1.1412440E-05
        67  1.7165910E-04 -1.1510316E-05
        68  1.7251955E-04 -1.1609035E-05
        69  1.7338431E-04 -1.1708605E-05
        70  1.7425340E-04 -1.1809032E-05
        71  1.7512685E-04 -1.1910325E-05
        72  1.7600468E-04 -1.2012490E-05
        73  1.7688690E-04 -1.2115536E-05
        74  1.7777355E-04 -1.2219470E-05
        75  1.7866465E-04 -1.2324300E-05
        76  1.7956021E-04 -1.2430033E-05
        77  1.8046025E-04 -1.2536677E-05
        78  1.8136482E-04 -1.2644241E-05
        79  1.8227391E-04 -1.2752732E-05
        80  1.8318756E-04 -1.2862158E-05
        81  1.8410579E-04 -1.2972527E-05
        82  1.8502863E-04 -1.3083848E-05
        83  1.8595609E-04 -1.3196129E-05
        84  1.8688820E-04 -1.3309378E-05
        85  1.8782498E-04 -1.3423604E-05
        86  1.8876645E-04 -1.3538815E-05
        87  1.8971265E-04 -1.3655019E-05
        88  1.9066359E-04 -1.3772226E-05
        89  1.9161929E-04 -1.3890443E-05
        90  1.9257979E-04 -1.4009680E-05
        91  1.9354510E-04 -1.4129946E-05
        92  1.9451525E-04 -1.4251249E-05
        93  1.9549026E-04 -1.4373599E-05
        94  1.9647016E-04 -1.4497004E-05
        95  1.9745497E-04 -1.4621475E-05
        96  1.9844472E-04 -1.4747019E-05
        97  1.9943943E-04 -1.4873646E-05
        98  2.0043912E-04 -1.5001367E-05
        99  2.0144382E-04 -1.5130189E-05
       100  2.0245357E-04 -1.5260124E-05
       101  2.0346837E-04 -1.5391180E-05
       102  2.0448826E-04 -1.5523367E-05
       103  2.0551326E-04 -1.5656696E-05
       104  2.0654340E-04 -1.5791175E-05
       105  2.0757870E-04 -1.5926816E-05
       106  2.0861920E-04 -1.6063627E-05
       107  2.0966490E-04 -1.6201620E-05
       108  2.1071585E-04 -1.6340805E-05
       109  2.1177207E-04 -1.6481192E-05
       110  2.1283358E-04 -1.6622791E-05
       111  2.1390042E-04 -1.6765613E-05
       112  2.1497260E-04 -1.6909669E-05
       113  2.1605015E-04 -1.7054969E-05
       114  2.1713311E-04 -1.7201524E-05
       115  2.1822149E-04 -1.7349345E-05
       116  2.1931533E-04 -1.7498444E-05
       117  2.2041465E-04 -1.7648831E-05
       118  2.2151949E-04 -1.7800517E-05
       119  2.2262986E-04 -1.7953514E-05
       120  2.2374579E-04 -1.8107834E-05
       121  2.2486732E-04 -1.8263487E-05
       122  2.2599448E-04 -1.8420485E-05
       123  2.2712728E-04 -1.8578841E-05
       124  2.2826576E-04 -1.8738565E-05
       125  2.2940995E-04 -1.8899670E-05
       126  2.3055987E-04 -1.9062168E-05
       127  2.3171555E-04 -1.9226071E-05
       128  2.3287703E-04 -1.9391392E-05
       129  2.3404433E-04 -1.9558142E-05
       130  2.3521749E-04 -1.9726334E-05
       131  2.3639652E-04 -1.9895980E-05
       132  2.3758146E-04 -2.0067094E-05
       133  2.3877234E-04 -2.0239688E-05
       134  2.3996919E-04 -2.0413775E-05
       135  2.4117204E-04 -2.0589368E-05
       136  2.4238092E-04 -2.0766480E-05
       137  2.4359586E-04 -2.0945124E-05
       138  2.4481689E-04 -2.1125315E-05
       139  2.4604404E-04 -2.1307064E-05
       140  2.4727734E-04 -2.1490387E-05
       141  2.4851683E-04 -2.1675296E-05
       142  2.4976252E-04 -2.1861805E-05
       143  2.5101446E-04 -2.2049929E-05
       144  2.5227268E-04 -2.2239681E-05
       145  2.5353720E-04 -2.2431076E-05
       146  2.5480806E-04 -2.2624128E-05
       147  2.5608529E-04 -2.2818852E-05
       148  2.5736892E-04 -2.3015262E-05
       149  2.5865899E-04 -2.3213372E-05
       150  2.5995552E-04 -2.3413198E-05
       151  2.6125856E-04 -2.3614755E-05
       152  2.6256812E-04 -2.3818058E-05
       153  2.6388425E-04 -2.4023122E-05
       154  2.6520697E-04 -2.4229962E-05
       155  2.6653633E-04 -2.4438594E-05
       156  2.6787235E-04 -2.4649034E-05
       157  2.6921506E-04 -2.4861297E-05
       158  2.7056451E-04 -2.5075399E-05
       159  2.7192072E-04 -2.5291357E-05
       160  2.7328373E-04 -2.5509186E-05
       161  2.7465357E-04 -2.5728904E-05
       162  2.7603028E-04 -2.5950526E-05
       163  2.7741388E-04 -2.6174069E-05
       164  2.7880443E-04 -2.6399550E-05
       165  2.8020194E-04 -2.6626986E-05
       166  2.8160646E-04 -2.6856394E-05
       167  2.8301802E-04 -2.7087792E-05
       168  2.8443665E-04 -2.7321196E-05
       169  2.8586239E-04 -2.7556624E-05
       170  2.8729529E-04 -2.7794094E-05
       171  2.8873536E-04 -2.8033624E-05
       172  2.9018265E-04 -2.8275232E-05
       173  2.9163720E-04 -2.8518936E-05
       174  2.9309904E-04 -2.8764754E-05
       175  2.9456820E-04 -2.9012705E-05
       176  2.9604473E-04 -2.9262808E-05
       177  2.9752866E-04 -2.9515081E-05
       178  2.9902003E-04 -2.9769543E-05
       179  3.0051887E-04 -3.0026215E-05
       180  3.0202523E-04 -3.0285114E-05
       181  3.0353914E-04 -3.0546260E-05
       182  3.0506063E-04 -3.0809674E-05
       183  3.0658976E-04 -3.1075374E-05
       184  3.0812654E-04 -3.1343382E-05
       185  3.0967104E-04 -3.1613717E-05
       186  3.1122327E-04 -3.1886399E-05
       187  3.1278328E-04 -3.2161450E-05
       188  3.1435111E-04 -3.2438890E-05
       189  3.1592681E-04 -3.2718740E-05
       190  3.1751040E-04 -3.3001021E-05
       191  3.1910192E-04 -3.3285754E-05
       192  3.2070143E-04 -3.3572961E-05
       193  3.2230895E-04 -3.3862664E-05
       194  3.2392453E-04 -3.4154885E-05
       195  3.2554821E-04 -3.4449644E-05
       196  3.2718003E-04 -3.4746966E-05
       197  3.2882002E-04 -3.5046872E-05
       198  3.3046824E-04 -3.5349386E-05
       199  3.3212472E-04 -3.5654529E-05
       200  3.3378950E-04 -3.5962325E-05
       201  3.3546263E-04 -3.6272797E-05
       202  3.3714414E-04 -3.6585969E-05
       203  3.3883408E-04 -3.6901865E-05
       204  3.4053250E-04 -3.7220508E-05
       205  3.4223942E-04 -3.7541922E-05
       206  3.4395490E-04 -3.7866133E-05
       207  3.4567899E-04 -3.8193164E-05
       208  3.4741171E-04 -3.8523040E-05
       209  3.4915312E-04 -3.8855786E-05
       210  3.5090325E-04 -3.9191428E-05
       211  3.5266216E-04 -3.9529990E-05
       212  3.5442989E-04 -3.9871499E-05
       213  3.5620648E-04 -4.0215981E-05
       214  3.5799197E-04 -4.0563461E-05
       215  3.5978641E-04 -4.0913966E-05
       216  3.6158985E-04 -4.1267523E-05
       217  3.6340233E-04 -4.1624158E-05
       218  3.6522389E-04 -4.1983898E-05
       219  3.6705458E-04 -4.2346771E-05
       220  3.6889445E-04 -4.2712805E-05
       221  3.7074354E-04 -4.3082026E-05
       222  3.7260190E-04 -4.3454464E-05
       223  3.7446957E-04 -4.3830146E-05
       224  3.7634661E-04 -4.4209101E-05
       225  3.7823306E-04 -4.4591358E-05
       226  3.8012896E-04 -4.4976945E-05
       227  3.8203436E-04 -4.5365893E-05
       228  3.8394932E-04 -4.5758231E-05
       229  3.8587387E-04 -4.6153988E-05
       230  3.8780807E-04 -4.6553195E-05
       231  3.8975197E-04 -4.6955882E-05
       232  3.9170561E-04 -4.7362080E-05
       233  3.9366904E-04 -4.7771819E-05
       234  3.9564231E-04 -4.8185132E-05
       235  3.9762548E-04 -4.8602048E-05
       236  3.9961859E-04 -4.9022601E-05
       237  4.0162168E-04 -4.9446822E-05
       238  4.0363482E-04 -4.9874743E-05
       239  4.0565805E-04 -5.0306398E-05
       240  4.0769142E-04 -5.0741818E-05
       241  4.0973498E-04 -5.1181038E-05
       242  4.1178878E-04 -5.1624090E-05
       243  4.1385288E-04 -5.2071009E-05
       244  4.1592733E-04 -5.2521828E-05
       245  4.1801217E-04 -5.2976582E-05
       246  4.2010747E-04 -5.3435306E-05
       247  4.2221327E-04 -5.3898034E-05
       248  4.2432962E-04 -5.4364803E-05
       249  4.2645658E-04 -5.4835647E-05
       250  4.2859420E-04 -5.5310603E-05
       251  4.3074254E-04 -5.5789706E-05
       252  4.3290165E-04 -5.6272995E-05
       253  4.3507158E-04 -5.6760504E-05
       254  4.3725238E-04 -5.7252273E-05
       255  4.3944412E-04 -5.7748337E-05
       256  4.4164684E-04 -5.8248736E-05
       257  4.4386060E-04 -5.8753507E-05
       258  4.4608546E-04 -5.9262690E-05
       259  4.4832148E-04 -5.9776322E-05
       260  4.5056870E-04 -6.0294444E-05
       261  4.5282718E-04 -6.0817095E-05
       262  4.5509699E-04 -6.1344315E-05
       263  4.5737817E-04 -6.1876145E-05
       264  4.5967079E-04 -6.2412624E-05
       265  4.6197490E-04 -6.2953795E-05
       266  4.6429056E-04 -6.3499699E-05
       267  4.6661782E-04 -6.4050377E-05
       268  4.6895676E-04 -6.4605871E-05
       269  4.7130741E-04 -6.5166226E-05
       270  4.7366985E-04 -6.5731482E-05
       271  4.7604413E-04 -6.6301684E-05
       272  4.7843031E-04 -6.6876876E-05
       273  4.8082845E-04 -6.7457101E-05
       274  4.8323861E-04 -6.8042404E-05
       275  4.8566086E-04 -6.8632830E-05
       276  4.8809524E-04 -6.9228424E-05
       277  4.9054183E-04 -6.9829232E-05
       278  4.9300068E-04 -7.0435301E-05
       279  4.9547186E-04 -7.1046676E-05
       280  4.9795542E-04 -7.1663405E-05
       281  5.0045143E-04 -7.2285535E-05
       282  5.0295996E-04 -7.2913114E-05
       283  5.0548105E-04 -7.3546190E-05
       284  5.0801479E-04 -7.4184812E-05
       285  5.1056122E-04 -7.4829028E-05
       286  5.1312042E-04 -7.5478889E-05
       287  5.1569245E-04 -7.6134445E-05
       288  5.1827737E-04 -7.6795746E-05
       289  5.2087524E-04 -7.7462842E-05
       290  5.2348614E-04 -7.8135785E-05
       291  5.2611013E-04 -7.8814628E-05
       292  5.2874727E-04 -7.9499421E-05
       293  5.3139762E-04 -8.0190219E-05
       294  5.3406126E-04 -8.0887074E-05
       295  5.3673826E-04 -8.1590040E-05
       296  5.3942867E-04 -8.2299170E-05
       297  5.4213257E-04 -8.3014521E-05
       298  5.4485002E-04 -8.3736146E-05
       299  5.4758109E-04 -8.4464102E-05
       300  5.5032585E-04 -8.5198444E-05
       301  5.5308437E-04 -8.5939230E-05
       302  5.5585672E-04 -8.6686516E-05
       303  5.5864296E-04 -8.7440360E-05
       304  5.6144317E-04 -8.8200821E-05
       305  5.6425742E-04 -8.8967957E-05
       306  5.6708577E-04 -8.9741826E-05
       307  5.6992830E-04 -9.0522490E-05
       308  5.7278507E-04 -9.1310008E-05
       309  5.7565617E-04 -9.2104442E-05
       310  5.7854166E-04 -9.2905851E-05
       311  5.8144161E-04 -9.3714299E-05
       312  5.8435610E-04 -9.4529849E-05
       313  5.8728520E-04 -9.5352562E-05
       314  5.9022898E-04 -9.6182503E-05
       315  5.9318751E-04 -9.7019735E-05
       316  5.9616088E-04 -9.7864324E-05
       317  5.9914915E-04 -9.8716335E-05
       318  6.0215239E-04 -9.9575834E-05
       319  6.0517069E-04 -1.0044289E-04
       320  6.0820413E-04 -1.0131756E-04
       321  6.1125276E-04 -1.0219993E-04
       322  6.1431668E-04 -1.0309005E-04
       323  6.1739595E-04 -1.0398800E-04
       324  6.2049066E-04 -1.0489384E-04
       325  6.2360089E-04 -1.0580765E-04
       326  6.2672670E-04 -1.0672950E-04
       327  6.2986818E-04 -1.0765945E-04
       328  6.3302541E-04 -1.0859759E-04
       329  6.3619846E-04 -1.0954398E-04
       330  6.3938742E-04 -1.1049870E-04
       331  6.4259236E-04 -1.1146182E-04
       332  6.4581337E-04 -1.1243341E-04
       333  6.4905052E-04 -1.1341355E-04
       334  6.5230390E-04 -1.1440233E-04
       335  6.5557359E-04 -1.1539980E-04
       336  6.5885966E-04 -1.1640606E-04
       337  6.6216221E-04 -1.1742117E-04
       338  6.6548131E-04 -1.1844523E-04
       339  6.6881705E-04 -1.1947830E-04
       340  6.7216951E-04 -1.2052047E-04
       341  6.7553878E-04 -1.2157182E-04
       342  6.7892493E-04 -1.2263243E-04
       343  6.8232805E-04 -1.2370238E-04
       344  6.8574824E-04 -1.2478176E-04
       345  6.8918556E-04 -1.2587065E-04
       346  6.9264012E-04 -1.2696913E-04
       347  6.9611199E-04 -1.2807730E-04
       348  6.9960127E-04 -1.2919523E-04
       349  7.0310804E-04 -1.3032301E-04
       350  7.0663238E-04 -1.3146074E-04
       351  7.1017439E-04 -1.3260850E-04
       352  7.1373415E-04 -1.3376637E-04
       353  7.1731176E-04 -1.3493446E-04
       354  7.2090730E-04 -1.3611285E-04
       355  7.2452086E-04 -1.3730162E-04
       356  7.2815254E-04 -1.3850089E-04
       357  7.3180242E-04 -1.3971073E-04
       358  7.3547059E-04 -1.4093124E-04
       359  7.3915716E-04 -1.4216253E-04
       360  7.4286220E-04 -1.4340467E-04
       361  7.4658581E-04 -1.4465778E-04
       362  7.5032809E-04 -1.4592195E-04
       363  7.5408912E-04 -1.4719727E-04
       364  7.5786901E-04 -1.4848385E-04
       365  7.6166784E-04 -1.4978178E-04
       366  7.6548572E-04 -1.5109118E-04
       367  7.6932273E-04 -1.5241213E-04
       368  7.7317898E-04 -1.5374475E-04
       369  7.7705455E-04 -1.5508913E-04
       370  7.8094956E-04 -1.5644539E-04
       371  7.8486408E-04 -1.5781363E-04
       372  7.8879823E-04 -1.5919395E-04
       373  7.9275210E-04 -1.6058646E-04
       374  7.9672578E-04 -1.6199128E-04
       375  8.0071939E-04 -1.6340851E-04
       376  8.0473301E-04 -1.6483826E-04
       377  8.0876675E-04 -1.6628064E-04
       378  8.1282071E-04 -1.6773577E-04
       379  8.1689499E-04 -1.6920377E-04
       380  8.2098970E-04 -1.7068474E-04
       381  8.2510492E-04 -1.7217880E-04
       382  8.2924078E-04 -1.7368606E-04
       383  8.3339737E-04 -1.7520666E-04
       384  8.3757479E-04 -1.7674070E-04
       385  8.4177315E-04 -1.7828830E-04
       386  8.4599255E-04 -1.7984959E-04
       387  8.5023311E-04 -1.8142469E-04
       388  8.5449492E-04 -1.8301373E-04
       389  8.5877809E-04 -1.8461682E-04
       390  8.6308274E-04 -1.8623409E-04
       391  8.6740896E-04 -1.8786567E-04
       392  8.7175686E-04 -1.8951168E-04
       393  8.7612656E-04 -1.9117226E-04
       394  8.8051816E-04 -1.9284754E-04
       395  8.8493178E-04 -1.9453764E-04
       396  8.8936752E-04 -1.9624271E-04
       397  8.9382549E-04 -1.9796286E-04
       398  8.9830581E-04 -1.9969825E-04
       399  9.0280859E-04 -2.0144900E-04
       400  9.0733394E-04 -2.0321525E-04
       401  9.1188197E-04 -2.0499714E-04
       402  9.1645279E-04 -2.0679481E-04
       403  9.2104653E-04 -2.0860840E-04
       404  9.2566330E-04 -2.1043805E-04
       405  9.3030320E-04 -2.1228391E-04
       406  9.3496637E-04 -2.1414612E-04
       407  9.3965291E-04 -2.1602483E-04
       408  9.4436294E-04 -2.1792018E-04
       409  9.4909657E-04 -2.1983233E-04
       410  9.5385394E-04 -2.2176142E-04
       411  9.5863515E-04 -2.2370760E-04
       412  9.6344033E-04 -2.2567104E-04
       413  9.6826960E-04 -2.2765188E-04
       414  9.7312307E-04 -2.2965027E-04
       415  9.7800087E-04 -2.3166638E-04
       416  9.8290312E-04 -2.3370037E-04
       417  9.8782994E-04 -2.3575238E-04
       418  9.9278146E-04 -2.3782260E-04
       419  9.9775780E-04 -2.3991117E-04
       420  1.0027591E-03 -2.4201826E-04
       421  1.0077854E-03 -2.4414404E-04
       422  1.0128370E-03 -2.4628867E-04
       423  1.0179138E-03 -2.4845232E-04
       424  1.0230162E-03 -2.5063517E-04
       425  1.0281440E-03 -2.5283739E-04
       426  1.0332976E-03 -2.5505914E-04
       427  1.0384771E-03 -2.5730060E-04
       428  1.0436825E-03 -2.5956196E-04
       429  1.0489139E-03 -2.6184338E-04
       430  1.0541716E-03 -2.6414505E-04
       431  1.0594557E-03 -2.6646714E-04
       432  1.0647662E-03 -2.6880985E-04
       433  1.0701034E-03 -2.7117335E-04
       434  1.0754673E-03 -2.7355783E-04
       435  1.0808581E-03 -2.7596348E-04
       436  1.0862759E-03 -2.7839048E-04
       437  1.0917209E-03 -2.8083904E-04
       438  1.0971932E-03 -2.8330934E-04
       439  1.1026929E-03 -2.8580157E-04
       440  1.1082202E-03 -2.8831594E-04
       441  1.1137751E-03 -2.9085264E-04
       442  1.1193580E-03 -2.9341186E-04
       443  1.1249688E-03 -2.9599382E-04
       444  1.1306077E-03 -2.9859872E-04
       445  1.1362749E-03 -3.0122675E-04
       446  1.1419705E-03 -3.0387814E-04
       447  1.1476947E-03 -3.0655308E-04
       448  1.1534475E-03 -3.0925178E-04
       449  1.1592292E-03 -3.1197447E-04
       450  1.1650398E-03 -3.1472135E-04
       451  1.1708796E-03 -3.1749264E-04
       452  1.1767487E-03 -3.2028856E-04
       453  1.1826472E-03 -3.2310933E-04
       454  1.1885752E-03 -3.2595517E-04
       455  1.1945330E-03 -3.2882631E-04
       456  1.2005206E-03 -3.3172297E-04
       457  1.2065382E-03 -3.3464538E-04
       458  1.2125860E-03 -3.3759377E-04
       459  1.2186641E-03 -3.4056838E-04
       460  1.2247727E-03 -3.4356943E-04
       461  1.2309119E-03 -3.4659717E-04
       462  1.2370819E-03 -3.4965184E-04
       463  1.2432828E-03 -3.5273366E-04
       464  1.2495148E-03 -3.5584290E-04
       465  1.2557780E-03 -3.5897978E-04
       466  1.2620726E-03 -3.6214457E-04
       467  1.2683988E-03 -3.6533751E-04
       468  1.2747566E-03 -3.6855884E-04
       469  1.2811464E-03 -3.7180884E-04
       470  1.2875681E-03 -3.7508774E-04
       471  1.2940221E-03 -3.7839581E-04
       472  1.3005084E-03 -3.8173332E-04
       473  1.3070272E-03 -3.8510052E-04
       474  1.3135787E-03 -3.8849768E-04
       475  1.3201631E-03 -3.9192506E-04
       476  1.3267804E-03 -3.9538295E-04
       477  1.3334309E-03 -3.9887160E-04
       478  1.3401148E-03 -4.0239130E-04
       479  1.3468321E-03 -4.0594233E-04
       480  1.3535832E-03 -4.0952495E-04
       481  1.3603680E-03 -4.1313947E-04
       482  1.3671869E-03 -4.1678615E-04
       483  1.3740400E-03 -4.2046530E-04
       484  1.3809274E-03 -4.2417719E-04
       485  1.3878493E-03 -4.2792212E-04
       486  1.3948059E-03 -4.3170039E-04
       487  1.4017974E-03 -4.3551230E-04
       488  1.4088240E-03 -4.3935814E-04
       489  1.4158857E-03 -4.4323822E-04
       490  1.4229829E-03 -4.4715285E-04
       491  1.4301156E-03 -4.5110232E-04
       492  1.4372841E-03 -4.5508697E-04
       493  1.4444885E-03 -4.5910709E-04
       494  1.4517290E-03 -4.6316301E-04
       495  1.4590058E-03 -4.6725504E-04
       496  1.4663191E-03 -4.7138351E-04
       497  1.4736691E-03 -4.7554875E-04
       498  1.4810559E-03 -4.7975108E-04
       499  1.4884797E-03 -4.8399083E-04
       500  1.4959408E-03 -4.8826834E-04
       501  1.5034392E-03 -4.9258395E-04
       502  1.5109752E-03 -4.9693799E-04
       503  1.5185490E-03 -5.0133081E-04
       504  1.5261608E-03 -5.0576275E-04
       505  1.5338107E-03 -5.1023417E-04
       506  1.5414989E-03 -5.1474541E-04
       507  1.5492257E-03 -5.1929684E-04
       508  1.5569913E-03 -5.2388881E-04
       509  1.5647957E-03 -5.2852167E-04
       510  1.5726393E-03 -5.3319581E-04
       511  1.5805222E-03 -5.3791158E-04
       512  1.5884446E-03 -5.4266936E-04
       513  1.5964067E-03 -5.4746952E-04
       514  1.6044087E-03 -5.5231244E-04
       515  1.6124508E-03 -5.5719850E-04
       516  1.6205333E-03 -5.6212808E-04
       517  1.6286562E-03 -5.6710158E-04
       518  1.6368199E-03 -5.7211938E-04
       519  1.6450245E-03 -5.7718189E-04
       520  1.6532702E-03 -5.8228949E-04
       521  1.6615573E-03 -5.8744260E-04
       522  1.6698859E-03 -5.9264161E-04
       523  1.6782562E-03 -5.9788694E-04
       524  1.6866685E-03 -6.0317899E-04
       525  1.6951230E-03 -6.0851819E-04
       526  1.7036198E-03 -6.1390496E-04
       527  1.7121592E-03 -6.1933971E-04
       528  1.7207415E-03 -6.2482288E-04
       529  1.7293667E-03 -6.3035489E-04
       530  1.7380352E-03 -6.3593619E-04
       531  1.7467471E-03 -6.4156721E-04
       532  1.7555027E-03 -6.4724839E-04
       533  1.7643022E-03 -6.5298018E-04
       534  1.7731458E-03 -6.5876303E-04
       535  1.7820338E-03 -6.6459740E-04
       536  1.7909663E-03 -6.7048374E-04
       537  1.7999435E-03 -6.7642251E-04
       538  1.8089658E-03 -6.8241419E-04
       539  1.8180332E-03 -6.8845923E-04
       540  1.8271462E-03 -6.9455813E-04
       541  1.8363048E-03 -7.0071135E-04
       542  1.8455093E-03 -7.0691937E-04
       543  1.8547599E-03 -7.1318270E-04
       544  1.8640570E-03 -7.1950181E-04
       545  1.8734006E-03 -7.2587720E-04
       546  1.8827911E-03 -7.3230937E-04
       547  1.8922286E-03 -7.3879884E-04
       548  1.9017134E-03 -7.4534609E-04
       549  1.9112458E-03 -7.5195166E-04
       550  1.9208260E-03 -7.5861606E-04
       551  1.9304541E-03 -7.6533980E-04
       552  1.9401306E-03 -7.7212342E-04
       553  1.9498555E-03 -7.7896744E-04
       554  1.9596292E-03 -7.8587241E-04
       555  1.9694519E-03 -7.9283886E-04
       556  1.9793238E-03 -7.9986734E-04
       557  1.9892452E-03 -8.0695840E-04
       558  1.9992164E-03 -8.1411259E-04
       559  2.0092375E-03 -8.2133048E-04
       560  2.0193088E-03 -8.2861262E-04
       561  2.0294306E-03 -8.3595959E-04
       562  2.0396032E-03 -8.4337196E-04
       563  2.0498268E-03 -8.5085031E-04
       564  2.0601016E-03 -8.5839523E-04
       565  2.0704279E-03 -8.6600730E-04
       566  2.0808059E-03 -8.7368712E-04
       567  2.0912360E-03 -8.8143529E-04
       568  2.1017184E-03 -8.8925242E-04
       569  2.1122533E-03 -8.9713910E-04
       570  2.1228410E-03 -9.0509597E-04
       571  2.1334818E-03 -9.1312363E-04
       572  2.1441759E-03 -9.2122272E-04
       573  2.1549236E-03 -9.2939386E-04
       574  2.1657252E-03 -9.3763770E-04
       575  2.1765810E-03 -9.4595487E-04
       576  2.1874911E-03 -9.5434603E-04
       577  2.1984560E-03 -9.6281182E-04
       578  2.2094758E-03 -9.7135291E-04
       579  2.2205508E-03 -9.7996995E-04
       580  2.2316814E-03 -9.8866363E-04
       581  2.2428677E-03 -9.9743462E-04
       582  2.2541101E-03 -1.0062836E-03
       583  2.2654089E-03 -1.0152112E-03
       584  2.2767643E-03 -1.0242183E-03
       585  2.2881767E-03 -1.0333053E-03
       586  2.2996462E-03 -1.0424732E-03
       587  2.3111732E-03 -1.0517226E-03
       588  2.3227580E-03 -1.0610541E-03
       589  2.3344009E-03 -1.0704686E-03
       590  2.3461021E-03 -1.0799667E-03
       591  2.3578620E-03 -1.0895493E-03
       592  2.3696808E-03 -1.0992169E-03
       593  2.3815589E-03 -1.1089705E-03
       594  2.3934965E-03 -1.1188107E-03
       595  2.4054940E-03 -1.1287383E-03
       596  2.4175516E-03 -1.1387540E-03
       597  2.4296696E-03 -1.1488588E-03
       598  2.4418484E-03 -1.1590532E-03
       599  2.4540882E-03 -1.1693381E-03
       600  2.4663893E-03 -1.1797144E-03
       601  2.4787522E-03 -1.1901828E-03
       602  2.4911770E-03 -1.2007441E-03
       603  2.5036641E-03 -1.2113991E-03
       604  2.5162137E-03 -1.2221487E-03
       605  2.5288263E-03 -1.2329936E-03
       606  2.5415021E-03 -1.2439348E-03
       607  2.5542414E-03 -1.2549731E-03
       608  2.5670446E-03 -1.2661092E-03
       609  2.5799120E-03 -1.2773441E-03
       610  2.5928438E-03 -1.2886787E-03
       611  2.6058405E-03 -1.3001138E-03
       612  2.6189023E-03 -1.3116502E-03
       613  2.6320297E-03 -1.3232889E-03
       614  2.6452228E-03 -1.3350308E-03
       615  2.6584820E-03 -1.3468768E-03
       616  2.6718077E-03 -1.3588277E-03
       617  2.6852002E-03 -1.3708845E-03
       618  2.6986598E-03 -1.3830481E-03
       619  2.7121869E-03 -1.3953195E-03
       620  2.7257818E-03 -1.4076996E-03
       621  2.7394448E-03 -1.4201893E-03
       622  2.7531763E-03 -1.4327896E-03
       623  2.7669767E-03 -1.4455014E-03
       624  2.7808462E-03 -1.4583258E-03
       625  2.7947853E-03 -1.4712637E-03
       626  2.8087942E-03 -1.4843160E-03
       627  2.8228733E-03 -1.4974839E-03
       628  2.8370230E-03 -1.5107683E-03
       629  2.8512437E-03 -1.5241701E-03
       630  2.8655356E-03 -1.5376905E-03
       631  2.8798992E-03 -1.5513304E-03
       632  2.8943347E-03 -1.5650910E-03
       633  2.9088426E-03 -1.5789732E-03
       634  2.9234233E-03 -1.5929780E-03
       635  2.9380770E-03 -1.6071067E-03
       636  2.9528042E-03 -1.6213601E-03
       637  2.9676051E-03 -1.6357395E-03
       638  2.9824803E-03 -1.6502459E-03
       639  2.9974301E-03 -1.6648804E-03
       640  3.0124548E-03 -1.6796441E-03
       641  3.0275547E-03 -1.6945382E-03
       642  3.0427304E-03 -1.7095637E-03
       643  3.0579822E-03 -1.7247218E-03
       644  3.0733104E-03 -1.7400136E-03
       645  3.0887154E-03 -1.7554404E-03
       646  3.1041977E-03 -1.7710032E-03
       647  3.1197575E-03 -1.7867032E-03
       648  3.1353954E-03 -1.8025416E-03
       649  3.1511116E-03 -1.8185197E-03
       650  3.1669066E-03 -1.8346386E-03
       651  3.1827808E-03 -1.8508995E-03
       652  3.1987346E-03 -1.8673036E-03
       653  3.2147683E-03 -1.8838523E-03
       654  3.2308824E-03 -1.9005466E-03
       655  3.2470772E-03 -1.9173880E-03
       656  3.2633533E-03 -1.9343776E-03
       657  3.2797109E-03 -1.9515167E-03
       658  3.2961505E-03 -1.9688065E-03
       659  3.3126725E-03 -1.9862485E-03
       660  3.3292774E-03 -2.0038439E-03
       661  3.3459655E-03 -2.0215940E-03
       662  3.3627372E-03 -2.0395001E-03
       663  3.3795930E-03 -2.0575636E-03
       664  3.3965332E-03 -2.0757858E-03
       665  3.4135584E-03 -2.0941681E-03
       666  3.4306690E-03 -2.1127118E-03
       667  3.4478653E-03 -2.1314184E-03
       668  3.4651478E-03 -2.1502892E-03
       669  3.4825169E-03 -2.1693255E-03
       670  3.4999731E-03 -2.1885290E-03
       671  3.5175168E-03 -2.2079008E-03
       672  3.5351484E-03 -2.2274426E-03
       673  3.5528684E-03 -2.2471557E-03
       674  3.5706772E-03 -2.2670415E-03
       675  3.5885753E-03 -2.2871017E-03
       676  3.6065631E-03 -2.3073376E-03
       677  3.6246411E-03 -2.3277507E-03
       678  3.6428097E-03 -2.3483426E-03
       679  3.6610694E-03 -2.3691147E-03
       680  3.6794205E-03 -2.3900686E-03
       681  3.6978637E-03 -2.4112059E-03
       682  3.7163993E-03 -2.4325280E-03
       683  3.7350279E-03 -2.4540366E-03
       684  3.7537498E-03 -2.4757332E-03
       685  3.7725655E-03 -2.4976194E-03
       686  3.7914756E-03 -2.5196968E-03
       687  3.8104804E-03 -2.5419671E-03
       688  3.8295805E-03 -2.5644319E-03
       689  3.8487764E-03 -2.5870927E-03
       690  3.8680685E-03 -2.6099513E-03
       691  3.8874572E-03 -2.6330093E-03
       692  3.9069432E-03 -2.6562685E-03
       693  3.9265268E-03 -2.6797304E-03
       694  3.9462086E-03 -2.7033968E-03
       695  3.9659891E-03 -2.7272694E-03
       696  3.9858687E-03 -2.7513500E-03
       697  4.0058479E-03 -2.7756403E-03
       698  4.0259273E-03 -2.8001420E-03
       699  4.0461074E-03 -2.8248570E-03
       700  4.0663886E-03 -2.8497869E-03
       701  4.0867714E-03 -2.8749337E-03
       702  4.1072565E-03 -2.9002991E-03
       703  4.1278442E-03 -2.9258850E-03
       704  4.1485351E-03 -2.9516931E-03
       705  4.1693297E-03 -2.9777254E-03
       706  4.1902285E-03 -3.0039837E-03
       707  4.2112322E-03 -3.0304699E-03
       708  4.2323410E-03 -3.0571859E-03
       709  4.2535557E-03 -3.0841336E-03
       710  4.2748768E-03 -3.1113149E-03
       711  4.2963047E-03 -3.1387318E-03
       712  4.3178400E-03 -3.1663863E-03
       713  4.3394833E-03 -3.1942802E-03
       714  4.3612350E-03 -3.2224156E-03
       715  4.3830958E-03 -3.2507946E-03
       716  4.4050662E-03 -3.2794190E-03
       717  4.4271466E-03 -3.3082910E-03
       718  4.4493378E-03 -3.3374125E-03
       719  4.4716402E-03 -3.3667857E-03
       720  4.4940544E-03 -3.3964126E-03
       721  4.5165809E-03 -3.4262953E-03
       722  4.5392204E-03 -3.4564359E-03
       723  4.5619733E-03 -3.4868365E-03
       724  4.5848403E-03 -3.5174994E-03
       725  4.6078219E-03 -3.5484265E-03
       726  4.6309187E-03 -3.5796202E-03
       727  4.6541313E-03 -3.6110825E-03
       728  4.6774602E-03 -3.6428157E-03
       729  4.7009061E-03 -3.6748221E-03
       730  4.7244695E-03 -3.7071038E-03
       731  4.7481510E-03 -3.7396630E-03
       732  4.7719512E-03 -3.7725021E-03
       733  4.7958707E-03 -3.8056234E-03
       734  4.8199101E-03 -3.8390291E-03
       735  4.8440700E-03 -3.8727215E-03
       736  4.8683510E-03 -3.9067031E-03
       737  4.8927537E-03 -3.9409761E-03
       738  4.9172788E-03 -3.9755429E-03
       739  4.9419267E-03 -4.0104058E-03
       740  4.9666982E-03 -4.0455674E-03
       741  4.9915939E-03 -4.0810300E-03
       742  5.0166144E-03 -4.1167960E-03
       743  5.0417603E-03 -4.1528680E-03
       744  5.0670322E-03 -4.1892483E-03
       745  5.0924308E-03 -4.2259394E-03
       746  5.1179567E-03 -4.2629439E-03
       747  5.1436106E-03 -4.3002643E-03
       748  5.1693930E-03 -4.3379032E-03
       749  5.1953047E-03 -4.3758630E-03
       750  5.2213463E-03 -4.4141463E-03
       751  5.2475184E-03 -4.4527559E-03
       752  5.2738217E-03 -4.4916942E-03
       753  5.3002568E-03 -4.5309639E-03
       754  5.3268245E-03 -4.5705676E-03
       755  5.3535253E-03 -4.6105081E-03
       756  5.3803600E-03 -4.6507879E-03
       757  5.4073291E-03 -4.6914099E-03
       758  5.4344335E-03 -4.7323767E-03
       759  5.4616737E-03 -4.7736911E-03
       760  5.4890504E-03 -4.8153558E-03
       761  5.5165644E-03 -4.8573736E-03
       762  5.5442163E-03 -4.8997473E-03
       763  5.5720068E-03 -4.9424797E-03
       764  5.5999366E-03 -4.9855737E-03
       765  5.6280064E-03 -5.0290321E-03
       766  5.6562169E-03 -5.0728578E-03
       767  5.6845688E-03 -5.1170537E-03
       768  5.7130628E-03 -5.1616227E-03
       769  5.7416997E-03 -5.2065677E-03
       770  5.7704801E-03 -5.2518917E-03
       771  5.7994047E-03 -5.2975976E-03
       772  5.8284744E-03 -5.3436885E-03
       773  5.8576897E-03 -5.3901674E-03
       774  5.8870515E-03 -5.4370372E-03
       775  5.9165605E-03 -5.4843010E-03
       776  5.9462174E-03 -5.5319620E-03
       777  5.9760229E-03 -5.5800232E-03
       778  6.0059778E-03 -5.6284876E-03
       779  6.0360829E-03 -5.6773585E-03
       780  6.0663389E-03 -5.7266390E-03
       781  6.0967466E-03 -5.7763323E-03
       782  6.1273066E-03 -5.8264415E-03
       783  6.1580199E-03 -5.8769698E-03
       784  6.1888871E-03 -5.9279206E-03
       785  6.2199090E-03 -5.9792970E-03
       786  6.2510864E-03 -6.0311023E-03
       787  6.2824201E-03 -6.0833398E-03
       788  6.3139109E-03 -6.1360129E-03
       789  6.3455595E-03 -6.1891248E-03
       790  6.3773668E-03 -6.2426790E-03
       791  6.4093334E-03 -6.2966787E-03
       792  6.4414604E-03 -6.3511274E-03
       793  6.4737483E-03 -6.4060286E-03
       794  6.5061981E-03 -6.4613856E-03
       795  6.5388106E-03 -6.5172019E-03
       796  6.5715865E-03 -6.5734810E-03
       797  6.6045267E-03 -6.6302264E-03
       798  6.6376320E-03 -6.6874416E-03
       799  6.6709033E-03 -6.7451302E-03
       800  6.7043413E-03 -6.8032957E-03
       801  6.7379470E-03 -6.8619418E-03
       802  6.7717211E-03 -6.9210720E-03
       803  6.8056645E-03 -6.9806899E-03
       804  6.8397780E-03 -7.0407992E-03
       805  6.8740626E-03 -7.1014037E-03
       806  6.9085189E-03 -7.1625069E-03
       807  6.9431480E-03 -7.2241126E-03
       808  6.9779507E-03 -7.2862246E-03
       809  7.0129278E-03 -7.3488465E-03
       810  7.0480803E-03 -7.4119823E-03
       811  7.0834089E-03 -7.4756356E-03
       812  7.1189147E-03 -7.5398103E-03
       813  7.1545984E-03 -7.6045102E-03
       814  7.1904609E-03 -7.6697393E-03
       815  7.2265033E-03 -7.7355014E-03
       816  7.2627263E-03 -7.8018003E-03
       817  7.2991308E-03 -7.8686402E-03
       818  7.3357179E-03 -7.9360248E-03
       819  7.3724883E-03 -8.0039582E-03
       820  7.4094431E-03 -8.0724444E-03
       821  7.4465831E-03 -8.1414874E-03
       822  7.4839092E-03 -8.2110912E-03
       823  7.5214225E-03 -8.2812600E-03
       824  7.5591238E-03 -8.3519977E-03
       825  7.5970140E-03 -8.4233084E-03
       826  7.6350942E-03 -8.4951964E-03
       827  7.6733653E-03 -8.5676658E-03
       828  7.7118282E-03 -8.6407207E-03
       829  7.7504839E-03 -8.7143653E-03
       830  7.7893334E-03 -8.7886039E-03
       831  7.8283775E-03 -8.8634406E-03
       832  7.8676175E-03 -8.9388798E-03
       833  7.9070541E-03 -9.0149256E-03
       834  7.9466883E-03 -9.0915825E-03
       835  7.9865213E-03 -9.1688547E-03
       836  8.0265539E-03 -9.2467466E-03
       837  8.0667871E-03 -9.3252625E-03
       838  8.1072221E-03 -9.4044068E-03
       839  8.1478597E-03 -9.4841840E-03
       840  8.1887010E-03 -9.5645984E-03
       841  8.2297470E-03 -9.6456545E-03
       842  8.2709988E-03 -9.7273567E-03
       843  8.3124574E-03 -9.8097097E-03
       844  8.3541237E-03 -9.8927178E-03
       845  8.3959990E-03 -9.9763856E-03
       846  8.4380841E-03 -1.0060718E-02
       847  8.4803802E-03 -1.0145718E-02
       848  8.5228882E-03 -1.0231393E-02
       849  8.5656094E-03 -1.0317745E-02
       850  8.6085447E-03 -1.0404780E-02
       851  8.6516952E-03 -1.0492502E-02
       852  8.6950620E-03 -1.0580917E-02
       853  8.7386462E-03 -1.0670028E-02
       854  8.7824488E-03 -1.0759840E-02
       855  8.8264710E-03 -1.0850358E-02
       856  8.8707139E-03 -1.0941588E-02
       857  8.9151785E-03 -1.1033533E-02
       858  8.9598661E-03 -1.1126198E-02
       859  9.0047776E-03 -1.1219589E-02
       860  9.0499142E-03 -1.1313710E-02
       861  9.0952771E-03 -1.1408566E-02
       862  9.1408674E-03 -1.1504162E-02
       863  9.1866862E-03 -1.1600502E-02
       864  9.2327346E-03 -1.1697592E-02
       865  9.2790139E-03 -1.1795436E-02
       866  9.3255251E-03 -1.1894040E-02
       867  9.3722695E-03 -1.1993409E-02
       868  9.4192482E-03 -1.2093547E-02
       869  9.4664624E-03 -1.2194459E-02
       870  9.5139132E-03 -1.2296151E-02
       871  9.5616019E-03 -1.2398627E-02
       872  9.6095297E-03 -1.2501892E-02
       873  9.6576976E-03 -1.2605953E-02
       874  9.7061070E-03 -1.2710812E-02
       875  9.7547591E-03 -1.2816477E-02
       876  9.8036550E-03 -1.2922951E-02
       877  9.8527961E-03 -1.3030241E-02
       878  9.9021834E-03 -1.3138351E-02
       879  9.9518183E-03 -1.3247285E-02
       880  1.0001702E-02 -1.3357051E-02
       881  1.0051836E-02 -1.3467652E-02
       882  1.0102221E-02 -1.3579094E-02
       883  1.0152858E-02 -1.3691382E-02
       884  1.0203750E-02 -1.3804521E-02
       885  1.0254896E-02 -1.3918517E-02
       886  1.0306299E-02 -1.4033375E-02
       887  1.0357960E-02 -1.4149100E-02
       888  1.0409879E-02 -1.4265697E-02
       889  1.0462059E-02 -1.4383172E-02
       890  1.0514500E-02 -1.4501530E-02
       891  1.0567204E-02 -1.4620776E-02
       892  1.0620173E-02 -1.4740916E-02
       893  1.0673407E-02 -1.4861955E-02
       894  1.0726907E-02 -1.4983898E-02
       895  1.0780676E-02 -1.5106752E-02
       896  1.0834714E-02 -1.5230520E-02
       897  1.0889024E-02 -1.5355209E-02
       898  1.0943605E-02 -1.5480823E-02
       899  1.0998460E-02 -1.5607369E-02
       900  1.1053590E-02 -1.5734852E-02
       901  1.1108997E-02 -1.5863277E-02
       902  1.1164681E-02 -1.5992650E-02
       903  1.1220644E-02 -1.6122975E-02
       904  1.1276888E-02 -1.6254259E-02
       905  1.1333413E-02 -1.6386507E-02
       906  1.1390222E-02 -1.6519725E-02
       907  1.1447316E-02 -1.6653917E-02
       908  1.1504696E-02 -1.6789089E-02
       909  1.1562363E-02 -1.6925248E-02
       910  1.1620320E-02 -1.7062398E-02
       911  1.1678567E-02 -1.7200544E-02
       912  1.1737106E-02 -1.7339693E-02
       913  1.1795939E-02 -1.7479849E-02
       914  1.1855066E-02 -1.7621019E-02
       915  1.1914490E-02 -1.7763207E-02
       916  1.1974211E-02 -1.7906420E-02
       917  1.2034232E-02 -1.8050662E-02
       918  1.2094554E-02 -1.8195940E-02
       919  1.2155178E-02 -1.8342258E-02
       920  1.2216106E-02 -1.8489622E-02
       921  1.2277340E-02 -1.8638039E-02
       922  1.2338880E-02 -1.8787512E-02
       923  1.2400729E-02 -1.8938048E-02
       924  1.2462888E-02 -1.9089652E-02
       925  1.2525359E-02 -1.9242329E-02
       926  1.2588142E-02 -1.9396086E-02
       927  1.2651241E-02 -1.9550927E-02
       928  1.2714655E-02 -1.9706858E-02
       929  1.2778388E-02 -1.9863885E-02
       930  1.2842440E-02 -2.0022013E-02
       931  1.2906813E-02 -2.0181246E-02
       932  1.2971508E-02 -2.0341592E-02
       933  1.3036528E-02 -2.0503055E-02
       934  1.3101874E-02 -2.0665640E-02
       935  1.3167547E-02 -2.0829353E-02
       936  1.3233550E-02 -2.0994200E-02
       937  1.3299884E-02 -2.1160185E-02
       938  1.3366549E-02 -2.1327314E-02
       939  1.3433550E-02 -2.1495593E-02
       940  1.3500886E-02 -2.1665026E-02
       941  1.3568559E-02 -2.1835620E-02
       942  1.3636572E-02 -2.2007378E-02
       943  1.3704925E-02 -2.2180308E-02
       944  1.3773622E-02 -2.2354413E-02
       945  1.3842662E-02 -2.2529699E-02
       946  1.3912049E-02 -2.2706171E-02
       947  1.3981783E-02 -2.2883835E-02
       948  1.4051867E-02 -2.3062695E-02
       949  1.4122302E-02 -2.3242757E-02
       950  1.4193091E-02 -2.3424026E-02
       951  1.4264234E-02 -2.3606507E-02
       952  1.4335734E-02 -2.3790205E-02
       953  1.4407592E-02 -2.3975125E-02
       954  1.4479810E-02 -2.4161272E-02
       955  1.4552391E-02 -2.4348651E-02
       956  1.4625335E-02 -2.4537267E-02
       957  1.4698645E-02 -2.4727124E-02
       958  1.4772322E-02 -2.4918229E-02
       959  1.4846368E-02 -2.5110585E-02
       960  1.4920786E-02 -2.5304198E-02
       961  1.4995577E-02 -2.5499071E-02
       962  1.5070742E-02 -2.5695211E-02
       963  1.5146285E-02 -2.5892621E-02
       964  1.5222206E-02 -2.6091307E-02
       965  1.5298508E-02 -2.6291272E-02
       966  1.5375192E-02 -2.6492522E-02
       967  1.5452260E-02 -2.6695061E-02
       968  1.5529715E-02 -2.6898894E-02
       969  1.5607558E-02 -2.7104024E-02
       970  1.5685791E-02 -2.7310456E-02
       971  1.5764416E-02 -2.7518196E-02
       972  1.5843436E-02 -2.7727246E-02
       973  1.5922852E-02 -2.7937611E-02
       974  1.6002665E-02 -2.8149296E-02
       975  1.6082879E-02 -2.8362304E-02
       976  1.6163495E-02 -2.8576640E-02
       977  1.6244514E-02 -2.8792307E-02
       978  1.6325940E-02 -2.9009310E-02
       979  1.6407775E-02 -2.9227652E-02
       980  1.6490019E-02 -2.9447337E-02
       981  1.6572675E-02 -2.9668370E-02
       982  1.6655746E-02 -2.9890753E-02
       983  1.6739234E-02 -3.0114491E-02
       984  1.6823139E-02 -3.0339586E-02
       985  1.6907466E-02 -3.0566043E-02
       986  1.6992215E-02 -3.0793865E-02
       987  1.7077389E-02 -3.1023056E-02
       988  1.7162989E-02 -3.1253618E-02
       989  1.7249019E-02 -3.1485554E-02
       990  1.7335480E-02 -3.1718869E-02
       991  1.7422375E-02 -3.1953564E-02
       992  1.7509705E-02 -3.2189644E-02
       993  1.7597472E-02 -3.2427110E-02
       994  1.7685680E-02 -3.2665966E-02
       995  1.7774330E-02 -3.2906214E-02
       996  1.7863424E-02 -3.3147857E-02
       997  1.7952965E-02 -3.3390898E-02
       998  1.8042955E-02 -3.3635339E-02
       999  1.8133395E-02 -3.3881182E-02
      1000  1.8224289E-02 -3.4128430E-02
      1001  1.8315639E-02 -3.4377085E-02
      1002  1.8407446E-02 -3.4627148E-02
      1003  1.8499714E-02 -3.4878623E-02
      1004  1.8592444E-02 -3.5131510E-02
      1005  1.8685639E-02 -3.5385811E-02
      1006  1.8779301E-02 -3.5641529E-02
      1007  1.8873433E-02 -3.5898664E-02
      1008  1.8968037E-02 -3.6157218E-02
      1009  1.9063114E-02 -3.6417193E-02
      1010  1.9158669E-02 -3.6678589E-02
      1011  1.9254702E-02 -3.6941408E-02
      1012  1.9351216E-02 -3.7205651E-02
      1013  1.9448215E-02 -3.7471318E-02
      1014  1.9545699E-02 -3.7738410E-02
      1015  1.9643673E-02 -3.8006928E-02
      1016  1.9742137E-02 -3.8276873E-02
      1017  1.9841095E-02 -3.8548244E-02
      1018  1.9940549E-02 -3.8821042E-02
      1019  2.0040501E-02 -3.9095267E-02
      1020  2.0140954E-02 -3.9370918E-02
      1021  2.0241911E-02 -3.9647997E-02
      1022  2.0343374E-02 -3.9926501E-02
      1023  2.0445346E-02 -4.0206432E-02
      1024  2.0547829E-02 -4.0487787E-02
      1025  2.0650825E-02 -4.0770567E-02
      1026  2.0754338E-02 -4.1054771E-02
      1027  2.0858369E-02 -4.1340396E-02
      1028  2.0962922E-02 -4.1627443E-02
      1029  2.1068000E-02 -4.1915910E-02
      1030  2.1173603E-02 -4.2205794E-02
      1031  2.1279736E-02 -4.2497095E-02
      1032  2.1386402E-02 -4.2789811E-02
      1033  2.1493601E-02 -4.3083939E-02
      1034  2.1601338E-02 -4.3379477E-02
      1035  2.1709616E-02 -4.3676423E-02
      1036  2.1818436E-02 -4.3974773E-02
      1037  2.1927801E-02 -4.4274527E-02
      1038  2.2037714E-02 -4.4575680E-02
      1039  2.2148179E-02 -4.4878229E-02
      1040  2.2259197E-02 -4.5182171E-02
      1041  2.2370772E-02 -4.5487503E-02
      1042  2.2482906E-02 -4.5794220E-02
      1043  2.2595602E-02 -4.6102319E-02
      1044  2.2708863E-02 -4.6411796E-02
      1045  2.2822691E-02 -4.6722647E-02
      1046  2.2937091E-02 -4.7034866E-02
      1047  2.3052063E-02 -4.7348450E-02
      1048  2.3167612E-02 -4.7663392E-02
      1049  2.3283740E-02 -4.7979690E-02
      1050  2.3400451E-02 -4.8297335E-02
      1051  2.3517746E-02 -4.8616324E-02
      1052  2.3635629E-02 -4.8936651E-02
      1053  2.3754103E-02 -4.9258309E-02
      1054  2.3873171E-02 -4.9581292E-02
      1055  2.3992836E-02 -4.9905594E-02
      1056  2.4113100E-02 -5.0231208E-02
      1057  2.4233968E-02 -5.0558126E-02
      1058  2.4355441E-02 -5.0886343E-02
      1059  2.4477523E-02 -5.1215850E-02
      1060  2.4600217E-02 -5.1546640E-02
      1061  2.4723526E-02 -5.1878704E-02
      1062  2.4847454E-02 -5.2212036E-02
      1063  2.4972002E-02 -5.2546625E-02
      1064  2.5097175E-02 -5.2882464E-02
      1065  2.5222975E-02 -5.3219543E-02
      1066  2.5349406E-02 -5.3557854E-02
      1067  2.5476470E-02 -5.3897386E-02
      1068  2.5604171E-02 -5.4238130E-02
      1069  2.5732513E-02 -5.4580077E-02
      1070  2.5861497E-02 -5.4923215E-02
      1071  2.5991129E-02 -5.5267534E-02
      1072  2.6121410E-02 -5.5613023E-02
      1073  2.6252344E-02 -5.5959672E-02
      1074  2.6383934E-02 -5.6307468E-02
      1075  2.6516184E-02 -5.6656399E-02
      1076  2.6649097E-02 -5.7006455E-02
      1077  2.6782676E-02 -5.7357622E-02
      1078  2.6916925E-02 -5.7709887E-02
      1079  2.7051847E-02 -5.8063239E-02
      1080  2.7187445E-02 -5.8417663E-02
      1081  2.7323722E-02 -5.8773145E-02
      1082  2.7460683E-02 -5.9129673E-02
      1083  2.7598330E-02 -5.9487232E-02
      1084  2.7736668E-02 -5.9845806E-02
      1085  2.7875698E-02 -6.0205382E-02
      1086  2.8015426E-02 -6.0565944E-02
      1087  2.8155854E-02 -6.0927476E-02
      1088  2.8296985E-02 -6.1289963E-02
      1089  2.8438825E-02 -6.1653389E-02
      1090  2.8581375E-02 -6.2017736E-02
      1091  2.8724640E-02 -6.2382988E-02
      1092  2.8868623E-02 -6.2749128E-02
      1093  2.9013327E-02 -6.3116137E-02
      1094  2.9158757E-02 -6.3483998E-02
      1095  2.9304916E-02 -6.3852693E-02
      1096  2.9451807E-02 -6.4222203E-02
      1097  2.9599435E-02 -6.4592508E-02
      1098  2.9747803E-02 -6.4963590E-02
      1099  2.9896914E-02 -6.5335428E-02
      1100  3.0046773E-02 -6.5708002E-02
      1101  3.0197383E-02 -6.6081292E-02
      1102  3.0348748E-02 -6.6455276E-02
      1103  3.0500872E-02 -6.6829933E-02
      1104  3.0653758E-02 -6.7205242E-02
      1105  3.0807411E-02 -6.7581180E-02
      1106  3.0961834E-02 -6.7957724E-02
      1107  3.1117031E-02 -6.8334852E-02
      1108  3.1273005E-02 -6.8712540E-02
      1109  3.1429762E-02 -6.9090765E-02
      1110  3.1587304E-02 -6.9469502E-02
      1111  3.1745636E-02 -6.9848726E-02
      1112  3.1904762E-02 -7.0228412E-02
      1113  3.2064685E-02 -7.0608536E-02
      1114  3.2225410E-02 -7.0989070E-02
      1115  3.2386941E-02 -7.1369989E-02
      1116  3.2549281E-02 -7.1751266E-02
      1117  3.2712435E-02 -7.2132874E-02
      1118  3.2876407E-02 -7.2514785E-02
      1119  3.3041200E-02 -7.2896971E-02
      1120  3.3206820E-02 -7.3279403E-02
      1121  3.3373270E-02 -7.3662052E-02
      1122  3.3540554E-02 -7.4044889E-02
      1123  3.3708677E-02 -7.4427884E-02
      1124  3.3877642E-02 -7.4811007E-02
      1125  3.4047455E-02 -7.5194226E-02
      1126  3.4218118E-02 -7.5577511E-02
      1127  3.4389637E-02 -7.5960830E-02
      1128  3.4562016E-02 -7.6344150E-02
      1129  3.4735259E-02 -7.6727439E-02
      1130  3.4909370E-02 -7.7110663E-02
      1131  3.5084354E-02 -7.7493789E-02
      1132  3.5260215E-02 -7.7876783E-02
      1133  3.5436958E-02 -7.8259609E-02
      1134  3.5614586E-02 -7.8642234E-02
      1135  3.5793105E-02 -7.9024621E-02
      1136  3.5972519E-02 -7.9406734E-02
      1137  3.6152832E-02 -7.9788536E-02
      1138  3.6334049E-02 -8.0169991E-02
      1139  3.6516174E-02 -8.0551060E-02
      1140  3.6699212E-02 -8.0931706E-02
      1141  3.6883167E-02 -8.1311890E-02
      1142  3.7068045E-02 -8.1691572E-02
      1143  3.7253849E-02 -8.2070714E-02
      1144  3.7440585E-02 -8.2449275E-02
      1145  3.7628257E-02 -8.2827214E-02
      1146  3.7816869E-02 -8.3204490E-02
      1147  3.8006427E-02 -8.3581061E-02
      1148  3.8196935E-02 -8.3956885E-02
      1149  3.8388398E-02 -8.4331919E-02
      1150  3.8580821E-02 -8.4706121E-02
      1151  3.8774208E-02 -8.5079445E-02
      1152  3.8968564E-02 -8.5451848E-02
      1153  3.9163895E-02 -8.5823285E-02
      1154  3.9360205E-02 -8.6193710E-02
      1155  3.9557499E-02 -8.6563077E-02
      1156  3.9755782E-02 -8.6931340E-02
      1157  3.9955058E-02 -8.7298452E-02
      1158  4.0155334E-02 -8.7664365E-02
      1159  4.0356613E-02 -8.8029031E-02
      1160  4.0558902E-02 -8.8392401E-02
      1161  4.0762204E-02 -8.8754426E-02
      1162  4.0966525E-02 -8.9115056E-02
      1163  4.1171871E-02 -8.9474242E-02
      1164  4.1378246E-02 -8.9831931E-02
      1165  4.1585655E-02 -9.0188073E-02
      1166  4.1794104E-02 -9.0542616E-02
      1167  4.2003598E-02 -9.0895507E-02
      1168  4.2214142E-02 -9.1246692E-02
      1169  4.2425741E-02 -9.1596120E-02
      1170  4.2638401E-02 -9.1943734E-02
      1171  4.2852127E-02 -9.2289481E-02
      1172  4.3066924E-02 -9.2633305E-02
      1173  4.3282798E-02 -9.2975151E-02
      1174  4.3499754E-02 -9.3314961E-02
      1175  4.3717797E-02 -9.3652680E-02
      1176  4.3936934E-02 -9.3988249E-02
      1177  4.4157168E-02 -9.4321611E-02
      1178  4.4378507E-02 -9.4652706E-02
      1179  4.4600955E-02 -9.4981477E-02
      1180  4.4824519E-02 -9.5307862E-02
      1181  4.5049202E-02 -9.5631803E-02
      1182  4.5275012E-02 -9.5953237E-02
      1183  4.5501954E-02 -9.6272104E-02
      1184  4.5730034E-02 -9.6588343E-02
      1185  4.5959257E-02 -9.6901889E-02
      1186  4.6189628E-02 -9.7212681E-02
      1187  4.6421155E-02 -9.7520656E-02
      1188  4.6653842E-02 -9.7825748E-02
      1189  4.6887695E-02 -9.8127894E-02
      1190  4.7122721E-02 -9.8427028E-02
      1191  4.7358924E-02 -9.8723085E-02
      1192  4.7596312E-02 -9.9015999E-02
      1193  4.7834889E-02 -9.9305702E-02
      1194  4.8074663E-02 -9.9592128E-02
      1195  4.8315638E-02 -9.9875210E-02
      1196  4.8557821E-02 -1.0015488E-01
      1197  4.8801218E-02 -1.0043106E-01
      1198  4.9045835E-02 -1.0070370E-01
      1199  4.9291679E-02 -1.0097271E-01
      1200  4.9538754E-02 -1.0123804E-01
      1201  4.9787068E-02 -1.0149960E-01
      1202  5.0036627E-02 -1.0175733E-01
      1203  5.0287437E-02 -1.0201115E-01
      1204  5.0539504E-02 -1.0226100E-01
      1205  5.0792834E-02 -1.0250679E-01
      1206  5.1047434E-02 -1.0274847E-01
      1207  5.1303310E-02 -1.0298594E-01
      1208  5.1560469E-02 -1.0321915E-01
      1209  5.1818917E-02 -1.0344801E-01
      1210  5.2078661E-02 -1.0367245E-01
      1211  5.2339706E-02 -1.0389240E-01
      1212  5.2602060E-02 -1.0410778E-01
      1213  5.2865729E-02 -1.0431850E-01
      1214  5.3130719E-02 -1.0452451E-01
      1215  5.3397038E-02 -1.0472571E-01
      1216  5.3664692E-02 -1.0492203E-01
      1217  5.3933687E-02 -1.0511340E-01
      1218  5.4204031E-02 -1.0529973E-01
      1219  5.4475730E-02 -1.0548095E-01
      1220  5.4748791E-02 -1.0565698E-01
      1221  5.5023220E-02 -1.0582773E-01
      1222  5.5299025E-02 -1.0599313E-01
      1223  5.5576213E-02 -1.0615310E-01
      1224  5.5854790E-02 -1.0630756E-01
      1225  5.6134763E-02 -1.0645642E-01
      1226  5.6416140E-02 -1.0659961E-01
      1227  5.6698927E-02 -1.0673704E-01
      1228  5.6983131E-02 -1.0686864E-01
      1229  5.7268760E-02 -1.0699431E-01
      1230  5.7555821E-02 -1.0711398E-01
      1231  5.7844321E-02 -1.0722757E-01
      1232  5.8134267E-02 -1.0733499E-01
      1233  5.8425666E-02 -1.0743616E-01
      1234  5.8718526E-02 -1.0753100E-01
      1235  5.9012854E-02 -1.0761942E-01
      1236  5.9308657E-02 -1.0770134E-01
      1237  5.9605943E-02 -1.0777667E-01
      1238  5.9904719E-02 -1.0784534E-01
      1239  6.0204992E-02 -1.0790725E-01
      1240  6.0506771E-02 -1.0796233E-01
      1241  6.0810063E-02 -1.0801048E-01
      1242  6.1114874E-02 -1.0805162E-01
      1243  6.1421214E-02 -1.0808568E-01
      1244  6.1729089E-02 -1.0811255E-01
      1245  6.2038507E-02 -1.0813217E-01
      1246  6.2349477E-02 -1.0814444E-01
      1247  6.2662005E-02 -1.0814927E-01
      1248  6.2976099E-02 -1.0814659E-01
      1249  6.3291768E-02 -1.0813631E-01
      1250  6.3609020E-02 -1.0811834E-01
      1251  6.3927861E-02 -1.0809260E-01
      1252  6.4248301E-02 -1.0805900E-01
      1253  6.4570347E-02 -1.0801746E-01
      1254  6.4894007E-02 -1.0796789E-01
      1255  6.5219290E-02 -1.0791021E-01
      1256  6.5546203E-02 -1.0784433E-01
      1257  6.5874754E-02 -1.0777016E-01
      1258  6.6204953E-02 -1.0768763E-01
      1259  6.6536807E-02 -1.0759665E-01
      1260  6.6870324E-02 -1.0749714E-01
      1261  6.7205513E-02 -1.0738900E-01
      1262  6.7542382E-02 -1.0727216E-01
      1263  6.7880939E-02 -1.0714654E-01
      1264  6.8221194E-02 -1.0701204E-01
      1265  6.8563154E-02 -1.0686859E-01
      1266  6.8906828E-02 -1.0671610E-01
      1267  6.9252225E-02 -1.0655450E-01
      1268  6.9599354E-02 -1.0638369E-01
      1269  6.9948222E-02 -1.0620360E-01
      1270  7.0298839E-02 -1.0601415E-01
      1271  7.0651213E-02 -1.0581525E-01
      1272  7.1005354E-02 -1.0560682E-01
      1273  7.1361270E-02 -1.0538879E-01
      1274  7.1718969E-02 -1.0516107E-01
      1275  7.2078462E-02 -1.0492359E-01
      1276  7.2439757E-02 -1.0467626E-01
      1277  7.2802863E-02 -1.0441901E-01
      1278  7.3167789E-02 -1.0415177E-01
      1279  7.3534544E-02 -1.0387444E-01
      1280  7.3903137E-02 -1.0358696E-01
      1281  7.4273578E-02 -1.0328926E-01
      1282  7.4645876E-02 -1.0298125E-01
      1283  7.5020040E-02 -1.0266286E-01
      1284  7.5396080E-02 -1.0233403E-01
      1285  7.5774004E-02 -1.0199466E-01
      1286  7.6153823E-02 -1.0164470E-01
      1287  7.6535545E-02 -1.0128408E-01
      1288  7.6919181E-02 -1.0091271E-01
      1289  7.7304740E-02 -1.0053054E-01
      1290  7.7692232E-02 -1.0013749E-01
      1291  7.8081666E-02 -9.9733494E-02
      1292  7.8473052E-02 -9.9318488E-02
      1293  7.8866400E-02 -9.8892405E-02
      1294  7.9261719E-02 -9.8455180E-02
      1295  7.9659020E-02 -9.8006748E-02
      1296  8.0058313E-02 -9.7547047E-02
      1297  8.0459607E-02 -9.7076016E-02
      1298  8.0862912E-02 -9.6593592E-02
      1299  8.1268239E-02 -9.6099718E-02
      1300  8.1675598E-02 -9.5594334E-02
      1301  8.2084999E-02 -9.5077383E-02
      1302  8.2496451E-02 -9.4548810E-02
      1303  8.2909967E-02 -9.4008560E-02
      1304  8.3325555E-02 -9.3456579E-02
      1305  8.3743226E-02 -9.2892815E-02
      1306  8.4162990E-02 -9.2317217E-02
      1307  8.4584859E-02 -9.1729738E-02
      1308  8.5008842E-02 -9.1130327E-02
      1309  8.5434951E-02 -9.0518940E-02
      1310  8.5863195E-02 -8.9895530E-02
      1311  8.6293586E-02 -8.9260055E-02
      1312  8.6726135E-02 -8.8612473E-02
      1313  8.7160851E-02 -8.7952743E-02
      1314  8.7597747E-02 -8.7280827E-02
      1315  8.8036833E-02 -8.6596687E-02
      1316  8.8478119E-02 -8.5900288E-02
      1317  8.8921617E-02 -8.5191598E-02
      1318  8.9367339E-02 -8.4470582E-02
      1319  8.9815295E-02 -8.3737213E-02
      1320  9.0265496E-02 -8.2991460E-02
      1321  9.0717953E-02 -8.2233298E-02
      1322  9.1172679E-02 -8.1462702E-02
      1323  9.1629684E-02 -8.0679650E-02
      1324  9.2088980E-02 -7.9884120E-02
      1325  9.2550578E-02 -7.9076094E-02
      1326  9.3014489E-02 -7.8255555E-02
      1327  9.3480726E-02 -7.7422489E-02
      1328  9.3949300E-02 -7.6576882E-02
      1329  9.4420223E-02 -7.5718724E-02
      1330  9.4893507E-02 -7.4848007E-02
      1331  9.5369162E-02 -7.3964725E-02
      1332  9.5847202E-02 -7.3068873E-02
      1333  9.6327638E-02 -7.2160451E-02
      1334  9.6810483E-02 -7.1239457E-02
      1335  9.7295747E-02 -7.0305896E-02
      1336  9.7783444E-02 -6.9359773E-02
      1337  9.8273586E-02 -6.8401095E-02
      1338  9.8766184E-02 -6.7429872E-02
      1339  9.9261252E-02 -6.6446116E-02
      1340  9.9758801E-02 -6.5449844E-02
      1341  1.0025884E-01 -6.4441071E-02
      1342  1.0076139E-01 -6.3419818E-02
      1343  1.0126646E-01 -6.2386108E-02
      1344  1.0177406E-01 -6.1339966E-02
      1345  1.0228421E-01 -6.0281420E-02
      1346  1.0279691E-01 -5.9210500E-02
      1347  1.0331218E-01 -5.8127239E-02
      1348  1.0383003E-01 -5.7031675E-02
      1349  1.0435048E-01 -5.5923844E-02
      1350  1.0487354E-01 -5.4803789E-02
      1351  1.0539922E-01 -5.3671555E-02
      1352  1.0592754E-01 -5.2527189E-02
      1353  1.0645850E-01 -5.1370740E-02
      1354  1.0699213E-01 -5.0202262E-02
      1355  1.0752843E-01 -4.9021811E-02
      1356  1.0806742E-01 -4.7829447E-02
      1357  1.0860911E-01 -4.6625230E-02
      1358  1.0915351E-01 -4.5409227E-02
      1359  1.0970065E-01 -4.4181505E-02
      1360  1.1025053E-01 -4.2942137E-02
      1361  1.1080316E-01 -4.1691195E-02
      1362  1.1135856E-01 -4.0428759E-02
      1363  1.1191675E-01 -3.9154908E-02
      1364  1.1247773E-01 -3.7869728E-02
      1365  1.1304153E-01 -3.6573304E-02
      1366  1.1360815E-01 -3.5265727E-02
      1367  1.1417762E-01 -3.3947092E-02
      1368  1.1474993E-01 -3.2617496E-02
      1369  1.1532512E-01 -3.1277038E-02
      1370  1.1590319E-01 -2.9925824E-02
      1371  1.1648416E-01 -2.8563959E-02
      1372  1.1706804E-01 -2.7191555E-02
      1373  1.1765484E-01 -2.5808725E-02
      1374  1.1824459E-01 -2.4415587E-02
      1375  1.1883729E-01 -2.3012263E-02
      1376  1.1943297E-01 -2.1598876E-02
      1377  1.2003163E-01 -2.0175555E-02
      1378  1.2063329E-01 -1.8742430E-02
      1379  1.2123797E-01 -1.7299638E-02
      1380  1.2184567E-01 -1.5847316E-02
      1381  1.2245643E-01 -1.4385606E-02
      1382  1.2307024E-01 -1.2914656E-02
      1383  1.2368714E-01 -1.1434612E-02
      1384  1.2430712E-01 -9.9456303E-03
      1385  1.2493021E-01 -8.4478654E-03
      1386  1.2555643E-01 -6.9414781E-03
      1387  1.2618578E-01 -5.4266324E-03
      1388  1.2681829E-01 -3.9034957E-03
      1389  1.2745397E-01 -2.3722394E-03
      1390  1.2809284E-01 -8.3303823E-04
      1391  1.2873490E-01  7.1392908E-04
      1392  1.2938019E-01  2.2684802E-03
      1393  1.3002871E-01  3.8304293E-03
      1394  1.3068048E-01  5.3995865E-03
      1395  1.3133552E-01  6.9757585E-03
      1396  1.3199384E-01  8.5587481E-03
      1397  1.3265547E-01  1.0148354E-02
      1398  1.3332040E-01  1.1744373E-02
      1399  1.3398867E-01  1.3346596E-02
      1400  1.3466030E-01  1.4954810E-02
      1401  1.3533528E-01  1.6568801E-02
      1402  1.3601365E-01  1.8188349E-02
      1403  1.3669543E-01  1.9813231E-02
      1404  1.3738061E-01  2.1443220E-02
      1405  1.3806924E-01  2.3078086E-02
      1406  1.3876131E-01  2.4717594E-02
      1407  1.3945686E-01  2.6361507E-02
      1408  1.4015589E-01  2.8009583E-02
      1409  1.4085842E-01  2.9661577E-02
      1410  1.4156448E-01  3.1317241E-02
      1411  1.4227407E-01  3.2976322E-02
      1412  1.4298722E-01  3.4638564E-02
      1413  1.4370395E-01  3.6303708E-02
      1414  1.4442427E-01  3.7971491E-02
      1415  1.4514820E-01  3.9641645E-02
      1416  1.4587576E-01  4.1313901E-02
      1417  1.4660696E-01  4.2987986E-02
      1418  1.4734183E-01  4.4663621E-02
      1419  1.4808039E-01  4.6340527E-02
      1420  1.4882264E-01  4.8018419E-02
      1421  1.4956862E-01  4.9697011E-02
      1422  1.5031834E-01  5.1376011E-02
      1423  1.5107181E-01  5.3055124E-02
      1424  1.5182906E-01  5.4734055E-02
      1425  1.5259011E-01  5.6412501E-02
      1426  1.5335497E-01  5.8090160E-02
      1427  1.5412366E-01  5.9766723E-02
      1428  1.5489621E-01  6.1441881E-02
      1429  1.5567263E-01  6.3115320E-02
      1430  1.5645294E-01  6.4786724E-02
      1431  1.5723717E-01  6.6455772E-02
      1432  1.5802532E-01  6.8122143E-02
      1433  1.5881743E-01  6.9785510E-02
      1434  1.5961350E-01  7.1445546E-02
      1435  1.6041357E-01  7.3101918E-02
      1436  1.6121764E-01  7.4754293E-02
      1437  1.6202575E-01  7.6402333E-02
      1438  1.6283791E-01  7.8045699E-02
      1439  1.6365414E-01  7.9684049E-02
      1440  1.6447446E-01  8.1317036E-02
      1441  1.6529889E-01  8.2944314E-02
      1442  1.6612745E-01  8.4565533E-02
      1443  1.6696017E-01  8.6180339E-02
      1444  1.6779706E-01  8.7788379E-02
      1445  1.6863815E-01  8.9389294E-02
      1446  1.6948345E-01  9.0982725E-02
      1447  1.7033299E-01  9.2568310E-02
      1448  1.7118679E-01  9.4145685E-02
      1449  1.7204486E-01  9.5714484E-02
      1450  1.7290724E-01  9.7274339E-02
      1451  1.7377394E-01  9.8824881E-02
      1452  1.7464499E-01  1.0036574E-01
      1453  1.7552040E-01  1.0189653E-01
      1454  1.7640020E-01  1.0341689E-01
      1455  1.7728441E-01  1.0492644E-01
      1456  1.7817305E-01  1.0642480E-01
      1457  1.7906615E-01  1.0791159E-01
      1458  1.7996372E-01  1.0938642E-01
      1459  1.8086579E-01  1.1084892E-01
      1460  1.8177239E-01  1.1229870E-01
      1461  1.8268352E-01  1.1373538E-01
      1462  1.8359923E-01  1.1515857E-01
      1463  1.8451952E-01  1.1656788E-01
      1464  1.8544443E-01  1.1796292E-01
      1465  1.8637398E-01  1.1934331E-01
      1466  1.8730818E-01  1.2070866E-01
      1467  1.8824707E-01  1.2205857E-01
      1468  1.8919066E-01  1.2339265E-01
      1469  1.9013898E-01  1.2471052E-01
      1470  1.9109206E-01  1.2601179E-01
      1471  1.9204991E-01  1.2729605E-01
      1472  1.9301256E-01  1.2856293E-01
      1473  1.9398004E-01  1.2981203E-01
      1474  1.9495237E-01  1.3104295E-01
      1475  1.9592957E-01  1.3225531E-01
      1476  1.9691168E-01  1.3344872E-01
      1477  1.9789870E-01  1.3462278E-01
      1478  1.9889067E-01  1.3577711E-01
      1479  1.9988761E-01  1.3691132E-01
      1480  2.0088955E-01  1.3802502E-01
      1481  2.0189652E-01  1.3911782E-01
      1482  2.0290853E-01  1.4018934E-01
      1483  2.0392561E-01  1.4123920E-01
      1484  2.0494779E-01  1.4226700E-01
      1485  2.0597510E-01  1.4327237E-01
      1486  2.0700755E-01  1.4425493E-01
      1487  2.0804518E-01  1.4521430E-01
      1488  2.0908801E-01  1.4615010E-01
      1489  2.1013607E-01  1.4706196E-01
      1490  2.1118938E-01  1.4794951E-01
      1491  2.1224797E-01  1.4881237E-01
      1492  2.1331187E-01  1.4965017E-01
      1493  2.1438110E-01  1.5046256E-01
      1494  2.1545569E-01  1.5124916E-01
      1495  2.1653567E-01  1.5200962E-01
      1496  2.1762106E-01  1.5274358E-01
      1497  2.1871189E-01  1.5345069E-01
      1498  2.1980818E-01  1.5413058E-01
      1499  2.2090998E-01  1.5478293E-01
      1500  2.2201729E-01  1.5540737E-01
      1501  2.2313016E-01  1.5600357E-01
      1502  2.2424860E-01  1.5657119E-01
      1503  2.2537266E-01  1.5710990E-01
      1504  2.2650234E-01  1.5761936E-01
      1505  2.2763769E-01  1.5809926E-01
      1506  2.2877873E-01  1.5854926E-01
      1507  2.2992549E-01  1.5896905E-01
      1508  2.3107799E-01  1.5935832E-01
      1509  2.3223627E-01  1.5971676E-01
      1510  2.3340036E-01  1.6004406E-01
      1511  2.3457029E-01  1.6033992E-01
      1512  2.3574608E-01  1.6060406E-01
      1513  2.3692776E-01  1.6083617E-01
      1514  2.3811536E-01  1.6103598E-01
      1515  2.3930892E-01  1.6120321E-01
      1516  2.4050846E-01  1.6133759E-01
      1517  2.4171402E-01  1.6143884E-01
      1518  2.4292561E-01  1.6150671E-01
      1519  2.4414328E-01  1.6154093E-01
      1520  2.4536706E-01  1.6154127E-01
      1521  2.4659696E-01  1.6150747E-01
      1522  2.4783304E-01  1.6143930E-01
      1523  2.4907530E-01  1.6133652E-01
      1524  2.5032380E-01  1.6119892E-01
      1525  2.5157855E-01  1.6102627E-01
      1526  2.5283960E-01  1.6081837E-01
      1527  2.5410696E-01  1.6057500E-01
      1528  2.5538068E-01  1.6029597E-01
      1529  2.5666078E-01  1.5998110E-01
      1530  2.5794729E-01  1.5963019E-01
      1531  2.5924026E-01  1.5924308E-01
      1532  2.6053971E-01  1.5881959E-01
      1533  2.6184567E-01  1.5835957E-01
      1534  2.6315818E-01  1.5786286E-01
      1535  2.6447726E-01  1.5732932E-01
      1536  2.6580296E-01  1.5675881E-01
      1537  2.6713530E-01  1.5615120E-01
      1538  2.6847432E-01  1.5550638E-01
      1539  2.6982006E-01  1.5482423E-01
      1540  2.7117254E-01  1.5410464E-01
      1541  2.7253179E-01  1.5334754E-01
      1542  2.7389786E-01  1.5255281E-01
      1543  2.7527078E-01  1.5172040E-01
      1544  2.7665058E-01  1.5085023E-01
      1545  2.7803730E-01  1.4994224E-01
      1546  2.7943097E-01  1.4899639E-01
      1547  2.8083162E-01  1.4801263E-01
      1548  2.8223930E-01  1.4699092E-01
      1549  2.8365403E-01  1.4593126E-01
      1550  2.8507585E-01  1.4483362E-01
      1551  2.8650480E-01  1.4369800E-01
      1552  2.8794091E-01  1.4252441E-01
      1553  2.8938422E-01  1.4131286E-01
      1554  2.9083476E-01  1.4006338E-01
      1555  2.9229258E-01  1.3877601E-01
      1556  2.9375770E-01  1.3745079E-01
      1557  2.9523017E-01  1.3608778E-01
      1558  2.9671001E-01  1.3468705E-01
      1559  2.9819728E-01  1.3324866E-01
      1560  2.9969200E-01  1.3177272E-01
      1561  3.0119421E-01  1.3025931E-01
      1562  3.0270395E-01  1.2870854E-01
      1563  3.0422126E-01  1.2712053E-01
      1564  3.0574618E-01  1.2549541E-01
      1565  3.0727874E-01  1.2383332E-01
      1566  3.0881898E-01  1.2213441E-01
      1567  3.1036694E-01  1.2039884E-01
      1568  3.1192266E-01  1.1862679E-01
      1569  3.1348618E-01  1.1681842E-01
      1570  3.1505754E-01  1.1497394E-01
      1571  3.1663677E-01  1.1309356E-01
      1572  3.1822392E-01  1.1117748E-01
      1573  3.1981902E-01  1.0922593E-01
      1574  3.2142212E-01  1.0723916E-01
      1575  3.2303326E-01  1.0521740E-01
      1576  3.2465247E-01  1.0316092E-01
      1577  3.2627979E-01  1.0106999E-01
      1578  3.2791528E-01  9.8944887E-02
      1579  3.2955896E-01  9.6785907E-02
      1580  3.3121088E-01  9.4593354E-02
      1581  3.3287108E-01  9.2367542E-02
      1582  3.3453961E-01  9.0108798E-02
      1583  3.3621649E-01  8.7817459E-02
      1584  3.3790179E-01  8.5493873E-02
      1585  3.3959553E-01  8.3138399E-02
      1586  3.4129776E-01  8.0751410E-02
      1587  3.4300852E-01  7.8333286E-02
      1588  3.4472785E-01  7.5884421E-02
      1589  3.4645581E-01  7.3405219E-02
      1590  3.4819243E-01  7.0896095E-02
      1591  3.4993775E-01  6.8357475E-02
      1592  3.5169182E-01  6.5789796E-02
      1593  3.5345468E-01  6.3193506E-02
      1594  3.5522638E-01  6.0569065E-02
      1595  3.5700696E-01  5.7916942E-02
      1596  3.5879647E-01  5.5237619E-02
      1597  3.6059494E-01  5.2531586E-02
      1598  3.6240243E-01  4.9799345E-02
      1599  3.6421898E-01  4.7041410E-02
      1600  3.6604463E-01  4.4258304E-02
      1601  3.6787944E-01  4.1450560E-02
      1602  3.6972344E-01  3.8618724E-02
      1603  3.7157669E-01  3.5763349E-02
      1604  3.7343923E-01  3.2885000E-02
      1605  3.7531110E-01  2.9984253E-02
      1606  3.7719235E-01  2.7061691E-02
      1607  3.7908304E-01  2.4117912E-02
      1608  3.8098320E-01  2.1153518E-02
      1609  3.8289289E-01  1.8169125E-02
      1610  3.8481214E-01  1.5165357E-02
      1611  3.8674102E-01  1.2142848E-02
      1612  3.8867957E-01  9.1022409E-03
      1613  3.9062784E-01  6.0441876E-03
      1614  3.9258587E-01  2.9693499E-03
      1615  3.9455371E-01 -1.2160179E-04
      1616  3.9653142E-01 -3.2279880E-03
      1617  3.9851904E-01 -6.3491209E-03
      1618  4.0051663E-01 -9.4843039E-03
      1619  4.0252422E-01 -1.2632832E-02
      1620  4.0454189E-01 -1.5793992E-02
      1621  4.0656966E-01 -1.8967063E-02
      1622  4.0860760E-01 -2.2151316E-02
      1623  4.1065575E-01 -2.5346013E-02
      1624  4.1271417E-01 -2.8550410E-02
      1625  4.1478291E-01 -3.1763756E-02
      1626  4.1686202E-01 -3.4985292E-02
      1627  4.1895155E-01 -3.8214251E-02
      1628  4.2105155E-01 -4.1449861E-02
      1629  4.2316208E-01 -4.4691343E-02
      1630  4.2528319E-01 -4.7937910E-02
      1631  4.2741493E-01 -5.1188771E-02
      1632  4.2955736E-01 -5.4443128E-02
      1633  4.3171052E-01 -5.7700178E-02
      1634  4.3387448E-01 -6.0959110E-02
      1635  4.3604929E-01 -6.4219111E-02
      1636  4.3823499E-01 -6.7479360E-02
      1637  4.4043165E-01 -7.0739034E-02
      1638  4.4263933E-01 -7.3997303E-02
      1639  4.4485807E-01 -7.7253333E-02
      1640  4.4708793E-01 -8.0506287E-02
      1641  4.4932896E-01 -8.3755322E-02
      1642  4.5158123E-01 -8.6999595E-02
      1643  4.5384480E-01 -9.0238255E-02
      1644  4.5611970E-01 -9.3470450E-02
      1645  4.5840601E-01 -9.6695327E-02
      1646  4.6070378E-01 -9.9912026E-02
      1647  4.6301307E-01 -1.0311969E-01
      1648  4.6533393E-01 -1.0631745E-01
      1649  4.6766643E-01 -1.0950445E-01
      1650  4.7001061E-01 -1.1267982E-01
      1651  4.7236655E-01 -1.1584269E-01
      1652  4.7473430E-01 -1.1899220E-01
      1653  4.7711392E-01 -1.2212747E-01
      1654  4.7950546E-01 -1.2524764E-01
      1655  4.8190899E-01 -1.2835183E-01
      1656  4.8432457E-01 -1.3143918E-01
      1657  4.8675226E-01 -1.3450881E-01
      1658  4.8919211E-01 -1.3755985E-01
      1659  4.9164420E-01 -1.4059143E-01
      1660  4.9410857E-01 -1.4360269E-01
      1661  4.9658530E-01 -1.4659275E-01
      1662  4.9907445E-01 -1.4956076E-01
      1663  5.0157607E-01 -1.5250584E-01
      1664  5.0409023E-01 -1.5542712E-01
      1665  5.0661699E-01 -1.5832376E-01
      1666  5.0915642E-01 -1.6119489E-01
      1667  5.1170858E-01 -1.6403964E-01
      1668  5.1427353E-01 -1.6685718E-01
      1669  5.1685133E-01 -1.6964663E-01
      1670  5.1944206E-01 -1.7240716E-01
      1671  5.2204578E-01 -1.7513792E-01
      1672  5.2466254E-01 -1.7783807E-01
      1673  5.2729242E-01 -1.8050676E-01
      1674  5.2993549E-01 -1.8314316E-01
      1675  5.3259180E-01 -1.8574643E-01
      1676  5.3526143E-01 -1.8831575E-01
      1677  5.3794444E-01 -1.9085029E-01
      1678  5.4064090E-01 -1.9334923E-01
      1679  5.4335087E-01 -1.9581175E-01
      1680  5.4607443E-01 -1.9823706E-01
      1681  5.4881164E-01 -2.0062432E-01
      1682  5.5156257E-01 -2.0297276E-01
      1683  5.5432728E-01 -2.0528157E-01
      1684  5.5710586E-01 -2.0754996E-01
      1685  5.5989837E-01 -2.0977715E-01
      1686  5.6270487E-01 -2.1196236E-01
      1687  5.6552544E-01 -2.1410483E-01
      1688  5.6836015E-01 -2.1620379E-01
      1689  5.7120906E-01 -2.1825848E-01
      1690  5.7407226E-01 -2.2026817E-01
      1691  5.7694981E-01 -2.2223210E-01
      1692  5.7984178E-01 -2.2414956E-01
      1693  5.8274825E-01 -2.2601983E-01
      1694  5.8566929E-01 -2.2784219E-01
      1695  5.8860497E-01 -2.2961594E-01
      1696  5.9155536E-01 -2.3134040E-01
      1697  5.9452055E-01 -2.3301488E-01
      1698  5.9750059E-01 -2.3463873E-01
      1699  6.0049558E-01 -2.3621127E-01
      1700  6.0350558E-01 -2.3773188E-01
      1701  6.0653066E-01 -2.3919992E-01
      1702  6.0957091E-01 -2.4061478E-01
      1703  6.1262639E-01 -2.4197583E-01
      1704  6.1569720E-01 -2.4328250E-01
      1705  6.1878339E-01 -2.4453421E-01
      1706  6.2188506E-01 -2.4573038E-01
      1707  6.2500227E-01 -2.4687046E-01
      1708  6.2813511E-01 -2.4795392E-01
      1709  6.3128365E-01 -2.4898024E-01
      1710  6.3444797E-01 -2.4994890E-01
      1711  6.3762815E-01 -2.5085940E-01
      1712  6.4082428E-01 -2.5171127E-01
      1713  6.4403642E-01 -2.5250405E-01
      1714  6.4726467E-01 -2.5323727E-01
      1715  6.5050909E-01 -2.5391050E-01
      1716  6.5376979E-01 -2.5452333E-01
      1717  6.5704682E-01 -2.5507535E-01
      1718  6.6034028E-01 -2.5556616E-01
      1719  6.6365025E-01 -2.5599539E-01
      1720  6.6697681E-01 -2.5636269E-01
      1721  6.7032005E-01 -2.5666770E-01
      1722  6.7368004E-01 -2.5691011E-01
      1723  6.7705687E-01 -2.5708960E-01
      1724  6.8045064E-01 -2.5720587E-01
      1725  6.8386141E-01 -2.5725865E-01
      1726  6.8728928E-01 -2.5724768E-01
      1727  6.9073433E-01 -2.5717270E-01
      1728  6.9419665E-01 -2.5703349E-01
      1729  6.9767633E-01 -2.5682983E-01
      1730  7.0117344E-01 -2.5656153E-01
      1731  7.0468809E-01 -2.5622841E-01
      1732  7.0822035E-01 -2.5583030E-01
      1733  7.1177032E-01 -2.5536705E-01
      1734  7.1533809E-01 -2.5483854E-01
      1735  7.1892373E-01 -2.5424466E-01
      1736  7.2252735E-01 -2.5358530E-01
      1737  7.2614904E-01 -2.5286038E-01
      1738  7.2978887E-01 -2.5206985E-01
      1739  7.3344696E-01 -2.5121366E-01
      1740  7.3712337E-01 -2.5029178E-01
      1741  7.4081822E-01 -2.4930420E-01
      1742  7.4453159E-01 -2.4825092E-01
      1743  7.4826357E-01 -2.4713197E-01
      1744  7.5201425E-01 -2.4594738E-01
      1745  7.5578374E-01 -2.4469722E-01
      1746  7.5957212E-01 -2.4338154E-01
      1747  7.6337949E-01 -2.4200045E-01
      1748  7.6720595E-01 -2.4055405E-01
      1749  7.7105159E-01 -2.3904247E-01
      1750  7.7491650E-01 -2.3746583E-01
      1751  7.7880078E-01 -2.3582430E-01
      1752  7.8270454E-01 -2.3411806E-01
      1753  7.8662786E-01 -2.3234728E-01
      1754  7.9057085E-01 -2.3051218E-01
      1755  7.9453360E-01 -2.2861298E-01
      1756  7.9851622E-01 -2.2664992E-01
      1757  8.0251880E-01 -2.2462324E-01
      1758  8.0654144E-01 -2.2253322E-01
      1759  8.1058425E-01 -2.2038015E-01
      1760  8.1464732E-01 -2.1816432E-01
      1761  8.1873075E-01 -2.1588605E-01
      1762  8.2283466E-01 -2.1354568E-01
      1763  8.2695913E-01 -2.1114354E-01
      1764  8.3110428E-01 -2.0868001E-01
      1765  8.3527021E-01 -2.0615546E-01
      1766  8.3945702E-01 -2.0357027E-01
      1767  8.4366482E-01 -2.0092486E-01
      1768  8.4789370E-01 -1.9821965E-01
      1769  8.5214379E-01 -1.9545507E-01
      1770  8.5641518E-01 -1.9263157E-01
      1771  8.6070798E-01 -1.8974961E-01
      1772  8.6502229E-01 -1.8680967E-01
      1773  8.6935824E-01 -1.8381223E-01
      1774  8.7371591E-01 -1.8075780E-01
      1775  8.7809543E-01 -1.7764690E-01
      1776  8.8249690E-01 -1.7448005E-01
      1777  8.8692044E-01 -1.7125779E-01
      1778  8.9136614E-01 -1.6798068E-01
      1779  8.9583414E-01 -1.6464927E-01
      1780  9.0032452E-01 -1.6126416E-01
      1781  9.0483742E-01 -1.5782592E-01
      1782  9.0937293E-01 -1.5433516E-01
      1783  9.1393119E-01 -1.5079248E-01
      1784  9.1851228E-01 -1.4719852E-01
      1785  9.2311635E-01 -1.4355390E-01
      1786  9.2774349E-01 -1.3985926E-01
      1787  9.3239382E-01 -1.3611527E-01
      1788  9.3706746E-01 -1.3232257E-01
      1789  9.4176453E-01 -1.2848186E-01
      1790  9.4648515E-01 -1.2459380E-01
      1791  9.5122942E-01 -1.2065910E-01
      1792  9.5599748E-01 -1.1667845E-01
      1793  9.6078944E-01 -1.1265256E-01
      1794  9.6560542E-01 -1.0858216E-01
      1795  9.7044553E-01 -1.0446796E-01
      1796  9.7530991E-01 -1.0031072E-01
      1797  9.8019867E-01 -9.6111155E-02
      1798  9.8511194E-01 -9.1870032E-02
      1799  9.9004983E-01 -8.7588104E-02
      1800  9.9501248E-01 -8.3266138E-02
      1801  1.0000000E+00 -7.8904905E-02
      1802  1.0050125E+00 -7.4505182E-02
      1803  1.0100502E+00 -7.0067756E-02
      1804  1.0151131E+00 -6.5593415E-02
      1805  1.0202013E+00 -6.1082957E-02
      1806  1.0253151E+00 -5.6537185E-02
      1807  1.0304545E+00 -5.1956905E-02
      1808  1.0356197E+00 -4.7342930E-02
      1809  1.0408108E+00 -4.2696078E-02
      1810  1.0460279E+00 -3.8017171E-02
      1811  1.0512711E+00 -3.3307035E-02
      1812  1.0565406E+00 -2.8566501E-02
      1813  1.0618365E+00 -2.3796403E-02
      1814  1.0671590E+00 -1.8997580E-02
      1815  1.0725082E+00 -1.4170873E-02
      1816  1.0778842E+00 -9.3171264E-03
      1817  1.0832871E+00 -4.4371889E-03
      1818  1.0887171E+00  4.6808968E-04
      1819  1.0941743E+00  5.3978565E-03
      1820  1.0996589E+00  1.0351256E-02
      1821  1.1051709E+00  1.5327432E-02
      1822  1.1107106E+00  2.0325524E-02
      1823  1.1162781E+00  2.5344673E-02
      1824  1.1218734E+00  3.0384016E-02
      1825  1.1274969E+00  3.5442691E-02
      1826  1.1331485E+00  4.0519833E-02
      1827  1.1388284E+00  4.5614579E-02
      1828  1.1445368E+00  5.0726062E-02
      1829  1.1502738E+00  5.5853418E-02
      1830  1.1560396E+00  6.0995782E-02
      1831  1.1618342E+00  6.6152289E-02
      1832  1.1676580E+00  7.1322073E-02
      1833  1.1735109E+00  7.6504271E-02
      1834  1.1793931E+00  8.1698019E-02
      1835  1.1853049E+00  8.6902456E-02
      1836  1.1912462E+00  9.2116719E-02
      1837  1.1972174E+00  9.7339950E-02
      1838  1.2032184E+00  1.0257129E-01
      1839  1.2092496E+00  1.0780988E-01
      1840  1.2153110E+00  1.1305488E-01
      1841  1.2214028E+00  1.1830542E-01
      1842  1.2275251E+00  1.2356065E-01
      1843  1.2336781E+00  1.2881974E-01
      1844  1.2398619E+00  1.3408183E-01
      1845  1.2460767E+00  1.3934609E-01
      1846  1.2523227E+00  1.4461167E-01
      1847  1.2586000E+00  1.4987774E-01
      1848  1.2649088E+00  1.5514348E-01
      1849  1.2712492E+00  1.6040804E-01
      1850  1.2776213E+00  1.6567061E-01
      1851  1.2840254E+00  1.7093037E-01
      1852  1.2904616E+00  1.7618650E-01
      1853  1.2969301E+00  1.8143819E-01
      1854  1.3034310E+00  1.8668463E-01
      1855  1.3099645E+00  1.9192502E-01
      1856  1.3165307E+00  1.9715856E-01
      1857  1.3231298E+00  2.0238445E-01
      1858  1.3297620E+00  2.0760192E-01
      1859  1.3364275E+00  2.1281017E-01
      1860  1.3431264E+00  2.1800843E-01
      1861  1.3498588E+00  2.2319592E-01
      1862  1.3566250E+00  2.2837189E-01
      1863  1.3634251E+00  2.3353556E-01
      1864  1.3702593E+00  2.3868619E-01
      1865  1.3771278E+00  2.4382302E-01
      1866  1.3840306E+00  2.4894531E-01
      1867  1.3909681E+00  2.5405232E-01
      1868  1.3979404E+00  2.5914333E-01
      1869  1.4049476E+00  2.6421760E-01
      1870  1.4119899E+00  2.6927443E-01
      1871  1.4190675E+00  2.7431310E-01
      1872  1.4261807E+00  2.7933290E-01
      1873  1.4333294E+00  2.8433313E-01
      1874  1.4405140E+00  2.8931312E-01
      1875  1.4477346E+00  2.9427216E-01
      1876  1.4549914E+00  2.9920960E-01
      1877  1.4622846E+00  3.0412474E-01
      1878  1.4696143E+00  3.0901694E-01
      1879  1.4769808E+00  3.1388554E-01
      1880  1.4843842E+00  3.1872989E-01
      1881  1.4918247E+00  3.2354935E-01
      1882  1.4993025E+00  3.2834328E-01
      1883  1.5068178E+00  3.3311107E-01
      1884  1.5143707E+00  3.3785209E-01
      1885  1.5219616E+00  3.4256573E-01
      1886  1.5295904E+00  3.4725140E-01
      1887  1.5372575E+00  3.5190849E-01
      1888  1.5449631E+00  3.5653641E-01
      1889  1.5527072E+00  3.6113460E-01
      1890  1.5604902E+00  3.6570248E-01
      1891  1.5683122E+00  3.7023948E-01
      1892  1.5761734E+00  3.7474505E-01
      1893  1.5840740E+00  3.7921864E-01
      1894  1.5920142E+00  3.8365971E-01
      1895  1.5999942E+00  3.8806773E-01
      1896  1.6080142E+00  3.9244217E-01
      1897  1.6160744E+00  3.9678252E-01
      1898  1.6241750E+00  4.0108828E-01
      1899  1.6323162E+00  4.0535893E-01
      1900  1.6404982E+00  4.0959400E-01
      1901  1.6487213E+00  4.1379298E-01
      1902  1.6569855E+00  4.1795542E-01
      1903  1.6652912E+00  4.2208083E-01
      1904  1.6736385E+00  4.2616876E-01
      1905  1.6820276E+00  4.3021876E-01
      1906  1.6904588E+00  4.3423038E-01
      1907  1.6989323E+00  4.3820319E-01
      1908  1.7074482E+00  4.4213674E-01
      1909  1.7160069E+00  4.4603064E-01
      1910  1.7246084E+00  4.4988445E-01
      1911  1.7332530E+00  4.5369777E-01
      1912  1.7419410E+00  4.5747022E-01
      1913  1.7506725E+00  4.6120138E-01
      1914  1.7594478E+00  4.6489089E-01
      1915  1.7682671E+00  4.6853837E-01
      1916  1.7771305E+00  4.7214345E-01
      1917  1.7860384E+00  4.7570577E-01
      1918  1.7949910E+00  4.7922497E-01
      1919  1.8039884E+00  4.8270072E-01
      1920  1.8130309E+00  4.8613267E-01
      1921  1.8221188E+00  4.8952049E-01
      1922  1.8312522E+00  4.9286387E-01
      1923  1.8404314E+00  4.9616248E-01
      1924  1.8496566E+00  4.9941603E-01
      1925  1.8589280E+00  5.0262419E-01
      1926  1.8682460E+00  5.0578670E-01
      1927  1.8776106E+00  5.0890324E-01
      1928  1.8870221E+00  5.1197356E-01
      1929  1.8964809E+00  5.1499737E-01
      1930  1.9059870E+00  5.1797442E-01
      1931  1.9155408E+00  5.2090444E-01
      1932  1.9251425E+00  5.2378718E-01
      1933  1.9347923E+00  5.2662240E-01
      1934  1.9444905E+00  5.2940987E-01
      1935  1.9542373E+00  5.3214935E-01
      1936  1.9640330E+00  5.3484063E-01
      1937  1.9738777E+00  5.3748349E-01
      1938  1.9837718E+00  5.4007771E-01
      1939  1.9937155E+00  5.4262311E-01
      1940  2.0037091E+00  5.4511948E-01
      1941  2.0137527E+00  5.4756665E-01
      1942  2.0238467E+00  5.4996443E-01
      1943  2.0339913E+00  5.5231264E-01
      1944  2.0441867E+00  5.5461113E-01
      1945  2.0544332E+00  5.5685974E-01
      1946  2.0647311E+00  5.5905832E-01
      1947  2.0750806E+00  5.6120671E-01
      1948  2.0854820E+00  5.6330480E-01
      1949  2.0959355E+00  5.6535244E-01
      1950  2.1064414E+00  5.6734952E-01
      1951  2.1170000E+00  5.6929591E-01
      1952  2.1276115E+00  5.7119152E-01
      1953  2.1382762E+00  5.7303625E-01
      1954  2.1489944E+00  5.7482999E-01
      1955  2.1597663E+00  5.7657267E-01
      1956  2.1705921E+00  5.7826420E-01
      1957  2.1814723E+00  5.7990451E-01
      1958  2.1924069E+00  5.8149355E-01
      1959  2.2033964E+00  5.8303125E-01
      1960  2.2144410E+00  5.8451756E-01
      1961  2.2255409E+00  5.8595244E-01
      1962  2.2366965E+00  5.8733586E-01
      1963  2.2479080E+00  5.8866779E-01
      1964  2.2591757E+00  5.8994821E-01
      1965  2.2704998E+00  5.9117711E-01
      1966  2.2818808E+00  5.9235447E-01
      1967  2.2933187E+00  5.9348031E-01
      1968  2.3048140E+00  5.9455463E-01
      1969  2.3163670E+00  5.9557745E-01
      1970  2.3279778E+00  5.9654879E-01
      1971  2.3396469E+00  5.9746868E-01
      1972  2.3513744E+00  5.9833717E-01
      1973  2.3631607E+00  5.9915429E-01
      1974  2.3750061E+00  5.9992010E-01
      1975  2.3869109E+00  6.0063465E-01
      1976  2.3988753E+00  6.0129803E-01
      1977  2.4108997E+00  6.0191030E-01
      1978  2.4229844E+00  6.0247154E-01
      1979  2.4351297E+00  6.0298184E-01
      1980  2.4473358E+00  6.0344130E-01
      1981  2.4596031E+00  6.0385002E-01
      1982  2.4719319E+00  6.0420811E-01
      1983  2.4843225E+00  6.0451570E-01
      1984  2.4967753E+00  6.0477289E-01
      1985  2.5092904E+00  6.0497983E-01
      1986  2.5218683E+00  6.0513666E-01
      1987  2.5345092E+00  6.0524351E-01
      1988  2.5472135E+00  6.0530054E-01
      1989  2.5599814E+00  6.0530792E-01
      1990  2.5728134E+00  6.0526580E-01
      1991  2.5857097E+00  6.0517436E-01
      1992  2.5986706E+00  6.0503377E-01
      1993  2.6116965E+00  6.0484424E-01
      1994  2.6247877E+00  6.0460594E-01
      1995  2.6379445E+00  6.0431908E-01
      1996  2.6511672E+00  6.0398386E-01
      1997  2.6644562E+00  6.0360050E-01
      1998  2.6778119E+00  6.0316921E-01
      1999  2.6912345E+00  6.0269023E-01
      2000  2.7047243E+00  6.0216378E-01
      2001  2.7182818E+00  6.0159011E-01
      2002  2.7319073E+00  6.0096945E-01
      2003  2.7456010E+00  6.0030206E-01
      2004  2.7593634E+00  5.9958819E-01
      2005  2.7731948E+00  5.9882812E-01
      2006  2.7870955E+00  5.9802210E-01
      2007  2.8010658E+00  5.9717042E-01
      2008  2.8151062E+00  5.9627335E-01
      2009  2.8292170E+00  5.9533119E-01
      2010  2.8433985E+00  5.9434422E-01
      2011  2.8576511E+00  5.9331275E-01
      2012  2.8719752E+00  5.9223708E-01
      2013  2.8863710E+00  5.9111752E-01
      2014  2.9008390E+00  5.8995440E-01
      2015  2.9153795E+00  5.8874802E-01
      2016  2.9299929E+00  5.8749872E-01
      2017  2.9446796E+00  5.8620683E-01
      2018  2.9594398E+00  5.8487268E-01
      2019  2.9742741E+00  5.8349663E-01
      2020  2.9891827E+00  5.8207903E-01
      2021  3.0041660E+00  5.8062022E-01
      2022  3.0192245E+00  5.7912056E-01
      2023  3.0343584E+00  5.7758042E-01
      2024  3.0495682E+00  5.7600018E-01
      2025  3.0648542E+00  5.7438019E-01
      2026  3.0802168E+00  5.7272085E-01
      2027  3.0956565E+00  5.7102254E-01
      2028  3.1111735E+00  5.6928565E-01
      2029  3.1267684E+00  5.6751057E-01
      2030  3.1424414E+00  5.6569769E-01
      2031  3.1581929E+00  5.6384743E-01
      2032  3.1740234E+00  5.6196019E-01
      2033  3.1899333E+00  5.6003639E-01
      2034  3.2059229E+00  5.5807643E-01
      2035  3.2219926E+00  5.5608074E-01
      2036  3.2381429E+00  5.5404975E-01
      2037  3.2543742E+00  5.5198389E-01
      2038  3.2706868E+00  5.4988358E-01
      2039  3.2870812E+00  5.4774927E-01
      2040  3.3035578E+00  5.4558141E-01
      2041  3.3201169E+00  5.4338042E-01
      2042  3.3367591E+00  5.4114677E-01
      2043  3.3534847E+00  5.3888092E-01
      2044  3.3702941E+00  5.3658330E-01
      2045  3.3871877E+00  5.3425440E-01
      2046  3.4041661E+00  5.3189467E-01
      2047  3.4212295E+00  5.2950458E-01
      2048  3.4383785E+00  5.2708460E-01
      2049  3.4556135E+00  5.2463522E-01
      2050  3.4729348E+00  5.2215690E-01
      2051  3.4903430E+00  5.1965013E-01
      2052  3.5078384E+00  5.1711540E-01
      2053  3.5254215E+00  5.1455319E-01
      2054  3.5430927E+00  5.1196400E-01
      2055  3.5608526E+00  5.0934833E-01
      2056  3.5787014E+00  5.0670666E-01
      2057  3.5966397E+00  5.0403951E-01
      2058  3.6146680E+00  5.0134737E-01
      2059  3.6327866E+00  4.9863075E-01
      2060  3.6509960E+00  4.9589017E-01
      2061  3.6692967E+00  4.9312613E-01
      2062  3.6876891E+00  4.9033915E-01
      2063  3.7061737E+00  4.8752974E-01
      2064  3.7247510E+00  4.8469843E-01
      2065  3.7434214E+00  4.8184574E-01
      2066  3.7621854E+00  4.7897218E-01
      2067  3.7810434E+00  4.7607830E-01
      2068  3.7999959E+00  4.7316461E-01
      2069  3.8190435E+00  4.7023165E-01
      2070  3.8381865E+00  4.6727995E-01
      2071  3.8574255E+00  4.6431004E-01
      2072  3.8767610E+00  4.6132246E-01
      2073  3.8961933E+00  4.5831775E-01
      2074  3.9157231E+00  4.5529644E-01
      2075  3.9353507E+00  4.5225907E-01
      2076  3.9550767E+00  4.4920619E-01
      2077  3.9749016E+00  4.4613834E-01
      2078  3.9948259E+00  4.4305607E-01
      2079  4.0148501E+00  4.3995991E-01
      2080  4.0349746E+00  4.3685041E-01
      2081  4.0552000E+00  4.3372812E-01
      2082  4.0755267E+00  4.3059359E-01
      2083  4.0959554E+00  4.2744736E-01
      2084  4.1164865E+00  4.2428998E-01
      2085  4.1371204E+00  4.2112199E-01
      2086  4.1578578E+00  4.1794395E-01
      2087  4.1786992E+00  4.1475640E-01
      2088  4.1996450E+00  4.1155989E-01
      2089  4.2206958E+00  4.0835496E-01
      2090  4.2418521E+00  4.0514216E-01
      2091  4.2631145E+00  4.0192203E-01
      2092  4.2844835E+00  3.9869512E-01
      2093  4.3059595E+00  3.9546197E-01
      2094  4.3275432E+00  3.9222312E-01
      2095  4.3492351E+00  3.8897912E-01
      2096  4.3710358E+00  3.8573049E-01
      2097  4.3929457E+00  3.8247777E-01
      2098  4.4149654E+00  3.7922151E-01
      2099  4.4370955E+00  3.7596222E-01
      2100  4.4593366E+00  3.7270045E-01
      2101  4.4816891E+00  3.6943671E-01
      2102  4.5041536E+00  3.6617153E-01
      2103  4.5267308E+00  3.6290543E-01
      2104  4.5494211E+00  3.5963893E-01
      2105  4.5722252E+00  3.5637254E-01
      2106  4.5951436E+00  3.5310677E-01
      2107  4.6181768E+00  3.4984214E-01
      2108  4.6413255E+00  3.4657913E-01
      2109  4.6645903E+00  3.4331826E-01
      2110  4.6879716E+00  3.4006001E-01
      2111  4.7114702E+00  3.3680488E-01
      2112  4.7350865E+00  3.3355335E-01
      2113  4.7588212E+00  3.3030590E-01
      2114  4.7826749E+00  3.2706300E-01
      2115  4.8066482E+00  3.2382513E-01
      2116  4.8307416E+00  3.2059275E-01
      2117  4.8549558E+00  3.1736631E-01
      2118  4.8792914E+00  3.1414628E-01
      2119  4.9037489E+00  3.1093310E-01
      2120  4.9283291E+00  3.0772721E-01
      2121  4.9530324E+00  3.0452904E-01
      2122  4.9778596E+00  3.0133902E-01
      2123  5.0028112E+00  2.9815758E-01
      2124  5.0278879E+00  2.9498514E-01
      2125  5.0530903E+00  2.9182209E-01
      2126  5.0784190E+00  2.8866884E-01
      2127  5.1038747E+00  2.8552580E-01
      2128  5.1294580E+00  2.8239334E-01
      2129  5.1551695E+00  2.7927185E-01
      2130  5.1810099E+00  2.7616169E-01
      2131  5.2069798E+00  2.7306325E-01
      2132  5.2330799E+00  2.6997688E-01
      2133  5.2593108E+00  2.6690292E-01
      2134  5.2856732E+00  2.6384173E-01
      2135  5.3121678E+00  2.6079364E-01
      2136  5.3387951E+00  2.5775898E-01
      2137  5.3655560E+00  2.5473807E-01
      2138  5.3924509E+00  2.5173123E-01
      2139  5.4194807E+00  2.4873877E-01
      2140  5.4466460E+00  2.4576097E-01
      2141  5.4739474E+00  2.4279814E-01
      2142  5.5013857E+00  2.3985056E-01
      2143  5.5289615E+00  2.3691851E-01
      2144  5.5566755E+00  2.3400225E-01
      2145  5.5845285E+00  2.3110204E-01
      2146  5.6125210E+00  2.2821814E-01
      2147  5.6406539E+00  2.2535079E-01
      2148  5.6689278E+00  2.2250024E-01
      2149  5.6973434E+00  2.1966671E-01
      2150  5.7259015E+00  2.1685043E-01
      2151  5.7546027E+00  2.1405161E-01
      2152  5.7834477E+00  2.1127046E-01
      2153  5.8124374E+00  2.0850719E-01
      2154  5.8415724E+00  2.0576198E-01
      2155  5.8708534E+00  2.0303504E-01
      2156  5.9002811E+00  2.0032653E-01
      2157  5.9298564E+00  1.9763663E-01
      2158  5.9595799E+00  1.9496551E-01
      2159  5.9894525E+00  1.9231333E-01
      2160  6.0194747E+00  1.8968024E-01
      2161  6.0496475E+00  1.8706639E-01
      2162  6.0799714E+00  1.8447192E-01
      2163  6.1104474E+00  1.8189696E-01
      2164  6.1410762E+00  1.7934164E-01
      2165  6.1718584E+00  1.7680609E-01
      2166  6.2027950E+00  1.7429042E-01
      2167  6.2338867E+00  1.7179473E-01
      2168  6.2651341E+00  1.6931914E-01
      2169  6.2965383E+00  1.6686374E-01
      2170  6.3280998E+00  1.6442862E-01
      2171  6.3598195E+00  1.6201388E-01
      2172  6.3916983E+00  1.5961958E-01
      2173  6.4237368E+00  1.5724582E-01
      2174  6.4559359E+00  1.5489265E-01
      2175  6.4882964E+00  1.5256015E-01
      2176  6.5208191E+00  1.5024837E-01
      2177  6.5535049E+00  1.4795738E-01
      2178  6.5863544E+00  1.4568722E-01
      2179  6.6193687E+00  1.4343794E-01
      2180  6.6525484E+00  1.4120958E-01
      2181  6.6858944E+00  1.3900218E-01
      2182  6.7194076E+00  1.3681577E-01
      2183  6.7530888E+00  1.3465037E-01
      2184  6.7869388E+00  1.3250603E-01
      2185  6.8209585E+00  1.3038274E-01
      2186  6.8551487E+00  1.2828054E-01
      2187  6.8895102E+00  1.2619943E-01
      2188  6.9240441E+00  1.2413941E-01
      2189  6.9587510E+00  1.2210050E-01
      2190  6.9936319E+00  1.2008270E-01
      2191  7.0286876E+00  1.1808599E-01
      2192  7.0639190E+00  1.1611038E-01
      2193  7.0993271E+00  1.1415585E-01
      2194  7.1349126E+00  1.1222239E-01
      2195  7.1706765E+00  1.1030999E-01
      2196  7.2066197E+00  1.0841861E-01
      2197  7.2427430E+00  1.0654823E-01
      2198  7.2790474E+00  1.0469884E-01
      2199  7.3155338E+00  1.0287039E-01
      2200  7.3522030E+00  1.0106286E-01
      2201  7.3890561E+00  9.9276198E-02
      2202  7.4260939E+00  9.7510375E-02
      2203  7.4633173E+00  9.5765343E-02
      2204  7.5007274E+00  9.4041057E-02
      2205  7.5383249E+00  9.2337467E-02
      2206  7.5761109E+00  9.0654520E-02
      2207  7.6140864E+00  8.8992161E-02
      2208  7.6522521E+00  8.7350332E-02
      2209  7.6906092E+00  8.5728972E-02
      2210  7.7291585E+00  8.4128016E-02
      2211  7.7679011E+00  8.2547397E-02
      2212  7.8068379E+00  8.0987047E-02
      2213  7.8459698E+00  7.9446892E-02
      2214  7.8852979E+00  7.7926858E-02
      2215  7.9248231E+00  7.6426865E-02
      2216  7.9645465E+00  7.4946835E-02
      2217  8.0044689E+00  7.3486683E-02
      2218  8.0445915E+00  7.2046324E-02
      2219  8.0849152E+00  7.0625669E-02
      2220  8.1254410E+00  6.9224627E-02
      2221  8.1661699E+00  6.7843104E-02
      2222  8.2071030E+00  6.6481003E-02
      2223  8.2482413E+00  6.5138226E-02
      2224  8.2895858E+00  6.3814672E-02
      2225  8.3311375E+00  6.2510236E-02
      2226  8.3728975E+00  6.1224813E-02
      2227  8.4148668E+00  5.9958292E-02
      2228  8.4570465E+00  5.8710564E-02
      2229  8.4994376E+00  5.7481515E-02
      2230  8.5420412E+00  5.6271029E-02
      2231  8.5848584E+00  5.5078987E-02
      2232  8.6278902E+00  5.3905269E-02
      2233  8.6711377E+00  5.2749752E-02
      2234  8.7146019E+00  5.1612311E-02
      2235  8.7582840E+00  5.0492820E-02
      2236  8.8021851E+00  4.9391148E-02
      2237  8.8463063E+00  4.8307165E-02
      2238  8.8906486E+00  4.7240737E-02
      2239  8.9352131E+00  4.6191728E-02
      2240  8.9800011E+00  4.5160002E-02
      2241  9.0250135E+00  4.4145418E-02
      2242  9.0702516E+00  4.3147836E-02
      2243  9.1157164E+00  4.2167112E-02
      2244  9.1614091E+00  4.1203102E-02
      2245  9.2073309E+00  4.0255659E-02
      2246  9.2534828E+00  3.9324635E-02
      2247  9.2998661E+00  3.8409880E-02
      2248  9.3464819E+00  3.7511243E-02
      2249  9.3933313E+00  3.6628570E-02
      2250  9.4404156E+00  3.5761708E-02
      2251  9.4877358E+00  3.4910500E-02
      2252  9.5352933E+00  3.4074790E-02
      2253  9.5830892E+00  3.3254420E-02
      2254  9.6311246E+00  3.2449229E-02
      2255  9.6794008E+00  3.1659056E-02
      2256  9.7279190E+00  3.0883741E-02
      2257  9.7766804E+00  3.0123121E-02
      2258  9.8256862E+00  2.9377031E-02
      2259  9.8749377E+00  2.8645306E-02
      2260  9.9244360E+00  2.7927783E-02
      2261  9.9741825E+00  2.7224293E-02
      2262  1.0024178E+01  2.6534671E-02
      2263  1.0074425E+01  2.5858748E-02
      2264  1.0124923E+01  2.5196356E-02
      2265  1.0175674E+01  2.4547328E-02
      2266  1.0226680E+01  2.3911493E-02
      2267  1.0277942E+01  2.3288682E-02
      2268  1.0329460E+01  2.2678726E-02
      2269  1.0381237E+01  2.2081454E-02
      2270  1.0433273E+01  2.1496696E-02
      2271  1.0485570E+01  2.0924283E-02
      2272  1.0538129E+01  2.0364042E-02
      2273  1.0590951E+01  1.9815806E-02
      2274  1.0644039E+01  1.9279402E-02
      2275  1.0697392E+01  1.8754661E-02
      2276  1.0751013E+01  1.8241413E-02
      2277  1.0804903E+01  1.7739488E-02
      2278  1.0859063E+01  1.7248717E-02
      2279  1.0913494E+01  1.6768931E-02
      2280  1.0968198E+01  1.6299961E-02
      2281  1.1023176E+01  1.5841640E-02
      2282  1.1078430E+01  1.5393800E-02
      2283  1.1133961E+01  1.4956274E-02
      2284  1.1189770E+01  1.4528895E-02
      2285  1.1245859E+01  1.4111499E-02
      2286  1.1302229E+01  1.3703921E-02
      2287  1.1358882E+01  1.3305996E-02
      2288  1.1415819E+01  1.2917561E-02
      2289  1.1473041E+01  1.2538455E-02
      2290  1.1530550E+01  1.2168517E-02
      2291  1.1588347E+01  1.1807585E-02
      2292  1.1646434E+01  1.1455501E-02
      2293  1.1704812E+01  1.1112106E-02
      2294  1.1763482E+01  1.0777245E-02
      2295  1.1822447E+01  1.0450760E-02
      2296  1.1881707E+01  1.0132498E-02
      2297  1.1941264E+01  9.8223048E-03
      2298  1.2001120E+01  9.5200288E-03
      2299  1.2061276E+01  9.2255191E-03
      2300  1.2121734E+01  8.9386264E-03
      2301  1.2182494E+01  8.6592028E-03
      2302  1.2243559E+01  8.3871015E-03
      2303  1.2304930E+01  8.1221774E-03
      2304  1.2366609E+01  7.8642869E-03
      2305  1.2428597E+01  7.6132878E-03
      2306  1.2490895E+01  7.3690395E-03
      2307  1.2553506E+01  7.1314028E-03
      2308  1.2616431E+01  6.9002401E-03
      2309  1.2679671E+01  6.6754155E-03
      2310  1.2743228E+01  6.4567947E-03
      2311  1.2807104E+01  6.2442448E-03
      2312  1.2871300E+01  6.0376348E-03
      2313  1.2935817E+01  5.8368353E-03
      2314  1.3000658E+01  5.6417184E-03
      2315  1.3065824E+01  5.4521580E-03
      2316  1.3131317E+01  5.2680299E-03
      2317  1.3197138E+01  5.0892112E-03
      2318  1.3263289E+01  4.9155810E-03
      2319  1.3329772E+01  4.7470200E-03
      2320  1.3396587E+01  4.5834107E-03
      2321  1.3463738E+01  4.4246374E-03
      2322  1.3531225E+01  4.2705859E-03
      2323  1.3599051E+01  4.1211439E-03
      2324  1.3667216E+01  3.9762008E-03
      2325  1.3735724E+01  3.8356480E-03
      2326  1.3804574E+01  3.6993782E-03
      2327  1.3873770E+01  3.5672862E-03
      2328  1.3943312E+01  3.4392683E-03
      2329  1.4013204E+01  3.3152229E-03
      2330  1.4083445E+01  3.1950496E-03
      2331  1.4154039E+01  3.0786503E-03
      2332  1.4224986E+01  2.9659282E-03
      2333  1.4296289E+01  2.8567885E-03
      2334  1.4367950E+01  2.7511379E-03
      2335  1.4439969E+01  2.6488851E-03
      2336  1.4512350E+01  2.5499401E-03
      2337  1.4585093E+01  2.4542150E-03
      2338  1.4658201E+01  2.3616234E-03
      2339  1.4731676E+01  2.2720804E-03
      2340  1.4805519E+01  2.1855031E-03
      2341  1.4879732E+01  2.1018100E-03
      2342  1.4954317E+01  2.0209214E-03
