         1  1.2340980E-04  4.0712748E-09
         2  1.2402840E-04  4.1253943E-09
         3  1.2465009E-04  4.1802352E-09
         4  1.2527490E-04  4.2358071E-09
         5  1.2590285E-04  4.2921198E-09
         6  1.2653394E-04  4.3491833E-09
         7  1.2716819E-04  4.4070075E-09
         8  1.2780563E-04  4.4656026E-09
         9  1.2844625E-04  4.5249791E-09
        10  1.2909009E-04  4.5851472E-09
        11  1.2973716E-04  4.6461176E-09
        12  1.3038747E-04  4.7079011E-09
        13  1.3104104E-04  4.7705085E-09
        14  1.3169789E-04  4.8339509E-09
        15  1.3235802E-04  4.8982394E-09
        16  1.3302147E-04  4.9633854E-09
        17  1.3368824E-04  5.0294003E-09
        18  1.3435836E-04  5.0962958E-09
        19  1.3503183E-04  5.1640836E-09
        20  1.3570868E-04  5.2327758E-09
        21  1.3638893E-04  5.3023843E-09
        22  1.3707258E-04  5.3729216E-09
        23  1.3775966E-04  5.4444000E-09
        24  1.3845018E-04  5.5168322E-09
        25  1.3914417E-04  5.5902308E-09
        26  1.3984163E-04  5.6646090E-09
        27  1.4054259E-04  5.7399797E-09
        28  1.4124706E-04  5.8163562E-09
        29  1.4195506E-04  5.8937522E-09
        30  1.4266662E-04  5.9721811E-09
        31  1.4338174E-04  6.0516569E-09
        32  1.4410044E-04  6.1321936E-09
        33  1.4482275E-04  6.2138054E-09
        34  1.4554867E-04  6.2965067E-09
        35  1.4627824E-04  6.3803121E-09
        36  1.4701146E-04  6.4652365E-09
        37  1.4774836E-04  6.5512947E-09
        38  1.4848895E-04  6.6385021E-09
        39  1.4923326E-04  6.7268740E-09
        40  1.4998129E-04  6.8164260E-09
        41  1.5073308E-04  6.9071740E-09
        42  1.5148863E-04  6.9991340E-09
        43  1.5224797E-04  7.0923222E-09
        44  1.5301111E-04  7.1867551E-09
        45  1.5377809E-04  7.2824495E-09
        46  1.5454890E-04  7.3794222E-09
        47  1.5532358E-04  7.4776904E-09
        48  1.5610214E-04  7.5772715E-09
        49  1.5688461E-04  7.6781830E-09
        50  1.5767100E-04  7.7804429E-09
        51  1.5846133E-04  7.8840692E-09
        52  1.5925562E-04  7.9890803E-09
        53  1.6005389E-04  8.0954948E-09
        54  1.6085616E-04  8.2033314E-09
        55  1.6166246E-04  8.3126092E-09
        56  1.6247279E-04  8.4233477E-09
        57  1.6328719E-04  8.5355665E-09
        58  1.6410567E-04  8.6492853E-09
        59  1.6492825E-04  8.7645243E-09
        60  1.6575496E-04  8.8813040E-09
        61  1.6658581E-04  8.9996451E-09
        62  1.6742083E-04  9.1195685E-09
        63  1.6826003E-04  9.2410954E-09
        64  1.6910343E-04  9.3642474E-09
        65  1.6995107E-04  9.4890463E-09
        66  1.7080295E-04  9.6155143E-09
        67  1.7165910E-04  9.7436738E-09
        68  1.7251955E-04  9.8735475E-09
        69  1.7338431E-04  1.0005158E-08
        70  1.7425340E-04  1.0138530E-08
        71  1.7512685E-04  1.0273686E-08
        72  1.7600468E-04  1.0410649E-08
        73  1.7688690E-04  1.0549446E-08
        74  1.7777355E-04  1.0690100E-08
        75  1.7866465E-04  1.0832635E-08
        76  1.7956021E-04  1.0977078E-08
        77  1.8046025E-04  1.1123455E-08
        78  1.8136482E-04  1.1271790E-08
        79  1.8227391E-04  1.1422111E-08
        80  1.8318756E-04  1.1574443E-08
        81  1.8410579E-04  1.1728815E-08
        82  1.8502863E-04  1.1885254E-08
        83  1.8595609E-04  1.2043787E-08
        84  1.8688820E-04  1.2204442E-08
        85  1.8782498E-04  1.2367249E-08
        86  1.8876645E-04  1.2532235E-08
        87  1.8971265E-04  1.2699431E-08
        88  1.9066359E-04  1.2868867E-08
        89  1.9161929E-04  1.3040571E-08
        90  1.9257979E-04  1.3214575E-08
        91  1.9354510E-04  1.3390910E-08
        92  1.9451525E-04  1.3569607E-08
        93  1.9549026E-04  1.3750698E-08
        94  1.9647016E-04  1.3934216E-08
        95  1.9745497E-04  1.4120192E-08
        96  1.9844472E-04  1.4308660E-08
        97  1.9943943E-04  1.4499653E-08
        98  2.0043912E-04  1.4693206E-08
        99  2.0144382E-04  1.4889353E-08
       100  2.0245357E-04  1.5088129E-08
       101  2.0346837E-04  1.5289570E-08
       102  2.0448826E-04  1.5493710E-08
       103  2.0551326E-04  1.5700588E-08
       104  2.0654340E-04  1.5910238E-08
       105  2.0757870E-04  1.6122700E-08
       106  2.0861920E-04  1.6338010E-08
       107  2.0966490E-04  1.6556208E-08
       108  2.1071585E-04  1.6777331E-08
       109  2.1177207E-04  1.7001421E-08
       110  2.1283358E-04  1.7228515E-08
       111  2.1390042E-04  1.7458656E-08
       112  2.1497260E-04  1.7691884E-08
       113  2.1605015E-04  1.7928241E-08
       114  2.1713311E-04  1.8167768E-08
       115  2.1822149E-04  1.8410510E-08
       116  2.1931533E-04  1.8656508E-08
       117  2.2041465E-04  1.8905807E-08
       118  2.2151949E-04  1.9158452E-08
       119  2.2262986E-04  1.9414488E-08
       120  2.2374579E-04  1.9673960E-08
       121  2.2486732E-04  1.9936915E-08
       122  2.2599448E-04  2.0203399E-08
       123  2.2712728E-04  2.0473462E-08
       124  2.2826576E-04  2.0747150E-08
       125  2.2940995E-04  2.1024512E-08
       126  2.3055987E-04  2.1305599E-08
       127  2.3171555E-04  2.1590461E-08
       128  2.3287703E-04  2.1879148E-08
       129  2.3404433E-04  2.2171713E-08
       130  2.3521749E-04  2.2468207E-08
       131  2.3639652E-04  2.2768684E-08
       132  2.3758146E-04  2.3073197E-08
       133  2.3877234E-04  2.3381802E-08
       134  2.3996919E-04  2.3694553E-08
       135  2.4117204E-04  2.4011506E-08
       136  2.4238092E-04  2.4332718E-08
       137  2.4359586E-04  2.4658247E-08
       138  2.4481689E-04  2.4988152E-08
       139  2.4604404E-04  2.5322490E-08
       140  2.4727734E-04  2.5661323E-08
       141  2.4851683E-04  2.6004710E-08
       142  2.4976252E-04  2.6352714E-08
       143  2.5101446E-04  2.6705397E-08
       144  2.5227268E-04  2.7062823E-08
       145  2.5353720E-04  2.7425055E-08
       146  2.5480806E-04  2.7792158E-08
       147  2.5608529E-04  2.8164198E-08
       148  2.5736892E-04  2.8541243E-08
       149  2.5865899E-04  2.8923359E-08
       150  2.5995552E-04  2.9310617E-08
       151  2.6125856E-04  2.9703084E-08
       152  2.6256812E-04  3.0100831E-08
       153  2.6388425E-04  3.0503931E-08
       154  2.6520697E-04  3.0912455E-08
       155  2.6653633E-04  3.1326478E-08
       156  2.6787235E-04  3.1746072E-08
       157  2.6921506E-04  3.2171315E-08
       158  2.7056451E-04  3.2602282E-08
       159  2.7192072E-04  3.3039051E-08
       160  2.7328373E-04  3.3481700E-08
       161  2.7465357E-04  3.3930310E-08
       162  2.7603028E-04  3.4384960E-08
       163  2.7741388E-04  3.4845734E-08
       164  2.7880443E-04  3.5312713E-08
       165  2.8020194E-04  3.5785982E-08
       166  2.8160646E-04  3.6265627E-08
       167  2.8301802E-04  3.6751732E-08
       168  2.8443665E-04  3.7244388E-08
       169  2.8586239E-04  3.7743681E-08
       170  2.8729529E-04  3.8249702E-08
       171  2.8873536E-04  3.8762542E-08
       172  2.9018265E-04  3.9282294E-08
       173  2.9163720E-04  3.9809052E-08
       174  2.9309904E-04  4.0342910E-08
       175  2.9456820E-04  4.0883965E-08
       176  2.9604473E-04  4.1432315E-08
       177  2.9752866E-04  4.1988058E-08
       178  2.9902003E-04  4.2551295E-08
       179  3.0051887E-04  4.3122128E-08
       180  3.0202523E-04  4.3700660E-08
       181  3.0353914E-04  4.4286994E-08
       182  3.0506063E-04  4.4881238E-08
       183  3.0658976E-04  4.5483499E-08
       184  3.0812654E-04  4.6093885E-08
       185  3.0967104E-04  4.6712507E-08
       186  3.1122327E-04  4.7339477E-08
       187  3.1278328E-04  4.7974907E-08
       188  3.1435111E-04  4.8618914E-08
       189  3.1592681E-04  4.9271614E-08
       190  3.1751040E-04  4.9933124E-08
       191  3.1910192E-04  5.0603564E-08
       192  3.2070143E-04  5.1283057E-08
       193  3.2230895E-04  5.1971725E-08
       194  3.2392453E-04  5.2669692E-08
       195  3.2554821E-04  5.3377085E-08
       196  3.2718003E-04  5.4094033E-08
       197  3.2882002E-04  5.4820665E-08
       198  3.3046824E-04  5.5557113E-08
       199  3.3212472E-04  5.6303510E-08
       200  3.3378950E-04  5.7059992E-08
       201  3.3546263E-04  5.7826697E-08
       202  3.3714414E-04  5.8603762E-08
       203  3.3883408E-04  5.9391330E-08
       204  3.4053250E-04  6.0189543E-08
       205  3.4223942E-04  6.0998546E-08
       206  3.4395490E-04  6.1818486E-08
       207  3.4567899E-04  6.2649511E-08
       208  3.4741171E-04  6.3491774E-08
       209  3.4915312E-04  6.4345426E-08
       210  3.5090325E-04  6.5210623E-08
       211  3.5266216E-04  6.6087523E-08
       212  3.5442989E-04  6.6976284E-08
       213  3.5620648E-04  6.7877069E-08
       214  3.5799197E-04  6.8790040E-08
       215  3.5978641E-04  6.9715365E-08
       216  3.6158985E-04  7.0653211E-08
       217  3.6340233E-04  7.1603750E-08
       218  3.6522389E-04  7.2567153E-08
       219  3.6705458E-04  7.3543598E-08
       220  3.6889445E-04  7.4533260E-08
       221  3.7074354E-04  7.5536322E-08
       222  3.7260190E-04  7.6552965E-08
       223  3.7446957E-04  7.7583375E-08
       224  3.7634661E-04  7.8627739E-08
       225  3.7823306E-04  7.9686248E-08
       226  3.8012896E-04  8.0759095E-08
       227  3.8203436E-04  8.1846476E-08
       228  3.8394932E-04  8.2948589E-08
       229  3.8587387E-04  8.4065635E-08
       230  3.8780807E-04  8.5197817E-08
       231  3.8975197E-04  8.6345343E-08
       232  3.9170561E-04  8.7508423E-08
       233  3.9366904E-04  8.8687267E-08
       234  3.9564231E-04  8.9882093E-08
       235  3.9762548E-04  9.1093118E-08
       236  3.9961859E-04  9.2320563E-08
       237  4.0162168E-04  9.3564652E-08
       238  4.0363482E-04  9.4825614E-08
       239  4.0565805E-04  9.6103679E-08
       240  4.0769142E-04  9.7399080E-08
       241  4.0973498E-04  9.8712055E-08
       242  4.1178878E-04  1.0004284E-07
       243  4.1385288E-04  1.0139169E-07
       244  4.1592733E-04  1.0275884E-07
       245  4.1801217E-04  1.0414454E-07
       246  4.2010747E-04  1.0554906E-07
       247  4.2221327E-04  1.0697263E-07
       248  4.2432962E-04  1.0841554E-07
       249  4.2645658E-04  1.0987803E-07
       250  4.2859420E-04  1.1136039E-07
       251  4.3074254E-04  1.1286287E-07
       252  4.3290165E-04  1.1438576E-07
       253  4.3507158E-04  1.1592934E-07
       254  4.3725238E-04  1.1749389E-07
       255  4.3944412E-04  1.1907969E-07
       256  4.4164684E-04  1.2068704E-07
       257  4.4386060E-04  1.2231623E-07
       258  4.4608546E-04  1.2396756E-07
       259  4.4832148E-04  1.2564133E-07
       260  4.5056870E-04  1.2733786E-07
       261  4.5282718E-04  1.2905745E-07
       262  4.5509699E-04  1.3080043E-07
       263  4.5737817E-04  1.3256710E-07
       264  4.5967079E-04  1.3435780E-07
       265  4.6197490E-04  1.3617285E-07
       266  4.6429056E-04  1.3801259E-07
       267  4.6661782E-04  1.3987735E-07
       268  4.6895676E-04  1.4176749E-07
       269  4.7130741E-04  1.4368335E-07
       270  4.7366985E-04  1.4562527E-07
       271  4.7604413E-04  1.4759363E-07
       272  4.7843031E-04  1.4958877E-07
       273  4.8082845E-04  1.5161108E-07
       274  4.8323861E-04  1.5366091E-07
       275  4.8566086E-04  1.5573866E-07
       276  4.8809524E-04  1.5784470E-07
       277  4.9054183E-04  1.5997942E-07
       278  4.9300068E-04  1.6214321E-07
       279  4.9547186E-04  1.6433648E-07
       280  4.9795542E-04  1.6655963E-07
       281  5.0045143E-04  1.6881306E-07
       282  5.0295996E-04  1.7109721E-07
       283  5.0548105E-04  1.7341247E-07
       284  5.0801479E-04  1.7575930E-07
       285  5.1056122E-04  1.7813811E-07
       286  5.1312042E-04  1.8054935E-07
       287  5.1569245E-04  1.8299347E-07
       288  5.1827737E-04  1.8547091E-07
       289  5.2087524E-04  1.8798213E-07
       290  5.2348614E-04  1.9052761E-07
       291  5.2611013E-04  1.9310780E-07
       292  5.2874727E-04  1.9572319E-07
       293  5.3139762E-04  1.9837427E-07
       294  5.3406126E-04  2.0106151E-07
       295  5.3673826E-04  2.0378543E-07
       296  5.3942867E-04  2.0654652E-07
       297  5.4213257E-04  2.0934530E-07
       298  5.4485002E-04  2.1218228E-07
       299  5.4758109E-04  2.1505799E-07
       300  5.5032585E-04  2.1797297E-07
       301  5.5308437E-04  2.2092776E-07
       302  5.5585672E-04  2.2392289E-07
       303  5.5864296E-04  2.2695894E-07
       304  5.6144317E-04  2.3003646E-07
       305  5.6425742E-04  2.3315602E-07
       306  5.6708577E-04  2.3631821E-07
       307  5.6992830E-04  2.3952361E-07
       308  5.7278507E-04  2.4277281E-07
       309  5.7565617E-04  2.4606642E-07
       310  5.7854166E-04  2.4940506E-07
       311  5.8144161E-04  2.5278934E-07
       312  5.8435610E-04  2.5621989E-07
       313  5.8728520E-04  2.5969736E-07
       314  5.9022898E-04  2.6322238E-07
       315  5.9318751E-04  2.6679561E-07
       316  5.9616088E-04  2.7041772E-07
       317  5.9914915E-04  2.7408939E-07
       318  6.0215239E-04  2.7781130E-07
       319  6.0517069E-04  2.8158413E-07
       320  6.0820413E-04  2.8540860E-07
       321  6.1125276E-04  2.8928541E-07
       322  6.1431668E-04  2.9321530E-07
       323  6.1739595E-04  2.9719898E-07
       324  6.2049066E-04  3.0123721E-07
       325  6.2360089E-04  3.0533074E-07
       326  6.2672670E-04  3.0948033E-07
       327  6.2986818E-04  3.1368676E-07
       328  6.3302541E-04  3.1795081E-07
       329  6.3619846E-04  3.2227328E-07
       330  6.3938742E-04  3.2665497E-07
       331  6.4259236E-04  3.3109671E-07
       332  6.4581337E-04  3.3559932E-07
       333  6.4905052E-04  3.4016365E-07
       334  6.5230390E-04  3.4479055E-07
       335  6.5557359E-04  3.4948088E-07
       336  6.5885966E-04  3.5423552E-07
       337  6.6216221E-04  3.5905537E-07
       338  6.6548131E-04  3.6394131E-07
       339  6.6881705E-04  3.6889428E-07
       340  6.7216951E-04  3.7391519E-07
       341  6.7553878E-04  3.7900499E-07
       342  6.7892493E-04  3.8416463E-07
       343  6.8232805E-04  3.8939507E-07
       344  6.8574824E-04  3.9469730E-07
       345  6.8918556E-04  4.0007231E-07
       346  6.9264012E-04  4.0552111E-07
       347  6.9611199E-04  4.1104472E-07
       348  6.9960127E-04  4.1664418E-07
       349  7.0310804E-04  4.2232053E-07
       350  7.0663238E-04  4.2807485E-07
       351  7.1017439E-04  4.3390821E-07
       352  7.1373415E-04  4.3982170E-07
       353  7.1731176E-04  4.4581645E-07
       354  7.2090730E-04  4.5189357E-07
       355  7.2452086E-04  4.5805421E-07
       356  7.2815254E-04  4.6429952E-07
       357  7.3180242E-04  4.7063069E-07
       358  7.3547059E-04  4.7704889E-07
       359  7.3915716E-04  4.8355535E-07
       360  7.4286220E-04  4.9015127E-07
       361  7.4658581E-04  4.9683791E-07
       362  7.5032809E-04  5.0361652E-07
       363  7.5408912E-04  5.1048838E-07
       364  7.5786901E-04  5.1745478E-07
       365  7.6166784E-04  5.2451703E-07
       366  7.6548572E-04  5.3167647E-07
       367  7.6932273E-04  5.3893445E-07
       368  7.7317898E-04  5.4629233E-07
       369  7.7705455E-04  5.5375150E-07
       370  7.8094956E-04  5.6131337E-07
       371  7.8486408E-04  5.6897936E-07
       372  7.8879823E-04  5.7675092E-07
       373  7.9275210E-04  5.8462952E-07
       374  7.9672578E-04  5.9261664E-07
       375  8.0071939E-04  6.0071380E-07
       376  8.0473301E-04  6.0892252E-07
       377  8.0876675E-04  6.1724435E-07
       378  8.1282071E-04  6.2568087E-07
       379  8.1689499E-04  6.3423367E-07
       380  8.2098970E-04  6.4290437E-07
       381  8.2510492E-04  6.5169460E-07
       382  8.2924078E-04  6.6060604E-07
       383  8.3339737E-04  6.6964036E-07
       384  8.3757479E-04  6.7879928E-07
       385  8.4177315E-04  6.8808452E-07
       386  8.4599255E-04  6.9749786E-07
       387  8.5023311E-04  7.0704106E-07
       388  8.5449492E-04  7.1671595E-07
       389  8.5877809E-04  7.2652434E-07
       390  8.6308274E-04  7.3646811E-07
       391  8.6740896E-04  7.4654913E-07
       392  8.7175686E-04  7.5676931E-07
       393  8.7612656E-04  7.6713060E-07
       394  8.8051816E-04  7.7763497E-07
       395  8.8493178E-04  7.8828439E-07
       396  8.8936752E-04  7.9908090E-07
       397  8.9382549E-04  8.1002655E-07
       398  8.9830581E-04  8.2112340E-07
       399  9.0280859E-04  8.3237358E-07
       400  9.0733394E-04  8.4377922E-07
       401  9.1188197E-04  8.5534248E-07
       402  9.1645279E-04  8.6706556E-07
       403  9.2104653E-04  8.7895069E-07
       404  9.2566330E-04  8.9100013E-07
       405  9.3030320E-04  9.0321618E-07
       406  9.3496637E-04  9.1560115E-07
       407  9.3965291E-04  9.2815741E-07
       408  9.4436294E-04  9.4088733E-07
       409  9.4909657E-04  9.5379336E-07
       410  9.5385394E-04  9.6687794E-07
       411  9.5863515E-04  9.8014356E-07
       412  9.6344033E-04  9.9359276E-07
       413  9.6826960E-04  1.0072281E-06
       414  9.7312307E-04  1.0210522E-06
       415  9.7800087E-04  1.0350676E-06
       416  9.8290312E-04  1.0492771E-06
       417  9.8782994E-04  1.0636833E-06
       418  9.9278146E-04  1.0782890E-06
       419  9.9775780E-04  1.0930971E-06
       420  1.0027591E-03  1.1081102E-06
       421  1.0077854E-03  1.1233313E-06
       422  1.0128370E-03  1.1387633E-06
       423  1.0179138E-03  1.1544091E-06
       424  1.0230162E-03  1.1702718E-06
       425  1.0281440E-03  1.1863543E-06
       426  1.0332976E-03  1.2026597E-06
       427  1.0384771E-03  1.2191912E-06
       428  1.0436825E-03  1.2359519E-06
       429  1.0489139E-03  1.2529450E-06
       430  1.0541716E-03  1.2701737E-06
       431  1.0594557E-03  1.2876414E-06
       432  1.0647662E-03  1.3053515E-06
       433  1.0701034E-03  1.3233072E-06
       434  1.0754673E-03  1.3415120E-06
       435  1.0808581E-03  1.3599694E-06
       436  1.0862759E-03  1.3786830E-06
       437  1.0917209E-03  1.3976563E-06
       438  1.0971932E-03  1.4168930E-06
       439  1.1026929E-03  1.4363968E-06
       440  1.1082202E-03  1.4561713E-06
       441  1.1137751E-03  1.4762205E-06
       442  1.1193580E-03  1.4965480E-06
       443  1.1249688E-03  1.5171579E-06
       444  1.1306077E-03  1.5380541E-06
       445  1.1362749E-03  1.5592406E-06
       446  1.1419705E-03  1.5807215E-06
       447  1.1476947E-03  1.6025008E-06
       448  1.1534475E-03  1.6245828E-06
       449  1.1592292E-03  1.6469718E-06
       450  1.1650398E-03  1.6696719E-06
       451  1.1708796E-03  1.6926877E-06
       452  1.1767487E-03  1.7160234E-06
       453  1.1826472E-03  1.7396836E-06
       454  1.1885752E-03  1.7636729E-06
       455  1.1945330E-03  1.7879958E-06
       456  1.2005206E-03  1.8126570E-06
       457  1.2065382E-03  1.8376613E-06
       458  1.2125860E-03  1.8630135E-06
       459  1.2186641E-03  1.8887185E-06
       460  1.2247727E-03  1.9147812E-06
       461  1.2309119E-03  1.9412066E-06
       462  1.2370819E-03  1.9679998E-06
       463  1.2432828E-03  1.9951661E-06
       464  1.2495148E-03  2.0227105E-06
       465  1.2557780E-03  2.0506385E-06
       466  1.2620726E-03  2.0789555E-06
       467  1.2683988E-03  2.1076667E-06
       468  1.2747566E-03  2.1367779E-06
       469  1.2811464E-03  2.1662947E-06
       470  1.2875681E-03  2.1962226E-06
       471  1.2940221E-03  2.2265675E-06
       472  1.3005084E-03  2.2573353E-06
       473  1.3070272E-03  2.2885319E-06
       474  1.3135787E-03  2.3201633E-06
       475  1.3201631E-03  2.3522357E-06
       476  1.3267804E-03  2.3847551E-06
       477  1.3334309E-03  2.4177280E-06
       478  1.3401148E-03  2.4511606E-06
       479  1.3468321E-03  2.4850595E-06
       480  1.3535832E-03  2.5194311E-06
       481  1.3603680E-03  2.5542822E-06
       482  1.3671869E-03  2.5896195E-06
       483  1.3740400E-03  2.6254497E-06
       484  1.3809274E-03  2.6617799E-06
       485  1.3878493E-03  2.6986171E-06
       486  1.3948059E-03  2.7359684E-06
       487  1.4017974E-03  2.7738410E-06
       488  1.4088240E-03  2.8122422E-06
       489  1.4158857E-03  2.8511796E-06
       490  1.4229829E-03  2.8906606E-06
       491  1.4301156E-03  2.9306929E-06
       492  1.4372841E-03  2.9712842E-06
       493  1.4444885E-03  3.0124424E-06
       494  1.4517290E-03  3.0541755E-06
       495  1.4590058E-03  3.0964916E-06
       496  1.4663191E-03  3.1393989E-06
       497  1.4736691E-03  3.1829056E-06
       498  1.4810559E-03  3.2270203E-06
       499  1.4884797E-03  3.2717515E-06
       500  1.4959408E-03  3.3171079E-06
       501  1.5034392E-03  3.3630982E-06
       502  1.5109752E-03  3.4097314E-06
       503  1.5185490E-03  3.4570166E-06
       504  1.5261608E-03  3.5049629E-06
       505  1.5338107E-03  3.5535797E-06
       506  1.5414989E-03  3.6028763E-06
       507  1.5492257E-03  3.6528624E-06
       508  1.5569913E-03  3.7035477E-06
       509  1.5647957E-03  3.7549420E-06
       510  1.5726393E-03  3.8070553E-06
       511  1.5805222E-03  3.8598977E-06
       512  1.5884446E-03  3.9134796E-06
       513  1.5964067E-03  3.9678113E-06
       514  1.6044087E-03  4.0229034E-06
       515  1.6124508E-03  4.0787666E-06
       516  1.6205333E-03  4.1354117E-06
       517  1.6286562E-03  4.1928499E-06
       518  1.6368199E-03  4.2510923E-06
       519  1.6450245E-03  4.3101502E-06
       520  1.6532702E-03  4.3700351E-06
       521  1.6615573E-03  4.4307586E-06
       522  1.6698859E-03  4.4923327E-06
       523  1.6782562E-03  4.5547692E-06
       524  1.6866685E-03  4.6180804E-06
       525  1.6951230E-03  4.6822786E-06
       526  1.7036198E-03  4.7473762E-06
       527  1.7121592E-03  4.8133860E-06
       528  1.7207415E-03  4.8803209E-06
       529  1.7293667E-03  4.9481939E-06
       530  1.7380352E-03  5.0170181E-06
       531  1.7467471E-03  5.0868071E-06
       532  1.7555027E-03  5.1575745E-06
       533  1.7643022E-03  5.2293340E-06
       534  1.7731458E-03  5.3020996E-06
       535  1.7820338E-03  5.3758856E-06
       536  1.7909663E-03  5.4507063E-06
       537  1.7999435E-03  5.5265764E-06
       538  1.8089658E-03  5.6035106E-06
       539  1.8180332E-03  5.6815240E-06
       540  1.8271462E-03  5.7606317E-06
       541  1.8363048E-03  5.8408493E-06
       542  1.8455093E-03  5.9221924E-06
       543  1.8547599E-03  6.0046769E-06
       544  1.8640570E-03  6.0883189E-06
       545  1.8734006E-03  6.1731347E-06
       546  1.8827911E-03  6.2591409E-06
       547  1.8922286E-03  6.3463544E-06
       548  1.9017134E-03  6.4347920E-06
       549  1.9112458E-03  6.5244713E-06
       550  1.9208260E-03  6.6154095E-06
       551  1.9304541E-03  6.7076247E-06
       552  1.9401306E-03  6.8011347E-06
       553  1.9498555E-03  6.8959578E-06
       554  1.9596292E-03  6.9921127E-06
       555  1.9694519E-03  7.0896181E-06
       556  1.9793238E-03  7.1884930E-06
       557  1.9892452E-03  7.2887569E-06
       558  1.9992164E-03  7.3904293E-06
       559  2.0092375E-03  7.4935301E-06
       560  2.0193088E-03  7.5980795E-06
       561  2.0294306E-03  7.7040980E-06
       562  2.0396032E-03  7.8116063E-06
       563  2.0498268E-03  7.9206255E-06
       564  2.0601016E-03  8.0311768E-06
       565  2.0704279E-03  8.1432820E-06
       566  2.0808059E-03  8.2569630E-06
       567  2.0912360E-03  8.3722420E-06
       568  2.1017184E-03  8.4891417E-06
       569  2.1122533E-03  8.6076849E-06
       570  2.1228410E-03  8.7278948E-06
       571  2.1334818E-03  8.8497951E-06
       572  2.1441759E-03  8.9734095E-06
       573  2.1549236E-03  9.0987622E-06
       574  2.1657252E-03  9.2258780E-06
       575  2.1765810E-03  9.3547816E-06
       576  2.1874911E-03  9.4854983E-06
       577  2.1984560E-03  9.6180538E-06
       578  2.2094758E-03  9.7524740E-06
       579  2.2205508E-03  9.8887853E-06
       580  2.2316814E-03  1.0027014E-05
       581  2.2428677E-03  1.0167188E-05
       582  2.2541101E-03  1.0309335E-05
       583  2.2654089E-03  1.0453481E-05
       584  2.2767643E-03  1.0599657E-05
       585  2.2881767E-03  1.0747889E-05
       586  2.2996462E-03  1.0898207E-05
       587  2.3111732E-03  1.1050642E-05
       588  2.3227580E-03  1.1205222E-05
       589  2.3344009E-03  1.1361978E-05
       590  2.3461021E-03  1.1520940E-05
       591  2.3578620E-03  1.1682141E-05
       592  2.3696808E-03  1.1845611E-05
       593  2.3815589E-03  1.2011383E-05
       594  2.3934965E-03  1.2179488E-05
       595  2.4054940E-03  1.2349961E-05
       596  2.4175516E-03  1.2522835E-05
       597  2.4296696E-03  1.2698143E-05
       598  2.4418484E-03  1.2875920E-05
       599  2.4540882E-03  1.3056200E-05
       600  2.4663893E-03  1.3239020E-05
       601  2.4787522E-03  1.3424415E-05
       602  2.4911770E-03  1.3612422E-05
       603  2.5036641E-03  1.3803076E-05
       604  2.5162137E-03  1.3996417E-05
       605  2.5288263E-03  1.4192481E-05
       606  2.5415021E-03  1.4391308E-05
       607  2.5542414E-03  1.4592936E-05
       608  2.5670446E-03  1.4797404E-05
       609  2.5799120E-03  1.5004754E-05
       610  2.5928438E-03  1.5215025E-05
       611  2.6058405E-03  1.5428260E-05
       612  2.6189023E-03  1.5644499E-05
       613  2.6320297E-03  1.5863786E-05
       614  2.6452228E-03  1.6086163E-05
       615  2.6584820E-03  1.6311674E-05
       616  2.6718077E-03  1.6540363E-05
       617  2.6852002E-03  1.6772276E-05
       618  2.6986598E-03  1.7007457E-05
       619  2.7121869E-03  1.7245954E-05
       620  2.7257818E-03  1.7487812E-05
       621  2.7394448E-03  1.7733080E-05
       622  2.7531763E-03  1.7981805E-05
       623  2.7669767E-03  1.8234036E-05
       624  2.7808462E-03  1.8489823E-05
       625  2.7947853E-03  1.8749217E-05
       626  2.8087942E-03  1.9012267E-05
       627  2.8228733E-03  1.9279027E-05
       628  2.8370230E-03  1.9549547E-05
       629  2.8512437E-03  1.9823881E-05
       630  2.8655356E-03  2.0102084E-05
       631  2.8798992E-03  2.0384209E-05
       632  2.8943347E-03  2.0670313E-05
       633  2.9088426E-03  2.0960451E-05
       634  2.9234233E-03  2.1254680E-05
       635  2.9380770E-03  2.1553058E-05
       636  2.9528042E-03  2.1855644E-05
       637  2.9676051E-03  2.2162497E-05
       638  2.9824803E-03  2.2473677E-05
       639  2.9974301E-03  2.2789246E-05
       640  3.0124548E-03  2.3109265E-05
       641  3.0275547E-03  2.3433797E-05
       642  3.0427304E-03  2.3762907E-05
       643  3.0579822E-03  2.4096658E-05
       644  3.0733104E-03  2.4435116E-05
       645  3.0887154E-03  2.4778347E-05
       646  3.1041977E-03  2.5126420E-05
       647  3.1197575E-03  2.5479401E-05
       648  3.1353954E-03  2.5837362E-05
       649  3.1511116E-03  2.6200371E-05
       650  3.1669066E-03  2.6568500E-05
       651  3.1827808E-03  2.6941821E-05
       652  3.1987346E-03  2.7320408E-05
       653  3.2147683E-03  2.7704335E-05
       654  3.2308824E-03  2.8093677E-05
       655  3.2470772E-03  2.8488511E-05
       656  3.2633533E-03  2.8888914E-05
       657  3.2797109E-03  2.9294964E-05
       658  3.2961505E-03  2.9706742E-05
       659  3.3126725E-03  3.0124327E-05
       660  3.3292774E-03  3.0547803E-05
       661  3.3459655E-03  3.0977252E-05
       662  3.3627372E-03  3.1412758E-05
       663  3.3795930E-03  3.1854407E-05
       664  3.3965332E-03  3.2302285E-05
       665  3.4135584E-03  3.2756480E-05
       666  3.4306690E-03  3.3217082E-05
       667  3.4478653E-03  3.3684179E-05
       668  3.4651478E-03  3.4157865E-05
       669  3.4825169E-03  3.4638232E-05
       670  3.4999731E-03  3.5125374E-05
       671  3.5175168E-03  3.5619386E-05
       672  3.5351484E-03  3.6120366E-05
       673  3.5528684E-03  3.6628411E-05
       674  3.5706772E-03  3.7143622E-05
       675  3.5885753E-03  3.7666098E-05
       676  3.6065631E-03  3.8195943E-05
       677  3.6246411E-03  3.8733260E-05
       678  3.6428097E-03  3.9278154E-05
       679  3.6610694E-03  3.9830732E-05
       680  3.6794205E-03  4.0391102E-05
       681  3.6978637E-03  4.0959375E-05
       682  3.7163993E-03  4.1535660E-05
       683  3.7350279E-03  4.2120072E-05
       684  3.7537498E-03  4.2712724E-05
       685  3.7725655E-03  4.3313732E-05
       686  3.7914756E-03  4.3923214E-05
       687  3.8104804E-03  4.4541290E-05
       688  3.8295805E-03  4.5168079E-05
       689  3.8487764E-03  4.5803705E-05
       690  3.8680685E-03  4.6448293E-05
       691  3.8874572E-03  4.7101967E-05
       692  3.9069432E-03  4.7764856E-05
       693  3.9265268E-03  4.8437089E-05
       694  3.9462086E-03  4.9118798E-05
       695  3.9659891E-03  4.9810117E-05
       696  3.9858687E-03  5.0511179E-05
       697  4.0058479E-03  5.1222122E-05
       698  4.0259273E-03  5.1943085E-05
       699  4.0461074E-03  5.2674209E-05
       700  4.0663886E-03  5.3415637E-05
       701  4.0867714E-03  5.4167512E-05
       702  4.1072565E-03  5.4929983E-05
       703  4.1278442E-03  5.5703198E-05
       704  4.1485351E-03  5.6487307E-05
       705  4.1693297E-03  5.7282463E-05
       706  4.1902285E-03  5.8088823E-05
       707  4.2112322E-03  5.8906543E-05
       708  4.2323410E-03  5.9735782E-05
       709  4.2535557E-03  6.0576702E-05
       710  4.2748768E-03  6.1429468E-05
       711  4.2963047E-03  6.2294244E-05
       712  4.3178400E-03  6.3171201E-05
       713  4.3394833E-03  6.4060508E-05
       714  4.3612350E-03  6.4962339E-05
       715  4.3830958E-03  6.5876869E-05
       716  4.4050662E-03  6.6804277E-05
       717  4.4271466E-03  6.7744743E-05
       718  4.4493378E-03  6.8698451E-05
       719  4.4716402E-03  6.9665584E-05
       720  4.4940544E-03  7.0646333E-05
       721  4.5165809E-03  7.1640887E-05
       722  4.5392204E-03  7.2649440E-05
       723  4.5619733E-03  7.3672189E-05
       724  4.5848403E-03  7.4709331E-05
       725  4.6078219E-03  7.5761068E-05
       726  4.6309187E-03  7.6827605E-05
       727  4.6541313E-03  7.7909149E-05
       728  4.6774602E-03  7.9005909E-05
       729  4.7009061E-03  8.0118100E-05
       730  4.7244695E-03  8.1245936E-05
       731  4.7481510E-03  8.2389637E-05
       732  4.7719512E-03  8.3549424E-05
       733  4.7958707E-03  8.4725522E-05
       734  4.8199101E-03  8.5918160E-05
       735  4.8440700E-03  8.7127568E-05
       736  4.8683510E-03  8.8353982E-05
       737  4.8927537E-03  8.9597637E-05
       738  4.9172788E-03  9.0858777E-05
       739  4.9419267E-03  9.2137644E-05
       740  4.9666982E-03  9.3434486E-05
       741  4.9915939E-03  9.4749555E-05
       742  5.0166144E-03  9.6083104E-05
       743  5.0417603E-03  9.7435392E-05
       744  5.0670322E-03  9.8806681E-05
       745  5.0924308E-03  1.0019723E-04
       746  5.1179567E-03  1.0160732E-04
       747  5.1436106E-03  1.0303722E-04
       748  5.1693930E-03  1.0448719E-04
       749  5.1953047E-03  1.0595753E-04
       750  5.2213463E-03  1.0744852E-04
       751  5.2475184E-03  1.0896044E-04
       752  5.2738217E-03  1.1049359E-04
       753  5.3002568E-03  1.1204826E-04
       754  5.3268245E-03  1.1362475E-04
       755  5.3535253E-03  1.1522336E-04
       756  5.3803600E-03  1.1684441E-04
       757  5.4073291E-03  1.1848820E-04
       758  5.4344335E-03  1.2015506E-04
       759  5.4616737E-03  1.2184530E-04
       760  5.4890504E-03  1.2355925E-04
       761  5.5165644E-03  1.2529723E-04
       762  5.5442163E-03  1.2705959E-04
       763  5.5720068E-03  1.2884666E-04
       764  5.5999366E-03  1.3065878E-04
       765  5.6280064E-03  1.3249631E-04
       766  5.6562169E-03  1.3435959E-04
       767  5.6845688E-03  1.3624899E-04
       768  5.7130628E-03  1.3816486E-04
       769  5.7416997E-03  1.4010757E-04
       770  5.7704801E-03  1.4207750E-04
       771  5.7994047E-03  1.4407503E-04
       772  5.8284744E-03  1.4610053E-04
       773  5.8576897E-03  1.4815439E-04
       774  5.8870515E-03  1.5023701E-04
       775  5.9165605E-03  1.5234879E-04
       776  5.9462174E-03  1.5449013E-04
       777  5.9760229E-03  1.5666144E-04
       778  6.0059778E-03  1.5886313E-04
       779  6.0360829E-03  1.6109563E-04
       780  6.0663389E-03  1.6335936E-04
       781  6.0967466E-03  1.6565476E-04
       782  6.1273066E-03  1.6798226E-04
       783  6.1580199E-03  1.7034230E-04
       784  6.1888871E-03  1.7273534E-04
       785  6.2199090E-03  1.7516184E-04
       786  6.2510864E-03  1.7762225E-04
       787  6.2824201E-03  1.8011705E-04
       788  6.3139109E-03  1.8264670E-04
       789  6.3455595E-03  1.8521170E-04
       790  6.3773668E-03  1.8781252E-04
       791  6.4093334E-03  1.9044967E-04
       792  6.4414604E-03  1.9312364E-04
       793  6.4737483E-03  1.9583495E-04
       794  6.5061981E-03  1.9858410E-04
       795  6.5388106E-03  2.0137163E-04
       796  6.5715865E-03  2.0419805E-04
       797  6.6045267E-03  2.0706390E-04
       798  6.6376320E-03  2.0996974E-04
       799  6.6709033E-03  2.1291610E-04
       800  6.7043413E-03  2.1590354E-04
       801  6.7379470E-03  2.1893264E-04
       802  6.7717211E-03  2.2200397E-04
       803  6.8056645E-03  2.2511810E-04
       804  6.8397780E-03  2.2827562E-04
       805  6.8740626E-03  2.3147714E-04
       806  6.9085189E-03  2.3472325E-04
       807  6.9431480E-03  2.3801457E-04
       808  6.9779507E-03  2.4135172E-04
       809  7.0129278E-03  2.4473532E-04
       810  7.0480803E-03  2.4816603E-04
       811  7.0834089E-03  2.5164447E-04
       812  7.1189147E-03  2.5517131E-04
       813  7.1545984E-03  2.5874722E-04
       814  7.1904609E-03  2.6237285E-04
       815  7.2265033E-03  2.6604890E-04
       816  7.2627263E-03  2.6977606E-04
       817  7.2991308E-03  2.7355502E-04
       818  7.3357179E-03  2.7738650E-04
       819  7.3724883E-03  2.8127121E-04
       820  7.4094431E-03  2.8520988E-04
       821  7.4465831E-03  2.8920325E-04
       822  7.4839092E-03  2.9325207E-04
       823  7.5214225E-03  2.9735709E-04
       824  7.5591238E-03  3.0151908E-04
       825  7.5970140E-03  3.0573883E-04
       826  7.6350942E-03  3.1001711E-04
       827  7.6733653E-03  3.1435474E-04
       828  7.7118282E-03  3.1875250E-04
       829  7.7504839E-03  3.2321124E-04
       830  7.7893334E-03  3.2773178E-04
       831  7.8283775E-03  3.3231495E-04
       832  7.8676175E-03  3.3696162E-04
       833  7.9070541E-03  3.4167265E-04
       834  7.9466883E-03  3.4644892E-04
       835  7.9865213E-03  3.5129130E-04
       836  8.0265539E-03  3.5620071E-04
       837  8.0667871E-03  3.6117805E-04
       838  8.1072221E-03  3.6622424E-04
       839  8.1478597E-03  3.7134023E-04
       840  8.1887010E-03  3.7652695E-04
       841  8.2297470E-03  3.8178538E-04
       842  8.2709988E-03  3.8711647E-04
       843  8.3124574E-03  3.9252123E-04
       844  8.3541237E-03  3.9800063E-04
       845  8.3959990E-03  4.0355571E-04
       846  8.4380841E-03  4.0918748E-04
       847  8.4803802E-03  4.1489698E-04
       848  8.5228882E-03  4.2068527E-04
       849  8.5656094E-03  4.2655340E-04
       850  8.6085447E-03  4.3250247E-04
       851  8.6516952E-03  4.3853355E-04
       852  8.6950620E-03  4.4464777E-04
       853  8.7386462E-03  4.5084625E-04
       854  8.7824488E-03  4.5713011E-04
       855  8.8264710E-03  4.6350052E-04
       856  8.8707139E-03  4.6995864E-04
       857  8.9151785E-03  4.7650566E-04
       858  8.9598661E-03  4.8314276E-04
       859  9.0047776E-03  4.8987118E-04
       860  9.0499142E-03  4.9669213E-04
       861  9.0952771E-03  5.0360685E-04
       862  9.1408674E-03  5.1061663E-04
       863  9.1866862E-03  5.1772272E-04
       864  9.2327346E-03  5.2492642E-04
       865  9.2790139E-03  5.3222906E-04
       866  9.3255251E-03  5.3963194E-04
       867  9.3722695E-03  5.4713643E-04
       868  9.4192482E-03  5.5474388E-04
       869  9.4664624E-03  5.6245567E-04
       870  9.5139132E-03  5.7027321E-04
       871  9.5616019E-03  5.7819790E-04
       872  9.6095297E-03  5.8623118E-04
       873  9.6576976E-03  5.9437452E-04
       874  9.7061070E-03  6.0262936E-04
       875  9.7547591E-03  6.1099722E-04
       876  9.8036550E-03  6.1947960E-04
       877  9.8527961E-03  6.2807803E-04
       878  9.9021834E-03  6.3679405E-04
       879  9.9518183E-03  6.4562924E-04
       880  1.0001702E-02  6.5458518E-04
       881  1.0051836E-02  6.6366349E-04
       882  1.0102221E-02  6.7286579E-04
       883  1.0152858E-02  6.8219374E-04
       884  1.0203750E-02  6.9164901E-04
       885  1.0254896E-02  7.0123329E-04
       886  1.0306299E-02  7.1094829E-04
       887  1.0357960E-02  7.2079576E-04
       888  1.0409879E-02  7.3077744E-04
       889  1.0462059E-02  7.4089513E-04
       890  1.0514500E-02  7.5115063E-04
       891  1.0567204E-02  7.6154576E-04
       892  1.0620173E-02  7.7208237E-04
       893  1.0673407E-02  7.8276234E-04
       894  1.0726907E-02  7.9358756E-04
       895  1.0780676E-02  8.0455996E-04
       896  1.0834714E-02  8.1568148E-04
       897  1.0889024E-02  8.2695409E-04
       898  1.0943605E-02  8.3837978E-04
       899  1.0998460E-02  8.4996058E-04
       900  1.1053590E-02  8.6169853E-04
       901  1.1108997E-02  8.7359571E-04
       902  1.1164681E-02  8.8565420E-04
       903  1.1220644E-02  8.9787614E-04
       904  1.1276888E-02  9.1026367E-04
       905  1.1333413E-02  9.2281897E-04
       906  1.1390222E-02  9.3554425E-04
       907  1.1447316E-02  9.4844174E-04
       908  1.1504696E-02  9.6151369E-04
       909  1.1562363E-02  9.7476240E-04
       910  1.1620320E-02  9.8819019E-04
       911  1.1678567E-02  1.0017994E-03
       912  1.1737106E-02  1.0155924E-03
       913  1.1795939E-02  1.0295716E-03
       914  1.1855066E-02  1.0437394E-03
       915  1.1914490E-02  1.0580984E-03
       916  1.1974211E-02  1.0726509E-03
       917  1.2034232E-02  1.0873995E-03
       918  1.2094554E-02  1.1023468E-03
       919  1.2155178E-02  1.1174954E-03
       920  1.2216106E-02  1.1328479E-03
       921  1.2277340E-02  1.1484069E-03
       922  1.2338880E-02  1.1641752E-03
       923  1.2400729E-02  1.1801553E-03
       924  1.2462888E-02  1.1963502E-03
       925  1.2525359E-02  1.2127626E-03
       926  1.2588142E-02  1.2293953E-03
       927  1.2651241E-02  1.2462511E-03
       928  1.2714655E-02  1.2633330E-03
       929  1.2778388E-02  1.2806439E-03
       930  1.2842440E-02  1.2981867E-03
       931  1.2906813E-02  1.3159644E-03
       932  1.2971508E-02  1.3339802E-03
       933  1.3036528E-02  1.3522369E-03
       934  1.3101874E-02  1.3707378E-03
       935  1.3167547E-02  1.3894860E-03
       936  1.3233550E-02  1.4084847E-03
       937  1.3299884E-02  1.4277371E-03
       938  1.3366549E-02  1.4472464E-03
       939  1.3433550E-02  1.4670161E-03
       940  1.3500886E-02  1.4870493E-03
       941  1.3568559E-02  1.5073495E-03
       942  1.3636572E-02  1.5279201E-03
       943  1.3704925E-02  1.5487646E-03
       944  1.3773622E-02  1.5698865E-03
       945  1.3842662E-02  1.5912893E-03
       946  1.3912049E-02  1.6129766E-03
       947  1.3981783E-02  1.6349521E-03
       948  1.4051867E-02  1.6572194E-03
       949  1.4122302E-02  1.6797823E-03
       950  1.4193091E-02  1.7026444E-03
       951  1.4264234E-02  1.7258097E-03
       952  1.4335734E-02  1.7492819E-03
       953  1.4407592E-02  1.7730650E-03
       954  1.4479810E-02  1.7971630E-03
       955  1.4552391E-02  1.8215797E-03
       956  1.4625335E-02  1.8463193E-03
       957  1.4698645E-02  1.8713858E-03
       958  1.4772322E-02  1.8967834E-03
       959  1.4846368E-02  1.9225163E-03
       960  1.4920786E-02  1.9485887E-03
       961  1.4995577E-02  1.9750048E-03
       962  1.5070742E-02  2.0017691E-03
       963  1.5146285E-02  2.0288859E-03
       964  1.5222206E-02  2.0563596E-03
       965  1.5298508E-02  2.0841947E-03
       966  1.5375192E-02  2.1123958E-03
       967  1.5452260E-02  2.1409674E-03
       968  1.5529715E-02  2.1699142E-03
       969  1.5607558E-02  2.1992410E-03
       970  1.5685791E-02  2.2289524E-03
       971  1.5764416E-02  2.2590533E-03
       972  1.5843436E-02  2.2895485E-03
       973  1.5922852E-02  2.3204429E-03
       974  1.6002665E-02  2.3517416E-03
       975  1.6082879E-02  2.3834496E-03
       976  1.6163495E-02  2.4155719E-03
       977  1.6244514E-02  2.4481138E-03
       978  1.6325940E-02  2.4810803E-03
       979  1.6407775E-02  2.5144769E-03
       980  1.6490019E-02  2.5483088E-03
       981  1.6572675E-02  2.5825814E-03
       982  1.6655746E-02  2.6173001E-03
       983  1.6739234E-02  2.6524706E-03
       984  1.6823139E-02  2.6880983E-03
       985  1.6907466E-02  2.7241889E-03
       986  1.6992215E-02  2.7607481E-03
       987  1.7077389E-02  2.7977817E-03
       988  1.7162989E-02  2.8352955E-03
       989  1.7249019E-02  2.8732954E-03
       990  1.7335480E-02  2.9117873E-03
       991  1.7422375E-02  2.9507773E-03
       992  1.7509705E-02  2.9902716E-03
       993  1.7597472E-02  3.0302762E-03
       994  1.7685680E-02  3.0707974E-03
       995  1.7774330E-02  3.1118414E-03
       996  1.7863424E-02  3.1534148E-03
       997  1.7952965E-02  3.1955238E-03
       998  1.8042955E-02  3.2381751E-03
       999  1.8133395E-02  3.2813753E-03
      1000  1.8224289E-02  3.3251308E-03
      1001  1.8315639E-02  3.3694486E-03
      1002  1.8407446E-02  3.4143355E-03
      1003  1.8499714E-02  3.4597982E-03
      1004  1.8592444E-02  3.5058437E-03
      1005  1.8685639E-02  3.5524792E-03
      1006  1.8779301E-02  3.5997116E-03
      1007  1.8873433E-02  3.6475482E-03
      1008  1.8968037E-02  3.6959963E-03
      1009  1.9063114E-02  3.7450631E-03
      1010  1.9158669E-02  3.7947562E-03
      1011  1.9254702E-02  3.8450829E-03
      1012  1.9351216E-02  3.8960509E-03
      1013  1.9448215E-02  3.9476679E-03
      1014  1.9545699E-02  3.9999416E-03
      1015  1.9643673E-02  4.0528797E-03
      1016  1.9742137E-02  4.1064903E-03
      1017  1.9841095E-02  4.1607813E-03
      1018  1.9940549E-02  4.2157608E-03
      1019  2.0040501E-02  4.2714370E-03
      1020  2.0140954E-02  4.3278181E-03
      1021  2.0241911E-02  4.3849124E-03
      1022  2.0343374E-02  4.4427284E-03
      1023  2.0445346E-02  4.5012745E-03
      1024  2.0547829E-02  4.5605595E-03
      1025  2.0650825E-02  4.6205919E-03
      1026  2.0754338E-02  4.6813805E-03
      1027  2.0858369E-02  4.7429343E-03
      1028  2.0962922E-02  4.8052621E-03
      1029  2.1068000E-02  4.8683731E-03
      1030  2.1173603E-02  4.9322763E-03
      1031  2.1279736E-02  4.9969811E-03
      1032  2.1386402E-02  5.0624968E-03
      1033  2.1493601E-02  5.1288327E-03
      1034  2.1601338E-02  5.1959984E-03
      1035  2.1709616E-02  5.2640036E-03
      1036  2.1818436E-02  5.3328580E-03
      1037  2.1927801E-02  5.4025713E-03
      1038  2.2037714E-02  5.4731536E-03
      1039  2.2148179E-02  5.5446147E-03
      1040  2.2259197E-02  5.6169649E-03
      1041  2.2370772E-02  5.6902143E-03
      1042  2.2482906E-02  5.7643734E-03
      1043  2.2595602E-02  5.8394524E-03
      1044  2.2708863E-02  5.9154619E-03
      1045  2.2822691E-02  5.9924126E-03
      1046  2.2937091E-02  6.0703152E-03
      1047  2.3052063E-02  6.1491805E-03
      1048  2.3167612E-02  6.2290194E-03
      1049  2.3283740E-02  6.3098431E-03
      1050  2.3400451E-02  6.3916627E-03
      1051  2.3517746E-02  6.4744894E-03
      1052  2.3635629E-02  6.5583346E-03
      1053  2.3754103E-02  6.6432098E-03
      1054  2.3873171E-02  6.7291266E-03
      1055  2.3992836E-02  6.8160968E-03
      1056  2.4113100E-02  6.9041320E-03
      1057  2.4233968E-02  6.9932443E-03
      1058  2.4355441E-02  7.0834457E-03
      1059  2.4477523E-02  7.1747484E-03
      1060  2.4600217E-02  7.2671645E-03
      1061  2.4723526E-02  7.3607066E-03
      1062  2.4847454E-02  7.4553870E-03
      1063  2.4972002E-02  7.5512185E-03
      1064  2.5097175E-02  7.6482137E-03
      1065  2.5222975E-02  7.7463855E-03
      1066  2.5349406E-02  7.8457469E-03
      1067  2.5476470E-02  7.9463109E-03
      1068  2.5604171E-02  8.0480908E-03
      1069  2.5732513E-02  8.1510998E-03
      1070  2.5861497E-02  8.2553515E-03
      1071  2.5991129E-02  8.3608593E-03
      1072  2.6121410E-02  8.4676371E-03
      1073  2.6252344E-02  8.5756985E-03
      1074  2.6383934E-02  8.6850576E-03
      1075  2.6516184E-02  8.7957283E-03
      1076  2.6649097E-02  8.9077249E-03
      1077  2.6782676E-02  9.0210616E-03
      1078  2.6916925E-02  9.1357530E-03
      1079  2.7051847E-02  9.2518135E-03
      1080  2.7187445E-02  9.3692578E-03
      1081  2.7323722E-02  9.4881008E-03
      1082  2.7460683E-02  9.6083574E-03
      1083  2.7598330E-02  9.7300426E-03
      1084  2.7736668E-02  9.8531716E-03
      1085  2.7875698E-02  9.9777598E-03
      1086  2.8015426E-02  1.0103823E-02
      1087  2.8155854E-02  1.0231376E-02
      1088  2.8296985E-02  1.0360434E-02
      1089  2.8438825E-02  1.0491015E-02
      1090  2.8581375E-02  1.0623133E-02
      1091  2.8724640E-02  1.0756805E-02
      1092  2.8868623E-02  1.0892048E-02
      1093  2.9013327E-02  1.1028876E-02
      1094  2.9158757E-02  1.1167308E-02
      1095  2.9304916E-02  1.1307359E-02
      1096  2.9451807E-02  1.1449046E-02
      1097  2.9599435E-02  1.1592386E-02
      1098  2.9747803E-02  1.1737397E-02
      1099  2.9896914E-02  1.1884095E-02
      1100  3.0046773E-02  1.2032498E-02
      1101  3.0197383E-02  1.2182623E-02
      1102  3.0348748E-02  1.2334488E-02
      1103  3.0500872E-02  1.2488110E-02
      1104  3.0653758E-02  1.2643507E-02
      1105  3.0807411E-02  1.2800697E-02
      1106  3.0961834E-02  1.2959699E-02
      1107  3.1117031E-02  1.3120530E-02
      1108  3.1273005E-02  1.3283209E-02
      1109  3.1429762E-02  1.3447755E-02
      1110  3.1587304E-02  1.3614186E-02
      1111  3.1745636E-02  1.3782520E-02
      1112  3.1904762E-02  1.3952778E-02
      1113  3.2064685E-02  1.4124977E-02
      1114  3.2225410E-02  1.4299137E-02
      1115  3.2386941E-02  1.4475278E-02
      1116  3.2549281E-02  1.4653419E-02
      1117  3.2712435E-02  1.4833579E-02
      1118  3.2876407E-02  1.5015778E-02
      1119  3.3041200E-02  1.5200036E-02
      1120  3.3206820E-02  1.5386374E-02
      1121  3.3373270E-02  1.5574810E-02
      1122  3.3540554E-02  1.5765366E-02
      1123  3.3708677E-02  1.5958062E-02
      1124  3.3877642E-02  1.6152918E-02
      1125  3.4047455E-02  1.6349956E-02
      1126  3.4218118E-02  1.6549195E-02
      1127  3.4389637E-02  1.6750657E-02
      1128  3.4562016E-02  1.6954363E-02
      1129  3.4735259E-02  1.7160335E-02
      1130  3.4909370E-02  1.7368592E-02
      1131  3.5084354E-02  1.7579158E-02
      1132  3.5260215E-02  1.7792053E-02
      1133  3.5436958E-02  1.8007300E-02
      1134  3.5614586E-02  1.8224919E-02
      1135  3.5793105E-02  1.8444934E-02
      1136  3.5972519E-02  1.8667366E-02
      1137  3.6152832E-02  1.8892237E-02
      1138  3.6334049E-02  1.9119570E-02
      1139  3.6516174E-02  1.9349388E-02
      1140  3.6699212E-02  1.9581712E-02
      1141  3.6883167E-02  1.9816567E-02
      1142  3.7068045E-02  2.0053973E-02
      1143  3.7253849E-02  2.0293955E-02
      1144  3.7440585E-02  2.0536536E-02
      1145  3.7628257E-02  2.0781739E-02
      1146  3.7816869E-02  2.1029587E-02
      1147  3.8006427E-02  2.1280103E-02
      1148  3.8196935E-02  2.1533312E-02
      1149  3.8388398E-02  2.1789236E-02
      1150  3.8580821E-02  2.2047901E-02
      1151  3.8774208E-02  2.2309328E-02
      1152  3.8968564E-02  2.2573544E-02
      1153  3.9163895E-02  2.2840571E-02
      1154  3.9360205E-02  2.3110434E-02
      1155  3.9557499E-02  2.3383158E-02
      1156  3.9755782E-02  2.3658766E-02
      1157  3.9955058E-02  2.3937284E-02
      1158  4.0155334E-02  2.4218735E-02
      1159  4.0356613E-02  2.4503146E-02
      1160  4.0558902E-02  2.4790539E-02
      1161  4.0762204E-02  2.5080942E-02
      1162  4.0966525E-02  2.5374378E-02
      1163  4.1171871E-02  2.5670872E-02
      1164  4.1378246E-02  2.5970450E-02
      1165  4.1585655E-02  2.6273138E-02
      1166  4.1794104E-02  2.6578960E-02
      1167  4.2003598E-02  2.6887942E-02
      1168  4.2214142E-02  2.7200109E-02
      1169  4.2425741E-02  2.7515488E-02
      1170  4.2638401E-02  2.7834103E-02
      1171  4.2852127E-02  2.8155981E-02
      1172  4.3066924E-02  2.8481147E-02
      1173  4.3282798E-02  2.8809627E-02
      1174  4.3499754E-02  2.9141448E-02
      1175  4.3717797E-02  2.9476635E-02
      1176  4.3936934E-02  2.9815214E-02
      1177  4.4157168E-02  3.0157212E-02
      1178  4.4378507E-02  3.0502655E-02
      1179  4.4600955E-02  3.0851568E-02
      1180  4.4824519E-02  3.1203978E-02
      1181  4.5049202E-02  3.1559912E-02
      1182  4.5275012E-02  3.1919395E-02
      1183  4.5501954E-02  3.2282455E-02
      1184  4.5730034E-02  3.2649118E-02
      1185  4.5959257E-02  3.3019409E-02
      1186  4.6189628E-02  3.3393356E-02
      1187  4.6421155E-02  3.3770984E-02
      1188  4.6653842E-02  3.4152322E-02
      1189  4.6887695E-02  3.4537394E-02
      1190  4.7122721E-02  3.4926228E-02
      1191  4.7358924E-02  3.5318850E-02
      1192  4.7596312E-02  3.5715286E-02
      1193  4.7834889E-02  3.6115563E-02
      1194  4.8074663E-02  3.6519708E-02
      1195  4.8315638E-02  3.6927747E-02
      1196  4.8557821E-02  3.7339707E-02
      1197  4.8801218E-02  3.7755614E-02
      1198  4.9045835E-02  3.8175494E-02
      1199  4.9291679E-02  3.8599374E-02
      1200  4.9538754E-02  3.9027280E-02
      1201  4.9787068E-02  3.9459238E-02
      1202  5.0036627E-02  3.9895275E-02
      1203  5.0287437E-02  4.0335418E-02
      1204  5.0539504E-02  4.0779691E-02
      1205  5.0792834E-02  4.1228121E-02
      1206  5.1047434E-02  4.1680735E-02
      1207  5.1303310E-02  4.2137558E-02
      1208  5.1560469E-02  4.2598616E-02
      1209  5.1818917E-02  4.3063934E-02
      1210  5.2078661E-02  4.3533539E-02
      1211  5.2339706E-02  4.4007457E-02
      1212  5.2602060E-02  4.4485711E-02
      1213  5.2865729E-02  4.4968329E-02
      1214  5.3130719E-02  4.5455334E-02
      1215  5.3397038E-02  4.5946753E-02
      1216  5.3664692E-02  4.6442610E-02
      1217  5.3933687E-02  4.6942930E-02
      1218  5.4204031E-02  4.7447738E-02
      1219  5.4475730E-02  4.7957059E-02
      1220  5.4748791E-02  4.8470916E-02
      1221  5.5023220E-02  4.8989334E-02
      1222  5.5299025E-02  4.9512337E-02
      1223  5.5576213E-02  5.0039949E-02
      1224  5.5854790E-02  5.0572194E-02
      1225  5.6134763E-02  5.1109095E-02
      1226  5.6416140E-02  5.1650675E-02
      1227  5.6698927E-02  5.2196958E-02
      1228  5.6983131E-02  5.2747967E-02
      1229  5.7268760E-02  5.3303724E-02
      1230  5.7555821E-02  5.3864251E-02
      1231  5.7844321E-02  5.4429571E-02
      1232  5.8134267E-02  5.4999705E-02
      1233  5.8425666E-02  5.5574676E-02
      1234  5.8718526E-02  5.6154505E-02
      1235  5.9012854E-02  5.6739212E-02
      1236  5.9308657E-02  5.7328819E-02
      1237  5.9605943E-02  5.7923347E-02
      1238  5.9904719E-02  5.8522815E-02
      1239  6.0204992E-02  5.9127243E-02
      1240  6.0506771E-02  5.9736652E-02
      1241  6.0810063E-02  6.0351059E-02
      1242  6.1114874E-02  6.0970486E-02
      1243  6.1421214E-02  6.1594949E-02
      1244  6.1729089E-02  6.2224467E-02
      1245  6.2038507E-02  6.2859059E-02
      1246  6.2349477E-02  6.3498741E-02
      1247  6.2662005E-02  6.4143531E-02
      1248  6.2976099E-02  6.4793445E-02
      1249  6.3291768E-02  6.5448500E-02
      1250  6.3609020E-02  6.6108712E-02
      1251  6.3927861E-02  6.6774095E-02
      1252  6.4248301E-02  6.7444666E-02
      1253  6.4570347E-02  6.8120439E-02
      1254  6.4894007E-02  6.8801427E-02
      1255  6.5219290E-02  6.9487645E-02
      1256  6.5546203E-02  7.0179106E-02
      1257  6.5874754E-02  7.0875822E-02
      1258  6.6204953E-02  7.1577805E-02
      1259  6.6536807E-02  7.2285068E-02
      1260  6.6870324E-02  7.2997620E-02
      1261  6.7205513E-02  7.3715474E-02
      1262  6.7542382E-02  7.4438639E-02
      1263  6.7880939E-02  7.5167123E-02
      1264  6.8221194E-02  7.5900937E-02
      1265  6.8563154E-02  7.6640089E-02
      1266  6.8906828E-02  7.7384585E-02
      1267  6.9252225E-02  7.8134434E-02
      1268  6.9599354E-02  7.8889642E-02
      1269  6.9948222E-02  7.9650214E-02
      1270  7.0298839E-02  8.0416156E-02
      1271  7.0651213E-02  8.1187473E-02
      1272  7.1005354E-02  8.1964167E-02
      1273  7.1361270E-02  8.2746243E-02
      1274  7.1718969E-02  8.3533702E-02
      1275  7.2078462E-02  8.4326547E-02
      1276  7.2439757E-02  8.5124778E-02
      1277  7.2802863E-02  8.5928396E-02
      1278  7.3167789E-02  8.6737400E-02
      1279  7.3534544E-02  8.7551789E-02
      1280  7.3903137E-02  8.8371560E-02
      1281  7.4273578E-02  8.9196712E-02
      1282  7.4645876E-02  9.0027240E-02
      1283  7.5020040E-02  9.0863140E-02
      1284  7.5396080E-02  9.1704407E-02
      1285  7.5774004E-02  9.2551034E-02
      1286  7.6153823E-02  9.3403015E-02
      1287  7.6535545E-02  9.4260340E-02
      1288  7.6919181E-02  9.5123003E-02
      1289  7.7304740E-02  9.5990992E-02
      1290  7.7692232E-02  9.6864298E-02
      1291  7.8081666E-02  9.7742908E-02
      1292  7.8473052E-02  9.8626811E-02
      1293  7.8866400E-02  9.9515992E-02
      1294  7.9261719E-02  1.0041044E-01
      1295  7.9659020E-02  1.0131013E-01
      1296  8.0058313E-02  1.0221506E-01
      1297  8.0459607E-02  1.0312520E-01
      1298  8.0862912E-02  1.0404053E-01
      1299  8.1268239E-02  1.0496105E-01
      1300  8.1675598E-02  1.0588671E-01
      1301  8.2084999E-02  1.0681752E-01
      1302  8.2496451E-02  1.0775343E-01
      1303  8.2909967E-02  1.0869443E-01
      1304  8.3325555E-02  1.0964049E-01
      1305  8.3743226E-02  1.1059159E-01
      1306  8.4162990E-02  1.1154769E-01
      1307  8.4584859E-02  1.1250878E-01
      1308  8.5008842E-02  1.1347481E-01
      1309  8.5434951E-02  1.1444576E-01
      1310  8.5863195E-02  1.1542160E-01
      1311  8.6293586E-02  1.1640229E-01
      1312  8.6726135E-02  1.1738780E-01
      1313  8.7160851E-02  1.1837809E-01
      1314  8.7597747E-02  1.1937313E-01
      1315  8.8036833E-02  1.2037286E-01
      1316  8.8478119E-02  1.2137727E-01
      1317  8.8921617E-02  1.2238630E-01
      1318  8.9367339E-02  1.2339991E-01
      1319  8.9815295E-02  1.2441806E-01
      1320  9.0265496E-02  1.2544070E-01
      1321  9.0717953E-02  1.2646778E-01
      1322  9.1172679E-02  1.2749926E-01
      1323  9.1629684E-02  1.2853509E-01
      1324  9.2088980E-02  1.2957522E-01
      1325  9.2550578E-02  1.3061959E-01
      1326  9.3014489E-02  1.3166814E-01
      1327  9.3480726E-02  1.3272084E-01
      1328  9.3949300E-02  1.3377760E-01
      1329  9.4420223E-02  1.3483839E-01
      1330  9.4893507E-02  1.3590313E-01
      1331  9.5369162E-02  1.3697177E-01
      1332  9.5847202E-02  1.3804425E-01
      1333  9.6327638E-02  1.3912049E-01
      1334  9.6810483E-02  1.4020043E-01
      1335  9.7295747E-02  1.4128401E-01
      1336  9.7783444E-02  1.4237115E-01
      1337  9.8273586E-02  1.4346178E-01
      1338  9.8766184E-02  1.4455584E-01
      1339  9.9261252E-02  1.4565324E-01
      1340  9.9758801E-02  1.4675391E-01
      1341  1.0025884E-01  1.4785776E-01
      1342  1.0076139E-01  1.4896474E-01
      1343  1.0126646E-01  1.5007474E-01
      1344  1.0177406E-01  1.5118768E-01
      1345  1.0228421E-01  1.5230349E-01
      1346  1.0279691E-01  1.5342208E-01
      1347  1.0331218E-01  1.5454335E-01
      1348  1.0383003E-01  1.5566721E-01
      1349  1.0435048E-01  1.5679359E-01
      1350  1.0487354E-01  1.5792237E-01
      1351  1.0539922E-01  1.5905347E-01
      1352  1.0592754E-01  1.6018678E-01
      1353  1.0645850E-01  1.6132222E-01
      1354  1.0699213E-01  1.6245967E-01
      1355  1.0752843E-01  1.6359904E-01
      1356  1.0806742E-01  1.6474021E-01
      1357  1.0860911E-01  1.6588309E-01
      1358  1.0915351E-01  1.6702756E-01
      1359  1.0970065E-01  1.6817352E-01
      1360  1.1025053E-01  1.6932085E-01
      1361  1.1080316E-01  1.7046943E-01
      1362  1.1135856E-01  1.7161916E-01
      1363  1.1191675E-01  1.7276991E-01
      1364  1.1247773E-01  1.7392156E-01
      1365  1.1304153E-01  1.7507399E-01
      1366  1.1360815E-01  1.7622707E-01
      1367  1.1417762E-01  1.7738069E-01
      1368  1.1474993E-01  1.7853471E-01
      1369  1.1532512E-01  1.7968900E-01
      1370  1.1590319E-01  1.8084343E-01
      1371  1.1648416E-01  1.8199786E-01
      1372  1.1706804E-01  1.8315217E-01
      1373  1.1765484E-01  1.8430621E-01
      1374  1.1824459E-01  1.8545984E-01
      1375  1.1883729E-01  1.8661292E-01
      1376  1.1943297E-01  1.8776531E-01
      1377  1.2003163E-01  1.8891685E-01
      1378  1.2063329E-01  1.9006741E-01
      1379  1.2123797E-01  1.9121684E-01
      1380  1.2184567E-01  1.9236497E-01
      1381  1.2245643E-01  1.9351166E-01
      1382  1.2307024E-01  1.9465675E-01
      1383  1.2368714E-01  1.9580008E-01
      1384  1.2430712E-01  1.9694149E-01
      1385  1.2493021E-01  1.9808082E-01
      1386  1.2555643E-01  1.9921791E-01
      1387  1.2618578E-01  2.0035259E-01
      1388  1.2681829E-01  2.0148469E-01
      1389  1.2745397E-01  2.0261404E-01
      1390  1.2809284E-01  2.0374047E-01
      1391  1.2873490E-01  2.0486381E-01
      1392  1.2938019E-01  2.0598387E-01
      1393  1.3002871E-01  2.0710049E-01
      1394  1.3068048E-01  2.0821348E-01
      1395  1.3133552E-01  2.0932265E-01
      1396  1.3199384E-01  2.1042783E-01
      1397  1.3265547E-01  2.1152883E-01
      1398  1.3332040E-01  2.1262545E-01
      1399  1.3398867E-01  2.1371752E-01
      1400  1.3466030E-01  2.1480484E-01
      1401  1.3533528E-01  2.1588721E-01
      1402  1.3601365E-01  2.1696444E-01
      1403  1.3669543E-01  2.1803634E-01
      1404  1.3738061E-01  2.1910269E-01
      1405  1.3806924E-01  2.2016330E-01
      1406  1.3876131E-01  2.2121798E-01
      1407  1.3945686E-01  2.2226650E-01
      1408  1.4015589E-01  2.2330867E-01
      1409  1.4085842E-01  2.2434427E-01
      1410  1.4156448E-01  2.2537310E-01
      1411  1.4227407E-01  2.2639495E-01
      1412  1.4298722E-01  2.2740959E-01
      1413  1.4370395E-01  2.2841682E-01
      1414  1.4442427E-01  2.2941641E-01
      1415  1.4514820E-01  2.3040815E-01
      1416  1.4587576E-01  2.3139181E-01
      1417  1.4660696E-01  2.3236717E-01
      1418  1.4734183E-01  2.3333401E-01
      1419  1.4808039E-01  2.3429210E-01
      1420  1.4882264E-01  2.3524122E-01
      1421  1.4956862E-01  2.3618112E-01
      1422  1.5031834E-01  2.3711159E-01
      1423  1.5107181E-01  2.3803239E-01
      1424  1.5182906E-01  2.3894329E-01
      1425  1.5259011E-01  2.3984405E-01
      1426  1.5335497E-01  2.4073443E-01
      1427  1.5412366E-01  2.4161419E-01
      1428  1.5489621E-01  2.4248310E-01
      1429  1.5567263E-01  2.4334091E-01
      1430  1.5645294E-01  2.4418738E-01
      1431  1.5723717E-01  2.4502227E-01
      1432  1.5802532E-01  2.4584533E-01
      1433  1.5881743E-01  2.4665631E-01
      1434  1.5961350E-01  2.4745497E-01
      1435  1.6041357E-01  2.4824105E-01
      1436  1.6121764E-01  2.4901430E-01
      1437  1.6202575E-01  2.4977448E-01
      1438  1.6283791E-01  2.5052133E-01
      1439  1.6365414E-01  2.5125460E-01
      1440  1.6447446E-01  2.5197402E-01
      1441  1.6529889E-01  2.5267936E-01
      1442  1.6612745E-01  2.5337033E-01
      1443  1.6696017E-01  2.5404670E-01
      1444  1.6779706E-01  2.5470820E-01
      1445  1.6863815E-01  2.5535457E-01
      1446  1.6948345E-01  2.5598554E-01
      1447  1.7033299E-01  2.5660087E-01
      1448  1.7118679E-01  2.5720027E-01
      1449  1.7204486E-01  2.5778350E-01
      1450  1.7290724E-01  2.5835029E-01
      1451  1.7377394E-01  2.5890037E-01
      1452  1.7464499E-01  2.5943347E-01
      1453  1.7552040E-01  2.5994934E-01
      1454  1.7640020E-01  2.6044770E-01
      1455  1.7728441E-01  2.6092829E-01
      1456  1.7817305E-01  2.6139084E-01
      1457  1.7906615E-01  2.6183509E-01
      1458  1.7996372E-01  2.6226076E-01
      1459  1.8086579E-01  2.6266759E-01
      1460  1.8177239E-01  2.6305531E-01
      1461  1.8268352E-01  2.6342365E-01
      1462  1.8359923E-01  2.6377234E-01
      1463  1.8451952E-01  2.6410111E-01
      1464  1.8544443E-01  2.6440970E-01
      1465  1.8637398E-01  2.6469784E-01
      1466  1.8730818E-01  2.6496526E-01
      1467  1.8824707E-01  2.6521169E-01
      1468  1.8919066E-01  2.6543686E-01
      1469  1.9013898E-01  2.6564051E-01
      1470  1.9109206E-01  2.6582237E-01
      1471  1.9204991E-01  2.6598217E-01
      1472  1.9301256E-01  2.6611965E-01
      1473  1.9398004E-01  2.6623455E-01
      1474  1.9495237E-01  2.6632660E-01
      1475  1.9592957E-01  2.6639553E-01
      1476  1.9691168E-01  2.6644108E-01
      1477  1.9789870E-01  2.6646300E-01
      1478  1.9889067E-01  2.6646102E-01
      1479  1.9988761E-01  2.6643488E-01
      1480  2.0088955E-01  2.6638433E-01
      1481  2.0189652E-01  2.6630911E-01
      1482  2.0290853E-01  2.6620896E-01
      1483  2.0392561E-01  2.6608362E-01
      1484  2.0494779E-01  2.6593286E-01
      1485  2.0597510E-01  2.6575641E-01
      1486  2.0700755E-01  2.6555403E-01
      1487  2.0804518E-01  2.6532546E-01
      1488  2.0908801E-01  2.6507047E-01
      1489  2.1013607E-01  2.6478881E-01
      1490  2.1118938E-01  2.6448024E-01
      1491  2.1224797E-01  2.6414452E-01
      1492  2.1331187E-01  2.6378140E-01
      1493  2.1438110E-01  2.6339067E-01
      1494  2.1545569E-01  2.6297207E-01
      1495  2.1653567E-01  2.6252539E-01
      1496  2.1762106E-01  2.6205039E-01
      1497  2.1871189E-01  2.6154684E-01
      1498  2.1980818E-01  2.6101453E-01
      1499  2.2090998E-01  2.6045324E-01
      1500  2.2201729E-01  2.5986274E-01
      1501  2.2313016E-01  2.5924281E-01
      1502  2.2424860E-01  2.5859326E-01
      1503  2.2537266E-01  2.5791387E-01
      1504  2.2650234E-01  2.5720443E-01
      1505  2.2763769E-01  2.5646474E-01
      1506  2.2877873E-01  2.5569460E-01
      1507  2.2992549E-01  2.5489382E-01
      1508  2.3107799E-01  2.5406219E-01
      1509  2.3223627E-01  2.5319954E-01
      1510  2.3340036E-01  2.5230567E-01
      1511  2.3457029E-01  2.5138041E-01
      1512  2.3574608E-01  2.5042357E-01
      1513  2.3692776E-01  2.4943498E-01
      1514  2.3811536E-01  2.4841447E-01
      1515  2.3930892E-01  2.4736187E-01
      1516  2.4050846E-01  2.4627701E-01
      1517  2.4171402E-01  2.4515975E-01
      1518  2.4292561E-01  2.4400992E-01
      1519  2.4414328E-01  2.4282737E-01
      1520  2.4536706E-01  2.4161196E-01
      1521  2.4659696E-01  2.4036355E-01
      1522  2.4783304E-01  2.3908199E-01
      1523  2.4907530E-01  2.3776716E-01
      1524  2.5032380E-01  2.3641892E-01
      1525  2.5157855E-01  2.3503716E-01
      1526  2.5283960E-01  2.3362176E-01
      1527  2.5410696E-01  2.3217259E-01
      1528  2.5538068E-01  2.3068956E-01
      1529  2.5666078E-01  2.2917256E-01
      1530  2.5794729E-01  2.2762150E-01
      1531  2.5924026E-01  2.2603626E-01
      1532  2.6053971E-01  2.2441678E-01
      1533  2.6184567E-01  2.2276297E-01
      1534  2.6315818E-01  2.2107474E-01
      1535  2.6447726E-01  2.1935204E-01
      1536  2.6580296E-01  2.1759479E-01
      1537  2.6713530E-01  2.1580293E-01
      1538  2.6847432E-01  2.1397640E-01
      1539  2.6982006E-01  2.1211517E-01
      1540  2.7117254E-01  2.1021918E-01
      1541  2.7253179E-01  2.0828840E-01
      1542  2.7389786E-01  2.0632280E-01
      1543  2.7527078E-01  2.0432235E-01
      1544  2.7665058E-01  2.0228703E-01
      1545  2.7803730E-01  2.0021683E-01
      1546  2.7943097E-01  1.9811175E-01
      1547  2.8083162E-01  1.9597179E-01
      1548  2.8223930E-01  1.9379694E-01
      1549  2.8365403E-01  1.9158723E-01
      1550  2.8507585E-01  1.8934268E-01
      1551  2.8650480E-01  1.8706330E-01
      1552  2.8794091E-01  1.8474914E-01
      1553  2.8938422E-01  1.8240023E-01
      1554  2.9083476E-01  1.8001662E-01
      1555  2.9229258E-01  1.7759836E-01
      1556  2.9375770E-01  1.7514551E-01
      1557  2.9523017E-01  1.7265814E-01
      1558  2.9671001E-01  1.7013633E-01
      1559  2.9819728E-01  1.6758014E-01
      1560  2.9969200E-01  1.6498969E-01
      1561  3.0119421E-01  1.6236505E-01
      1562  3.0270395E-01  1.5970633E-01
      1563  3.0422126E-01  1.5701364E-01
      1564  3.0574618E-01  1.5428710E-01
      1565  3.0727874E-01  1.5152683E-01
      1566  3.0881898E-01  1.4873297E-01
      1567  3.1036694E-01  1.4590565E-01
      1568  3.1192266E-01  1.4304503E-01
      1569  3.1348618E-01  1.4015125E-01
      1570  3.1505754E-01  1.3722448E-01
      1571  3.1663677E-01  1.3426489E-01
      1572  3.1822392E-01  1.3127265E-01
      1573  3.1981902E-01  1.2824796E-01
      1574  3.2142212E-01  1.2519100E-01
      1575  3.2303326E-01  1.2210198E-01
      1576  3.2465247E-01  1.1898111E-01
      1577  3.2627979E-01  1.1582859E-01
      1578  3.2791528E-01  1.1264466E-01
      1579  3.2955896E-01  1.0942955E-01
      1580  3.3121088E-01  1.0618350E-01
      1581  3.3287108E-01  1.0290676E-01
      1582  3.3453961E-01  9.9599573E-02
      1583  3.3621649E-01  9.6262217E-02
      1584  3.3790179E-01  9.2894960E-02
      1585  3.3959553E-01  8.9498082E-02
      1586  3.4129776E-01  8.6071871E-02
      1587  3.4300852E-01  8.2616624E-02
      1588  3.4472785E-01  7.9132645E-02
      1589  3.4645581E-01  7.5620246E-02
      1590  3.4819243E-01  7.2079747E-02
      1591  3.4993775E-01  6.8511478E-02
      1592  3.5169182E-01  6.4915774E-02
      1593  3.5345468E-01  6.1292980E-02
      1594  3.5522638E-01  5.7643448E-02
      1595  3.5700696E-01  5.3967540E-02
      1596  3.5879647E-01  5.0265623E-02
      1597  3.6059494E-01  4.6538075E-02
      1598  3.6240243E-01  4.2785279E-02
      1599  3.6421898E-01  3.9007630E-02
      1600  3.6604463E-01  3.5205526E-02
      1601  3.6787944E-01  3.1379377E-02
      1602  3.6972344E-01  2.7529598E-02
      1603  3.7157669E-01  2.3656615E-02
      1604  3.7343923E-01  1.9760858E-02
      1605  3.7531110E-01  1.5842768E-02
      1606  3.7719235E-01  1.1902793E-02
      1607  3.7908304E-01  7.9413872E-03
      1608  3.8098320E-01  3.9590140E-03
      1609  3.8289289E-01 -4.3856244E-05
      1610  3.8481214E-01 -4.0667454E-03
      1611  3.8674102E-01 -8.1091680E-03
      1612  3.8867957E-01 -1.2170631E-02
      1613  3.9062784E-01 -1.6250633E-02
      1614  3.9258587E-01 -2.0348668E-02
      1615  3.9455371E-01 -2.4464221E-02
      1616  3.9653142E-01 -2.8596768E-02
      1617  3.9851904E-01 -3.2745781E-02
      1618  4.0051663E-01 -3.6910723E-02
      1619  4.0252422E-01 -4.1091052E-02
      1620  4.0454189E-01 -4.5286217E-02
      1621  4.0656966E-01 -4.9495661E-02
      1622  4.0860760E-01 -5.3718822E-02
      1623  4.1065575E-01 -5.7955128E-02
      1624  4.1271417E-01 -6.2204002E-02
      1625  4.1478291E-01 -6.6464863E-02
      1626  4.1686202E-01 -7.0737121E-02
      1627  4.1895155E-01 -7.5020179E-02
      1628  4.2105155E-01 -7.9313437E-02
      1629  4.2316208E-01 -8.3616287E-02
      1630  4.2528319E-01 -8.7928115E-02
      1631  4.2741493E-01 -9.2248303E-02
      1632  4.2955736E-01 -9.6576225E-02
      1633  4.3171052E-01 -1.0091125E-01
      1634  4.3387448E-01 -1.0525275E-01
      1635  4.3604929E-01 -1.0960007E-01
      1636  4.3823499E-01 -1.1395257E-01
      1637  4.4043165E-01 -1.1830961E-01
      1638  4.4263933E-01 -1.2267052E-01
      1639  4.4485807E-01 -1.2703464E-01
      1640  4.4708793E-01 -1.3140131E-01
      1641  4.4932896E-01 -1.3576986E-01
      1642  4.5158123E-01 -1.4013962E-01
      1643  4.5384480E-01 -1.4450990E-01
      1644  4.5611970E-01 -1.4888004E-01
      1645  4.5840601E-01 -1.5324933E-01
      1646  4.6070378E-01 -1.5761709E-01
      1647  4.6301307E-01 -1.6198263E-01
      1648  4.6533393E-01 -1.6634525E-01
      1649  4.6766643E-01 -1.7070425E-01
      1650  4.7001061E-01 -1.7505893E-01
      1651  4.7236655E-01 -1.7940859E-01
      1652  4.7473430E-01 -1.8375250E-01
      1653  4.7711392E-01 -1.8808998E-01
      1654  4.7950546E-01 -1.9242029E-01
      1655  4.8190899E-01 -1.9674273E-01
      1656  4.8432457E-01 -2.0105657E-01
      1657  4.8675226E-01 -2.0536110E-01
      1658  4.8919211E-01 -2.0965560E-01
      1659  4.9164420E-01 -2.1393933E-01
      1660  4.9410857E-01 -2.1821157E-01
      1661  4.9658530E-01 -2.2247161E-01
      1662  4.9907445E-01 -2.2671869E-01
      1663  5.0157607E-01 -2.3095211E-01
      1664  5.0409023E-01 -2.3517112E-01
      1665  5.0661699E-01 -2.3937499E-01
      1666  5.0915642E-01 -2.4356298E-01
      1667  5.1170858E-01 -2.4773437E-01
      1668  5.1427353E-01 -2.5188840E-01
      1669  5.1685133E-01 -2.5602436E-01
      1670  5.1944206E-01 -2.6014148E-01
      1671  5.2204578E-01 -2.6423904E-01
      1672  5.2466254E-01 -2.6831630E-01
      1673  5.2729242E-01 -2.7237250E-01
      1674  5.2993549E-01 -2.7640692E-01
      1675  5.3259180E-01 -2.8041879E-01
      1676  5.3526143E-01 -2.8440738E-01
      1677  5.3794444E-01 -2.8837195E-01
      1678  5.4064090E-01 -2.9231173E-01
      1679  5.4335087E-01 -2.9622600E-01
      1680  5.4607443E-01 -3.0011399E-01
      1681  5.4881164E-01 -3.0397495E-01
      1682  5.5156257E-01 -3.0780815E-01
      1683  5.5432728E-01 -3.1161284E-01
      1684  5.5710586E-01 -3.1538825E-01
      1685  5.5989837E-01 -3.1913365E-01
      1686  5.6270487E-01 -3.2284828E-01
      1687  5.6552544E-01 -3.2653141E-01
      1688  5.6836015E-01 -3.3018228E-01
      1689  5.7120906E-01 -3.3380015E-01
      1690  5.7407226E-01 -3.3738429E-01
      1691  5.7694981E-01 -3.4093395E-01
      1692  5.7984178E-01 -3.4444839E-01
      1693  5.8274825E-01 -3.4792690E-01
      1694  5.8566929E-01 -3.5136873E-01
      1695  5.8860497E-01 -3.5477316E-01
      1696  5.9155536E-01 -3.5813948E-01
      1697  5.9452055E-01 -3.6146697E-01
      1698  5.9750059E-01 -3.6475492E-01
      1699  6.0049558E-01 -3.6800263E-01
      1700  6.0350558E-01 -3.7120940E-01
      1701  6.0653066E-01 -3.7437454E-01
      1702  6.0957091E-01 -3.7749737E-01
      1703  6.1262639E-01 -3.8057720E-01
      1704  6.1569720E-01 -3.8361338E-01
      1705  6.1878339E-01 -3.8660523E-01
      1706  6.2188506E-01 -3.8955210E-01
      1707  6.2500227E-01 -3.9245334E-01
      1708  6.2813511E-01 -3.9530832E-01
      1709  6.3128365E-01 -3.9811640E-01
      1710  6.3444797E-01 -4.0087695E-01
      1711  6.3762815E-01 -4.0358937E-01
      1712  6.4082428E-01 -4.0625303E-01
      1713  6.4403642E-01 -4.0886736E-01
      1714  6.4726467E-01 -4.1143175E-01
      1715  6.5050909E-01 -4.1394562E-01
      1716  6.5376979E-01 -4.1640841E-01
      1717  6.5704682E-01 -4.1881954E-01
      1718  6.6034028E-01 -4.2117846E-01
      1719  6.6365025E-01 -4.2348464E-01
      1720  6.6697681E-01 -4.2573752E-01
      1721  6.7032005E-01 -4.2793659E-01
      1722  6.7368004E-01 -4.3008133E-01
      1723  6.7705687E-01 -4.3217123E-01
      1724  6.8045064E-01 -4.3420579E-01
      1725  6.8386141E-01 -4.3618452E-01
      1726  6.8728928E-01 -4.3810695E-01
      1727  6.9073433E-01 -4.3997260E-01
      1728  6.9419665E-01 -4.4178103E-01
      1729  6.9767633E-01 -4.4353177E-01
      1730  7.0117344E-01 -4.4522440E-01
      1731  7.0468809E-01 -4.4685848E-01
      1732  7.0822035E-01 -4.4843360E-01
      1733  7.1177032E-01 -4.4994935E-01
      1734  7.1533809E-01 -4.5140533E-01
      1735  7.1892373E-01 -4.5280117E-01
      1736  7.2252735E-01 -4.5413648E-01
      1737  7.2614904E-01 -4.5541090E-01
      1738  7.2978887E-01 -4.5662409E-01
      1739  7.3344696E-01 -4.5777569E-01
      1740  7.3712337E-01 -4.5886538E-01
      1741  7.4081822E-01 -4.5989283E-01
      1742  7.4453159E-01 -4.6085775E-01
      1743  7.4826357E-01 -4.6175983E-01
      1744  7.5201425E-01 -4.6259879E-01
      1745  7.5578374E-01 -4.6337435E-01
      1746  7.5957212E-01 -4.6408625E-01
      1747  7.6337949E-01 -4.6473424E-01
      1748  7.6720595E-01 -4.6531808E-01
      1749  7.7105159E-01 -4.6583754E-01
      1750  7.7491650E-01 -4.6629240E-01
      1751  7.7880078E-01 -4.6668246E-01
      1752  7.8270454E-01 -4.6700752E-01
      1753  7.8662786E-01 -4.6726740E-01
      1754  7.9057085E-01 -4.6746193E-01
      1755  7.9453360E-01 -4.6759094E-01
      1756  7.9851622E-01 -4.6765430E-01
      1757  8.0251880E-01 -4.6765185E-01
      1758  8.0654144E-01 -4.6758348E-01
      1759  8.1058425E-01 -4.6744907E-01
      1760  8.1464732E-01 -4.6724852E-01
      1761  8.1873075E-01 -4.6698174E-01
      1762  8.2283466E-01 -4.6664864E-01
      1763  8.2695913E-01 -4.6624915E-01
      1764  8.3110428E-01 -4.6578322E-01
      1765  8.3527021E-01 -4.6525079E-01
      1766  8.3945702E-01 -4.6465183E-01
      1767  8.4366482E-01 -4.6398632E-01
      1768  8.4789370E-01 -4.6325423E-01
      1769  8.5214379E-01 -4.6245556E-01
      1770  8.5641518E-01 -4.6159032E-01
      1771  8.6070798E-01 -4.6065852E-01
      1772  8.6502229E-01 -4.5966019E-01
      1773  8.6935824E-01 -4.5859536E-01
      1774  8.7371591E-01 -4.5746408E-01
      1775  8.7809543E-01 -4.5626641E-01
      1776  8.8249690E-01 -4.5500240E-01
      1777  8.8692044E-01 -4.5367215E-01
      1778  8.9136614E-01 -4.5227572E-01
      1779  8.9583414E-01 -4.5081322E-01
      1780  9.0032452E-01 -4.4928475E-01
      1781  9.0483742E-01 -4.4769042E-01
      1782  9.0937293E-01 -4.4603035E-01
      1783  9.1393119E-01 -4.4430468E-01
      1784  9.1851228E-01 -4.4251355E-01
      1785  9.2311635E-01 -4.4065709E-01
      1786  9.2774349E-01 -4.3873548E-01
      1787  9.3239382E-01 -4.3674886E-01
      1788  9.3706746E-01 -4.3469743E-01
      1789  9.4176453E-01 -4.3258135E-01
      1790  9.4648515E-01 -4.3040082E-01
      1791  9.5122942E-01 -4.2815603E-01
      1792  9.5599748E-01 -4.2584718E-01
      1793  9.6078944E-01 -4.2347450E-01
      1794  9.6560542E-01 -4.2103819E-01
      1795  9.7044553E-01 -4.1853848E-01
      1796  9.7530991E-01 -4.1597561E-01
      1797  9.8019867E-01 -4.1334982E-01
      1798  9.8511194E-01 -4.1066134E-01
      1799  9.9004983E-01 -4.0791044E-01
      1800  9.9501248E-01 -4.0509737E-01
      1801  1.0000000E+00 -4.0222239E-01
      1802  1.0050125E+00 -3.9928578E-01
      1803  1.0100502E+00 -3.9628782E-01
      1804  1.0151131E+00 -3.9322878E-01
      1805  1.0202013E+00 -3.9010896E-01
      1806  1.0253151E+00 -3.8692864E-01
      1807  1.0304545E+00 -3.8368812E-01
      1808  1.0356197E+00 -3.8038772E-01
      1809  1.0408108E+00 -3.7702772E-01
      1810  1.0460279E+00 -3.7360846E-01
      1811  1.0512711E+00 -3.7013024E-01
      1812  1.0565406E+00 -3.6659339E-01
      1813  1.0618365E+00 -3.6299823E-01
      1814  1.0671590E+00 -3.5934509E-01
      1815  1.0725082E+00 -3.5563430E-01
      1816  1.0778842E+00 -3.5186621E-01
      1817  1.0832871E+00 -3.4804115E-01
      1818  1.0887171E+00 -3.4415946E-01
      1819  1.0941743E+00 -3.4022150E-01
      1820  1.0996589E+00 -3.3622762E-01
      1821  1.1051709E+00 -3.3217816E-01
      1822  1.1107106E+00 -3.2807349E-01
      1823  1.1162781E+00 -3.2391397E-01
      1824  1.1218734E+00 -3.1969995E-01
      1825  1.1274969E+00 -3.1543179E-01
      1826  1.1331485E+00 -3.1110988E-01
      1827  1.1388284E+00 -3.0673456E-01
      1828  1.1445368E+00 -3.0230623E-01
      1829  1.1502738E+00 -2.9782523E-01
      1830  1.1560396E+00 -2.9329196E-01
      1831  1.1618342E+00 -2.8870678E-01
      1832  1.1676580E+00 -2.8407007E-01
      1833  1.1735109E+00 -2.7938220E-01
      1834  1.1793931E+00 -2.7464357E-01
      1835  1.1853049E+00 -2.6985454E-01
      1836  1.1912462E+00 -2.6501549E-01
      1837  1.1972174E+00 -2.6012682E-01
      1838  1.2032184E+00 -2.5518889E-01
      1839  1.2092496E+00 -2.5020209E-01
      1840  1.2153110E+00 -2.4516681E-01
      1841  1.2214028E+00 -2.4008342E-01
      1842  1.2275251E+00 -2.3495232E-01
      1843  1.2336781E+00 -2.2977387E-01
      1844  1.2398619E+00 -2.2454846E-01
      1845  1.2460767E+00 -2.1927648E-01
      1846  1.2523227E+00 -2.1395831E-01
      1847  1.2586000E+00 -2.0859432E-01
      1848  1.2649088E+00 -2.0318490E-01
      1849  1.2712492E+00 -1.9773042E-01
      1850  1.2776213E+00 -1.9223127E-01
      1851  1.2840254E+00 -1.8668781E-01
      1852  1.2904616E+00 -1.8110044E-01
      1853  1.2969301E+00 -1.7546951E-01
      1854  1.3034310E+00 -1.6979541E-01
      1855  1.3099645E+00 -1.6407850E-01
      1856  1.3165307E+00 -1.5831915E-01
      1857  1.3231298E+00 -1.5251774E-01
      1858  1.3297620E+00 -1.4667463E-01
      1859  1.3364275E+00 -1.4079018E-01
      1860  1.3431264E+00 -1.3486476E-01
      1861  1.3498588E+00 -1.2889872E-01
      1862  1.3566250E+00 -1.2289243E-01
      1863  1.3634251E+00 -1.1684623E-01
      1864  1.3702593E+00 -1.1076049E-01
      1865  1.3771278E+00 -1.0463554E-01
      1866  1.3840306E+00 -9.8471749E-02
      1867  1.3909681E+00 -9.2269448E-02
      1868  1.3979404E+00 -8.6028981E-02
      1869  1.4049476E+00 -7.9750690E-02
      1870  1.4119899E+00 -7.3434908E-02
      1871  1.4190675E+00 -6.7081970E-02
      1872  1.4261807E+00 -6.0692205E-02
      1873  1.4333294E+00 -5.4265939E-02
      1874  1.4405140E+00 -4.7803495E-02
      1875  1.4477346E+00 -4.1305193E-02
      1876  1.4549914E+00 -3.4771349E-02
      1877  1.4622846E+00 -2.8202275E-02
      1878  1.4696143E+00 -2.1598280E-02
      1879  1.4769808E+00 -1.4959670E-02
      1880  1.4843842E+00 -8.2867449E-03
      1881  1.4918247E+00 -1.5798035E-03
      1882  1.4993025E+00  5.1608609E-03
      1883  1.5068178E+00  1.1934959E-02
      1884  1.5143707E+00  1.8742205E-02
      1885  1.5219616E+00  2.5582316E-02
      1886  1.5295904E+00  3.2455016E-02
      1887  1.5372575E+00  3.9360032E-02
      1888  1.5449631E+00  4.6297093E-02
      1889  1.5527072E+00  5.3265935E-02
      1890  1.5604902E+00  6.0266297E-02
      1891  1.5683122E+00  6.7297924E-02
      1892  1.5761734E+00  7.4360562E-02
      1893  1.5840740E+00  8.1453964E-02
      1894  1.5920142E+00  8.8577886E-02
      1895  1.5999942E+00  9.5732090E-02
      1896  1.6080142E+00  1.0291634E-01
      1897  1.6160744E+00  1.1013041E-01
      1898  1.6241750E+00  1.1737407E-01
      1899  1.6323162E+00  1.2464710E-01
      1900  1.6404982E+00  1.3194928E-01
      1901  1.6487213E+00  1.3928041E-01
      1902  1.6569855E+00  1.4664026E-01
      1903  1.6652912E+00  1.5402865E-01
      1904  1.6736385E+00  1.6144536E-01
      1905  1.6820276E+00  1.6889022E-01
      1906  1.6904588E+00  1.7636302E-01
      1907  1.6989323E+00  1.8386357E-01
      1908  1.7074482E+00  1.9139171E-01
      1909  1.7160069E+00  1.9894725E-01
      1910  1.7246084E+00  2.0653001E-01
      1911  1.7332530E+00  2.1413984E-01
      1912  1.7419410E+00  2.2177656E-01
      1913  1.7506725E+00  2.2944002E-01
      1914  1.7594478E+00  2.3713006E-01
      1915  1.7682671E+00  2.4484652E-01
      1916  1.7771305E+00  2.5258927E-01
      1917  1.7860384E+00  2.6035815E-01
      1918  1.7949910E+00  2.6815303E-01
      1919  1.8039884E+00  2.7597377E-01
      1920  1.8130309E+00  2.8382024E-01
      1921  1.8221188E+00  2.9169231E-01
      1922  1.8312522E+00  2.9958986E-01
      1923  1.8404314E+00  3.0751277E-01
      1924  1.8496566E+00  3.1546092E-01
      1925  1.8589280E+00  3.2343419E-01
      1926  1.8682460E+00  3.3143248E-01
      1927  1.8776106E+00  3.3945569E-01
      1928  1.8870221E+00  3.4750370E-01
      1929  1.8964809E+00  3.5557643E-01
      1930  1.9059870E+00  3.6367377E-01
      1931  1.9155408E+00  3.7179564E-01
      1932  1.9251425E+00  3.7994194E-01
      1933  1.9347923E+00  3.8811259E-01
      1934  1.9444905E+00  3.9630750E-01
      1935  1.9542373E+00  4.0452661E-01
      1936  1.9640330E+00  4.1276982E-01
      1937  1.9738777E+00  4.2103707E-01
      1938  1.9837718E+00  4.2932829E-01
      1939  1.9937155E+00  4.3764342E-01
      1940  2.0037091E+00  4.4598238E-01
      1941  2.0137527E+00  4.5434511E-01
      1942  2.0238467E+00  4.6273156E-01
      1943  2.0339913E+00  4.7114168E-01
      1944  2.0441867E+00  4.7957541E-01
      1945  2.0544332E+00  4.8803270E-01
      1946  2.0647311E+00  4.9651350E-01
      1947  2.0750806E+00  5.0501778E-01
      1948  2.0854820E+00  5.1354548E-01
      1949  2.0959355E+00  5.2209658E-01
      1950  2.1064414E+00  5.3067104E-01
      1951  2.1170000E+00  5.3926881E-01
      1952  2.1276115E+00  5.4788989E-01
      1953  2.1382762E+00  5.5653422E-01
      1954  2.1489944E+00  5.6520181E-01
      1955  2.1597663E+00  5.7389261E-01
      1956  2.1705921E+00  5.8260661E-01
      1957  2.1814723E+00  5.9134381E-01
      1958  2.1924069E+00  6.0010417E-01
      1959  2.2033964E+00  6.0888770E-01
      1960  2.2144410E+00  6.1769439E-01
      1961  2.2255409E+00  6.2652422E-01
      1962  2.2366965E+00  6.3537720E-01
      1963  2.2479080E+00  6.4425334E-01
      1964  2.2591757E+00  6.5315262E-01
      1965  2.2704998E+00  6.6207507E-01
      1966  2.2818808E+00  6.7102068E-01
      1967  2.2933187E+00  6.7998948E-01
      1968  2.3048140E+00  6.8898147E-01
      1969  2.3163670E+00  6.9799667E-01
      1970  2.3279778E+00  7.0703511E-01
      1971  2.3396469E+00  7.1609681E-01
      1972  2.3513744E+00  7.2518179E-01
      1973  2.3631607E+00  7.3429009E-01
      1974  2.3750061E+00  7.4342173E-01
      1975  2.3869109E+00  7.5257676E-01
      1976  2.3988753E+00  7.6175521E-01
      1977  2.4108997E+00  7.7095712E-01
      1978  2.4229844E+00  7.8018254E-01
      1979  2.4351297E+00  7.8943151E-01
      1980  2.4473358E+00  7.9870409E-01
      1981  2.4596031E+00  8.0800033E-01
      1982  2.4719319E+00  8.1732028E-01
      1983  2.4843225E+00  8.2666401E-01
      1984  2.4967753E+00  8.3603158E-01
      1985  2.5092904E+00  8.4542305E-01
      1986  2.5218683E+00  8.5483850E-01
      1987  2.5345092E+00  8.6427799E-01
      1988  2.5472135E+00  8.7374160E-01
      1989  2.5599814E+00  8.8322942E-01
      1990  2.5728134E+00  8.9274151E-01
      1991  2.5857097E+00  9.0227797E-01
      1992  2.5986706E+00  9.1183889E-01
      1993  2.6116965E+00  9.2142436E-01
      1994  2.6247877E+00  9.3103446E-01
      1995  2.6379445E+00  9.4066931E-01
      1996  2.6511672E+00  9.5032900E-01
      1997  2.6644562E+00  9.6001364E-01
      1998  2.6778119E+00  9.6972333E-01
      1999  2.6912345E+00  9.7945819E-01
      2000  2.7047243E+00  9.8921833E-01
      2001  2.7182818E+00  9.9900387E-01
      2002  2.7319073E+00  1.0088149E+00
      2003  2.7456010E+00  1.0186516E+00
      2004  2.7593634E+00  1.0285141E+00
      2005  2.7731948E+00  1.0384025E+00
      2006  2.7870955E+00  1.0483170E+00
      2007  2.8010658E+00  1.0582576E+00
      2008  2.8151062E+00  1.0682246E+00
      2009  2.8292170E+00  1.0782180E+00
      2010  2.8433985E+00  1.0882381E+00
      2011  2.8576511E+00  1.0982849E+00
      2012  2.8719752E+00  1.1083587E+00
      2013  2.8863710E+00  1.1184596E+00
      2014  2.9008390E+00  1.1285877E+00
      2015  2.9153795E+00  1.1387433E+00
      2016  2.9299929E+00  1.1489265E+00
      2017  2.9446796E+00  1.1591375E+00
      2018  2.9594398E+00  1.1693765E+00
      2019  2.9742741E+00  1.1796437E+00
      2020  2.9891827E+00  1.1899392E+00
      2021  3.0041660E+00  1.2002632E+00
      2022  3.0192245E+00  1.2106160E+00
      2023  3.0343584E+00  1.2209978E+00
      2024  3.0495682E+00  1.2314087E+00
      2025  3.0648542E+00  1.2418490E+00
      2026  3.0802168E+00  1.2523189E+00
      2027  3.0956565E+00  1.2628186E+00
      2028  3.1111735E+00  1.2733483E+00
      2029  3.1267684E+00  1.2839083E+00
      2030  3.1424414E+00  1.2944989E+00
      2031  3.1581929E+00  1.3051202E+00
      2032  3.1740234E+00  1.3157726E+00
      2033  3.1899333E+00  1.3264562E+00
      2034  3.2059229E+00  1.3371713E+00
      2035  3.2219926E+00  1.3479182E+00
      2036  3.2381429E+00  1.3586972E+00
      2037  3.2543742E+00  1.3695086E+00
      2038  3.2706868E+00  1.3803525E+00
      2039  3.2870812E+00  1.3912294E+00
      2040  3.3035578E+00  1.4021396E+00
      2041  3.3201169E+00  1.4130832E+00
      2042  3.3367591E+00  1.4240607E+00
      2043  3.3534847E+00  1.4350724E+00
      2044  3.3702941E+00  1.4461185E+00
      2045  3.3871877E+00  1.4571995E+00
      2046  3.4041661E+00  1.4683156E+00
      2047  3.4212295E+00  1.4794673E+00
      2048  3.4383785E+00  1.4906548E+00
      2049  3.4556135E+00  1.5018786E+00
      2050  3.4729348E+00  1.5131390E+00
      2051  3.4903430E+00  1.5244364E+00
      2052  3.5078384E+00  1.5357712E+00
      2053  3.5254215E+00  1.5471438E+00
      2054  3.5430927E+00  1.5585546E+00
      2055  3.5608526E+00  1.5700041E+00
      2056  3.5787014E+00  1.5814926E+00
      2057  3.5966397E+00  1.5930207E+00
      2058  3.6146680E+00  1.6045888E+00
      2059  3.6327866E+00  1.6161973E+00
      2060  3.6509960E+00  1.6278468E+00
      2061  3.6692967E+00  1.6395377E+00
      2062  3.6876891E+00  1.6512706E+00
      2063  3.7061737E+00  1.6630459E+00
      2064  3.7247510E+00  1.6748642E+00
      2065  3.7434214E+00  1.6867260E+00
      2066  3.7621854E+00  1.6986320E+00
      2067  3.7810434E+00  1.7105827E+00
      2068  3.7999959E+00  1.7225786E+00
      2069  3.8190435E+00  1.7346204E+00
      2070  3.8381865E+00  1.7467087E+00
      2071  3.8574255E+00  1.7588442E+00
      2072  3.8767610E+00  1.7710275E+00
      2073  3.8961933E+00  1.7832593E+00
      2074  3.9157231E+00  1.7955402E+00
      2075  3.9353507E+00  1.8078710E+00
      2076  3.9550767E+00  1.8202524E+00
      2077  3.9749016E+00  1.8326852E+00
      2078  3.9948259E+00  1.8451701E+00
      2079  4.0148501E+00  1.8577079E+00
      2080  4.0349746E+00  1.8702995E+00
      2081  4.0552000E+00  1.8829456E+00
      2082  4.0755267E+00  1.8956470E+00
      2083  4.0959554E+00  1.9084048E+00
      2084  4.1164865E+00  1.9212197E+00
      2085  4.1371204E+00  1.9340926E+00
      2086  4.1578578E+00  1.9470246E+00
      2087  4.1786992E+00  1.9600165E+00
      2088  4.1996450E+00  1.9730694E+00
      2089  4.2206958E+00  1.9861842E+00
      2090  4.2418521E+00  1.9993621E+00
      2091  4.2631145E+00  2.0126039E+00
      2092  4.2844835E+00  2.0259108E+00
      2093  4.3059595E+00  2.0392840E+00
      2094  4.3275432E+00  2.0527245E+00
      2095  4.3492351E+00  2.0662335E+00
      2096  4.3710358E+00  2.0798121E+00
      2097  4.3929457E+00  2.0934616E+00
      2098  4.4149654E+00  2.1071832E+00
      2099  4.4370955E+00  2.1209781E+00
      2100  4.4593366E+00  2.1348476E+00
      2101  4.4816891E+00  2.1487931E+00
      2102  4.5041536E+00  2.1628158E+00
      2103  4.5267308E+00  2.1769170E+00
      2104  4.5494211E+00  2.1910983E+00
      2105  4.5722252E+00  2.2053608E+00
      2106  4.5951436E+00  2.2197062E+00
      2107  4.6181768E+00  2.2341358E+00
      2108  4.6413255E+00  2.2486511E+00
      2109  4.6645903E+00  2.2632536E+00
      2110  4.6879716E+00  2.2779448E+00
      2111  4.7114702E+00  2.2927263E+00
      2112  4.7350865E+00  2.3075995E+00
      2113  4.7588212E+00  2.3225662E+00
      2114  4.7826749E+00  2.3376279E+00
      2115  4.8066482E+00  2.3527862E+00
      2116  4.8307416E+00  2.3680428E+00
      2117  4.8549558E+00  2.3833994E+00
      2118  4.8792914E+00  2.3988576E+00
      2119  4.9037489E+00  2.4144191E+00
      2120  4.9283291E+00  2.4300858E+00
      2121  4.9530324E+00  2.4458592E+00
      2122  4.9778596E+00  2.4617412E+00
      2123  5.0028112E+00  2.4777336E+00
      2124  5.0278879E+00  2.4938381E+00
      2125  5.0530903E+00  2.5100565E+00
      2126  5.0784190E+00  2.5263907E+00
      2127  5.1038747E+00  2.5428424E+00
      2128  5.1294580E+00  2.5594136E+00
      2129  5.1551695E+00  2.5761061E+00
      2130  5.1810099E+00  2.5929218E+00
      2131  5.2069798E+00  2.6098625E+00
      2132  5.2330799E+00  2.6269300E+00
      2133  5.2593108E+00  2.6441264E+00
      2134  5.2856732E+00  2.6614535E+00
      2135  5.3121678E+00  2.6789132E+00
      2136  5.3387951E+00  2.6965075E+00
      2137  5.3655560E+00  2.7142381E+00
      2138  5.3924509E+00  2.7321071E+00
      2139  5.4194807E+00  2.7501165E+00
      2140  5.4466460E+00  2.7682680E+00
      2141  5.4739474E+00  2.7865637E+00
      2142  5.5013857E+00  2.8050054E+00
      2143  5.5289615E+00  2.8235951E+00
      2144  5.5566755E+00  2.8423348E+00
      2145  5.5845285E+00  2.8612264E+00
      2146  5.6125210E+00  2.8802717E+00
      2147  5.6406539E+00  2.8994728E+00
      2148  5.6689278E+00  2.9188315E+00
      2149  5.6973434E+00  2.9383498E+00
      2150  5.7259015E+00  2.9580296E+00
      2151  5.7546027E+00  2.9778727E+00
      2152  5.7834477E+00  2.9978812E+00
      2153  5.8124374E+00  3.0180569E+00
      2154  5.8415724E+00  3.0384018E+00
      2155  5.8708534E+00  3.0589177E+00
      2156  5.9002811E+00  3.0796064E+00
      2157  5.9298564E+00  3.1004700E+00
      2158  5.9595799E+00  3.1215103E+00
      2159  5.9894525E+00  3.1427291E+00
      2160  6.0194747E+00  3.1641284E+00
      2161  6.0496475E+00  3.1857099E+00
      2162  6.0799714E+00  3.2074757E+00
      2163  6.1104474E+00  3.2294274E+00
      2164  6.1410762E+00  3.2515671E+00
      2165  6.1718584E+00  3.2738964E+00
      2166  6.2027950E+00  3.2964174E+00
      2167  6.2338867E+00  3.3191318E+00
      2168  6.2651341E+00  3.3420414E+00
      2169  6.2965383E+00  3.3651482E+00
      2170  6.3280998E+00  3.3884540E+00
      2171  6.3598195E+00  3.4119605E+00
      2172  6.3916983E+00  3.4356698E+00
      2173  6.4237368E+00  3.4595835E+00
      2174  6.4559359E+00  3.4837037E+00
      2175  6.4882964E+00  3.5080321E+00
      2176  6.5208191E+00  3.5325706E+00
      2177  6.5535049E+00  3.5573211E+00
      2178  6.5863544E+00  3.5822855E+00
      2179  6.6193687E+00  3.6074657E+00
      2180  6.6525484E+00  3.6328636E+00
      2181  6.6858944E+00  3.6584811E+00
      2182  6.7194076E+00  3.6843202E+00
      2183  6.7530888E+00  3.7103829E+00
      2184  6.7869388E+00  3.7366712E+00
      2185  6.8209585E+00  3.7631870E+00
      2186  6.8551487E+00  3.7899325E+00
      2187  6.8895102E+00  3.8169096E+00
      2188  6.9240441E+00  3.8441206E+00
      2189  6.9587510E+00  3.8715675E+00
      2190  6.9936319E+00  3.8992524E+00
      2191  7.0286876E+00  3.9271777E+00
      2192  7.0639190E+00  3.9553456E+00
      2193  7.0993271E+00  3.9837583E+00
      2194  7.1349126E+00  4.0124183E+00
      2195  7.1706765E+00  4.0413278E+00
      2196  7.2066197E+00  4.0704894E+00
      2197  7.2427430E+00  4.0999056E+00
      2198  7.2790474E+00  4.1295788E+00
      2199  7.3155338E+00  4.1595118E+00
      2200  7.3522030E+00  4.1897072E+00
      2201  7.3890561E+00  4.2201678E+00
      2202  7.4260939E+00  4.2508964E+00
      2203  7.4633173E+00  4.2818959E+00
      2204  7.5007274E+00  4.3131693E+00
      2205  7.5383249E+00  4.3447196E+00
      2206  7.5761109E+00  4.3765500E+00
      2207  7.6140864E+00  4.4086637E+00
      2208  7.6522521E+00  4.4410640E+00
      2209  7.6906092E+00  4.4737544E+00
      2210  7.7291585E+00  4.5067383E+00
      2211  7.7679011E+00  4.5400194E+00
      2212  7.8068379E+00  4.5736013E+00
      2213  7.8459698E+00  4.6074879E+00
      2214  7.8852979E+00  4.6416832E+00
      2215  7.9248231E+00  4.6761910E+00
      2216  7.9645465E+00  4.7110157E+00
      2217  8.0044689E+00  4.7461614E+00
      2218  8.0445915E+00  4.7816326E+00
      2219  8.0849152E+00  4.8174337E+00
      2220  8.1254410E+00  4.8535695E+00
      2221  8.1661699E+00  4.8900447E+00
      2222  8.2071030E+00  4.9268641E+00
      2223  8.2482413E+00  4.9640329E+00
      2224  8.2895858E+00  5.0015562E+00
      2225  8.3311375E+00  5.0394394E+00
      2226  8.3728975E+00  5.0776878E+00
      2227  8.4148668E+00  5.1163072E+00
      2228  8.4570465E+00  5.1553033E+00
      2229  8.4994376E+00  5.1946820E+00
      2230  8.5420412E+00  5.2344493E+00
      2231  8.5848584E+00  5.2746116E+00
      2232  8.6278902E+00  5.3151751E+00
      2233  8.6711377E+00  5.3561464E+00
      2234  8.7146019E+00  5.3975323E+00
      2235  8.7582840E+00  5.4393397E+00
      2236  8.8021851E+00  5.4815754E+00
      2237  8.8463063E+00  5.5242469E+00
      2238  8.8906486E+00  5.5673614E+00
      2239  8.9352131E+00  5.6109266E+00
      2240  8.9800011E+00  5.6549502E+00
      2241  9.0250135E+00  5.6994402E+00
      2242  9.0702516E+00  5.7444045E+00
      2243  9.1157164E+00  5.7898516E+00
      2244  9.1614091E+00  5.8357899E+00
      2245  9.2073309E+00  5.8822281E+00
      2246  9.2534828E+00  5.9291750E+00
      2247  9.2998661E+00  5.9766397E+00
      2248  9.3464819E+00  6.0246314E+00
      2249  9.3933313E+00  6.0731596E+00
      2250  9.4404156E+00  6.1222340E+00
      2251  9.4877358E+00  6.1718643E+00
      2252  9.5352933E+00  6.2220606E+00
      2253  9.5830892E+00  6.2728333E+00
      2254  9.6311246E+00  6.3241926E+00
      2255  9.6794008E+00  6.3761494E+00
      2256  9.7279190E+00  6.4287144E+00
      2257  9.7766804E+00  6.4818988E+00
      2258  9.8256862E+00  6.5357140E+00
      2259  9.8749377E+00  6.5901713E+00
      2260  9.9244360E+00  6.6452826E+00
      2261  9.9741825E+00  6.7010598E+00
      2262  1.0024178E+01  6.7575152E+00
      2263  1.0074425E+01  6.8146611E+00
      2264  1.0124923E+01  6.8725102E+00
      2265  1.0175674E+01  6.9310753E+00
      2266  1.0226680E+01  6.9903697E+00
      2267  1.0277942E+01  7.0504066E+00
      2268  1.0329460E+01  7.1111996E+00
      2269  1.0381237E+01  7.1727625E+00
      2270  1.0433273E+01  7.2351095E+00
      2271  1.0485570E+01  7.2982547E+00
      2272  1.0538129E+01  7.3622129E+00
      2273  1.0590951E+01  7.4269987E+00
      2274  1.0644039E+01  7.4926273E+00
      2275  1.0697392E+01  7.5591140E+00
      2276  1.0751013E+01  7.6264744E+00
      2277  1.0804903E+01  7.6947242E+00
      2278  1.0859063E+01  7.7638796E+00
      2279  1.0913494E+01  7.8339570E+00
      2280  1.0968198E+01  7.9049730E+00
      2281  1.1023176E+01  7.9769446E+00
      2282  1.1078430E+01  8.0498888E+00
      2283  1.1133961E+01  8.1238233E+00
      2284  1.1189770E+01  8.1987656E+00
      2285  1.1245859E+01  8.2747340E+00
      2286  1.1302229E+01  8.3517466E+00
      2287  1.1358882E+01  8.4298222E+00
      2288  1.1415819E+01  8.5089796E+00
      2289  1.1473041E+01  8.5892380E+00
      2290  1.1530550E+01  8.6706170E+00
      2291  1.1588347E+01  8.7531364E+00
      2292  1.1646434E+01  8.8368164E+00
      2293  1.1704812E+01  8.9216773E+00
      2294  1.1763482E+01  9.0077400E+00
      2295  1.1822447E+01  9.0950255E+00
      2296  1.1881707E+01  9.1835553E+00
      2297  1.1941264E+01  9.2733511E+00
      2298  1.2001120E+01  9.3644350E+00
      2299  1.2061276E+01  9.4568295E+00
      2300  1.2121734E+01  9.5505572E+00
      2301  1.2182494E+01  9.6456414E+00
      2302  1.2243559E+01  9.7421055E+00
      2303  1.2304930E+01  9.8399733E+00
      2304  1.2366609E+01  9.9392690E+00
      2305  1.2428597E+01  1.0040017E+01
      2306  1.2490895E+01  1.0142243E+01
      2307  1.2553506E+01  1.0245971E+01
      2308  1.2616431E+01  1.0351228E+01
      2309  1.2679671E+01  1.0458039E+01
      2310  1.2743228E+01  1.0566431E+01
      2311  1.2807104E+01  1.0676431E+01
      2312  1.2871300E+01  1.0788067E+01
      2313  1.2935817E+01  1.0901365E+01
      2314  1.3000658E+01  1.1016354E+01
      2315  1.3065824E+01  1.1133062E+01
      2316  1.3131317E+01  1.1251519E+01
      2317  1.3197138E+01  1.1371754E+01
      2318  1.3263289E+01  1.1493796E+01
      2319  1.3329772E+01  1.1617676E+01
      2320  1.3396587E+01  1.1743425E+01
      2321  1.3463738E+01  1.1871073E+01
      2322  1.3531225E+01  1.2000653E+01
      2323  1.3599051E+01  1.2132197E+01
      2324  1.3667216E+01  1.2265736E+01
      2325  1.3735724E+01  1.2401305E+01
      2326  1.3804574E+01  1.2538937E+01
      2327  1.3873770E+01  1.2678665E+01
      2328  1.3943312E+01  1.2820526E+01
      2329  1.4013204E+01  1.2964552E+01
      2330  1.4083445E+01  1.3110781E+01
      2331  1.4154039E+01  1.3259248E+01
      2332  1.4224986E+01  1.3409990E+01
      2333  1.4296289E+01  1.3563045E+01
      2334  1.4367950E+01  1.3718449E+01
      2335  1.4439969E+01  1.3876242E+01
      2336  1.4512350E+01  1.4036462E+01
      2337  1.4585093E+01  1.4199149E+01
      2338  1.4658201E+01  1.4364342E+01
      2339  1.4731676E+01  1.4532083E+01
      2340  1.4805519E+01  1.4702413E+01
      2341  1.4879732E+01  1.4875373E+01
      2342  1.4954317E+01  1.5051007E+01
