         1  1.2340980E-04 -4.6191654E-03
         2  1.2402840E-04 -4.6405658E-03
         3  1.2465009E-04 -4.6620646E-03
         4  1.2527490E-04 -4.6836623E-03
         5  1.2590285E-04 -4.7053592E-03
         6  1.2653394E-04 -4.7271558E-03
         7  1.2716819E-04 -4.7490526E-03
         8  1.2780563E-04 -4.7710500E-03
         9  1.2844625E-04 -4.7931484E-03
        10  1.2909009E-04 -4.8153484E-03
        11  1.2973716E-04 -4.8376504E-03
        12  1.3038747E-04 -4.8600548E-03
        13  1.3104104E-04 -4.8825622E-03
        14  1.3169789E-04 -4.9051729E-03
        15  1.3235802E-04 -4.9278875E-03
        16  1.3302147E-04 -4.9507063E-03
        17  1.3368824E-04 -4.9736300E-03
        18  1.3435836E-04 -4.9966589E-03
        19  1.3503183E-04 -5.0197935E-03
        20  1.3570868E-04 -5.0430343E-03
        21  1.3638893E-04 -5.0663818E-03
        22  1.3707258E-04 -5.0898365E-03
        23  1.3775966E-04 -5.1133988E-03
        24  1.3845018E-04 -5.1370693E-03
        25  1.3914417E-04 -5.1608483E-03
        26  1.3984163E-04 -5.1847365E-03
        27  1.4054259E-04 -5.2087343E-03
        28  1.4124706E-04 -5.2328422E-03
        29  1.4195506E-04 -5.2570606E-03
        30  1.4266662E-04 -5.2813902E-03
        31  1.4338174E-04 -5.3058313E-03
        32  1.4410044E-04 -5.3303845E-03
        33  1.4482275E-04 -5.3550503E-03
        34  1.4554867E-04 -5.3798292E-03
        35  1.4627824E-04 -5.4047217E-03
        36  1.4701146E-04 -5.4297284E-03
        37  1.4774836E-04 -5.4548496E-03
        38  1.4848895E-04 -5.4800861E-03
        39  1.4923326E-04 -5.5054381E-03
        40  1.4998129E-04 -5.5309064E-03
        41  1.5073308E-04 -5.5564914E-03
        42  1.5148863E-04 -5.5821935E-03
        43  1.5224797E-04 -5.6080135E-03
        44  1.5301111E-04 -5.6339517E-03
        45  1.5377809E-04 -5.6600088E-03
        46  1.5454890E-04 -5.6861852E-03
        47  1.5532358E-04 -5.7124815E-03
        48  1.5610214E-04 -5.7388982E-03
        49  1.5688461E-04 -5.7654358E-03
        50  1.5767100E-04 -5.7920950E-03
        51  1.5846133E-04 -5.8188762E-03
        52  1.5925562E-04 -5.8457800E-03
        53  1.6005389E-04 -5.8728070E-03
        54  1.6085616E-04 -5.8999577E-03
        55  1.6166246E-04 -5.9272326E-03
        56  1.6247279E-04 -5.9546323E-03
        57  1.6328719E-04 -5.9821574E-03
        58  1.6410567E-04 -6.0098084E-03
        59  1.6492825E-04 -6.0375859E-03
        60  1.6575496E-04 -6.0654904E-03
        61  1.6658581E-04 -6.0935226E-03
        62  1.6742083E-04 -6.1216830E-03
        63  1.6826003E-04 -6.1499722E-03
        64  1.6910343E-04 -6.1783906E-03
        65  1.6995107E-04 -6.2069391E-03
        66  1.7080295E-04 -6.2356180E-03
        67  1.7165910E-04 -6.2644280E-03
        68  1.7251955E-04 -6.2933697E-03
        69  1.7338431E-04 -6.3224436E-03
        70  1.7425340E-04 -6.3516504E-03
        71  1.7512685E-04 -6.3809906E-03
        72  1.7600468E-04 -6.4104649E-03
        73  1.7688690E-04 -6.4400738E-03
        74  1.7777355E-04 -6.4698180E-03
        75  1.7866465E-04 -6.4996980E-03
        76  1.7956021E-04 -6.5297144E-03
        77  1.8046025E-04 -6.5598679E-03
        78  1.8136482E-04 -6.5901590E-03
        79  1.8227391E-04 -6.6205885E-03
        80  1.8318756E-04 -6.6511568E-03
        81  1.8410579E-04 -6.6818646E-03
        82  1.8502863E-04 -6.7127126E-03
        83  1.8595609E-04 -6.7437013E-03
        84  1.8688820E-04 -6.7748315E-03
        85  1.8782498E-04 -6.8061036E-03
        86  1.8876645E-04 -6.8375184E-03
        87  1.8971265E-04 -6.8690764E-03
        88  1.9066359E-04 -6.9007784E-03
        89  1.9161929E-04 -6.9326249E-03
        90  1.9257979E-04 -6.9646166E-03
        91  1.9354510E-04 -6.9967542E-03
        92  1.9451525E-04 -7.0290383E-03
        93  1.9549026E-04 -7.0614695E-03
        94  1.9647016E-04 -7.0940485E-03
        95  1.9745497E-04 -7.1267759E-03
        96  1.9844472E-04 -7.1596524E-03
        97  1.9943943E-04 -7.1926788E-03
        98  2.0043912E-04 -7.2258555E-03
        99  2.0144382E-04 -7.2591834E-03
       100  2.0245357E-04 -7.2926630E-03
       101  2.0346837E-04 -7.3262950E-03
       102  2.0448826E-04 -7.3600802E-03
       103  2.0551326E-04 -7.3940192E-03
       104  2.0654340E-04 -7.4281126E-03
       105  2.0757870E-04 -7.4623612E-03
       106  2.0861920E-04 -7.4967657E-03
       107  2.0966490E-04 -7.5313267E-03
       108  2.1071585E-04 -7.5660449E-03
       109  2.1177207E-04 -7.6009211E-03
       110  2.1283358E-04 -7.6359558E-03
       111  2.1390042E-04 -7.6711499E-03
       112  2.1497260E-04 -7.7065040E-03
       113  2.1605015E-04 -7.7420188E-03
       114  2.1713311E-04 -7.7776951E-03
       115  2.1822149E-04 -7.8135335E-03
       116  2.1931533E-04 -7.8495348E-03
       117  2.2041465E-04 -7.8856997E-03
       118  2.2151949E-04 -7.9220289E-03
       119  2.2262986E-04 -7.9585231E-03
       120  2.2374579E-04 -7.9951831E-03
       121  2.2486732E-04 -8.0320096E-03
       122  2.2599448E-04 -8.0690033E-03
       123  2.2712728E-04 -8.1061650E-03
       124  2.2826576E-04 -8.1434953E-03
       125  2.2940995E-04 -8.1809951E-03
       126  2.3055987E-04 -8.2186651E-03
       127  2.3171555E-04 -8.2565060E-03
       128  2.3287703E-04 -8.2945186E-03
       129  2.3404433E-04 -8.3327036E-03
       130  2.3521749E-04 -8.3710618E-03
       131  2.3639652E-04 -8.4095940E-03
       132  2.3758146E-04 -8.4483009E-03
       133  2.3877234E-04 -8.4871833E-03
       134  2.3996919E-04 -8.5262419E-03
       135  2.4117204E-04 -8.5654776E-03
       136  2.4238092E-04 -8.6048911E-03
       137  2.4359586E-04 -8.6444832E-03
       138  2.4481689E-04 -8.6842546E-03
       139  2.4604404E-04 -8.7242062E-03
       140  2.4727734E-04 -8.7643387E-03
       141  2.4851683E-04 -8.8046530E-03
       142  2.4976252E-04 -8.8451498E-03
       143  2.5101446E-04 -8.8858299E-03
       144  2.5227268E-04 -8.9266941E-03
       145  2.5353720E-04 -8.9677433E-03
       146  2.5480806E-04 -9.0089782E-03
       147  2.5608529E-04 -9.0503997E-03
       148  2.5736892E-04 -9.0920085E-03
       149  2.5865899E-04 -9.1338055E-03
       150  2.5995552E-04 -9.1757915E-03
       151  2.6125856E-04 -9.2179674E-03
       152  2.6256812E-04 -9.2603339E-03
       153  2.6388425E-04 -9.3028919E-03
       154  2.6520697E-04 -9.3456422E-03
       155  2.6653633E-04 -9.3885856E-03
       156  2.6787235E-04 -9.4317231E-03
       157  2.6921506E-04 -9.4750554E-03
       158  2.7056451E-04 -9.5185834E-03
       159  2.7192072E-04 -9.5623080E-03
       160  2.7328373E-04 -9.6062299E-03
       161  2.7465357E-04 -9.6503501E-03
       162  2.7603028E-04 -9.6946694E-03
       163  2.7741388E-04 -9.7391887E-03
       164  2.7880443E-04 -9.7839089E-03
       165  2.8020194E-04 -9.8288307E-03
       166  2.8160646E-04 -9.8739552E-03
       167  2.8301802E-04 -9.9192831E-03
       168  2.8443665E-04 -9.9648154E-03
       169  2.8586239E-04 -1.0010553E-02
       170  2.8729529E-04 -1.0056497E-02
       171  2.8873536E-04 -1.0102647E-02
       172  2.9018265E-04 -1.0149006E-02
       173  2.9163720E-04 -1.0195573E-02
       174  2.9309904E-04 -1.0242350E-02
       175  2.9456820E-04 -1.0289338E-02
       176  2.9604473E-04 -1.0336537E-02
       177  2.9752866E-04 -1.0383949E-02
       178  2.9902003E-04 -1.0431574E-02
       179  3.0051887E-04 -1.0479413E-02
       180  3.0202523E-04 -1.0527468E-02
       181  3.0353914E-04 -1.0575738E-02
       182  3.0506063E-04 -1.0624226E-02
       183  3.0658976E-04 -1.0672932E-02
       184  3.0812654E-04 -1.0721857E-02
       185  3.0967104E-04 -1.0771001E-02
       186  3.1122327E-04 -1.0820367E-02
       187  3.1278328E-04 -1.0869954E-02
       188  3.1435111E-04 -1.0919764E-02
       189  3.1592681E-04 -1.0969797E-02
       190  3.1751040E-04 -1.1020055E-02
       191  3.1910192E-04 -1.1070539E-02
       192  3.2070143E-04 -1.1121249E-02
       193  3.2230895E-04 -1.1172187E-02
       194  3.2392453E-04 -1.1223354E-02
       195  3.2554821E-04 -1.1274750E-02
       196  3.2718003E-04 -1.1326376E-02
       197  3.2882002E-04 -1.1378234E-02
       198  3.3046824E-04 -1.1430324E-02
       199  3.3212472E-04 -1.1482648E-02
       200  3.3378950E-04 -1.1535206E-02
       201  3.3546263E-04 -1.1588000E-02
       202  3.3714414E-04 -1.1641030E-02
       203  3.3883408E-04 -1.1694298E-02
       204  3.4053250E-04 -1.1747804E-02
       205  3.4223942E-04 -1.1801549E-02
       206  3.4395490E-04 -1.1855536E-02
       207  3.4567899E-04 -1.1909763E-02
       208  3.4741171E-04 -1.1964233E-02
       209  3.4915312E-04 -1.2018947E-02
       210  3.5090325E-04 -1.2073905E-02
       211  3.5266216E-04 -1.2129109E-02
       212  3.5442989E-04 -1.2184560E-02
       213  3.5620648E-04 -1.2240259E-02
       214  3.5799197E-04 -1.2296206E-02
       215  3.5978641E-04 -1.2352403E-02
       216  3.6158985E-04 -1.2408851E-02
       217  3.6340233E-04 -1.2465551E-02
       218  3.6522389E-04 -1.2522505E-02
       219  3.6705458E-04 -1.2579712E-02
       220  3.6889445E-04 -1.2637174E-02
       221  3.7074354E-04 -1.2694893E-02
       222  3.7260190E-04 -1.2752869E-02
       223  3.7446957E-04 -1.2811104E-02
       224  3.7634661E-04 -1.2869598E-02
       225  3.7823306E-04 -1.2928353E-02
       226  3.8012896E-04 -1.2987369E-02
       227  3.8203436E-04 -1.3046648E-02
       228  3.8394932E-04 -1.3106192E-02
       229  3.8587387E-04 -1.3166000E-02
       230  3.8780807E-04 -1.3226074E-02
       231  3.8975197E-04 -1.3286416E-02
       232  3.9170561E-04 -1.3347026E-02
       233  3.9366904E-04 -1.3407906E-02
       234  3.9564231E-04 -1.3469056E-02
       235  3.9762548E-04 -1.3530478E-02
       236  3.9961859E-04 -1.3592173E-02
       237  4.0162168E-04 -1.3654142E-02
       238  4.0363482E-04 -1.3716387E-02
       239  4.0565805E-04 -1.3778907E-02
       240  4.0769142E-04 -1.3841705E-02
       241  4.0973498E-04 -1.3904782E-02
       242  4.1178878E-04 -1.3968139E-02
       243  4.1385288E-04 -1.4031777E-02
       244  4.1592733E-04 -1.4095697E-02
       245  4.1801217E-04 -1.4159900E-02
       246  4.2010747E-04 -1.4224388E-02
       247  4.2221327E-04 -1.4289162E-02
       248  4.2432962E-04 -1.4354222E-02
       249  4.2645658E-04 -1.4419571E-02
       250  4.2859420E-04 -1.4485209E-02
       251  4.3074254E-04 -1.4551137E-02
       252  4.3290165E-04 -1.4617357E-02
       253  4.3507158E-04 -1.4683870E-02
       254  4.3725238E-04 -1.4750678E-02
       255  4.3944412E-04 -1.4817780E-02
       256  4.4164684E-04 -1.4885179E-02
       257  4.4386060E-04 -1.4952876E-02
       258  4.4608546E-04 -1.5020872E-02
       259  4.4832148E-04 -1.5089169E-02
       260  4.5056870E-04 -1.5157766E-02
       261  4.5282718E-04 -1.5226667E-02
       262  4.5509699E-04 -1.5295871E-02
       263  4.5737817E-04 -1.5365381E-02
       264  4.5967079E-04 -1.5435197E-02
       265  4.6197490E-04 -1.5505321E-02
       266  4.6429056E-04 -1.5575754E-02
       267  4.6661782E-04 -1.5646498E-02
       268  4.6895676E-04 -1.5717552E-02
       269  4.7130741E-04 -1.5788920E-02
       270  4.7366985E-04 -1.5860602E-02
       271  4.7604413E-04 -1.5932599E-02
       272  4.7843031E-04 -1.6004913E-02
       273  4.8082845E-04 -1.6077545E-02
       274  4.8323861E-04 -1.6150496E-02
       275  4.8566086E-04 -1.6223768E-02
       276  4.8809524E-04 -1.6297362E-02
       277  4.9054183E-04 -1.6371279E-02
       278  4.9300068E-04 -1.6445520E-02
       279  4.9547186E-04 -1.6520087E-02
       280  4.9795542E-04 -1.6594982E-02
       281  5.0045143E-04 -1.6670205E-02
       282  5.0295996E-04 -1.6745757E-02
       283  5.0548105E-04 -1.6821641E-02
       284  5.0801479E-04 -1.6897858E-02
       285  5.1056122E-04 -1.6974408E-02
       286  5.1312042E-04 -1.7051293E-02
       287  5.1569245E-04 -1.7128515E-02
       288  5.1827737E-04 -1.7206075E-02
       289  5.2087524E-04 -1.7283975E-02
       290  5.2348614E-04 -1.7362215E-02
       291  5.2611013E-04 -1.7440796E-02
       292  5.2874727E-04 -1.7519722E-02
       293  5.3139762E-04 -1.7598992E-02
       294  5.3406126E-04 -1.7678608E-02
       295  5.3673826E-04 -1.7758572E-02
       296  5.3942867E-04 -1.7838885E-02
       297  5.4213257E-04 -1.7919548E-02
       298  5.4485002E-04 -1.8000563E-02
       299  5.4758109E-04 -1.8081930E-02
       300  5.5032585E-04 -1.8163653E-02
       301  5.5308437E-04 -1.8245731E-02
       302  5.5585672E-04 -1.8328167E-02
       303  5.5864296E-04 -1.8410962E-02
       304  5.6144317E-04 -1.8494117E-02
       305  5.6425742E-04 -1.8577634E-02
       306  5.6708577E-04 -1.8661513E-02
       307  5.6992830E-04 -1.8745758E-02
       308  5.7278507E-04 -1.8830368E-02
       309  5.7565617E-04 -1.8915346E-02
       310  5.7854166E-04 -1.9000692E-02
       311  5.8144161E-04 -1.9086409E-02
       312  5.8435610E-04 -1.9172498E-02
       313  5.8728520E-04 -1.9258960E-02
       314  5.9022898E-04 -1.9345797E-02
       315  5.9318751E-04 -1.9433010E-02
       316  5.9616088E-04 -1.9520601E-02
       317  5.9914915E-04 -1.9608571E-02
       318  6.0215239E-04 -1.9696922E-02
       319  6.0517069E-04 -1.9785655E-02
       320  6.0820413E-04 -1.9874771E-02
       321  6.1125276E-04 -1.9964273E-02
       322  6.1431668E-04 -2.0054162E-02
       323  6.1739595E-04 -2.0144438E-02
       324  6.2049066E-04 -2.0235105E-02
       325  6.2360089E-04 -2.0326163E-02
       326  6.2672670E-04 -2.0417613E-02
       327  6.2986818E-04 -2.0509458E-02
       328  6.3302541E-04 -2.0601698E-02
       329  6.3619846E-04 -2.0694336E-02
       330  6.3938742E-04 -2.0787373E-02
       331  6.4259236E-04 -2.0880810E-02
       332  6.4581337E-04 -2.0974649E-02
       333  6.4905052E-04 -2.1068892E-02
       334  6.5230390E-04 -2.1163539E-02
       335  6.5557359E-04 -2.1258594E-02
       336  6.5885966E-04 -2.1354056E-02
       337  6.6216221E-04 -2.1449929E-02
       338  6.6548131E-04 -2.1546213E-02
       339  6.6881705E-04 -2.1642909E-02
       340  6.7216951E-04 -2.1740021E-02
       341  6.7553878E-04 -2.1837548E-02
       342  6.7892493E-04 -2.1935493E-02
       343  6.8232805E-04 -2.2033857E-02
       344  6.8574824E-04 -2.2132642E-02
       345  6.8918556E-04 -2.2231850E-02
       346  6.9264012E-04 -2.2331482E-02
       347  6.9611199E-04 -2.2431539E-02
       348  6.9960127E-04 -2.2532024E-02
       349  7.0310804E-04 -2.2632938E-02
       350  7.0663238E-04 -2.2734282E-02
       351  7.1017439E-04 -2.2836059E-02
       352  7.1373415E-04 -2.2938269E-02
       353  7.1731176E-04 -2.3040915E-02
       354  7.2090730E-04 -2.3143998E-02
       355  7.2452086E-04 -2.3247519E-02
       356  7.2815254E-04 -2.3351481E-02
       357  7.3180242E-04 -2.3455885E-02
       358  7.3547059E-04 -2.3560733E-02
       359  7.3915716E-04 -2.3666026E-02
       360  7.4286220E-04 -2.3771766E-02
       361  7.4658581E-04 -2.3877955E-02
       362  7.5032809E-04 -2.3984594E-02
       363  7.5408912E-04 -2.4091685E-02
       364  7.5786901E-04 -2.4199229E-02
       365  7.6166784E-04 -2.4307230E-02
       366  7.6548572E-04 -2.4415687E-02
       367  7.6932273E-04 -2.4524603E-02
       368  7.7317898E-04 -2.4633979E-02
       369  7.7705455E-04 -2.4743817E-02
       370  7.8094956E-04 -2.4854120E-02
       371  7.8486408E-04 -2.4964888E-02
       372  7.8879823E-04 -2.5076123E-02
       373  7.9275210E-04 -2.5187827E-02
       374  7.9672578E-04 -2.5300001E-02
       375  8.0071939E-04 -2.5412649E-02
       376  8.0473301E-04 -2.5525770E-02
       377  8.0876675E-04 -2.5639367E-02
       378  8.1282071E-04 -2.5753441E-02
       379  8.1689499E-04 -2.5867995E-02
       380  8.2098970E-04 -2.5983030E-02
       381  8.2510492E-04 -2.6098548E-02
       382  8.2924078E-04 -2.6214550E-02
       383  8.3339737E-04 -2.6331038E-02
       384  8.3757479E-04 -2.6448015E-02
       385  8.4177315E-04 -2.6565481E-02
       386  8.4599255E-04 -2.6683439E-02
       387  8.5023311E-04 -2.6801890E-02
       388  8.5449492E-04 -2.6920836E-02
       389  8.5877809E-04 -2.7040278E-02
       390  8.6308274E-04 -2.7160220E-02
       391  8.6740896E-04 -2.7280661E-02
       392  8.7175686E-04 -2.7401605E-02
       393  8.7612656E-04 -2.7523053E-02
       394  8.8051816E-04 -2.7645006E-02
       395  8.8493178E-04 -2.7767467E-02
       396  8.8936752E-04 -2.7890437E-02
       397  8.9382549E-04 -2.8013918E-02
       398  8.9830581E-04 -2.8137912E-02
       399  9.0280859E-04 -2.8262420E-02
       400  9.0733394E-04 -2.8387445E-02
       401  9.1188197E-04 -2.8512988E-02
       402  9.1645279E-04 -2.8639051E-02
       403  9.2104653E-04 -2.8765636E-02
       404  9.2566330E-04 -2.8892745E-02
       405  9.3030320E-04 -2.9020379E-02
       406  9.3496637E-04 -2.9148540E-02
       407  9.3965291E-04 -2.9277230E-02
       408  9.4436294E-04 -2.9406452E-02
       409  9.4909657E-04 -2.9536205E-02
       410  9.5385394E-04 -2.9666494E-02
       411  9.5863515E-04 -2.9797319E-02
       412  9.6344033E-04 -2.9928682E-02
       413  9.6826960E-04 -3.0060585E-02
       414  9.7312307E-04 -3.0193030E-02
       415  9.7800087E-04 -3.0326018E-02
       416  9.8290312E-04 -3.0459552E-02
       417  9.8782994E-04 -3.0593634E-02
       418  9.9278146E-04 -3.0728264E-02
       419  9.9775780E-04 -3.0863446E-02
       420  1.0027591E-03 -3.0999181E-02
       421  1.0077854E-03 -3.1135470E-02
       422  1.0128370E-03 -3.1272316E-02
       423  1.0179138E-03 -3.1409720E-02
       424  1.0230162E-03 -3.1547685E-02
       425  1.0281440E-03 -3.1686212E-02
       426  1.0332976E-03 -3.1825303E-02
       427  1.0384771E-03 -3.1964960E-02
       428  1.0436825E-03 -3.2105184E-02
       429  1.0489139E-03 -3.2245978E-02
       430  1.0541716E-03 -3.2387344E-02
       431  1.0594557E-03 -3.2529282E-02
       432  1.0647662E-03 -3.2671796E-02
       433  1.0701034E-03 -3.2814887E-02
       434  1.0754673E-03 -3.2958557E-02
       435  1.0808581E-03 -3.3102808E-02
       436  1.0862759E-03 -3.3247641E-02
       437  1.0917209E-03 -3.3393059E-02
       438  1.0971932E-03 -3.3539064E-02
       439  1.1026929E-03 -3.3685656E-02
       440  1.1082202E-03 -3.3832839E-02
       441  1.1137751E-03 -3.3980613E-02
       442  1.1193580E-03 -3.4128982E-02
       443  1.1249688E-03 -3.4277946E-02
       444  1.1306077E-03 -3.4427508E-02
       445  1.1362749E-03 -3.4577670E-02
       446  1.1419705E-03 -3.4728433E-02
       447  1.1476947E-03 -3.4879799E-02
       448  1.1534475E-03 -3.5031770E-02
       449  1.1592292E-03 -3.5184348E-02
       450  1.1650398E-03 -3.5337535E-02
       451  1.1708796E-03 -3.5491333E-02
       452  1.1767487E-03 -3.5645744E-02
       453  1.1826472E-03 -3.5800769E-02
       454  1.1885752E-03 -3.5956410E-02
       455  1.1945330E-03 -3.6112670E-02
       456  1.2005206E-03 -3.6269550E-02
       457  1.2065382E-03 -3.6427052E-02
       458  1.2125860E-03 -3.6585178E-02
       459  1.2186641E-03 -3.6743929E-02
       460  1.2247727E-03 -3.6903309E-02
       461  1.2309119E-03 -3.7063318E-02
       462  1.2370819E-03 -3.7223958E-02
       463  1.2432828E-03 -3.7385231E-02
       464  1.2495148E-03 -3.7547140E-02
       465  1.2557780E-03 -3.7709685E-02
       466  1.2620726E-03 -3.7872870E-02
       467  1.2683988E-03 -3.8036695E-02
       468  1.2747566E-03 -3.8201163E-02
       469  1.2811464E-03 -3.8366275E-02
       470  1.2875681E-03 -3.8532033E-02
       471  1.2940221E-03 -3.8698440E-02
       472  1.3005084E-03 -3.8865497E-02
       473  1.3070272E-03 -3.9033205E-02
       474  1.3135787E-03 -3.9201568E-02
       475  1.3201631E-03 -3.9370586E-02
       476  1.3267804E-03 -3.9540261E-02
       477  1.3334309E-03 -3.9710596E-02
       478  1.3401148E-03 -3.9881592E-02
       479  1.3468321E-03 -4.0053251E-02
       480  1.3535832E-03 -4.0225574E-02
       481  1.3603680E-03 -4.0398564E-02
       482  1.3671869E-03 -4.0572223E-02
       483  1.3740400E-03 -4.0746552E-02
       484  1.3809274E-03 -4.0921553E-02
       485  1.3878493E-03 -4.1097228E-02
       486  1.3948059E-03 -4.1273579E-02
       487  1.4017974E-03 -4.1450608E-02
       488  1.4088240E-03 -4.1628316E-02
       489  1.4158857E-03 -4.1806705E-02
       490  1.4229829E-03 -4.1985777E-02
       491  1.4301156E-03 -4.2165534E-02
       492  1.4372841E-03 -4.2345978E-02
       493  1.4444885E-03 -4.2527110E-02
       494  1.4517290E-03 -4.2708932E-02
       495  1.4590058E-03 -4.2891446E-02
       496  1.4663191E-03 -4.3074654E-02
       497  1.4736691E-03 -4.3258557E-02
       498  1.4810559E-03 -4.3443158E-02
       499  1.4884797E-03 -4.3628458E-02
       500  1.4959408E-03 -4.3814459E-02
       501  1.5034392E-03 -4.4001162E-02
       502  1.5109752E-03 -4.4188570E-02
       503  1.5185490E-03 -4.4376683E-02
       504  1.5261608E-03 -4.4565505E-02
       505  1.5338107E-03 -4.4755036E-02
       506  1.5414989E-03 -4.4945278E-02
       507  1.5492257E-03 -4.5136233E-02
       508  1.5569913E-03 -4.5327903E-02
       509  1.5647957E-03 -4.5520289E-02
       510  1.5726393E-03 -4.5713394E-02
       511  1.5805222E-03 -4.5907218E-02
       512  1.5884446E-03 -4.6101764E-02
       513  1.5964067E-03 -4.6297033E-02
       514  1.6044087E-03 -4.6493026E-02
       515  1.6124508E-03 -4.6689746E-02
       516  1.6205333E-03 -4.6887195E-02
       517  1.6286562E-03 -4.7085373E-02
       518  1.6368199E-03 -4.7284282E-02
       519  1.6450245E-03 -4.7483925E-02
       520  1.6532702E-03 -4.7684302E-02
       521  1.6615573E-03 -4.7885416E-02
       522  1.6698859E-03 -4.8087267E-02
       523  1.6782562E-03 -4.8289858E-02
       524  1.6866685E-03 -4.8493190E-02
       525  1.6951230E-03 -4.8697265E-02
       526  1.7036198E-03 -4.8902084E-02
       527  1.7121592E-03 -4.9107648E-02
       528  1.7207415E-03 -4.9313960E-02
       529  1.7293667E-03 -4.9521021E-02
       530  1.7380352E-03 -4.9728833E-02
       531  1.7467471E-03 -4.9937396E-02
       532  1.7555027E-03 -5.0146713E-02
       533  1.7643022E-03 -5.0356784E-02
       534  1.7731458E-03 -5.0567613E-02
       535  1.7820338E-03 -5.0779199E-02
       536  1.7909663E-03 -5.0991544E-02
       537  1.7999435E-03 -5.1204650E-02
       538  1.8089658E-03 -5.1418519E-02
       539  1.8180332E-03 -5.1633151E-02
       540  1.8271462E-03 -5.1848548E-02
       541  1.8363048E-03 -5.2064712E-02
       542  1.8455093E-03 -5.2281644E-02
       543  1.8547599E-03 -5.2499345E-02
       544  1.8640570E-03 -5.2717816E-02
       545  1.8734006E-03 -5.2937060E-02
       546  1.8827911E-03 -5.3157077E-02
       547  1.8922286E-03 -5.3377869E-02
       548  1.9017134E-03 -5.3599436E-02
       549  1.9112458E-03 -5.3821781E-02
       550  1.9208260E-03 -5.4044905E-02
       551  1.9304541E-03 -5.4268808E-02
       552  1.9401306E-03 -5.4493492E-02
       553  1.9498555E-03 -5.4718959E-02
       554  1.9596292E-03 -5.4945210E-02
       555  1.9694519E-03 -5.5172245E-02
       556  1.9793238E-03 -5.5400066E-02
       557  1.9892452E-03 -5.5628674E-02
       558  1.9992164E-03 -5.5858070E-02
       559  2.0092375E-03 -5.6088256E-02
       560  2.0193088E-03 -5.6319232E-02
       561  2.0294306E-03 -5.6551001E-02
       562  2.0396032E-03 -5.6783561E-02
       563  2.0498268E-03 -5.7016916E-02
       564  2.0601016E-03 -5.7251066E-02
       565  2.0704279E-03 -5.7486011E-02
       566  2.0808059E-03 -5.7721753E-02
       567  2.0912360E-03 -5.7958294E-02
       568  2.1017184E-03 -5.8195633E-02
       569  2.1122533E-03 -5.8433772E-02
       570  2.1228410E-03 -5.8672712E-02
       571  2.1334818E-03 -5.8912454E-02
       572  2.1441759E-03 -5.9152998E-02
       573  2.1549236E-03 -5.9394346E-02
       574  2.1657252E-03 -5.9636498E-02
       575  2.1765810E-03 -5.9879456E-02
       576  2.1874911E-03 -6.0123219E-02
       577  2.1984560E-03 -6.0367789E-02
       578  2.2094758E-03 -6.0613167E-02
       579  2.2205508E-03 -6.0859354E-02
       580  2.2316814E-03 -6.1106349E-02
       581  2.2428677E-03 -6.1354154E-02
       582  2.2541101E-03 -6.1602770E-02
       583  2.2654089E-03 -6.1852197E-02
       584  2.2767643E-03 -6.2102436E-02
       585  2.2881767E-03 -6.2353487E-02
       586  2.2996462E-03 -6.2605351E-02
       587  2.3111732E-03 -6.2858028E-02
       588  2.3227580E-03 -6.3111520E-02
       589  2.3344009E-03 -6.3365826E-02
       590  2.3461021E-03 -6.3620947E-02
       591  2.3578620E-03 -6.3876884E-02
       592  2.3696808E-03 -6.4133637E-02
       593  2.3815589E-03 -6.4391206E-02
       594  2.3934965E-03 -6.4649592E-02
       595  2.4054940E-03 -6.4908794E-02
       596  2.4175516E-03 -6.5168815E-02
       597  2.4296696E-03 -6.5429653E-02
       598  2.4418484E-03 -6.5691309E-02
       599  2.4540882E-03 -6.5953783E-02
       600  2.4663893E-03 -6.6217076E-02
       601  2.4787522E-03 -6.6481187E-02
       602  2.4911770E-03 -6.6746117E-02
       603  2.5036641E-03 -6.7011866E-02
       604  2.5162137E-03 -6.7278434E-02
       605  2.5288263E-03 -6.7545821E-02
       606  2.5415021E-03 -6.7814026E-02
       607  2.5542414E-03 -6.8083051E-02
       608  2.5670446E-03 -6.8352895E-02
       609  2.5799120E-03 -6.8623558E-02
       610  2.5928438E-03 -6.8895039E-02
       611  2.6058405E-03 -6.9167339E-02
       612  2.6189023E-03 -6.9440458E-02
       613  2.6320297E-03 -6.9714394E-02
       614  2.6452228E-03 -6.9989149E-02
       615  2.6584820E-03 -7.0264722E-02
       616  2.6718077E-03 -7.0541112E-02
       617  2.6852002E-03 -7.0818318E-02
       618  2.6986598E-03 -7.1096342E-02
       619  2.7121869E-03 -7.1375182E-02
       620  2.7257818E-03 -7.1654837E-02
       621  2.7394448E-03 -7.1935308E-02
       622  2.7531763E-03 -7.2216593E-02
       623  2.7669767E-03 -7.2498693E-02
       624  2.7808462E-03 -7.2781606E-02
       625  2.7947853E-03 -7.3065332E-02
       626  2.8087942E-03 -7.3349870E-02
       627  2.8228733E-03 -7.3635219E-02
       628  2.8370230E-03 -7.3921379E-02
       629  2.8512437E-03 -7.4208349E-02
       630  2.8655356E-03 -7.4496127E-02
       631  2.8798992E-03 -7.4784714E-02
       632  2.8943347E-03 -7.5074108E-02
       633  2.9088426E-03 -7.5364307E-02
       634  2.9234233E-03 -7.5655312E-02
       635  2.9380770E-03 -7.5947120E-02
       636  2.9528042E-03 -7.6239732E-02
       637  2.9676051E-03 -7.6533145E-02
       638  2.9824803E-03 -7.6827358E-02
       639  2.9974301E-03 -7.7122370E-02
       640  3.0124548E-03 -7.7418180E-02
       641  3.0275547E-03 -7.7714787E-02
       642  3.0427304E-03 -7.8012188E-02
       643  3.0579822E-03 -7.8310384E-02
       644  3.0733104E-03 -7.8609371E-02
       645  3.0887154E-03 -7.8909148E-02
       646  3.1041977E-03 -7.9209714E-02
       647  3.1197575E-03 -7.9511068E-02
       648  3.1353954E-03 -7.9813207E-02
       649  3.1511116E-03 -8.0116129E-02
       650  3.1669066E-03 -8.0419834E-02
       651  3.1827808E-03 -8.0724318E-02
       652  3.1987346E-03 -8.1029581E-02
       653  3.2147683E-03 -8.1335619E-02
       654  3.2308824E-03 -8.1642432E-02
       655  3.2470772E-03 -8.1950016E-02
       656  3.2633533E-03 -8.2258371E-02
       657  3.2797109E-03 -8.2567493E-02
       658  3.2961505E-03 -8.2877380E-02
       659  3.3126725E-03 -8.3188030E-02
       660  3.3292774E-03 -8.3499441E-02
       661  3.3459655E-03 -8.3811609E-02
       662  3.3627372E-03 -8.4124534E-02
       663  3.3795930E-03 -8.4438212E-02
       664  3.3965332E-03 -8.4752640E-02
       665  3.4135584E-03 -8.5067816E-02
       666  3.4306690E-03 -8.5383737E-02
       667  3.4478653E-03 -8.5700400E-02
       668  3.4651478E-03 -8.6017803E-02
       669  3.4825169E-03 -8.6335942E-02
       670  3.4999731E-03 -8.6654814E-02
       671  3.5175168E-03 -8.6974417E-02
       672  3.5351484E-03 -8.7294747E-02
       673  3.5528684E-03 -8.7615801E-02
       674  3.5706772E-03 -8.7937576E-02
       675  3.5885753E-03 -8.8260068E-02
       676  3.6065631E-03 -8.8583274E-02
       677  3.6246411E-03 -8.8907191E-02
       678  3.6428097E-03 -8.9231815E-02
       679  3.6610694E-03 -8.9557142E-02
       680  3.6794205E-03 -8.9883169E-02
       681  3.6978637E-03 -9.0209892E-02
       682  3.7163993E-03 -9.0537307E-02
       683  3.7350279E-03 -9.0865410E-02
       684  3.7537498E-03 -9.1194197E-02
       685  3.7725655E-03 -9.1523665E-02
       686  3.7914756E-03 -9.1853809E-02
       687  3.8104804E-03 -9.2184624E-02
       688  3.8295805E-03 -9.2516107E-02
       689  3.8487764E-03 -9.2848253E-02
       690  3.8680685E-03 -9.3181058E-02
       691  3.8874572E-03 -9.3514518E-02
       692  3.9069432E-03 -9.3848626E-02
       693  3.9265268E-03 -9.4183380E-02
       694  3.9462086E-03 -9.4518774E-02
       695  3.9659891E-03 -9.4854803E-02
       696  3.9858687E-03 -9.5191463E-02
       697  4.0058479E-03 -9.5528748E-02
       698  4.0259273E-03 -9.5866654E-02
       699  4.0461074E-03 -9.6205174E-02
       700  4.0663886E-03 -9.6544305E-02
       701  4.0867714E-03 -9.6884040E-02
       702  4.1072565E-03 -9.7224373E-02
       703  4.1278442E-03 -9.7565301E-02
       704  4.1485351E-03 -9.7906816E-02
       705  4.1693297E-03 -9.8248914E-02
       706  4.1902285E-03 -9.8591588E-02
       707  4.2112322E-03 -9.8934832E-02
       708  4.2323410E-03 -9.9278641E-02
       709  4.2535557E-03 -9.9623008E-02
       710  4.2748768E-03 -9.9967928E-02
       711  4.2963047E-03 -1.0031339E-01
       712  4.3178400E-03 -1.0065940E-01
       713  4.3394833E-03 -1.0100594E-01
       714  4.3612350E-03 -1.0135300E-01
       715  4.3830958E-03 -1.0170059E-01
       716  4.4050662E-03 -1.0204868E-01
       717  4.4271466E-03 -1.0239729E-01
       718  4.4493378E-03 -1.0274639E-01
       719  4.4716402E-03 -1.0309599E-01
       720  4.4940544E-03 -1.0344607E-01
       721  4.5165809E-03 -1.0379663E-01
       722  4.5392204E-03 -1.0414766E-01
       723  4.5619733E-03 -1.0449915E-01
       724  4.5848403E-03 -1.0485109E-01
       725  4.6078219E-03 -1.0520349E-01
       726  4.6309187E-03 -1.0555632E-01
       727  4.6541313E-03 -1.0590959E-01
       728  4.6774602E-03 -1.0626328E-01
       729  4.7009061E-03 -1.0661739E-01
       730  4.7244695E-03 -1.0697190E-01
       731  4.7481510E-03 -1.0732682E-01
       732  4.7719512E-03 -1.0768212E-01
       733  4.7958707E-03 -1.0803781E-01
       734  4.8199101E-03 -1.0839387E-01
       735  4.8440700E-03 -1.0875029E-01
       736  4.8683510E-03 -1.0910707E-01
       737  4.8927537E-03 -1.0946420E-01
       738  4.9172788E-03 -1.0982166E-01
       739  4.9419267E-03 -1.1017946E-01
       740  4.9666982E-03 -1.1053757E-01
       741  4.9915939E-03 -1.1089599E-01
       742  5.0166144E-03 -1.1125471E-01
       743  5.0417603E-03 -1.1161372E-01
       744  5.0670322E-03 -1.1197301E-01
       745  5.0924308E-03 -1.1233257E-01
       746  5.1179567E-03 -1.1269239E-01
       747  5.1436106E-03 -1.1305245E-01
       748  5.1693930E-03 -1.1341276E-01
       749  5.1953047E-03 -1.1377330E-01
       750  5.2213463E-03 -1.1413405E-01
       751  5.2475184E-03 -1.1449501E-01
       752  5.2738217E-03 -1.1485617E-01
       753  5.3002568E-03 -1.1521751E-01
       754  5.3268245E-03 -1.1557903E-01
       755  5.3535253E-03 -1.1594070E-01
       756  5.3803600E-03 -1.1630253E-01
       757  5.4073291E-03 -1.1666450E-01
       758  5.4344335E-03 -1.1702659E-01
       759  5.4616737E-03 -1.1738880E-01
       760  5.4890504E-03 -1.1775112E-01
       761  5.5165644E-03 -1.1811352E-01
       762  5.5442163E-03 -1.1847601E-01
       763  5.5720068E-03 -1.1883856E-01
       764  5.5999366E-03 -1.1920116E-01
       765  5.6280064E-03 -1.1956381E-01
       766  5.6562169E-03 -1.1992648E-01
       767  5.6845688E-03 -1.2028917E-01
       768  5.7130628E-03 -1.2065186E-01
       769  5.7416997E-03 -1.2101454E-01
       770  5.7704801E-03 -1.2137720E-01
       771  5.7994047E-03 -1.2173982E-01
       772  5.8284744E-03 -1.2210238E-01
       773  5.8576897E-03 -1.2246488E-01
       774  5.8870515E-03 -1.2282730E-01
       775  5.9165605E-03 -1.2318962E-01
       776  5.9462174E-03 -1.2355183E-01
       777  5.9760229E-03 -1.2391392E-01
       778  6.0059778E-03 -1.2427587E-01
       779  6.0360829E-03 -1.2463767E-01
       780  6.0663389E-03 -1.2499930E-01
       781  6.0967466E-03 -1.2536074E-01
       782  6.1273066E-03 -1.2572199E-01
       783  6.1580199E-03 -1.2608302E-01
       784  6.1888871E-03 -1.2644382E-01
       785  6.2199090E-03 -1.2680437E-01
       786  6.2510864E-03 -1.2716466E-01
       787  6.2824201E-03 -1.2752468E-01
       788  6.3139109E-03 -1.2788439E-01
       789  6.3455595E-03 -1.2824380E-01
       790  6.3773668E-03 -1.2860287E-01
       791  6.4093334E-03 -1.2896161E-01
       792  6.4414604E-03 -1.2931997E-01
       793  6.4737483E-03 -1.2967796E-01
       794  6.5061981E-03 -1.3003555E-01
       795  6.5388106E-03 -1.3039273E-01
       796  6.5715865E-03 -1.3074948E-01
       797  6.6045267E-03 -1.3110577E-01
       798  6.6376320E-03 -1.3146159E-01
       799  6.6709033E-03 -1.3181693E-01
       800  6.7043413E-03 -1.3217176E-01
       801  6.7379470E-03 -1.3252607E-01
       802  6.7717211E-03 -1.3287983E-01
       803  6.8056645E-03 -1.3323303E-01
       804  6.8397780E-03 -1.3358565E-01
       805  6.8740626E-03 -1.3393766E-01
       806  6.9085189E-03 -1.3428906E-01
       807  6.9431480E-03 -1.3463981E-01
       808  6.9779507E-03 -1.3498991E-01
       809  7.0129278E-03 -1.3533932E-01
       810  7.0480803E-03 -1.3568803E-01
       811  7.0834089E-03 -1.3603602E-01
       812  7.1189147E-03 -1.3638327E-01
       813  7.1545984E-03 -1.3672975E-01
       814  7.1904609E-03 -1.3707545E-01
       815  7.2265033E-03 -1.3742034E-01
       816  7.2627263E-03 -1.3776440E-01
       817  7.2991308E-03 -1.3810761E-01
       818  7.3357179E-03 -1.3844995E-01
       819  7.3724883E-03 -1.3879140E-01
       820  7.4094431E-03 -1.3913192E-01
       821  7.4465831E-03 -1.3947151E-01
       822  7.4839092E-03 -1.3981014E-01
       823  7.5214225E-03 -1.4014778E-01
       824  7.5591238E-03 -1.4048442E-01
       825  7.5970140E-03 -1.4082002E-01
       826  7.6350942E-03 -1.4115456E-01
       827  7.6733653E-03 -1.4148803E-01
       828  7.7118282E-03 -1.4182039E-01
       829  7.7504839E-03 -1.4215163E-01
       830  7.7893334E-03 -1.4248171E-01
       831  7.8283775E-03 -1.4281061E-01
       832  7.8676175E-03 -1.4313832E-01
       833  7.9070541E-03 -1.4346480E-01
       834  7.9466883E-03 -1.4379002E-01
       835  7.9865213E-03 -1.4411397E-01
       836  8.0265539E-03 -1.4443661E-01
       837  8.0667871E-03 -1.4475792E-01
       838  8.1072221E-03 -1.4507788E-01
       839  8.1478597E-03 -1.4539645E-01
       840  8.1887010E-03 -1.4571361E-01
       841  8.2297470E-03 -1.4602934E-01
       842  8.2709988E-03 -1.4634361E-01
       843  8.3124574E-03 -1.4665638E-01
       844  8.3541237E-03 -1.4696764E-01
       845  8.3959990E-03 -1.4727735E-01
       846  8.4380841E-03 -1.4758548E-01
       847  8.4803802E-03 -1.4789201E-01
       848  8.5228882E-03 -1.4819692E-01
       849  8.5656094E-03 -1.4850016E-01
       850  8.6085447E-03 -1.4880171E-01
       851  8.6516952E-03 -1.4910155E-01
       852  8.6950620E-03 -1.4939964E-01
       853  8.7386462E-03 -1.4969595E-01
       854  8.7824488E-03 -1.4999046E-01
       855  8.8264710E-03 -1.5028313E-01
       856  8.8707139E-03 -1.5057393E-01
       857  8.9151785E-03 -1.5086284E-01
       858  8.9598661E-03 -1.5114982E-01
       859  9.0047776E-03 -1.5143483E-01
       860  9.0499142E-03 -1.5171786E-01
       861  9.0952771E-03 -1.5199887E-01
       862  9.1408674E-03 -1.5227782E-01
       863  9.1866862E-03 -1.5255468E-01
       864  9.2327346E-03 -1.5282943E-01
       865  9.2790139E-03 -1.5310203E-01
       866  9.3255251E-03 -1.5337244E-01
       867  9.3722695E-03 -1.5364064E-01
       868  9.4192482E-03 -1.5390659E-01
       869  9.4664624E-03 -1.5417025E-01
       870  9.5139132E-03 -1.5443160E-01
       871  9.5616019E-03 -1.5469060E-01
       872  9.6095297E-03 -1.5494722E-01
       873  9.6576976E-03 -1.5520141E-01
       874  9.7061070E-03 -1.5545315E-01
       875  9.7547591E-03 -1.5570241E-01
       876  9.8036550E-03 -1.5594914E-01
       877  9.8527961E-03 -1.5619331E-01
       878  9.9021834E-03 -1.5643489E-01
       879  9.9518183E-03 -1.5667384E-01
       880  1.0001702E-02 -1.5691012E-01
       881  1.0051836E-02 -1.5714370E-01
       882  1.0102221E-02 -1.5737454E-01
       883  1.0152858E-02 -1.5760261E-01
       884  1.0203750E-02 -1.5782786E-01
       885  1.0254896E-02 -1.5805027E-01
       886  1.0306299E-02 -1.5826978E-01
       887  1.0357960E-02 -1.5848637E-01
       888  1.0409879E-02 -1.5870000E-01
       889  1.0462059E-02 -1.5891063E-01
       890  1.0514500E-02 -1.5911821E-01
       891  1.0567204E-02 -1.5932272E-01
       892  1.0620173E-02 -1.5952411E-01
       893  1.0673407E-02 -1.5972234E-01
       894  1.0726907E-02 -1.5991738E-01
       895  1.0780676E-02 -1.6010918E-01
       896  1.0834714E-02 -1.6029771E-01
       897  1.0889024E-02 -1.6048292E-01
       898  1.0943605E-02 -1.6066477E-01
       899  1.0998460E-02 -1.6084323E-01
       900  1.1053590E-02 -1.6101824E-01
       901  1.1108997E-02 -1.6118978E-01
       902  1.1164681E-02 -1.6135780E-01
       903  1.1220644E-02 -1.6152226E-01
       904  1.1276888E-02 -1.6168311E-01
       905  1.1333413E-02 -1.6184032E-01
       906  1.1390222E-02 -1.6199384E-01
       907  1.1447316E-02 -1.6214363E-01
       908  1.1504696E-02 -1.6228964E-01
       909  1.1562363E-02 -1.6243184E-01
       910  1.1620320E-02 -1.6257018E-01
       911  1.1678567E-02 -1.6270462E-01
       912  1.1737106E-02 -1.6283511E-01
       913  1.1795939E-02 -1.6296161E-01
       914  1.1855066E-02 -1.6308408E-01
       915  1.1914490E-02 -1.6320246E-01
       916  1.1974211E-02 -1.6331672E-01
       917  1.2034232E-02 -1.6342682E-01
       918  1.2094554E-02 -1.6353270E-01
       919  1.2155178E-02 -1.6363432E-01
       920  1.2216106E-02 -1.6373164E-01
       921  1.2277340E-02 -1.6382461E-01
       922  1.2338880E-02 -1.6391318E-01
       923  1.2400729E-02 -1.6399731E-01
       924  1.2462888E-02 -1.6407695E-01
       925  1.2525359E-02 -1.6415206E-01
       926  1.2588142E-02 -1.6422259E-01
       927  1.2651241E-02 -1.6428849E-01
       928  1.2714655E-02 -1.6434971E-01
       929  1.2778388E-02 -1.6440621E-01
       930  1.2842440E-02 -1.6445794E-01
       931  1.2906813E-02 -1.6450485E-01
       932  1.2971508E-02 -1.6454690E-01
       933  1.3036528E-02 -1.6458403E-01
       934  1.3101874E-02 -1.6461620E-01
       935  1.3167547E-02 -1.6464335E-01
       936  1.3233550E-02 -1.6466545E-01
       937  1.3299884E-02 -1.6468244E-01
       938  1.3366549E-02 -1.6469427E-01
       939  1.3433550E-02 -1.6470089E-01
       940  1.3500886E-02 -1.6470226E-01
       941  1.3568559E-02 -1.6469832E-01
       942  1.3636572E-02 -1.6468903E-01
       943  1.3704925E-02 -1.6467432E-01
       944  1.3773622E-02 -1.6465417E-01
       945  1.3842662E-02 -1.6462850E-01
       946  1.3912049E-02 -1.6459728E-01
       947  1.3981783E-02 -1.6456045E-01
       948  1.4051867E-02 -1.6451797E-01
       949  1.4122302E-02 -1.6446977E-01
       950  1.4193091E-02 -1.6441581E-01
       951  1.4264234E-02 -1.6435604E-01
       952  1.4335734E-02 -1.6429041E-01
       953  1.4407592E-02 -1.6421887E-01
       954  1.4479810E-02 -1.6414135E-01
       955  1.4552391E-02 -1.6405782E-01
       956  1.4625335E-02 -1.6396822E-01
       957  1.4698645E-02 -1.6387250E-01
       958  1.4772322E-02 -1.6377060E-01
       959  1.4846368E-02 -1.6366248E-01
       960  1.4920786E-02 -1.6354807E-01
       961  1.4995577E-02 -1.6342734E-01
       962  1.5070742E-02 -1.6330022E-01
       963  1.5146285E-02 -1.6316667E-01
       964  1.5222206E-02 -1.6302662E-01
       965  1.5298508E-02 -1.6288003E-01
       966  1.5375192E-02 -1.6272685E-01
       967  1.5452260E-02 -1.6256702E-01
       968  1.5529715E-02 -1.6240048E-01
       969  1.5607558E-02 -1.6222719E-01
       970  1.5685791E-02 -1.6204710E-01
       971  1.5764416E-02 -1.6186014E-01
       972  1.5843436E-02 -1.6166626E-01
       973  1.5922852E-02 -1.6146542E-01
       974  1.6002665E-02 -1.6125755E-01
       975  1.6082879E-02 -1.6104261E-01
       976  1.6163495E-02 -1.6082054E-01
       977  1.6244514E-02 -1.6059129E-01
       978  1.6325940E-02 -1.6035480E-01
       979  1.6407775E-02 -1.6011102E-01
       980  1.6490019E-02 -1.5985989E-01
       981  1.6572675E-02 -1.5960137E-01
       982  1.6655746E-02 -1.5933539E-01
       983  1.6739234E-02 -1.5906191E-01
       984  1.6823139E-02 -1.5878087E-01
       985  1.6907466E-02 -1.5849222E-01
       986  1.6992215E-02 -1.5819590E-01
       987  1.7077389E-02 -1.5789187E-01
       988  1.7162989E-02 -1.5758005E-01
       989  1.7249019E-02 -1.5726042E-01
       990  1.7335480E-02 -1.5693290E-01
       991  1.7422375E-02 -1.5659744E-01
       992  1.7509705E-02 -1.5625400E-01
       993  1.7597472E-02 -1.5590252E-01
       994  1.7685680E-02 -1.5554294E-01
       995  1.7774330E-02 -1.5517522E-01
       996  1.7863424E-02 -1.5479930E-01
       997  1.7952965E-02 -1.5441512E-01
       998  1.8042955E-02 -1.5402263E-01
       999  1.8133395E-02 -1.5362179E-01
      1000  1.8224289E-02 -1.5321254E-01
      1001  1.8315639E-02 -1.5279482E-01
      1002  1.8407446E-02 -1.5236858E-01
      1003  1.8499714E-02 -1.5193378E-01
      1004  1.8592444E-02 -1.5149036E-01
      1005  1.8685639E-02 -1.5103826E-01
      1006  1.8779301E-02 -1.5057744E-01
      1007  1.8873433E-02 -1.5010784E-01
      1008  1.8968037E-02 -1.4962942E-01
      1009  1.9063114E-02 -1.4914212E-01
      1010  1.9158669E-02 -1.4864589E-01
      1011  1.9254702E-02 -1.4814067E-01
      1012  1.9351216E-02 -1.4762643E-01
      1013  1.9448215E-02 -1.4710311E-01
      1014  1.9545699E-02 -1.4657066E-01
      1015  1.9643673E-02 -1.4602902E-01
      1016  1.9742137E-02 -1.4547816E-01
      1017  1.9841095E-02 -1.4491802E-01
      1018  1.9940549E-02 -1.4434855E-01
      1019  2.0040501E-02 -1.4376970E-01
      1020  2.0140954E-02 -1.4318143E-01
      1021  2.0241911E-02 -1.4258369E-01
      1022  2.0343374E-02 -1.4197642E-01
      1023  2.0445346E-02 -1.4135959E-01
      1024  2.0547829E-02 -1.4073315E-01
      1025  2.0650825E-02 -1.4009704E-01
      1026  2.0754338E-02 -1.3945122E-01
      1027  2.0858369E-02 -1.3879566E-01
      1028  2.0962922E-02 -1.3813029E-01
      1029  2.1068000E-02 -1.3745508E-01
      1030  2.1173603E-02 -1.3676998E-01
      1031  2.1279736E-02 -1.3607495E-01
      1032  2.1386402E-02 -1.3536994E-01
      1033  2.1493601E-02 -1.3465491E-01
      1034  2.1601338E-02 -1.3392983E-01
      1035  2.1709616E-02 -1.3319463E-01
      1036  2.1818436E-02 -1.3244929E-01
      1037  2.1927801E-02 -1.3169377E-01
      1038  2.2037714E-02 -1.3092801E-01
      1039  2.2148179E-02 -1.3015198E-01
      1040  2.2259197E-02 -1.2936565E-01
      1041  2.2370772E-02 -1.2856897E-01
      1042  2.2482906E-02 -1.2776191E-01
      1043  2.2595602E-02 -1.2694441E-01
      1044  2.2708863E-02 -1.2611646E-01
      1045  2.2822691E-02 -1.2527801E-01
      1046  2.2937091E-02 -1.2442903E-01
      1047  2.3052063E-02 -1.2356947E-01
      1048  2.3167612E-02 -1.2269931E-01
      1049  2.3283740E-02 -1.2181851E-01
      1050  2.3400451E-02 -1.2092704E-01
      1051  2.3517746E-02 -1.2002486E-01
      1052  2.3635629E-02 -1.1911195E-01
      1053  2.3754103E-02 -1.1818827E-01
      1054  2.3873171E-02 -1.1725378E-01
      1055  2.3992836E-02 -1.1630847E-01
      1056  2.4113100E-02 -1.1535230E-01
      1057  2.4233968E-02 -1.1438524E-01
      1058  2.4355441E-02 -1.1340727E-01
      1059  2.4477523E-02 -1.1241836E-01
      1060  2.4600217E-02 -1.1141848E-01
      1061  2.4723526E-02 -1.1040761E-01
      1062  2.4847454E-02 -1.0938572E-01
      1063  2.4972002E-02 -1.0835280E-01
      1064  2.5097175E-02 -1.0730881E-01
      1065  2.5222975E-02 -1.0625374E-01
      1066  2.5349406E-02 -1.0518757E-01
      1067  2.5476470E-02 -1.0411027E-01
      1068  2.5604171E-02 -1.0302183E-01
      1069  2.5732513E-02 -1.0192223E-01
      1070  2.5861497E-02 -1.0081146E-01
      1071  2.5991129E-02 -9.9689497E-02
      1072  2.6121410E-02 -9.8556327E-02
      1073  2.6252344E-02 -9.7411938E-02
      1074  2.6383934E-02 -9.6256316E-02
      1075  2.6516184E-02 -9.5089452E-02
      1076  2.6649097E-02 -9.3911335E-02
      1077  2.6782676E-02 -9.2721954E-02
      1078  2.6916925E-02 -9.1521304E-02
      1079  2.7051847E-02 -9.0309376E-02
      1080  2.7187445E-02 -8.9086166E-02
      1081  2.7323722E-02 -8.7851668E-02
      1082  2.7460683E-02 -8.6605879E-02
      1083  2.7598330E-02 -8.5348798E-02
      1084  2.7736668E-02 -8.4080424E-02
      1085  2.7875698E-02 -8.2800757E-02
      1086  2.8015426E-02 -8.1509799E-02
      1087  2.8155854E-02 -8.0207553E-02
      1088  2.8296985E-02 -7.8894024E-02
      1089  2.8438825E-02 -7.7569217E-02
      1090  2.8581375E-02 -7.6233140E-02
      1091  2.8724640E-02 -7.4885801E-02
      1092  2.8868623E-02 -7.3527209E-02
      1093  2.9013327E-02 -7.2157377E-02
      1094  2.9158757E-02 -7.0776318E-02
      1095  2.9304916E-02 -6.9384044E-02
      1096  2.9451807E-02 -6.7980573E-02
      1097  2.9599435E-02 -6.6565920E-02
      1098  2.9747803E-02 -6.5140106E-02
      1099  2.9896914E-02 -6.3703150E-02
      1100  3.0046773E-02 -6.2255075E-02
      1101  3.0197383E-02 -6.0795902E-02
      1102  3.0348748E-02 -5.9325659E-02
      1103  3.0500872E-02 -5.7844370E-02
      1104  3.0653758E-02 -5.6352065E-02
      1105  3.0807411E-02 -5.4848774E-02
      1106  3.0961834E-02 -5.3334527E-02
      1107  3.1117031E-02 -5.1809359E-02
      1108  3.1273005E-02 -5.0273304E-02
      1109  3.1429762E-02 -4.8726399E-02
      1110  3.1587304E-02 -4.7168682E-02
      1111  3.1745636E-02 -4.5600194E-02
      1112  3.1904762E-02 -4.4020977E-02
      1113  3.2064685E-02 -4.2431075E-02
      1114  3.2225410E-02 -4.0830533E-02
      1115  3.2386941E-02 -3.9219400E-02
      1116  3.2549281E-02 -3.7597724E-02
      1117  3.2712435E-02 -3.5965557E-02
      1118  3.2876407E-02 -3.4322952E-02
      1119  3.3041200E-02 -3.2669964E-02
      1120  3.3206820E-02 -3.1006652E-02
      1121  3.3373270E-02 -2.9333073E-02
      1122  3.3540554E-02 -2.7649289E-02
      1123  3.3708677E-02 -2.5955363E-02
      1124  3.3877642E-02 -2.4251360E-02
      1125  3.4047455E-02 -2.2537348E-02
      1126  3.4218118E-02 -2.0813396E-02
      1127  3.4389637E-02 -1.9079575E-02
      1128  3.4562016E-02 -1.7335960E-02
      1129  3.4735259E-02 -1.5582625E-02
      1130  3.4909370E-02 -1.3819649E-02
      1131  3.5084354E-02 -1.2047111E-02
      1132  3.5260215E-02 -1.0265094E-02
      1133  3.5436958E-02 -8.4736830E-03
      1134  3.5614586E-02 -6.6729635E-03
      1135  3.5793105E-02 -4.8630251E-03
      1136  3.5972519E-02 -3.0439588E-03
      1137  3.6152832E-02 -1.2158583E-03
      1138  3.6334049E-02  6.2118079E-04
      1139  3.6516174E-02  2.4670602E-03
      1140  3.6699212E-02  4.3216794E-03
      1141  3.6883167E-02  6.1849355E-03
      1142  3.7068045E-02  8.0567234E-03
      1143  3.7253849E-02  9.9369353E-03
      1144  3.7440585E-02  1.1825461E-02
      1145  3.7628257E-02  1.3722189E-02
      1146  3.7816869E-02  1.5627002E-02
      1147  3.8006427E-02  1.7539785E-02
      1148  3.8196935E-02  1.9460417E-02
      1149  3.8388398E-02  2.1388776E-02
      1150  3.8580821E-02  2.3324736E-02
      1151  3.8774208E-02  2.5268171E-02
      1152  3.8968564E-02  2.7218949E-02
      1153  3.9163895E-02  2.9176940E-02
      1154  3.9360205E-02  3.1142006E-02
      1155  3.9557499E-02  3.3114011E-02
      1156  3.9755782E-02  3.5092813E-02
      1157  3.9955058E-02  3.7078271E-02
      1158  4.0155334E-02  3.9070238E-02
      1159  4.0356613E-02  4.1068565E-02
      1160  4.0558902E-02  4.3073102E-02
      1161  4.0762204E-02  4.5083695E-02
      1162  4.0966525E-02  4.7100187E-02
      1163  4.1171871E-02  4.9122420E-02
      1164  4.1378246E-02  5.1150230E-02
      1165  4.1585655E-02  5.3183455E-02
      1166  4.1794104E-02  5.5221925E-02
      1167  4.2003598E-02  5.7265471E-02
      1168  4.2214142E-02  5.9313919E-02
      1169  4.2425741E-02  6.1367095E-02
      1170  4.2638401E-02  6.3424820E-02
      1171  4.2852127E-02  6.5486911E-02
      1172  4.3066924E-02  6.7553185E-02
      1173  4.3282798E-02  6.9623454E-02
      1174  4.3499754E-02  7.1697530E-02
      1175  4.3717797E-02  7.3775218E-02
      1176  4.3936934E-02  7.5856324E-02
      1177  4.4157168E-02  7.7940649E-02
      1178  4.4378507E-02  8.0027990E-02
      1179  4.4600955E-02  8.2118146E-02
      1180  4.4824519E-02  8.4210907E-02
      1181  4.5049202E-02  8.6306064E-02
      1182  4.5275012E-02  8.8403404E-02
      1183  4.5501954E-02  9.0502711E-02
      1184  4.5730034E-02  9.2603766E-02
      1185  4.5959257E-02  9.4706348E-02
      1186  4.6189628E-02  9.6810232E-02
      1187  4.6421155E-02  9.8915190E-02
      1188  4.6653842E-02  1.0102099E-01
      1189  4.6887695E-02  1.0312741E-01
      1190  4.7122721E-02  1.0523419E-01
      1191  4.7358924E-02  1.0734111E-01
      1192  4.7596312E-02  1.0944793E-01
      1193  4.7834889E-02  1.1155439E-01
      1194  4.8074663E-02  1.1366025E-01
      1195  4.8315638E-02  1.1576527E-01
      1196  4.8557821E-02  1.1786917E-01
      1197  4.8801218E-02  1.1997171E-01
      1198  4.9045835E-02  1.2207264E-01
      1199  4.9291679E-02  1.2417168E-01
      1200  4.9538754E-02  1.2626856E-01
      1201  4.9787068E-02  1.2836303E-01
      1202  5.0036627E-02  1.3045481E-01
      1203  5.0287437E-02  1.3254363E-01
      1204  5.0539504E-02  1.3462921E-01
      1205  5.0792834E-02  1.3671126E-01
      1206  5.1047434E-02  1.3878952E-01
      1207  5.1303310E-02  1.4086368E-01
      1208  5.1560469E-02  1.4293347E-01
      1209  5.1818917E-02  1.4499859E-01
      1210  5.2078661E-02  1.4705874E-01
      1211  5.2339706E-02  1.4911364E-01
      1212  5.2602060E-02  1.5116298E-01
      1213  5.2865729E-02  1.5320645E-01
      1214  5.3130719E-02  1.5524376E-01
      1215  5.3397038E-02  1.5727460E-01
      1216  5.3664692E-02  1.5929865E-01
      1217  5.3933687E-02  1.6131560E-01
      1218  5.4204031E-02  1.6332514E-01
      1219  5.4475730E-02  1.6532695E-01
      1220  5.4748791E-02  1.6732071E-01
      1221  5.5023220E-02  1.6930609E-01
      1222  5.5299025E-02  1.7128276E-01
      1223  5.5576213E-02  1.7325041E-01
      1224  5.5854790E-02  1.7520869E-01
      1225  5.6134763E-02  1.7715727E-01
      1226  5.6416140E-02  1.7909583E-01
      1227  5.6698927E-02  1.8102401E-01
      1228  5.6983131E-02  1.8294148E-01
      1229  5.7268760E-02  1.8484789E-01
      1230  5.7555821E-02  1.8674291E-01
      1231  5.7844321E-02  1.8862617E-01
      1232  5.8134267E-02  1.9049734E-01
      1233  5.8425666E-02  1.9235605E-01
      1234  5.8718526E-02  1.9420196E-01
      1235  5.9012854E-02  1.9603470E-01
      1236  5.9308657E-02  1.9785393E-01
      1237  5.9605943E-02  1.9965927E-01
      1238  5.9904719E-02  2.0145036E-01
      1239  6.0204992E-02  2.0322685E-01
      1240  6.0506771E-02  2.0498836E-01
      1241  6.0810063E-02  2.0673452E-01
      1242  6.1114874E-02  2.0846497E-01
      1243  6.1421214E-02  2.1017933E-01
      1244  6.1729089E-02  2.1187723E-01
      1245  6.2038507E-02  2.1355830E-01
      1246  6.2349477E-02  2.1522214E-01
      1247  6.2662005E-02  2.1686840E-01
      1248  6.2976099E-02  2.1849668E-01
      1249  6.3291768E-02  2.2010661E-01
      1250  6.3609020E-02  2.2169780E-01
      1251  6.3927861E-02  2.2326986E-01
      1252  6.4248301E-02  2.2482242E-01
      1253  6.4570347E-02  2.2635509E-01
      1254  6.4894007E-02  2.2786747E-01
      1255  6.5219290E-02  2.2935917E-01
      1256  6.5546203E-02  2.3082982E-01
      1257  6.5874754E-02  2.3227901E-01
      1258  6.6204953E-02  2.3370636E-01
      1259  6.6536807E-02  2.3511146E-01
      1260  6.6870324E-02  2.3649394E-01
      1261  6.7205513E-02  2.3785339E-01
      1262  6.7542382E-02  2.3918942E-01
      1263  6.7880939E-02  2.4050163E-01
      1264  6.8221194E-02  2.4178963E-01
      1265  6.8563154E-02  2.4305303E-01
      1266  6.8906828E-02  2.4429141E-01
      1267  6.9252225E-02  2.4550440E-01
      1268  6.9599354E-02  2.4669159E-01
      1269  6.9948222E-02  2.4785258E-01
      1270  7.0298839E-02  2.4898699E-01
      1271  7.0651213E-02  2.5009440E-01
      1272  7.1005354E-02  2.5117443E-01
      1273  7.1361270E-02  2.5222668E-01
      1274  7.1718969E-02  2.5325075E-01
      1275  7.2078462E-02  2.5424625E-01
      1276  7.2439757E-02  2.5521279E-01
      1277  7.2802863E-02  2.5614996E-01
      1278  7.3167789E-02  2.5705738E-01
      1279  7.3534544E-02  2.5793466E-01
      1280  7.3903137E-02  2.5878140E-01
      1281  7.4273578E-02  2.5959721E-01
      1282  7.4645876E-02  2.6038170E-01
      1283  7.5020040E-02  2.6113449E-01
      1284  7.5396080E-02  2.6185519E-01
      1285  7.5774004E-02  2.6254342E-01
      1286  7.6153823E-02  2.6319878E-01
      1287  7.6535545E-02  2.6382090E-01
      1288  7.6919181E-02  2.6440941E-01
      1289  7.7304740E-02  2.6496391E-01
      1290  7.7692232E-02  2.6548404E-01
      1291  7.8081666E-02  2.6596942E-01
      1292  7.8473052E-02  2.6641968E-01
      1293  7.8866400E-02  2.6683444E-01
      1294  7.9261719E-02  2.6721336E-01
      1295  7.9659020E-02  2.6755605E-01
      1296  8.0058313E-02  2.6786216E-01
      1297  8.0459607E-02  2.6813132E-01
      1298  8.0862912E-02  2.6836319E-01
      1299  8.1268239E-02  2.6855741E-01
      1300  8.1675598E-02  2.6871363E-01
      1301  8.2084999E-02  2.6883151E-01
      1302  8.2496451E-02  2.6891070E-01
      1303  8.2909967E-02  2.6895086E-01
      1304  8.3325555E-02  2.6895166E-01
      1305  8.3743226E-02  2.6891276E-01
      1306  8.4162990E-02  2.6883384E-01
      1307  8.4584859E-02  2.6871458E-01
      1308  8.5008842E-02  2.6855465E-01
      1309  8.5434951E-02  2.6835375E-01
      1310  8.5863195E-02  2.6811155E-01
      1311  8.6293586E-02  2.6782775E-01
      1312  8.6726135E-02  2.6750206E-01
      1313  8.7160851E-02  2.6713418E-01
      1314  8.7597747E-02  2.6672381E-01
      1315  8.8036833E-02  2.6627067E-01
      1316  8.8478119E-02  2.6577447E-01
      1317  8.8921617E-02  2.6523495E-01
      1318  8.9367339E-02  2.6465183E-01
      1319  8.9815295E-02  2.6402485E-01
      1320  9.0265496E-02  2.6335376E-01
      1321  9.0717953E-02  2.6263829E-01
      1322  9.1172679E-02  2.6187820E-01
      1323  9.1629684E-02  2.6107325E-01
      1324  9.2088980E-02  2.6022322E-01
      1325  9.2550578E-02  2.5932786E-01
      1326  9.3014489E-02  2.5838697E-01
      1327  9.3480726E-02  2.5740033E-01
      1328  9.3949300E-02  2.5636773E-01
      1329  9.4420223E-02  2.5528897E-01
      1330  9.4893507E-02  2.5416386E-01
      1331  9.5369162E-02  2.5299223E-01
      1332  9.5847202E-02  2.5177388E-01
      1333  9.6327638E-02  2.5050865E-01
      1334  9.6810483E-02  2.4919638E-01
      1335  9.7295747E-02  2.4783692E-01
      1336  9.7783444E-02  2.4643013E-01
      1337  9.8273586E-02  2.4497585E-01
      1338  9.8766184E-02  2.4347397E-01
      1339  9.9261252E-02  2.4192437E-01
      1340  9.9758801E-02  2.4032694E-01
      1341  1.0025884E-01  2.3868157E-01
      1342  1.0076139E-01  2.3698817E-01
      1343  1.0126646E-01  2.3524666E-01
      1344  1.0177406E-01  2.3345696E-01
      1345  1.0228421E-01  2.3161900E-01
      1346  1.0279691E-01  2.2973274E-01
      1347  1.0331218E-01  2.2779812E-01
      1348  1.0383003E-01  2.2581512E-01
      1349  1.0435048E-01  2.2378369E-01
      1350  1.0487354E-01  2.2170384E-01
      1351  1.0539922E-01  2.1957555E-01
      1352  1.0592754E-01  2.1739882E-01
      1353  1.0645850E-01  2.1517368E-01
      1354  1.0699213E-01  2.1290015E-01
      1355  1.0752843E-01  2.1057826E-01
      1356  1.0806742E-01  2.0820807E-01
      1357  1.0860911E-01  2.0578963E-01
      1358  1.0915351E-01  2.0332302E-01
      1359  1.0970065E-01  2.0080831E-01
      1360  1.1025053E-01  1.9824561E-01
      1361  1.1080316E-01  1.9563500E-01
      1362  1.1135856E-01  1.9297662E-01
      1363  1.1191675E-01  1.9027059E-01
      1364  1.1247773E-01  1.8751705E-01
      1365  1.1304153E-01  1.8471615E-01
      1366  1.1360815E-01  1.8186806E-01
      1367  1.1417762E-01  1.7897295E-01
      1368  1.1474993E-01  1.7603102E-01
      1369  1.1532512E-01  1.7304247E-01
      1370  1.1590319E-01  1.7000750E-01
      1371  1.1648416E-01  1.6692636E-01
      1372  1.1706804E-01  1.6379928E-01
      1373  1.1765484E-01  1.6062651E-01
      1374  1.1824459E-01  1.5740833E-01
      1375  1.1883729E-01  1.5414500E-01
      1376  1.1943297E-01  1.5083683E-01
      1377  1.2003163E-01  1.4748412E-01
      1378  1.2063329E-01  1.4408719E-01
      1379  1.2123797E-01  1.4064637E-01
      1380  1.2184567E-01  1.3716202E-01
      1381  1.2245643E-01  1.3363449E-01
      1382  1.2307024E-01  1.3006416E-01
      1383  1.2368714E-01  1.2645142E-01
      1384  1.2430712E-01  1.2279667E-01
      1385  1.2493021E-01  1.1910032E-01
      1386  1.2555643E-01  1.1536281E-01
      1387  1.2618578E-01  1.1158458E-01
      1388  1.2681829E-01  1.0776610E-01
      1389  1.2745397E-01  1.0390783E-01
      1390  1.2809284E-01  1.0001027E-01
      1391  1.2873490E-01  9.6073910E-02
      1392  1.2938019E-01  9.2099274E-02
      1393  1.3002871E-01  8.8086892E-02
      1394  1.3068048E-01  8.4037310E-02
      1395  1.3133552E-01  7.9951087E-02
      1396  1.3199384E-01  7.5828799E-02
      1397  1.3265547E-01  7.1671035E-02
      1398  1.3332040E-01  6.7478399E-02
      1399  1.3398867E-01  6.3251509E-02
      1400  1.3466030E-01  5.8990998E-02
      1401  1.3533528E-01  5.4697515E-02
      1402  1.3601365E-01  5.0371722E-02
      1403  1.3669543E-01  4.6014295E-02
      1404  1.3738061E-01  4.1625928E-02
      1405  1.3806924E-01  3.7207325E-02
      1406  1.3876131E-01  3.2759208E-02
      1407  1.3945686E-01  2.8282313E-02
      1408  1.4015589E-01  2.3777389E-02
      1409  1.4085842E-01  1.9245202E-02
      1410  1.4156448E-01  1.4686529E-02
      1411  1.4227407E-01  1.0102166E-02
      1412  1.4298722E-01  5.4929192E-03
      1413  1.4370395E-01  8.5961159E-04
      1414  1.4442427E-01 -3.7969204E-03
      1415  1.4514820E-01 -8.4758259E-03
      1416  1.4587576E-01 -1.3176240E-02
      1417  1.4660696E-01 -1.7897283E-02
      1418  1.4734183E-01 -2.2638063E-02
      1419  1.4808039E-01 -2.7397672E-02
      1420  1.4882264E-01 -3.2175190E-02
      1421  1.4956862E-01 -3.6969681E-02
      1422  1.5031834E-01 -4.1780198E-02
      1423  1.5107181E-01 -4.6605779E-02
      1424  1.5182906E-01 -5.1445448E-02
      1425  1.5259011E-01 -5.6298217E-02
      1426  1.5335497E-01 -6.1163084E-02
      1427  1.5412366E-01 -6.6039034E-02
      1428  1.5489621E-01 -7.0925040E-02
      1429  1.5567263E-01 -7.5820060E-02
      1430  1.5645294E-01 -8.0723042E-02
      1431  1.5723717E-01 -8.5632920E-02
      1432  1.5802532E-01 -9.0548616E-02
      1433  1.5881743E-01 -9.5469039E-02
      1434  1.5961350E-01 -1.0039309E-01
      1435  1.6041357E-01 -1.0531965E-01
      1436  1.6121764E-01 -1.1024759E-01
      1437  1.6202575E-01 -1.1517578E-01
      1438  1.6283791E-01 -1.2010307E-01
      1439  1.6365414E-01 -1.2502830E-01
      1440  1.6447446E-01 -1.2995030E-01
      1441  1.6529889E-01 -1.3486789E-01
      1442  1.6612745E-01 -1.3977987E-01
      1443  1.6696017E-01 -1.4468504E-01
      1444  1.6779706E-01 -1.4958220E-01
      1445  1.6863815E-01 -1.5447012E-01
      1446  1.6948345E-01 -1.5934756E-01
      1447  1.7033299E-01 -1.6421329E-01
      1448  1.7118679E-01 -1.6906606E-01
      1449  1.7204486E-01 -1.7390461E-01
      1450  1.7290724E-01 -1.7872768E-01
      1451  1.7377394E-01 -1.8353397E-01
      1452  1.7464499E-01 -1.8832223E-01
      1453  1.7552040E-01 -1.9309114E-01
      1454  1.7640020E-01 -1.9783942E-01
      1455  1.7728441E-01 -2.0256576E-01
      1456  1.7817305E-01 -2.0726885E-01
      1457  1.7906615E-01 -2.1194736E-01
      1458  1.7996372E-01 -2.1659997E-01
      1459  1.8086579E-01 -2.2122536E-01
      1460  1.8177239E-01 -2.2582218E-01
      1461  1.8268352E-01 -2.3038910E-01
      1462  1.8359923E-01 -2.3492476E-01
      1463  1.8451952E-01 -2.3942782E-01
      1464  1.8544443E-01 -2.4389692E-01
      1465  1.8637398E-01 -2.4833070E-01
      1466  1.8730818E-01 -2.5272781E-01
      1467  1.8824707E-01 -2.5708687E-01
      1468  1.8919066E-01 -2.6140651E-01
      1469  1.9013898E-01 -2.6568538E-01
      1470  1.9109206E-01 -2.6992209E-01
      1471  1.9204991E-01 -2.7411527E-01
      1472  1.9301256E-01 -2.7826355E-01
      1473  1.9398004E-01 -2.8236556E-01
      1474  1.9495237E-01 -2.8641991E-01
      1475  1.9592957E-01 -2.9042524E-01
      1476  1.9691168E-01 -2.9438016E-01
      1477  1.9789870E-01 -2.9828331E-01
      1478  1.9889067E-01 -3.0213332E-01
      1479  1.9988761E-01 -3.0592881E-01
      1480  2.0088955E-01 -3.0966842E-01
      1481  2.0189652E-01 -3.1335078E-01
      1482  2.0290853E-01 -3.1697453E-01
      1483  2.0392561E-01 -3.2053832E-01
      1484  2.0494779E-01 -3.2404080E-01
      1485  2.0597510E-01 -3.2748061E-01
      1486  2.0700755E-01 -3.3085641E-01
      1487  2.0804518E-01 -3.3416687E-01
      1488  2.0908801E-01 -3.3741065E-01
      1489  2.1013607E-01 -3.4058644E-01
      1490  2.1118938E-01 -3.4369291E-01
      1491  2.1224797E-01 -3.4672875E-01
      1492  2.1331187E-01 -3.4969267E-01
      1493  2.1438110E-01 -3.5258337E-01
      1494  2.1545569E-01 -3.5539957E-01
      1495  2.1653567E-01 -3.5814000E-01
      1496  2.1762106E-01 -3.6080338E-01
      1497  2.1871189E-01 -3.6338848E-01
      1498  2.1980818E-01 -3.6589404E-01
      1499  2.2090998E-01 -3.6831884E-01
      1500  2.2201729E-01 -3.7066166E-01
      1501  2.2313016E-01 -3.7292130E-01
      1502  2.2424860E-01 -3.7509656E-01
      1503  2.2537266E-01 -3.7718626E-01
      1504  2.2650234E-01 -3.7918925E-01
      1505  2.2763769E-01 -3.8110436E-01
      1506  2.2877873E-01 -3.8293048E-01
      1507  2.2992549E-01 -3.8466648E-01
      1508  2.3107799E-01 -3.8631126E-01
      1509  2.3223627E-01 -3.8786373E-01
      1510  2.3340036E-01 -3.8932283E-01
      1511  2.3457029E-01 -3.9068750E-01
      1512  2.3574608E-01 -3.9195672E-01
      1513  2.3692776E-01 -3.9312947E-01
      1514  2.3811536E-01 -3.9420477E-01
      1515  2.3930892E-01 -3.9518163E-01
      1516  2.4050846E-01 -3.9605911E-01
      1517  2.4171402E-01 -3.9683627E-01
      1518  2.4292561E-01 -3.9751220E-01
      1519  2.4414328E-01 -3.9808601E-01
      1520  2.4536706E-01 -3.9855685E-01
      1521  2.4659696E-01 -3.9892386E-01
      1522  2.4783304E-01 -3.9918622E-01
      1523  2.4907530E-01 -3.9934315E-01
      1524  2.5032380E-01 -3.9939387E-01
      1525  2.5157855E-01 -3.9933763E-01
      1526  2.5283960E-01 -3.9917371E-01
      1527  2.5410696E-01 -3.9890143E-01
      1528  2.5538068E-01 -3.9852010E-01
      1529  2.5666078E-01 -3.9802909E-01
      1530  2.5794729E-01 -3.9742779E-01
      1531  2.5924026E-01 -3.9671560E-01
      1532  2.6053971E-01 -3.9589198E-01
      1533  2.6184567E-01 -3.9495638E-01
      1534  2.6315818E-01 -3.9390832E-01
      1535  2.6447726E-01 -3.9274732E-01
      1536  2.6580296E-01 -3.9147294E-01
      1537  2.6713530E-01 -3.9008477E-01
      1538  2.6847432E-01 -3.8858243E-01
      1539  2.6982006E-01 -3.8696558E-01
      1540  2.7117254E-01 -3.8523389E-01
      1541  2.7253179E-01 -3.8338709E-01
      1542  2.7389786E-01 -3.8142493E-01
      1543  2.7527078E-01 -3.7934717E-01
      1544  2.7665058E-01 -3.7715365E-01
      1545  2.7803730E-01 -3.7484421E-01
      1546  2.7943097E-01 -3.7241873E-01
      1547  2.8083162E-01 -3.6987714E-01
      1548  2.8223930E-01 -3.6721937E-01
      1549  2.8365403E-01 -3.6444543E-01
      1550  2.8507585E-01 -3.6155532E-01
      1551  2.8650480E-01 -3.5854912E-01
      1552  2.8794091E-01 -3.5542692E-01
      1553  2.8938422E-01 -3.5218885E-01
      1554  2.9083476E-01 -3.4883507E-01
      1555  2.9229258E-01 -3.4536580E-01
      1556  2.9375770E-01 -3.4178126E-01
      1557  2.9523017E-01 -3.3808176E-01
      1558  2.9671001E-01 -3.3426759E-01
      1559  2.9819728E-01 -3.3033912E-01
      1560  2.9969200E-01 -3.2629675E-01
      1561  3.0119421E-01 -3.2214090E-01
      1562  3.0270395E-01 -3.1787205E-01
      1563  3.0422126E-01 -3.1349070E-01
      1564  3.0574618E-01 -3.0899742E-01
      1565  3.0727874E-01 -3.0439277E-01
      1566  3.0881898E-01 -2.9967741E-01
      1567  3.1036694E-01 -2.9485198E-01
      1568  3.1192266E-01 -2.8991721E-01
      1569  3.1348618E-01 -2.8487384E-01
      1570  3.1505754E-01 -2.7972265E-01
      1571  3.1663677E-01 -2.7446447E-01
      1572  3.1822392E-01 -2.6910018E-01
      1573  3.1981902E-01 -2.6363069E-01
      1574  3.2142212E-01 -2.5805693E-01
      1575  3.2303326E-01 -2.5237990E-01
      1576  3.2465247E-01 -2.4660063E-01
      1577  3.2627979E-01 -2.4072019E-01
      1578  3.2791528E-01 -2.3473969E-01
      1579  3.2955896E-01 -2.2866029E-01
      1580  3.3121088E-01 -2.2248316E-01
      1581  3.3287108E-01 -2.1620956E-01
      1582  3.3453961E-01 -2.0984074E-01
      1583  3.3621649E-01 -2.0337802E-01
      1584  3.3790179E-01 -1.9682275E-01
      1585  3.3959553E-01 -1.9017633E-01
      1586  3.4129776E-01 -1.8344019E-01
      1587  3.4300852E-01 -1.7661581E-01
      1588  3.4472785E-01 -1.6970468E-01
      1589  3.4645581E-01 -1.6270838E-01
      1590  3.4819243E-01 -1.5562848E-01
      1591  3.4993775E-01 -1.4846661E-01
      1592  3.5169182E-01 -1.4122446E-01
      1593  3.5345468E-01 -1.3390372E-01
      1594  3.5522638E-01 -1.2650615E-01
      1595  3.5700696E-01 -1.1903352E-01
      1596  3.5879647E-01 -1.1148766E-01
      1597  3.6059494E-01 -1.0387043E-01
      1598  3.6240243E-01 -9.6183725E-02
      1599  3.6421898E-01 -8.8429482E-02
      1600  3.6604463E-01 -8.0609671E-02
      1601  3.6787944E-01 -7.2726300E-02
      1602  3.6972344E-01 -6.4781410E-02
      1603  3.7157669E-01 -5.6777081E-02
      1604  3.7343923E-01 -4.8715426E-02
      1605  3.7531110E-01 -4.0598592E-02
      1606  3.7719235E-01 -3.2428760E-02
      1607  3.7908304E-01 -2.4208148E-02
      1608  3.8098320E-01 -1.5939003E-02
      1609  3.8289289E-01 -7.6236062E-03
      1610  3.8481214E-01  7.3572939E-04
      1611  3.8674102E-01  9.1366590E-03
      1612  3.8867957E-01  1.7576807E-02
      1613  3.9062784E-01  2.6053767E-02
      1614  3.9258587E-01  3.4565105E-02
      1615  3.9455371E-01  4.3108355E-02
      1616  3.9653142E-01  5.1681024E-02
      1617  3.9851904E-01  6.0280592E-02
      1618  4.0051663E-01  6.8904510E-02
      1619  4.0252422E-01  7.7550205E-02
      1620  4.0454189E-01  8.6215075E-02
      1621  4.0656966E-01  9.4896497E-02
      1622  4.0860760E-01  1.0359182E-01
      1623  4.1065575E-01  1.1229837E-01
      1624  4.1271417E-01  1.2101346E-01
      1625  4.1478291E-01  1.2973436E-01
      1626  4.1686202E-01  1.3845834E-01
      1627  4.1895155E-01  1.4718263E-01
      1628  4.2105155E-01  1.5590447E-01
      1629  4.2316208E-01  1.6462105E-01
      1630  4.2528319E-01  1.7332956E-01
      1631  4.2741493E-01  1.8202717E-01
      1632  4.2955736E-01  1.9071103E-01
      1633  4.3171052E-01  1.9937828E-01
      1634  4.3387448E-01  2.0802604E-01
      1635  4.3604929E-01  2.1665143E-01
      1636  4.3823499E-01  2.2525153E-01
      1637  4.4043165E-01  2.3382345E-01
      1638  4.4263933E-01  2.4236425E-01
      1639  4.4485807E-01  2.5087100E-01
      1640  4.4708793E-01  2.5934077E-01
      1641  4.4932896E-01  2.6777060E-01
      1642  4.5158123E-01  2.7615754E-01
      1643  4.5384480E-01  2.8449864E-01
      1644  4.5611970E-01  2.9279092E-01
      1645  4.5840601E-01  3.0103143E-01
      1646  4.6070378E-01  3.0921719E-01
      1647  4.6301307E-01  3.1734523E-01
      1648  4.6533393E-01  3.2541259E-01
      1649  4.6766643E-01  3.3341629E-01
      1650  4.7001061E-01  3.4135337E-01
      1651  4.7236655E-01  3.4922087E-01
      1652  4.7473430E-01  3.5701583E-01
      1653  4.7711392E-01  3.6473529E-01
      1654  4.7950546E-01  3.7237631E-01
      1655  4.8190899E-01  3.7993595E-01
      1656  4.8432457E-01  3.8741127E-01
      1657  4.8675226E-01  3.9479937E-01
      1658  4.8919211E-01  4.0209731E-01
      1659  4.9164420E-01  4.0930222E-01
      1660  4.9410857E-01  4.1641119E-01
      1661  4.9658530E-01  4.2342136E-01
      1662  4.9907445E-01  4.3032987E-01
      1663  5.0157607E-01  4.3713388E-01
      1664  5.0409023E-01  4.4383056E-01
      1665  5.0661699E-01  4.5041710E-01
      1666  5.0915642E-01  4.5689071E-01
      1667  5.1170858E-01  4.6324863E-01
      1668  5.1427353E-01  4.6948809E-01
      1669  5.1685133E-01  4.7560638E-01
      1670  5.1944206E-01  4.8160078E-01
      1671  5.2204578E-01  4.8746861E-01
      1672  5.2466254E-01  4.9320721E-01
      1673  5.2729242E-01  4.9881394E-01
      1674  5.2993549E-01  5.0428619E-01
      1675  5.3259180E-01  5.0962138E-01
      1676  5.3526143E-01  5.1481695E-01
      1677  5.3794444E-01  5.1987038E-01
      1678  5.4064090E-01  5.2477915E-01
      1679  5.4335087E-01  5.2954082E-01
      1680  5.4607443E-01  5.3415293E-01
      1681  5.4881164E-01  5.3861308E-01
      1682  5.5156257E-01  5.4291890E-01
      1683  5.5432728E-01  5.4706806E-01
      1684  5.5710586E-01  5.5105825E-01
      1685  5.5989837E-01  5.5488720E-01
      1686  5.6270487E-01  5.5855271E-01
      1687  5.6552544E-01  5.6205257E-01
      1688  5.6836015E-01  5.6538465E-01
      1689  5.7120906E-01  5.6854684E-01
      1690  5.7407226E-01  5.7153710E-01
      1691  5.7694981E-01  5.7435340E-01
      1692  5.7984178E-01  5.7699378E-01
      1693  5.8274825E-01  5.7945633E-01
      1694  5.8566929E-01  5.8173919E-01
      1695  5.8860497E-01  5.8384053E-01
      1696  5.9155536E-01  5.8575860E-01
      1697  5.9452055E-01  5.8749169E-01
      1698  5.9750059E-01  5.8903814E-01
      1699  6.0049558E-01  5.9039637E-01
      1700  6.0350558E-01  5.9156482E-01
      1701  6.0653066E-01  5.9254202E-01
      1702  6.0957091E-01  5.9332656E-01
      1703  6.1262639E-01  5.9391706E-01
      1704  6.1569720E-01  5.9431223E-01
      1705  6.1878339E-01  5.9451083E-01
      1706  6.2188506E-01  5.9451169E-01
      1707  6.2500227E-01  5.9431371E-01
      1708  6.2813511E-01  5.9391582E-01
      1709  6.3128365E-01  5.9331706E-01
      1710  6.3444797E-01  5.9251650E-01
      1711  6.3762815E-01  5.9151331E-01
      1712  6.4082428E-01  5.9030670E-01
      1713  6.4403642E-01  5.8889595E-01
      1714  6.4726467E-01  5.8728043E-01
      1715  6.5050909E-01  5.8545955E-01
      1716  6.5376979E-01  5.8343281E-01
      1717  6.5704682E-01  5.8119977E-01
      1718  6.6034028E-01  5.7876007E-01
      1719  6.6365025E-01  5.7611341E-01
      1720  6.6697681E-01  5.7325956E-01
      1721  6.7032005E-01  5.7019837E-01
      1722  6.7368004E-01  5.6692976E-01
      1723  6.7705687E-01  5.6345373E-01
      1724  6.8045064E-01  5.5977032E-01
      1725  6.8386141E-01  5.5587968E-01
      1726  6.8728928E-01  5.5178203E-01
      1727  6.9073433E-01  5.4747763E-01
      1728  6.9419665E-01  5.4296686E-01
      1729  6.9767633E-01  5.3825014E-01
      1730  7.0117344E-01  5.3332797E-01
      1731  7.0468809E-01  5.2820093E-01
      1732  7.0822035E-01  5.2286969E-01
      1733  7.1177032E-01  5.1733496E-01
      1734  7.1533809E-01  5.1159755E-01
      1735  7.1892373E-01  5.0565835E-01
      1736  7.2252735E-01  4.9951830E-01
      1737  7.2614904E-01  4.9317843E-01
      1738  7.2978887E-01  4.8663985E-01
      1739  7.3344696E-01  4.7990374E-01
      1740  7.3712337E-01  4.7297134E-01
      1741  7.4081822E-01  4.6584400E-01
      1742  7.4453159E-01  4.5852310E-01
      1743  7.4826357E-01  4.5101014E-01
      1744  7.5201425E-01  4.4330666E-01
      1745  7.5578374E-01  4.3541429E-01
      1746  7.5957212E-01  4.2733473E-01
      1747  7.6337949E-01  4.1906975E-01
      1748  7.6720595E-01  4.1062122E-01
      1749  7.7105159E-01  4.0199103E-01
      1750  7.7491650E-01  3.9318120E-01
      1751  7.7880078E-01  3.8419379E-01
      1752  7.8270454E-01  3.7503094E-01
      1753  7.8662786E-01  3.6569486E-01
      1754  7.9057085E-01  3.5618783E-01
      1755  7.9453360E-01  3.4651220E-01
      1756  7.9851622E-01  3.3667041E-01
      1757  8.0251880E-01  3.2666494E-01
      1758  8.0654144E-01  3.1649836E-01
      1759  8.1058425E-01  3.0617330E-01
      1760  8.1464732E-01  2.9569246E-01
      1761  8.1873075E-01  2.8505860E-01
      1762  8.2283466E-01  2.7427457E-01
      1763  8.2695913E-01  2.6334327E-01
      1764  8.3110428E-01  2.5226766E-01
      1765  8.3527021E-01  2.4105076E-01
      1766  8.3945702E-01  2.2969569E-01
      1767  8.4366482E-01  2.1820560E-01
      1768  8.4789370E-01  2.0658370E-01
      1769  8.5214379E-01  1.9483329E-01
      1770  8.5641518E-01  1.8295771E-01
      1771  8.6070798E-01  1.7096037E-01
      1772  8.6502229E-01  1.5884472E-01
      1773  8.6935824E-01  1.4661429E-01
      1774  8.7371591E-01  1.3427267E-01
      1775  8.7809543E-01  1.2182349E-01
      1776  8.8249690E-01  1.0927045E-01
      1777  8.8692044E-01  9.6617293E-02
      1778  8.9136614E-01  8.3867822E-02
      1779  8.9583414E-01  7.1025894E-02
      1780  9.0032452E-01  5.8095417E-02
      1781  9.0483742E-01  4.5080352E-02
      1782  9.0937293E-01  3.1984707E-02
      1783  9.1393119E-01  1.8812541E-02
      1784  9.1851228E-01  5.5679612E-03
      1785  9.2311635E-01 -7.7448783E-03
      1786  9.2774349E-01 -2.1121778E-02
      1787  9.3239382E-01 -3.4558494E-02
      1788  9.3706746E-01 -4.8050736E-02
      1789  9.4176453E-01 -6.1594171E-02
      1790  9.4648515E-01 -7.5184428E-02
      1791  9.5122942E-01 -8.8817093E-02
      1792  9.5599748E-01 -1.0248771E-01
      1793  9.6078944E-01 -1.1619179E-01
      1794  9.6560542E-01 -1.2992480E-01
      1795  9.7044553E-01 -1.4368218E-01
      1796  9.7530991E-01 -1.5745932E-01
      1797  9.8019867E-01 -1.7125160E-01
      1798  9.8511194E-01 -1.8505434E-01
      1799  9.9004983E-01 -1.9886284E-01
      1800  9.9501248E-01 -2.1267239E-01
      1801  1.0000000E+00 -2.2647822E-01
      1802  1.0050125E+00 -2.4027555E-01
      1803  1.0100502E+00 -2.5405956E-01
      1804  1.0151131E+00 -2.6782542E-01
      1805  1.0202013E+00 -2.8156827E-01
      1806  1.0253151E+00 -2.9528322E-01
      1807  1.0304545E+00 -3.0896537E-01
      1808  1.0356197E+00 -3.2260979E-01
      1809  1.0408108E+00 -3.3621155E-01
      1810  1.0460279E+00 -3.4976567E-01
      1811  1.0512711E+00 -3.6326718E-01
      1812  1.0565406E+00 -3.7671109E-01
      1813  1.0618365E+00 -3.9009239E-01
      1814  1.0671590E+00 -4.0340606E-01
      1815  1.0725082E+00 -4.1664707E-01
      1816  1.0778842E+00 -4.2981039E-01
      1817  1.0832871E+00 -4.4289095E-01
      1818  1.0887171E+00 -4.5588372E-01
      1819  1.0941743E+00 -4.6878363E-01
      1820  1.0996589E+00 -4.8158561E-01
      1821  1.1051709E+00 -4.9428461E-01
      1822  1.1107106E+00 -5.0687554E-01
      1823  1.1162781E+00 -5.1935336E-01
      1824  1.1218734E+00 -5.3171298E-01
      1825  1.1274969E+00 -5.4394935E-01
      1826  1.1331485E+00 -5.5605741E-01
      1827  1.1388284E+00 -5.6803212E-01
      1828  1.1445368E+00 -5.7986842E-01
      1829  1.1502738E+00 -5.9156128E-01
      1830  1.1560396E+00 -6.0310567E-01
      1831  1.1618342E+00 -6.1449660E-01
      1832  1.1676580E+00 -6.2572906E-01
      1833  1.1735109E+00 -6.3679806E-01
      1834  1.1793931E+00 -6.4769865E-01
      1835  1.1853049E+00 -6.5842588E-01
      1836  1.1912462E+00 -6.6897482E-01
      1837  1.1972174E+00 -6.7934057E-01
      1838  1.2032184E+00 -6.8951825E-01
      1839  1.2092496E+00 -6.9950300E-01
      1840  1.2153110E+00 -7.0928999E-01
      1841  1.2214028E+00 -7.1887443E-01
      1842  1.2275251E+00 -7.2825154E-01
      1843  1.2336781E+00 -7.3741659E-01
      1844  1.2398619E+00 -7.4636487E-01
      1845  1.2460767E+00 -7.5509172E-01
      1846  1.2523227E+00 -7.6359250E-01
      1847  1.2586000E+00 -7.7186261E-01
      1848  1.2649088E+00 -7.7989752E-01
      1849  1.2712492E+00 -7.8769269E-01
      1850  1.2776213E+00 -7.9524369E-01
      1851  1.2840254E+00 -8.0254607E-01
      1852  1.2904616E+00 -8.0959548E-01
      1853  1.2969301E+00 -8.1638759E-01
      1854  1.3034310E+00 -8.2291812E-01
      1855  1.3099645E+00 -8.2918288E-01
      1856  1.3165307E+00 -8.3517769E-01
      1857  1.3231298E+00 -8.4089845E-01
      1858  1.3297620E+00 -8.4634112E-01
      1859  1.3364275E+00 -8.5150171E-01
      1860  1.3431264E+00 -8.5637632E-01
      1861  1.3498588E+00 -8.6096107E-01
      1862  1.3566250E+00 -8.6525220E-01
      1863  1.3634251E+00 -8.6924598E-01
      1864  1.3702593E+00 -8.7293877E-01
      1865  1.3771278E+00 -8.7632700E-01
      1866  1.3840306E+00 -8.7940717E-01
      1867  1.3909681E+00 -8.8217586E-01
      1868  1.3979404E+00 -8.8462973E-01
      1869  1.4049476E+00 -8.8676554E-01
      1870  1.4119899E+00 -8.8858010E-01
      1871  1.4190675E+00 -8.9007034E-01
      1872  1.4261807E+00 -8.9123326E-01
      1873  1.4333294E+00 -8.9206594E-01
      1874  1.4405140E+00 -8.9256558E-01
      1875  1.4477346E+00 -8.9272946E-01
      1876  1.4549914E+00 -8.9255496E-01
      1877  1.4622846E+00 -8.9203956E-01
      1878  1.4696143E+00 -8.9118083E-01
      1879  1.4769808E+00 -8.8997648E-01
      1880  1.4843842E+00 -8.8842428E-01
      1881  1.4918247E+00 -8.8652214E-01
      1882  1.4993025E+00 -8.8426808E-01
      1883  1.5068178E+00 -8.8166022E-01
      1884  1.5143707E+00 -8.7869680E-01
      1885  1.5219616E+00 -8.7537619E-01
      1886  1.5295904E+00 -8.7169686E-01
      1887  1.5372575E+00 -8.6765743E-01
      1888  1.5449631E+00 -8.6325663E-01
      1889  1.5527072E+00 -8.5849331E-01
      1890  1.5604902E+00 -8.5336647E-01
      1891  1.5683122E+00 -8.4787524E-01
      1892  1.5761734E+00 -8.4201887E-01
      1893  1.5840740E+00 -8.3579676E-01
      1894  1.5920142E+00 -8.2920846E-01
      1895  1.5999942E+00 -8.2225364E-01
      1896  1.6080142E+00 -8.1493214E-01
      1897  1.6160744E+00 -8.0724393E-01
      1898  1.6241750E+00 -7.9918915E-01
      1899  1.6323162E+00 -7.9076807E-01
      1900  1.6404982E+00 -7.8198114E-01
      1901  1.6487213E+00 -7.7282895E-01
      1902  1.6569855E+00 -7.6331226E-01
      1903  1.6652912E+00 -7.5343201E-01
      1904  1.6736385E+00 -7.4318926E-01
      1905  1.6820276E+00 -7.3258530E-01
      1906  1.6904588E+00 -7.2162154E-01
      1907  1.6989323E+00 -7.1029960E-01
      1908  1.7074482E+00 -6.9862125E-01
      1909  1.7160069E+00 -6.8658847E-01
      1910  1.7246084E+00 -6.7420339E-01
      1911  1.7332530E+00 -6.6146834E-01
      1912  1.7419410E+00 -6.4838584E-01
      1913  1.7506725E+00 -6.3495860E-01
      1914  1.7594478E+00 -6.2118951E-01
      1915  1.7682671E+00 -6.0708167E-01
      1916  1.7771305E+00 -5.9263838E-01
      1917  1.7860384E+00 -5.7786312E-01
      1918  1.7949910E+00 -5.6275958E-01
      1919  1.8039884E+00 -5.4733166E-01
      1920  1.8130309E+00 -5.3158348E-01
      1921  1.8221188E+00 -5.1551933E-01
      1922  1.8312522E+00 -4.9914375E-01
      1923  1.8404314E+00 -4.8246148E-01
      1924  1.8496566E+00 -4.6547747E-01
      1925  1.8589280E+00 -4.4819690E-01
      1926  1.8682460E+00 -4.3062516E-01
      1927  1.8776106E+00 -4.1276786E-01
      1928  1.8870221E+00 -3.9463085E-01
      1929  1.8964809E+00 -3.7622019E-01
      1930  1.9059870E+00 -3.5754217E-01
      1931  1.9155408E+00 -3.3860333E-01
      1932  1.9251425E+00 -3.1941041E-01
      1933  1.9347923E+00 -2.9997040E-01
      1934  1.9444905E+00 -2.8029053E-01
      1935  1.9542373E+00 -2.6037825E-01
      1936  1.9640330E+00 -2.4024125E-01
      1937  1.9738777E+00 -2.1988746E-01
      1938  1.9837718E+00 -1.9932506E-01
      1939  1.9937155E+00 -1.7856245E-01
      1940  2.0037091E+00 -1.5760829E-01
      1941  2.0137527E+00 -1.3647147E-01
      1942  2.0238467E+00 -1.1516111E-01
      1943  2.0339913E+00 -9.3686592E-02
      1944  2.0441867E+00 -7.2057530E-02
      1945  2.0544332E+00 -5.0283782E-02
      1946  2.0647311E+00 -2.8375445E-02
      1947  2.0750806E+00 -6.3428582E-03
      1948  2.0854820E+00  1.5803400E-02
      1949  2.0959355E+00  3.8052509E-02
      1950  2.1064414E+00  6.0393412E-02
      1951  2.1170000E+00  8.2814816E-02
      1952  2.1276115E+00  1.0530519E-01
      1953  2.1382762E+00  1.2785277E-01
      1954  2.1489944E+00  1.5044556E-01
      1955  2.1597663E+00  1.7307133E-01
      1956  2.1705921E+00  1.9571763E-01
      1957  2.1814723E+00  2.1837178E-01
      1958  2.1924069E+00  2.4102087E-01
      1959  2.2033964E+00  2.6365180E-01
      1960  2.2144410E+00  2.8625122E-01
      1961  2.2255409E+00  3.0880558E-01
      1962  2.2366965E+00  3.3130113E-01
      1963  2.2479080E+00  3.5372392E-01
      1964  2.2591757E+00  3.7605979E-01
      1965  2.2704998E+00  3.9829438E-01
      1966  2.2818808E+00  4.2041317E-01
      1967  2.2933187E+00  4.4240142E-01
      1968  2.3048140E+00  4.6424425E-01
      1969  2.3163670E+00  4.8592658E-01
      1970  2.3279778E+00  5.0743318E-01
      1971  2.3396469E+00  5.2874868E-01
      1972  2.3513744E+00  5.4985752E-01
      1973  2.3631607E+00  5.7074404E-01
      1974  2.3750061E+00  5.9139241E-01
      1975  2.3869109E+00  6.1178671E-01
      1976  2.3988753E+00  6.3191089E-01
      1977  2.4108997E+00  6.5174878E-01
      1978  2.4229844E+00  6.7128413E-01
      1979  2.4351297E+00  6.9050061E-01
      1980  2.4473358E+00  7.0938180E-01
      1981  2.4596031E+00  7.2791121E-01
      1982  2.4719319E+00  7.4607231E-01
      1983  2.4843225E+00  7.6384852E-01
      1984  2.4967753E+00  7.8122326E-01
      1985  2.5092904E+00  7.9817988E-01
      1986  2.5218683E+00  8.1470176E-01
      1987  2.5345092E+00  8.3077231E-01
      1988  2.5472135E+00  8.4637492E-01
      1989  2.5599814E+00  8.6149304E-01
      1990  2.5728134E+00  8.7611019E-01
      1991  2.5857097E+00  8.9020993E-01
      1992  2.5986706E+00  9.0377594E-01
      1993  2.6116965E+00  9.1679197E-01
      1994  2.6247877E+00  9.2924189E-01
      1995  2.6379445E+00  9.4110975E-01
      1996  2.6511672E+00  9.5237970E-01
      1997  2.6644562E+00  9.6303609E-01
      1998  2.6778119E+00  9.7306345E-01
      1999  2.6912345E+00  9.8244654E-01
      2000  2.7047243E+00  9.9117034E-01
      2001  2.7182818E+00  9.9922006E-01
      2002  2.7319073E+00  1.0065812E+00
      2003  2.7456010E+00  1.0132395E+00
      2004  2.7593634E+00  1.0191812E+00
      2005  2.7731948E+00  1.0243926E+00
      2006  2.7870955E+00  1.0288606E+00
      2007  2.8010658E+00  1.0325722E+00
      2008  2.8151062E+00  1.0355151E+00
      2009  2.8292170E+00  1.0376773E+00
      2010  2.8433985E+00  1.0390472E+00
      2011  2.8576511E+00  1.0396137E+00
      2012  2.8719752E+00  1.0393663E+00
      2013  2.8863710E+00  1.0382948E+00
      2014  2.9008390E+00  1.0363897E+00
      2015  2.9153795E+00  1.0336421E+00
      2016  2.9299929E+00  1.0300437E+00
      2017  2.9446796E+00  1.0255866E+00
      2018  2.9594398E+00  1.0202638E+00
      2019  2.9742741E+00  1.0140688E+00
      2020  2.9891827E+00  1.0069960E+00
      2021  3.0041660E+00  9.9904027E-01
      2022  3.0192245E+00  9.9019739E-01
      2023  3.0343584E+00  9.8046389E-01
      2024  3.0495682E+00  9.6983707E-01
      2025  3.0648542E+00  9.5831506E-01
      2026  3.0802168E+00  9.4589685E-01
      2027  3.0956565E+00  9.3258231E-01
      2028  3.1111735E+00  9.1837221E-01
      2029  3.1267684E+00  9.0326821E-01
      2030  3.1424414E+00  8.8727297E-01
      2031  3.1581929E+00  8.7039009E-01
      2032  3.1740234E+00  8.5262419E-01
      2033  3.1899333E+00  8.3398089E-01
      2034  3.2059229E+00  8.1446685E-01
      2035  3.2219926E+00  7.9408983E-01
      2036  3.2381429E+00  7.7285865E-01
      2037  3.2543742E+00  7.5078323E-01
      2038  3.2706868E+00  7.2787463E-01
      2039  3.2870812E+00  7.0414506E-01
      2040  3.3035578E+00  6.7960790E-01
      2041  3.3201169E+00  6.5427769E-01
      2042  3.3367591E+00  6.2817018E-01
      2043  3.3534847E+00  6.0130233E-01
      2044  3.3702941E+00  5.7369234E-01
      2045  3.3871877E+00  5.4535963E-01
      2046  3.4041661E+00  5.1632489E-01
      2047  3.4212295E+00  4.8661005E-01
      2048  3.4383785E+00  4.5623832E-01
      2049  3.4556135E+00  4.2523419E-01
      2050  3.4729348E+00  3.9362342E-01
      2051  3.4903430E+00  3.6143306E-01
      2052  3.5078384E+00  3.2869144E-01
      2053  3.5254215E+00  2.9542817E-01
      2054  3.5430927E+00  2.6167415E-01
      2055  3.5608526E+00  2.2746155E-01
      2056  3.5787014E+00  1.9282382E-01
      2057  3.5966397E+00  1.5779566E-01
      2058  3.6146680E+00  1.2241303E-01
      2059  3.6327866E+00  8.6713096E-02
      2060  3.6509960E+00  5.0734277E-02
      2061  3.6692967E+00  1.4516172E-02
      2062  3.6876891E+00 -2.1900438E-02
      2063  3.7061737E+00 -5.8473622E-02
      2064  3.7247510E+00 -9.5160326E-02
      2065  3.7434214E+00 -1.3191640E-01
      2066  3.7621854E+00 -1.6869662E-01
      2067  3.7810434E+00 -2.0545477E-01
      2068  3.7999959E+00 -2.4214361E-01
      2069  3.8190435E+00 -2.7871500E-01
      2070  3.8381865E+00 -3.1511988E-01
      2071  3.8574255E+00 -3.5130833E-01
      2072  3.8767610E+00 -3.8722968E-01
      2073  3.8961933E+00 -4.2283248E-01
      2074  3.9157231E+00 -4.5806464E-01
      2075  3.9353507E+00 -4.9287342E-01
      2076  3.9550767E+00 -5.2720558E-01
      2077  3.9749016E+00 -5.6100736E-01
      2078  3.9948259E+00 -5.9422461E-01
      2079  4.0148501E+00 -6.2680287E-01
      2080  4.0349746E+00 -6.5868743E-01
      2081  4.0552000E+00 -6.8982343E-01
      2082  4.0755267E+00 -7.2015590E-01
      2083  4.0959554E+00 -7.4962994E-01
      2084  4.1164865E+00 -7.7819075E-01
      2085  4.1371204E+00 -8.0578374E-01
      2086  4.1578578E+00 -8.3235462E-01
      2087  4.1786992E+00 -8.5784956E-01
      2088  4.1996450E+00 -8.8221524E-01
      2089  4.2206958E+00 -9.0539900E-01
      2090  4.2418521E+00 -9.2734889E-01
      2091  4.2631145E+00 -9.4801388E-01
      2092  4.2844835E+00 -9.6734394E-01
      2093  4.3059595E+00 -9.8529015E-01
      2094  4.3275432E+00 -1.0018048E+00
      2095  4.3492351E+00 -1.0168415E+00
      2096  4.3710358E+00 -1.0303557E+00
      2097  4.3929457E+00 -1.0423039E+00
      2098  4.4149654E+00 -1.0526449E+00
      2099  4.4370955E+00 -1.0613391E+00
      2100  4.4593366E+00 -1.0683491E+00
      2101  4.4816891E+00 -1.0736396E+00
      2102  4.5041536E+00 -1.0771776E+00
      2103  4.5267308E+00 -1.0789325E+00
      2104  4.5494211E+00 -1.0788764E+00
      2105  4.5722252E+00 -1.0769841E+00
      2106  4.5951436E+00 -1.0732332E+00
      2107  4.6181768E+00 -1.0676044E+00
      2108  4.6413255E+00 -1.0600815E+00
      2109  4.6645903E+00 -1.0506515E+00
      2110  4.6879716E+00 -1.0393048E+00
      2111  4.7114702E+00 -1.0260354E+00
      2112  4.7350865E+00 -1.0108408E+00
      2113  4.7588212E+00 -9.9372259E-01
      2114  4.7826749E+00 -9.7468583E-01
      2115  4.8066482E+00 -9.5373984E-01
      2116  4.8307416E+00 -9.3089798E-01
      2117  4.8549558E+00 -9.0617781E-01
      2118  4.8792914E+00 -8.7960114E-01
      2119  4.9037489E+00 -8.5119421E-01
      2120  4.9283291E+00 -8.2098776E-01
      2121  4.9530324E+00 -7.8901701E-01
      2122  4.9778596E+00 -7.5532175E-01
      2123  5.0028112E+00 -7.1994650E-01
      2124  5.0278879E+00 -6.8294046E-01
      2125  5.0530903E+00 -6.4435754E-01
      2126  5.0784190E+00 -6.0425639E-01
      2127  5.1038747E+00 -5.6270047E-01
      2128  5.1294580E+00 -5.1975801E-01
      2129  5.1551695E+00 -4.7550196E-01
      2130  5.1810099E+00 -4.3000998E-01
      2131  5.2069798E+00 -3.8336448E-01
      2132  5.2330799E+00 -3.3565246E-01
      2133  5.2593108E+00 -2.8696548E-01
      2134  5.2856732E+00 -2.3739958E-01
      2135  5.3121678E+00 -1.8705516E-01
      2136  5.3387951E+00 -1.3603692E-01
      2137  5.3655560E+00 -8.4453606E-02
      2138  5.3924509E+00 -3.2417974E-02
      2139  5.4194807E+00  1.9953434E-02
      2140  5.4466460E+00  7.2540482E-02
      2141  5.4739474E+00  1.2521964E-01
      2142  5.5013857E+00  1.7786420E-01
      2143  5.5289615E+00  2.3034454E-01
      2144  5.5566755E+00  2.8252839E-01
      2145  5.5845285E+00  3.3428110E-01
      2146  5.6125210E+00  3.8546593E-01
      2147  5.6406539E+00  4.3594441E-01
      2148  5.6689278E+00  4.8557671E-01
      2149  5.6973434E+00  5.3422190E-01
      2150  5.7259015E+00  5.8173836E-01
      2151  5.7546027E+00  6.2798427E-01
      2152  5.7834477E+00  6.7281794E-01
      2153  5.8124374E+00  7.1609827E-01
      2154  5.8415724E+00  7.5768511E-01
      2155  5.8708534E+00  7.9743984E-01
      2156  5.9002811E+00  8.3522589E-01
      2157  5.9298564E+00  8.7090909E-01
      2158  5.9595799E+00  9.0435815E-01
      2159  5.9894525E+00  9.3544534E-01
      2160  6.0194747E+00  9.6404701E-01
      2161  6.0496475E+00  9.9004397E-01
      2162  6.0799714E+00  1.0133220E+00
      2163  6.1104474E+00  1.0337727E+00
      2164  6.1410762E+00  1.0512937E+00
      2165  6.1718584E+00  1.0657896E+00
      2166  6.2027950E+00  1.0771719E+00
      2167  6.2338867E+00  1.0853600E+00
      2168  6.2651341E+00  1.0902820E+00
      2169  6.2965383E+00  1.0918746E+00
      2170  6.3280998E+00  1.0900839E+00
      2171  6.3598195E+00  1.0848658E+00
      2172  6.3916983E+00  1.0761870E+00
      2173  6.4237368E+00  1.0640249E+00
      2174  6.4559359E+00  1.0483680E+00
      2175  6.4882964E+00  1.0292166E+00
      2176  6.5208191E+00  1.0065836E+00
      2177  6.5535049E+00  9.8049404E-01
      2178  6.5863544E+00  9.5098561E-01
      2179  6.6193687E+00  9.1810942E-01
      2180  6.6525484E+00  8.8193002E-01
      2181  6.6858944E+00  8.4252540E-01
      2182  6.7194076E+00  7.9998721E-01
      2183  6.7530888E+00  7.5442104E-01
      2184  6.7869388E+00  7.0594650E-01
      2185  6.8209585E+00  6.5469696E-01
      2186  6.8551487E+00  6.0081954E-01
      2187  6.8895102E+00  5.4447516E-01
      2188  6.9240441E+00  4.8583832E-01
      2189  6.9587510E+00  4.2509666E-01
      2190  6.9936319E+00  3.6245068E-01
      2191  7.0286876E+00  2.9811343E-01
      2192  7.0639190E+00  2.3231008E-01
      2193  7.0993271E+00  1.6527713E-01
      2194  7.1349126E+00  9.7261938E-02
      2195  7.1706765E+00  2.8522030E-02
      2196  7.2066197E+00 -4.0675748E-02
      2197  7.2427430E+00 -1.1005612E-01
      2198  7.2790474E+00 -1.7933627E-01
      2199  7.3155338E+00 -2.4822682E-01
      2200  7.3522030E+00 -3.1643311E-01
      2201  7.3890561E+00 -3.8365621E-01
      2202  7.4260939E+00 -4.4959413E-01
      2203  7.4633173E+00 -5.1394321E-01
      2204  7.5007274E+00 -5.7639965E-01
      2205  7.5383249E+00 -6.3666073E-01
      2206  7.5761109E+00 -6.9442622E-01
      2207  7.6140864E+00 -7.4940009E-01
      2208  7.6522521E+00 -8.0129235E-01
      2209  7.6906092E+00 -8.4982029E-01
      2210  7.7291585E+00 -8.9471006E-01
      2211  7.7679011E+00 -9.3569862E-01
      2212  7.8068379E+00 -9.7253569E-01
      2213  7.8459698E+00 -1.0049850E+00
      2214  7.8852979E+00 -1.0328259E+00
      2215  7.9248231E+00 -1.0558554E+00
      2216  7.9645465E+00 -1.0738900E+00
      2217  8.0044689E+00 -1.0867670E+00
      2218  8.0445915E+00 -1.0943457E+00
      2219  8.0849152E+00 -1.0965096E+00
      2220  8.1254410E+00 -1.0931678E+00
      2221  8.1661699E+00 -1.0842563E+00
      2222  8.2071030E+00 -1.0697385E+00
      2223  8.2482413E+00 -1.0496074E+00
      2224  8.2895858E+00 -1.0238865E+00
      2225  8.3311375E+00 -9.9263035E-01
      2226  8.3728975E+00 -9.5592493E-01
      2227  8.4148668E+00 -9.1388897E-01
      2228  8.4570465E+00 -8.6667453E-01
      2229  8.4994376E+00 -8.1446652E-01
      2230  8.5420412E+00 -7.5748277E-01
      2231  8.5848584E+00 -6.9597422E-01
      2232  8.6278902E+00 -6.3022483E-01
      2233  8.6711377E+00 -5.6055026E-01
      2234  8.7146019E+00 -4.8729710E-01
      2235  8.7582840E+00 -4.1084211E-01
      2236  8.8021851E+00 -3.3159103E-01
      2237  8.8463063E+00 -2.4997644E-01
      2238  8.8906486E+00 -1.6645610E-01
      2239  8.9352131E+00 -8.1511077E-02
      2240  8.9800011E+00  4.3566711E-03
      2241  9.0250135E+00  9.0627121E-02
      2242  9.0702516E+00  1.7676480E-01
      2243  9.1157164E+00  2.6222175E-01
      2244  9.1614091E+00  3.4644116E-01
      2245  9.2073309E+00  4.2886070E-01
      2246  9.2534828E+00  5.0891596E-01
      2247  9.2998661E+00  5.8604438E-01
      2248  9.3464819E+00  6.5968987E-01
      2249  9.3933313E+00  7.2930644E-01
      2250  9.4404156E+00  7.9436212E-01
      2251  9.4877358E+00  8.5434354E-01
      2252  9.5352933E+00  9.0876123E-01
      2253  9.5830892E+00  9.5715304E-01
      2254  9.6311246E+00  9.9908818E-01
      2255  9.6794008E+00  1.0341720E+00
      2256  9.7279190E+00  1.0620512E+00
      2257  9.7766804E+00  1.0824169E+00
      2258  9.8256862E+00  1.0950079E+00
      2259  9.8749377E+00  1.0996151E+00
      2260  9.9244360E+00  1.0960861E+00
      2261  9.9741825E+00  1.0843270E+00
      2262  1.0024178E+01  1.0643045E+00
      2263  1.0074425E+01  1.0360494E+00
      2264  1.0124923E+01  9.9965934E-01
      2265  1.0175674E+01  9.5529896E-01
      2266  1.0226680E+01  9.0320050E-01
      2267  1.0277942E+01  8.4366491E-01
      2268  1.0329460E+01  7.7706286E-01
      2269  1.0381237E+01  7.0383229E-01
      2270  1.0433273E+01  6.2447692E-01
      2271  1.0485570E+01  5.3956486E-01
      2272  1.0538129E+01  4.4972659E-01
      2273  1.0590951E+01  3.5565021E-01
      2274  1.0644039E+01  2.5807738E-01
      2275  1.0697392E+01  1.5779919E-01
      2276  1.0751013E+01  5.5650678E-02
      2277  1.0804903E+01 -4.7496004E-02
      2278  1.0859063E+01 -1.5073805E-01
      2279  1.0913494E+01 -2.5314896E-01
      2280  1.0968198E+01 -3.5378714E-01
      2281  1.1023176E+01 -4.5170435E-01
      2282  1.1078430E+01 -5.4595398E-01
      2283  1.1133961E+01 -6.3560013E-01
      2284  1.1189770E+01 -7.1972870E-01
      2285  1.1245859E+01 -7.9745633E-01
      2286  1.1302229E+01 -8.6793936E-01
      2287  1.1358882E+01 -9.3038393E-01
      2288  1.1415819E+01 -9.8405814E-01
      2289  1.1473041E+01 -1.0282999E+00
      2290  1.1530550E+01 -1.0625253E+00
      2291  1.1588347E+01 -1.0862376E+00
      2292  1.1646434E+01 -1.0990390E+00
      2293  1.1704812E+01 -1.1006354E+00
      2294  1.1763482E+01 -1.0908419E+00
      2295  1.1822447E+01 -1.0695902E+00
      2296  1.1881707E+01 -1.0369356E+00
      2297  1.1941264E+01 -9.9305833E-01
      2298  1.2001120E+01 -9.3826473E-01
      2299  1.2061276E+01 -8.7298923E-01
      2300  1.2121734E+01 -7.9779666E-01
      2301  1.2182494E+01 -7.1337729E-01
      2302  1.2243559E+01 -6.2054254E-01
      2303  1.2304930E+01 -5.2022095E-01
      2304  1.2366609E+01 -4.1345301E-01
      2305  1.2428597E+01 -3.0138012E-01
      2306  1.2490895E+01 -1.8523431E-01
      2307  1.2553506E+01 -6.6327619E-02
      2308  1.2616431E+01  5.3961113E-02
      2309  1.2679671E+01  1.7420248E-01
      2310  1.2743228E+01  2.9293195E-01
      2311  1.2807104E+01  4.0866615E-01
      2312  1.2871300E+01  5.1992301E-01
      2313  1.2935817E+01  6.2524091E-01
      2314  1.3000658E+01  7.2319687E-01
      2315  1.3065824E+01  8.1242608E-01
      2316  1.3131317E+01  8.9164579E-01
      2317  1.3197138E+01  9.5967380E-01
      2318  1.3263289E+01  1.0154456E+00
      2319  1.3329772E+01  1.0580333E+00
      2320  1.3396587E+01  1.0866681E+00
      2321  1.3463738E+01  1.1007539E+00
      2322  1.3531225E+01  1.0998786E+00
      2323  1.3599051E+01  1.0838277E+00
      2324  1.3667216E+01  1.0525994E+00
      2325  1.3735724E+01  1.0064088E+00
      2326  1.3804574E+01  9.4568887E-01
      2327  1.3873770E+01  8.7109382E-01
      2328  1.3943312E+01  7.8350203E-01
      2329  1.4013204E+01  6.8400623E-01
      2330  1.4083445E+01  5.7390253E-01
      2331  1.4154039E+01  4.5467974E-01
      2332  1.4224986E+01  3.2800624E-01
      2333  1.4296289E+01  1.9570616E-01
      2334  1.4367950E+01  5.9735714E-02
      2335  1.4439969E+01 -7.7841084E-02
      2336  1.4512350E+01 -2.1488205E-01
      2337  1.4585093E+01 -3.4920138E-01
      2338  1.4658201E+01 -4.7860229E-01
      2339  1.4731676E+01 -6.0091111E-01
      2340  1.4805519E+01 -7.1401843E-01
      2341  1.4879732E+01 -8.1591745E-01
      2342  1.4954317E+01 -9.0473763E-01
