         1  1.2340980E-04  2.6299684E-03
         2  1.2402840E-04  2.6421529E-03
         3  1.2465009E-04  2.6543935E-03
         4  1.2527490E-04  2.6666904E-03
         5  1.2590285E-04  2.6790437E-03
         6  1.2653394E-04  2.6914539E-03
         7  1.2716819E-04  2.7039210E-03
         8  1.2780563E-04  2.7164455E-03
         9  1.2844625E-04  2.7290275E-03
        10  1.2909009E-04  2.7416673E-03
        11  1.2973716E-04  2.7543651E-03
        12  1.3038747E-04  2.7671213E-03
        13  1.3104104E-04  2.7799361E-03
        14  1.3169789E-04  2.7928098E-03
        15  1.3235802E-04  2.8057425E-03
        16  1.3302147E-04  2.8187347E-03
        17  1.3368824E-04  2.8317865E-03
        18  1.3435836E-04  2.8448983E-03
        19  1.3503183E-04  2.8580702E-03
        20  1.3570868E-04  2.8713026E-03
        21  1.3638893E-04  2.8845957E-03
        22  1.3707258E-04  2.8979499E-03
        23  1.3775966E-04  2.9113654E-03
        24  1.3845018E-04  2.9248424E-03
        25  1.3914417E-04  2.9383813E-03
        26  1.3984163E-04  2.9519822E-03
        27  1.4054259E-04  2.9656456E-03
        28  1.4124706E-04  2.9793717E-03
        29  1.4195506E-04  2.9931607E-03
        30  1.4266662E-04  3.0070130E-03
        31  1.4338174E-04  3.0209288E-03
        32  1.4410044E-04  3.0349085E-03
        33  1.4482275E-04  3.0489522E-03
        34  1.4554867E-04  3.0630603E-03
        35  1.4627824E-04  3.0772331E-03
        36  1.4701146E-04  3.0914709E-03
        37  1.4774836E-04  3.1057740E-03
        38  1.4848895E-04  3.1201426E-03
        39  1.4923326E-04  3.1345771E-03
        40  1.4998129E-04  3.1490777E-03
        41  1.5073308E-04  3.1636448E-03
        42  1.5148863E-04  3.1782786E-03
        43  1.5224797E-04  3.1929795E-03
        44  1.5301111E-04  3.2077477E-03
        45  1.5377809E-04  3.2225835E-03
        46  1.5454890E-04  3.2374873E-03
        47  1.5532358E-04  3.2524594E-03
        48  1.5610214E-04  3.2675000E-03
        49  1.5688461E-04  3.2826095E-03
        50  1.5767100E-04  3.2977882E-03
        51  1.5846133E-04  3.3130364E-03
        52  1.5925562E-04  3.3283544E-03
        53  1.6005389E-04  3.3437425E-03
        54  1.6085616E-04  3.3592010E-03
        55  1.6166246E-04  3.3747302E-03
        56  1.6247279E-04  3.3903306E-03
        57  1.6328719E-04  3.4060023E-03
        58  1.6410567E-04  3.4217456E-03
        59  1.6492825E-04  3.4375611E-03
        60  1.6575496E-04  3.4534488E-03
        61  1.6658581E-04  3.4694092E-03
        62  1.6742083E-04  3.4854427E-03
        63  1.6826003E-04  3.5015494E-03
        64  1.6910343E-04  3.5177298E-03
        65  1.6995107E-04  3.5339841E-03
        66  1.7080295E-04  3.5503128E-03
        67  1.7165910E-04  3.5667160E-03
        68  1.7251955E-04  3.5831943E-03
        69  1.7338431E-04  3.5997479E-03
        70  1.7425340E-04  3.6163771E-03
        71  1.7512685E-04  3.6330822E-03
        72  1.7600468E-04  3.6498637E-03
        73  1.7688690E-04  3.6667219E-03
        74  1.7777355E-04  3.6836570E-03
        75  1.7866465E-04  3.7006695E-03
        76  1.7956021E-04  3.7177597E-03
        77  1.8046025E-04  3.7349279E-03
        78  1.8136482E-04  3.7521745E-03
        79  1.8227391E-04  3.7694998E-03
        80  1.8318756E-04  3.7869042E-03
        81  1.8410579E-04  3.8043881E-03
        82  1.8502863E-04  3.8219517E-03
        83  1.8595609E-04  3.8395955E-03
        84  1.8688820E-04  3.8573197E-03
        85  1.8782498E-04  3.8751249E-03
        86  1.8876645E-04  3.8930112E-03
        87  1.8971265E-04  3.9109791E-03
        88  1.9066359E-04  3.9290290E-03
        89  1.9161929E-04  3.9471612E-03
        90  1.9257979E-04  3.9653760E-03
        91  1.9354510E-04  3.9836739E-03
        92  1.9451525E-04  4.0020551E-03
        93  1.9549026E-04  4.0205202E-03
        94  1.9647016E-04  4.0390694E-03
        95  1.9745497E-04  4.0577031E-03
        96  1.9844472E-04  4.0764217E-03
        97  1.9943943E-04  4.0952256E-03
        98  2.0043912E-04  4.1141152E-03
        99  2.0144382E-04  4.1330907E-03
       100  2.0245357E-04  4.1521527E-03
       101  2.0346837E-04  4.1713015E-03
       102  2.0448826E-04  4.1905375E-03
       103  2.0551326E-04  4.2098610E-03
       104  2.0654340E-04  4.2292725E-03
       105  2.0757870E-04  4.2487723E-03
       106  2.0861920E-04  4.2683608E-03
       107  2.0966490E-04  4.2880385E-03
       108  2.1071585E-04  4.3078057E-03
       109  2.1177207E-04  4.3276628E-03
       110  2.1283358E-04  4.3476103E-03
       111  2.1390042E-04  4.3676484E-03
       112  2.1497260E-04  4.3877776E-03
       113  2.1605015E-04  4.4079984E-03
       114  2.1713311E-04  4.4283111E-03
       115  2.1822149E-04  4.4487161E-03
       116  2.1931533E-04  4.4692138E-03
       117  2.2041465E-04  4.4898047E-03
       118  2.2151949E-04  4.5104891E-03
       119  2.2262986E-04  4.5312675E-03
       120  2.2374579E-04  4.5521403E-03
       121  2.2486732E-04  4.5731078E-03
       122  2.2599448E-04  4.5941706E-03
       123  2.2712728E-04  4.6153290E-03
       124  2.2826576E-04  4.6365834E-03
       125  2.2940995E-04  4.6579344E-03
       126  2.3055987E-04  4.6793822E-03
       127  2.3171555E-04  4.7009273E-03
       128  2.3287703E-04  4.7225702E-03
       129  2.3404433E-04  4.7443113E-03
       130  2.3521749E-04  4.7661510E-03
       131  2.3639652E-04  4.7880897E-03
       132  2.3758146E-04  4.8101279E-03
       133  2.3877234E-04  4.8322660E-03
       134  2.3996919E-04  4.8545045E-03
       135  2.4117204E-04  4.8768437E-03
       136  2.4238092E-04  4.8992843E-03
       137  2.4359586E-04  4.9218264E-03
       138  2.4481689E-04  4.9444707E-03
       139  2.4604404E-04  4.9672176E-03
       140  2.4727734E-04  4.9900675E-03
       141  2.4851683E-04  5.0130209E-03
       142  2.4976252E-04  5.0360782E-03
       143  2.5101446E-04  5.0592399E-03
       144  2.5227268E-04  5.0825064E-03
       145  2.5353720E-04  5.1058782E-03
       146  2.5480806E-04  5.1293557E-03
       147  2.5608529E-04  5.1529395E-03
       148  2.5736892E-04  5.1766300E-03
       149  2.5865899E-04  5.2004276E-03
       150  2.5995552E-04  5.2243328E-03
       151  2.6125856E-04  5.2483461E-03
       152  2.6256812E-04  5.2724679E-03
       153  2.6388425E-04  5.2966988E-03
       154  2.6520697E-04  5.3210392E-03
       155  2.6653633E-04  5.3454895E-03
       156  2.6787235E-04  5.3700503E-03
       157  2.6921506E-04  5.3947221E-03
       158  2.7056451E-04  5.4195052E-03
       159  2.7192072E-04  5.4444003E-03
       160  2.7328373E-04  5.4694077E-03
       161  2.7465357E-04  5.4945281E-03
       162  2.7603028E-04  5.5197618E-03
       163  2.7741388E-04  5.5451093E-03
       164  2.7880443E-04  5.5705713E-03
       165  2.8020194E-04  5.5961480E-03
       166  2.8160646E-04  5.6218401E-03
       167  2.8301802E-04  5.6476481E-03
       168  2.8443665E-04  5.6735724E-03
       169  2.8586239E-04  5.6996136E-03
       170  2.8729529E-04  5.7257721E-03
       171  2.8873536E-04  5.7520485E-03
       172  2.9018265E-04  5.7784433E-03
       173  2.9163720E-04  5.8049570E-03
       174  2.9309904E-04  5.8315901E-03
       175  2.9456820E-04  5.8583431E-03
       176  2.9604473E-04  5.8852165E-03
       177  2.9752866E-04  5.9122109E-03
       178  2.9902003E-04  5.9393267E-03
       179  3.0051887E-04  5.9665646E-03
       180  3.0202523E-04  5.9939250E-03
       181  3.0353914E-04  6.0214085E-03
       182  3.0506063E-04  6.0490155E-03
       183  3.0658976E-04  6.0767467E-03
       184  3.0812654E-04  6.1046025E-03
       185  3.0967104E-04  6.1325836E-03
       186  3.1122327E-04  6.1606903E-03
       187  3.1278328E-04  6.1889233E-03
       188  3.1435111E-04  6.2172831E-03
       189  3.1592681E-04  6.2457703E-03
       190  3.1751040E-04  6.2743854E-03
       191  3.1910192E-04  6.3031289E-03
       192  3.2070143E-04  6.3320015E-03
       193  3.2230895E-04  6.3610036E-03
       194  3.2392453E-04  6.3901358E-03
       195  3.2554821E-04  6.4193986E-03
       196  3.2718003E-04  6.4487927E-03
       197  3.2882002E-04  6.4783186E-03
       198  3.3046824E-04  6.5079769E-03
       199  3.3212472E-04  6.5377680E-03
       200  3.3378950E-04  6.5676927E-03
       201  3.3546263E-04  6.5977514E-03
       202  3.3714414E-04  6.6279447E-03
       203  3.3883408E-04  6.6582732E-03
       204  3.4053250E-04  6.6887375E-03
       205  3.4223942E-04  6.7193382E-03
       206  3.4395490E-04  6.7500758E-03
       207  3.4567899E-04  6.7809509E-03
       208  3.4741171E-04  6.8119641E-03
       209  3.4915312E-04  6.8431161E-03
       210  3.5090325E-04  6.8744073E-03
       211  3.5266216E-04  6.9058383E-03
       212  3.5442989E-04  6.9374099E-03
       213  3.5620648E-04  6.9691225E-03
       214  3.5799197E-04  7.0009768E-03
       215  3.5978641E-04  7.0329733E-03
       216  3.6158985E-04  7.0651127E-03
       217  3.6340233E-04  7.0973956E-03
       218  3.6522389E-04  7.1298225E-03
       219  3.6705458E-04  7.1623942E-03
       220  3.6889445E-04  7.1951111E-03
       221  3.7074354E-04  7.2279740E-03
       222  3.7260190E-04  7.2609834E-03
       223  3.7446957E-04  7.2941399E-03
       224  3.7634661E-04  7.3274442E-03
       225  3.7823306E-04  7.3608969E-03
       226  3.8012896E-04  7.3944986E-03
       227  3.8203436E-04  7.4282500E-03
       228  3.8394932E-04  7.4621517E-03
       229  3.8587387E-04  7.4962042E-03
       230  3.8780807E-04  7.5304083E-03
       231  3.8975197E-04  7.5647646E-03
       232  3.9170561E-04  7.5992737E-03
       233  3.9366904E-04  7.6339362E-03
       234  3.9564231E-04  7.6687529E-03
       235  3.9762548E-04  7.7037243E-03
       236  3.9961859E-04  7.7388511E-03
       237  4.0162168E-04  7.7741339E-03
       238  4.0363482E-04  7.8095735E-03
       239  4.0565805E-04  7.8451704E-03
       240  4.0769142E-04  7.8809253E-03
       241  4.0973498E-04  7.9168390E-03
       242  4.1178878E-04  7.9529119E-03
       243  4.1385288E-04  7.9891448E-03
       244  4.1592733E-04  8.0255385E-03
       245  4.1801217E-04  8.0620934E-03
       246  4.2010747E-04  8.0988104E-03
       247  4.2221327E-04  8.1356900E-03
       248  4.2432962E-04  8.1727330E-03
       249  4.2645658E-04  8.2099401E-03
       250  4.2859420E-04  8.2473118E-03
       251  4.3074254E-04  8.2848490E-03
       252  4.3290165E-04  8.3225523E-03
       253  4.3507158E-04  8.3604223E-03
       254  4.3725238E-04  8.3984598E-03
       255  4.3944412E-04  8.4366655E-03
       256  4.4164684E-04  8.4750401E-03
       257  4.4386060E-04  8.5135842E-03
       258  4.4608546E-04  8.5522985E-03
       259  4.4832148E-04  8.5911838E-03
       260  4.5056870E-04  8.6302408E-03
       261  4.5282718E-04  8.6694701E-03
       262  4.5509699E-04  8.7088726E-03
       263  4.5737817E-04  8.7484488E-03
       264  4.5967079E-04  8.7881995E-03
       265  4.6197490E-04  8.8281255E-03
       266  4.6429056E-04  8.8682274E-03
       267  4.6661782E-04  8.9085060E-03
       268  4.6895676E-04  8.9489620E-03
       269  4.7130741E-04  8.9895961E-03
       270  4.7366985E-04  9.0304090E-03
       271  4.7604413E-04  9.0714015E-03
       272  4.7843031E-04  9.1125744E-03
       273  4.8082845E-04  9.1539283E-03
       274  4.8323861E-04  9.1954639E-03
       275  4.8566086E-04  9.2371822E-03
       276  4.8809524E-04  9.2790837E-03
       277  4.9054183E-04  9.3211692E-03
       278  4.9300068E-04  9.3634395E-03
       279  4.9547186E-04  9.4058953E-03
       280  4.9795542E-04  9.4485374E-03
       281  5.0045143E-04  9.4913665E-03
       282  5.0295996E-04  9.5343835E-03
       283  5.0548105E-04  9.5775890E-03
       284  5.0801479E-04  9.6209838E-03
       285  5.1056122E-04  9.6645686E-03
       286  5.1312042E-04  9.7083444E-03
       287  5.1569245E-04  9.7523117E-03
       288  5.1827737E-04  9.7964715E-03
       289  5.2087524E-04  9.8408244E-03
       290  5.2348614E-04  9.8853713E-03
       291  5.2611013E-04  9.9301130E-03
       292  5.2874727E-04  9.9750501E-03
       293  5.3139762E-04  1.0020184E-02
       294  5.3406126E-04  1.0065514E-02
       295  5.3673826E-04  1.0111043E-02
       296  5.3942867E-04  1.0156770E-02
       297  5.4213257E-04  1.0202696E-02
       298  5.4485002E-04  1.0248823E-02
       299  5.4758109E-04  1.0295151E-02
       300  5.5032585E-04  1.0341681E-02
       301  5.5308437E-04  1.0388413E-02
       302  5.5585672E-04  1.0435349E-02
       303  5.5864296E-04  1.0482489E-02
       304  5.6144317E-04  1.0529835E-02
       305  5.6425742E-04  1.0577386E-02
       306  5.6708577E-04  1.0625144E-02
       307  5.6992830E-04  1.0673110E-02
       308  5.7278507E-04  1.0721284E-02
       309  5.7565617E-04  1.0769667E-02
       310  5.7854166E-04  1.0818260E-02
       311  5.8144161E-04  1.0867064E-02
       312  5.8435610E-04  1.0916080E-02
       313  5.8728520E-04  1.0965308E-02
       314  5.9022898E-04  1.1014750E-02
       315  5.9318751E-04  1.1064406E-02
       316  5.9616088E-04  1.1114277E-02
       317  5.9914915E-04  1.1164364E-02
       318  6.0215239E-04  1.1214668E-02
       319  6.0517069E-04  1.1265189E-02
       320  6.0820413E-04  1.1315929E-02
       321  6.1125276E-04  1.1366888E-02
       322  6.1431668E-04  1.1418067E-02
       323  6.1739595E-04  1.1469467E-02
       324  6.2049066E-04  1.1521089E-02
       325  6.2360089E-04  1.1572934E-02
       326  6.2672670E-04  1.1625003E-02
       327  6.2986818E-04  1.1677296E-02
       328  6.3302541E-04  1.1729814E-02
       329  6.3619846E-04  1.1782559E-02
       330  6.3938742E-04  1.1835531E-02
       331  6.4259236E-04  1.1888730E-02
       332  6.4581337E-04  1.1942159E-02
       333  6.4905052E-04  1.1995817E-02
       334  6.5230390E-04  1.2049706E-02
       335  6.5557359E-04  1.2103827E-02
       336  6.5885966E-04  1.2158180E-02
       337  6.6216221E-04  1.2212766E-02
       338  6.6548131E-04  1.2267587E-02
       339  6.6881705E-04  1.2322642E-02
       340  6.7216951E-04  1.2377934E-02
       341  6.7553878E-04  1.2433463E-02
       342  6.7892493E-04  1.2489229E-02
       343  6.8232805E-04  1.2545234E-02
       344  6.8574824E-04  1.2601479E-02
       345  6.8918556E-04  1.2657964E-02
       346  6.9264012E-04  1.2714691E-02
       347  6.9611199E-04  1.2771660E-02
       348  6.9960127E-04  1.2828872E-02
       349  7.0310804E-04  1.2886329E-02
       350  7.0663238E-04  1.2944031E-02
       351  7.1017439E-04  1.3001979E-02
       352  7.1373415E-04  1.3060174E-02
       353  7.1731176E-04  1.3118617E-02
       354  7.2090730E-04  1.3177308E-02
       355  7.2452086E-04  1.3236250E-02
       356  7.2815254E-04  1.3295442E-02
       357  7.3180242E-04  1.3354886E-02
       358  7.3547059E-04  1.3414582E-02
       359  7.3915716E-04  1.3474533E-02
       360  7.4286220E-04  1.3534737E-02
       361  7.4658581E-04  1.3595197E-02
       362  7.5032809E-04  1.3655914E-02
       363  7.5408912E-04  1.3716888E-02
       364  7.5786901E-04  1.3778120E-02
       365  7.6166784E-04  1.3839611E-02
       366  7.6548572E-04  1.3901363E-02
       367  7.6932273E-04  1.3963376E-02
       368  7.7317898E-04  1.4025651E-02
       369  7.7705455E-04  1.4088189E-02
       370  7.8094956E-04  1.4150991E-02
       371  7.8486408E-04  1.4214058E-02
       372  7.8879823E-04  1.4277392E-02
       373  7.9275210E-04  1.4340992E-02
       374  7.9672578E-04  1.4404860E-02
       375  8.0071939E-04  1.4468998E-02
       376  8.0473301E-04  1.4533405E-02
       377  8.0876675E-04  1.4598083E-02
       378  8.1282071E-04  1.4663033E-02
       379  8.1689499E-04  1.4728256E-02
       380  8.2098970E-04  1.4793753E-02
       381  8.2510492E-04  1.4859525E-02
       382  8.2924078E-04  1.4925572E-02
       383  8.3339737E-04  1.4991897E-02
       384  8.3757479E-04  1.5058499E-02
       385  8.4177315E-04  1.5125380E-02
       386  8.4599255E-04  1.5192541E-02
       387  8.5023311E-04  1.5259983E-02
       388  8.5449492E-04  1.5327707E-02
       389  8.5877809E-04  1.5395713E-02
       390  8.6308274E-04  1.5464004E-02
       391  8.6740896E-04  1.5532579E-02
       392  8.7175686E-04  1.5601440E-02
       393  8.7612656E-04  1.5670589E-02
       394  8.8051816E-04  1.5740025E-02
       395  8.8493178E-04  1.5809750E-02
       396  8.8936752E-04  1.5879764E-02
       397  8.9382549E-04  1.5950070E-02
       398  8.9830581E-04  1.6020668E-02
       399  9.0280859E-04  1.6091559E-02
       400  9.0733394E-04  1.6162744E-02
       401  9.1188197E-04  1.6234224E-02
       402  9.1645279E-04  1.6306000E-02
       403  9.2104653E-04  1.6378073E-02
       404  9.2566330E-04  1.6450444E-02
       405  9.3030320E-04  1.6523115E-02
       406  9.3496637E-04  1.6596085E-02
       407  9.3965291E-04  1.6669357E-02
       408  9.4436294E-04  1.6742931E-02
       409  9.4909657E-04  1.6816809E-02
       410  9.5385394E-04  1.6890991E-02
       411  9.5863515E-04  1.6965478E-02
       412  9.6344033E-04  1.7040272E-02
       413  9.6826960E-04  1.7115373E-02
       414  9.7312307E-04  1.7190782E-02
       415  9.7800087E-04  1.7266502E-02
       416  9.8290312E-04  1.7342531E-02
       417  9.8782994E-04  1.7418873E-02
       418  9.9278146E-04  1.7495527E-02
       419  9.9775780E-04  1.7572495E-02
       420  1.0027591E-03  1.7649778E-02
       421  1.0077854E-03  1.7727376E-02
       422  1.0128370E-03  1.7805292E-02
       423  1.0179138E-03  1.7883525E-02
       424  1.0230162E-03  1.7962078E-02
       425  1.0281440E-03  1.8040950E-02
       426  1.0332976E-03  1.8120144E-02
       427  1.0384771E-03  1.8199660E-02
       428  1.0436825E-03  1.8279499E-02
       429  1.0489139E-03  1.8359663E-02
       430  1.0541716E-03  1.8440152E-02
       431  1.0594557E-03  1.8520967E-02
       432  1.0647662E-03  1.8602110E-02
       433  1.0701034E-03  1.8683581E-02
       434  1.0754673E-03  1.8765382E-02
       435  1.0808581E-03  1.8847514E-02
       436  1.0862759E-03  1.8929977E-02
       437  1.0917209E-03  1.9012773E-02
       438  1.0971932E-03  1.9095903E-02
       439  1.1026929E-03  1.9179368E-02
       440  1.1082202E-03  1.9263169E-02
       441  1.1137751E-03  1.9347307E-02
       442  1.1193580E-03  1.9431784E-02
       443  1.1249688E-03  1.9516599E-02
       444  1.1306077E-03  1.9601755E-02
       445  1.1362749E-03  1.9687252E-02
       446  1.1419705E-03  1.9773091E-02
       447  1.1476947E-03  1.9859274E-02
       448  1.1534475E-03  1.9945802E-02
       449  1.1592292E-03  2.0032675E-02
       450  1.1650398E-03  2.0119895E-02
       451  1.1708796E-03  2.0207463E-02
       452  1.1767487E-03  2.0295379E-02
       453  1.1826472E-03  2.0383645E-02
       454  1.1885752E-03  2.0472263E-02
       455  1.1945330E-03  2.0561232E-02
       456  1.2005206E-03  2.0650554E-02
       457  1.2065382E-03  2.0740231E-02
       458  1.2125860E-03  2.0830263E-02
       459  1.2186641E-03  2.0920651E-02
       460  1.2247727E-03  2.1011397E-02
       461  1.2309119E-03  2.1102501E-02
       462  1.2370819E-03  2.1193964E-02
       463  1.2432828E-03  2.1285788E-02
       464  1.2495148E-03  2.1377974E-02
       465  1.2557780E-03  2.1470522E-02
       466  1.2620726E-03  2.1563434E-02
       467  1.2683988E-03  2.1656711E-02
       468  1.2747566E-03  2.1750354E-02
       469  1.2811464E-03  2.1844364E-02
       470  1.2875681E-03  2.1938742E-02
       471  1.2940221E-03  2.2033488E-02
       472  1.3005084E-03  2.2128605E-02
       473  1.3070272E-03  2.2224094E-02
       474  1.3135787E-03  2.2319954E-02
       475  1.3201631E-03  2.2416188E-02
       476  1.3267804E-03  2.2512796E-02
       477  1.3334309E-03  2.2609779E-02
       478  1.3401148E-03  2.2707139E-02
       479  1.3468321E-03  2.2804876E-02
       480  1.3535832E-03  2.2902992E-02
       481  1.3603680E-03  2.3001487E-02
       482  1.3671869E-03  2.3100363E-02
       483  1.3740400E-03  2.3199621E-02
       484  1.3809274E-03  2.3299262E-02
       485  1.3878493E-03  2.3399286E-02
       486  1.3948059E-03  2.3499695E-02
       487  1.4017974E-03  2.3600489E-02
       488  1.4088240E-03  2.3701671E-02
       489  1.4158857E-03  2.3803241E-02
       490  1.4229829E-03  2.3905199E-02
       491  1.4301156E-03  2.4007547E-02
       492  1.4372841E-03  2.4110286E-02
       493  1.4444885E-03  2.4213418E-02
       494  1.4517290E-03  2.4316942E-02
       495  1.4590058E-03  2.4420860E-02
       496  1.4663191E-03  2.4525173E-02
       497  1.4736691E-03  2.4629883E-02
       498  1.4810559E-03  2.4734989E-02
       499  1.4884797E-03  2.4840493E-02
       500  1.4959408E-03  2.4946397E-02
       501  1.5034392E-03  2.5052700E-02
       502  1.5109752E-03  2.5159405E-02
       503  1.5185490E-03  2.5266511E-02
       504  1.5261608E-03  2.5374021E-02
       505  1.5338107E-03  2.5481934E-02
       506  1.5414989E-03  2.5590253E-02
       507  1.5492257E-03  2.5698977E-02
       508  1.5569913E-03  2.5808109E-02
       509  1.5647957E-03  2.5917648E-02
       510  1.5726393E-03  2.6027597E-02
       511  1.5805222E-03  2.6137955E-02
       512  1.5884446E-03  2.6248724E-02
       513  1.5964067E-03  2.6359904E-02
       514  1.6044087E-03  2.6471498E-02
       515  1.6124508E-03  2.6583505E-02
       516  1.6205333E-03  2.6695926E-02
       517  1.6286562E-03  2.6808763E-02
       518  1.6368199E-03  2.6922017E-02
       519  1.6450245E-03  2.7035688E-02
       520  1.6532702E-03  2.7149777E-02
       521  1.6615573E-03  2.7264286E-02
       522  1.6698859E-03  2.7379215E-02
       523  1.6782562E-03  2.7494564E-02
       524  1.6866685E-03  2.7610336E-02
       525  1.6951230E-03  2.7726531E-02
       526  1.7036198E-03  2.7843149E-02
       527  1.7121592E-03  2.7960192E-02
       528  1.7207415E-03  2.8077661E-02
       529  1.7293667E-03  2.8195556E-02
       530  1.7380352E-03  2.8313878E-02
       531  1.7467471E-03  2.8432629E-02
       532  1.7555027E-03  2.8551808E-02
       533  1.7643022E-03  2.8671418E-02
       534  1.7731458E-03  2.8791458E-02
       535  1.7820338E-03  2.8911930E-02
       536  1.7909663E-03  2.9032834E-02
       537  1.7999435E-03  2.9154171E-02
       538  1.8089658E-03  2.9275942E-02
       539  1.8180332E-03  2.9398148E-02
       540  1.8271462E-03  2.9520790E-02
       541  1.8363048E-03  2.9643868E-02
       542  1.8455093E-03  2.9767384E-02
       543  1.8547599E-03  2.9891337E-02
       544  1.8640570E-03  3.0015730E-02
       545  1.8734006E-03  3.0140561E-02
       546  1.8827911E-03  3.0265834E-02
       547  1.8922286E-03  3.0391547E-02
       548  1.9017134E-03  3.0517702E-02
       549  1.9112458E-03  3.0644300E-02
       550  1.9208260E-03  3.0771341E-02
       551  1.9304541E-03  3.0898827E-02
       552  1.9401306E-03  3.1026756E-02
       553  1.9498555E-03  3.1155132E-02
       554  1.9596292E-03  3.1283953E-02
       555  1.9694519E-03  3.1413222E-02
       556  1.9793238E-03  3.1542938E-02
       557  1.9892452E-03  3.1673102E-02
       558  1.9992164E-03  3.1803715E-02
       559  2.0092375E-03  3.1934778E-02
       560  2.0193088E-03  3.2066290E-02
       561  2.0294306E-03  3.2198254E-02
       562  2.0396032E-03  3.2330669E-02
       563  2.0498268E-03  3.2463535E-02
       564  2.0601016E-03  3.2596855E-02
       565  2.0704279E-03  3.2730628E-02
       566  2.0808059E-03  3.2864854E-02
       567  2.0912360E-03  3.2999535E-02
       568  2.1017184E-03  3.3134671E-02
       569  2.1122533E-03  3.3270262E-02
       570  2.1228410E-03  3.3406309E-02
       571  2.1334818E-03  3.3542813E-02
       572  2.1441759E-03  3.3679774E-02
       573  2.1549236E-03  3.3817192E-02
       574  2.1657252E-03  3.3955069E-02
       575  2.1765810E-03  3.4093403E-02
       576  2.1874911E-03  3.4232197E-02
       577  2.1984560E-03  3.4371451E-02
       578  2.2094758E-03  3.4511164E-02
       579  2.2205508E-03  3.4651337E-02
       580  2.2316814E-03  3.4791972E-02
       581  2.2428677E-03  3.4933067E-02
       582  2.2541101E-03  3.5074624E-02
       583  2.2654089E-03  3.5216642E-02
       584  2.2767643E-03  3.5359123E-02
       585  2.2881767E-03  3.5502067E-02
       586  2.2996462E-03  3.5645473E-02
       587  2.3111732E-03  3.5789343E-02
       588  2.3227580E-03  3.5933677E-02
       589  2.3344009E-03  3.6078474E-02
       590  2.3461021E-03  3.6223735E-02
       591  2.3578620E-03  3.6369461E-02
       592  2.3696808E-03  3.6515651E-02
       593  2.3815589E-03  3.6662306E-02
       594  2.3934965E-03  3.6809426E-02
       595  2.4054940E-03  3.6957012E-02
       596  2.4175516E-03  3.7105063E-02
       597  2.4296696E-03  3.7253580E-02
       598  2.4418484E-03  3.7402562E-02
       599  2.4540882E-03  3.7552010E-02
       600  2.4663893E-03  3.7701925E-02
       601  2.4787522E-03  3.7852305E-02
       602  2.4911770E-03  3.8003152E-02
       603  2.5036641E-03  3.8154465E-02
       604  2.5162137E-03  3.8306245E-02
       605  2.5288263E-03  3.8458490E-02
       606  2.5415021E-03  3.8611202E-02
       607  2.5542414E-03  3.8764381E-02
       608  2.5670446E-03  3.8918026E-02
       609  2.5799120E-03  3.9072137E-02
       610  2.5928438E-03  3.9226715E-02
       611  2.6058405E-03  3.9381758E-02
       612  2.6189023E-03  3.9537268E-02
       613  2.6320297E-03  3.9693244E-02
       614  2.6452228E-03  3.9849685E-02
       615  2.6584820E-03  4.0006592E-02
       616  2.6718077E-03  4.0163965E-02
       617  2.6852002E-03  4.0321802E-02
       618  2.6986598E-03  4.0480105E-02
       619  2.7121869E-03  4.0638873E-02
       620  2.7257818E-03  4.0798105E-02
       621  2.7394448E-03  4.0957802E-02
       622  2.7531763E-03  4.1117962E-02
       623  2.7669767E-03  4.1278586E-02
       624  2.7808462E-03  4.1439673E-02
       625  2.7947853E-03  4.1601223E-02
       626  2.8087942E-03  4.1763236E-02
       627  2.8228733E-03  4.1925711E-02
       628  2.8370230E-03  4.2088647E-02
       629  2.8512437E-03  4.2252044E-02
       630  2.8655356E-03  4.2415903E-02
       631  2.8798992E-03  4.2580221E-02
       632  2.8943347E-03  4.2744999E-02
       633  2.9088426E-03  4.2910235E-02
       634  2.9234233E-03  4.3075931E-02
       635  2.9380770E-03  4.3242084E-02
       636  2.9528042E-03  4.3408694E-02
       637  2.9676051E-03  4.3575760E-02
       638  2.9824803E-03  4.3743283E-02
       639  2.9974301E-03  4.3911260E-02
       640  3.0124548E-03  4.4079692E-02
       641  3.0275547E-03  4.4248578E-02
       642  3.0427304E-03  4.4417916E-02
       643  3.0579822E-03  4.4587706E-02
       644  3.0733104E-03  4.4757947E-02
       645  3.0887154E-03  4.4928638E-02
       646  3.1041977E-03  4.5099779E-02
       647  3.1197575E-03  4.5271368E-02
       648  3.1353954E-03  4.5443404E-02
       649  3.1511116E-03  4.5615886E-02
       650  3.1669066E-03  4.5788814E-02
       651  3.1827808E-03  4.5962186E-02
       652  3.1987346E-03  4.6136001E-02
       653  3.2147683E-03  4.6310258E-02
       654  3.2308824E-03  4.6484955E-02
       655  3.2470772E-03  4.6660093E-02
       656  3.2633533E-03  4.6835669E-02
       657  3.2797109E-03  4.7011681E-02
       658  3.2961505E-03  4.7188130E-02
       659  3.3126725E-03  4.7365014E-02
       660  3.3292774E-03  4.7542330E-02
       661  3.3459655E-03  4.7720079E-02
       662  3.3627372E-03  4.7898257E-02
       663  3.3795930E-03  4.8076865E-02
       664  3.3965332E-03  4.8255900E-02
       665  3.4135584E-03  4.8435361E-02
       666  3.4306690E-03  4.8615246E-02
       667  3.4478653E-03  4.8795554E-02
       668  3.4651478E-03  4.8976283E-02
       669  3.4825169E-03  4.9157432E-02
       670  3.4999731E-03  4.9338998E-02
       671  3.5175168E-03  4.9520980E-02
       672  3.5351484E-03  4.9703377E-02
       673  3.5528684E-03  4.9886186E-02
       674  3.5706772E-03  5.0069405E-02
       675  3.5885753E-03  5.0253033E-02
       676  3.6065631E-03  5.0437068E-02
       677  3.6246411E-03  5.0621507E-02
       678  3.6428097E-03  5.0806349E-02
       679  3.6610694E-03  5.0991592E-02
       680  3.6794205E-03  5.1177233E-02
       681  3.6978637E-03  5.1363271E-02
       682  3.7163993E-03  5.1549703E-02
       683  3.7350279E-03  5.1736527E-02
       684  3.7537498E-03  5.1923741E-02
       685  3.7725655E-03  5.2111342E-02
       686  3.7914756E-03  5.2299328E-02
       687  3.8104804E-03  5.2487697E-02
       688  3.8295805E-03  5.2676446E-02
       689  3.8487764E-03  5.2865573E-02
       690  3.8680685E-03  5.3055075E-02
       691  3.8874572E-03  5.3244950E-02
       692  3.9069432E-03  5.3435195E-02
       693  3.9265268E-03  5.3625807E-02
       694  3.9462086E-03  5.3816784E-02
       695  3.9659891E-03  5.4008123E-02
       696  3.9858687E-03  5.4199821E-02
       697  4.0058479E-03  5.4391875E-02
       698  4.0259273E-03  5.4584283E-02
       699  4.0461074E-03  5.4777041E-02
       700  4.0663886E-03  5.4970146E-02
       701  4.0867714E-03  5.5163596E-02
       702  4.1072565E-03  5.5357387E-02
       703  4.1278442E-03  5.5551516E-02
       704  4.1485351E-03  5.5745981E-02
       705  4.1693297E-03  5.5940777E-02
       706  4.1902285E-03  5.6135901E-02
       707  4.2112322E-03  5.6331350E-02
       708  4.2323410E-03  5.6527121E-02
       709  4.2535557E-03  5.6723210E-02
       710  4.2748768E-03  5.6919614E-02
       711  4.2963047E-03  5.7116329E-02
       712  4.3178400E-03  5.7313351E-02
       713  4.3394833E-03  5.7510677E-02
       714  4.3612350E-03  5.7708303E-02
       715  4.3830958E-03  5.7906225E-02
       716  4.4050662E-03  5.8104440E-02
       717  4.4271466E-03  5.8302943E-02
       718  4.4493378E-03  5.8501731E-02
       719  4.4716402E-03  5.8700799E-02
       720  4.4940544E-03  5.8900144E-02
       721  4.5165809E-03  5.9099761E-02
       722  4.5392204E-03  5.9299646E-02
       723  4.5619733E-03  5.9499795E-02
       724  4.5848403E-03  5.9700203E-02
       725  4.6078219E-03  5.9900867E-02
       726  4.6309187E-03  6.0101781E-02
       727  4.6541313E-03  6.0302942E-02
       728  4.6774602E-03  6.0504344E-02
       729  4.7009061E-03  6.0705983E-02
       730  4.7244695E-03  6.0907855E-02
       731  4.7481510E-03  6.1109954E-02
       732  4.7719512E-03  6.1312276E-02
       733  4.7958707E-03  6.1514816E-02
       734  4.8199101E-03  6.1717569E-02
       735  4.8440700E-03  6.1920529E-02
       736  4.8683510E-03  6.2123693E-02
       737  4.8927537E-03  6.2327054E-02
       738  4.9172788E-03  6.2530607E-02
       739  4.9419267E-03  6.2734348E-02
       740  4.9666982E-03  6.2938271E-02
       741  4.9915939E-03  6.3142369E-02
       742  5.0166144E-03  6.3346639E-02
       743  5.0417603E-03  6.3551074E-02
       744  5.0670322E-03  6.3755669E-02
       745  5.0924308E-03  6.3960418E-02
       746  5.1179567E-03  6.4165315E-02
       747  5.1436106E-03  6.4370354E-02
       748  5.1693930E-03  6.4575530E-02
       749  5.1953047E-03  6.4780836E-02
       750  5.2213463E-03  6.4986266E-02
       751  5.2475184E-03  6.5191814E-02
       752  5.2738217E-03  6.5397475E-02
       753  5.3002568E-03  6.5603241E-02
       754  5.3268245E-03  6.5809106E-02
       755  5.3535253E-03  6.6015064E-02
       756  5.3803600E-03  6.6221109E-02
       757  5.4073291E-03  6.6427233E-02
       758  5.4344335E-03  6.6633430E-02
       759  5.4616737E-03  6.6839693E-02
       760  5.4890504E-03  6.7046015E-02
       761  5.5165644E-03  6.7252390E-02
       762  5.5442163E-03  6.7458810E-02
       763  5.5720068E-03  6.7665269E-02
       764  5.5999366E-03  6.7871758E-02
       765  5.6280064E-03  6.8078272E-02
       766  5.6562169E-03  6.8284802E-02
       767  5.6845688E-03  6.8491341E-02
       768  5.7130628E-03  6.8697881E-02
       769  5.7416997E-03  6.8904416E-02
       770  5.7704801E-03  6.9110936E-02
       771  5.7994047E-03  6.9317435E-02
       772  5.8284744E-03  6.9523905E-02
       773  5.8576897E-03  6.9730338E-02
       774  5.8870515E-03  6.9936725E-02
       775  5.9165605E-03  7.0143058E-02
       776  5.9462174E-03  7.0349330E-02
       777  5.9760229E-03  7.0555532E-02
       778  6.0059778E-03  7.0761655E-02
       779  6.0360829E-03  7.0967691E-02
       780  6.0663389E-03  7.1173632E-02
       781  6.0967466E-03  7.1379469E-02
       782  6.1273066E-03  7.1585193E-02
       783  6.1580199E-03  7.1790795E-02
       784  6.1888871E-03  7.1996266E-02
       785  6.2199090E-03  7.2201597E-02
       786  6.2510864E-03  7.2406779E-02
       787  6.2824201E-03  7.2611803E-02
       788  6.3139109E-03  7.2816660E-02
       789  6.3455595E-03  7.3021340E-02
       790  6.3773668E-03  7.3225833E-02
       791  6.4093334E-03  7.3430130E-02
       792  6.4414604E-03  7.3634221E-02
       793  6.4737483E-03  7.3838096E-02
       794  6.5061981E-03  7.4041746E-02
       795  6.5388106E-03  7.4245159E-02
       796  6.5715865E-03  7.4448327E-02
       797  6.6045267E-03  7.4651239E-02
       798  6.6376320E-03  7.4853885E-02
       799  6.6709033E-03  7.5056254E-02
       800  6.7043413E-03  7.5258335E-02
       801  6.7379470E-03  7.5460118E-02
       802  6.7717211E-03  7.5661592E-02
       803  6.8056645E-03  7.5862747E-02
       804  6.8397780E-03  7.6063571E-02
       805  6.8740626E-03  7.6264053E-02
       806  6.9085189E-03  7.6464182E-02
       807  6.9431480E-03  7.6663947E-02
       808  6.9779507E-03  7.6863336E-02
       809  7.0129278E-03  7.7062339E-02
       810  7.0480803E-03  7.7260942E-02
       811  7.0834089E-03  7.7459135E-02
       812  7.1189147E-03  7.7656905E-02
       813  7.1545984E-03  7.7854241E-02
       814  7.1904609E-03  7.8051131E-02
       815  7.2265033E-03  7.8247562E-02
       816  7.2627263E-03  7.8443522E-02
       817  7.2991308E-03  7.8638999E-02
       818  7.3357179E-03  7.8833981E-02
       819  7.3724883E-03  7.9028453E-02
       820  7.4094431E-03  7.9222405E-02
       821  7.4465831E-03  7.9415822E-02
       822  7.4839092E-03  7.9608692E-02
       823  7.5214225E-03  7.9801002E-02
       824  7.5591238E-03  7.9992739E-02
       825  7.5970140E-03  8.0183889E-02
       826  7.6350942E-03  8.0374439E-02
       827  7.6733653E-03  8.0564374E-02
       828  7.7118282E-03  8.0753683E-02
       829  7.7504839E-03  8.0942350E-02
       830  7.7893334E-03  8.1130362E-02
       831  7.8283775E-03  8.1317704E-02
       832  7.8676175E-03  8.1504363E-02
       833  7.9070541E-03  8.1690324E-02
       834  7.9466883E-03  8.1875573E-02
       835  7.9865213E-03  8.2060095E-02
       836  8.0265539E-03  8.2243875E-02
       837  8.0667871E-03  8.2426899E-02
       838  8.1072221E-03  8.2609152E-02
       839  8.1478597E-03  8.2790619E-02
       840  8.1887010E-03  8.2971284E-02
       841  8.2297470E-03  8.3151132E-02
       842  8.2709988E-03  8.3330148E-02
       843  8.3124574E-03  8.3508317E-02
       844  8.3541237E-03  8.3685621E-02
       845  8.3959990E-03  8.3862047E-02
       846  8.4380841E-03  8.4037577E-02
       847  8.4803802E-03  8.4212196E-02
       848  8.5228882E-03  8.4385887E-02
       849  8.5656094E-03  8.4558635E-02
       850  8.6085447E-03  8.4730422E-02
       851  8.6516952E-03  8.4901232E-02
       852  8.6950620E-03  8.5071048E-02
       853  8.7386462E-03  8.5239854E-02
       854  8.7824488E-03  8.5407633E-02
       855  8.8264710E-03  8.5574367E-02
       856  8.8707139E-03  8.5740039E-02
       857  8.9151785E-03  8.5904631E-02
       858  8.9598661E-03  8.6068127E-02
       859  9.0047776E-03  8.6230508E-02
       860  9.0499142E-03  8.6391757E-02
       861  9.0952771E-03  8.6551856E-02
       862  9.1408674E-03  8.6710786E-02
       863  9.1866862E-03  8.6868531E-02
       864  9.2327346E-03  8.7025070E-02
       865  9.2790139E-03  8.7180386E-02
       866  9.3255251E-03  8.7334460E-02
       867  9.3722695E-03  8.7487274E-02
       868  9.4192482E-03  8.7638808E-02
       869  9.4664624E-03  8.7789044E-02
       870  9.5139132E-03  8.7937962E-02
       871  9.5616019E-03  8.8085543E-02
       872  9.6095297E-03  8.8231768E-02
       873  9.6576976E-03  8.8376617E-02
       874  9.7061070E-03  8.8520071E-02
       875  9.7547591E-03  8.8662109E-02
       876  9.8036550E-03  8.8802712E-02
       877  9.8527961E-03  8.8941859E-02
       878  9.9021834E-03  8.9079531E-02
       879  9.9518183E-03  8.9215706E-02
       880  1.0001702E-02  8.9350365E-02
       881  1.0051836E-02  8.9483487E-02
       882  1.0102221E-02  8.9615051E-02
       883  1.0152858E-02  8.9745035E-02
       884  1.0203750E-02  8.9873420E-02
       885  1.0254896E-02  9.0000184E-02
       886  1.0306299E-02  9.0125305E-02
       887  1.0357960E-02  9.0248762E-02
       888  1.0409879E-02  9.0370533E-02
       889  1.0462059E-02  9.0490597E-02
       890  1.0514500E-02  9.0608931E-02
       891  1.0567204E-02  9.0725514E-02
       892  1.0620173E-02  9.0840324E-02
       893  1.0673407E-02  9.0953338E-02
       894  1.0726907E-02  9.1064533E-02
       895  1.0780676E-02  9.1173888E-02
       896  1.0834714E-02  9.1281379E-02
       897  1.0889024E-02  9.1386984E-02
       898  1.0943605E-02  9.1490679E-02
       899  1.0998460E-02  9.1592442E-02
       900  1.1053590E-02  9.1692249E-02
       901  1.1108997E-02  9.1790077E-02
       902  1.1164681E-02  9.1885902E-02
       903  1.1220644E-02  9.1979701E-02
       904  1.1276888E-02  9.2071450E-02
       905  1.1333413E-02  9.2161125E-02
       906  1.1390222E-02  9.2248701E-02
       907  1.1447316E-02  9.2334156E-02
       908  1.1504696E-02  9.2417463E-02
       909  1.1562363E-02  9.2498600E-02
       910  1.1620320E-02  9.2577541E-02
       911  1.1678567E-02  9.2654261E-02
       912  1.1737106E-02  9.2728736E-02
       913  1.1795939E-02  9.2800941E-02
       914  1.1855066E-02  9.2870851E-02
       915  1.1914490E-02  9.2938440E-02
       916  1.1974211E-02  9.3003683E-02
       917  1.2034232E-02  9.3066554E-02
       918  1.2094554E-02  9.3127029E-02
       919  1.2155178E-02  9.3185080E-02
       920  1.2216106E-02  9.3240683E-02
       921  1.2277340E-02  9.3293812E-02
       922  1.2338880E-02  9.3344439E-02
       923  1.2400729E-02  9.3392540E-02
       924  1.2462888E-02  9.3438087E-02
       925  1.2525359E-02  9.3481055E-02
       926  1.2588142E-02  9.3521416E-02
       927  1.2651241E-02  9.3559144E-02
       928  1.2714655E-02  9.3594212E-02
       929  1.2778388E-02  9.3626593E-02
       930  1.2842440E-02  9.3656259E-02
       931  1.2906813E-02  9.3683185E-02
       932  1.2971508E-02  9.3707343E-02
       933  1.3036528E-02  9.3728704E-02
       934  1.3101874E-02  9.3747242E-02
       935  1.3167547E-02  9.3762930E-02
       936  1.3233550E-02  9.3775738E-02
       937  1.3299884E-02  9.3785640E-02
       938  1.3366549E-02  9.3792608E-02
       939  1.3433550E-02  9.3796612E-02
       940  1.3500886E-02  9.3797627E-02
       941  1.3568559E-02  9.3795622E-02
       942  1.3636572E-02  9.3790570E-02
       943  1.3704925E-02  9.3782443E-02
       944  1.3773622E-02  9.3771211E-02
       945  1.3842662E-02  9.3756847E-02
       946  1.3912049E-02  9.3739320E-02
       947  1.3981783E-02  9.3718604E-02
       948  1.4051867E-02  9.3694668E-02
       949  1.4122302E-02  9.3667484E-02
       950  1.4193091E-02  9.3637022E-02
       951  1.4264234E-02  9.3603254E-02
       952  1.4335734E-02  9.3566150E-02
       953  1.4407592E-02  9.3525681E-02
       954  1.4479810E-02  9.3481818E-02
       955  1.4552391E-02  9.3434531E-02
       956  1.4625335E-02  9.3383790E-02
       957  1.4698645E-02  9.3329566E-02
       958  1.4772322E-02  9.3271829E-02
       959  1.4846368E-02  9.3210549E-02
       960  1.4920786E-02  9.3145697E-02
       961  1.4995577E-02  9.3077243E-02
       962  1.5070742E-02  9.3005157E-02
       963  1.5146285E-02  9.2929408E-02
       964  1.5222206E-02  9.2849967E-02
       965  1.5298508E-02  9.2766804E-02
       966  1.5375192E-02  9.2679888E-02
       967  1.5452260E-02  9.2589189E-02
       968  1.5529715E-02  9.2494677E-02
       969  1.5607558E-02  9.2396322E-02
       970  1.5685791E-02  9.2294093E-02
       971  1.5764416E-02  9.2187960E-02
       972  1.5843436E-02  9.2077893E-02
       973  1.5922852E-02  9.1963861E-02
       974  1.6002665E-02  9.1845833E-02
       975  1.6082879E-02  9.1723780E-02
       976  1.6163495E-02  9.1597670E-02
       977  1.6244514E-02  9.1467473E-02
       978  1.6325940E-02  9.1333159E-02
       979  1.6407775E-02  9.1194697E-02
       980  1.6490019E-02  9.1052057E-02
       981  1.6572675E-02  9.0905207E-02
       982  1.6655746E-02  9.0754118E-02
       983  1.6739234E-02  9.0598758E-02
       984  1.6823139E-02  9.0439098E-02
       985  1.6907466E-02  9.0275106E-02
       986  1.6992215E-02  9.0106753E-02
       987  1.7077389E-02  8.9934007E-02
       988  1.7162989E-02  8.9756838E-02
       989  1.7249019E-02  8.9575215E-02
       990  1.7335480E-02  8.9389109E-02
       991  1.7422375E-02  8.9198488E-02
       992  1.7509705E-02  8.9003323E-02
       993  1.7597472E-02  8.8803583E-02
       994  1.7685680E-02  8.8599237E-02
       995  1.7774330E-02  8.8390256E-02
       996  1.7863424E-02  8.8176609E-02
       997  1.7952965E-02  8.7958265E-02
       998  1.8042955E-02  8.7735196E-02
       999  1.8133395E-02  8.7507371E-02
      1000  1.8224289E-02  8.7274760E-02
      1001  1.8315639E-02  8.7037333E-02
      1002  1.8407446E-02  8.6795060E-02
      1003  1.8499714E-02  8.6547912E-02
      1004  1.8592444E-02  8.6295858E-02
      1005  1.8685639E-02  8.6038871E-02
      1006  1.8779301E-02  8.5776919E-02
      1007  1.8873433E-02  8.5509974E-02
      1008  1.8968037E-02  8.5238006E-02
      1009  1.9063114E-02  8.4960987E-02
      1010  1.9158669E-02  8.4678887E-02
      1011  1.9254702E-02  8.4391677E-02
      1012  1.9351216E-02  8.4099330E-02
      1013  1.9448215E-02  8.3801815E-02
      1014  1.9545699E-02  8.3499105E-02
      1015  1.9643673E-02  8.3191172E-02
      1016  1.9742137E-02  8.2877987E-02
      1017  1.9841095E-02  8.2559522E-02
      1018  1.9940549E-02  8.2235750E-02
      1019  2.0040501E-02  8.1906642E-02
      1020  2.0140954E-02  8.1572172E-02
      1021  2.0241911E-02  8.1232312E-02
      1022  2.0343374E-02  8.0887034E-02
      1023  2.0445346E-02  8.0536313E-02
      1024  2.0547829E-02  8.0180120E-02
      1025  2.0650825E-02  7.9818431E-02
      1026  2.0754338E-02  7.9451217E-02
      1027  2.0858369E-02  7.9078454E-02
      1028  2.0962922E-02  7.8700115E-02
      1029  2.1068000E-02  7.8316175E-02
      1030  2.1173603E-02  7.7926609E-02
      1031  2.1279736E-02  7.7531391E-02
      1032  2.1386402E-02  7.7130496E-02
      1033  2.1493601E-02  7.6723899E-02
      1034  2.1601338E-02  7.6311577E-02
      1035  2.1709616E-02  7.5893506E-02
      1036  2.1818436E-02  7.5469660E-02
      1037  2.1927801E-02  7.5040018E-02
      1038  2.2037714E-02  7.4604555E-02
      1039  2.2148179E-02  7.4163249E-02
      1040  2.2259197E-02  7.3716077E-02
      1041  2.2370772E-02  7.3263017E-02
      1042  2.2482906E-02  7.2804046E-02
      1043  2.2595602E-02  7.2339144E-02
      1044  2.2708863E-02  7.1868289E-02
      1045  2.2822691E-02  7.1391459E-02
      1046  2.2937091E-02  7.0908635E-02
      1047  2.3052063E-02  7.0419796E-02
      1048  2.3167612E-02  6.9924922E-02
      1049  2.3283740E-02  6.9423994E-02
      1050  2.3400451E-02  6.8916992E-02
      1051  2.3517746E-02  6.8403898E-02
      1052  2.3635629E-02  6.7884694E-02
      1053  2.3754103E-02  6.7359361E-02
      1054  2.3873171E-02  6.6827883E-02
      1055  2.3992836E-02  6.6290242E-02
      1056  2.4113100E-02  6.5746421E-02
      1057  2.4233968E-02  6.5196406E-02
      1058  2.4355441E-02  6.4640178E-02
      1059  2.4477523E-02  6.4077725E-02
      1060  2.4600217E-02  6.3509030E-02
      1061  2.4723526E-02  6.2934080E-02
      1062  2.4847454E-02  6.2352860E-02
      1063  2.4972002E-02  6.1765358E-02
      1064  2.5097175E-02  6.1171561E-02
      1065  2.5222975E-02  6.0571456E-02
      1066  2.5349406E-02  5.9965032E-02
      1067  2.5476470E-02  5.9352278E-02
      1068  2.5604171E-02  5.8733183E-02
      1069  2.5732513E-02  5.8107736E-02
      1070  2.5861497E-02  5.7475929E-02
      1071  2.5991129E-02  5.6837753E-02
      1072  2.6121410E-02  5.6193199E-02
      1073  2.6252344E-02  5.5542259E-02
      1074  2.6383934E-02  5.4884926E-02
      1075  2.6516184E-02  5.4221195E-02
      1076  2.6649097E-02  5.3551058E-02
      1077  2.6782676E-02  5.2874511E-02
      1078  2.6916925E-02  5.2191549E-02
      1079  2.7051847E-02  5.1502168E-02
      1080  2.7187445E-02  5.0806365E-02
      1081  2.7323722E-02  5.0104137E-02
      1082  2.7460683E-02  4.9395483E-02
      1083  2.7598330E-02  4.8680401E-02
      1084  2.7736668E-02  4.7958890E-02
      1085  2.7875698E-02  4.7230952E-02
      1086  2.8015426E-02  4.6496586E-02
      1087  2.8155854E-02  4.5755794E-02
      1088  2.8296985E-02  4.5008580E-02
      1089  2.8438825E-02  4.4254946E-02
      1090  2.8581375E-02  4.3494896E-02
      1091  2.8724640E-02  4.2728434E-02
      1092  2.8868623E-02  4.1955568E-02
      1093  2.9013327E-02  4.1176302E-02
      1094  2.9158757E-02  4.0390644E-02
      1095  2.9304916E-02  3.9598602E-02
      1096  2.9451807E-02  3.8800185E-02
      1097  2.9599435E-02  3.7995403E-02
      1098  2.9747803E-02  3.7184266E-02
      1099  2.9896914E-02  3.6366785E-02
      1100  3.0046773E-02  3.5542973E-02
      1101  3.0197383E-02  3.4712844E-02
      1102  3.0348748E-02  3.3876410E-02
      1103  3.0500872E-02  3.3033688E-02
      1104  3.0653758E-02  3.2184693E-02
      1105  3.0807411E-02  3.1329442E-02
      1106  3.0961834E-02  3.0467954E-02
      1107  3.1117031E-02  2.9600246E-02
      1108  3.1273005E-02  2.8726339E-02
      1109  3.1429762E-02  2.7846253E-02
      1110  3.1587304E-02  2.6960010E-02
      1111  3.1745636E-02  2.6067634E-02
      1112  3.1904762E-02  2.5169147E-02
      1113  3.2064685E-02  2.4264575E-02
      1114  3.2225410E-02  2.3353943E-02
      1115  3.2386941E-02  2.2437279E-02
      1116  3.2549281E-02  2.1514610E-02
      1117  3.2712435E-02  2.0585966E-02
      1118  3.2876407E-02  1.9651377E-02
      1119  3.3041200E-02  1.8710874E-02
      1120  3.3206820E-02  1.7764489E-02
      1121  3.3373270E-02  1.6812255E-02
      1122  3.3540554E-02  1.5854209E-02
      1123  3.3708677E-02  1.4890385E-02
      1124  3.3877642E-02  1.3920820E-02
      1125  3.4047455E-02  1.2945552E-02
      1126  3.4218118E-02  1.1964621E-02
      1127  3.4389637E-02  1.0978068E-02
      1128  3.4562016E-02  9.9859326E-03
      1129  3.4735259E-02  8.9882594E-03
      1130  3.4909370E-02  7.9850921E-03
      1131  3.5084354E-02  6.9764760E-03
      1132  3.5260215E-02  5.9624577E-03
      1133  3.5436958E-02  4.9430851E-03
      1134  3.5614586E-02  3.9184073E-03
      1135  3.5793105E-02  2.8884747E-03
      1136  3.5972519E-02  1.8533390E-03
      1137  3.6152832E-02  8.1305330E-04
      1138  3.6334049E-02 -2.3232822E-04
      1139  3.6516174E-02 -1.2827499E-03
      1140  3.6699212E-02 -2.3381547E-03
      1141  3.6883167E-02 -3.3984844E-03
      1142  3.7068045E-02 -4.4636793E-03
      1143  3.7253849E-02 -5.5336783E-03
      1144  3.7440585E-02 -6.6084192E-03
      1145  3.7628257E-02 -7.6878380E-03
      1146  3.7816869E-02 -8.7718697E-03
      1147  3.8006427E-02 -9.8604476E-03
      1148  3.8196935E-02 -1.0953504E-02
      1149  3.8388398E-02 -1.2050969E-02
      1150  3.8580821E-02 -1.3152772E-02
      1151  3.8774208E-02 -1.4258840E-02
      1152  3.8968564E-02 -1.5369101E-02
      1153  3.9163895E-02 -1.6483478E-02
      1154  3.9360205E-02 -1.7601896E-02
      1155  3.9557499E-02 -1.8724275E-02
      1156  3.9755782E-02 -1.9850537E-02
      1157  3.9955058E-02 -2.0980600E-02
      1158  4.0155334E-02 -2.2114381E-02
      1159  4.0356613E-02 -2.3251797E-02
      1160  4.0558902E-02 -2.4392762E-02
      1161  4.0762204E-02 -2.5537188E-02
      1162  4.0966525E-02 -2.6684987E-02
      1163  4.1171871E-02 -2.7836068E-02
      1164  4.1378246E-02 -2.8990340E-02
      1165  4.1585655E-02 -3.0147709E-02
      1166  4.1794104E-02 -3.1308081E-02
      1167  4.2003598E-02 -3.2471359E-02
      1168  4.2214142E-02 -3.3637444E-02
      1169  4.2425741E-02 -3.4806238E-02
      1170  4.2638401E-02 -3.5977638E-02
      1171  4.2852127E-02 -3.7151542E-02
      1172  4.3066924E-02 -3.8327845E-02
      1173  4.3282798E-02 -3.9506442E-02
      1174  4.3499754E-02 -4.0687225E-02
      1175  4.3717797E-02 -4.1870084E-02
      1176  4.3936934E-02 -4.3054908E-02
      1177  4.4157168E-02 -4.4241585E-02
      1178  4.4378507E-02 -4.5430001E-02
      1179  4.4600955E-02 -4.6620039E-02
      1180  4.4824519E-02 -4.7811583E-02
      1181  4.5049202E-02 -4.9004513E-02
      1182  4.5275012E-02 -5.0198709E-02
      1183  4.5501954E-02 -5.1394047E-02
      1184  4.5730034E-02 -5.2590405E-02
      1185  4.5959257E-02 -5.3787655E-02
      1186  4.6189628E-02 -5.4985672E-02
      1187  4.6421155E-02 -5.6184325E-02
      1188  4.6653842E-02 -5.7383485E-02
      1189  4.6887695E-02 -5.8583018E-02
      1190  4.7122721E-02 -5.9782791E-02
      1191  4.7358924E-02 -6.0982668E-02
      1192  4.7596312E-02 -6.2182512E-02
      1193  4.7834889E-02 -6.3382183E-02
      1194  4.8074663E-02 -6.4581542E-02
      1195  4.8315638E-02 -6.5780446E-02
      1196  4.8557821E-02 -6.6978750E-02
      1197  4.8801218E-02 -6.8176309E-02
      1198  4.9045835E-02 -6.9372977E-02
      1199  4.9291679E-02 -7.0568603E-02
      1200  4.9538754E-02 -7.1763038E-02
      1201  4.9787068E-02 -7.2956129E-02
      1202  5.0036627E-02 -7.4147723E-02
      1203  5.0287437E-02 -7.5337663E-02
      1204  5.0539504E-02 -7.6525794E-02
      1205  5.0792834E-02 -7.7711955E-02
      1206  5.1047434E-02 -7.8895987E-02
      1207  5.1303310E-02 -8.0077728E-02
      1208  5.1560469E-02 -8.1257014E-02
      1209  5.1818917E-02 -8.2433681E-02
      1210  5.2078661E-02 -8.3607560E-02
      1211  5.2339706E-02 -8.4778485E-02
      1212  5.2602060E-02 -8.5946285E-02
      1213  5.2865729E-02 -8.7110789E-02
      1214  5.3130719E-02 -8.8271823E-02
      1215  5.3397038E-02 -8.9429214E-02
      1216  5.3664692E-02 -9.0582784E-02
      1217  5.3933687E-02 -9.1732357E-02
      1218  5.4204031E-02 -9.2877754E-02
      1219  5.4475730E-02 -9.4018793E-02
      1220  5.4748791E-02 -9.5155294E-02
      1221  5.5023220E-02 -9.6287071E-02
      1222  5.5299025E-02 -9.7413941E-02
      1223  5.5576213E-02 -9.8535717E-02
      1224  5.5854790E-02 -9.9652210E-02
      1225  5.6134763E-02 -1.0076323E-01
      1226  5.6416140E-02 -1.0186859E-01
      1227  5.6698927E-02 -1.0296810E-01
      1228  5.6983131E-02 -1.0406156E-01
      1229  5.7268760E-02 -1.0514878E-01
      1230  5.7555821E-02 -1.0622956E-01
      1231  5.7844321E-02 -1.0730370E-01
      1232  5.8134267E-02 -1.0837101E-01
      1233  5.8425666E-02 -1.0943129E-01
      1234  5.8718526E-02 -1.1048433E-01
      1235  5.9012854E-02 -1.1152994E-01
      1236  5.9308657E-02 -1.1256790E-01
      1237  5.9605943E-02 -1.1359802E-01
      1238  5.9904719E-02 -1.1462009E-01
      1239  6.0204992E-02 -1.1563390E-01
      1240  6.0506771E-02 -1.1663924E-01
      1241  6.0810063E-02 -1.1763592E-01
      1242  6.1114874E-02 -1.1862370E-01
      1243  6.1421214E-02 -1.1960239E-01
      1244  6.1729089E-02 -1.2057177E-01
      1245  6.2038507E-02 -1.2153163E-01
      1246  6.2349477E-02 -1.2248176E-01
      1247  6.2662005E-02 -1.2342194E-01
      1248  6.2976099E-02 -1.2435195E-01
      1249  6.3291768E-02 -1.2527158E-01
      1250  6.3609020E-02 -1.2618061E-01
      1251  6.3927861E-02 -1.2707882E-01
      1252  6.4248301E-02 -1.2796600E-01
      1253  6.4570347E-02 -1.2884192E-01
      1254  6.4894007E-02 -1.2970637E-01
      1255  6.5219290E-02 -1.3055912E-01
      1256  6.5546203E-02 -1.3139995E-01
      1257  6.5874754E-02 -1.3222865E-01
      1258  6.6204953E-02 -1.3304498E-01
      1259  6.6536807E-02 -1.3384872E-01
      1260  6.6870324E-02 -1.3463966E-01
      1261  6.7205513E-02 -1.3541757E-01
      1262  6.7542382E-02 -1.3618223E-01
      1263  6.7880939E-02 -1.3693340E-01
      1264  6.8221194E-02 -1.3767087E-01
      1265  6.8563154E-02 -1.3839441E-01
      1266  6.8906828E-02 -1.3910380E-01
      1267  6.9252225E-02 -1.3979880E-01
      1268  6.9599354E-02 -1.4047921E-01
      1269  6.9948222E-02 -1.4114478E-01
      1270  7.0298839E-02 -1.4179531E-01
      1271  7.0651213E-02 -1.4243055E-01
      1272  7.1005354E-02 -1.4305029E-01
      1273  7.1361270E-02 -1.4365429E-01
      1274  7.1718969E-02 -1.4424235E-01
      1275  7.2078462E-02 -1.4481423E-01
      1276  7.2439757E-02 -1.4536971E-01
      1277  7.2802863E-02 -1.4590856E-01
      1278  7.3167789E-02 -1.4643056E-01
      1279  7.3534544E-02 -1.4693549E-01
      1280  7.3903137E-02 -1.4742313E-01
      1281  7.4273578E-02 -1.4789326E-01
      1282  7.4645876E-02 -1.4834565E-01
      1283  7.5020040E-02 -1.4878008E-01
      1284  7.5396080E-02 -1.4919634E-01
      1285  7.5774004E-02 -1.4959421E-01
      1286  7.6153823E-02 -1.4997346E-01
      1287  7.6535545E-02 -1.5033389E-01
      1288  7.6919181E-02 -1.5067527E-01
      1289  7.7304740E-02 -1.5099739E-01
      1290  7.7692232E-02 -1.5130004E-01
      1291  7.8081666E-02 -1.5158301E-01
      1292  7.8473052E-02 -1.5184609E-01
      1293  7.8866400E-02 -1.5208905E-01
      1294  7.9261719E-02 -1.5231171E-01
      1295  7.9659020E-02 -1.5251384E-01
      1296  8.0058313E-02 -1.5269525E-01
      1297  8.0459607E-02 -1.5285573E-01
      1298  8.0862912E-02 -1.5299508E-01
      1299  8.1268239E-02 -1.5311309E-01
      1300  8.1675598E-02 -1.5320958E-01
      1301  8.2084999E-02 -1.5328434E-01
      1302  8.2496451E-02 -1.5333717E-01
      1303  8.2909967E-02 -1.5336789E-01
      1304  8.3325555E-02 -1.5337631E-01
      1305  8.3743226E-02 -1.5336223E-01
      1306  8.4162990E-02 -1.5332547E-01
      1307  8.4584859E-02 -1.5326585E-01
      1308  8.5008842E-02 -1.5318318E-01
      1309  8.5434951E-02 -1.5307728E-01
      1310  8.5863195E-02 -1.5294798E-01
      1311  8.6293586E-02 -1.5279511E-01
      1312  8.6726135E-02 -1.5261849E-01
      1313  8.7160851E-02 -1.5241795E-01
      1314  8.7597747E-02 -1.5219333E-01
      1315  8.8036833E-02 -1.5194446E-01
      1316  8.8478119E-02 -1.5167119E-01
      1317  8.8921617E-02 -1.5137336E-01
      1318  8.9367339E-02 -1.5105081E-01
      1319  8.9815295E-02 -1.5070339E-01
      1320  9.0265496E-02 -1.5033096E-01
      1321  9.0717953E-02 -1.4993338E-01
      1322  9.1172679E-02 -1.4951049E-01
      1323  9.1629684E-02 -1.4906217E-01
      1324  9.2088980E-02 -1.4858828E-01
      1325  9.2550578E-02 -1.4808870E-01
      1326  9.3014489E-02 -1.4756328E-01
      1327  9.3480726E-02 -1.4701193E-01
      1328  9.3949300E-02 -1.4643451E-01
      1329  9.4420223E-02 -1.4583091E-01
      1330  9.4893507E-02 -1.4520102E-01
      1331  9.5369162E-02 -1.4454474E-01
      1332  9.5847202E-02 -1.4386196E-01
      1333  9.6327638E-02 -1.4315259E-01
      1334  9.6810483E-02 -1.4241654E-01
      1335  9.7295747E-02 -1.4165371E-01
      1336  9.7783444E-02 -1.4086403E-01
      1337  9.8273586E-02 -1.4004741E-01
      1338  9.8766184E-02 -1.3920378E-01
      1339  9.9261252E-02 -1.3833307E-01
      1340  9.9758801E-02 -1.3743521E-01
      1341  1.0025884E-01 -1.3651015E-01
      1342  1.0076139E-01 -1.3555783E-01
      1343  1.0126646E-01 -1.3457821E-01
      1344  1.0177406E-01 -1.3357123E-01
      1345  1.0228421E-01 -1.3253687E-01
      1346  1.0279691E-01 -1.3147508E-01
      1347  1.0331218E-01 -1.3038583E-01
      1348  1.0383003E-01 -1.2926912E-01
      1349  1.0435048E-01 -1.2812491E-01
      1350  1.0487354E-01 -1.2695321E-01
      1351  1.0539922E-01 -1.2575399E-01
      1352  1.0592754E-01 -1.2452727E-01
      1353  1.0645850E-01 -1.2327306E-01
      1354  1.0699213E-01 -1.2199135E-01
      1355  1.0752843E-01 -1.2068218E-01
      1356  1.0806742E-01 -1.1934556E-01
      1357  1.0860911E-01 -1.1798153E-01
      1358  1.0915351E-01 -1.1659013E-01
      1359  1.0970065E-01 -1.1517140E-01
      1360  1.1025053E-01 -1.1372539E-01
      1361  1.1080316E-01 -1.1225215E-01
      1362  1.1135856E-01 -1.1075176E-01
      1363  1.1191675E-01 -1.0922427E-01
      1364  1.1247773E-01 -1.0766977E-01
      1365  1.1304153E-01 -1.0608835E-01
      1366  1.1360815E-01 -1.0448008E-01
      1367  1.1417762E-01 -1.0284507E-01
      1368  1.1474993E-01 -1.0118343E-01
      1369  1.1532512E-01 -9.9495261E-02
      1370  1.1590319E-01 -9.7780685E-02
      1371  1.1648416E-01 -9.6039829E-02
      1372  1.1706804E-01 -9.4272825E-02
      1373  1.1765484E-01 -9.2479813E-02
      1374  1.1824459E-01 -9.0660943E-02
      1375  1.1883729E-01 -8.8816367E-02
      1376  1.1943297E-01 -8.6946250E-02
      1377  1.2003163E-01 -8.5050761E-02
      1378  1.2063329E-01 -8.3130079E-02
      1379  1.2123797E-01 -8.1184387E-02
      1380  1.2184567E-01 -7.9213880E-02
      1381  1.2245643E-01 -7.7218758E-02
      1382  1.2307024E-01 -7.5199229E-02
      1383  1.2368714E-01 -7.3155509E-02
      1384  1.2430712E-01 -7.1087824E-02
      1385  1.2493021E-01 -6.8996403E-02
      1386  1.2555643E-01 -6.6881489E-02
      1387  1.2618578E-01 -6.4743327E-02
      1388  1.2681829E-01 -6.2582175E-02
      1389  1.2745397E-01 -6.0398295E-02
      1390  1.2809284E-01 -5.8191960E-02
      1391  1.2873490E-01 -5.5963449E-02
      1392  1.2938019E-01 -5.3713050E-02
      1393  1.3002871E-01 -5.1441060E-02
      1394  1.3068048E-01 -4.9147783E-02
      1395  1.3133552E-01 -4.6833531E-02
      1396  1.3199384E-01 -4.4498624E-02
      1397  1.3265547E-01 -4.2143391E-02
      1398  1.3332040E-01 -3.9768169E-02
      1399  1.3398867E-01 -3.7373303E-02
      1400  1.3466030E-01 -3.4959147E-02
      1401  1.3533528E-01 -3.2526062E-02
      1402  1.3601365E-01 -3.0074417E-02
      1403  1.3669543E-01 -2.7604590E-02
      1404  1.3738061E-01 -2.5116968E-02
      1405  1.3806924E-01 -2.2611944E-02
      1406  1.3876131E-01 -2.0089922E-02
      1407  1.3945686E-01 -1.7551311E-02
      1408  1.4015589E-01 -1.4996532E-02
      1409  1.4085842E-01 -1.2426009E-02
      1410  1.4156448E-01 -9.8401790E-03
      1411  1.4227407E-01 -7.2394847E-03
      1412  1.4298722E-01 -4.6243772E-03
      1413  1.4370395E-01 -1.9953157E-03
      1414  1.4442427E-01  6.4723243E-04
      1415  1.4514820E-01  3.3027920E-03
      1416  1.4587576E-01  5.9708799E-03
      1417  1.4660696E-01  8.6510050E-03
      1418  1.4734183E-01  1.1342669E-02
      1419  1.4808039E-01  1.4045364E-02
      1420  1.4882264E-01  1.6758576E-02
      1421  1.4956862E-01  1.9481783E-02
      1422  1.5031834E-01  2.2214456E-02
      1423  1.5107181E-01  2.4956056E-02
      1424  1.5182906E-01  2.7706040E-02
      1425  1.5259011E-01  3.0463854E-02
      1426  1.5335497E-01  3.3228938E-02
      1427  1.5412366E-01  3.6000726E-02
      1428  1.5489621E-01  3.8778644E-02
      1429  1.5567263E-01  4.1562109E-02
      1430  1.5645294E-01  4.4350534E-02
      1431  1.5723717E-01  4.7143322E-02
      1432  1.5802532E-01  4.9939871E-02
      1433  1.5881743E-01  5.2739572E-02
      1434  1.5961350E-01  5.5541808E-02
      1435  1.6041357E-01  5.8345957E-02
      1436  1.6121764E-01  6.1151390E-02
      1437  1.6202575E-01  6.3957471E-02
      1438  1.6283791E-01  6.6763558E-02
      1439  1.6365414E-01  6.9569002E-02
      1440  1.6447446E-01  7.2373150E-02
      1441  1.6529889E-01  7.5175341E-02
      1442  1.6612745E-01  7.7974908E-02
      1443  1.6696017E-01  8.0771180E-02
      1444  1.6779706E-01  8.3563480E-02
      1445  1.6863815E-01  8.6351124E-02
      1446  1.6948345E-01  8.9133423E-02
      1447  1.7033299E-01  9.1909685E-02
      1448  1.7118679E-01  9.4679210E-02
      1449  1.7204486E-01  9.7441295E-02
      1450  1.7290724E-01  1.0019523E-01
      1451  1.7377394E-01  1.0294031E-01
      1452  1.7464499E-01  1.0567580E-01
      1453  1.7552040E-01  1.0840099E-01
      1454  1.7640020E-01  1.1111516E-01
      1455  1.7728441E-01  1.1381757E-01
      1456  1.7817305E-01  1.1650749E-01
      1457  1.7906615E-01  1.1918418E-01
      1458  1.7996372E-01  1.2184690E-01
      1459  1.8086579E-01  1.2449490E-01
      1460  1.8177239E-01  1.2712744E-01
      1461  1.8268352E-01  1.2974378E-01
      1462  1.8359923E-01  1.3234314E-01
      1463  1.8451952E-01  1.3492479E-01
      1464  1.8544443E-01  1.3748795E-01
      1465  1.8637398E-01  1.4003188E-01
      1466  1.8730818E-01  1.4255581E-01
      1467  1.8824707E-01  1.4505897E-01
      1468  1.8919066E-01  1.4754060E-01
      1469  1.9013898E-01  1.4999993E-01
      1470  1.9109206E-01  1.5243620E-01
      1471  1.9204991E-01  1.5484863E-01
      1472  1.9301256E-01  1.5723647E-01
      1473  1.9398004E-01  1.5959893E-01
      1474  1.9495237E-01  1.6193524E-01
      1475  1.9592957E-01  1.6424465E-01
      1476  1.9691168E-01  1.6652637E-01
      1477  1.9789870E-01  1.6877965E-01
      1478  1.9889067E-01  1.7100370E-01
      1479  1.9988761E-01  1.7319777E-01
      1480  2.0088955E-01  1.7536109E-01
      1481  2.0189652E-01  1.7749289E-01
      1482  2.0290853E-01  1.7959241E-01
      1483  2.0392561E-01  1.8165890E-01
      1484  2.0494779E-01  1.8369159E-01
      1485  2.0597510E-01  1.8568972E-01
      1486  2.0700755E-01  1.8765255E-01
      1487  2.0804518E-01  1.8957933E-01
      1488  2.0908801E-01  1.9146930E-01
      1489  2.1013607E-01  1.9332173E-01
      1490  2.1118938E-01  1.9513588E-01
      1491  2.1224797E-01  1.9691101E-01
      1492  2.1331187E-01  1.9864640E-01
      1493  2.1438110E-01  2.0034130E-01
      1494  2.1545569E-01  2.0199502E-01
      1495  2.1653567E-01  2.0360683E-01
      1496  2.1762106E-01  2.0517601E-01
      1497  2.1871189E-01  2.0670188E-01
      1498  2.1980818E-01  2.0818372E-01
      1499  2.2090998E-01  2.0962085E-01
      1500  2.2201729E-01  2.1101258E-01
      1501  2.2313016E-01  2.1235823E-01
      1502  2.2424860E-01  2.1365714E-01
      1503  2.2537266E-01  2.1490864E-01
      1504  2.2650234E-01  2.1611207E-01
      1505  2.2763769E-01  2.1726678E-01
      1506  2.2877873E-01  2.1837214E-01
      1507  2.2992549E-01  2.1942752E-01
      1508  2.3107799E-01  2.2043229E-01
      1509  2.3223627E-01  2.2138585E-01
      1510  2.3340036E-01  2.2228758E-01
      1511  2.3457029E-01  2.2313689E-01
      1512  2.3574608E-01  2.2393320E-01
      1513  2.3692776E-01  2.2467594E-01
      1514  2.3811536E-01  2.2536454E-01
      1515  2.3930892E-01  2.2599846E-01
      1516  2.4050846E-01  2.2657714E-01
      1517  2.4171402E-01  2.2710006E-01
      1518  2.4292561E-01  2.2756671E-01
      1519  2.4414328E-01  2.2797658E-01
      1520  2.4536706E-01  2.2832916E-01
      1521  2.4659696E-01  2.2862399E-01
      1522  2.4783304E-01  2.2886059E-01
      1523  2.4907530E-01  2.2903851E-01
      1524  2.5032380E-01  2.2915731E-01
      1525  2.5157855E-01  2.2921655E-01
      1526  2.5283960E-01  2.2921582E-01
      1527  2.5410696E-01  2.2915473E-01
      1528  2.5538068E-01  2.2903287E-01
      1529  2.5666078E-01  2.2884989E-01
      1530  2.5794729E-01  2.2860543E-01
      1531  2.5924026E-01  2.2829913E-01
      1532  2.6053971E-01  2.2793069E-01
      1533  2.6184567E-01  2.2749977E-01
      1534  2.6315818E-01  2.2700610E-01
      1535  2.6447726E-01  2.2644939E-01
      1536  2.6580296E-01  2.2582937E-01
      1537  2.6713530E-01  2.2514581E-01
      1538  2.6847432E-01  2.2439846E-01
      1539  2.6982006E-01  2.2358712E-01
      1540  2.7117254E-01  2.2271160E-01
      1541  2.7253179E-01  2.2177171E-01
      1542  2.7389786E-01  2.2076729E-01
      1543  2.7527078E-01  2.1969821E-01
      1544  2.7665058E-01  2.1856432E-01
      1545  2.7803730E-01  2.1736554E-01
      1546  2.7943097E-01  2.1610177E-01
      1547  2.8083162E-01  2.1477294E-01
      1548  2.8223930E-01  2.1337900E-01
      1549  2.8365403E-01  2.1191993E-01
      1550  2.8507585E-01  2.1039569E-01
      1551  2.8650480E-01  2.0880631E-01
      1552  2.8794091E-01  2.0715181E-01
      1553  2.8938422E-01  2.0543223E-01
      1554  2.9083476E-01  2.0364765E-01
      1555  2.9229258E-01  2.0179814E-01
      1556  2.9375770E-01  1.9988381E-01
      1557  2.9523017E-01  1.9790479E-01
      1558  2.9671001E-01  1.9586122E-01
      1559  2.9819728E-01  1.9375328E-01
      1560  2.9969200E-01  1.9158114E-01
      1561  3.0119421E-01  1.8934501E-01
      1562  3.0270395E-01  1.8704514E-01
      1563  3.0422126E-01  1.8468175E-01
      1564  3.0574618E-01  1.8225513E-01
      1565  3.0727874E-01  1.7976557E-01
      1566  3.0881898E-01  1.7721338E-01
      1567  3.1036694E-01  1.7459889E-01
      1568  3.1192266E-01  1.7192246E-01
      1569  3.1348618E-01  1.6918447E-01
      1570  3.1505754E-01  1.6638532E-01
      1571  3.1663677E-01  1.6352542E-01
      1572  3.1822392E-01  1.6060522E-01
      1573  3.1981902E-01  1.5762518E-01
      1574  3.2142212E-01  1.5458578E-01
      1575  3.2303326E-01  1.5148754E-01
      1576  3.2465247E-01  1.4833097E-01
      1577  3.2627979E-01  1.4511664E-01
      1578  3.2791528E-01  1.4184510E-01
      1579  3.2955896E-01  1.3851696E-01
      1580  3.3121088E-01  1.3513282E-01
      1581  3.3287108E-01  1.3169333E-01
      1582  3.3453961E-01  1.2819914E-01
      1583  3.3621649E-01  1.2465093E-01
      1584  3.3790179E-01  1.2104940E-01
      1585  3.3959553E-01  1.1739527E-01
      1586  3.4129776E-01  1.1368929E-01
      1587  3.4300852E-01  1.0993221E-01
      1588  3.4472785E-01  1.0612483E-01
      1589  3.4645581E-01  1.0226795E-01
      1590  3.4819243E-01  9.8362402E-02
      1591  3.4993775E-01  9.4409026E-02
      1592  3.5169182E-01  9.0408696E-02
      1593  3.5345468E-01  8.6362300E-02
      1594  3.5522638E-01  8.2270747E-02
      1595  3.5700696E-01  7.8134968E-02
      1596  3.5879647E-01  7.3955914E-02
      1597  3.6059494E-01  6.9734552E-02
      1598  3.6240243E-01  6.5471874E-02
      1599  3.6421898E-01  6.1168889E-02
      1600  3.6604463E-01  5.6826625E-02
      1601  3.6787944E-01  5.2446131E-02
      1602  3.6972344E-01  4.8028472E-02
      1603  3.7157669E-01  4.3574734E-02
      1604  3.7343923E-01  3.9086021E-02
      1605  3.7531110E-01  3.4563456E-02
      1606  3.7719235E-01  3.0008178E-02
      1607  3.7908304E-01  2.5421345E-02
      1608  3.8098320E-01  2.0804134E-02
      1609  3.8289289E-01  1.6157736E-02
      1610  3.8481214E-01  1.1483360E-02
      1611  3.8674102E-01  6.7822326E-03
      1612  3.8867957E-01  2.0555967E-03
      1613  3.9062784E-01 -2.6952899E-03
      1614  3.9258587E-01 -7.4691536E-03
      1615  3.9455371E-01 -1.2264705E-02
      1616  3.9653142E-01 -1.7080639E-02
      1617  3.9851904E-01 -2.1915639E-02
      1618  4.0051663E-01 -2.6768370E-02
      1619  4.0252422E-01 -3.1637485E-02
      1620  4.0454189E-01 -3.6521625E-02
      1621  4.0656966E-01 -4.1419415E-02
      1622  4.0860760E-01 -4.6329470E-02
      1623  4.1065575E-01 -5.1250391E-02
      1624  4.1271417E-01 -5.6180767E-02
      1625  4.1478291E-01 -6.1119177E-02
      1626  4.1686202E-01 -6.6064187E-02
      1627  4.1895155E-01 -7.1014353E-02
      1628  4.2105155E-01 -7.5968223E-02
      1629  4.2316208E-01 -8.0924331E-02
      1630  4.2528319E-01 -8.5881206E-02
      1631  4.2741493E-01 -9.0837366E-02
      1632  4.2955736E-01 -9.5791321E-02
      1633  4.3171052E-01 -1.0074157E-01
      1634  4.3387448E-01 -1.0568661E-01
      1635  4.3604929E-01 -1.1062494E-01
      1636  4.3823499E-01 -1.1555502E-01
      1637  4.4043165E-01 -1.2047534E-01
      1638  4.4263933E-01 -1.2538437E-01
      1639  4.4485807E-01 -1.3028056E-01
      1640  4.4708793E-01 -1.3516239E-01
      1641  4.4932896E-01 -1.4002831E-01
      1642  4.5158123E-01 -1.4487678E-01
      1643  4.5384480E-01 -1.4970624E-01
      1644  4.5611970E-01 -1.5451514E-01
      1645  4.5840601E-01 -1.5930193E-01
      1646  4.6070378E-01 -1.6406506E-01
      1647  4.6301307E-01 -1.6880297E-01
      1648  4.6533393E-01 -1.7351411E-01
      1649  4.6766643E-01 -1.7819692E-01
      1650  4.7001061E-01 -1.8284985E-01
      1651  4.7236655E-01 -1.8747135E-01
      1652  4.7473430E-01 -1.9205986E-01
      1653  4.7711392E-01 -1.9661384E-01
      1654  4.7950546E-01 -2.0113175E-01
      1655  4.8190899E-01 -2.0561204E-01
      1656  4.8432457E-01 -2.1005318E-01
      1657  4.8675226E-01 -2.1445364E-01
      1658  4.8919211E-01 -2.1881189E-01
      1659  4.9164420E-01 -2.2312642E-01
      1660  4.9410857E-01 -2.2739569E-01
      1661  4.9658530E-01 -2.3161822E-01
      1662  4.9907445E-01 -2.3579249E-01
      1663  5.0157607E-01 -2.3991702E-01
      1664  5.0409023E-01 -2.4399032E-01
      1665  5.0661699E-01 -2.4801091E-01
      1666  5.0915642E-01 -2.5197733E-01
      1667  5.1170858E-01 -2.5588812E-01
      1668  5.1427353E-01 -2.5974183E-01
      1669  5.1685133E-01 -2.6353703E-01
      1670  5.1944206E-01 -2.6727228E-01
      1671  5.2204578E-01 -2.7094617E-01
      1672  5.2466254E-01 -2.7455730E-01
      1673  5.2729242E-01 -2.7810427E-01
      1674  5.2993549E-01 -2.8158571E-01
      1675  5.3259180E-01 -2.8500024E-01
      1676  5.3526143E-01 -2.8834652E-01
      1677  5.3794444E-01 -2.9162319E-01
      1678  5.4064090E-01 -2.9482894E-01
      1679  5.4335087E-01 -2.9796246E-01
      1680  5.4607443E-01 -3.0102243E-01
      1681  5.4881164E-01 -3.0400759E-01
      1682  5.5156257E-01 -3.0691666E-01
      1683  5.5432728E-01 -3.0974840E-01
      1684  5.5710586E-01 -3.1250157E-01
      1685  5.5989837E-01 -3.1517496E-01
      1686  5.6270487E-01 -3.1776737E-01
      1687  5.6552544E-01 -3.2027762E-01
      1688  5.6836015E-01 -3.2270456E-01
      1689  5.7120906E-01 -3.2504704E-01
      1690  5.7407226E-01 -3.2730395E-01
      1691  5.7694981E-01 -3.2947420E-01
      1692  5.7984178E-01 -3.3155671E-01
      1693  5.8274825E-01 -3.3355043E-01
      1694  5.8566929E-01 -3.3545433E-01
      1695  5.8860497E-01 -3.3726741E-01
      1696  5.9155536E-01 -3.3898870E-01
      1697  5.9452055E-01 -3.4061725E-01
      1698  5.9750059E-01 -3.4215212E-01
      1699  6.0049558E-01 -3.4359243E-01
      1700  6.0350558E-01 -3.4493729E-01
      1701  6.0653066E-01 -3.4618586E-01
      1702  6.0957091E-01 -3.4733734E-01
      1703  6.1262639E-01 -3.4839093E-01
      1704  6.1569720E-01 -3.4934587E-01
      1705  6.1878339E-01 -3.5020144E-01
      1706  6.2188506E-01 -3.5095694E-01
      1707  6.2500227E-01 -3.5161170E-01
      1708  6.2813511E-01 -3.5216507E-01
      1709  6.3128365E-01 -3.5261646E-01
      1710  6.3444797E-01 -3.5296528E-01
      1711  6.3762815E-01 -3.5321099E-01
      1712  6.4082428E-01 -3.5335308E-01
      1713  6.4403642E-01 -3.5339105E-01
      1714  6.4726467E-01 -3.5332446E-01
      1715  6.5050909E-01 -3.5315289E-01
      1716  6.5376979E-01 -3.5287594E-01
      1717  6.5704682E-01 -3.5249327E-01
      1718  6.6034028E-01 -3.5200455E-01
      1719  6.6365025E-01 -3.5140948E-01
      1720  6.6697681E-01 -3.5070781E-01
      1721  6.7032005E-01 -3.4989931E-01
      1722  6.7368004E-01 -3.4898378E-01
      1723  6.7705687E-01 -3.4796108E-01
      1724  6.8045064E-01 -3.4683105E-01
      1725  6.8386141E-01 -3.4559362E-01
      1726  6.8728928E-01 -3.4424872E-01
      1727  6.9073433E-01 -3.4279631E-01
      1728  6.9419665E-01 -3.4123641E-01
      1729  6.9767633E-01 -3.3956904E-01
      1730  7.0117344E-01 -3.3779428E-01
      1731  7.0468809E-01 -3.3591223E-01
      1732  7.0822035E-01 -3.3392302E-01
      1733  7.1177032E-01 -3.3182682E-01
      1734  7.1533809E-01 -3.2962384E-01
      1735  7.1892373E-01 -3.2731429E-01
      1736  7.2252735E-01 -3.2489847E-01
      1737  7.2614904E-01 -3.2237665E-01
      1738  7.2978887E-01 -3.1974917E-01
      1739  7.3344696E-01 -3.1701640E-01
      1740  7.3712337E-01 -3.1417873E-01
      1741  7.4081822E-01 -3.1123658E-01
      1742  7.4453159E-01 -3.0819043E-01
      1743  7.4826357E-01 -3.0504076E-01
      1744  7.5201425E-01 -3.0178809E-01
      1745  7.5578374E-01 -2.9843298E-01
      1746  7.5957212E-01 -2.9497601E-01
      1747  7.6337949E-01 -2.9141781E-01
      1748  7.6720595E-01 -2.8775901E-01
      1749  7.7105159E-01 -2.8400030E-01
      1750  7.7491650E-01 -2.8014238E-01
      1751  7.7880078E-01 -2.7618599E-01
      1752  7.8270454E-01 -2.7213191E-01
      1753  7.8662786E-01 -2.6798091E-01
      1754  7.9057085E-01 -2.6373384E-01
      1755  7.9453360E-01 -2.5939154E-01
      1756  7.9851622E-01 -2.5495489E-01
      1757  8.0251880E-01 -2.5042481E-01
      1758  8.0654144E-01 -2.4580223E-01
      1759  8.1058425E-01 -2.4108812E-01
      1760  8.1464732E-01 -2.3628346E-01
      1761  8.1873075E-01 -2.3138928E-01
      1762  8.2283466E-01 -2.2640662E-01
      1763  8.2695913E-01 -2.2133655E-01
      1764  8.3110428E-01 -2.1618015E-01
      1765  8.3527021E-01 -2.1093855E-01
      1766  8.3945702E-01 -2.0561289E-01
      1767  8.4366482E-01 -2.0020433E-01
      1768  8.4789370E-01 -1.9471407E-01
      1769  8.5214379E-01 -1.8914331E-01
      1770  8.5641518E-01 -1.8349329E-01
      1771  8.6070798E-01 -1.7776526E-01
      1772  8.6502229E-01 -1.7196050E-01
      1773  8.6935824E-01 -1.6608031E-01
      1774  8.7371591E-01 -1.6012600E-01
      1775  8.7809543E-01 -1.5409890E-01
      1776  8.8249690E-01 -1.4800039E-01
      1777  8.8692044E-01 -1.4183182E-01
      1778  8.9136614E-01 -1.3559460E-01
      1779  8.9583414E-01 -1.2929012E-01
      1780  9.0032452E-01 -1.2291982E-01
      1781  9.0483742E-01 -1.1648515E-01
      1782  9.0937293E-01 -1.0998755E-01
      1783  9.1393119E-01 -1.0342851E-01
      1784  9.1851228E-01 -9.6809512E-02
      1785  9.2311635E-01 -9.0132060E-02
      1786  9.2774349E-01 -8.3397671E-02
      1787  9.3239382E-01 -7.6607874E-02
      1788  9.3706746E-01 -6.9764213E-02
      1789  9.4176453E-01 -6.2868242E-02
      1790  9.4648515E-01 -5.5921526E-02
      1791  9.5122942E-01 -4.8925642E-02
      1792  9.5599748E-01 -4.1882177E-02
      1793  9.6078944E-01 -3.4792728E-02
      1794  9.6560542E-01 -2.7658900E-02
      1795  9.7044553E-01 -2.0482308E-02
      1796  9.7530991E-01 -1.3264574E-02
      1797  9.8019867E-01 -6.0073282E-03
      1798  9.8511194E-01  1.2877928E-03
      1799  9.9004983E-01  8.6191460E-03
      1800  9.9501248E-01  1.5985082E-02
      1801  1.0000000E+00  2.3383946E-02
      1802  1.0050125E+00  3.0814080E-02
      1803  1.0100502E+00  3.8273821E-02
      1804  1.0151131E+00  4.5761502E-02
      1805  1.0202013E+00  5.3275451E-02
      1806  1.0253151E+00  6.0813999E-02
      1807  1.0304545E+00  6.8375469E-02
      1808  1.0356197E+00  7.5958186E-02
      1809  1.0408108E+00  8.3560473E-02
      1810  1.0460279E+00  9.1180652E-02
      1811  1.0512711E+00  9.8817048E-02
      1812  1.0565406E+00  1.0646798E-01
      1813  1.0618365E+00  1.1413178E-01
      1814  1.0671590E+00  1.2180676E-01
      1815  1.0725082E+00  1.2949127E-01
      1816  1.0778842E+00  1.3718362E-01
      1817  1.0832871E+00  1.4488216E-01
      1818  1.0887171E+00  1.5258521E-01
      1819  1.0941743E+00  1.6029113E-01
      1820  1.0996589E+00  1.6799826E-01
      1821  1.1051709E+00  1.7570494E-01
      1822  1.1107106E+00  1.8340954E-01
      1823  1.1162781E+00  1.9111042E-01
      1824  1.1218734E+00  1.9880595E-01
      1825  1.1274969E+00  2.0649451E-01
      1826  1.1331485E+00  2.1417448E-01
      1827  1.1388284E+00  2.2184424E-01
      1828  1.1445368E+00  2.2950221E-01
      1829  1.1502738E+00  2.3714678E-01
      1830  1.1560396E+00  2.4477638E-01
      1831  1.1618342E+00  2.5238944E-01
      1832  1.1676580E+00  2.5998438E-01
      1833  1.1735109E+00  2.6755967E-01
      1834  1.1793931E+00  2.7511375E-01
      1835  1.1853049E+00  2.8264509E-01
      1836  1.1912462E+00  2.9015219E-01
      1837  1.1972174E+00  2.9763352E-01
      1838  1.2032184E+00  3.0508759E-01
      1839  1.2092496E+00  3.1251293E-01
      1840  1.2153110E+00  3.1990807E-01
      1841  1.2214028E+00  3.2727154E-01
      1842  1.2275251E+00  3.3460190E-01
      1843  1.2336781E+00  3.4189774E-01
      1844  1.2398619E+00  3.4915762E-01
      1845  1.2460767E+00  3.5638017E-01
      1846  1.2523227E+00  3.6356398E-01
      1847  1.2586000E+00  3.7070770E-01
      1848  1.2649088E+00  3.7780997E-01
      1849  1.2712492E+00  3.8486946E-01
      1850  1.2776213E+00  3.9188484E-01
      1851  1.2840254E+00  3.9885481E-01
      1852  1.2904616E+00  4.0577808E-01
      1853  1.2969301E+00  4.1265339E-01
      1854  1.3034310E+00  4.1947948E-01
      1855  1.3099645E+00  4.2625512E-01
      1856  1.3165307E+00  4.3297909E-01
      1857  1.3231298E+00  4.3965019E-01
      1858  1.3297620E+00  4.4626724E-01
      1859  1.3364275E+00  4.5282909E-01
      1860  1.3431264E+00  4.5933457E-01
      1861  1.3498588E+00  4.6578259E-01
      1862  1.3566250E+00  4.7217202E-01
      1863  1.3634251E+00  4.7850178E-01
      1864  1.3702593E+00  4.8477081E-01
      1865  1.3771278E+00  4.9097805E-01
      1866  1.3840306E+00  4.9712250E-01
      1867  1.3909681E+00  5.0320313E-01
      1868  1.3979404E+00  5.0921896E-01
      1869  1.4049476E+00  5.1516903E-01
      1870  1.4119899E+00  5.2105239E-01
      1871  1.4190675E+00  5.2686811E-01
      1872  1.4261807E+00  5.3261530E-01
      1873  1.4333294E+00  5.3829307E-01
      1874  1.4405140E+00  5.4390055E-01
      1875  1.4477346E+00  5.4943691E-01
      1876  1.4549914E+00  5.5490133E-01
      1877  1.4622846E+00  5.6029300E-01
      1878  1.4696143E+00  5.6561115E-01
      1879  1.4769808E+00  5.7085502E-01
      1880  1.4843842E+00  5.7602388E-01
      1881  1.4918247E+00  5.8111701E-01
      1882  1.4993025E+00  5.8613373E-01
      1883  1.5068178E+00  5.9107335E-01
      1884  1.5143707E+00  5.9593523E-01
      1885  1.5219616E+00  6.0071875E-01
      1886  1.5295904E+00  6.0542329E-01
      1887  1.5372575E+00  6.1004827E-01
      1888  1.5449631E+00  6.1459313E-01
      1889  1.5527072E+00  6.1905732E-01
      1890  1.5604902E+00  6.2344032E-01
      1891  1.5683122E+00  6.2774164E-01
      1892  1.5761734E+00  6.3196079E-01
      1893  1.5840740E+00  6.3609732E-01
      1894  1.5920142E+00  6.4015079E-01
      1895  1.5999942E+00  6.4412078E-01
      1896  1.6080142E+00  6.4800691E-01
      1897  1.6160744E+00  6.5180880E-01
      1898  1.6241750E+00  6.5552609E-01
      1899  1.6323162E+00  6.5915846E-01
      1900  1.6404982E+00  6.6270559E-01
      1901  1.6487213E+00  6.6616719E-01
      1902  1.6569855E+00  6.6954300E-01
      1903  1.6652912E+00  6.7283277E-01
      1904  1.6736385E+00  6.7603626E-01
      1905  1.6820276E+00  6.7915326E-01
      1906  1.6904588E+00  6.8218359E-01
      1907  1.6989323E+00  6.8512708E-01
      1908  1.7074482E+00  6.8798358E-01
      1909  1.7160069E+00  6.9075295E-01
      1910  1.7246084E+00  6.9343509E-01
      1911  1.7332530E+00  6.9602990E-01
      1912  1.7419410E+00  6.9853732E-01
      1913  1.7506725E+00  7.0095728E-01
      1914  1.7594478E+00  7.0328975E-01
      1915  1.7682671E+00  7.0553472E-01
      1916  1.7771305E+00  7.0769219E-01
      1917  1.7860384E+00  7.0976217E-01
      1918  1.7949910E+00  7.1174472E-01
      1919  1.8039884E+00  7.1363987E-01
      1920  1.8130309E+00  7.1544771E-01
      1921  1.8221188E+00  7.1716833E-01
      1922  1.8312522E+00  7.1880183E-01
      1923  1.8404314E+00  7.2034835E-01
      1924  1.8496566E+00  7.2180803E-01
      1925  1.8589280E+00  7.2318102E-01
      1926  1.8682460E+00  7.2446751E-01
      1927  1.8776106E+00  7.2566768E-01
      1928  1.8870221E+00  7.2678175E-01
      1929  1.8964809E+00  7.2780995E-01
      1930  1.9059870E+00  7.2875251E-01
      1931  1.9155408E+00  7.2960970E-01
      1932  1.9251425E+00  7.3038178E-01
      1933  1.9347923E+00  7.3106906E-01
      1934  1.9444905E+00  7.3167183E-01
      1935  1.9542373E+00  7.3219042E-01
      1936  1.9640330E+00  7.3262515E-01
      1937  1.9738777E+00  7.3297639E-01
      1938  1.9837718E+00  7.3324450E-01
      1939  1.9937155E+00  7.3342986E-01
      1940  2.0037091E+00  7.3353286E-01
      1941  2.0137527E+00  7.3355391E-01
      1942  2.0238467E+00  7.3349345E-01
      1943  2.0339913E+00  7.3335189E-01
      1944  2.0441867E+00  7.3312971E-01
      1945  2.0544332E+00  7.3282736E-01
      1946  2.0647311E+00  7.3244532E-01
      1947  2.0750806E+00  7.3198409E-01
      1948  2.0854820E+00  7.3144417E-01
      1949  2.0959355E+00  7.3082608E-01
      1950  2.1064414E+00  7.3013036E-01
      1951  2.1170000E+00  7.2935755E-01
      1952  2.1276115E+00  7.2850821E-01
      1953  2.1382762E+00  7.2758291E-01
      1954  2.1489944E+00  7.2658223E-01
      1955  2.1597663E+00  7.2550678E-01
      1956  2.1705921E+00  7.2435715E-01
      1957  2.1814723E+00  7.2313397E-01
      1958  2.1924069E+00  7.2183786E-01
      1959  2.2033964E+00  7.2046948E-01
      1960  2.2144410E+00  7.1902948E-01
      1961  2.2255409E+00  7.1751852E-01
      1962  2.2366965E+00  7.1593728E-01
      1963  2.2479080E+00  7.1428644E-01
      1964  2.2591757E+00  7.1256671E-01
      1965  2.2704998E+00  7.1077880E-01
      1966  2.2818808E+00  7.0892342E-01
      1967  2.2933187E+00  7.0700130E-01
      1968  2.3048140E+00  7.0501318E-01
      1969  2.3163670E+00  7.0295981E-01
      1970  2.3279778E+00  7.0084195E-01
      1971  2.3396469E+00  6.9866037E-01
      1972  2.3513744E+00  6.9641584E-01
      1973  2.3631607E+00  6.9410915E-01
      1974  2.3750061E+00  6.9174109E-01
      1975  2.3869109E+00  6.8931246E-01
      1976  2.3988753E+00  6.8682408E-01
      1977  2.4108997E+00  6.8427676E-01
      1978  2.4229844E+00  6.8167133E-01
      1979  2.4351297E+00  6.7900863E-01
      1980  2.4473358E+00  6.7628948E-01
      1981  2.4596031E+00  6.7351475E-01
      1982  2.4719319E+00  6.7068528E-01
      1983  2.4843225E+00  6.6780195E-01
      1984  2.4967753E+00  6.6486560E-01
      1985  2.5092904E+00  6.6187712E-01
      1986  2.5218683E+00  6.5883739E-01
      1987  2.5345092E+00  6.5574729E-01
      1988  2.5472135E+00  6.5260771E-01
      1989  2.5599814E+00  6.4941955E-01
      1990  2.5728134E+00  6.4618371E-01
      1991  2.5857097E+00  6.4290108E-01
      1992  2.5986706E+00  6.3957259E-01
      1993  2.6116965E+00  6.3619914E-01
      1994  2.6247877E+00  6.3278165E-01
      1995  2.6379445E+00  6.2932104E-01
      1996  2.6511672E+00  6.2581823E-01
      1997  2.6644562E+00  6.2227415E-01
      1998  2.6778119E+00  6.1868974E-01
      1999  2.6912345E+00  6.1506591E-01
      2000  2.7047243E+00  6.1140361E-01
      2001  2.7182818E+00  6.0770378E-01
      2002  2.7319073E+00  6.0396734E-01
      2003  2.7456010E+00  6.0019525E-01
      2004  2.7593634E+00  5.9638844E-01
      2005  2.7731948E+00  5.9254785E-01
      2006  2.7870955E+00  5.8867442E-01
      2007  2.8010658E+00  5.8476911E-01
      2008  2.8151062E+00  5.8083285E-01
      2009  2.8292170E+00  5.7686659E-01
      2010  2.8433985E+00  5.7287128E-01
      2011  2.8576511E+00  5.6884784E-01
      2012  2.8719752E+00  5.6479724E-01
      2013  2.8863710E+00  5.6072040E-01
      2014  2.9008390E+00  5.5661828E-01
      2015  2.9153795E+00  5.5249180E-01
      2016  2.9299929E+00  5.4834191E-01
      2017  2.9446796E+00  5.4416955E-01
      2018  2.9594398E+00  5.3997564E-01
      2019  2.9742741E+00  5.3576112E-01
      2020  2.9891827E+00  5.3152692E-01
      2021  3.0041660E+00  5.2727396E-01
      2022  3.0192245E+00  5.2300316E-01
      2023  3.0343584E+00  5.1871546E-01
      2024  3.0495682E+00  5.1441175E-01
      2025  3.0648542E+00  5.1009297E-01
      2026  3.0802168E+00  5.0576001E-01
      2027  3.0956565E+00  5.0141378E-01
      2028  3.1111735E+00  4.9705518E-01
      2029  3.1267684E+00  4.9268511E-01
      2030  3.1424414E+00  4.8830445E-01
      2031  3.1581929E+00  4.8391411E-01
      2032  3.1740234E+00  4.7951495E-01
      2033  3.1899333E+00  4.7510786E-01
      2034  3.2059229E+00  4.7069370E-01
      2035  3.2219926E+00  4.6627334E-01
      2036  3.2381429E+00  4.6184764E-01
      2037  3.2543742E+00  4.5741746E-01
      2038  3.2706868E+00  4.5298364E-01
      2039  3.2870812E+00  4.4854701E-01
      2040  3.3035578E+00  4.4410843E-01
      2041  3.3201169E+00  4.3966871E-01
      2042  3.3367591E+00  4.3522867E-01
      2043  3.3534847E+00  4.3078913E-01
      2044  3.3702941E+00  4.2635090E-01
      2045  3.3871877E+00  4.2191476E-01
      2046  3.4041661E+00  4.1748153E-01
      2047  3.4212295E+00  4.1305197E-01
      2048  3.4383785E+00  4.0862687E-01
      2049  3.4556135E+00  4.0420698E-01
      2050  3.4729348E+00  3.9979309E-01
      2051  3.4903430E+00  3.9538592E-01
      2052  3.5078384E+00  3.9098623E-01
      2053  3.5254215E+00  3.8659475E-01
      2054  3.5430927E+00  3.8221221E-01
      2055  3.5608526E+00  3.7783933E-01
      2056  3.5787014E+00  3.7347681E-01
      2057  3.5966397E+00  3.6912534E-01
      2058  3.6146680E+00  3.6478563E-01
      2059  3.6327866E+00  3.6045836E-01
      2060  3.6509960E+00  3.5614418E-01
      2061  3.6692967E+00  3.5184377E-01
      2062  3.6876891E+00  3.4755778E-01
      2063  3.7061737E+00  3.4328684E-01
      2064  3.7247510E+00  3.3903160E-01
      2065  3.7434214E+00  3.3479267E-01
      2066  3.7621854E+00  3.3057067E-01
      2067  3.7810434E+00  3.2636620E-01
      2068  3.7999959E+00  3.2217985E-01
      2069  3.8190435E+00  3.1801220E-01
      2070  3.8381865E+00  3.1386383E-01
      2071  3.8574255E+00  3.0973529E-01
      2072  3.8767610E+00  3.0562714E-01
      2073  3.8961933E+00  3.0153992E-01
      2074  3.9157231E+00  2.9747415E-01
      2075  3.9353507E+00  2.9343036E-01
      2076  3.9550767E+00  2.8940904E-01
      2077  3.9749016E+00  2.8541071E-01
      2078  3.9948259E+00  2.8143584E-01
      2079  4.0148501E+00  2.7748490E-01
      2080  4.0349746E+00  2.7355837E-01
      2081  4.0552000E+00  2.6965670E-01
      2082  4.0755267E+00  2.6578032E-01
      2083  4.0959554E+00  2.6192966E-01
      2084  4.1164865E+00  2.5810515E-01
      2085  4.1371204E+00  2.5430719E-01
      2086  4.1578578E+00  2.5053618E-01
      2087  4.1786992E+00  2.4679250E-01
      2088  4.1996450E+00  2.4307652E-01
      2089  4.2206958E+00  2.3938861E-01
      2090  4.2418521E+00  2.3572911E-01
      2091  4.2631145E+00  2.3209837E-01
      2092  4.2844835E+00  2.2849671E-01
      2093  4.3059595E+00  2.2492444E-01
      2094  4.3275432E+00  2.2138187E-01
      2095  4.3492351E+00  2.1786930E-01
      2096  4.3710358E+00  2.1438699E-01
      2097  4.3929457E+00  2.1093522E-01
      2098  4.4149654E+00  2.0751424E-01
      2099  4.4370955E+00  2.0412431E-01
      2100  4.4593366E+00  2.0076565E-01
      2101  4.4816891E+00  1.9743848E-01
      2102  4.5041536E+00  1.9414302E-01
      2103  4.5267308E+00  1.9087947E-01
      2104  4.5494211E+00  1.8764800E-01
      2105  4.5722252E+00  1.8444880E-01
      2106  4.5951436E+00  1.8128202E-01
      2107  4.6181768E+00  1.7814783E-01
      2108  4.6413255E+00  1.7504636E-01
      2109  4.6645903E+00  1.7197774E-01
      2110  4.6879716E+00  1.6894209E-01
      2111  4.7114702E+00  1.6593952E-01
      2112  4.7350865E+00  1.6297012E-01
      2113  4.7588212E+00  1.6003397E-01
      2114  4.7826749E+00  1.5713115E-01
      2115  4.8066482E+00  1.5426172E-01
      2116  4.8307416E+00  1.5142574E-01
      2117  4.8549558E+00  1.4862324E-01
      2118  4.8792914E+00  1.4585425E-01
      2119  4.9037489E+00  1.4311879E-01
      2120  4.9283291E+00  1.4041687E-01
      2121  4.9530324E+00  1.3774849E-01
      2122  4.9778596E+00  1.3511364E-01
      2123  5.0028112E+00  1.3251230E-01
      2124  5.0278879E+00  1.2994443E-01
      2125  5.0530903E+00  1.2740999E-01
      2126  5.0784190E+00  1.2490893E-01
      2127  5.1038747E+00  1.2244119E-01
      2128  5.1294580E+00  1.2000670E-01
      2129  5.1551695E+00  1.1760538E-01
      2130  5.1810099E+00  1.1523714E-01
      2131  5.2069798E+00  1.1290189E-01
      2132  5.2330799E+00  1.1059951E-01
      2133  5.2593108E+00  1.0832989E-01
      2134  5.2856732E+00  1.0609292E-01
      2135  5.3121678E+00  1.0388845E-01
      2136  5.3387951E+00  1.0171635E-01
      2137  5.3655560E+00  9.9576466E-02
      2138  5.3924509E+00  9.7468653E-02
      2139  5.4194807E+00  9.5392743E-02
      2140  5.4466460E+00  9.3348567E-02
      2141  5.4739474E+00  9.1335949E-02
      2142  5.5013857E+00  8.9354705E-02
      2143  5.5289615E+00  8.7404645E-02
      2144  5.5566755E+00  8.5485571E-02
      2145  5.5845285E+00  8.3597282E-02
      2146  5.6125210E+00  8.1739568E-02
      2147  5.6406539E+00  7.9912215E-02
      2148  5.6689278E+00  7.8115001E-02
      2149  5.6973434E+00  7.6347702E-02
      2150  5.7259015E+00  7.4610085E-02
      2151  5.7546027E+00  7.2901915E-02
      2152  5.7834477E+00  7.1222951E-02
      2153  5.8124374E+00  6.9572947E-02
      2154  5.8415724E+00  6.7951652E-02
      2155  5.8708534E+00  6.6358814E-02
      2156  5.9002811E+00  6.4794172E-02
      2157  5.9298564E+00  6.3257466E-02
      2158  5.9595799E+00  6.1748428E-02
      2159  5.9894525E+00  6.0266791E-02
      2160  6.0194747E+00  5.8812281E-02
      2161  6.0496475E+00  5.7384623E-02
      2162  6.0799714E+00  5.5983539E-02
      2163  6.1104474E+00  5.4608746E-02
      2164  6.1410762E+00  5.3259963E-02
      2165  6.1718584E+00  5.1936902E-02
      2166  6.2027950E+00  5.0639275E-02
      2167  6.2338867E+00  4.9366793E-02
      2168  6.2651341E+00  4.8119164E-02
      2169  6.2965383E+00  4.6896094E-02
      2170  6.3280998E+00  4.5697288E-02
      2171  6.3598195E+00  4.4522450E-02
      2172  6.3916983E+00  4.3371282E-02
      2173  6.4237368E+00  4.2243487E-02
      2174  6.4559359E+00  4.1138764E-02
      2175  6.4882964E+00  4.0056814E-02
      2176  6.5208191E+00  3.8997337E-02
      2177  6.5535049E+00  3.7960032E-02
      2178  6.5863544E+00  3.6944597E-02
      2179  6.6193687E+00  3.5950732E-02
      2180  6.6525484E+00  3.4978135E-02
      2181  6.6858944E+00  3.4026505E-02
      2182  6.7194076E+00  3.3095542E-02
      2183  6.7530888E+00  3.2184946E-02
      2184  6.7869388E+00  3.1294416E-02
      2185  6.8209585E+00  3.0423653E-02
      2186  6.8551487E+00  2.9572359E-02
      2187  6.8895102E+00  2.8740236E-02
      2188  6.9240441E+00  2.7926988E-02
      2189  6.9587510E+00  2.7132319E-02
      2190  6.9936319E+00  2.6355935E-02
      2191  7.0286876E+00  2.5597542E-02
      2192  7.0639190E+00  2.4856849E-02
      2193  7.0993271E+00  2.4133565E-02
      2194  7.1349126E+00  2.3427402E-02
      2195  7.1706765E+00  2.2738071E-02
      2196  7.2066197E+00  2.2065289E-02
      2197  7.2427430E+00  2.1408770E-02
      2198  7.2790474E+00  2.0768233E-02
      2199  7.3155338E+00  2.0143397E-02
      2200  7.3522030E+00  1.9533986E-02
      2201  7.3890561E+00  1.8939721E-02
      2202  7.4260939E+00  1.8360331E-02
      2203  7.4633173E+00  1.7795541E-02
      2204  7.5007274E+00  1.7245084E-02
      2205  7.5383249E+00  1.6708692E-02
      2206  7.5761109E+00  1.6186100E-02
      2207  7.6140864E+00  1.5677044E-02
      2208  7.6522521E+00  1.5181265E-02
      2209  7.6906092E+00  1.4698506E-02
      2210  7.7291585E+00  1.4228510E-02
      2211  7.7679011E+00  1.3771025E-02
      2212  7.8068379E+00  1.3325801E-02
      2213  7.8459698E+00  1.2892591E-02
      2214  7.8852979E+00  1.2471149E-02
      2215  7.9248231E+00  1.2061233E-02
      2216  7.9645465E+00  1.1662605E-02
      2217  8.0044689E+00  1.1275026E-02
      2218  8.0445915E+00  1.0898265E-02
      2219  8.0849152E+00  1.0532088E-02
      2220  8.1254410E+00  1.0176268E-02
      2221  8.1661699E+00  9.8305798E-03
      2222  8.2071030E+00  9.4948004E-03
      2223  8.2482413E+00  9.1687101E-03
      2224  8.2895858E+00  8.8520922E-03
      2225  8.3311375E+00  8.5447328E-03
      2226  8.3728975E+00  8.2464209E-03
      2227  8.4148668E+00  7.9569483E-03
      2228  8.4570465E+00  7.6761101E-03
      2229  8.4994376E+00  7.4037042E-03
      2230  8.5420412E+00  7.1395313E-03
      2231  8.5848584E+00  6.8833952E-03
      2232  8.6278902E+00  6.6351028E-03
      2233  8.6711377E+00  6.3944639E-03
      2234  8.7146019E+00  6.1612910E-03
      2235  8.7582840E+00  5.9353998E-03
      2236  8.8021851E+00  5.7166092E-03
      2237  8.8463063E+00  5.5047409E-03
      2238  8.8906486E+00  5.2996192E-03
      2239  8.9352131E+00  5.1010719E-03
      2240  8.9800011E+00  4.9089296E-03
      2241  9.0250135E+00  4.7230257E-03
      2242  9.0702516E+00  4.5431967E-03
      2243  9.1157164E+00  4.3692819E-03
      2244  9.1614091E+00  4.2011237E-03
      2245  9.2073309E+00  4.0385673E-03
      2246  9.2534828E+00  3.8814607E-03
      2247  9.2998661E+00  3.7296549E-03
      2248  9.3464819E+00  3.5830038E-03
      2249  9.3933313E+00  3.4413641E-03
      2250  9.4404156E+00  3.3045953E-03
      2251  9.4877358E+00  3.1725598E-03
      2252  9.5352933E+00  3.0451226E-03
      2253  9.5830892E+00  2.9221517E-03
      2254  9.6311246E+00  2.8035177E-03
      2255  9.6794008E+00  2.6890940E-03
      2256  9.7279190E+00  2.5787566E-03
      2257  9.7766804E+00  2.4723845E-03
      2258  9.8256862E+00  2.3698588E-03
      2259  9.8749377E+00  2.2710637E-03
      2260  9.9244360E+00  2.1758858E-03
      2261  9.9741825E+00  2.0842144E-03
      2262  1.0024178E+01  1.9959412E-03
      2263  1.0074425E+01  1.9109604E-03
      2264  1.0124923E+01  1.8291689E-03
      2265  1.0175674E+01  1.7504659E-03
      2266  1.0226680E+01  1.6747529E-03
      2267  1.0277942E+01  1.6019341E-03
      2268  1.0329460E+01  1.5319158E-03
      2269  1.0381237E+01  1.4646069E-03
      2270  1.0433273E+01  1.3999183E-03
      2271  1.0485570E+01  1.3377633E-03
      2272  1.0538129E+01  1.2780576E-03
      2273  1.0590951E+01  1.2207188E-03
      2274  1.0644039E+01  1.1656668E-03
      2275  1.0697392E+01  1.1128237E-03
      2276  1.0751013E+01  1.0621135E-03
      2277  1.0804903E+01  1.0134627E-03
      2278  1.0859063E+01  9.6679922E-04
      2279  1.0913494E+01  9.2205336E-04
      2280  1.0968198E+01  8.7915732E-04
      2281  1.1023176E+01  8.3804521E-04
      2282  1.1078430E+01  7.9865298E-04
      2283  1.1133961E+01  7.6091841E-04
      2284  1.1189770E+01  7.2478120E-04
      2285  1.1245859E+01  6.9018278E-04
      2286  1.1302229E+01  6.5706629E-04
      2287  1.1358882E+01  6.2537656E-04
      2288  1.1415819E+01  5.9506019E-04
      2289  1.1473041E+01  5.6606538E-04
      2290  1.1530550E+01  5.3834189E-04
      2291  1.1588347E+01  5.1184103E-04
      2292  1.1646434E+01  4.8651574E-04
      2293  1.1704812E+01  4.6232042E-04
      2294  1.1763482E+01  4.3921090E-04
      2295  1.1822447E+01  4.1714444E-04
      2296  1.1881707E+01  3.9607973E-04
      2297  1.1941264E+01  3.7597685E-04
      2298  1.2001120E+01  3.5679714E-04
      2299  1.2061276E+01  3.3850326E-04
      2300  1.2121734E+01  3.2105916E-04
      2301  1.2182494E+01  3.0443003E-04
      2302  1.2243559E+01  2.8858223E-04
      2303  1.2304930E+01  2.7348327E-04
      2304  1.2366609E+01  2.5910185E-04
      2305  1.2428597E+01  2.4540779E-04
      2306  1.2490895E+01  2.3237193E-04
      2307  1.2553506E+01  2.1996616E-04
      2308  1.2616431E+01  2.0816346E-04
      2309  1.2679671E+01  1.9693774E-04
      2310  1.2743228E+01  1.8626391E-04
      2311  1.2807104E+01  1.7611775E-04
      2312  1.2871300E+01  1.6647602E-04
      2313  1.2935817E+01  1.5731635E-04
      2314  1.3000658E+01  1.4861719E-04
      2315  1.3065824E+01  1.4035782E-04
      2316  1.3131317E+01  1.3251835E-04
      2317  1.3197138E+01  1.2507968E-04
      2318  1.3263289E+01  1.1802341E-04
      2319  1.3329772E+01  1.1133190E-04
      2320  1.3396587E+01  1.0498822E-04
      2321  1.3463738E+01  9.8976124E-05
      2322  1.3531225E+01  9.3280022E-05
      2323  1.3599051E+01  8.7884946E-05
      2324  1.3667216E+01  8.2776570E-05
      2325  1.3735724E+01  7.7941163E-05
      2326  1.3804574E+01  7.3365557E-05
      2327  1.3873770E+01  6.9037135E-05
      2328  1.3943312E+01  6.4943833E-05
      2329  1.4013204E+01  6.1074106E-05
      2330  1.4083445E+01  5.7416896E-05
      2331  1.4154039E+01  5.3961621E-05
      2332  1.4224986E+01  5.0698179E-05
      2333  1.4296289E+01  4.7616914E-05
      2334  1.4367950E+01  4.4708590E-05
      2335  1.4439969E+01  4.1964380E-05
      2336  1.4512350E+01  3.9375870E-05
      2337  1.4585093E+01  3.6935028E-05
      2338  1.4658201E+01  3.4634181E-05
      2339  1.4731676E+01  3.2466009E-05
      2340  1.4805519E+01  3.0423540E-05
      2341  1.4879732E+01  2.8500130E-05
      2342  1.4954317E+01  2.6689442E-05
