         1  1.2340980E-04 -3.2071825E-04
         2  1.2402840E-04 -3.2232586E-04
         3  1.2465009E-04 -3.2394153E-04
         4  1.2527490E-04 -3.2556529E-04
         5  1.2590285E-04 -3.2719719E-04
         6  1.2653394E-04 -3.2883728E-04
         7  1.2716819E-04 -3.3048558E-04
         8  1.2780563E-04 -3.3214214E-04
         9  1.2844625E-04 -3.3380701E-04
        10  1.2909009E-04 -3.3548023E-04
        11  1.2973716E-04 -3.3716183E-04
        12  1.3038747E-04 -3.3885186E-04
        13  1.3104104E-04 -3.4055036E-04
        14  1.3169789E-04 -3.4225738E-04
        15  1.3235802E-04 -3.4397295E-04
        16  1.3302147E-04 -3.4569712E-04
        17  1.3368824E-04 -3.4742994E-04
        18  1.3435836E-04 -3.4917144E-04
        19  1.3503183E-04 -3.5092166E-04
        20  1.3570868E-04 -3.5268067E-04
        21  1.3638893E-04 -3.5444849E-04
        22  1.3707258E-04 -3.5622517E-04
        23  1.3775966E-04 -3.5801075E-04
        24  1.3845018E-04 -3.5980529E-04
        25  1.3914417E-04 -3.6160882E-04
        26  1.3984163E-04 -3.6342139E-04
        27  1.4054259E-04 -3.6524305E-04
        28  1.4124706E-04 -3.6707384E-04
        29  1.4195506E-04 -3.6891380E-04
        30  1.4266662E-04 -3.7076299E-04
        31  1.4338174E-04 -3.7262145E-04
        32  1.4410044E-04 -3.7448922E-04
        33  1.4482275E-04 -3.7636636E-04
        34  1.4554867E-04 -3.7825290E-04
        35  1.4627824E-04 -3.8014890E-04
        36  1.4701146E-04 -3.8205440E-04
        37  1.4774836E-04 -3.8396946E-04
        38  1.4848895E-04 -3.8589411E-04
        39  1.4923326E-04 -3.8782842E-04
        40  1.4998129E-04 -3.8977242E-04
        41  1.5073308E-04 -3.9172616E-04
        42  1.5148863E-04 -3.9368969E-04
        43  1.5224797E-04 -3.9566307E-04
        44  1.5301111E-04 -3.9764634E-04
        45  1.5377809E-04 -3.9963955E-04
        46  1.5454890E-04 -4.0164275E-04
        47  1.5532358E-04 -4.0365599E-04
        48  1.5610214E-04 -4.0567933E-04
        49  1.5688461E-04 -4.0771280E-04
        50  1.5767100E-04 -4.0975647E-04
        51  1.5846133E-04 -4.1181039E-04
        52  1.5925562E-04 -4.1387459E-04
        53  1.6005389E-04 -4.1594915E-04
        54  1.6085616E-04 -4.1803410E-04
        55  1.6166246E-04 -4.2012951E-04
        56  1.6247279E-04 -4.2223542E-04
        57  1.6328719E-04 -4.2435188E-04
        58  1.6410567E-04 -4.2647895E-04
        59  1.6492825E-04 -4.2861669E-04
        60  1.6575496E-04 -4.3076514E-04
        61  1.6658581E-04 -4.3292435E-04
        62  1.6742083E-04 -4.3509440E-04
        63  1.6826003E-04 -4.3727532E-04
        64  1.6910343E-04 -4.3946717E-04
        65  1.6995107E-04 -4.4167001E-04
        66  1.7080295E-04 -4.4388389E-04
        67  1.7165910E-04 -4.4610886E-04
        68  1.7251955E-04 -4.4834499E-04
        69  1.7338431E-04 -4.5059233E-04
        70  1.7425340E-04 -4.5285094E-04
        71  1.7512685E-04 -4.5512086E-04
        72  1.7600468E-04 -4.5740216E-04
        73  1.7688690E-04 -4.5969490E-04
        74  1.7777355E-04 -4.6199913E-04
        75  1.7866465E-04 -4.6431491E-04
        76  1.7956021E-04 -4.6664230E-04
        77  1.8046025E-04 -4.6898135E-04
        78  1.8136482E-04 -4.7133213E-04
        79  1.8227391E-04 -4.7369469E-04
        80  1.8318756E-04 -4.7606910E-04
        81  1.8410579E-04 -4.7845540E-04
        82  1.8502863E-04 -4.8085367E-04
        83  1.8595609E-04 -4.8326396E-04
        84  1.8688820E-04 -4.8568633E-04
        85  1.8782498E-04 -4.8812084E-04
        86  1.8876645E-04 -4.9056756E-04
        87  1.8971265E-04 -4.9302654E-04
        88  1.9066359E-04 -4.9549784E-04
        89  1.9161929E-04 -4.9798154E-04
        90  1.9257979E-04 -5.0047768E-04
        91  1.9354510E-04 -5.0298634E-04
        92  1.9451525E-04 -5.0550756E-04
        93  1.9549026E-04 -5.0804143E-04
        94  1.9647016E-04 -5.1058800E-04
        95  1.9745497E-04 -5.1314733E-04
        96  1.9844472E-04 -5.1571949E-04
        97  1.9943943E-04 -5.1830455E-04
        98  2.0043912E-04 -5.2090256E-04
        99  2.0144382E-04 -5.2351360E-04
       100  2.0245357E-04 -5.2613772E-04
       101  2.0346837E-04 -5.2877499E-04
       102  2.0448826E-04 -5.3142549E-04
       103  2.0551326E-04 -5.3408927E-04
       104  2.0654340E-04 -5.3676640E-04
       105  2.0757870E-04 -5.3945696E-04
       106  2.0861920E-04 -5.4216100E-04
       107  2.0966490E-04 -5.4487859E-04
       108  2.1071585E-04 -5.4760980E-04
       109  2.1177207E-04 -5.5035471E-04
       110  2.1283358E-04 -5.5311337E-04
       111  2.1390042E-04 -5.5588587E-04
       112  2.1497260E-04 -5.5867225E-04
       113  2.1605015E-04 -5.6147261E-04
       114  2.1713311E-04 -5.6428700E-04
       115  2.1822149E-04 -5.6711550E-04
       116  2.1931533E-04 -5.6995818E-04
       117  2.2041465E-04 -5.7281511E-04
       118  2.2151949E-04 -5.7568636E-04
       119  2.2262986E-04 -5.7857200E-04
       120  2.2374579E-04 -5.8147210E-04
       121  2.2486732E-04 -5.8438674E-04
       122  2.2599448E-04 -5.8731599E-04
       123  2.2712728E-04 -5.9025992E-04
       124  2.2826576E-04 -5.9321861E-04
       125  2.2940995E-04 -5.9619213E-04
       126  2.3055987E-04 -5.9918056E-04
       127  2.3171555E-04 -6.0218396E-04
       128  2.3287703E-04 -6.0520242E-04
       129  2.3404433E-04 -6.0823601E-04
       130  2.3521749E-04 -6.1128481E-04
       131  2.3639652E-04 -6.1434889E-04
       132  2.3758146E-04 -6.1742832E-04
       133  2.3877234E-04 -6.2052319E-04
       134  2.3996919E-04 -6.2363358E-04
       135  2.4117204E-04 -6.2675956E-04
       136  2.4238092E-04 -6.2990120E-04
       137  2.4359586E-04 -6.3305859E-04
       138  2.4481689E-04 -6.3623181E-04
       139  2.4604404E-04 -6.3942094E-04
       140  2.4727734E-04 -6.4262605E-04
       141  2.4851683E-04 -6.4584722E-04
       142  2.4976252E-04 -6.4908455E-04
       143  2.5101446E-04 -6.5233810E-04
       144  2.5227268E-04 -6.5560795E-04
       145  2.5353720E-04 -6.5889420E-04
       146  2.5480806E-04 -6.6219692E-04
       147  2.5608529E-04 -6.6551620E-04
       148  2.5736892E-04 -6.6885211E-04
       149  2.5865899E-04 -6.7220475E-04
       150  2.5995552E-04 -6.7557419E-04
       151  2.6125856E-04 -6.7896051E-04
       152  2.6256812E-04 -6.8236382E-04
       153  2.6388425E-04 -6.8578418E-04
       154  2.6520697E-04 -6.8922169E-04
       155  2.6653633E-04 -6.9267643E-04
       156  2.6787235E-04 -6.9614848E-04
       157  2.6921506E-04 -6.9963794E-04
       158  2.7056451E-04 -7.0314489E-04
       159  2.7192072E-04 -7.0666942E-04
       160  2.7328373E-04 -7.1021161E-04
       161  2.7465357E-04 -7.1377156E-04
       162  2.7603028E-04 -7.1734935E-04
       163  2.7741388E-04 -7.2094508E-04
       164  2.7880443E-04 -7.2455883E-04
       165  2.8020194E-04 -7.2819070E-04
       166  2.8160646E-04 -7.3184077E-04
       167  2.8301802E-04 -7.3550914E-04
       168  2.8443665E-04 -7.3919589E-04
       169  2.8586239E-04 -7.4290113E-04
       170  2.8729529E-04 -7.4662493E-04
       171  2.8873536E-04 -7.5036740E-04
       172  2.9018265E-04 -7.5412864E-04
       173  2.9163720E-04 -7.5790872E-04
       174  2.9309904E-04 -7.6170775E-04
       175  2.9456820E-04 -7.6552583E-04
       176  2.9604473E-04 -7.6936304E-04
       177  2.9752866E-04 -7.7321949E-04
       178  2.9902003E-04 -7.7709527E-04
       179  3.0051887E-04 -7.8099047E-04
       180  3.0202523E-04 -7.8490520E-04
       181  3.0353914E-04 -7.8883956E-04
       182  3.0506063E-04 -7.9279363E-04
       183  3.0658976E-04 -7.9676753E-04
       184  3.0812654E-04 -8.0076134E-04
       185  3.0967104E-04 -8.0477517E-04
       186  3.1122327E-04 -8.0880912E-04
       187  3.1278328E-04 -8.1286329E-04
       188  3.1435111E-04 -8.1693779E-04
       189  3.1592681E-04 -8.2103270E-04
       190  3.1751040E-04 -8.2514815E-04
       191  3.1910192E-04 -8.2928422E-04
       192  3.2070143E-04 -8.3344102E-04
       193  3.2230895E-04 -8.3761866E-04
       194  3.2392453E-04 -8.4181724E-04
       195  3.2554821E-04 -8.4603687E-04
       196  3.2718003E-04 -8.5027764E-04
       197  3.2882002E-04 -8.5453968E-04
       198  3.3046824E-04 -8.5882308E-04
       199  3.3212472E-04 -8.6312794E-04
       200  3.3378950E-04 -8.6745439E-04
       201  3.3546263E-04 -8.7180252E-04
       202  3.3714414E-04 -8.7617245E-04
       203  3.3883408E-04 -8.8056428E-04
       204  3.4053250E-04 -8.8497813E-04
       205  3.4223942E-04 -8.8941410E-04
       206  3.4395490E-04 -8.9387230E-04
       207  3.4567899E-04 -8.9835285E-04
       208  3.4741171E-04 -9.0285587E-04
       209  3.4915312E-04 -9.0738145E-04
       210  3.5090325E-04 -9.1192972E-04
       211  3.5266216E-04 -9.1650078E-04
       212  3.5442989E-04 -9.2109476E-04
       213  3.5620648E-04 -9.2571177E-04
       214  3.5799197E-04 -9.3035191E-04
       215  3.5978641E-04 -9.3501532E-04
       216  3.6158985E-04 -9.3970210E-04
       217  3.6340233E-04 -9.4441238E-04
       218  3.6522389E-04 -9.4914626E-04
       219  3.6705458E-04 -9.5390388E-04
       220  3.6889445E-04 -9.5868534E-04
       221  3.7074354E-04 -9.6349077E-04
       222  3.7260190E-04 -9.6832029E-04
       223  3.7446957E-04 -9.7317401E-04
       224  3.7634661E-04 -9.7805206E-04
       225  3.7823306E-04 -9.8295457E-04
       226  3.8012896E-04 -9.8788165E-04
       227  3.8203436E-04 -9.9283342E-04
       228  3.8394932E-04 -9.9781002E-04
       229  3.8587387E-04 -1.0028116E-03
       230  3.8780807E-04 -1.0078382E-03
       231  3.8975197E-04 -1.0128900E-03
       232  3.9170561E-04 -1.0179671E-03
       233  3.9366904E-04 -1.0230697E-03
       234  3.9564231E-04 -1.0281979E-03
       235  3.9762548E-04 -1.0333517E-03
       236  3.9961859E-04 -1.0385314E-03
       237  4.0162168E-04 -1.0437371E-03
       238  4.0363482E-04 -1.0489688E-03
       239  4.0565805E-04 -1.0542268E-03
       240  4.0769142E-04 -1.0595111E-03
       241  4.0973498E-04 -1.0648219E-03
       242  4.1178878E-04 -1.0701594E-03
       243  4.1385288E-04 -1.0755236E-03
       244  4.1592733E-04 -1.0809147E-03
       245  4.1801217E-04 -1.0863328E-03
       246  4.2010747E-04 -1.0917780E-03
       247  4.2221327E-04 -1.0972506E-03
       248  4.2432962E-04 -1.1027506E-03
       249  4.2645658E-04 -1.1082781E-03
       250  4.2859420E-04 -1.1138334E-03
       251  4.3074254E-04 -1.1194165E-03
       252  4.3290165E-04 -1.1250276E-03
       253  4.3507158E-04 -1.1306668E-03
       254  4.3725238E-04 -1.1363343E-03
       255  4.3944412E-04 -1.1420302E-03
       256  4.4164684E-04 -1.1477547E-03
       257  4.4386060E-04 -1.1535078E-03
       258  4.4608546E-04 -1.1592898E-03
       259  4.4832148E-04 -1.1651008E-03
       260  4.5056870E-04 -1.1709408E-03
       261  4.5282718E-04 -1.1768102E-03
       262  4.5509699E-04 -1.1827090E-03
       263  4.5737817E-04 -1.1886373E-03
       264  4.5967079E-04 -1.1945954E-03
       265  4.6197490E-04 -1.2005833E-03
       266  4.6429056E-04 -1.2066013E-03
       267  4.6661782E-04 -1.2126494E-03
       268  4.6895676E-04 -1.2187278E-03
       269  4.7130741E-04 -1.2248367E-03
       270  4.7366985E-04 -1.2309762E-03
       271  4.7604413E-04 -1.2371465E-03
       272  4.7843031E-04 -1.2433478E-03
       273  4.8082845E-04 -1.2495801E-03
       274  4.8323861E-04 -1.2558436E-03
       275  4.8566086E-04 -1.2621385E-03
       276  4.8809524E-04 -1.2684650E-03
       277  4.9054183E-04 -1.2748232E-03
       278  4.9300068E-04 -1.2812133E-03
       279  4.9547186E-04 -1.2876354E-03
       280  4.9795542E-04 -1.2940897E-03
       281  5.0045143E-04 -1.3005764E-03
       282  5.0295996E-04 -1.3070955E-03
       283  5.0548105E-04 -1.3136474E-03
       284  5.0801479E-04 -1.3202320E-03
       285  5.1056122E-04 -1.3268497E-03
       286  5.1312042E-04 -1.3335006E-03
       287  5.1569245E-04 -1.3401848E-03
       288  5.1827737E-04 -1.3469025E-03
       289  5.2087524E-04 -1.3536539E-03
       290  5.2348614E-04 -1.3604391E-03
       291  5.2611013E-04 -1.3672583E-03
       292  5.2874727E-04 -1.3741117E-03
       293  5.3139762E-04 -1.3809995E-03
       294  5.3406126E-04 -1.3879218E-03
       295  5.3673826E-04 -1.3948787E-03
       296  5.3942867E-04 -1.4018706E-03
       297  5.4213257E-04 -1.4088975E-03
       298  5.4485002E-04 -1.4159596E-03
       299  5.4758109E-04 -1.4230571E-03
       300  5.5032585E-04 -1.4301902E-03
       301  5.5308437E-04 -1.4373591E-03
       302  5.5585672E-04 -1.4445639E-03
       303  5.5864296E-04 -1.4518048E-03
       304  5.6144317E-04 -1.4590820E-03
       305  5.6425742E-04 -1.4663957E-03
       306  5.6708577E-04 -1.4737460E-03
       307  5.6992830E-04 -1.4811332E-03
       308  5.7278507E-04 -1.4885574E-03
       309  5.7565617E-04 -1.4960188E-03
       310  5.7854166E-04 -1.5035176E-03
       311  5.8144161E-04 -1.5110540E-03
       312  5.8435610E-04 -1.5186282E-03
       313  5.8728520E-04 -1.5262404E-03
       314  5.9022898E-04 -1.5338907E-03
       315  5.9318751E-04 -1.5415793E-03
       316  5.9616088E-04 -1.5493065E-03
       317  5.9914915E-04 -1.5570724E-03
       318  6.0215239E-04 -1.5648773E-03
       319  6.0517069E-04 -1.5727213E-03
       320  6.0820413E-04 -1.5806046E-03
       321  6.1125276E-04 -1.5885274E-03
       322  6.1431668E-04 -1.5964899E-03
       323  6.1739595E-04 -1.6044923E-03
       324  6.2049066E-04 -1.6125349E-03
       325  6.2360089E-04 -1.6206177E-03
       326  6.2672670E-04 -1.6287411E-03
       327  6.2986818E-04 -1.6369052E-03
       328  6.3302541E-04 -1.6451102E-03
       329  6.3619846E-04 -1.6533564E-03
       330  6.3938742E-04 -1.6616438E-03
       331  6.4259236E-04 -1.6699728E-03
       332  6.4581337E-04 -1.6783436E-03
       333  6.4905052E-04 -1.6867563E-03
       334  6.5230390E-04 -1.6952112E-03
       335  6.5557359E-04 -1.7037085E-03
       336  6.5885966E-04 -1.7122484E-03
       337  6.6216221E-04 -1.7208310E-03
       338  6.6548131E-04 -1.7294567E-03
       339  6.6881705E-04 -1.7381257E-03
       340  6.7216951E-04 -1.7468381E-03
       341  6.7553878E-04 -1.7555941E-03
       342  6.7892493E-04 -1.7643941E-03
       343  6.8232805E-04 -1.7732381E-03
       344  6.8574824E-04 -1.7821265E-03
       345  6.8918556E-04 -1.7910594E-03
       346  6.9264012E-04 -1.8000371E-03
       347  6.9611199E-04 -1.8090599E-03
       348  6.9960127E-04 -1.8181278E-03
       349  7.0310804E-04 -1.8272412E-03
       350  7.0663238E-04 -1.8364003E-03
       351  7.1017439E-04 -1.8456053E-03
       352  7.1373415E-04 -1.8548564E-03
       353  7.1731176E-04 -1.8641539E-03
       354  7.2090730E-04 -1.8734980E-03
       355  7.2452086E-04 -1.8828889E-03
       356  7.2815254E-04 -1.8923269E-03
       357  7.3180242E-04 -1.9018123E-03
       358  7.3547059E-04 -1.9113451E-03
       359  7.3915716E-04 -1.9209258E-03
       360  7.4286220E-04 -1.9305544E-03
       361  7.4658581E-04 -1.9402314E-03
       362  7.5032809E-04 -1.9499568E-03
       363  7.5408912E-04 -1.9597310E-03
       364  7.5786901E-04 -1.9695542E-03
       365  7.6166784E-04 -1.9794266E-03
       366  7.6548572E-04 -1.9893485E-03
       367  7.6932273E-04 -1.9993201E-03
       368  7.7317898E-04 -2.0093418E-03
       369  7.7705455E-04 -2.0194136E-03
       370  7.8094956E-04 -2.0295360E-03
       371  7.8486408E-04 -2.0397090E-03
       372  7.8879823E-04 -2.0499331E-03
       373  7.9275210E-04 -2.0602084E-03
       374  7.9672578E-04 -2.0705353E-03
       375  8.0071939E-04 -2.0809139E-03
       376  8.0473301E-04 -2.0913445E-03
       377  8.0876675E-04 -2.1018274E-03
       378  8.1282071E-04 -2.1123628E-03
       379  8.1689499E-04 -2.1229510E-03
       380  8.2098970E-04 -2.1335924E-03
       381  8.2510492E-04 -2.1442870E-03
       382  8.2924078E-04 -2.1550353E-03
       383  8.3339737E-04 -2.1658374E-03
       384  8.3757479E-04 -2.1766937E-03
       385  8.4177315E-04 -2.1876044E-03
       386  8.4599255E-04 -2.1985698E-03
       387  8.5023311E-04 -2.2095902E-03
       388  8.5449492E-04 -2.2206658E-03
       389  8.5877809E-04 -2.2317969E-03
       390  8.6308274E-04 -2.2429838E-03
       391  8.6740896E-04 -2.2542268E-03
       392  8.7175686E-04 -2.2655262E-03
       393  8.7612656E-04 -2.2768821E-03
       394  8.8051816E-04 -2.2882951E-03
       395  8.8493178E-04 -2.2997652E-03
       396  8.8936752E-04 -2.3112928E-03
       397  8.9382549E-04 -2.3228781E-03
       398  8.9830581E-04 -2.3345216E-03
       399  9.0280859E-04 -2.3462234E-03
       400  9.0733394E-04 -2.3579839E-03
       401  9.1188197E-04 -2.3698033E-03
       402  9.1645279E-04 -2.3816820E-03
       403  9.2104653E-04 -2.3936202E-03
       404  9.2566330E-04 -2.4056183E-03
       405  9.3030320E-04 -2.4176765E-03
       406  9.3496637E-04 -2.4297951E-03
       407  9.3965291E-04 -2.4419745E-03
       408  9.4436294E-04 -2.4542149E-03
       409  9.4909657E-04 -2.4665167E-03
       410  9.5385394E-04 -2.4788801E-03
       411  9.5863515E-04 -2.4913055E-03
       412  9.6344033E-04 -2.5037932E-03
       413  9.6826960E-04 -2.5163435E-03
       414  9.7312307E-04 -2.5289567E-03
       415  9.7800087E-04 -2.5416332E-03
       416  9.8290312E-04 -2.5543731E-03
       417  9.8782994E-04 -2.5671769E-03
       418  9.9278146E-04 -2.5800449E-03
       419  9.9775780E-04 -2.5929775E-03
       420  1.0027591E-03 -2.6059748E-03
       421  1.0077854E-03 -2.6190373E-03
       422  1.0128370E-03 -2.6321652E-03
       423  1.0179138E-03 -2.6453590E-03
       424  1.0230162E-03 -2.6586189E-03
       425  1.0281440E-03 -2.6719452E-03
       426  1.0332976E-03 -2.6853384E-03
       427  1.0384771E-03 -2.6987987E-03
       428  1.0436825E-03 -2.7123264E-03
       429  1.0489139E-03 -2.7259220E-03
       430  1.0541716E-03 -2.7395857E-03
       431  1.0594557E-03 -2.7533179E-03
       432  1.0647662E-03 -2.7671189E-03
       433  1.0701034E-03 -2.7809891E-03
       434  1.0754673E-03 -2.7949289E-03
       435  1.0808581E-03 -2.8089385E-03
       436  1.0862759E-03 -2.8230183E-03
       437  1.0917209E-03 -2.8371687E-03
       438  1.0971932E-03 -2.8513901E-03
       439  1.1026929E-03 -2.8656827E-03
       440  1.1082202E-03 -2.8800469E-03
       441  1.1137751E-03 -2.8944832E-03
       442  1.1193580E-03 -2.9089918E-03
       443  1.1249688E-03 -2.9235732E-03
       444  1.1306077E-03 -2.9382276E-03
       445  1.1362749E-03 -2.9529555E-03
       446  1.1419705E-03 -2.9677572E-03
       447  1.1476947E-03 -2.9826331E-03
       448  1.1534475E-03 -2.9975836E-03
       449  1.1592292E-03 -3.0126090E-03
       450  1.1650398E-03 -3.0277097E-03
       451  1.1708796E-03 -3.0428861E-03
       452  1.1767487E-03 -3.0581386E-03
       453  1.1826472E-03 -3.0734676E-03
       454  1.1885752E-03 -3.0888734E-03
       455  1.1945330E-03 -3.1043564E-03
       456  1.2005206E-03 -3.1199170E-03
       457  1.2065382E-03 -3.1355556E-03
       458  1.2125860E-03 -3.1512726E-03
       459  1.2186641E-03 -3.1670683E-03
       460  1.2247727E-03 -3.1829433E-03
       461  1.2309119E-03 -3.1988978E-03
       462  1.2370819E-03 -3.2149323E-03
       463  1.2432828E-03 -3.2310472E-03
       464  1.2495148E-03 -3.2472428E-03
       465  1.2557780E-03 -3.2635196E-03
       466  1.2620726E-03 -3.2798780E-03
       467  1.2683988E-03 -3.2963185E-03
       468  1.2747566E-03 -3.3128413E-03
       469  1.2811464E-03 -3.3294469E-03
       470  1.2875681E-03 -3.3461358E-03
       471  1.2940221E-03 -3.3629083E-03
       472  1.3005084E-03 -3.3797649E-03
       473  1.3070272E-03 -3.3967060E-03
       474  1.3135787E-03 -3.4137320E-03
       475  1.3201631E-03 -3.4308433E-03
       476  1.3267804E-03 -3.4480404E-03
       477  1.3334309E-03 -3.4653238E-03
       478  1.3401148E-03 -3.4826937E-03
       479  1.3468321E-03 -3.5001507E-03
       480  1.3535832E-03 -3.5176952E-03
       481  1.3603680E-03 -3.5353277E-03
       482  1.3671869E-03 -3.5530485E-03
       483  1.3740400E-03 -3.5708582E-03
       484  1.3809274E-03 -3.5887571E-03
       485  1.3878493E-03 -3.6067458E-03
       486  1.3948059E-03 -3.6248246E-03
       487  1.4017974E-03 -3.6429941E-03
       488  1.4088240E-03 -3.6612546E-03
       489  1.4158857E-03 -3.6796066E-03
       490  1.4229829E-03 -3.6980507E-03
       491  1.4301156E-03 -3.7165871E-03
       492  1.4372841E-03 -3.7352165E-03
       493  1.4444885E-03 -3.7539393E-03
       494  1.4517290E-03 -3.7727559E-03
       495  1.4590058E-03 -3.7916669E-03
       496  1.4663191E-03 -3.8106726E-03
       497  1.4736691E-03 -3.8297736E-03
       498  1.4810559E-03 -3.8489703E-03
       499  1.4884797E-03 -3.8682633E-03
       500  1.4959408E-03 -3.8876530E-03
       501  1.5034392E-03 -3.9071398E-03
       502  1.5109752E-03 -3.9267244E-03
       503  1.5185490E-03 -3.9464071E-03
       504  1.5261608E-03 -3.9661884E-03
       505  1.5338107E-03 -3.9860689E-03
       506  1.5414989E-03 -4.0060491E-03
       507  1.5492257E-03 -4.0261294E-03
       508  1.5569913E-03 -4.0463104E-03
       509  1.5647957E-03 -4.0665925E-03
       510  1.5726393E-03 -4.0869763E-03
       511  1.5805222E-03 -4.1074622E-03
       512  1.5884446E-03 -4.1280509E-03
       513  1.5964067E-03 -4.1487427E-03
       514  1.6044087E-03 -4.1695383E-03
       515  1.6124508E-03 -4.1904381E-03
       516  1.6205333E-03 -4.2114426E-03
       517  1.6286562E-03 -4.2325525E-03
       518  1.6368199E-03 -4.2537681E-03
       519  1.6450245E-03 -4.2750901E-03
       520  1.6532702E-03 -4.2965190E-03
       521  1.6615573E-03 -4.3180553E-03
       522  1.6698859E-03 -4.3396995E-03
       523  1.6782562E-03 -4.3614522E-03
       524  1.6866685E-03 -4.3833139E-03
       525  1.6951230E-03 -4.4052853E-03
       526  1.7036198E-03 -4.4273667E-03
       527  1.7121592E-03 -4.4495589E-03
       528  1.7207415E-03 -4.4718623E-03
       529  1.7293667E-03 -4.4942774E-03
       530  1.7380352E-03 -4.5168050E-03
       531  1.7467471E-03 -4.5394454E-03
       532  1.7555027E-03 -4.5621994E-03
       533  1.7643022E-03 -4.5850673E-03
       534  1.7731458E-03 -4.6080499E-03
       535  1.7820338E-03 -4.6311478E-03
       536  1.7909663E-03 -4.6543613E-03
       537  1.7999435E-03 -4.6776913E-03
       538  1.8089658E-03 -4.7011382E-03
       539  1.8180332E-03 -4.7247026E-03
       540  1.8271462E-03 -4.7483851E-03
       541  1.8363048E-03 -4.7721863E-03
       542  1.8455093E-03 -4.7961068E-03
       543  1.8547599E-03 -4.8201473E-03
       544  1.8640570E-03 -4.8443082E-03
       545  1.8734006E-03 -4.8685902E-03
       546  1.8827911E-03 -4.8929940E-03
       547  1.8922286E-03 -4.9175200E-03
       548  1.9017134E-03 -4.9421690E-03
       549  1.9112458E-03 -4.9669416E-03
       550  1.9208260E-03 -4.9918383E-03
       551  1.9304541E-03 -5.0168598E-03
       552  1.9401306E-03 -5.0420068E-03
       553  1.9498555E-03 -5.0672798E-03
       554  1.9596292E-03 -5.0926794E-03
       555  1.9694519E-03 -5.1182064E-03
       556  1.9793238E-03 -5.1438613E-03
       557  1.9892452E-03 -5.1696448E-03
       558  1.9992164E-03 -5.1955576E-03
       559  2.0092375E-03 -5.2216002E-03
       560  2.0193088E-03 -5.2477734E-03
       561  2.0294306E-03 -5.2740778E-03
       562  2.0396032E-03 -5.3005140E-03
       563  2.0498268E-03 -5.3270827E-03
       564  2.0601016E-03 -5.3537846E-03
       565  2.0704279E-03 -5.3806203E-03
       566  2.0808059E-03 -5.4075906E-03
       567  2.0912360E-03 -5.4346960E-03
       568  2.1017184E-03 -5.4619373E-03
       569  2.1122533E-03 -5.4893152E-03
       570  2.1228410E-03 -5.5168302E-03
       571  2.1334818E-03 -5.5444832E-03
       572  2.1441759E-03 -5.5722748E-03
       573  2.1549236E-03 -5.6002057E-03
       574  2.1657252E-03 -5.6282766E-03
       575  2.1765810E-03 -5.6564882E-03
       576  2.1874911E-03 -5.6848412E-03
       577  2.1984560E-03 -5.7133363E-03
       578  2.2094758E-03 -5.7419743E-03
       579  2.2205508E-03 -5.7707558E-03
       580  2.2316814E-03 -5.7996816E-03
       581  2.2428677E-03 -5.8287523E-03
       582  2.2541101E-03 -5.8579688E-03
       583  2.2654089E-03 -5.8873317E-03
       584  2.2767643E-03 -5.9168417E-03
       585  2.2881767E-03 -5.9464997E-03
       586  2.2996462E-03 -5.9763064E-03
       587  2.3111732E-03 -6.0062625E-03
       588  2.3227580E-03 -6.0363687E-03
       589  2.3344009E-03 -6.0666258E-03
       590  2.3461021E-03 -6.0970345E-03
       591  2.3578620E-03 -6.1275957E-03
       592  2.3696808E-03 -6.1583101E-03
       593  2.3815589E-03 -6.1891784E-03
       594  2.3934965E-03 -6.2202015E-03
       595  2.4054940E-03 -6.2513800E-03
       596  2.4175516E-03 -6.2827148E-03
       597  2.4296696E-03 -6.3142067E-03
       598  2.4418484E-03 -6.3458565E-03
       599  2.4540882E-03 -6.3776648E-03
       600  2.4663893E-03 -6.4096326E-03
       601  2.4787522E-03 -6.4417607E-03
       602  2.4911770E-03 -6.4740498E-03
       603  2.5036641E-03 -6.5065007E-03
       604  2.5162137E-03 -6.5391143E-03
       605  2.5288263E-03 -6.5718913E-03
       606  2.5415021E-03 -6.6048327E-03
       607  2.5542414E-03 -6.6379391E-03
       608  2.5670446E-03 -6.6712115E-03
       609  2.5799120E-03 -6.7046507E-03
       610  2.5928438E-03 -6.7382574E-03
       611  2.6058405E-03 -6.7720327E-03
       612  2.6189023E-03 -6.8059772E-03
       613  2.6320297E-03 -6.8400918E-03
       614  2.6452228E-03 -6.8743775E-03
       615  2.6584820E-03 -6.9088350E-03
       616  2.6718077E-03 -6.9434652E-03
       617  2.6852002E-03 -6.9782690E-03
       618  2.6986598E-03 -7.0132472E-03
       619  2.7121869E-03 -7.0484007E-03
       620  2.7257818E-03 -7.0837305E-03
       621  2.7394448E-03 -7.1192373E-03
       622  2.7531763E-03 -7.1549222E-03
       623  2.7669767E-03 -7.1907858E-03
       624  2.7808462E-03 -7.2268293E-03
       625  2.7947853E-03 -7.2630534E-03
       626  2.8087942E-03 -7.2994590E-03
       627  2.8228733E-03 -7.3360472E-03
       628  2.8370230E-03 -7.3728187E-03
       629  2.8512437E-03 -7.4097745E-03
       630  2.8655356E-03 -7.4469156E-03
       631  2.8798992E-03 -7.4842428E-03
       632  2.8943347E-03 -7.5217571E-03
       633  2.9088426E-03 -7.5594595E-03
       634  2.9234233E-03 -7.5973508E-03
       635  2.9380770E-03 -7.6354321E-03
       636  2.9528042E-03 -7.6737042E-03
       637  2.9676051E-03 -7.7121682E-03
       638  2.9824803E-03 -7.7508249E-03
       639  2.9974301E-03 -7.7896754E-03
       640  3.0124548E-03 -7.8287207E-03
       641  3.0275547E-03 -7.8679616E-03
       642  3.0427304E-03 -7.9073992E-03
       643  3.0579822E-03 -7.9470345E-03
       644  3.0733104E-03 -7.9868685E-03
       645  3.0887154E-03 -8.0269021E-03
       646  3.1041977E-03 -8.0671364E-03
       647  3.1197575E-03 -8.1075723E-03
       648  3.1353954E-03 -8.1482109E-03
       649  3.1511116E-03 -8.1890533E-03
       650  3.1669066E-03 -8.2301003E-03
       651  3.1827808E-03 -8.2713530E-03
       652  3.1987346E-03 -8.3128125E-03
       653  3.2147683E-03 -8.3544799E-03
       654  3.2308824E-03 -8.3963560E-03
       655  3.2470772E-03 -8.4384421E-03
       656  3.2633533E-03 -8.4807391E-03
       657  3.2797109E-03 -8.5232481E-03
       658  3.2961505E-03 -8.5659702E-03
       659  3.3126725E-03 -8.6089064E-03
       660  3.3292774E-03 -8.6520578E-03
       661  3.3459655E-03 -8.6954255E-03
       662  3.3627372E-03 -8.7390106E-03
       663  3.3795930E-03 -8.7828141E-03
       664  3.3965332E-03 -8.8268372E-03
       665  3.4135584E-03 -8.8710809E-03
       666  3.4306690E-03 -8.9155464E-03
       667  3.4478653E-03 -8.9602347E-03
       668  3.4651478E-03 -9.0051471E-03
       669  3.4825169E-03 -9.0502845E-03
       670  3.4999731E-03 -9.0956482E-03
       671  3.5175168E-03 -9.1412393E-03
       672  3.5351484E-03 -9.1870588E-03
       673  3.5528684E-03 -9.2331080E-03
       674  3.5706772E-03 -9.2793881E-03
       675  3.5885753E-03 -9.3259001E-03
       676  3.6065631E-03 -9.3726452E-03
       677  3.6246411E-03 -9.4196246E-03
       678  3.6428097E-03 -9.4668394E-03
       679  3.6610694E-03 -9.5142910E-03
       680  3.6794205E-03 -9.5619803E-03
       681  3.6978637E-03 -9.6099087E-03
       682  3.7163993E-03 -9.6580773E-03
       683  3.7350279E-03 -9.7064873E-03
       684  3.7537498E-03 -9.7551400E-03
       685  3.7725655E-03 -9.8040365E-03
       686  3.7914756E-03 -9.8531781E-03
       687  3.8104804E-03 -9.9025660E-03
       688  3.8295805E-03 -9.9522014E-03
       689  3.8487764E-03 -1.0002086E-02
       690  3.8680685E-03 -1.0052220E-02
       691  3.8874572E-03 -1.0102605E-02
       692  3.9069432E-03 -1.0153243E-02
       693  3.9265268E-03 -1.0204135E-02
       694  3.9462086E-03 -1.0255282E-02
       695  3.9659891E-03 -1.0306686E-02
       696  3.9858687E-03 -1.0358346E-02
       697  4.0058479E-03 -1.0410266E-02
       698  4.0259273E-03 -1.0462446E-02
       699  4.0461074E-03 -1.0514888E-02
       700  4.0663886E-03 -1.0567592E-02
       701  4.0867714E-03 -1.0620561E-02
       702  4.1072565E-03 -1.0673795E-02
       703  4.1278442E-03 -1.0727296E-02
       704  4.1485351E-03 -1.0781065E-02
       705  4.1693297E-03 -1.0835103E-02
       706  4.1902285E-03 -1.0889413E-02
       707  4.2112322E-03 -1.0943994E-02
       708  4.2323410E-03 -1.0998850E-02
       709  4.2535557E-03 -1.1053980E-02
       710  4.2748768E-03 -1.1109386E-02
       711  4.2963047E-03 -1.1165070E-02
       712  4.3178400E-03 -1.1221033E-02
       713  4.3394833E-03 -1.1277277E-02
       714  4.3612350E-03 -1.1333802E-02
       715  4.3830958E-03 -1.1390611E-02
       716  4.4050662E-03 -1.1447705E-02
       717  4.4271466E-03 -1.1505085E-02
       718  4.4493378E-03 -1.1562752E-02
       719  4.4716402E-03 -1.1620708E-02
       720  4.4940544E-03 -1.1678955E-02
       721  4.5165809E-03 -1.1737494E-02
       722  4.5392204E-03 -1.1796326E-02
       723  4.5619733E-03 -1.1855453E-02
       724  4.5848403E-03 -1.1914876E-02
       725  4.6078219E-03 -1.1974597E-02
       726  4.6309187E-03 -1.2034618E-02
       727  4.6541313E-03 -1.2094939E-02
       728  4.6774602E-03 -1.2155563E-02
       729  4.7009061E-03 -1.2216490E-02
       730  4.7244695E-03 -1.2277723E-02
       731  4.7481510E-03 -1.2339263E-02
       732  4.7719512E-03 -1.2401111E-02
       733  4.7958707E-03 -1.2463269E-02
       734  4.8199101E-03 -1.2525739E-02
       735  4.8440700E-03 -1.2588521E-02
       736  4.8683510E-03 -1.2651619E-02
       737  4.8927537E-03 -1.2715032E-02
       738  4.9172788E-03 -1.2778764E-02
       739  4.9419267E-03 -1.2842815E-02
       740  4.9666982E-03 -1.2907186E-02
       741  4.9915939E-03 -1.2971881E-02
       742  5.0166144E-03 -1.3036900E-02
       743  5.0417603E-03 -1.3102244E-02
       744  5.0670322E-03 -1.3167916E-02
       745  5.0924308E-03 -1.3233917E-02
       746  5.1179567E-03 -1.3300249E-02
       747  5.1436106E-03 -1.3366914E-02
       748  5.1693930E-03 -1.3433912E-02
       749  5.1953047E-03 -1.3501247E-02
       750  5.2213463E-03 -1.3568918E-02
       751  5.2475184E-03 -1.3636929E-02
       752  5.2738217E-03 -1.3705281E-02
       753  5.3002568E-03 -1.3773975E-02
       754  5.3268245E-03 -1.3843014E-02
       755  5.3535253E-03 -1.3912399E-02
       756  5.3803600E-03 -1.3982131E-02
       757  5.4073291E-03 -1.4052213E-02
       758  5.4344335E-03 -1.4122646E-02
       759  5.4616737E-03 -1.4193432E-02
       760  5.4890504E-03 -1.4264573E-02
       761  5.5165644E-03 -1.4336070E-02
       762  5.5442163E-03 -1.4407926E-02
       763  5.5720068E-03 -1.4480141E-02
       764  5.5999366E-03 -1.4552719E-02
       765  5.6280064E-03 -1.4625661E-02
       766  5.6562169E-03 -1.4698968E-02
       767  5.6845688E-03 -1.4772642E-02
       768  5.7130628E-03 -1.4846685E-02
       769  5.7416997E-03 -1.4921100E-02
       770  5.7704801E-03 -1.4995888E-02
       771  5.7994047E-03 -1.5071050E-02
       772  5.8284744E-03 -1.5146589E-02
       773  5.8576897E-03 -1.5222507E-02
       774  5.8870515E-03 -1.5298805E-02
       775  5.9165605E-03 -1.5375485E-02
       776  5.9462174E-03 -1.5452550E-02
       777  5.9760229E-03 -1.5530001E-02
       778  6.0059778E-03 -1.5607840E-02
       779  6.0360829E-03 -1.5686069E-02
       780  6.0663389E-03 -1.5764691E-02
       781  6.0967466E-03 -1.5843706E-02
       782  6.1273066E-03 -1.5923117E-02
       783  6.1580199E-03 -1.6002926E-02
       784  6.1888871E-03 -1.6083136E-02
       785  6.2199090E-03 -1.6163747E-02
       786  6.2510864E-03 -1.6244762E-02
       787  6.2824201E-03 -1.6326183E-02
       788  6.3139109E-03 -1.6408012E-02
       789  6.3455595E-03 -1.6490251E-02
       790  6.3773668E-03 -1.6572903E-02
       791  6.4093334E-03 -1.6655968E-02
       792  6.4414604E-03 -1.6739450E-02
       793  6.4737483E-03 -1.6823350E-02
       794  6.5061981E-03 -1.6907671E-02
       795  6.5388106E-03 -1.6992414E-02
       796  6.5715865E-03 -1.7077582E-02
       797  6.6045267E-03 -1.7163176E-02
       798  6.6376320E-03 -1.7249200E-02
       799  6.6709033E-03 -1.7335654E-02
       800  6.7043413E-03 -1.7422542E-02
       801  6.7379470E-03 -1.7509866E-02
       802  6.7717211E-03 -1.7597627E-02
       803  6.8056645E-03 -1.7685827E-02
       804  6.8397780E-03 -1.7774470E-02
       805  6.8740626E-03 -1.7863557E-02
       806  6.9085189E-03 -1.7953090E-02
       807  6.9431480E-03 -1.8043072E-02
       808  6.9779507E-03 -1.8133505E-02
       809  7.0129278E-03 -1.8224391E-02
       810  7.0480803E-03 -1.8315733E-02
       811  7.0834089E-03 -1.8407532E-02
       812  7.1189147E-03 -1.8499791E-02
       813  7.1545984E-03 -1.8592513E-02
       814  7.1904609E-03 -1.8685699E-02
       815  7.2265033E-03 -1.8779352E-02
       816  7.2627263E-03 -1.8873474E-02
       817  7.2991308E-03 -1.8968069E-02
       818  7.3357179E-03 -1.9063137E-02
       819  7.3724883E-03 -1.9158681E-02
       820  7.4094431E-03 -1.9254704E-02
       821  7.4465831E-03 -1.9351209E-02
       822  7.4839092E-03 -1.9448197E-02
       823  7.5214225E-03 -1.9545671E-02
       824  7.5591238E-03 -1.9643633E-02
       825  7.5970140E-03 -1.9742087E-02
       826  7.6350942E-03 -1.9841033E-02
       827  7.6733653E-03 -1.9940476E-02
       828  7.7118282E-03 -2.0040416E-02
       829  7.7504839E-03 -2.0140858E-02
       830  7.7893334E-03 -2.0241803E-02
       831  7.8283775E-03 -2.0343253E-02
       832  7.8676175E-03 -2.0445212E-02
       833  7.9070541E-03 -2.0547682E-02
       834  7.9466883E-03 -2.0650666E-02
       835  7.9865213E-03 -2.0754165E-02
       836  8.0265539E-03 -2.0858183E-02
       837  8.0667871E-03 -2.0962722E-02
       838  8.1072221E-03 -2.1067785E-02
       839  8.1478597E-03 -2.1173374E-02
       840  8.1887010E-03 -2.1279493E-02
       841  8.2297470E-03 -2.1386143E-02
       842  8.2709988E-03 -2.1493327E-02
       843  8.3124574E-03 -2.1601049E-02
       844  8.3541237E-03 -2.1709310E-02
       845  8.3959990E-03 -2.1818114E-02
       846  8.4380841E-03 -2.1927463E-02
       847  8.4803802E-03 -2.2037360E-02
       848  8.5228882E-03 -2.2147807E-02
       849  8.5656094E-03 -2.2258808E-02
       850  8.6085447E-03 -2.2370365E-02
       851  8.6516952E-03 -2.2482481E-02
       852  8.6950620E-03 -2.2595159E-02
       853  8.7386462E-03 -2.2708401E-02
       854  8.7824488E-03 -2.2822211E-02
       855  8.8264710E-03 -2.2936591E-02
       856  8.8707139E-03 -2.3051544E-02
       857  8.9151785E-03 -2.3167072E-02
       858  8.9598661E-03 -2.3283180E-02
       859  9.0047776E-03 -2.3399870E-02
       860  9.0499142E-03 -2.3517144E-02
       861  9.0952771E-03 -2.3635005E-02
       862  9.1408674E-03 -2.3753457E-02
       863  9.1866862E-03 -2.3872503E-02
       864  9.2327346E-03 -2.3992145E-02
       865  9.2790139E-03 -2.4112386E-02
       866  9.3255251E-03 -2.4233230E-02
       867  9.3722695E-03 -2.4354680E-02
       868  9.4192482E-03 -2.4476737E-02
       869  9.4664624E-03 -2.4599407E-02
       870  9.5139132E-03 -2.4722690E-02
       871  9.5616019E-03 -2.4846592E-02
       872  9.6095297E-03 -2.4971114E-02
       873  9.6576976E-03 -2.5096260E-02
       874  9.7061070E-03 -2.5222033E-02
       875  9.7547591E-03 -2.5348436E-02
       876  9.8036550E-03 -2.5475472E-02
       877  9.8527961E-03 -2.5603145E-02
       878  9.9021834E-03 -2.5731457E-02
       879  9.9518183E-03 -2.5860413E-02
       880  1.0001702E-02 -2.5990014E-02
       881  1.0051836E-02 -2.6120264E-02
       882  1.0102221E-02 -2.6251167E-02
       883  1.0152858E-02 -2.6382726E-02
       884  1.0203750E-02 -2.6514944E-02
       885  1.0254896E-02 -2.6647824E-02
       886  1.0306299E-02 -2.6781370E-02
       887  1.0357960E-02 -2.6915584E-02
       888  1.0409879E-02 -2.7050472E-02
       889  1.0462059E-02 -2.7186034E-02
       890  1.0514500E-02 -2.7322276E-02
       891  1.0567204E-02 -2.7459201E-02
       892  1.0620173E-02 -2.7596811E-02
       893  1.0673407E-02 -2.7735111E-02
       894  1.0726907E-02 -2.7874103E-02
       895  1.0780676E-02 -2.8013792E-02
       896  1.0834714E-02 -2.8154180E-02
       897  1.0889024E-02 -2.8295272E-02
       898  1.0943605E-02 -2.8437070E-02
       899  1.0998460E-02 -2.8579578E-02
       900  1.1053590E-02 -2.8722801E-02
       901  1.1108997E-02 -2.8866741E-02
       902  1.1164681E-02 -2.9011402E-02
       903  1.1220644E-02 -2.9156787E-02
       904  1.1276888E-02 -2.9302901E-02
       905  1.1333413E-02 -2.9449746E-02
       906  1.1390222E-02 -2.9597327E-02
       907  1.1447316E-02 -2.9745647E-02
       908  1.1504696E-02 -2.9894711E-02
       909  1.1562363E-02 -3.0044520E-02
       910  1.1620320E-02 -3.0195080E-02
       911  1.1678567E-02 -3.0346395E-02
       912  1.1737106E-02 -3.0498467E-02
       913  1.1795939E-02 -3.0651300E-02
       914  1.1855066E-02 -3.0804900E-02
       915  1.1914490E-02 -3.0959268E-02
       916  1.1974211E-02 -3.1114410E-02
       917  1.2034232E-02 -3.1270328E-02
       918  1.2094554E-02 -3.1427028E-02
       919  1.2155178E-02 -3.1584512E-02
       920  1.2216106E-02 -3.1742785E-02
       921  1.2277340E-02 -3.1901851E-02
       922  1.2338880E-02 -3.2061714E-02
       923  1.2400729E-02 -3.2222377E-02
       924  1.2462888E-02 -3.2383844E-02
       925  1.2525359E-02 -3.2546120E-02
       926  1.2588142E-02 -3.2709209E-02
       927  1.2651241E-02 -3.2873115E-02
       928  1.2714655E-02 -3.3037842E-02
       929  1.2778388E-02 -3.3203393E-02
       930  1.2842440E-02 -3.3369774E-02
       931  1.2906813E-02 -3.3536987E-02
       932  1.2971508E-02 -3.3705038E-02
       933  1.3036528E-02 -3.3873931E-02
       934  1.3101874E-02 -3.4043669E-02
       935  1.3167547E-02 -3.4214257E-02
       936  1.3233550E-02 -3.4385700E-02
       937  1.3299884E-02 -3.4558001E-02
       938  1.3366549E-02 -3.4731165E-02
       939  1.3433550E-02 -3.4905196E-02
       940  1.3500886E-02 -3.5080098E-02
       941  1.3568559E-02 -3.5255876E-02
       942  1.3636572E-02 -3.5432535E-02
       943  1.3704925E-02 -3.5610077E-02
       944  1.3773622E-02 -3.5788509E-02
       945  1.3842662E-02 -3.5967835E-02
       946  1.3912049E-02 -3.6148058E-02
       947  1.3981783E-02 -3.6329183E-02
       948  1.4051867E-02 -3.6511216E-02
       949  1.4122302E-02 -3.6694159E-02
       950  1.4193091E-02 -3.6878019E-02
       951  1.4264234E-02 -3.7062799E-02
       952  1.4335734E-02 -3.7248505E-02
       953  1.4407592E-02 -3.7435140E-02
       954  1.4479810E-02 -3.7622710E-02
       955  1.4552391E-02 -3.7811218E-02
       956  1.4625335E-02 -3.8000671E-02
       957  1.4698645E-02 -3.8191072E-02
       958  1.4772322E-02 -3.8382426E-02
       959  1.4846368E-02 -3.8574738E-02
       960  1.4920786E-02 -3.8768013E-02
       961  1.4995577E-02 -3.8962255E-02
       962  1.5070742E-02 -3.9157470E-02
       963  1.5146285E-02 -3.9353662E-02
       964  1.5222206E-02 -3.9550836E-02
       965  1.5298508E-02 -3.9748997E-02
       966  1.5375192E-02 -3.9948150E-02
       967  1.5452260E-02 -4.0148300E-02
       968  1.5529715E-02 -4.0349452E-02
       969  1.5607558E-02 -4.0551610E-02
       970  1.5685791E-02 -4.0754781E-02
       971  1.5764416E-02 -4.0958969E-02
       972  1.5843436E-02 -4.1164178E-02
       973  1.5922852E-02 -4.1370415E-02
       974  1.6002665E-02 -4.1577684E-02
       975  1.6082879E-02 -4.1785991E-02
       976  1.6163495E-02 -4.1995340E-02
       977  1.6244514E-02 -4.2205737E-02
       978  1.6325940E-02 -4.2417186E-02
       979  1.6407775E-02 -4.2629695E-02
       980  1.6490019E-02 -4.2843266E-02
       981  1.6572675E-02 -4.3057907E-02
       982  1.6655746E-02 -4.3273622E-02
       983  1.6739234E-02 -4.3490416E-02
       984  1.6823139E-02 -4.3708295E-02
       985  1.6907466E-02 -4.3927265E-02
       986  1.6992215E-02 -4.4147330E-02
       987  1.7077389E-02 -4.4368497E-02
       988  1.7162989E-02 -4.4590770E-02
       989  1.7249019E-02 -4.4814156E-02
       990  1.7335480E-02 -4.5038659E-02
       991  1.7422375E-02 -4.5264286E-02
       992  1.7509705E-02 -4.5491042E-02
       993  1.7597472E-02 -4.5718932E-02
       994  1.7685680E-02 -4.5947963E-02
       995  1.7774330E-02 -4.6178140E-02
       996  1.7863424E-02 -4.6409468E-02
       997  1.7952965E-02 -4.6641954E-02
       998  1.8042955E-02 -4.6875603E-02
       999  1.8133395E-02 -4.7110421E-02
      1000  1.8224289E-02 -4.7346414E-02
      1001  1.8315639E-02 -4.7583587E-02
      1002  1.8407446E-02 -4.7821947E-02
      1003  1.8499714E-02 -4.8061500E-02
      1004  1.8592444E-02 -4.8302251E-02
      1005  1.8685639E-02 -4.8544206E-02
      1006  1.8779301E-02 -4.8787371E-02
      1007  1.8873433E-02 -4.9031753E-02
      1008  1.8968037E-02 -4.9277358E-02
      1009  1.9063114E-02 -4.9524191E-02
      1010  1.9158669E-02 -4.9772259E-02
      1011  1.9254702E-02 -5.0021567E-02
      1012  1.9351216E-02 -5.0272123E-02
      1013  1.9448215E-02 -5.0523931E-02
      1014  1.9545699E-02 -5.0777000E-02
      1015  1.9643673E-02 -5.1031333E-02
      1016  1.9742137E-02 -5.1286939E-02
      1017  1.9841095E-02 -5.1543824E-02
      1018  1.9940549E-02 -5.1801993E-02
      1019  2.0040501E-02 -5.2061453E-02
      1020  2.0140954E-02 -5.2322211E-02
      1021  2.0241911E-02 -5.2584272E-02
      1022  2.0343374E-02 -5.2847645E-02
      1023  2.0445346E-02 -5.3112334E-02
      1024  2.0547829E-02 -5.3378347E-02
      1025  2.0650825E-02 -5.3645690E-02
      1026  2.0754338E-02 -5.3914370E-02
      1027  2.0858369E-02 -5.4184393E-02
      1028  2.0962922E-02 -5.4455766E-02
      1029  2.1068000E-02 -5.4728496E-02
      1030  2.1173603E-02 -5.5002590E-02
      1031  2.1279736E-02 -5.5278054E-02
      1032  2.1386402E-02 -5.5554896E-02
      1033  2.1493601E-02 -5.5833121E-02
      1034  2.1601338E-02 -5.6112737E-02
      1035  2.1709616E-02 -5.6393751E-02
      1036  2.1818436E-02 -5.6676170E-02
      1037  2.1927801E-02 -5.6960001E-02
      1038  2.2037714E-02 -5.7245250E-02
      1039  2.2148179E-02 -5.7531925E-02
      1040  2.2259197E-02 -5.7820033E-02
      1041  2.2370772E-02 -5.8109582E-02
      1042  2.2482906E-02 -5.8400577E-02
      1043  2.2595602E-02 -5.8693027E-02
      1044  2.2708863E-02 -5.8986938E-02
      1045  2.2822691E-02 -5.9282318E-02
      1046  2.2937091E-02 -5.9579175E-02
      1047  2.3052063E-02 -5.9877515E-02
      1048  2.3167612E-02 -6.0177346E-02
      1049  2.3283740E-02 -6.0478675E-02
      1050  2.3400451E-02 -6.0781509E-02
      1051  2.3517746E-02 -6.1085857E-02
      1052  2.3635629E-02 -6.1391726E-02
      1053  2.3754103E-02 -6.1699123E-02
      1054  2.3873171E-02 -6.2008056E-02
      1055  2.3992836E-02 -6.2318532E-02
      1056  2.4113100E-02 -6.2630560E-02
      1057  2.4233968E-02 -6.2944146E-02
      1058  2.4355441E-02 -6.3259299E-02
      1059  2.4477523E-02 -6.3576026E-02
      1060  2.4600217E-02 -6.3894335E-02
      1061  2.4723526E-02 -6.4214234E-02
      1062  2.4847454E-02 -6.4535731E-02
      1063  2.4972002E-02 -6.4858834E-02
      1064  2.5097175E-02 -6.5183551E-02
      1065  2.5222975E-02 -6.5509889E-02
      1066  2.5349406E-02 -6.5837858E-02
      1067  2.5476470E-02 -6.6167464E-02
      1068  2.5604171E-02 -6.6498716E-02
      1069  2.5732513E-02 -6.6831622E-02
      1070  2.5861497E-02 -6.7166191E-02
      1071  2.5991129E-02 -6.7502430E-02
      1072  2.6121410E-02 -6.7840348E-02
      1073  2.6252344E-02 -6.8179953E-02
      1074  2.6383934E-02 -6.8521254E-02
      1075  2.6516184E-02 -6.8864259E-02
      1076  2.6649097E-02 -6.9208976E-02
      1077  2.6782676E-02 -6.9555414E-02
      1078  2.6916925E-02 -6.9903581E-02
      1079  2.7051847E-02 -7.0253487E-02
      1080  2.7187445E-02 -7.0605138E-02
      1081  2.7323722E-02 -7.0958545E-02
      1082  2.7460683E-02 -7.1313716E-02
      1083  2.7598330E-02 -7.1670660E-02
      1084  2.7736668E-02 -7.2029385E-02
      1085  2.7875698E-02 -7.2389900E-02
      1086  2.8015426E-02 -7.2752214E-02
      1087  2.8155854E-02 -7.3116336E-02
      1088  2.8296985E-02 -7.3482274E-02
      1089  2.8438825E-02 -7.3850039E-02
      1090  2.8581375E-02 -7.4219639E-02
      1091  2.8724640E-02 -7.4591082E-02
      1092  2.8868623E-02 -7.4964378E-02
      1093  2.9013327E-02 -7.5339537E-02
      1094  2.9158757E-02 -7.5716567E-02
      1095  2.9304916E-02 -7.6095478E-02
      1096  2.9451807E-02 -7.6476279E-02
      1097  2.9599435E-02 -7.6858978E-02
      1098  2.9747803E-02 -7.7243587E-02
      1099  2.9896914E-02 -7.7630114E-02
      1100  3.0046773E-02 -7.8018568E-02
      1101  3.0197383E-02 -7.8408959E-02
      1102  3.0348748E-02 -7.8801297E-02
      1103  3.0500872E-02 -7.9195591E-02
      1104  3.0653758E-02 -7.9591850E-02
      1105  3.0807411E-02 -7.9990086E-02
      1106  3.0961834E-02 -8.0390306E-02
      1107  3.1117031E-02 -8.0792522E-02
      1108  3.1273005E-02 -8.1196743E-02
      1109  3.1429762E-02 -8.1602978E-02
      1110  3.1587304E-02 -8.2011238E-02
      1111  3.1745636E-02 -8.2421533E-02
      1112  3.1904762E-02 -8.2833872E-02
      1113  3.2064685E-02 -8.3248267E-02
      1114  3.2225410E-02 -8.3664726E-02
      1115  3.2386941E-02 -8.4083260E-02
      1116  3.2549281E-02 -8.4503879E-02
      1117  3.2712435E-02 -8.4926594E-02
      1118  3.2876407E-02 -8.5351415E-02
      1119  3.3041200E-02 -8.5778352E-02
      1120  3.3206820E-02 -8.6207416E-02
      1121  3.3373270E-02 -8.6638616E-02
      1122  3.3540554E-02 -8.7071964E-02
      1123  3.3708677E-02 -8.7507471E-02
      1124  3.3877642E-02 -8.7945146E-02
      1125  3.4047455E-02 -8.8385000E-02
      1126  3.4218118E-02 -8.8827045E-02
      1127  3.4389637E-02 -8.9271290E-02
      1128  3.4562016E-02 -8.9717747E-02
      1129  3.4735259E-02 -9.0166427E-02
      1130  3.4909370E-02 -9.0617340E-02
      1131  3.5084354E-02 -9.1070497E-02
      1132  3.5260215E-02 -9.1525910E-02
      1133  3.5436958E-02 -9.1983589E-02
      1134  3.5614586E-02 -9.2443546E-02
      1135  3.5793105E-02 -9.2905792E-02
      1136  3.5972519E-02 -9.3370337E-02
      1137  3.6152832E-02 -9.3837194E-02
      1138  3.6334049E-02 -9.4306373E-02
      1139  3.6516174E-02 -9.4777886E-02
      1140  3.6699212E-02 -9.5251745E-02
      1141  3.6883167E-02 -9.5727960E-02
      1142  3.7068045E-02 -9.6206544E-02
      1143  3.7253849E-02 -9.6687507E-02
      1144  3.7440585E-02 -9.7170863E-02
      1145  3.7628257E-02 -9.7656621E-02
      1146  3.7816869E-02 -9.8144795E-02
      1147  3.8006427E-02 -9.8635395E-02
      1148  3.8196935E-02 -9.9128434E-02
      1149  3.8388398E-02 -9.9623924E-02
      1150  3.8580821E-02 -1.0012188E-01
      1151  3.8774208E-02 -1.0062230E-01
      1152  3.8968564E-02 -1.0112522E-01
      1153  3.9163895E-02 -1.0163063E-01
      1154  3.9360205E-02 -1.0213855E-01
      1155  3.9557499E-02 -1.0264900E-01
      1156  3.9755782E-02 -1.0316198E-01
      1157  3.9955058E-02 -1.0367751E-01
      1158  4.0155334E-02 -1.0419560E-01
      1159  4.0356613E-02 -1.0471627E-01
      1160  4.0558902E-02 -1.0523952E-01
      1161  4.0762204E-02 -1.0576536E-01
      1162  4.0966525E-02 -1.0629382E-01
      1163  4.1171871E-02 -1.0682490E-01
      1164  4.1378246E-02 -1.0735862E-01
      1165  4.1585655E-02 -1.0789499E-01
      1166  4.1794104E-02 -1.0843401E-01
      1167  4.2003598E-02 -1.0897572E-01
      1168  4.2214142E-02 -1.0952011E-01
      1169  4.2425741E-02 -1.1006720E-01
      1170  4.2638401E-02 -1.1061700E-01
      1171  4.2852127E-02 -1.1116954E-01
      1172  4.3066924E-02 -1.1172481E-01
      1173  4.3282798E-02 -1.1228283E-01
      1174  4.3499754E-02 -1.1284363E-01
      1175  4.3717797E-02 -1.1340720E-01
      1176  4.3936934E-02 -1.1397357E-01
      1177  4.4157168E-02 -1.1454274E-01
      1178  4.4378507E-02 -1.1511474E-01
      1179  4.4600955E-02 -1.1568957E-01
      1180  4.4824519E-02 -1.1626725E-01
      1181  4.5049202E-02 -1.1684779E-01
      1182  4.5275012E-02 -1.1743120E-01
      1183  4.5501954E-02 -1.1801751E-01
      1184  4.5730034E-02 -1.1860672E-01
      1185  4.5959257E-02 -1.1919885E-01
      1186  4.6189628E-02 -1.1979391E-01
      1187  4.6421155E-02 -1.2039192E-01
      1188  4.6653842E-02 -1.2099288E-01
      1189  4.6887695E-02 -1.2159682E-01
      1190  4.7122721E-02 -1.2220375E-01
      1191  4.7358924E-02 -1.2281369E-01
      1192  4.7596312E-02 -1.2342664E-01
      1193  4.7834889E-02 -1.2404262E-01
      1194  4.8074663E-02 -1.2466165E-01
      1195  4.8315638E-02 -1.2528375E-01
      1196  4.8557821E-02 -1.2590892E-01
      1197  4.8801218E-02 -1.2653717E-01
      1198  4.9045835E-02 -1.2716854E-01
      1199  4.9291679E-02 -1.2780303E-01
      1200  4.9538754E-02 -1.2844065E-01
      1201  4.9787068E-02 -1.2908142E-01
      1202  5.0036627E-02 -1.2972536E-01
      1203  5.0287437E-02 -1.3037248E-01
      1204  5.0539504E-02 -1.3102280E-01
      1205  5.0792834E-02 -1.3167633E-01
      1206  5.1047434E-02 -1.3233308E-01
      1207  5.1303310E-02 -1.3299308E-01
      1208  5.1560469E-02 -1.3365634E-01
      1209  5.1818917E-02 -1.3432287E-01
      1210  5.2078661E-02 -1.3499269E-01
      1211  5.2339706E-02 -1.3566581E-01
      1212  5.2602060E-02 -1.3634226E-01
      1213  5.2865729E-02 -1.3702204E-01
      1214  5.3130719E-02 -1.3770518E-01
      1215  5.3397038E-02 -1.3839168E-01
      1216  5.3664692E-02 -1.3908157E-01
      1217  5.3933687E-02 -1.3977485E-01
      1218  5.4204031E-02 -1.4047156E-01
      1219  5.4475730E-02 -1.4117170E-01
      1220  5.4748791E-02 -1.4187528E-01
      1221  5.5023220E-02 -1.4258234E-01
      1222  5.5299025E-02 -1.4329287E-01
      1223  5.5576213E-02 -1.4400691E-01
      1224  5.5854790E-02 -1.4472446E-01
      1225  5.6134763E-02 -1.4544554E-01
      1226  5.6416140E-02 -1.4617017E-01
      1227  5.6698927E-02 -1.4689836E-01
      1228  5.6983131E-02 -1.4763014E-01
      1229  5.7268760E-02 -1.4836552E-01
      1230  5.7555821E-02 -1.4910451E-01
      1231  5.7844321E-02 -1.4984714E-01
      1232  5.8134267E-02 -1.5059342E-01
      1233  5.8425666E-02 -1.5134336E-01
      1234  5.8718526E-02 -1.5209700E-01
      1235  5.9012854E-02 -1.5285433E-01
      1236  5.9308657E-02 -1.5361538E-01
      1237  5.9605943E-02 -1.5438017E-01
      1238  5.9904719E-02 -1.5514872E-01
      1239  6.0204992E-02 -1.5592104E-01
      1240  6.0506771E-02 -1.5669714E-01
      1241  6.0810063E-02 -1.5747706E-01
      1242  6.1114874E-02 -1.5826080E-01
      1243  6.1421214E-02 -1.5904839E-01
      1244  6.1729089E-02 -1.5983983E-01
      1245  6.2038507E-02 -1.6063516E-01
      1246  6.2349477E-02 -1.6143439E-01
      1247  6.2662005E-02 -1.6223753E-01
      1248  6.2976099E-02 -1.6304460E-01
      1249  6.3291768E-02 -1.6385563E-01
      1250  6.3609020E-02 -1.6467063E-01
      1251  6.3927861E-02 -1.6548962E-01
      1252  6.4248301E-02 -1.6631262E-01
      1253  6.4570347E-02 -1.6713965E-01
      1254  6.4894007E-02 -1.6797072E-01
      1255  6.5219290E-02 -1.6880585E-01
      1256  6.5546203E-02 -1.6964507E-01
      1257  6.5874754E-02 -1.7048839E-01
      1258  6.6204953E-02 -1.7133583E-01
      1259  6.6536807E-02 -1.7218741E-01
      1260  6.6870324E-02 -1.7304315E-01
      1261  6.7205513E-02 -1.7390307E-01
      1262  6.7542382E-02 -1.7476719E-01
      1263  6.7880939E-02 -1.7563552E-01
      1264  6.8221194E-02 -1.7650809E-01
      1265  6.8563154E-02 -1.7738492E-01
      1266  6.8906828E-02 -1.7826602E-01
      1267  6.9252225E-02 -1.7915142E-01
      1268  6.9599354E-02 -1.8004113E-01
      1269  6.9948222E-02 -1.8093518E-01
      1270  7.0298839E-02 -1.8183358E-01
      1271  7.0651213E-02 -1.8273636E-01
      1272  7.1005354E-02 -1.8364353E-01
      1273  7.1361270E-02 -1.8455511E-01
      1274  7.1718969E-02 -1.8547113E-01
      1275  7.2078462E-02 -1.8639160E-01
      1276  7.2439757E-02 -1.8731655E-01
      1277  7.2802863E-02 -1.8824600E-01
      1278  7.3167789E-02 -1.8917996E-01
      1279  7.3534544E-02 -1.9011846E-01
      1280  7.3903137E-02 -1.9106151E-01
      1281  7.4273578E-02 -1.9200914E-01
      1282  7.4645876E-02 -1.9296137E-01
      1283  7.5020040E-02 -1.9391822E-01
      1284  7.5396080E-02 -1.9487971E-01
      1285  7.5774004E-02 -1.9584586E-01
      1286  7.6153823E-02 -1.9681669E-01
      1287  7.6535545E-02 -1.9779222E-01
      1288  7.6919181E-02 -1.9877248E-01
      1289  7.7304740E-02 -1.9975748E-01
      1290  7.7692232E-02 -2.0074725E-01
      1291  7.8081666E-02 -2.0174181E-01
      1292  7.8473052E-02 -2.0274117E-01
      1293  7.8866400E-02 -2.0374537E-01
      1294  7.9261719E-02 -2.0475442E-01
      1295  7.9659020E-02 -2.0576834E-01
      1296  8.0058313E-02 -2.0678715E-01
      1297  8.0459607E-02 -2.0781089E-01
      1298  8.0862912E-02 -2.0883956E-01
      1299  8.1268239E-02 -2.0987319E-01
      1300  8.1675598E-02 -2.1091181E-01
      1301  8.2084999E-02 -2.1195543E-01
      1302  8.2496451E-02 -2.1300407E-01
      1303  8.2909967E-02 -2.1405777E-01
      1304  8.3325555E-02 -2.1511653E-01
      1305  8.3743226E-02 -2.1618039E-01
      1306  8.4162990E-02 -2.1724936E-01
      1307  8.4584859E-02 -2.1832347E-01
      1308  8.5008842E-02 -2.1940274E-01
      1309  8.5434951E-02 -2.2048720E-01
      1310  8.5863195E-02 -2.2157686E-01
      1311  8.6293586E-02 -2.2267174E-01
      1312  8.6726135E-02 -2.2377188E-01
      1313  8.7160851E-02 -2.2487729E-01
      1314  8.7597747E-02 -2.2598800E-01
      1315  8.8036833E-02 -2.2710402E-01
      1316  8.8478119E-02 -2.2822539E-01
      1317  8.8921617E-02 -2.2935212E-01
      1318  8.9367339E-02 -2.3048424E-01
      1319  8.9815295E-02 -2.3162178E-01
      1320  9.0265496E-02 -2.3276474E-01
      1321  9.0717953E-02 -2.3391316E-01
      1322  9.1172679E-02 -2.3506707E-01
      1323  9.1629684E-02 -2.3622647E-01
      1324  9.2088980E-02 -2.3739141E-01
      1325  9.2550578E-02 -2.3856189E-01
      1326  9.3014489E-02 -2.3973795E-01
      1327  9.3480726E-02 -2.4091961E-01
      1328  9.3949300E-02 -2.4210689E-01
      1329  9.4420223E-02 -2.4329981E-01
      1330  9.4893507E-02 -2.4449841E-01
      1331  9.5369162E-02 -2.4570269E-01
      1332  9.5847202E-02 -2.4691269E-01
      1333  9.6327638E-02 -2.4812843E-01
      1334  9.6810483E-02 -2.4934994E-01
      1335  9.7295747E-02 -2.5057723E-01
      1336  9.7783444E-02 -2.5181034E-01
      1337  9.8273586E-02 -2.5304928E-01
      1338  9.8766184E-02 -2.5429408E-01
      1339  9.9261252E-02 -2.5554477E-01
      1340  9.9758801E-02 -2.5680136E-01
      1341  1.0025884E-01 -2.5806389E-01
      1342  1.0076139E-01 -2.5933237E-01
      1343  1.0126646E-01 -2.6060683E-01
      1344  1.0177406E-01 -2.6188730E-01
      1345  1.0228421E-01 -2.6317380E-01
      1346  1.0279691E-01 -2.6446635E-01
      1347  1.0331218E-01 -2.6576499E-01
      1348  1.0383003E-01 -2.6706972E-01
      1349  1.0435048E-01 -2.6838058E-01
      1350  1.0487354E-01 -2.6969760E-01
      1351  1.0539922E-01 -2.7102079E-01
      1352  1.0592754E-01 -2.7235018E-01
      1353  1.0645850E-01 -2.7368580E-01
      1354  1.0699213E-01 -2.7502766E-01
      1355  1.0752843E-01 -2.7637581E-01
      1356  1.0806742E-01 -2.7773025E-01
      1357  1.0860911E-01 -2.7909102E-01
      1358  1.0915351E-01 -2.8045813E-01
      1359  1.0970065E-01 -2.8183162E-01
      1360  1.1025053E-01 -2.8321151E-01
      1361  1.1080316E-01 -2.8459782E-01
      1362  1.1135856E-01 -2.8599059E-01
      1363  1.1191675E-01 -2.8738982E-01
      1364  1.1247773E-01 -2.8879555E-01
      1365  1.1304153E-01 -2.9020781E-01
      1366  1.1360815E-01 -2.9162661E-01
      1367  1.1417762E-01 -2.9305198E-01
      1368  1.1474993E-01 -2.9448396E-01
      1369  1.1532512E-01 -2.9592255E-01
      1370  1.1590319E-01 -2.9736779E-01
      1371  1.1648416E-01 -2.9881971E-01
      1372  1.1706804E-01 -3.0027832E-01
      1373  1.1765484E-01 -3.0174365E-01
      1374  1.1824459E-01 -3.0321573E-01
      1375  1.1883729E-01 -3.0469458E-01
      1376  1.1943297E-01 -3.0618022E-01
      1377  1.2003163E-01 -3.0767269E-01
      1378  1.2063329E-01 -3.0917201E-01
      1379  1.2123797E-01 -3.1067819E-01
      1380  1.2184567E-01 -3.1219127E-01
      1381  1.2245643E-01 -3.1371127E-01
      1382  1.2307024E-01 -3.1523822E-01
      1383  1.2368714E-01 -3.1677214E-01
      1384  1.2430712E-01 -3.1831305E-01
      1385  1.2493021E-01 -3.1986098E-01
      1386  1.2555643E-01 -3.2141595E-01
      1387  1.2618578E-01 -3.2297799E-01
      1388  1.2681829E-01 -3.2454713E-01
      1389  1.2745397E-01 -3.2612338E-01
      1390  1.2809284E-01 -3.2770678E-01
      1391  1.2873490E-01 -3.2929734E-01
      1392  1.2938019E-01 -3.3089509E-01
      1393  1.3002871E-01 -3.3250006E-01
      1394  1.3068048E-01 -3.3411227E-01
      1395  1.3133552E-01 -3.3573174E-01
      1396  1.3199384E-01 -3.3735850E-01
      1397  1.3265547E-01 -3.3899257E-01
      1398  1.3332040E-01 -3.4063398E-01
      1399  1.3398867E-01 -3.4228275E-01
      1400  1.3466030E-01 -3.4393891E-01
      1401  1.3533528E-01 -3.4560247E-01
      1402  1.3601365E-01 -3.4727346E-01
      1403  1.3669543E-01 -3.4895191E-01
      1404  1.3738061E-01 -3.5063784E-01
      1405  1.3806924E-01 -3.5233127E-01
      1406  1.3876131E-01 -3.5403223E-01
      1407  1.3945686E-01 -3.5574074E-01
      1408  1.4015589E-01 -3.5745682E-01
      1409  1.4085842E-01 -3.5918050E-01
      1410  1.4156448E-01 -3.6091180E-01
      1411  1.4227407E-01 -3.6265074E-01
      1412  1.4298722E-01 -3.6439735E-01
      1413  1.4370395E-01 -3.6615164E-01
      1414  1.4442427E-01 -3.6791364E-01
      1415  1.4514820E-01 -3.6968338E-01
      1416  1.4587576E-01 -3.7146087E-01
      1417  1.4660696E-01 -3.7324614E-01
      1418  1.4734183E-01 -3.7503922E-01
      1419  1.4808039E-01 -3.7684011E-01
      1420  1.4882264E-01 -3.7864885E-01
      1421  1.4956862E-01 -3.8046545E-01
      1422  1.5031834E-01 -3.8228994E-01
      1423  1.5107181E-01 -3.8412233E-01
      1424  1.5182906E-01 -3.8596266E-01
      1425  1.5259011E-01 -3.8781094E-01
      1426  1.5335497E-01 -3.8966719E-01
      1427  1.5412366E-01 -3.9153143E-01
      1428  1.5489621E-01 -3.9340369E-01
      1429  1.5567263E-01 -3.9528398E-01
      1430  1.5645294E-01 -3.9717232E-01
      1431  1.5723717E-01 -3.9906873E-01
      1432  1.5802532E-01 -4.0097324E-01
      1433  1.5881743E-01 -4.0288587E-01
      1434  1.5961350E-01 -4.0480662E-01
      1435  1.6041357E-01 -4.0673553E-01
      1436  1.6121764E-01 -4.0867260E-01
      1437  1.6202575E-01 -4.1061787E-01
      1438  1.6283791E-01 -4.1257134E-01
      1439  1.6365414E-01 -4.1453304E-01
      1440  1.6447446E-01 -4.1650298E-01
      1441  1.6529889E-01 -4.1848119E-01
      1442  1.6612745E-01 -4.2046767E-01
      1443  1.6696017E-01 -4.2246245E-01
      1444  1.6779706E-01 -4.2446554E-01
      1445  1.6863815E-01 -4.2647696E-01
      1446  1.6948345E-01 -4.2849673E-01
      1447  1.7033299E-01 -4.3052487E-01
      1448  1.7118679E-01 -4.3256138E-01
      1449  1.7204486E-01 -4.3460628E-01
      1450  1.7290724E-01 -4.3665959E-01
      1451  1.7377394E-01 -4.3872133E-01
      1452  1.7464499E-01 -4.4079150E-01
      1453  1.7552040E-01 -4.4287013E-01
      1454  1.7640020E-01 -4.4495723E-01
      1455  1.7728441E-01 -4.4705280E-01
      1456  1.7817305E-01 -4.4915687E-01
      1457  1.7906615E-01 -4.5126944E-01
      1458  1.7996372E-01 -4.5339054E-01
      1459  1.8086579E-01 -4.5552016E-01
      1460  1.8177239E-01 -4.5765833E-01
      1461  1.8268352E-01 -4.5980505E-01
      1462  1.8359923E-01 -4.6196033E-01
      1463  1.8451952E-01 -4.6412420E-01
      1464  1.8544443E-01 -4.6629664E-01
      1465  1.8637398E-01 -4.6847768E-01
      1466  1.8730818E-01 -4.7066733E-01
      1467  1.8824707E-01 -4.7286559E-01
      1468  1.8919066E-01 -4.7507247E-01
      1469  1.9013898E-01 -4.7728798E-01
      1470  1.9109206E-01 -4.7951212E-01
      1471  1.9204991E-01 -4.8174491E-01
      1472  1.9301256E-01 -4.8398635E-01
      1473  1.9398004E-01 -4.8623645E-01
      1474  1.9495237E-01 -4.8849521E-01
      1475  1.9592957E-01 -4.9076263E-01
      1476  1.9691168E-01 -4.9303873E-01
      1477  1.9789870E-01 -4.9532350E-01
      1478  1.9889067E-01 -4.9761694E-01
      1479  1.9988761E-01 -4.9991907E-01
      1480  2.0088955E-01 -5.0222988E-01
      1481  2.0189652E-01 -5.0454937E-01
      1482  2.0290853E-01 -5.0687755E-01
      1483  2.0392561E-01 -5.0921442E-01
      1484  2.0494779E-01 -5.1155997E-01
      1485  2.0597510E-01 -5.1391420E-01
      1486  2.0700755E-01 -5.1627712E-01
      1487  2.0804518E-01 -5.1864872E-01
      1488  2.0908801E-01 -5.2102899E-01
      1489  2.1013607E-01 -5.2341794E-01
      1490  2.1118938E-01 -5.2581556E-01
      1491  2.1224797E-01 -5.2822185E-01
      1492  2.1331187E-01 -5.3063679E-01
      1493  2.1438110E-01 -5.3306039E-01
      1494  2.1545569E-01 -5.3549263E-01
      1495  2.1653567E-01 -5.3793351E-01
      1496  2.1762106E-01 -5.4038302E-01
      1497  2.1871189E-01 -5.4284115E-01
      1498  2.1980818E-01 -5.4530788E-01
      1499  2.2090998E-01 -5.4778322E-01
      1500  2.2201729E-01 -5.5026714E-01
      1501  2.2313016E-01 -5.5275964E-01
      1502  2.2424860E-01 -5.5526070E-01
      1503  2.2537266E-01 -5.5777030E-01
      1504  2.2650234E-01 -5.6028843E-01
      1505  2.2763769E-01 -5.6281508E-01
      1506  2.2877873E-01 -5.6535022E-01
      1507  2.2992549E-01 -5.6789384E-01
      1508  2.3107799E-01 -5.7044592E-01
      1509  2.3223627E-01 -5.7300644E-01
      1510  2.3340036E-01 -5.7557538E-01
      1511  2.3457029E-01 -5.7815272E-01
      1512  2.3574608E-01 -5.8073843E-01
      1513  2.3692776E-01 -5.8333249E-01
      1514  2.3811536E-01 -5.8593487E-01
      1515  2.3930892E-01 -5.8854555E-01
      1516  2.4050846E-01 -5.9116450E-01
      1517  2.4171402E-01 -5.9379170E-01
      1518  2.4292561E-01 -5.9642710E-01
      1519  2.4414328E-01 -5.9907069E-01
      1520  2.4536706E-01 -6.0172243E-01
      1521  2.4659696E-01 -6.0438229E-01
      1522  2.4783304E-01 -6.0705023E-01
      1523  2.4907530E-01 -6.0972622E-01
      1524  2.5032380E-01 -6.1241021E-01
      1525  2.5157855E-01 -6.1510219E-01
      1526  2.5283960E-01 -6.1780209E-01
      1527  2.5410696E-01 -6.2050989E-01
      1528  2.5538068E-01 -6.2322554E-01
      1529  2.5666078E-01 -6.2594900E-01
      1530  2.5794729E-01 -6.2868022E-01
      1531  2.5924026E-01 -6.3141916E-01
      1532  2.6053971E-01 -6.3416577E-01
      1533  2.6184567E-01 -6.3692001E-01
      1534  2.6315818E-01 -6.3968181E-01
      1535  2.6447726E-01 -6.4245113E-01
      1536  2.6580296E-01 -6.4522792E-01
      1537  2.6713530E-01 -6.4801212E-01
      1538  2.6847432E-01 -6.5080368E-01
      1539  2.6982006E-01 -6.5360254E-01
      1540  2.7117254E-01 -6.5640863E-01
      1541  2.7253179E-01 -6.5922190E-01
      1542  2.7389786E-01 -6.6204228E-01
      1543  2.7527078E-01 -6.6486972E-01
      1544  2.7665058E-01 -6.6770414E-01
      1545  2.7803730E-01 -6.7054547E-01
      1546  2.7943097E-01 -6.7339365E-01
      1547  2.8083162E-01 -6.7624861E-01
      1548  2.8223930E-01 -6.7911027E-01
      1549  2.8365403E-01 -6.8197855E-01
      1550  2.8507585E-01 -6.8485338E-01
      1551  2.8650480E-01 -6.8773469E-01
      1552  2.8794091E-01 -6.9062239E-01
      1553  2.8938422E-01 -6.9351639E-01
      1554  2.9083476E-01 -6.9641662E-01
      1555  2.9229258E-01 -6.9932299E-01
      1556  2.9375770E-01 -7.0223540E-01
      1557  2.9523017E-01 -7.0515377E-01
      1558  2.9671001E-01 -7.0807801E-01
      1559  2.9819728E-01 -7.1100802E-01
      1560  2.9969200E-01 -7.1394370E-01
      1561  3.0119421E-01 -7.1688495E-01
      1562  3.0270395E-01 -7.1983168E-01
      1563  3.0422126E-01 -7.2278378E-01
      1564  3.0574618E-01 -7.2574114E-01
      1565  3.0727874E-01 -7.2870365E-01
      1566  3.0881898E-01 -7.3167121E-01
      1567  3.1036694E-01 -7.3464370E-01
      1568  3.1192266E-01 -7.3762101E-01
      1569  3.1348618E-01 -7.4060301E-01
      1570  3.1505754E-01 -7.4358960E-01
      1571  3.1663677E-01 -7.4658064E-01
      1572  3.1822392E-01 -7.4957600E-01
      1573  3.1981902E-01 -7.5257557E-01
      1574  3.2142212E-01 -7.5557922E-01
      1575  3.2303326E-01 -7.5858680E-01
      1576  3.2465247E-01 -7.6159818E-01
      1577  3.2627979E-01 -7.6461322E-01
      1578  3.2791528E-01 -7.6763179E-01
      1579  3.2955896E-01 -7.7065374E-01
      1580  3.3121088E-01 -7.7367892E-01
      1581  3.3287108E-01 -7.7670718E-01
      1582  3.3453961E-01 -7.7973837E-01
      1583  3.3621649E-01 -7.8277233E-01
      1584  3.3790179E-01 -7.8580891E-01
      1585  3.3959553E-01 -7.8884794E-01
      1586  3.4129776E-01 -7.9188925E-01
      1587  3.4300852E-01 -7.9493269E-01
      1588  3.4472785E-01 -7.9797807E-01
      1589  3.4645581E-01 -8.0102523E-01
      1590  3.4819243E-01 -8.0407398E-01
      1591  3.4993775E-01 -8.0712416E-01
      1592  3.5169182E-01 -8.1017556E-01
      1593  3.5345468E-01 -8.1322800E-01
      1594  3.5522638E-01 -8.1628130E-01
      1595  3.5700696E-01 -8.1933526E-01
      1596  3.5879647E-01 -8.2238968E-01
      1597  3.6059494E-01 -8.2544436E-01
      1598  3.6240243E-01 -8.2849910E-01
      1599  3.6421898E-01 -8.3155368E-01
      1600  3.6604463E-01 -8.3460789E-01
      1601  3.6787944E-01 -8.3766152E-01
      1602  3.6972344E-01 -8.4071435E-01
      1603  3.7157669E-01 -8.4376616E-01
      1604  3.7343923E-01 -8.4681671E-01
      1605  3.7531110E-01 -8.4986577E-01
      1606  3.7719235E-01 -8.5291312E-01
      1607  3.7908304E-01 -8.5595851E-01
      1608  3.8098320E-01 -8.5900170E-01
      1609  3.8289289E-01 -8.6204243E-01
      1610  3.8481214E-01 -8.6508047E-01
      1611  3.8674102E-01 -8.6811555E-01
      1612  3.8867957E-01 -8.7114741E-01
      1613  3.9062784E-01 -8.7417579E-01
      1614  3.9258587E-01 -8.7720042E-01
      1615  3.9455371E-01 -8.8022103E-01
      1616  3.9653142E-01 -8.8323734E-01
      1617  3.9851904E-01 -8.8624907E-01
      1618  4.0051663E-01 -8.8925593E-01
      1619  4.0252422E-01 -8.9225763E-01
      1620  4.0454189E-01 -8.9525387E-01
      1621  4.0656966E-01 -8.9824437E-01
      1622  4.0860760E-01 -9.0122880E-01
      1623  4.1065575E-01 -9.0420686E-01
      1624  4.1271417E-01 -9.0717823E-01
      1625  4.1478291E-01 -9.1014260E-01
      1626  4.1686202E-01 -9.1309965E-01
      1627  4.1895155E-01 -9.1604903E-01
      1628  4.2105155E-01 -9.1899043E-01
      1629  4.2316208E-01 -9.2192349E-01
      1630  4.2528319E-01 -9.2484787E-01
      1631  4.2741493E-01 -9.2776323E-01
      1632  4.2955736E-01 -9.3066920E-01
      1633  4.3171052E-01 -9.3356544E-01
      1634  4.3387448E-01 -9.3645156E-01
      1635  4.3604929E-01 -9.3932720E-01
      1636  4.3823499E-01 -9.4219199E-01
      1637  4.4043165E-01 -9.4504554E-01
      1638  4.4263933E-01 -9.4788746E-01
      1639  4.4485807E-01 -9.5071736E-01
      1640  4.4708793E-01 -9.5353484E-01
      1641  4.4932896E-01 -9.5633950E-01
      1642  4.5158123E-01 -9.5913092E-01
      1643  4.5384480E-01 -9.6190870E-01
      1644  4.5611970E-01 -9.6467239E-01
      1645  4.5840601E-01 -9.6742159E-01
      1646  4.6070378E-01 -9.7015585E-01
      1647  4.6301307E-01 -9.7287473E-01
      1648  4.6533393E-01 -9.7557779E-01
      1649  4.6766643E-01 -9.7826458E-01
      1650  4.7001061E-01 -9.8093463E-01
      1651  4.7236655E-01 -9.8358748E-01
      1652  4.7473430E-01 -9.8622266E-01
      1653  4.7711392E-01 -9.8883969E-01
      1654  4.7950546E-01 -9.9143809E-01
      1655  4.8190899E-01 -9.9401737E-01
      1656  4.8432457E-01 -9.9657703E-01
      1657  4.8675226E-01 -9.9911657E-01
      1658  4.8919211E-01 -1.0016355E+00
      1659  4.9164420E-01 -1.0041332E+00
      1660  4.9410857E-01 -1.0066093E+00
      1661  4.9658530E-01 -1.0090632E+00
      1662  4.9907445E-01 -1.0114943E+00
      1663  5.0157607E-01 -1.0139022E+00
      1664  5.0409023E-01 -1.0162862E+00
      1665  5.0661699E-01 -1.0186458E+00
      1666  5.0915642E-01 -1.0209805E+00
      1667  5.1170858E-01 -1.0232897E+00
      1668  5.1427353E-01 -1.0255727E+00
      1669  5.1685133E-01 -1.0278291E+00
      1670  5.1944206E-01 -1.0300581E+00
      1671  5.2204578E-01 -1.0322593E+00
      1672  5.2466254E-01 -1.0344320E+00
      1673  5.2729242E-01 -1.0365756E+00
      1674  5.2993549E-01 -1.0386895E+00
      1675  5.3259180E-01 -1.0407730E+00
      1676  5.3526143E-01 -1.0428256E+00
      1677  5.3794444E-01 -1.0448465E+00
      1678  5.4064090E-01 -1.0468351E+00
      1679  5.4335087E-01 -1.0487908E+00
      1680  5.4607443E-01 -1.0507129E+00
      1681  5.4881164E-01 -1.0526007E+00
      1682  5.5156257E-01 -1.0544536E+00
      1683  5.5432728E-01 -1.0562708E+00
      1684  5.5710586E-01 -1.0580517E+00
      1685  5.5989837E-01 -1.0597955E+00
      1686  5.6270487E-01 -1.0615016E+00
      1687  5.6552544E-01 -1.0631692E+00
      1688  5.6836015E-01 -1.0647977E+00
      1689  5.7120906E-01 -1.0663862E+00
      1690  5.7407226E-01 -1.0679340E+00
      1691  5.7694981E-01 -1.0694405E+00
      1692  5.7984178E-01 -1.0709047E+00
      1693  5.8274825E-01 -1.0723261E+00
      1694  5.8566929E-01 -1.0737037E+00
      1695  5.8860497E-01 -1.0750369E+00
      1696  5.9155536E-01 -1.0763248E+00
      1697  5.9452055E-01 -1.0775667E+00
      1698  5.9750059E-01 -1.0787617E+00
      1699  6.0049558E-01 -1.0799090E+00
      1700  6.0350558E-01 -1.0810079E+00
      1701  6.0653066E-01 -1.0820574E+00
      1702  6.0957091E-01 -1.0830569E+00
      1703  6.1262639E-01 -1.0840054E+00
      1704  6.1569720E-01 -1.0849020E+00
      1705  6.1878339E-01 -1.0857461E+00
      1706  6.2188506E-01 -1.0865365E+00
      1707  6.2500227E-01 -1.0872727E+00
      1708  6.2813511E-01 -1.0879535E+00
      1709  6.3128365E-01 -1.0885782E+00
      1710  6.3444797E-01 -1.0891459E+00
      1711  6.3762815E-01 -1.0896557E+00
      1712  6.4082428E-01 -1.0901067E+00
      1713  6.4403642E-01 -1.0904979E+00
      1714  6.4726467E-01 -1.0908285E+00
      1715  6.5050909E-01 -1.0910975E+00
      1716  6.5376979E-01 -1.0913041E+00
      1717  6.5704682E-01 -1.0914472E+00
      1718  6.6034028E-01 -1.0915260E+00
      1719  6.6365025E-01 -1.0915394E+00
      1720  6.6697681E-01 -1.0914866E+00
      1721  6.7032005E-01 -1.0913666E+00
      1722  6.7368004E-01 -1.0911784E+00
      1723  6.7705687E-01 -1.0909210E+00
      1724  6.8045064E-01 -1.0905935E+00
      1725  6.8386141E-01 -1.0901949E+00
      1726  6.8728928E-01 -1.0897242E+00
      1727  6.9073433E-01 -1.0891804E+00
      1728  6.9419665E-01 -1.0885625E+00
      1729  6.9767633E-01 -1.0878696E+00
      1730  7.0117344E-01 -1.0871005E+00
      1731  7.0468809E-01 -1.0862544E+00
      1732  7.0822035E-01 -1.0853301E+00
      1733  7.1177032E-01 -1.0843267E+00
      1734  7.1533809E-01 -1.0832431E+00
      1735  7.1892373E-01 -1.0820783E+00
      1736  7.2252735E-01 -1.0808314E+00
      1737  7.2614904E-01 -1.0795011E+00
      1738  7.2978887E-01 -1.0780866E+00
      1739  7.3344696E-01 -1.0765868E+00
      1740  7.3712337E-01 -1.0750006E+00
      1741  7.4081822E-01 -1.0733269E+00
      1742  7.4453159E-01 -1.0715649E+00
      1743  7.4826357E-01 -1.0697133E+00
      1744  7.5201425E-01 -1.0677712E+00
      1745  7.5578374E-01 -1.0657375E+00
      1746  7.5957212E-01 -1.0636111E+00
      1747  7.6337949E-01 -1.0613910E+00
      1748  7.6720595E-01 -1.0590762E+00
      1749  7.7105159E-01 -1.0566655E+00
      1750  7.7491650E-01 -1.0541581E+00
      1751  7.7880078E-01 -1.0515527E+00
      1752  7.8270454E-01 -1.0488483E+00
      1753  7.8662786E-01 -1.0460440E+00
      1754  7.9057085E-01 -1.0431387E+00
      1755  7.9453360E-01 -1.0401312E+00
      1756  7.9851622E-01 -1.0370207E+00
      1757  8.0251880E-01 -1.0338060E+00
      1758  8.0654144E-01 -1.0304861E+00
      1759  8.1058425E-01 -1.0270600E+00
      1760  8.1464732E-01 -1.0235267E+00
      1761  8.1873075E-01 -1.0198851E+00
      1762  8.2283466E-01 -1.0161343E+00
      1763  8.2695913E-01 -1.0122732E+00
      1764  8.3110428E-01 -1.0083009E+00
      1765  8.3527021E-01 -1.0042164E+00
      1766  8.3945702E-01 -1.0000186E+00
      1767  8.4366482E-01 -9.9570662E-01
      1768  8.4789370E-01 -9.9127948E-01
      1769  8.5214379E-01 -9.8673624E-01
      1770  8.5641518E-01 -9.8207595E-01
      1771  8.6070798E-01 -9.7729767E-01
      1772  8.6502229E-01 -9.7240048E-01
      1773  8.6935824E-01 -9.6738348E-01
      1774  8.7371591E-01 -9.6224578E-01
      1775  8.7809543E-01 -9.5698648E-01
      1776  8.8249690E-01 -9.5160473E-01
      1777  8.8692044E-01 -9.4609968E-01
      1778  8.9136614E-01 -9.4047048E-01
      1779  8.9583414E-01 -9.3471633E-01
      1780  9.0032452E-01 -9.2883641E-01
      1781  9.0483742E-01 -9.2282996E-01
      1782  9.0937293E-01 -9.1669619E-01
      1783  9.1393119E-01 -9.1043438E-01
      1784  9.1851228E-01 -9.0404380E-01
      1785  9.2311635E-01 -8.9752374E-01
      1786  9.2774349E-01 -8.9087354E-01
      1787  9.3239382E-01 -8.8409252E-01
      1788  9.3706746E-01 -8.7718008E-01
      1789  9.4176453E-01 -8.7013559E-01
      1790  9.4648515E-01 -8.6295849E-01
      1791  9.5122942E-01 -8.5564821E-01
      1792  9.5599748E-01 -8.4820424E-01
      1793  9.6078944E-01 -8.4062609E-01
      1794  9.6560542E-01 -8.3291329E-01
      1795  9.7044553E-01 -8.2506540E-01
      1796  9.7530991E-01 -8.1708204E-01
      1797  9.8019867E-01 -8.0896283E-01
      1798  9.8511194E-01 -8.0070745E-01
      1799  9.9004983E-01 -7.9231559E-01
      1800  9.9501248E-01 -7.8378701E-01
      1801  1.0000000E+00 -7.7512147E-01
      1802  1.0050125E+00 -7.6631881E-01
      1803  1.0100502E+00 -7.5737888E-01
      1804  1.0151131E+00 -7.4830158E-01
      1805  1.0202013E+00 -7.3908686E-01
      1806  1.0253151E+00 -7.2973471E-01
      1807  1.0304545E+00 -7.2024515E-01
      1808  1.0356197E+00 -7.1061828E-01
      1809  1.0408108E+00 -7.0085422E-01
      1810  1.0460279E+00 -6.9095316E-01
      1811  1.0512711E+00 -6.8091531E-01
      1812  1.0565406E+00 -6.7074097E-01
      1813  1.0618365E+00 -6.6043047E-01
      1814  1.0671590E+00 -6.4998420E-01
      1815  1.0725082E+00 -6.3940260E-01
      1816  1.0778842E+00 -6.2868619E-01
      1817  1.0832871E+00 -6.1783552E-01
      1818  1.0887171E+00 -6.0685121E-01
      1819  1.0941743E+00 -5.9573397E-01
      1820  1.0996589E+00 -5.8448452E-01
      1821  1.1051709E+00 -5.7310370E-01
      1822  1.1107106E+00 -5.6159238E-01
      1823  1.1162781E+00 -5.4995151E-01
      1824  1.1218734E+00 -5.3818211E-01
      1825  1.1274969E+00 -5.2628528E-01
      1826  1.1331485E+00 -5.1426216E-01
      1827  1.1388284E+00 -5.0211400E-01
      1828  1.1445368E+00 -4.8984212E-01
      1829  1.1502738E+00 -4.7744790E-01
      1830  1.1560396E+00 -4.6493281E-01
      1831  1.1618342E+00 -4.5229840E-01
      1832  1.1676580E+00 -4.3954629E-01
      1833  1.1735109E+00 -4.2667822E-01
      1834  1.1793931E+00 -4.1369596E-01
      1835  1.1853049E+00 -4.0060142E-01
      1836  1.1912462E+00 -3.8739656E-01
      1837  1.1972174E+00 -3.7408344E-01
      1838  1.2032184E+00 -3.6066422E-01
      1839  1.2092496E+00 -3.4714116E-01
      1840  1.2153110E+00 -3.3351658E-01
      1841  1.2214028E+00 -3.1979293E-01
      1842  1.2275251E+00 -3.0597274E-01
      1843  1.2336781E+00 -2.9205865E-01
      1844  1.2398619E+00 -2.7805338E-01
      1845  1.2460767E+00 -2.6395978E-01
      1846  1.2523227E+00 -2.4978079E-01
      1847  1.2586000E+00 -2.3551943E-01
      1848  1.2649088E+00 -2.2117887E-01
      1849  1.2712492E+00 -2.0676236E-01
      1850  1.2776213E+00 -1.9227327E-01
      1851  1.2840254E+00 -1.7771506E-01
      1852  1.2904616E+00 -1.6309133E-01
      1853  1.2969301E+00 -1.4840576E-01
      1854  1.3034310E+00 -1.3366218E-01
      1855  1.3099645E+00 -1.1886451E-01
      1856  1.3165307E+00 -1.0401678E-01
      1857  1.3231298E+00 -8.9123166E-02
      1858  1.3297620E+00 -7.4187933E-02
      1859  1.3364275E+00 -5.9215477E-02
      1860  1.3431264E+00 -4.4210313E-02
      1861  1.3498588E+00 -2.9177075E-02
      1862  1.3566250E+00 -1.4120518E-02
      1863  1.3634251E+00  9.5447926E-04
      1864  1.3702593E+00  1.6042918E-02
      1865  1.3771278E+00  3.1139676E-02
      1866  1.3840306E+00  4.6239507E-02
      1867  1.3909681E+00  6.1337042E-02
      1868  1.3979404E+00  7.6426786E-02
      1869  1.4049476E+00  9.1503121E-02
      1870  1.4119899E+00  1.0656031E-01
      1871  1.4190675E+00  1.2159247E-01
      1872  1.4261807E+00  1.3659363E-01
      1873  1.4333294E+00  1.5155767E-01
      1874  1.4405140E+00  1.6647834E-01
      1875  1.4477346E+00  1.8134930E-01
      1876  1.4549914E+00  1.9616404E-01
      1877  1.4622846E+00  2.1091597E-01
      1878  1.4696143E+00  2.2559836E-01
      1879  1.4769808E+00  2.4020436E-01
      1880  1.4843842E+00  2.5472700E-01
      1881  1.4918247E+00  2.6915920E-01
      1882  1.4993025E+00  2.8349376E-01
      1883  1.5068178E+00  2.9772335E-01
      1884  1.5143707E+00  3.1184056E-01
      1885  1.5219616E+00  3.2583783E-01
      1886  1.5295904E+00  3.3970752E-01
      1887  1.5372575E+00  3.5344187E-01
      1888  1.5449631E+00  3.6703302E-01
      1889  1.5527072E+00  3.8047300E-01
      1890  1.5604902E+00  3.9375374E-01
      1891  1.5683122E+00  4.0686709E-01
      1892  1.5761734E+00  4.1980478E-01
      1893  1.5840740E+00  4.3255848E-01
      1894  1.5920142E+00  4.4511975E-01
      1895  1.5999942E+00  4.5748008E-01
      1896  1.6080142E+00  4.6963086E-01
      1897  1.6160744E+00  4.8156344E-01
      1898  1.6241750E+00  4.9326907E-01
      1899  1.6323162E+00  5.0473895E-01
      1900  1.6404982E+00  5.1596422E-01
      1901  1.6487213E+00  5.2693594E-01
      1902  1.6569855E+00  5.3764514E-01
      1903  1.6652912E+00  5.4808282E-01
      1904  1.6736385E+00  5.5823992E-01
      1905  1.6820276E+00  5.6810733E-01
      1906  1.6904588E+00  5.7767595E-01
      1907  1.6989323E+00  5.8693664E-01
      1908  1.7074482E+00  5.9588026E-01
      1909  1.7160069E+00  6.0449763E-01
      1910  1.7246084E+00  6.1277962E-01
      1911  1.7332530E+00  6.2071706E-01
      1912  1.7419410E+00  6.2830083E-01
      1913  1.7506725E+00  6.3552183E-01
      1914  1.7594478E+00  6.4237097E-01
      1915  1.7682671E+00  6.4883923E-01
      1916  1.7771305E+00  6.5491762E-01
      1917  1.7860384E+00  6.6059721E-01
      1918  1.7949910E+00  6.6586916E-01
      1919  1.8039884E+00  6.7072468E-01
      1920  1.8130309E+00  6.7515508E-01
      1921  1.8221188E+00  6.7915176E-01
      1922  1.8312522E+00  6.8270625E-01
      1923  1.8404314E+00  6.8581017E-01
      1924  1.8496566E+00  6.8845529E-01
      1925  1.8589280E+00  6.9063349E-01
      1926  1.8682460E+00  6.9233683E-01
      1927  1.8776106E+00  6.9355752E-01
      1928  1.8870221E+00  6.9428795E-01
      1929  1.8964809E+00  6.9452067E-01
      1930  1.9059870E+00  6.9424844E-01
      1931  1.9155408E+00  6.9346424E-01
      1932  1.9251425E+00  6.9216124E-01
      1933  1.9347923E+00  6.9033285E-01
      1934  1.9444905E+00  6.8797274E-01
      1935  1.9542373E+00  6.8507480E-01
      1936  1.9640330E+00  6.8163321E-01
      1937  1.9738777E+00  6.7764240E-01
      1938  1.9837718E+00  6.7309712E-01
      1939  1.9937155E+00  6.6799239E-01
      1940  2.0037091E+00  6.6232355E-01
      1941  2.0137527E+00  6.5608625E-01
      1942  2.0238467E+00  6.4927648E-01
      1943  2.0339913E+00  6.4189057E-01
      1944  2.0441867E+00  6.3392521E-01
      1945  2.0544332E+00  6.2537741E-01
      1946  2.0647311E+00  6.1624459E-01
      1947  2.0750806E+00  6.0652454E-01
      1948  2.0854820E+00  5.9621542E-01
      1949  2.0959355E+00  5.8531578E-01
      1950  2.1064414E+00  5.7382459E-01
      1951  2.1170000E+00  5.6174121E-01
      1952  2.1276115E+00  5.4906541E-01
      1953  2.1382762E+00  5.3579736E-01
      1954  2.1489944E+00  5.2193768E-01
      1955  2.1597663E+00  5.0748739E-01
      1956  2.1705921E+00  4.9244790E-01
      1957  2.1814723E+00  4.7682109E-01
      1958  2.1924069E+00  4.6060922E-01
      1959  2.2033964E+00  4.4381493E-01
      1960  2.2144410E+00  4.2644141E-01
      1961  2.2255409E+00  4.0849207E-01
      1962  2.2366965E+00  3.8997039E-01
      1963  2.2479080E+00  3.7088269E-01
      1964  2.2591757E+00  3.5122856E-01
      1965  2.2704998E+00  3.3101699E-01
      1966  2.2818808E+00  3.1027446E-01
      1967  2.2933187E+00  2.8889550E-01
      1968  2.3048140E+00  2.6716315E-01
      1969  2.3163670E+00  2.4579863E-01
      1970  2.3279778E+00  2.2543556E-01
      1971  2.3396469E+00  2.0611110E-01
      1972  2.3513744E+00  1.8774835E-01
      1973  2.3631607E+00  1.7036900E-01
      1974  2.3750061E+00  1.5395696E-01
      1975  2.3869109E+00  1.3850077E-01
      1976  2.3988753E+00  1.2399000E-01
      1977  2.4108997E+00  1.1041108E-01
      1978  2.4229844E+00  9.7749886E-02
      1979  2.4351297E+00  8.5990827E-02
      1980  2.4473358E+00  7.5116813E-02
      1981  2.4596031E+00  6.5109261E-02
      1982  2.4719319E+00  5.5947931E-02
      1983  2.4843225E+00  4.7610830E-02
      1984  2.4967753E+00  4.0074122E-02
      1985  2.5092904E+00  3.3312030E-02
      1986  2.5218683E+00  2.7296695E-02
      1987  2.5345092E+00  2.1998043E-02
      1988  2.5472135E+00  1.7383694E-02
      1989  2.5599814E+00  1.3418825E-02
      1990  2.5728134E+00  1.0066009E-02
      1991  2.5857097E+00  7.2851212E-03
      1992  2.5986706E+00  5.0329812E-03
      1993  2.6116965E+00  3.2636534E-03
      1994  2.6247877E+00  1.9282850E-03
      1995  2.6379445E+00  9.7153404E-04
      1996  2.6511672E+00  3.4425526E-04
      1997  2.6644562E+00 -2.1075920E-05
      1998  2.6778119E+00 -2.1091022E-04
      1999  2.6912345E+00 -1.3633552E-04
      2000  2.7047243E+00  1.8870019E-05
      2001  2.7182818E+00  3.4809550E-06
      2002  2.7319073E+00  0.0000000E+00
      2003  2.7456010E+00  0.0000000E+00
      2004  2.7593634E+00  0.0000000E+00
      2005  2.7731948E+00  0.0000000E+00
      2006  2.7870955E+00  0.0000000E+00
      2007  2.8010658E+00  0.0000000E+00
      2008  2.8151062E+00  0.0000000E+00
      2009  2.8292170E+00  0.0000000E+00
      2010  2.8433985E+00  0.0000000E+00
      2011  2.8576511E+00  0.0000000E+00
      2012  2.8719752E+00  0.0000000E+00
      2013  2.8863710E+00  0.0000000E+00
      2014  2.9008390E+00  0.0000000E+00
      2015  2.9153795E+00  0.0000000E+00
      2016  2.9299929E+00  0.0000000E+00
      2017  2.9446796E+00  0.0000000E+00
      2018  2.9594398E+00  0.0000000E+00
      2019  2.9742741E+00  0.0000000E+00
      2020  2.9891827E+00  0.0000000E+00
      2021  3.0041660E+00  0.0000000E+00
      2022  3.0192245E+00  0.0000000E+00
      2023  3.0343584E+00  0.0000000E+00
      2024  3.0495682E+00  0.0000000E+00
      2025  3.0648542E+00  0.0000000E+00
      2026  3.0802168E+00  0.0000000E+00
      2027  3.0956565E+00  0.0000000E+00
      2028  3.1111735E+00  0.0000000E+00
      2029  3.1267684E+00  0.0000000E+00
      2030  3.1424414E+00  0.0000000E+00
      2031  3.1581929E+00  0.0000000E+00
      2032  3.1740234E+00  0.0000000E+00
      2033  3.1899333E+00  0.0000000E+00
      2034  3.2059229E+00  0.0000000E+00
      2035  3.2219926E+00  0.0000000E+00
      2036  3.2381429E+00  0.0000000E+00
      2037  3.2543742E+00  0.0000000E+00
      2038  3.2706868E+00  0.0000000E+00
      2039  3.2870812E+00  0.0000000E+00
      2040  3.3035578E+00  0.0000000E+00
      2041  3.3201169E+00  0.0000000E+00
      2042  3.3367591E+00  0.0000000E+00
      2043  3.3534847E+00  0.0000000E+00
      2044  3.3702941E+00  0.0000000E+00
      2045  3.3871877E+00  0.0000000E+00
      2046  3.4041661E+00  0.0000000E+00
      2047  3.4212295E+00  0.0000000E+00
      2048  3.4383785E+00  0.0000000E+00
      2049  3.4556135E+00  0.0000000E+00
      2050  3.4729348E+00  0.0000000E+00
      2051  3.4903430E+00  0.0000000E+00
      2052  3.5078384E+00  0.0000000E+00
      2053  3.5254215E+00  0.0000000E+00
      2054  3.5430927E+00  0.0000000E+00
      2055  3.5608526E+00  0.0000000E+00
      2056  3.5787014E+00  0.0000000E+00
      2057  3.5966397E+00  0.0000000E+00
      2058  3.6146680E+00  0.0000000E+00
      2059  3.6327866E+00  0.0000000E+00
      2060  3.6509960E+00  0.0000000E+00
      2061  3.6692967E+00  0.0000000E+00
      2062  3.6876891E+00  0.0000000E+00
      2063  3.7061737E+00  0.0000000E+00
      2064  3.7247510E+00  0.0000000E+00
      2065  3.7434214E+00  0.0000000E+00
      2066  3.7621854E+00  0.0000000E+00
      2067  3.7810434E+00  0.0000000E+00
      2068  3.7999959E+00  0.0000000E+00
      2069  3.8190435E+00  0.0000000E+00
      2070  3.8381865E+00  0.0000000E+00
      2071  3.8574255E+00  0.0000000E+00
      2072  3.8767610E+00  0.0000000E+00
      2073  3.8961933E+00  0.0000000E+00
      2074  3.9157231E+00  0.0000000E+00
      2075  3.9353507E+00  0.0000000E+00
      2076  3.9550767E+00  0.0000000E+00
      2077  3.9749016E+00  0.0000000E+00
      2078  3.9948259E+00  0.0000000E+00
      2079  4.0148501E+00  0.0000000E+00
      2080  4.0349746E+00  0.0000000E+00
      2081  4.0552000E+00  0.0000000E+00
      2082  4.0755267E+00  0.0000000E+00
      2083  4.0959554E+00  0.0000000E+00
      2084  4.1164865E+00  0.0000000E+00
      2085  4.1371204E+00  0.0000000E+00
      2086  4.1578578E+00  0.0000000E+00
      2087  4.1786992E+00  0.0000000E+00
      2088  4.1996450E+00  0.0000000E+00
      2089  4.2206958E+00  0.0000000E+00
      2090  4.2418521E+00  0.0000000E+00
      2091  4.2631145E+00  0.0000000E+00
      2092  4.2844835E+00  0.0000000E+00
      2093  4.3059595E+00  0.0000000E+00
      2094  4.3275432E+00  0.0000000E+00
      2095  4.3492351E+00  0.0000000E+00
      2096  4.3710358E+00  0.0000000E+00
      2097  4.3929457E+00  0.0000000E+00
      2098  4.4149654E+00  0.0000000E+00
      2099  4.4370955E+00  0.0000000E+00
      2100  4.4593366E+00  0.0000000E+00
      2101  4.4816891E+00  0.0000000E+00
      2102  4.5041536E+00  0.0000000E+00
      2103  4.5267308E+00  0.0000000E+00
      2104  4.5494211E+00  0.0000000E+00
      2105  4.5722252E+00  0.0000000E+00
      2106  4.5951436E+00  0.0000000E+00
      2107  4.6181768E+00  0.0000000E+00
      2108  4.6413255E+00  0.0000000E+00
      2109  4.6645903E+00  0.0000000E+00
      2110  4.6879716E+00  0.0000000E+00
      2111  4.7114702E+00  0.0000000E+00
      2112  4.7350865E+00  0.0000000E+00
      2113  4.7588212E+00  0.0000000E+00
      2114  4.7826749E+00  0.0000000E+00
      2115  4.8066482E+00  0.0000000E+00
      2116  4.8307416E+00  0.0000000E+00
      2117  4.8549558E+00  0.0000000E+00
      2118  4.8792914E+00  0.0000000E+00
      2119  4.9037489E+00  0.0000000E+00
      2120  4.9283291E+00  0.0000000E+00
      2121  4.9530324E+00  0.0000000E+00
      2122  4.9778596E+00  0.0000000E+00
      2123  5.0028112E+00  0.0000000E+00
      2124  5.0278879E+00  0.0000000E+00
      2125  5.0530903E+00  0.0000000E+00
      2126  5.0784190E+00  0.0000000E+00
      2127  5.1038747E+00  0.0000000E+00
      2128  5.1294580E+00  0.0000000E+00
      2129  5.1551695E+00  0.0000000E+00
      2130  5.1810099E+00  0.0000000E+00
      2131  5.2069798E+00  0.0000000E+00
      2132  5.2330799E+00  0.0000000E+00
      2133  5.2593108E+00  0.0000000E+00
      2134  5.2856732E+00  0.0000000E+00
      2135  5.3121678E+00  0.0000000E+00
      2136  5.3387951E+00  0.0000000E+00
      2137  5.3655560E+00  0.0000000E+00
      2138  5.3924509E+00  0.0000000E+00
      2139  5.4194807E+00  0.0000000E+00
      2140  5.4466460E+00  0.0000000E+00
      2141  5.4739474E+00  0.0000000E+00
      2142  5.5013857E+00  0.0000000E+00
      2143  5.5289615E+00  0.0000000E+00
      2144  5.5566755E+00  0.0000000E+00
      2145  5.5845285E+00  0.0000000E+00
      2146  5.6125210E+00  0.0000000E+00
      2147  5.6406539E+00  0.0000000E+00
      2148  5.6689278E+00  0.0000000E+00
      2149  5.6973434E+00  0.0000000E+00
      2150  5.7259015E+00  0.0000000E+00
      2151  5.7546027E+00  0.0000000E+00
      2152  5.7834477E+00  0.0000000E+00
      2153  5.8124374E+00  0.0000000E+00
      2154  5.8415724E+00  0.0000000E+00
      2155  5.8708534E+00  0.0000000E+00
      2156  5.9002811E+00  0.0000000E+00
      2157  5.9298564E+00  0.0000000E+00
      2158  5.9595799E+00  0.0000000E+00
      2159  5.9894525E+00  0.0000000E+00
      2160  6.0194747E+00  0.0000000E+00
      2161  6.0496475E+00  0.0000000E+00
      2162  6.0799714E+00  0.0000000E+00
      2163  6.1104474E+00  0.0000000E+00
      2164  6.1410762E+00  0.0000000E+00
      2165  6.1718584E+00  0.0000000E+00
      2166  6.2027950E+00  0.0000000E+00
      2167  6.2338867E+00  0.0000000E+00
      2168  6.2651341E+00  0.0000000E+00
      2169  6.2965383E+00  0.0000000E+00
      2170  6.3280998E+00  0.0000000E+00
      2171  6.3598195E+00  0.0000000E+00
      2172  6.3916983E+00  0.0000000E+00
      2173  6.4237368E+00  0.0000000E+00
      2174  6.4559359E+00  0.0000000E+00
      2175  6.4882964E+00  0.0000000E+00
      2176  6.5208191E+00  0.0000000E+00
      2177  6.5535049E+00  0.0000000E+00
      2178  6.5863544E+00  0.0000000E+00
      2179  6.6193687E+00  0.0000000E+00
      2180  6.6525484E+00  0.0000000E+00
      2181  6.6858944E+00  0.0000000E+00
      2182  6.7194076E+00  0.0000000E+00
      2183  6.7530888E+00  0.0000000E+00
      2184  6.7869388E+00  0.0000000E+00
      2185  6.8209585E+00  0.0000000E+00
      2186  6.8551487E+00  0.0000000E+00
      2187  6.8895102E+00  0.0000000E+00
      2188  6.9240441E+00  0.0000000E+00
      2189  6.9587510E+00  0.0000000E+00
      2190  6.9936319E+00  0.0000000E+00
      2191  7.0286876E+00  0.0000000E+00
      2192  7.0639190E+00  0.0000000E+00
      2193  7.0993271E+00  0.0000000E+00
      2194  7.1349126E+00  0.0000000E+00
      2195  7.1706765E+00  0.0000000E+00
      2196  7.2066197E+00  0.0000000E+00
      2197  7.2427430E+00  0.0000000E+00
      2198  7.2790474E+00  0.0000000E+00
      2199  7.3155338E+00  0.0000000E+00
      2200  7.3522030E+00  0.0000000E+00
      2201  7.3890561E+00  0.0000000E+00
      2202  7.4260939E+00  0.0000000E+00
      2203  7.4633173E+00  0.0000000E+00
      2204  7.5007274E+00  0.0000000E+00
      2205  7.5383249E+00  0.0000000E+00
      2206  7.5761109E+00  0.0000000E+00
      2207  7.6140864E+00  0.0000000E+00
      2208  7.6522521E+00  0.0000000E+00
      2209  7.6906092E+00  0.0000000E+00
      2210  7.7291585E+00  0.0000000E+00
      2211  7.7679011E+00  0.0000000E+00
      2212  7.8068379E+00  0.0000000E+00
      2213  7.8459698E+00  0.0000000E+00
      2214  7.8852979E+00  0.0000000E+00
      2215  7.9248231E+00  0.0000000E+00
      2216  7.9645465E+00  0.0000000E+00
      2217  8.0044689E+00  0.0000000E+00
      2218  8.0445915E+00  0.0000000E+00
      2219  8.0849152E+00  0.0000000E+00
      2220  8.1254410E+00  0.0000000E+00
      2221  8.1661699E+00  0.0000000E+00
      2222  8.2071030E+00  0.0000000E+00
      2223  8.2482413E+00  0.0000000E+00
      2224  8.2895858E+00  0.0000000E+00
      2225  8.3311375E+00  0.0000000E+00
      2226  8.3728975E+00  0.0000000E+00
      2227  8.4148668E+00  0.0000000E+00
      2228  8.4570465E+00  0.0000000E+00
      2229  8.4994376E+00  0.0000000E+00
      2230  8.5420412E+00  0.0000000E+00
      2231  8.5848584E+00  0.0000000E+00
      2232  8.6278902E+00  0.0000000E+00
      2233  8.6711377E+00  0.0000000E+00
      2234  8.7146019E+00  0.0000000E+00
      2235  8.7582840E+00  0.0000000E+00
      2236  8.8021851E+00  0.0000000E+00
      2237  8.8463063E+00  0.0000000E+00
      2238  8.8906486E+00  0.0000000E+00
      2239  8.9352131E+00  0.0000000E+00
      2240  8.9800011E+00  0.0000000E+00
      2241  9.0250135E+00  0.0000000E+00
      2242  9.0702516E+00  0.0000000E+00
      2243  9.1157164E+00  0.0000000E+00
      2244  9.1614091E+00  0.0000000E+00
      2245  9.2073309E+00  0.0000000E+00
      2246  9.2534828E+00  0.0000000E+00
      2247  9.2998661E+00  0.0000000E+00
      2248  9.3464819E+00  0.0000000E+00
      2249  9.3933313E+00  0.0000000E+00
      2250  9.4404156E+00  0.0000000E+00
      2251  9.4877358E+00  0.0000000E+00
      2252  9.5352933E+00  0.0000000E+00
      2253  9.5830892E+00  0.0000000E+00
      2254  9.6311246E+00  0.0000000E+00
      2255  9.6794008E+00  0.0000000E+00
      2256  9.7279190E+00  0.0000000E+00
      2257  9.7766804E+00  0.0000000E+00
      2258  9.8256862E+00  0.0000000E+00
      2259  9.8749377E+00  0.0000000E+00
      2260  9.9244360E+00  0.0000000E+00
      2261  9.9741825E+00  0.0000000E+00
      2262  1.0024178E+01  0.0000000E+00
      2263  1.0074425E+01  0.0000000E+00
      2264  1.0124923E+01  0.0000000E+00
      2265  1.0175674E+01  0.0000000E+00
      2266  1.0226680E+01  0.0000000E+00
      2267  1.0277942E+01  0.0000000E+00
      2268  1.0329460E+01  0.0000000E+00
      2269  1.0381237E+01  0.0000000E+00
      2270  1.0433273E+01  0.0000000E+00
      2271  1.0485570E+01  0.0000000E+00
      2272  1.0538129E+01  0.0000000E+00
      2273  1.0590951E+01  0.0000000E+00
      2274  1.0644039E+01  0.0000000E+00
      2275  1.0697392E+01  0.0000000E+00
      2276  1.0751013E+01  0.0000000E+00
      2277  1.0804903E+01  0.0000000E+00
      2278  1.0859063E+01  0.0000000E+00
      2279  1.0913494E+01  0.0000000E+00
      2280  1.0968198E+01  0.0000000E+00
      2281  1.1023176E+01  0.0000000E+00
      2282  1.1078430E+01  0.0000000E+00
      2283  1.1133961E+01  0.0000000E+00
      2284  1.1189770E+01  0.0000000E+00
      2285  1.1245859E+01  0.0000000E+00
      2286  1.1302229E+01  0.0000000E+00
      2287  1.1358882E+01  0.0000000E+00
      2288  1.1415819E+01  0.0000000E+00
      2289  1.1473041E+01  0.0000000E+00
      2290  1.1530550E+01  0.0000000E+00
      2291  1.1588347E+01  0.0000000E+00
      2292  1.1646434E+01  0.0000000E+00
      2293  1.1704812E+01  0.0000000E+00
      2294  1.1763482E+01  0.0000000E+00
      2295  1.1822447E+01  0.0000000E+00
      2296  1.1881707E+01  0.0000000E+00
      2297  1.1941264E+01  0.0000000E+00
      2298  1.2001120E+01  0.0000000E+00
      2299  1.2061276E+01  0.0000000E+00
      2300  1.2121734E+01  0.0000000E+00
      2301  1.2182494E+01  0.0000000E+00
      2302  1.2243559E+01  0.0000000E+00
      2303  1.2304930E+01  0.0000000E+00
      2304  1.2366609E+01  0.0000000E+00
      2305  1.2428597E+01  0.0000000E+00
      2306  1.2490895E+01  0.0000000E+00
      2307  1.2553506E+01  0.0000000E+00
      2308  1.2616431E+01  0.0000000E+00
      2309  1.2679671E+01  0.0000000E+00
      2310  1.2743228E+01  0.0000000E+00
      2311  1.2807104E+01  0.0000000E+00
      2312  1.2871300E+01  0.0000000E+00
      2313  1.2935817E+01  0.0000000E+00
      2314  1.3000658E+01  0.0000000E+00
      2315  1.3065824E+01  0.0000000E+00
      2316  1.3131317E+01  0.0000000E+00
      2317  1.3197138E+01  0.0000000E+00
      2318  1.3263289E+01  0.0000000E+00
      2319  1.3329772E+01  0.0000000E+00
      2320  1.3396587E+01  0.0000000E+00
      2321  1.3463738E+01  0.0000000E+00
      2322  1.3531225E+01  0.0000000E+00
      2323  1.3599051E+01  0.0000000E+00
      2324  1.3667216E+01  0.0000000E+00
      2325  1.3735724E+01  0.0000000E+00
      2326  1.3804574E+01  0.0000000E+00
      2327  1.3873770E+01  0.0000000E+00
      2328  1.3943312E+01  0.0000000E+00
      2329  1.4013204E+01  0.0000000E+00
      2330  1.4083445E+01  0.0000000E+00
      2331  1.4154039E+01  0.0000000E+00
      2332  1.4224986E+01  0.0000000E+00
      2333  1.4296289E+01  0.0000000E+00
      2334  1.4367950E+01  0.0000000E+00
      2335  1.4439969E+01  0.0000000E+00
      2336  1.4512350E+01  0.0000000E+00
      2337  1.4585093E+01  0.0000000E+00
      2338  1.4658201E+01  0.0000000E+00
      2339  1.4731676E+01  0.0000000E+00
      2340  1.4805519E+01  0.0000000E+00
      2341  1.4879732E+01  0.0000000E+00
      2342  1.4954317E+01  0.0000000E+00
