         1  1.2340980E-04  4.4667330E-12
         2  1.2402840E-04  4.5342390E-12
         3  1.2465009E-04  4.6027652E-12
         4  1.2527490E-04  4.6723271E-12
         5  1.2590285E-04  4.7429403E-12
         6  1.2653394E-04  4.8146207E-12
         7  1.2716819E-04  4.8873843E-12
         8  1.2780563E-04  4.9612477E-12
         9  1.2844625E-04  5.0362274E-12
        10  1.2909009E-04  5.1123402E-12
        11  1.2973716E-04  5.1896033E-12
        12  1.3038747E-04  5.2680341E-12
        13  1.3104104E-04  5.3476503E-12
        14  1.3169789E-04  5.4284696E-12
        15  1.3235802E-04  5.5105105E-12
        16  1.3302147E-04  5.5937912E-12
        17  1.3368824E-04  5.6783305E-12
        18  1.3435836E-04  5.7641475E-12
        19  1.3503183E-04  5.8512614E-12
        20  1.3570868E-04  5.9396919E-12
        21  1.3638893E-04  6.0294588E-12
        22  1.3707258E-04  6.1205824E-12
        23  1.3775966E-04  6.2130832E-12
        24  1.3845018E-04  6.3069819E-12
        25  1.3914417E-04  6.4022997E-12
        26  1.3984163E-04  6.4990581E-12
        27  1.4054259E-04  6.5972788E-12
        28  1.4124706E-04  6.6969839E-12
        29  1.4195506E-04  6.7981958E-12
        30  1.4266662E-04  6.9009374E-12
        31  1.4338174E-04  7.0052317E-12
        32  1.4410044E-04  7.1111022E-12
        33  1.4482275E-04  7.2185728E-12
        34  1.4554867E-04  7.3276676E-12
        35  1.4627824E-04  7.4384111E-12
        36  1.4701146E-04  7.5508283E-12
        37  1.4774836E-04  7.6649444E-12
        38  1.4848895E-04  7.7807852E-12
        39  1.4923326E-04  7.8983767E-12
        40  1.4998129E-04  8.0177454E-12
        41  1.5073308E-04  8.1389181E-12
        42  1.5148863E-04  8.2619221E-12
        43  1.5224797E-04  8.3867851E-12
        44  1.5301111E-04  8.5135351E-12
        45  1.5377809E-04  8.6422007E-12
        46  1.5454890E-04  8.7728108E-12
        47  1.5532358E-04  8.9053949E-12
        48  1.5610214E-04  9.0399827E-12
        49  1.5688461E-04  9.1766045E-12
        50  1.5767100E-04  9.3152911E-12
        51  1.5846133E-04  9.4560737E-12
        52  1.5925562E-04  9.5989840E-12
        53  1.6005389E-04  9.7440541E-12
        54  1.6085616E-04  9.8913166E-12
        55  1.6166246E-04  1.0040805E-11
        56  1.6247279E-04  1.0192552E-11
        57  1.6328719E-04  1.0346593E-11
        58  1.6410567E-04  1.0502961E-11
        59  1.6492825E-04  1.0661693E-11
        60  1.6575496E-04  1.0822824E-11
        61  1.6658581E-04  1.0986390E-11
        62  1.6742083E-04  1.1152428E-11
        63  1.6826003E-04  1.1320976E-11
        64  1.6910343E-04  1.1492070E-11
        65  1.6995107E-04  1.1665751E-11
        66  1.7080295E-04  1.1842056E-11
        67  1.7165910E-04  1.2021026E-11
        68  1.7251955E-04  1.2202700E-11
        69  1.7338431E-04  1.2387120E-11
        70  1.7425340E-04  1.2574328E-11
        71  1.7512685E-04  1.2764364E-11
        72  1.7600468E-04  1.2957273E-11
        73  1.7688690E-04  1.3153097E-11
        74  1.7777355E-04  1.3351881E-11
        75  1.7866465E-04  1.3553669E-11
        76  1.7956021E-04  1.3758506E-11
        77  1.8046025E-04  1.3966439E-11
        78  1.8136482E-04  1.4177515E-11
        79  1.8227391E-04  1.4391781E-11
        80  1.8318756E-04  1.4609285E-11
        81  1.8410579E-04  1.4830076E-11
        82  1.8502863E-04  1.5054204E-11
        83  1.8595609E-04  1.5281719E-11
        84  1.8688820E-04  1.5512672E-11
        85  1.8782498E-04  1.5747116E-11
        86  1.8876645E-04  1.5985103E-11
        87  1.8971265E-04  1.6226687E-11
        88  1.9066359E-04  1.6471922E-11
        89  1.9161929E-04  1.6720864E-11
        90  1.9257979E-04  1.6973567E-11
        91  1.9354510E-04  1.7230090E-11
        92  1.9451525E-04  1.7490489E-11
        93  1.9549026E-04  1.7754824E-11
        94  1.9647016E-04  1.8023154E-11
        95  1.9745497E-04  1.8295539E-11
        96  1.9844472E-04  1.8572041E-11
        97  1.9943943E-04  1.8852721E-11
        98  2.0043912E-04  1.9137643E-11
        99  2.0144382E-04  1.9426872E-11
       100  2.0245357E-04  1.9720471E-11
       101  2.0346837E-04  2.0018508E-11
       102  2.0448826E-04  2.0321049E-11
       103  2.0551326E-04  2.0628162E-11
       104  2.0654340E-04  2.0939917E-11
       105  2.0757870E-04  2.1256384E-11
       106  2.0861920E-04  2.1577633E-11
       107  2.0966490E-04  2.1903737E-11
       108  2.1071585E-04  2.2234769E-11
       109  2.1177207E-04  2.2570805E-11
       110  2.1283358E-04  2.2911919E-11
       111  2.1390042E-04  2.3258188E-11
       112  2.1497260E-04  2.3609691E-11
       113  2.1605015E-04  2.3966506E-11
       114  2.1713311E-04  2.4328713E-11
       115  2.1822149E-04  2.4696394E-11
       116  2.1931533E-04  2.5069632E-11
       117  2.2041465E-04  2.5448511E-11
       118  2.2151949E-04  2.5833116E-11
       119  2.2262986E-04  2.6223534E-11
       120  2.2374579E-04  2.6619852E-11
       121  2.2486732E-04  2.7022159E-11
       122  2.2599448E-04  2.7430547E-11
       123  2.2712728E-04  2.7845107E-11
       124  2.2826576E-04  2.8265932E-11
       125  2.2940995E-04  2.8693116E-11
       126  2.3055987E-04  2.9126757E-11
       127  2.3171555E-04  2.9566952E-11
       128  2.3287703E-04  3.0013799E-11
       129  2.3404433E-04  3.0467400E-11
       130  2.3521749E-04  3.0927855E-11
       131  2.3639652E-04  3.1395270E-11
       132  2.3758146E-04  3.1869749E-11
       133  2.3877234E-04  3.2351398E-11
       134  2.3996919E-04  3.2840327E-11
       135  2.4117204E-04  3.3336645E-11
       136  2.4238092E-04  3.3840464E-11
       137  2.4359586E-04  3.4351897E-11
       138  2.4481689E-04  3.4871060E-11
       139  2.4604404E-04  3.5398068E-11
       140  2.4727734E-04  3.5933041E-11
       141  2.4851683E-04  3.6476100E-11
       142  2.4976252E-04  3.7027366E-11
       143  2.5101446E-04  3.7586962E-11
       144  2.5227268E-04  3.8155017E-11
       145  2.5353720E-04  3.8731656E-11
       146  2.5480806E-04  3.9317010E-11
       147  2.5608529E-04  3.9911210E-11
       148  2.5736892E-04  4.0514391E-11
       149  2.5865899E-04  4.1126688E-11
       150  2.5995552E-04  4.1748238E-11
       151  2.6125856E-04  4.2379182E-11
       152  2.6256812E-04  4.3019661E-11
       153  2.6388425E-04  4.3669820E-11
       154  2.6520697E-04  4.4329805E-11
       155  2.6653633E-04  4.4999764E-11
       156  2.6787235E-04  4.5679848E-11
       157  2.6921506E-04  4.6370211E-11
       158  2.7056451E-04  4.7071007E-11
       159  2.7192072E-04  4.7782394E-11
       160  2.7328373E-04  4.8504532E-11
       161  2.7465357E-04  4.9237584E-11
       162  2.7603028E-04  4.9981715E-11
       163  2.7741388E-04  5.0737092E-11
       164  2.7880443E-04  5.1503885E-11
       165  2.8020194E-04  5.2282267E-11
       166  2.8160646E-04  5.3072412E-11
       167  2.8301802E-04  5.3874499E-11
       168  2.8443665E-04  5.4688707E-11
       169  2.8586239E-04  5.5515221E-11
       170  2.8729529E-04  5.6354227E-11
       171  2.8873536E-04  5.7205912E-11
       172  2.9018265E-04  5.8070468E-11
       173  2.9163720E-04  5.8948091E-11
       174  2.9309904E-04  5.9838977E-11
       175  2.9456820E-04  6.0743328E-11
       176  2.9604473E-04  6.1661345E-11
       177  2.9752866E-04  6.2593237E-11
       178  2.9902003E-04  6.3539213E-11
       179  3.0051887E-04  6.4499485E-11
       180  3.0202523E-04  6.5474270E-11
       181  3.0353914E-04  6.6463787E-11
       182  3.0506063E-04  6.7468258E-11
       183  3.0658976E-04  6.8487910E-11
       184  3.0812654E-04  6.9522973E-11
       185  3.0967104E-04  7.0573678E-11
       186  3.1122327E-04  7.1640262E-11
       187  3.1278328E-04  7.2722966E-11
       188  3.1435111E-04  7.3822033E-11
       189  3.1592681E-04  7.4937710E-11
       190  3.1751040E-04  7.6070249E-11
       191  3.1910192E-04  7.7219903E-11
       192  3.2070143E-04  7.8386933E-11
       193  3.2230895E-04  7.9571599E-11
       194  3.2392453E-04  8.0774170E-11
       195  3.2554821E-04  8.1994915E-11
       196  3.2718003E-04  8.3234110E-11
       197  3.2882002E-04  8.4492032E-11
       198  3.3046824E-04  8.5768966E-11
       199  3.3212472E-04  8.7065197E-11
       200  3.3378950E-04  8.8381019E-11
       201  3.3546263E-04  8.9716727E-11
       202  3.3714414E-04  9.1072622E-11
       203  3.3883408E-04  9.2449008E-11
       204  3.4053250E-04  9.3846196E-11
       205  3.4223942E-04  9.5264500E-11
       206  3.4395490E-04  9.6704238E-11
       207  3.4567899E-04  9.8165736E-11
       208  3.4741171E-04  9.9649321E-11
       209  3.4915312E-04  1.0115533E-10
       210  3.5090325E-04  1.0268409E-10
       211  3.5266216E-04  1.0423597E-10
       212  3.5442989E-04  1.0581129E-10
       213  3.5620648E-04  1.0741042E-10
       214  3.5799197E-04  1.0903372E-10
       215  3.5978641E-04  1.1068156E-10
       216  3.6158985E-04  1.1235430E-10
       217  3.6340233E-04  1.1405231E-10
       218  3.6522389E-04  1.1577599E-10
       219  3.6705458E-04  1.1752572E-10
       220  3.6889445E-04  1.1930190E-10
       221  3.7074354E-04  1.2110491E-10
       222  3.7260190E-04  1.2293518E-10
       223  3.7446957E-04  1.2479311E-10
       224  3.7634661E-04  1.2667911E-10
       225  3.7823306E-04  1.2859362E-10
       226  3.8012896E-04  1.3053707E-10
       227  3.8203436E-04  1.3250988E-10
       228  3.8394932E-04  1.3451251E-10
       229  3.8587387E-04  1.3654541E-10
       230  3.8780807E-04  1.3860903E-10
       231  3.8975197E-04  1.4070384E-10
       232  3.9170561E-04  1.4283030E-10
       233  3.9366904E-04  1.4498890E-10
       234  3.9564231E-04  1.4718013E-10
       235  3.9762548E-04  1.4940447E-10
       236  3.9961859E-04  1.5166243E-10
       237  4.0162168E-04  1.5395452E-10
       238  4.0363482E-04  1.5628124E-10
       239  4.0565805E-04  1.5864313E-10
       240  4.0769142E-04  1.6104071E-10
       241  4.0973498E-04  1.6347453E-10
       242  4.1178878E-04  1.6594513E-10
       243  4.1385288E-04  1.6845307E-10
       244  4.1592733E-04  1.7099892E-10
       245  4.1801217E-04  1.7358323E-10
       246  4.2010747E-04  1.7620661E-10
       247  4.2221327E-04  1.7886963E-10
       248  4.2432962E-04  1.8157290E-10
       249  4.2645658E-04  1.8431702E-10
       250  4.2859420E-04  1.8710262E-10
       251  4.3074254E-04  1.8993031E-10
       252  4.3290165E-04  1.9280074E-10
       253  4.3507158E-04  1.9571455E-10
       254  4.3725238E-04  1.9867239E-10
       255  4.3944412E-04  2.0167494E-10
       256  4.4164684E-04  2.0472287E-10
       257  4.4386060E-04  2.0781686E-10
       258  4.4608546E-04  2.1095761E-10
       259  4.4832148E-04  2.1414583E-10
       260  4.5056870E-04  2.1738222E-10
       261  4.5282718E-04  2.2066754E-10
       262  4.5509699E-04  2.2400250E-10
       263  4.5737817E-04  2.2738786E-10
       264  4.5967079E-04  2.3082439E-10
       265  4.6197490E-04  2.3431285E-10
       266  4.6429056E-04  2.3785404E-10
       267  4.6661782E-04  2.4144874E-10
       268  4.6895676E-04  2.4509777E-10
       269  4.7130741E-04  2.4880195E-10
       270  4.7366985E-04  2.5256211E-10
       271  4.7604413E-04  2.5637910E-10
       272  4.7843031E-04  2.6025377E-10
       273  4.8082845E-04  2.6418700E-10
       274  4.8323861E-04  2.6817968E-10
       275  4.8566086E-04  2.7223270E-10
       276  4.8809524E-04  2.7634697E-10
       277  4.9054183E-04  2.8052341E-10
       278  4.9300068E-04  2.8476298E-10
       279  4.9547186E-04  2.8906662E-10
       280  4.9795542E-04  2.9343531E-10
       281  5.0045143E-04  2.9787001E-10
       282  5.0295996E-04  3.0237174E-10
       283  5.0548105E-04  3.0694151E-10
       284  5.0801479E-04  3.1158033E-10
       285  5.1056122E-04  3.1628927E-10
       286  5.1312042E-04  3.2106937E-10
       287  5.1569245E-04  3.2592171E-10
       288  5.1827737E-04  3.3084738E-10
       289  5.2087524E-04  3.3584750E-10
       290  5.2348614E-04  3.4092318E-10
       291  5.2611013E-04  3.4607558E-10
       292  5.2874727E-04  3.5130584E-10
       293  5.3139762E-04  3.5661515E-10
       294  5.3406126E-04  3.6200470E-10
       295  5.3673826E-04  3.6747570E-10
       296  5.3942867E-04  3.7302938E-10
       297  5.4213257E-04  3.7866700E-10
       298  5.4485002E-04  3.8438982E-10
       299  5.4758109E-04  3.9019912E-10
       300  5.5032585E-04  3.9609623E-10
       301  5.5308437E-04  4.0208245E-10
       302  5.5585672E-04  4.0815915E-10
       303  5.5864296E-04  4.1432769E-10
       304  5.6144317E-04  4.2058945E-10
       305  5.6425742E-04  4.2694584E-10
       306  5.6708577E-04  4.3339830E-10
       307  5.6992830E-04  4.3994828E-10
       308  5.7278507E-04  4.4659725E-10
       309  5.7565617E-04  4.5334670E-10
       310  5.7854166E-04  4.6019816E-10
       311  5.8144161E-04  4.6715316E-10
       312  5.8435610E-04  4.7421328E-10
       313  5.8728520E-04  4.8138009E-10
       314  5.9022898E-04  4.8865522E-10
       315  5.9318751E-04  4.9604030E-10
       316  5.9616088E-04  5.0353698E-10
       317  5.9914915E-04  5.1114697E-10
       318  6.0215239E-04  5.1887197E-10
       319  6.0517069E-04  5.2671371E-10
       320  6.0820413E-04  5.3467397E-10
       321  6.1125276E-04  5.4275453E-10
       322  6.1431668E-04  5.5095722E-10
       323  6.1739595E-04  5.5928387E-10
       324  6.2049066E-04  5.6773636E-10
       325  6.2360089E-04  5.7631660E-10
       326  6.2672670E-04  5.8502651E-10
       327  6.2986818E-04  5.9386805E-10
       328  6.3302541E-04  6.0284321E-10
       329  6.3619846E-04  6.1195402E-10
       330  6.3938742E-04  6.2120252E-10
       331  6.4259236E-04  6.3059079E-10
       332  6.4581337E-04  6.4012095E-10
       333  6.4905052E-04  6.4979514E-10
       334  6.5230390E-04  6.5961554E-10
       335  6.5557359E-04  6.6958435E-10
       336  6.5885966E-04  6.7970382E-10
       337  6.6216221E-04  6.8997623E-10
       338  6.6548131E-04  7.0040388E-10
       339  6.6881705E-04  7.1098913E-10
       340  6.7216951E-04  7.2173435E-10
       341  6.7553878E-04  7.3264197E-10
       342  6.7892493E-04  7.4371443E-10
       343  6.8232805E-04  7.5495424E-10
       344  6.8574824E-04  7.6636391E-10
       345  6.8918556E-04  7.7794601E-10
       346  6.9264012E-04  7.8970316E-10
       347  6.9611199E-04  8.0163799E-10
       348  6.9960127E-04  8.1375320E-10
       349  7.0310804E-04  8.2605150E-10
       350  7.0663238E-04  8.3853567E-10
       351  7.1017439E-04  8.5120852E-10
       352  7.1373415E-04  8.6407288E-10
       353  7.1731176E-04  8.7713167E-10
       354  7.2090730E-04  8.9038782E-10
       355  7.2452086E-04  9.0384430E-10
       356  7.2815254E-04  9.1750416E-10
       357  7.3180242E-04  9.3137046E-10
       358  7.3547059E-04  9.4544632E-10
       359  7.3915716E-04  9.5973491E-10
       360  7.4286220E-04  9.7423944E-10
       361  7.4658581E-04  9.8896319E-10
       362  7.5032809E-04  1.0039094E-09
       363  7.5408912E-04  1.0190816E-09
       364  7.5786901E-04  1.0344830E-09
       365  7.6166784E-04  1.0501172E-09
       366  7.6548572E-04  1.0659877E-09
       367  7.6932273E-04  1.0820981E-09
       368  7.7317898E-04  1.0984519E-09
       369  7.7705455E-04  1.1150529E-09
       370  7.8094956E-04  1.1319047E-09
       371  7.8486408E-04  1.1490113E-09
       372  7.8879823E-04  1.1663764E-09
       373  7.9275210E-04  1.1840039E-09
       374  7.9672578E-04  1.2018978E-09
       375  8.0071939E-04  1.2200622E-09
       376  8.0473301E-04  1.2385010E-09
       377  8.0876675E-04  1.2572186E-09
       378  8.1282071E-04  1.2762190E-09
       379  8.1689499E-04  1.2955066E-09
       380  8.2098970E-04  1.3150856E-09
       381  8.2510492E-04  1.3349606E-09
       382  8.2924078E-04  1.3551360E-09
       383  8.3339737E-04  1.3756162E-09
       384  8.3757479E-04  1.3964060E-09
       385  8.4177315E-04  1.4175100E-09
       386  8.4599255E-04  1.4389329E-09
       387  8.5023311E-04  1.4606796E-09
       388  8.5449492E-04  1.4827549E-09
       389  8.5877809E-04  1.5051639E-09
       390  8.6308274E-04  1.5279115E-09
       391  8.6740896E-04  1.5510029E-09
       392  8.7175686E-04  1.5744433E-09
       393  8.7612656E-04  1.5982380E-09
       394  8.8051816E-04  1.6223923E-09
       395  8.8493178E-04  1.6469116E-09
       396  8.8936752E-04  1.6718015E-09
       397  8.9382549E-04  1.6970675E-09
       398  8.9830581E-04  1.7227154E-09
       399  9.0280859E-04  1.7487509E-09
       400  9.0733394E-04  1.7751799E-09
       401  9.1188197E-04  1.8020083E-09
       402  9.1645279E-04  1.8292421E-09
       403  9.2104653E-04  1.8568876E-09
       404  9.2566330E-04  1.8849508E-09
       405  9.3030320E-04  1.9134382E-09
       406  9.3496637E-04  1.9423561E-09
       407  9.3965291E-04  1.9717111E-09
       408  9.4436294E-04  2.0015097E-09
       409  9.4909657E-04  2.0317586E-09
       410  9.5385394E-04  2.0624647E-09
       411  9.5863515E-04  2.0936349E-09
       412  9.6344033E-04  2.1252761E-09
       413  9.6826960E-04  2.1573955E-09
       414  9.7312307E-04  2.1900004E-09
       415  9.7800087E-04  2.2230980E-09
       416  9.8290312E-04  2.2566958E-09
       417  9.8782994E-04  2.2908014E-09
       418  9.9278146E-04  2.3254224E-09
       419  9.9775780E-04  2.3605667E-09
       420  1.0027591E-03  2.3962421E-09
       421  1.0077854E-03  2.4324566E-09
       422  1.0128370E-03  2.4692185E-09
       423  1.0179138E-03  2.5065359E-09
       424  1.0230162E-03  2.5444174E-09
       425  1.0281440E-03  2.5828713E-09
       426  1.0332976E-03  2.6219064E-09
       427  1.0384771E-03  2.6615314E-09
       428  1.0436825E-03  2.7017553E-09
       429  1.0489139E-03  2.7425871E-09
       430  1.0541716E-03  2.7840360E-09
       431  1.0594557E-03  2.8261113E-09
       432  1.0647662E-03  2.8688225E-09
       433  1.0701034E-03  2.9121792E-09
       434  1.0754673E-03  2.9561911E-09
       435  1.0808581E-03  3.0008682E-09
       436  1.0862759E-03  3.0462205E-09
       437  1.0917209E-03  3.0922582E-09
       438  1.0971932E-03  3.1389917E-09
       439  1.1026929E-03  3.1864315E-09
       440  1.1082202E-03  3.2345882E-09
       441  1.1137751E-03  3.2834728E-09
       442  1.1193580E-03  3.3330961E-09
       443  1.1249688E-03  3.3834694E-09
       444  1.1306077E-03  3.4346040E-09
       445  1.1362749E-03  3.4865113E-09
       446  1.1419705E-03  3.5392032E-09
       447  1.1476947E-03  3.5926914E-09
       448  1.1534475E-03  3.6469880E-09
       449  1.1592292E-03  3.7021051E-09
       450  1.1650398E-03  3.7580552E-09
       451  1.1708796E-03  3.8148510E-09
       452  1.1767487E-03  3.8725050E-09
       453  1.1826472E-03  3.9310304E-09
       454  1.1885752E-03  3.9904403E-09
       455  1.1945330E-03  4.0507481E-09
       456  1.2005206E-03  4.1119673E-09
       457  1.2065382E-03  4.1741117E-09
       458  1.2125860E-03  4.2371953E-09
       459  1.2186641E-03  4.3012323E-09
       460  1.2247727E-03  4.3662371E-09
       461  1.2309119E-03  4.4322243E-09
       462  1.2370819E-03  4.4992088E-09
       463  1.2432828E-03  4.5672056E-09
       464  1.2495148E-03  4.6362300E-09
       465  1.2557780E-03  4.7062977E-09
       466  1.2620726E-03  4.7774242E-09
       467  1.2683988E-03  4.8496257E-09
       468  1.2747566E-03  4.9229184E-09
       469  1.2811464E-03  4.9973188E-09
       470  1.2875681E-03  5.0728435E-09
       471  1.2940221E-03  5.1495097E-09
       472  1.3005084E-03  5.2273346E-09
       473  1.3070272E-03  5.3063356E-09
       474  1.3135787E-03  5.3865306E-09
       475  1.3201631E-03  5.4679375E-09
       476  1.3267804E-03  5.5505748E-09
       477  1.3334309E-03  5.6344609E-09
       478  1.3401148E-03  5.7196149E-09
       479  1.3468321E-03  5.8060558E-09
       480  1.3535832E-03  5.8938030E-09
       481  1.3603680E-03  5.9828764E-09
       482  1.3671869E-03  6.0732960E-09
       483  1.3740400E-03  6.1650821E-09
       484  1.3809274E-03  6.2582553E-09
       485  1.3878493E-03  6.3528367E-09
       486  1.3948059E-03  6.4488475E-09
       487  1.4017974E-03  6.5463093E-09
       488  1.4088240E-03  6.6452441E-09
       489  1.4158857E-03  6.7456740E-09
       490  1.4229829E-03  6.8476218E-09
       491  1.4301156E-03  6.9511103E-09
       492  1.4372841E-03  7.0561629E-09
       493  1.4444885E-03  7.1628031E-09
       494  1.4517290E-03  7.2710549E-09
       495  1.4590058E-03  7.3809428E-09
       496  1.4663191E-03  7.4924914E-09
       497  1.4736691E-03  7.6057259E-09
       498  1.4810559E-03  7.7206717E-09
       499  1.4884797E-03  7.8373546E-09
       500  1.4959408E-03  7.9558010E-09
       501  1.5034392E-03  8.0760375E-09
       502  1.5109752E-03  8.1980911E-09
       503  1.5185490E-03  8.3219894E-09
       504  1.5261608E-03  8.4477601E-09
       505  1.5338107E-03  8.5754315E-09
       506  1.5414989E-03  8.7050325E-09
       507  1.5492257E-03  8.8365922E-09
       508  1.5569913E-03  8.9701401E-09
       509  1.5647957E-03  9.1057064E-09
       510  1.5726393E-03  9.2433214E-09
       511  1.5805222E-03  9.3830163E-09
       512  1.5884446E-03  9.5248223E-09
       513  1.5964067E-03  9.6687715E-09
       514  1.6044087E-03  9.8148962E-09
       515  1.6124508E-03  9.9632293E-09
       516  1.6205333E-03  1.0113804E-08
       517  1.6286562E-03  1.0266655E-08
       518  1.6368199E-03  1.0421815E-08
       519  1.6450245E-03  1.0579321E-08
       520  1.6532702E-03  1.0739207E-08
       521  1.6615573E-03  1.0901509E-08
       522  1.6698859E-03  1.1066264E-08
       523  1.6782562E-03  1.1233509E-08
       524  1.6866685E-03  1.1403282E-08
       525  1.6951230E-03  1.1575620E-08
       526  1.7036198E-03  1.1750563E-08
       527  1.7121592E-03  1.1928150E-08
       528  1.7207415E-03  1.2108421E-08
       529  1.7293667E-03  1.2291416E-08
       530  1.7380352E-03  1.2477177E-08
       531  1.7467471E-03  1.2665745E-08
       532  1.7555027E-03  1.2857163E-08
       533  1.7643022E-03  1.3051474E-08
       534  1.7731458E-03  1.3248722E-08
       535  1.7820338E-03  1.3448951E-08
       536  1.7909663E-03  1.3652205E-08
       537  1.7999435E-03  1.3858532E-08
       538  1.8089658E-03  1.4067977E-08
       539  1.8180332E-03  1.4280587E-08
       540  1.8271462E-03  1.4496410E-08
       541  1.8363048E-03  1.4715495E-08
       542  1.8455093E-03  1.4937891E-08
       543  1.8547599E-03  1.5163648E-08
       544  1.8640570E-03  1.5392817E-08
       545  1.8734006E-03  1.5625450E-08
       546  1.8827911E-03  1.5861598E-08
       547  1.8922286E-03  1.6101315E-08
       548  1.9017134E-03  1.6344655E-08
       549  1.9112458E-03  1.6591673E-08
       550  1.9208260E-03  1.6842424E-08
       551  1.9304541E-03  1.7096964E-08
       552  1.9401306E-03  1.7355352E-08
       553  1.9498555E-03  1.7617644E-08
       554  1.9596292E-03  1.7883901E-08
       555  1.9694519E-03  1.8154181E-08
       556  1.9793238E-03  1.8428546E-08
       557  1.9892452E-03  1.8707058E-08
       558  1.9992164E-03  1.8989778E-08
       559  2.0092375E-03  1.9276772E-08
       560  2.0193088E-03  1.9568103E-08
       561  2.0294306E-03  1.9863836E-08
       562  2.0396032E-03  2.0164040E-08
       563  2.0498268E-03  2.0468780E-08
       564  2.0601016E-03  2.0778126E-08
       565  2.0704279E-03  2.1092147E-08
       566  2.0808059E-03  2.1410913E-08
       567  2.0912360E-03  2.1734497E-08
       568  2.1017184E-03  2.2062972E-08
       569  2.1122533E-03  2.2396411E-08
       570  2.1228410E-03  2.2734889E-08
       571  2.1334818E-03  2.3078483E-08
       572  2.1441759E-03  2.3427269E-08
       573  2.1549236E-03  2.3781326E-08
       574  2.1657252E-03  2.4140735E-08
       575  2.1765810E-03  2.4505575E-08
       576  2.1874911E-03  2.4875929E-08
       577  2.1984560E-03  2.5251880E-08
       578  2.2094758E-03  2.5633513E-08
       579  2.2205508E-03  2.6020914E-08
       580  2.2316814E-03  2.6414169E-08
       581  2.2428677E-03  2.6813368E-08
       582  2.2541101E-03  2.7218599E-08
       583  2.2654089E-03  2.7629956E-08
       584  2.2767643E-03  2.8047528E-08
       585  2.2881767E-03  2.8471412E-08
       586  2.2996462E-03  2.8901702E-08
       587  2.3111732E-03  2.9338495E-08
       588  2.3227580E-03  2.9781889E-08
       589  2.3344009E-03  3.0231984E-08
       590  2.3461021E-03  3.0688881E-08
       591  2.3578620E-03  3.1152684E-08
       592  2.3696808E-03  3.1623496E-08
       593  2.3815589E-03  3.2101424E-08
       594  2.3934965E-03  3.2586574E-08
       595  2.4054940E-03  3.3079056E-08
       596  2.4175516E-03  3.3578982E-08
       597  2.4296696E-03  3.4086462E-08
       598  2.4418484E-03  3.4601613E-08
       599  2.4540882E-03  3.5124549E-08
       600  2.4663893E-03  3.5655388E-08
       601  2.4787522E-03  3.6194249E-08
       602  2.4911770E-03  3.6741254E-08
       603  2.5036641E-03  3.7296527E-08
       604  2.5162137E-03  3.7860191E-08
       605  2.5288263E-03  3.8432374E-08
       606  2.5415021E-03  3.9013204E-08
       607  2.5542414E-03  3.9602812E-08
       608  2.5670446E-03  4.0201331E-08
       609  2.5799120E-03  4.0808896E-08
       610  2.5928438E-03  4.1425643E-08
       611  2.6058405E-03  4.2051710E-08
       612  2.6189023E-03  4.2687240E-08
       613  2.6320297E-03  4.3332374E-08
       614  2.6452228E-03  4.3987258E-08
       615  2.6584820E-03  4.4652039E-08
       616  2.6718077E-03  4.5326868E-08
       617  2.6852002E-03  4.6011894E-08
       618  2.6986598E-03  4.6707274E-08
       619  2.7121869E-03  4.7413163E-08
       620  2.7257818E-03  4.8129720E-08
       621  2.7394448E-03  4.8857107E-08
       622  2.7531763E-03  4.9595487E-08
       623  2.7669767E-03  5.0345025E-08
       624  2.7808462E-03  5.1105892E-08
       625  2.7947853E-03  5.1878257E-08
       626  2.8087942E-03  5.2662296E-08
       627  2.8228733E-03  5.3458183E-08
       628  2.8370230E-03  5.4266099E-08
       629  2.8512437E-03  5.5086225E-08
       630  2.8655356E-03  5.5918745E-08
       631  2.8798992E-03  5.6763847E-08
       632  2.8943347E-03  5.7621722E-08
       633  2.9088426E-03  5.8492561E-08
       634  2.9234233E-03  5.9376561E-08
       635  2.9380770E-03  6.0273922E-08
       636  2.9528042E-03  6.1184844E-08
       637  2.9676051E-03  6.2109533E-08
       638  2.9824803E-03  6.3048197E-08
       639  2.9974301E-03  6.4001046E-08
       640  3.0124548E-03  6.4968297E-08
       641  3.0275547E-03  6.5950165E-08
       642  3.0427304E-03  6.6946872E-08
       643  3.0579822E-03  6.7958643E-08
       644  3.0733104E-03  6.8985705E-08
       645  3.0887154E-03  7.0028288E-08
       646  3.1041977E-03  7.1086628E-08
       647  3.1197575E-03  7.2160963E-08
       648  3.1353954E-03  7.3251534E-08
       649  3.1511116E-03  7.4358587E-08
       650  3.1669066E-03  7.5482371E-08
       651  3.1827808E-03  7.6623139E-08
       652  3.1987346E-03  7.7781147E-08
       653  3.2147683E-03  7.8956657E-08
       654  3.2308824E-03  8.0149931E-08
       655  3.2470772E-03  8.1361240E-08
       656  3.2633533E-03  8.2590855E-08
       657  3.2797109E-03  8.3839053E-08
       658  3.2961505E-03  8.5106116E-08
       659  3.3126725E-03  8.6392327E-08
       660  3.3292774E-03  8.7697977E-08
       661  3.3459655E-03  8.9023360E-08
       662  3.3627372E-03  9.0368773E-08
       663  3.3795930E-03  9.1734519E-08
       664  3.3965332E-03  9.3120906E-08
       665  3.4135584E-03  9.4528245E-08
       666  3.4306690E-03  9.5956853E-08
       667  3.4478653E-03  9.7407052E-08
       668  3.4651478E-03  9.8879168E-08
       669  3.4825169E-03  1.0037353E-07
       670  3.4999731E-03  1.0189048E-07
       671  3.5175168E-03  1.0343035E-07
       672  3.5351484E-03  1.0499350E-07
       673  3.5528684E-03  1.0658027E-07
       674  3.5706772E-03  1.0819102E-07
       675  3.5885753E-03  1.0982611E-07
       676  3.6065631E-03  1.1148592E-07
       677  3.6246411E-03  1.1317081E-07
       678  3.6428097E-03  1.1488116E-07
       679  3.6610694E-03  1.1661736E-07
       680  3.6794205E-03  1.1837980E-07
       681  3.6978637E-03  1.2016888E-07
       682  3.7163993E-03  1.2198500E-07
       683  3.7350279E-03  1.2382856E-07
       684  3.7537498E-03  1.2569998E-07
       685  3.7725655E-03  1.2759969E-07
       686  3.7914756E-03  1.2952811E-07
       687  3.8104804E-03  1.3148567E-07
       688  3.8295805E-03  1.3347281E-07
       689  3.8487764E-03  1.3548999E-07
       690  3.8680685E-03  1.3753766E-07
       691  3.8874572E-03  1.3961626E-07
       692  3.9069432E-03  1.4172629E-07
       693  3.9265268E-03  1.4386820E-07
       694  3.9462086E-03  1.4604248E-07
       695  3.9659891E-03  1.4824963E-07
       696  3.9858687E-03  1.5049013E-07
       697  4.0058479E-03  1.5276449E-07
       698  4.0259273E-03  1.5507322E-07
       699  4.0461074E-03  1.5741684E-07
       700  4.0663886E-03  1.5979589E-07
       701  4.0867714E-03  1.6221088E-07
       702  4.1072565E-03  1.6466238E-07
       703  4.1278442E-03  1.6715092E-07
       704  4.1485351E-03  1.6967708E-07
       705  4.1693297E-03  1.7224141E-07
       706  4.1902285E-03  1.7484450E-07
       707  4.2112322E-03  1.7748693E-07
       708  4.2323410E-03  1.8016929E-07
       709  4.2535557E-03  1.8289219E-07
       710  4.2748768E-03  1.8565624E-07
       711  4.2963047E-03  1.8846207E-07
       712  4.3178400E-03  1.9131029E-07
       713  4.3394833E-03  1.9420157E-07
       714  4.3612350E-03  1.9713654E-07
       715  4.3830958E-03  2.0011587E-07
       716  4.4050662E-03  2.0314022E-07
       717  4.4271466E-03  2.0621028E-07
       718  4.4493378E-03  2.0932674E-07
       719  4.4716402E-03  2.1249029E-07
       720  4.4940544E-03  2.1570166E-07
       721  4.5165809E-03  2.1896156E-07
       722  4.5392204E-03  2.2227073E-07
       723  4.5619733E-03  2.2562991E-07
       724  4.5848403E-03  2.2903985E-07
       725  4.6078219E-03  2.3250133E-07
       726  4.6309187E-03  2.3601513E-07
       727  4.6541313E-03  2.3958202E-07
       728  4.6774602E-03  2.4320283E-07
       729  4.7009061E-03  2.4687835E-07
       730  4.7244695E-03  2.5060942E-07
       731  4.7481510E-03  2.5439688E-07
       732  4.7719512E-03  2.5824158E-07
       733  4.7958707E-03  2.6214439E-07
       734  4.8199101E-03  2.6610618E-07
       735  4.8440700E-03  2.7012784E-07
       736  4.8683510E-03  2.7421028E-07
       737  4.8927537E-03  2.7835442E-07
       738  4.9172788E-03  2.8256119E-07
       739  4.9419267E-03  2.8683153E-07
       740  4.9666982E-03  2.9116642E-07
       741  4.9915939E-03  2.9556681E-07
       742  5.0166144E-03  3.0003371E-07
       743  5.0417603E-03  3.0456812E-07
       744  5.0670322E-03  3.0917105E-07
       745  5.0924308E-03  3.1384355E-07
       746  5.1179567E-03  3.1858667E-07
       747  5.1436106E-03  3.2340146E-07
       748  5.1693930E-03  3.2828902E-07
       749  5.1953047E-03  3.3325045E-07
       750  5.2213463E-03  3.3828686E-07
       751  5.2475184E-03  3.4339939E-07
       752  5.2738217E-03  3.4858918E-07
       753  5.3002568E-03  3.5385740E-07
       754  5.3268245E-03  3.5920524E-07
       755  5.3535253E-03  3.6463390E-07
       756  5.3803600E-03  3.7014461E-07
       757  5.4073291E-03  3.7573860E-07
       758  5.4344335E-03  3.8141713E-07
       759  5.4616737E-03  3.8718148E-07
       760  5.4890504E-03  3.9303294E-07
       761  5.5165644E-03  3.9897284E-07
       762  5.5442163E-03  4.0500251E-07
       763  5.5720068E-03  4.1112330E-07
       764  5.5999366E-03  4.1733659E-07
       765  5.6280064E-03  4.2364379E-07
       766  5.6562169E-03  4.3004631E-07
       767  5.6845688E-03  4.3654559E-07
       768  5.7130628E-03  4.4314309E-07
       769  5.7416997E-03  4.4984029E-07
       770  5.7704801E-03  4.5663872E-07
       771  5.7994047E-03  4.6353988E-07
       772  5.8284744E-03  4.7054535E-07
       773  5.8576897E-03  4.7765668E-07
       774  5.8870515E-03  4.8487549E-07
       775  5.9165605E-03  4.9220340E-07
       776  5.9462174E-03  4.9964205E-07
       777  5.9760229E-03  5.0719312E-07
       778  6.0059778E-03  5.1485831E-07
       779  6.0360829E-03  5.2263934E-07
       780  6.0663389E-03  5.3053797E-07
       781  6.0967466E-03  5.3855597E-07
       782  6.1273066E-03  5.4669514E-07
       783  6.1580199E-03  5.5495732E-07
       784  6.1888871E-03  5.6334437E-07
       785  6.2199090E-03  5.7185816E-07
       786  6.2510864E-03  5.8050063E-07
       787  6.2824201E-03  5.8927371E-07
       788  6.3139109E-03  5.9817937E-07
       789  6.3455595E-03  6.0721962E-07
       790  6.3773668E-03  6.1639650E-07
       791  6.4093334E-03  6.2571207E-07
       792  6.4414604E-03  6.3516842E-07
       793  6.4737483E-03  6.4476769E-07
       794  6.5061981E-03  6.5451203E-07
       795  6.5388106E-03  6.6440363E-07
       796  6.5715865E-03  6.7444472E-07
       797  6.6045267E-03  6.8463756E-07
       798  6.6376320E-03  6.9498445E-07
       799  6.6709033E-03  7.0548770E-07
       800  6.7043413E-03  7.1614969E-07
       801  6.7379470E-03  7.2697282E-07
       802  6.7717211E-03  7.3795951E-07
       803  6.8056645E-03  7.4911224E-07
       804  6.8397780E-03  7.6043352E-07
       805  6.8740626E-03  7.7192590E-07
       806  6.9085189E-03  7.8359196E-07
       807  6.9431480E-03  7.9543433E-07
       808  6.9779507E-03  8.0745567E-07
       809  7.0129278E-03  8.1965868E-07
       810  7.0480803E-03  8.3204612E-07
       811  7.0834089E-03  8.4462077E-07
       812  7.1189147E-03  8.5738545E-07
       813  7.1545984E-03  8.7034305E-07
       814  7.1904609E-03  8.8349647E-07
       815  7.2265033E-03  8.9684868E-07
       816  7.2627263E-03  9.1040267E-07
       817  7.2991308E-03  9.2416151E-07
       818  7.3357179E-03  9.3812828E-07
       819  7.3724883E-03  9.5230612E-07
       820  7.4094431E-03  9.6669824E-07
       821  7.4465831E-03  9.8130786E-07
       822  7.4839092E-03  9.9613827E-07
       823  7.5214225E-03  1.0111928E-06
       824  7.5591238E-03  1.0264749E-06
       825  7.5970140E-03  1.0419879E-06
       826  7.6350942E-03  1.0577353E-06
       827  7.6733653E-03  1.0737208E-06
       828  7.7118282E-03  1.0899478E-06
       829  7.7504839E-03  1.1064201E-06
       830  7.7893334E-03  1.1231413E-06
       831  7.8283775E-03  1.1401152E-06
       832  7.8676175E-03  1.1573456E-06
       833  7.9070541E-03  1.1748364E-06
       834  7.9466883E-03  1.1925916E-06
       835  7.9865213E-03  1.2106151E-06
       836  8.0265539E-03  1.2289110E-06
       837  8.0667871E-03  1.2474834E-06
       838  8.1072221E-03  1.2663364E-06
       839  8.1478597E-03  1.2854744E-06
       840  8.1887010E-03  1.3049016E-06
       841  8.2297470E-03  1.3246224E-06
       842  8.2709988E-03  1.3446413E-06
       843  8.3124574E-03  1.3649627E-06
       844  8.3541237E-03  1.3855912E-06
       845  8.3959990E-03  1.4065314E-06
       846  8.4380841E-03  1.4277881E-06
       847  8.4803802E-03  1.4493661E-06
       848  8.5228882E-03  1.4712701E-06
       849  8.5656094E-03  1.4935052E-06
       850  8.6085447E-03  1.5160764E-06
       851  8.6516952E-03  1.5389886E-06
       852  8.6950620E-03  1.5622471E-06
       853  8.7386462E-03  1.5858571E-06
       854  8.7824488E-03  1.6098239E-06
       855  8.8264710E-03  1.6341529E-06
       856  8.8707139E-03  1.6588496E-06
       857  8.9151785E-03  1.6839195E-06
       858  8.9598661E-03  1.7093683E-06
       859  9.0047776E-03  1.7352017E-06
       860  9.0499142E-03  1.7614255E-06
       861  9.0952771E-03  1.7880456E-06
       862  9.1408674E-03  1.8150681E-06
       863  9.1866862E-03  1.8424989E-06
       864  9.2327346E-03  1.8703442E-06
       865  9.2790139E-03  1.8986104E-06
       866  9.3255251E-03  1.9273037E-06
       867  9.3722695E-03  1.9564307E-06
       868  9.4192482E-03  1.9859979E-06
       869  9.4664624E-03  2.0160119E-06
       870  9.5139132E-03  2.0464795E-06
       871  9.5616019E-03  2.0774075E-06
       872  9.6095297E-03  2.1088030E-06
       873  9.6576976E-03  2.1406729E-06
       874  9.7061070E-03  2.1730244E-06
       875  9.7547591E-03  2.2058649E-06
       876  9.8036550E-03  2.2392017E-06
       877  9.8527961E-03  2.2730422E-06
       878  9.9021834E-03  2.3073942E-06
       879  9.9518183E-03  2.3422654E-06
       880  1.0001702E-02  2.3776635E-06
       881  1.0051836E-02  2.4135966E-06
       882  1.0102221E-02  2.4500727E-06
       883  1.0152858E-02  2.4871001E-06
       884  1.0203750E-02  2.5246871E-06
       885  1.0254896E-02  2.5628421E-06
       886  1.0306299E-02  2.6015737E-06
       887  1.0357960E-02  2.6408906E-06
       888  1.0409879E-02  2.6808018E-06
       889  1.0462059E-02  2.7213161E-06
       890  1.0514500E-02  2.7624426E-06
       891  1.0567204E-02  2.8041907E-06
       892  1.0620173E-02  2.8465697E-06
       893  1.0673407E-02  2.8895892E-06
       894  1.0726907E-02  2.9332588E-06
       895  1.0780676E-02  2.9775883E-06
       896  1.0834714E-02  3.0225878E-06
       897  1.0889024E-02  3.0682673E-06
       898  1.0943605E-02  3.1146372E-06
       899  1.0998460E-02  3.1617078E-06
       900  1.1053590E-02  3.2094898E-06
       901  1.1108997E-02  3.2579939E-06
       902  1.1164681E-02  3.3072310E-06
       903  1.1220644E-02  3.3572122E-06
       904  1.1276888E-02  3.4079488E-06
       905  1.1333413E-02  3.4594521E-06
       906  1.1390222E-02  3.5117337E-06
       907  1.1447316E-02  3.5648054E-06
       908  1.1504696E-02  3.6186792E-06
       909  1.1562363E-02  3.6733672E-06
       910  1.1620320E-02  3.7288816E-06
       911  1.1678567E-02  3.7852349E-06
       912  1.1737106E-02  3.8424399E-06
       913  1.1795939E-02  3.9005094E-06
       914  1.1855066E-02  3.9594565E-06
       915  1.1914490E-02  4.0192944E-06
       916  1.1974211E-02  4.0800366E-06
       917  1.2034232E-02  4.1416968E-06
       918  1.2094554E-02  4.2042888E-06
       919  1.2155178E-02  4.2678267E-06
       920  1.2216106E-02  4.3323248E-06
       921  1.2277340E-02  4.3977976E-06
       922  1.2338880E-02  4.4642599E-06
       923  1.2400729E-02  4.5317266E-06
       924  1.2462888E-02  4.6002129E-06
       925  1.2525359E-02  4.6697341E-06
       926  1.2588142E-02  4.7403060E-06
       927  1.2651241E-02  4.8119443E-06
       928  1.2714655E-02  4.8846653E-06
       929  1.2778388E-02  4.9584853E-06
       930  1.2842440E-02  5.0334209E-06
       931  1.2906813E-02  5.1094889E-06
       932  1.2971508E-02  5.1867064E-06
       933  1.3036528E-02  5.2650909E-06
       934  1.3101874E-02  5.3446600E-06
       935  1.3167547E-02  5.4254315E-06
       936  1.3233550E-02  5.5074237E-06
       937  1.3299884E-02  5.5906550E-06
       938  1.3366549E-02  5.6751440E-06
       939  1.3433550E-02  5.7609099E-06
       940  1.3500886E-02  5.8479719E-06
       941  1.3568559E-02  5.9363496E-06
       942  1.3636572E-02  6.0260628E-06
       943  1.3704925E-02  6.1171319E-06
       944  1.3773622E-02  6.2095772E-06
       945  1.3842662E-02  6.3034195E-06
       946  1.3912049E-02  6.3986800E-06
       947  1.3981783E-02  6.4953800E-06
       948  1.4051867E-02  6.5935415E-06
       949  1.4122302E-02  6.6931863E-06
       950  1.4193091E-02  6.7943370E-06
       951  1.4264234E-02  6.8970163E-06
       952  1.4335734E-02  7.0012473E-06
       953  1.4407592E-02  7.1070534E-06
       954  1.4479810E-02  7.2144585E-06
       955  1.4552391E-02  7.3234867E-06
       956  1.4625335E-02  7.4341625E-06
       957  1.4698645E-02  7.5465109E-06
       958  1.4772322E-02  7.6605570E-06
       959  1.4846368E-02  7.7763267E-06
       960  1.4920786E-02  7.8938458E-06
       961  1.4995577E-02  8.0131410E-06
       962  1.5070742E-02  8.1342388E-06
       963  1.5146285E-02  8.2571668E-06
       964  1.5222206E-02  8.3819524E-06
       965  1.5298508E-02  8.5086237E-06
       966  1.5375192E-02  8.6372093E-06
       967  1.5452260E-02  8.7677381E-06
       968  1.5529715E-02  8.9002394E-06
       969  1.5607558E-02  9.0347431E-06
       970  1.5685791E-02  9.1712794E-06
       971  1.5764416E-02  9.3098790E-06
       972  1.5843436E-02  9.4505731E-06
       973  1.5922852E-02  9.5933933E-06
       974  1.6002665E-02  9.7383719E-06
       975  1.6082879E-02  9.8855413E-06
       976  1.6163495E-02  1.0034935E-05
       977  1.6244514E-02  1.0186586E-05
       978  1.6325940E-02  1.0340528E-05
       979  1.6407775E-02  1.0496798E-05
       980  1.6490019E-02  1.0655428E-05
       981  1.6572675E-02  1.0816456E-05
       982  1.6655746E-02  1.0979917E-05
       983  1.6739234E-02  1.1145848E-05
       984  1.6823139E-02  1.1314287E-05
       985  1.6907466E-02  1.1485272E-05
       986  1.6992215E-02  1.1658840E-05
       987  1.7077389E-02  1.1835031E-05
       988  1.7162989E-02  1.2013884E-05
       989  1.7249019E-02  1.2195441E-05
       990  1.7335480E-02  1.2379741E-05
       991  1.7422375E-02  1.2566826E-05
       992  1.7509705E-02  1.2756738E-05
       993  1.7597472E-02  1.2949520E-05
       994  1.7685680E-02  1.3145215E-05
       995  1.7774330E-02  1.3343868E-05
       996  1.7863424E-02  1.3545522E-05
       997  1.7952965E-02  1.3750224E-05
       998  1.8042955E-02  1.3958019E-05
       999  1.8133395E-02  1.4168955E-05
      1000  1.8224289E-02  1.4383077E-05
      1001  1.8315639E-02  1.4600436E-05
      1002  1.8407446E-02  1.4821079E-05
      1003  1.8499714E-02  1.5045056E-05
      1004  1.8592444E-02  1.5272418E-05
      1005  1.8685639E-02  1.5503216E-05
      1006  1.8779301E-02  1.5737502E-05
      1007  1.8873433E-02  1.5975327E-05
      1008  1.8968037E-02  1.6216747E-05
      1009  1.9063114E-02  1.6461815E-05
      1010  1.9158669E-02  1.6710586E-05
      1011  1.9254702E-02  1.6963116E-05
      1012  1.9351216E-02  1.7219463E-05
      1013  1.9448215E-02  1.7479683E-05
      1014  1.9545699E-02  1.7743835E-05
      1015  1.9643673E-02  1.8011979E-05
      1016  1.9742137E-02  1.8284176E-05
      1017  1.9841095E-02  1.8560485E-05
      1018  1.9940549E-02  1.8840969E-05
      1019  2.0040501E-02  1.9125692E-05
      1020  2.0140954E-02  1.9414718E-05
      1021  2.0241911E-02  1.9708111E-05
      1022  2.0343374E-02  2.0005938E-05
      1023  2.0445346E-02  2.0308265E-05
      1024  2.0547829E-02  2.0615160E-05
      1025  2.0650825E-02  2.0926693E-05
      1026  2.0754338E-02  2.1242934E-05
      1027  2.0858369E-02  2.1563953E-05
      1028  2.0962922E-02  2.1889823E-05
      1029  2.1068000E-02  2.2220618E-05
      1030  2.1173603E-02  2.2556411E-05
      1031  2.1279736E-02  2.2897278E-05
      1032  2.1386402E-02  2.3243296E-05
      1033  2.1493601E-02  2.3594543E-05
      1034  2.1601338E-02  2.3951097E-05
      1035  2.1709616E-02  2.4313039E-05
      1036  2.1818436E-02  2.4680450E-05
      1037  2.1927801E-02  2.5053413E-05
      1038  2.2037714E-02  2.5432012E-05
      1039  2.2148179E-02  2.5816332E-05
      1040  2.2259197E-02  2.6206459E-05
      1041  2.2370772E-02  2.6602482E-05
      1042  2.2482906E-02  2.7004488E-05
      1043  2.2595602E-02  2.7412569E-05
      1044  2.2708863E-02  2.7826816E-05
      1045  2.2822691E-02  2.8247323E-05
      1046  2.2937091E-02  2.8674184E-05
      1047  2.3052063E-02  2.9107495E-05
      1048  2.3167612E-02  2.9547354E-05
      1049  2.3283740E-02  2.9993859E-05
      1050  2.3400451E-02  3.0447111E-05
      1051  2.3517746E-02  3.0907212E-05
      1052  2.3635629E-02  3.1374265E-05
      1053  2.3754103E-02  3.1848375E-05
      1054  2.3873171E-02  3.2329650E-05
      1055  2.3992836E-02  3.2818196E-05
      1056  2.4113100E-02  3.3314125E-05
      1057  2.4233968E-02  3.3817548E-05
      1058  2.4355441E-02  3.4328577E-05
      1059  2.4477523E-02  3.4847328E-05
      1060  2.4600217E-02  3.5373917E-05
      1061  2.4723526E-02  3.5908463E-05
      1062  2.4847454E-02  3.6451087E-05
      1063  2.4972002E-02  3.7001909E-05
      1064  2.5097175E-02  3.7561054E-05
      1065  2.5222975E-02  3.8128648E-05
      1066  2.5349406E-02  3.8704819E-05
      1067  2.5476470E-02  3.9289695E-05
      1068  2.5604171E-02  3.9883409E-05
      1069  2.5732513E-02  4.0486094E-05
      1070  2.5861497E-02  4.1097885E-05
      1071  2.5991129E-02  4.1718920E-05
      1072  2.6121410E-02  4.2349339E-05
      1073  2.6252344E-02  4.2989284E-05
      1074  2.6383934E-02  4.3638898E-05
      1075  2.6516184E-02  4.4298327E-05
      1076  2.6649097E-02  4.4967720E-05
      1077  2.6782676E-02  4.5647228E-05
      1078  2.6916925E-02  4.6337002E-05
      1079  2.7051847E-02  4.7037199E-05
      1080  2.7187445E-02  4.7747975E-05
      1081  2.7323722E-02  4.8469491E-05
      1082  2.7460683E-02  4.9201909E-05
      1083  2.7598330E-02  4.9945393E-05
      1084  2.7736668E-02  5.0700111E-05
      1085  2.7875698E-02  5.1466232E-05
      1086  2.8015426E-02  5.2243928E-05
      1087  2.8155854E-02  5.3033375E-05
      1088  2.8296985E-02  5.3834750E-05
      1089  2.8438825E-02  5.4648233E-05
      1090  2.8581375E-02  5.5474007E-05
      1091  2.8724640E-02  5.6312258E-05
      1092  2.8868623E-02  5.7163174E-05
      1093  2.9013327E-02  5.8026947E-05
      1094  2.9158757E-02  5.8903770E-05
      1095  2.9304916E-02  5.9793841E-05
      1096  2.9451807E-02  6.0697361E-05
      1097  2.9599435E-02  6.1614531E-05
      1098  2.9747803E-02  6.2545559E-05
      1099  2.9896914E-02  6.3490654E-05
      1100  3.0046773E-02  6.4450027E-05
      1101  3.0197383E-02  6.5423896E-05
      1102  3.0348748E-02  6.6412479E-05
      1103  3.0500872E-02  6.7415998E-05
      1104  3.0653758E-02  6.8434678E-05
      1105  3.0807411E-02  6.9468749E-05
      1106  3.0961834E-02  7.0518444E-05
      1107  3.1117031E-02  7.1583998E-05
      1108  3.1273005E-02  7.2665650E-05
      1109  3.1429762E-02  7.3763645E-05
      1110  3.1587304E-02  7.4878228E-05
      1111  3.1745636E-02  7.6009651E-05
      1112  3.1904762E-02  7.7158168E-05
      1113  3.2064685E-02  7.8324036E-05
      1114  3.2225410E-02  7.9507519E-05
      1115  3.2386941E-02  8.0708882E-05
      1116  3.2549281E-02  8.1928395E-05
      1117  3.2712435E-02  8.3166332E-05
      1118  3.2876407E-02  8.4422973E-05
      1119  3.3041200E-02  8.5698598E-05
      1120  3.3206820E-02  8.6993495E-05
      1121  3.3373270E-02  8.8307955E-05
      1122  3.3540554E-02  8.9642274E-05
      1123  3.3708677E-02  9.0996751E-05
      1124  3.3877642E-02  9.2371691E-05
      1125  3.4047455E-02  9.3767403E-05
      1126  3.4218118E-02  9.5184200E-05
      1127  3.4389637E-02  9.6622402E-05
      1128  3.4562016E-02  9.8082331E-05
      1129  3.4735259E-02  9.9564316E-05
      1130  3.4909370E-02  1.0106869E-04
      1131  3.5084354E-02  1.0259579E-04
      1132  3.5260215E-02  1.0414596E-04
      1133  3.5436958E-02  1.0571955E-04
      1134  3.5614586E-02  1.0731691E-04
      1135  3.5793105E-02  1.0893840E-04
      1136  3.5972519E-02  1.1058439E-04
      1137  3.6152832E-02  1.1225525E-04
      1138  3.6334049E-02  1.1395134E-04
      1139  3.6516174E-02  1.1567306E-04
      1140  3.6699212E-02  1.1742079E-04
      1141  3.6883167E-02  1.1919492E-04
      1142  3.7068045E-02  1.2099585E-04
      1143  3.7253849E-02  1.2282398E-04
      1144  3.7440585E-02  1.2467973E-04
      1145  3.7628257E-02  1.2656352E-04
      1146  3.7816869E-02  1.2847576E-04
      1147  3.8006427E-02  1.3041689E-04
      1148  3.8196935E-02  1.3238735E-04
      1149  3.8388398E-02  1.3438756E-04
      1150  3.8580821E-02  1.3641800E-04
      1151  3.8774208E-02  1.3847910E-04
      1152  3.8968564E-02  1.4057134E-04
      1153  3.9163895E-02  1.4269519E-04
      1154  3.9360205E-02  1.4485111E-04
      1155  3.9557499E-02  1.4703961E-04
      1156  3.9755782E-02  1.4926116E-04
      1157  3.9955058E-02  1.5151627E-04
      1158  4.0155334E-02  1.5380544E-04
      1159  4.0356613E-02  1.5612920E-04
      1160  4.0558902E-02  1.5848805E-04
      1161  4.0762204E-02  1.6088253E-04
      1162  4.0966525E-02  1.6331319E-04
      1163  4.1171871E-02  1.6578055E-04
      1164  4.1378246E-02  1.6828519E-04
      1165  4.1585655E-02  1.7082766E-04
      1166  4.1794104E-02  1.7340853E-04
      1167  4.2003598E-02  1.7602839E-04
      1168  4.2214142E-02  1.7868782E-04
      1169  4.2425741E-02  1.8138741E-04
      1170  4.2638401E-02  1.8412779E-04
      1171  4.2852127E-02  1.8690955E-04
      1172  4.3066924E-02  1.8973333E-04
      1173  4.3282798E-02  1.9259976E-04
      1174  4.3499754E-02  1.9550949E-04
      1175  4.3717797E-02  1.9846316E-04
      1176  4.3936934E-02  2.0146145E-04
      1177  4.4157168E-02  2.0450502E-04
      1178  4.4378507E-02  2.0759456E-04
      1179  4.4600955E-02  2.1073077E-04
      1180  4.4824519E-02  2.1391434E-04
      1181  4.5049202E-02  2.1714599E-04
      1182  4.5275012E-02  2.2042646E-04
      1183  4.5501954E-02  2.2375646E-04
      1184  4.5730034E-02  2.2713677E-04
      1185  4.5959257E-02  2.3056812E-04
      1186  4.6189628E-02  2.3405130E-04
      1187  4.6421155E-02  2.3758708E-04
      1188  4.6653842E-02  2.4117627E-04
      1189  4.6887695E-02  2.4481966E-04
      1190  4.7122721E-02  2.4851807E-04
      1191  4.7358924E-02  2.5227234E-04
      1192  4.7596312E-02  2.5608331E-04
      1193  4.7834889E-02  2.5995183E-04
      1194  4.8074663E-02  2.6387877E-04
      1195  4.8315638E-02  2.6786502E-04
      1196  4.8557821E-02  2.7191147E-04
      1197  4.8801218E-02  2.7601902E-04
      1198  4.9045835E-02  2.8018861E-04
      1199  4.9291679E-02  2.8442116E-04
      1200  4.9538754E-02  2.8871763E-04
      1201  4.9787068E-02  2.9307899E-04
      1202  5.0036627E-02  2.9750620E-04
      1203  5.0287437E-02  3.0200027E-04
      1204  5.0539504E-02  3.0656220E-04
      1205  5.0792834E-02  3.1119303E-04
      1206  5.1047434E-02  3.1589378E-04
      1207  5.1303310E-02  3.2066551E-04
      1208  5.1560469E-02  3.2550930E-04
      1209  5.1818917E-02  3.3042624E-04
      1210  5.2078661E-02  3.3541741E-04
      1211  5.2339706E-02  3.4048396E-04
      1212  5.2602060E-02  3.4562701E-04
      1213  5.2865729E-02  3.5084772E-04
      1214  5.3130719E-02  3.5614726E-04
      1215  5.3397038E-02  3.6152682E-04
      1216  5.3664692E-02  3.6698761E-04
      1217  5.3933687E-02  3.7253085E-04
      1218  5.4204031E-02  3.7815779E-04
      1219  5.4475730E-02  3.8386969E-04
      1220  5.4748791E-02  3.8966783E-04
      1221  5.5023220E-02  3.9555351E-04
      1222  5.5299025E-02  4.0152807E-04
      1223  5.5576213E-02  4.0759282E-04
      1224  5.5854790E-02  4.1374915E-04
      1225  5.6134763E-02  4.1999842E-04
      1226  5.6416140E-02  4.2634204E-04
      1227  5.6698927E-02  4.3278144E-04
      1228  5.6983131E-02  4.3931806E-04
      1229  5.7268760E-02  4.4595336E-04
      1230  5.7555821E-02  4.5268884E-04
      1231  5.7844321E-02  4.5952600E-04
      1232  5.8134267E-02  4.6646639E-04
      1233  5.8425666E-02  4.7351155E-04
      1234  5.8718526E-02  4.8066307E-04
      1235  5.9012854E-02  4.8792255E-04
      1236  5.9308657E-02  4.9529163E-04
      1237  5.9605943E-02  5.0277194E-04
      1238  5.9904719E-02  5.1036519E-04
      1239  6.0204992E-02  5.1807305E-04
      1240  6.0506771E-02  5.2589728E-04
      1241  6.0810063E-02  5.3383961E-04
      1242  6.1114874E-02  5.4190183E-04
      1243  6.1421214E-02  5.5008576E-04
      1244  6.1729089E-02  5.5839321E-04
      1245  6.2038507E-02  5.6682607E-04
      1246  6.2349477E-02  5.7538622E-04
      1247  6.2662005E-02  5.8407558E-04
      1248  6.2976099E-02  5.9289609E-04
      1249  6.3291768E-02  6.0184975E-04
      1250  6.3609020E-02  6.1093854E-04
      1251  6.3927861E-02  6.2016452E-04
      1252  6.4248301E-02  6.2952975E-04
      1253  6.4570347E-02  6.3903633E-04
      1254  6.4894007E-02  6.4868640E-04
      1255  6.5219290E-02  6.5848211E-04
      1256  6.5546203E-02  6.6842566E-04
      1257  6.5874754E-02  6.7851929E-04
      1258  6.6204953E-02  6.8876525E-04
      1259  6.6536807E-02  6.9916584E-04
      1260  6.6870324E-02  7.0972339E-04
      1261  6.7205513E-02  7.2044028E-04
      1262  6.7542382E-02  7.3131889E-04
      1263  6.7880939E-02  7.4236168E-04
      1264  6.8221194E-02  7.5357111E-04
      1265  6.8563154E-02  7.6494969E-04
      1266  6.8906828E-02  7.7649999E-04
      1267  6.9252225E-02  7.8822458E-04
      1268  6.9599354E-02  8.0012610E-04
      1269  6.9948222E-02  8.1220720E-04
      1270  7.0298839E-02  8.2447060E-04
      1271  7.0651213E-02  8.3691905E-04
      1272  7.1005354E-02  8.4955534E-04
      1273  7.1361270E-02  8.6238229E-04
      1274  7.1718969E-02  8.7540278E-04
      1275  7.2078462E-02  8.8861972E-04
      1276  7.2439757E-02  9.0203609E-04
      1277  7.2802863E-02  9.1565487E-04
      1278  7.3167789E-02  9.2947913E-04
      1279  7.3534544E-02  9.4351196E-04
      1280  7.3903137E-02  9.5775651E-04
      1281  7.4273578E-02  9.7221595E-04
      1282  7.4645876E-02  9.8689354E-04
      1283  7.5020040E-02  1.0017926E-03
      1284  7.5396080E-02  1.0169163E-03
      1285  7.5774004E-02  1.0322683E-03
      1286  7.6153823E-02  1.0478518E-03
      1287  7.6535545E-02  1.0636704E-03
      1288  7.6919181E-02  1.0797276E-03
      1289  7.7304740E-02  1.0960271E-03
      1290  7.7692232E-02  1.1125724E-03
      1291  7.8081666E-02  1.1293673E-03
      1292  7.8473052E-02  1.1464155E-03
      1293  7.8866400E-02  1.1637208E-03
      1294  7.9261719E-02  1.1812872E-03
      1295  7.9659020E-02  1.1991185E-03
      1296  8.0058313E-02  1.2172188E-03
      1297  8.0459607E-02  1.2355920E-03
      1298  8.0862912E-02  1.2542424E-03
      1299  8.1268239E-02  1.2731740E-03
      1300  8.1675598E-02  1.2923911E-03
      1301  8.2084999E-02  1.3118981E-03
      1302  8.2496451E-02  1.3316992E-03
      1303  8.2909967E-02  1.3517989E-03
      1304  8.3325555E-02  1.3722018E-03
      1305  8.3743226E-02  1.3929122E-03
      1306  8.4162990E-02  1.4139350E-03
      1307  8.4584859E-02  1.4352748E-03
      1308  8.5008842E-02  1.4569364E-03
      1309  8.5434951E-02  1.4789246E-03
      1310  8.5863195E-02  1.5012443E-03
      1311  8.6293586E-02  1.5239006E-03
      1312  8.6726135E-02  1.5468984E-03
      1313  8.7160851E-02  1.5702430E-03
      1314  8.7597747E-02  1.5939395E-03
      1315  8.8036833E-02  1.6179933E-03
      1316  8.8478119E-02  1.6424097E-03
      1317  8.8921617E-02  1.6671942E-03
      1318  8.9367339E-02  1.6923523E-03
      1319  8.9815295E-02  1.7178896E-03
      1320  9.0265496E-02  1.7438119E-03
      1321  9.0717953E-02  1.7701250E-03
      1322  9.1172679E-02  1.7968347E-03
      1323  9.1629684E-02  1.8239469E-03
      1324  9.2088980E-02  1.8514679E-03
      1325  9.2550578E-02  1.8794036E-03
      1326  9.3014489E-02  1.9077603E-03
      1327  9.3480726E-02  1.9365445E-03
      1328  9.3949300E-02  1.9657624E-03
      1329  9.4420223E-02  1.9954207E-03
      1330  9.4893507E-02  2.0255259E-03
      1331  9.5369162E-02  2.0560848E-03
      1332  9.5847202E-02  2.0871042E-03
      1333  9.6327638E-02  2.1185910E-03
      1334  9.6810483E-02  2.1505522E-03
      1335  9.7295747E-02  2.1829951E-03
      1336  9.7783444E-02  2.2159267E-03
      1337  9.8273586E-02  2.2493546E-03
      1338  9.8766184E-02  2.2832861E-03
      1339  9.9261252E-02  2.3177288E-03
      1340  9.9758801E-02  2.3526903E-03
      1341  1.0025884E-01  2.3881786E-03
      1342  1.0076139E-01  2.4242015E-03
      1343  1.0126646E-01  2.4607671E-03
      1344  1.0177406E-01  2.4978834E-03
      1345  1.0228421E-01  2.5355589E-03
      1346  1.0279691E-01  2.5738018E-03
      1347  1.0331218E-01  2.6126207E-03
      1348  1.0383003E-01  2.6520243E-03
      1349  1.0435048E-01  2.6920214E-03
      1350  1.0487354E-01  2.7326208E-03
      1351  1.0539922E-01  2.7738317E-03
      1352  1.0592754E-01  2.8156632E-03
      1353  1.0645850E-01  2.8581246E-03
      1354  1.0699213E-01  2.9012254E-03
      1355  1.0752843E-01  2.9449752E-03
      1356  1.0806742E-01  2.9893837E-03
      1357  1.0860911E-01  3.0344609E-03
      1358  1.0915351E-01  3.0802168E-03
      1359  1.0970065E-01  3.1266615E-03
      1360  1.1025053E-01  3.1738055E-03
      1361  1.1080316E-01  3.2216592E-03
      1362  1.1135856E-01  3.2702332E-03
      1363  1.1191675E-01  3.3195385E-03
      1364  1.1247773E-01  3.3695859E-03
      1365  1.1304153E-01  3.4203866E-03
      1366  1.1360815E-01  3.4719520E-03
      1367  1.1417762E-01  3.5242934E-03
      1368  1.1474993E-01  3.5774225E-03
      1369  1.1532512E-01  3.6313513E-03
      1370  1.1590319E-01  3.6860915E-03
      1371  1.1648416E-01  3.7416556E-03
      1372  1.1706804E-01  3.7980557E-03
      1373  1.1765484E-01  3.8553044E-03
      1374  1.1824459E-01  3.9134145E-03
      1375  1.1883729E-01  3.9723989E-03
      1376  1.1943297E-01  4.0322707E-03
      1377  1.2003163E-01  4.0930432E-03
      1378  1.2063329E-01  4.1547300E-03
      1379  1.2123797E-01  4.2173446E-03
      1380  1.2184567E-01  4.2809011E-03
      1381  1.2245643E-01  4.3454136E-03
      1382  1.2307024E-01  4.4108964E-03
      1383  1.2368714E-01  4.4773640E-03
      1384  1.2430712E-01  4.5448312E-03
      1385  1.2493021E-01  4.6133130E-03
      1386  1.2555643E-01  4.6828245E-03
      1387  1.2618578E-01  4.7533814E-03
      1388  1.2681829E-01  4.8249991E-03
      1389  1.2745397E-01  4.8976935E-03
      1390  1.2809284E-01  4.9714809E-03
      1391  1.2873490E-01  5.0463776E-03
      1392  1.2938019E-01  5.1224002E-03
      1393  1.3002871E-01  5.1995655E-03
      1394  1.3068048E-01  5.2778907E-03
      1395  1.3133552E-01  5.3573932E-03
      1396  1.3199384E-01  5.4380905E-03
      1397  1.3265547E-01  5.5200006E-03
      1398  1.3332040E-01  5.6031417E-03
      1399  1.3398867E-01  5.6875321E-03
      1400  1.3466030E-01  5.7731905E-03
      1401  1.3533528E-01  5.8601360E-03
      1402  1.3601365E-01  5.9483877E-03
      1403  1.3669543E-01  6.0379653E-03
      1404  1.3738061E-01  6.1288885E-03
      1405  1.3806924E-01  6.2211776E-03
      1406  1.3876131E-01  6.3148528E-03
      1407  1.3945686E-01  6.4099351E-03
      1408  1.4015589E-01  6.5064453E-03
      1409  1.4085842E-01  6.6044050E-03
      1410  1.4156448E-01  6.7038356E-03
      1411  1.4227407E-01  6.8047593E-03
      1412  1.4298722E-01  6.9071983E-03
      1413  1.4370395E-01  7.0111753E-03
      1414  1.4442427E-01  7.1167133E-03
      1415  1.4514820E-01  7.2238356E-03
      1416  1.4587576E-01  7.3325659E-03
      1417  1.4660696E-01  7.4429282E-03
      1418  1.4734183E-01  7.5549469E-03
      1419  1.4808039E-01  7.6686467E-03
      1420  1.4882264E-01  7.7840527E-03
      1421  1.4956862E-01  7.9011905E-03
      1422  1.5031834E-01  8.0200858E-03
      1423  1.5107181E-01  8.1407650E-03
      1424  1.5182906E-01  8.2632545E-03
      1425  1.5259011E-01  8.3875816E-03
      1426  1.5335497E-01  8.5137735E-03
      1427  1.5412366E-01  8.6418581E-03
      1428  1.5489621E-01  8.7718637E-03
      1429  1.5567263E-01  8.9038189E-03
      1430  1.5645294E-01  9.0377528E-03
      1431  1.5723717E-01  9.1736949E-03
      1432  1.5802532E-01  9.3116751E-03
      1433  1.5881743E-01  9.4517239E-03
      1434  1.5961350E-01  9.5938720E-03
      1435  1.6041357E-01  9.7381508E-03
      1436  1.6121764E-01  9.8845920E-03
      1437  1.6202575E-01  1.0033228E-02
      1438  1.6283791E-01  1.0184091E-02
      1439  1.6365414E-01  1.0337215E-02
      1440  1.6447446E-01  1.0492633E-02
      1441  1.6529889E-01  1.0650379E-02
      1442  1.6612745E-01  1.0810488E-02
      1443  1.6696017E-01  1.0972996E-02
      1444  1.6779706E-01  1.1137937E-02
      1445  1.6863815E-01  1.1305348E-02
      1446  1.6948345E-01  1.1475267E-02
      1447  1.7033299E-01  1.1647729E-02
      1448  1.7118679E-01  1.1822774E-02
      1449  1.7204486E-01  1.2000439E-02
      1450  1.7290724E-01  1.2180763E-02
      1451  1.7377394E-01  1.2363787E-02
      1452  1.7464499E-01  1.2549549E-02
      1453  1.7552040E-01  1.2738091E-02
      1454  1.7640020E-01  1.2929455E-02
      1455  1.7728441E-01  1.3123681E-02
      1456  1.7817305E-01  1.3320813E-02
      1457  1.7906615E-01  1.3520894E-02
      1458  1.7996372E-01  1.3723967E-02
      1459  1.8086579E-01  1.3930077E-02
      1460  1.8177239E-01  1.4139269E-02
      1461  1.8268352E-01  1.4351589E-02
      1462  1.8359923E-01  1.4567082E-02
      1463  1.8451952E-01  1.4785798E-02
      1464  1.8544443E-01  1.5007782E-02
      1465  1.8637398E-01  1.5233084E-02
      1466  1.8730818E-01  1.5461752E-02
      1467  1.8824707E-01  1.5693837E-02
      1468  1.8919066E-01  1.5929390E-02
      1469  1.9013898E-01  1.6168461E-02
      1470  1.9109206E-01  1.6411103E-02
      1471  1.9204991E-01  1.6657368E-02
      1472  1.9301256E-01  1.6907311E-02
      1473  1.9398004E-01  1.7160986E-02
      1474  1.9495237E-01  1.7418447E-02
      1475  1.9592957E-01  1.7679752E-02
      1476  1.9691168E-01  1.7944957E-02
      1477  1.9789870E-01  1.8214119E-02
      1478  1.9889067E-01  1.8487298E-02
      1479  1.9988761E-01  1.8764552E-02
      1480  2.0088955E-01  1.9045942E-02
      1481  2.0189652E-01  1.9331529E-02
      1482  2.0290853E-01  1.9621375E-02
      1483  2.0392561E-01  1.9915543E-02
      1484  2.0494779E-01  2.0214097E-02
      1485  2.0597510E-01  2.0517101E-02
      1486  2.0700755E-01  2.0824621E-02
      1487  2.0804518E-01  2.1136724E-02
      1488  2.0908801E-01  2.1453478E-02
      1489  2.1013607E-01  2.1774951E-02
      1490  2.1118938E-01  2.2101212E-02
      1491  2.1224797E-01  2.2432333E-02
      1492  2.1331187E-01  2.2768384E-02
      1493  2.1438110E-01  2.3109439E-02
      1494  2.1545569E-01  2.3455572E-02
      1495  2.1653567E-01  2.3806856E-02
      1496  2.1762106E-01  2.4163369E-02
      1497  2.1871189E-01  2.4525186E-02
      1498  2.1980818E-01  2.4892386E-02
      1499  2.2090998E-01  2.5265049E-02
      1500  2.2201729E-01  2.5643254E-02
      1501  2.2313016E-01  2.6027083E-02
      1502  2.2424860E-01  2.6416618E-02
      1503  2.2537266E-01  2.6811944E-02
      1504  2.2650234E-01  2.7213146E-02
      1505  2.2763769E-01  2.7620309E-02
      1506  2.2877873E-01  2.8033522E-02
      1507  2.2992549E-01  2.8452873E-02
      1508  2.3107799E-01  2.8878453E-02
      1509  2.3223627E-01  2.9310352E-02
      1510  2.3340036E-01  2.9748663E-02
      1511  2.3457029E-01  3.0193481E-02
      1512  2.3574608E-01  3.0644900E-02
      1513  2.3692776E-01  3.1103017E-02
      1514  2.3811536E-01  3.1567931E-02
      1515  2.3930892E-01  3.2039741E-02
      1516  2.4050846E-01  3.2518548E-02
      1517  2.4171402E-01  3.3004453E-02
      1518  2.4292561E-01  3.3497562E-02
      1519  2.4414328E-01  3.3997979E-02
      1520  2.4536706E-01  3.4505812E-02
      1521  2.4659696E-01  3.5021167E-02
      1522  2.4783304E-01  3.5544156E-02
      1523  2.4907530E-01  3.6074890E-02
      1524  2.5032380E-01  3.6613482E-02
      1525  2.5157855E-01  3.7160046E-02
      1526  2.5283960E-01  3.7714698E-02
      1527  2.5410696E-01  3.8277557E-02
      1528  2.5538068E-01  3.8848742E-02
      1529  2.5666078E-01  3.9428375E-02
      1530  2.5794729E-01  4.0016578E-02
      1531  2.5924026E-01  4.0613476E-02
      1532  2.6053971E-01  4.1219195E-02
      1533  2.6184567E-01  4.1833864E-02
      1534  2.6315818E-01  4.2457613E-02
      1535  2.6447726E-01  4.3090574E-02
      1536  2.6580296E-01  4.3732881E-02
      1537  2.6713530E-01  4.4384668E-02
      1538  2.6847432E-01  4.5046075E-02
      1539  2.6982006E-01  4.5717240E-02
      1540  2.7117254E-01  4.6398305E-02
      1541  2.7253179E-01  4.7089412E-02
      1542  2.7389786E-01  4.7790709E-02
      1543  2.7527078E-01  4.8502342E-02
      1544  2.7665058E-01  4.9224460E-02
      1545  2.7803730E-01  4.9957216E-02
      1546  2.7943097E-01  5.0700763E-02
      1547  2.8083162E-01  5.1455257E-02
      1548  2.8223930E-01  5.2220857E-02
      1549  2.8365403E-01  5.2997721E-02
      1550  2.8507585E-01  5.3786014E-02
      1551  2.8650480E-01  5.4585900E-02
      1552  2.8794091E-01  5.5397546E-02
      1553  2.8938422E-01  5.6221121E-02
      1554  2.9083476E-01  5.7056797E-02
      1555  2.9229258E-01  5.7904748E-02
      1556  2.9375770E-01  5.8765151E-02
      1557  2.9523017E-01  5.9638184E-02
      1558  2.9671001E-01  6.0524030E-02
      1559  2.9819728E-01  6.1422872E-02
      1560  2.9969200E-01  6.2334896E-02
      1561  3.0119421E-01  6.3260292E-02
      1562  3.0270395E-01  6.4199252E-02
      1563  3.0422126E-01  6.5151969E-02
      1564  3.0574618E-01  6.6118641E-02
      1565  3.0727874E-01  6.7099467E-02
      1566  3.0881898E-01  6.8094650E-02
      1567  3.1036694E-01  6.9104394E-02
      1568  3.1192266E-01  7.0128908E-02
      1569  3.1348618E-01  7.1168403E-02
      1570  3.1505754E-01  7.2223092E-02
      1571  3.1663677E-01  7.3293192E-02
      1572  3.1822392E-01  7.4378922E-02
      1573  3.1981902E-01  7.5480505E-02
      1574  3.2142212E-01  7.6598167E-02
      1575  3.2303326E-01  7.7732135E-02
      1576  3.2465247E-01  7.8882642E-02
      1577  3.2627979E-01  8.0049922E-02
      1578  3.2791528E-01  8.1234213E-02
      1579  3.2955896E-01  8.2435757E-02
      1580  3.3121088E-01  8.3654798E-02
      1581  3.3287108E-01  8.4891583E-02
      1582  3.3453961E-01  8.6146364E-02
      1583  3.3621649E-01  8.7419394E-02
      1584  3.3790179E-01  8.8710933E-02
      1585  3.3959553E-01  9.0021239E-02
      1586  3.4129776E-01  9.1350580E-02
      1587  3.4300852E-01  9.2699221E-02
      1588  3.4472785E-01  9.4067437E-02
      1589  3.4645581E-01  9.5455501E-02
      1590  3.4819243E-01  9.6863692E-02
      1591  3.4993775E-01  9.8292294E-02
      1592  3.5169182E-01  9.9741593E-02
      1593  3.5345468E-01  1.0121188E-01
      1594  3.5522638E-01  1.0270344E-01
      1595  3.5700696E-01  1.0421659E-01
      1596  3.5879647E-01  1.0575162E-01
      1597  3.6059494E-01  1.0730883E-01
      1598  3.6240243E-01  1.0888854E-01
      1599  3.6421898E-01  1.1049105E-01
      1600  3.6604463E-01  1.1211670E-01
      1601  3.6787944E-01  1.1376579E-01
      1602  3.6972344E-01  1.1543866E-01
      1603  3.7157669E-01  1.1713564E-01
      1604  3.7343923E-01  1.1885705E-01
      1605  3.7531110E-01  1.2060324E-01
      1606  3.7719235E-01  1.2237456E-01
      1607  3.7908304E-01  1.2417135E-01
      1608  3.8098320E-01  1.2599395E-01
      1609  3.8289289E-01  1.2784274E-01
      1610  3.8481214E-01  1.2971807E-01
      1611  3.8674102E-01  1.3162030E-01
      1612  3.8867957E-01  1.3354980E-01
      1613  3.9062784E-01  1.3550696E-01
      1614  3.9258587E-01  1.3749215E-01
      1615  3.9455371E-01  1.3950575E-01
      1616  3.9653142E-01  1.4154815E-01
      1617  3.9851904E-01  1.4361975E-01
      1618  4.0051663E-01  1.4572095E-01
      1619  4.0252422E-01  1.4785215E-01
      1620  4.0454189E-01  1.5001376E-01
      1621  4.0656966E-01  1.5220620E-01
      1622  4.0860760E-01  1.5442987E-01
      1623  4.1065575E-01  1.5668522E-01
      1624  4.1271417E-01  1.5897266E-01
      1625  4.1478291E-01  1.6129263E-01
      1626  4.1686202E-01  1.6364558E-01
      1627  4.1895155E-01  1.6603194E-01
      1628  4.2105155E-01  1.6845218E-01
      1629  4.2316208E-01  1.7090673E-01
      1630  4.2528319E-01  1.7339608E-01
      1631  4.2741493E-01  1.7592067E-01
      1632  4.2955736E-01  1.7848100E-01
      1633  4.3171052E-01  1.8107753E-01
      1634  4.3387448E-01  1.8371075E-01
      1635  4.3604929E-01  1.8638115E-01
      1636  4.3823499E-01  1.8908923E-01
      1637  4.4043165E-01  1.9183548E-01
      1638  4.4263933E-01  1.9462042E-01
      1639  4.4485807E-01  1.9744456E-01
      1640  4.4708793E-01  2.0030841E-01
      1641  4.4932896E-01  2.0321251E-01
      1642  4.5158123E-01  2.0615738E-01
      1643  4.5384480E-01  2.0914357E-01
      1644  4.5611970E-01  2.1217161E-01
      1645  4.5840601E-01  2.1524206E-01
      1646  4.6070378E-01  2.1835546E-01
      1647  4.6301307E-01  2.2151240E-01
      1648  4.6533393E-01  2.2471342E-01
      1649  4.6766643E-01  2.2795911E-01
      1650  4.7001061E-01  2.3125006E-01
      1651  4.7236655E-01  2.3458684E-01
      1652  4.7473430E-01  2.3797005E-01
      1653  4.7711392E-01  2.4140029E-01
      1654  4.7950546E-01  2.4487818E-01
      1655  4.8190899E-01  2.4840432E-01
      1656  4.8432457E-01  2.5197933E-01
      1657  4.8675226E-01  2.5560385E-01
      1658  4.8919211E-01  2.5927850E-01
      1659  4.9164420E-01  2.6300392E-01
      1660  4.9410857E-01  2.6678077E-01
      1661  4.9658530E-01  2.7060970E-01
      1662  4.9907445E-01  2.7449137E-01
      1663  5.0157607E-01  2.7842644E-01
      1664  5.0409023E-01  2.8241560E-01
      1665  5.0661699E-01  2.8645952E-01
      1666  5.0915642E-01  2.9055889E-01
      1667  5.1170858E-01  2.9471440E-01
      1668  5.1427353E-01  2.9892677E-01
      1669  5.1685133E-01  3.0319669E-01
      1670  5.1944206E-01  3.0752488E-01
      1671  5.2204578E-01  3.1191208E-01
      1672  5.2466254E-01  3.1635900E-01
      1673  5.2729242E-01  3.2086638E-01
      1674  5.2993549E-01  3.2543497E-01
      1675  5.3259180E-01  3.3006553E-01
      1676  5.3526143E-01  3.3475880E-01
      1677  5.3794444E-01  3.3951555E-01
      1678  5.4064090E-01  3.4433655E-01
      1679  5.4335087E-01  3.4922259E-01
      1680  5.4607443E-01  3.5417445E-01
      1681  5.4881164E-01  3.5919293E-01
      1682  5.5156257E-01  3.6427881E-01
      1683  5.5432728E-01  3.6943291E-01
      1684  5.5710586E-01  3.7465605E-01
      1685  5.5989837E-01  3.7994904E-01
      1686  5.6270487E-01  3.8531271E-01
      1687  5.6552544E-01  3.9074790E-01
      1688  5.6836015E-01  3.9625544E-01
      1689  5.7120906E-01  4.0183619E-01
      1690  5.7407226E-01  4.0749099E-01
      1691  5.7694981E-01  4.1322072E-01
      1692  5.7984178E-01  4.1902623E-01
      1693  5.8274825E-01  4.2490840E-01
      1694  5.8566929E-01  4.3086812E-01
      1695  5.8860497E-01  4.3690626E-01
      1696  5.9155536E-01  4.4302373E-01
      1697  5.9452055E-01  4.4922142E-01
      1698  5.9750059E-01  4.5550024E-01
      1699  6.0049558E-01  4.6186110E-01
      1700  6.0350558E-01  4.6830492E-01
      1701  6.0653066E-01  4.7483262E-01
      1702  6.0957091E-01  4.8144513E-01
      1703  6.1262639E-01  4.8814338E-01
      1704  6.1569720E-01  4.9492833E-01
      1705  6.1878339E-01  5.0180090E-01
      1706  6.2188506E-01  5.0876207E-01
      1707  6.2500227E-01  5.1581277E-01
      1708  6.2813511E-01  5.2295398E-01
      1709  6.3128365E-01  5.3018666E-01
      1710  6.3444797E-01  5.3751178E-01
      1711  6.3762815E-01  5.4493031E-01
      1712  6.4082428E-01  5.5244325E-01
      1713  6.4403642E-01  5.6005156E-01
      1714  6.4726467E-01  5.6775625E-01
      1715  6.5050909E-01  5.7555829E-01
      1716  6.5376979E-01  5.8345870E-01
      1717  6.5704682E-01  5.9145846E-01
      1718  6.6034028E-01  5.9955857E-01
      1719  6.6365025E-01  6.0776005E-01
      1720  6.6697681E-01  6.1606391E-01
      1721  6.7032005E-01  6.2447114E-01
      1722  6.7368004E-01  6.3298276E-01
      1723  6.7705687E-01  6.4159980E-01
      1724  6.8045064E-01  6.5032325E-01
      1725  6.8386141E-01  6.5915414E-01
      1726  6.8728928E-01  6.6809349E-01
      1727  6.9073433E-01  6.7714231E-01
      1728  6.9419665E-01  6.8630163E-01
      1729  6.9767633E-01  6.9557245E-01
      1730  7.0117344E-01  7.0495580E-01
      1731  7.0468809E-01  7.1445270E-01
      1732  7.0822035E-01  7.2406416E-01
      1733  7.1177032E-01  7.3379119E-01
      1734  7.1533809E-01  7.4363481E-01
      1735  7.1892373E-01  7.5359602E-01
      1736  7.2252735E-01  7.6367584E-01
      1737  7.2614904E-01  7.7387526E-01
      1738  7.2978887E-01  7.8419528E-01
      1739  7.3344696E-01  7.9463690E-01
      1740  7.3712337E-01  8.0520110E-01
      1741  7.4081822E-01  8.1588888E-01
      1742  7.4453159E-01  8.2670120E-01
      1743  7.4826357E-01  8.3763904E-01
      1744  7.5201425E-01  8.4870337E-01
      1745  7.5578374E-01  8.5989514E-01
      1746  7.5957212E-01  8.7121529E-01
      1747  7.6337949E-01  8.8266477E-01
      1748  7.6720595E-01  8.9424450E-01
      1749  7.7105159E-01  9.0595540E-01
      1750  7.7491650E-01  9.1779839E-01
      1751  7.7880078E-01  9.2977435E-01
      1752  7.8270454E-01  9.4188416E-01
      1753  7.8662786E-01  9.5412870E-01
      1754  7.9057085E-01  9.6650883E-01
      1755  7.9453360E-01  9.7902537E-01
      1756  7.9851622E-01  9.9167915E-01
      1757  8.0251880E-01  1.0044710E+00
      1758  8.0654144E-01  1.0174017E+00
      1759  8.1058425E-01  1.0304719E+00
      1760  8.1464732E-01  1.0436826E+00
      1761  8.1873075E-01  1.0570343E+00
      1762  8.2283466E-01  1.0705279E+00
      1763  8.2695913E-01  1.0841639E+00
      1764  8.3110428E-01  1.0979430E+00
      1765  8.3527021E-01  1.1118660E+00
      1766  8.3945702E-01  1.1259333E+00
      1767  8.4366482E-01  1.1401456E+00
      1768  8.4789370E-01  1.1545035E+00
      1769  8.5214379E-01  1.1690074E+00
      1770  8.5641518E-01  1.1836579E+00
      1771  8.6070798E-01  1.1984554E+00
      1772  8.6502229E-01  1.2134003E+00
      1773  8.6935824E-01  1.2284931E+00
      1774  8.7371591E-01  1.2437341E+00
      1775  8.7809543E-01  1.2591236E+00
      1776  8.8249690E-01  1.2746619E+00
      1777  8.8692044E-01  1.2903493E+00
      1778  8.9136614E-01  1.3061860E+00
      1779  8.9583414E-01  1.3221720E+00
      1780  9.0032452E-01  1.3383076E+00
      1781  9.0483742E-01  1.3545927E+00
      1782  9.0937293E-01  1.3710274E+00
      1783  9.1393119E-01  1.3876118E+00
      1784  9.1851228E-01  1.4043456E+00
      1785  9.2311635E-01  1.4212287E+00
      1786  9.2774349E-01  1.4382610E+00
      1787  9.3239382E-01  1.4554421E+00
      1788  9.3706746E-01  1.4727719E+00
      1789  9.4176453E-01  1.4902498E+00
      1790  9.4648515E-01  1.5078756E+00
      1791  9.5122942E-01  1.5256486E+00
      1792  9.5599748E-01  1.5435682E+00
      1793  9.6078944E-01  1.5616340E+00
      1794  9.6560542E-01  1.5798451E+00
      1795  9.7044553E-01  1.5982007E+00
      1796  9.7530991E-01  1.6167001E+00
      1797  9.8019867E-01  1.6353422E+00
      1798  9.8511194E-01  1.6541260E+00
      1799  9.9004983E-01  1.6730504E+00
      1800  9.9501248E-01  1.6921143E+00
      1801  1.0000000E+00  1.7113164E+00
      1802  1.0050125E+00  1.7306552E+00
      1803  1.0100502E+00  1.7501293E+00
      1804  1.0151131E+00  1.7697373E+00
      1805  1.0202013E+00  1.7894773E+00
      1806  1.0253151E+00  1.8093476E+00
      1807  1.0304545E+00  1.8293464E+00
      1808  1.0356197E+00  1.8494718E+00
      1809  1.0408108E+00  1.8697215E+00
      1810  1.0460279E+00  1.8900935E+00
      1811  1.0512711E+00  1.9105854E+00
      1812  1.0565406E+00  1.9311948E+00
      1813  1.0618365E+00  1.9519191E+00
      1814  1.0671590E+00  1.9727556E+00
      1815  1.0725082E+00  1.9937017E+00
      1816  1.0778842E+00  2.0147542E+00
      1817  1.0832871E+00  2.0359102E+00
      1818  1.0887171E+00  2.0571664E+00
      1819  1.0941743E+00  2.0785195E+00
      1820  1.0996589E+00  2.0999660E+00
      1821  1.1051709E+00  2.1215023E+00
      1822  1.1107106E+00  2.1431246E+00
      1823  1.1162781E+00  2.1648289E+00
      1824  1.1218734E+00  2.1866111E+00
      1825  1.1274969E+00  2.2084669E+00
      1826  1.1331485E+00  2.2303921E+00
      1827  1.1388284E+00  2.2523818E+00
      1828  1.1445368E+00  2.2744314E+00
      1829  1.1502738E+00  2.2965360E+00
      1830  1.1560396E+00  2.3186904E+00
      1831  1.1618342E+00  2.3408893E+00
      1832  1.1676580E+00  2.3631272E+00
      1833  1.1735109E+00  2.3853985E+00
      1834  1.1793931E+00  2.4076972E+00
      1835  1.1853049E+00  2.4300174E+00
      1836  1.1912462E+00  2.4523528E+00
      1837  1.1972174E+00  2.4746968E+00
      1838  1.2032184E+00  2.4970429E+00
      1839  1.2092496E+00  2.5193841E+00
      1840  1.2153110E+00  2.5417133E+00
      1841  1.2214028E+00  2.5640233E+00
      1842  1.2275251E+00  2.5863064E+00
      1843  1.2336781E+00  2.6085550E+00
      1844  1.2398619E+00  2.6307611E+00
      1845  1.2460767E+00  2.6529164E+00
      1846  1.2523227E+00  2.6750124E+00
      1847  1.2586000E+00  2.6970407E+00
      1848  1.2649088E+00  2.7189920E+00
      1849  1.2712492E+00  2.7408575E+00
      1850  1.2776213E+00  2.7626275E+00
      1851  1.2840254E+00  2.7842925E+00
      1852  1.2904616E+00  2.8058426E+00
      1853  1.2969301E+00  2.8272676E+00
      1854  1.3034310E+00  2.8485571E+00
      1855  1.3099645E+00  2.8697004E+00
      1856  1.3165307E+00  2.8906866E+00
      1857  1.3231298E+00  2.9115045E+00
      1858  1.3297620E+00  2.9321426E+00
      1859  1.3364275E+00  2.9525893E+00
      1860  1.3431264E+00  2.9728326E+00
      1861  1.3498588E+00  2.9928602E+00
      1862  1.3566250E+00  3.0126596E+00
      1863  1.3634251E+00  3.0322180E+00
      1864  1.3702593E+00  3.0515224E+00
      1865  1.3771278E+00  3.0705595E+00
      1866  1.3840306E+00  3.0893156E+00
      1867  1.3909681E+00  3.1077770E+00
      1868  1.3979404E+00  3.1259295E+00
      1869  1.4049476E+00  3.1437588E+00
      1870  1.4119899E+00  3.1612501E+00
      1871  1.4190675E+00  3.1783887E+00
      1872  1.4261807E+00  3.1951593E+00
      1873  1.4333294E+00  3.2115465E+00
      1874  1.4405140E+00  3.2275347E+00
      1875  1.4477346E+00  3.2431079E+00
      1876  1.4549914E+00  3.2582499E+00
      1877  1.4622846E+00  3.2729445E+00
      1878  1.4696143E+00  3.2871749E+00
      1879  1.4769808E+00  3.3009243E+00
      1880  1.4843842E+00  3.3141756E+00
      1881  1.4918247E+00  3.3269114E+00
      1882  1.4993025E+00  3.3391144E+00
      1883  1.5068178E+00  3.3507667E+00
      1884  1.5143707E+00  3.3618505E+00
      1885  1.5219616E+00  3.3723478E+00
      1886  1.5295904E+00  3.3822402E+00
      1887  1.5372575E+00  3.3915093E+00
      1888  1.5449631E+00  3.4001367E+00
      1889  1.5527072E+00  3.4081036E+00
      1890  1.5604902E+00  3.4153912E+00
      1891  1.5683122E+00  3.4219806E+00
      1892  1.5761734E+00  3.4278528E+00
      1893  1.5840740E+00  3.4329888E+00
      1894  1.5920142E+00  3.4373693E+00
      1895  1.5999942E+00  3.4409753E+00
      1896  1.6080142E+00  3.4437876E+00
      1897  1.6160744E+00  3.4457869E+00
      1898  1.6241750E+00  3.4469541E+00
      1899  1.6323162E+00  3.4472700E+00
      1900  1.6404982E+00  3.4467157E+00
      1901  1.6487213E+00  3.4452722E+00
      1902  1.6569855E+00  3.4429206E+00
      1903  1.6652912E+00  3.4396422E+00
      1904  1.6736385E+00  3.4354186E+00
      1905  1.6820276E+00  3.4302314E+00
      1906  1.6904588E+00  3.4240626E+00
      1907  1.6989323E+00  3.4168944E+00
      1908  1.7074482E+00  3.4087092E+00
      1909  1.7160069E+00  3.3994900E+00
      1910  1.7246084E+00  3.3892199E+00
      1911  1.7332530E+00  3.3778826E+00
      1912  1.7419410E+00  3.3654621E+00
      1913  1.7506725E+00  3.3519430E+00
      1914  1.7594478E+00  3.3373105E+00
      1915  1.7682671E+00  3.3215502E+00
      1916  1.7771305E+00  3.3046484E+00
      1917  1.7860384E+00  3.2865922E+00
      1918  1.7949910E+00  3.2673691E+00
      1919  1.8039884E+00  3.2469677E+00
      1920  1.8130309E+00  3.2253773E+00
      1921  1.8221188E+00  3.2025879E+00
      1922  1.8312522E+00  3.1785907E+00
      1923  1.8404314E+00  3.1533776E+00
      1924  1.8496566E+00  3.1269419E+00
      1925  1.8589280E+00  3.0992774E+00
      1926  1.8682460E+00  3.0703797E+00
      1927  1.8776106E+00  3.0402452E+00
      1928  1.8870221E+00  3.0088716E+00
      1929  1.8964809E+00  2.9762580E+00
      1930  1.9059870E+00  2.9424049E+00
      1931  1.9155408E+00  2.9073141E+00
      1932  1.9251425E+00  2.8709891E+00
      1933  1.9347923E+00  2.8334348E+00
      1934  1.9444905E+00  2.7946577E+00
      1935  1.9542373E+00  2.7546663E+00
      1936  1.9640330E+00  2.7134705E+00
      1937  1.9738777E+00  2.6710821E+00
      1938  1.9837718E+00  2.6275148E+00
      1939  1.9937155E+00  2.5827844E+00
      1940  2.0037091E+00  2.5369083E+00
      1941  2.0137527E+00  2.4899062E+00
      1942  2.0238467E+00  2.4418000E+00
      1943  2.0339913E+00  2.3926135E+00
      1944  2.0441867E+00  2.3423727E+00
      1945  2.0544332E+00  2.2911061E+00
      1946  2.0647311E+00  2.2388442E+00
      1947  2.0750806E+00  2.1856200E+00
      1948  2.0854820E+00  2.1314687E+00
      1949  2.0959355E+00  2.0764281E+00
      1950  2.1064414E+00  2.0205380E+00
      1951  2.1170000E+00  1.9638410E+00
      1952  2.1276115E+00  1.9063821E+00
      1953  2.1382762E+00  1.8482083E+00
      1954  2.1489944E+00  1.7893695E+00
      1955  2.1597663E+00  1.7299178E+00
      1956  2.1705921E+00  1.6699074E+00
      1957  2.1814723E+00  1.6093952E+00
      1958  2.1924069E+00  1.5484401E+00
      1959  2.2033964E+00  1.4871033E+00
      1960  2.2144410E+00  1.4254481E+00
      1961  2.2255409E+00  1.3635395E+00
      1962  2.2366965E+00  1.3014445E+00
      1963  2.2479080E+00  1.2392331E+00
      1964  2.2591757E+00  1.1769725E+00
      1965  2.2704998E+00  1.1147371E+00
      1966  2.2818808E+00  1.0526131E+00
      1967  2.2933187E+00  9.9060334E-01
      1968  2.3048140E+00  9.2895974E-01
      1969  2.3163670E+00  8.6822419E-01
      1970  2.3279778E+00  8.0890341E-01
      1971  2.3396469E+00  7.5112492E-01
      1972  2.3513744E+00  6.9494281E-01
      1973  2.3631607E+00  6.4047352E-01
      1974  2.3750061E+00  5.8780800E-01
      1975  2.3869109E+00  5.3703828E-01
      1976  2.3988753E+00  4.8825470E-01
      1977  2.4108997E+00  4.4154267E-01
      1978  2.4229844E+00  3.9698358E-01
      1979  2.4351297E+00  3.5465337E-01
      1980  2.4473358E+00  3.1462190E-01
      1981  2.4596031E+00  2.7695216E-01
      1982  2.4719319E+00  2.4169909E-01
      1983  2.4843225E+00  2.0890839E-01
      1984  2.4967753E+00  1.7861566E-01
      1985  2.5092904E+00  1.5084518E-01
      1986  2.5218683E+00  1.2560844E-01
      1987  2.5345092E+00  1.0290248E-01
      1988  2.5472135E+00  8.2708761E-02
      1989  2.5599814E+00  6.4991572E-02
      1990  2.5728134E+00  4.9696017E-02
      1991  2.5857097E+00  3.6745933E-02
      1992  2.5986706E+00  2.6042158E-02
      1993  2.6116965E+00  1.7460816E-02
      1994  2.6247877E+00  1.0850671E-02
      1995  2.6379445E+00  6.0280449E-03
      1996  2.6511672E+00  2.7834606E-03
      1997  2.6644562E+00  8.6249365E-04
      1998  2.6778119E+00 -3.7893092E-05
      1999  2.6912345E+00 -1.4503957E-04
      2000  2.7047243E+00  2.2500880E-05
      2001  2.7182818E+00  4.1507405E-06
      2002  2.7319073E+00  0.0000000E+00
      2003  2.7456010E+00  0.0000000E+00
      2004  2.7593634E+00  0.0000000E+00
      2005  2.7731948E+00  0.0000000E+00
      2006  2.7870955E+00  0.0000000E+00
      2007  2.8010658E+00  0.0000000E+00
      2008  2.8151062E+00  0.0000000E+00
      2009  2.8292170E+00  0.0000000E+00
      2010  2.8433985E+00  0.0000000E+00
      2011  2.8576511E+00  0.0000000E+00
      2012  2.8719752E+00  0.0000000E+00
      2013  2.8863710E+00  0.0000000E+00
      2014  2.9008390E+00  0.0000000E+00
      2015  2.9153795E+00  0.0000000E+00
      2016  2.9299929E+00  0.0000000E+00
      2017  2.9446796E+00  0.0000000E+00
      2018  2.9594398E+00  0.0000000E+00
      2019  2.9742741E+00  0.0000000E+00
      2020  2.9891827E+00  0.0000000E+00
      2021  3.0041660E+00  0.0000000E+00
      2022  3.0192245E+00  0.0000000E+00
      2023  3.0343584E+00  0.0000000E+00
      2024  3.0495682E+00  0.0000000E+00
      2025  3.0648542E+00  0.0000000E+00
      2026  3.0802168E+00  0.0000000E+00
      2027  3.0956565E+00  0.0000000E+00
      2028  3.1111735E+00  0.0000000E+00
      2029  3.1267684E+00  0.0000000E+00
      2030  3.1424414E+00  0.0000000E+00
      2031  3.1581929E+00  0.0000000E+00
      2032  3.1740234E+00  0.0000000E+00
      2033  3.1899333E+00  0.0000000E+00
      2034  3.2059229E+00  0.0000000E+00
      2035  3.2219926E+00  0.0000000E+00
      2036  3.2381429E+00  0.0000000E+00
      2037  3.2543742E+00  0.0000000E+00
      2038  3.2706868E+00  0.0000000E+00
      2039  3.2870812E+00  0.0000000E+00
      2040  3.3035578E+00  0.0000000E+00
      2041  3.3201169E+00  0.0000000E+00
      2042  3.3367591E+00  0.0000000E+00
      2043  3.3534847E+00  0.0000000E+00
      2044  3.3702941E+00  0.0000000E+00
      2045  3.3871877E+00  0.0000000E+00
      2046  3.4041661E+00  0.0000000E+00
      2047  3.4212295E+00  0.0000000E+00
      2048  3.4383785E+00  0.0000000E+00
      2049  3.4556135E+00  0.0000000E+00
      2050  3.4729348E+00  0.0000000E+00
      2051  3.4903430E+00  0.0000000E+00
      2052  3.5078384E+00  0.0000000E+00
      2053  3.5254215E+00  0.0000000E+00
      2054  3.5430927E+00  0.0000000E+00
      2055  3.5608526E+00  0.0000000E+00
      2056  3.5787014E+00  0.0000000E+00
      2057  3.5966397E+00  0.0000000E+00
      2058  3.6146680E+00  0.0000000E+00
      2059  3.6327866E+00  0.0000000E+00
      2060  3.6509960E+00  0.0000000E+00
      2061  3.6692967E+00  0.0000000E+00
      2062  3.6876891E+00  0.0000000E+00
      2063  3.7061737E+00  0.0000000E+00
      2064  3.7247510E+00  0.0000000E+00
      2065  3.7434214E+00  0.0000000E+00
      2066  3.7621854E+00  0.0000000E+00
      2067  3.7810434E+00  0.0000000E+00
      2068  3.7999959E+00  0.0000000E+00
      2069  3.8190435E+00  0.0000000E+00
      2070  3.8381865E+00  0.0000000E+00
      2071  3.8574255E+00  0.0000000E+00
      2072  3.8767610E+00  0.0000000E+00
      2073  3.8961933E+00  0.0000000E+00
      2074  3.9157231E+00  0.0000000E+00
      2075  3.9353507E+00  0.0000000E+00
      2076  3.9550767E+00  0.0000000E+00
      2077  3.9749016E+00  0.0000000E+00
      2078  3.9948259E+00  0.0000000E+00
      2079  4.0148501E+00  0.0000000E+00
      2080  4.0349746E+00  0.0000000E+00
      2081  4.0552000E+00  0.0000000E+00
      2082  4.0755267E+00  0.0000000E+00
      2083  4.0959554E+00  0.0000000E+00
      2084  4.1164865E+00  0.0000000E+00
      2085  4.1371204E+00  0.0000000E+00
      2086  4.1578578E+00  0.0000000E+00
      2087  4.1786992E+00  0.0000000E+00
      2088  4.1996450E+00  0.0000000E+00
      2089  4.2206958E+00  0.0000000E+00
      2090  4.2418521E+00  0.0000000E+00
      2091  4.2631145E+00  0.0000000E+00
      2092  4.2844835E+00  0.0000000E+00
      2093  4.3059595E+00  0.0000000E+00
      2094  4.3275432E+00  0.0000000E+00
      2095  4.3492351E+00  0.0000000E+00
      2096  4.3710358E+00  0.0000000E+00
      2097  4.3929457E+00  0.0000000E+00
      2098  4.4149654E+00  0.0000000E+00
      2099  4.4370955E+00  0.0000000E+00
      2100  4.4593366E+00  0.0000000E+00
      2101  4.4816891E+00  0.0000000E+00
      2102  4.5041536E+00  0.0000000E+00
      2103  4.5267308E+00  0.0000000E+00
      2104  4.5494211E+00  0.0000000E+00
      2105  4.5722252E+00  0.0000000E+00
      2106  4.5951436E+00  0.0000000E+00
      2107  4.6181768E+00  0.0000000E+00
      2108  4.6413255E+00  0.0000000E+00
      2109  4.6645903E+00  0.0000000E+00
      2110  4.6879716E+00  0.0000000E+00
      2111  4.7114702E+00  0.0000000E+00
      2112  4.7350865E+00  0.0000000E+00
      2113  4.7588212E+00  0.0000000E+00
      2114  4.7826749E+00  0.0000000E+00
      2115  4.8066482E+00  0.0000000E+00
      2116  4.8307416E+00  0.0000000E+00
      2117  4.8549558E+00  0.0000000E+00
      2118  4.8792914E+00  0.0000000E+00
      2119  4.9037489E+00  0.0000000E+00
      2120  4.9283291E+00  0.0000000E+00
      2121  4.9530324E+00  0.0000000E+00
      2122  4.9778596E+00  0.0000000E+00
      2123  5.0028112E+00  0.0000000E+00
      2124  5.0278879E+00  0.0000000E+00
      2125  5.0530903E+00  0.0000000E+00
      2126  5.0784190E+00  0.0000000E+00
      2127  5.1038747E+00  0.0000000E+00
      2128  5.1294580E+00  0.0000000E+00
      2129  5.1551695E+00  0.0000000E+00
      2130  5.1810099E+00  0.0000000E+00
      2131  5.2069798E+00  0.0000000E+00
      2132  5.2330799E+00  0.0000000E+00
      2133  5.2593108E+00  0.0000000E+00
      2134  5.2856732E+00  0.0000000E+00
      2135  5.3121678E+00  0.0000000E+00
      2136  5.3387951E+00  0.0000000E+00
      2137  5.3655560E+00  0.0000000E+00
      2138  5.3924509E+00  0.0000000E+00
      2139  5.4194807E+00  0.0000000E+00
      2140  5.4466460E+00  0.0000000E+00
      2141  5.4739474E+00  0.0000000E+00
      2142  5.5013857E+00  0.0000000E+00
      2143  5.5289615E+00  0.0000000E+00
      2144  5.5566755E+00  0.0000000E+00
      2145  5.5845285E+00  0.0000000E+00
      2146  5.6125210E+00  0.0000000E+00
      2147  5.6406539E+00  0.0000000E+00
      2148  5.6689278E+00  0.0000000E+00
      2149  5.6973434E+00  0.0000000E+00
      2150  5.7259015E+00  0.0000000E+00
      2151  5.7546027E+00  0.0000000E+00
      2152  5.7834477E+00  0.0000000E+00
      2153  5.8124374E+00  0.0000000E+00
      2154  5.8415724E+00  0.0000000E+00
      2155  5.8708534E+00  0.0000000E+00
      2156  5.9002811E+00  0.0000000E+00
      2157  5.9298564E+00  0.0000000E+00
      2158  5.9595799E+00  0.0000000E+00
      2159  5.9894525E+00  0.0000000E+00
      2160  6.0194747E+00  0.0000000E+00
      2161  6.0496475E+00  0.0000000E+00
      2162  6.0799714E+00  0.0000000E+00
      2163  6.1104474E+00  0.0000000E+00
      2164  6.1410762E+00  0.0000000E+00
      2165  6.1718584E+00  0.0000000E+00
      2166  6.2027950E+00  0.0000000E+00
      2167  6.2338867E+00  0.0000000E+00
      2168  6.2651341E+00  0.0000000E+00
      2169  6.2965383E+00  0.0000000E+00
      2170  6.3280998E+00  0.0000000E+00
      2171  6.3598195E+00  0.0000000E+00
      2172  6.3916983E+00  0.0000000E+00
      2173  6.4237368E+00  0.0000000E+00
      2174  6.4559359E+00  0.0000000E+00
      2175  6.4882964E+00  0.0000000E+00
      2176  6.5208191E+00  0.0000000E+00
      2177  6.5535049E+00  0.0000000E+00
      2178  6.5863544E+00  0.0000000E+00
      2179  6.6193687E+00  0.0000000E+00
      2180  6.6525484E+00  0.0000000E+00
      2181  6.6858944E+00  0.0000000E+00
      2182  6.7194076E+00  0.0000000E+00
      2183  6.7530888E+00  0.0000000E+00
      2184  6.7869388E+00  0.0000000E+00
      2185  6.8209585E+00  0.0000000E+00
      2186  6.8551487E+00  0.0000000E+00
      2187  6.8895102E+00  0.0000000E+00
      2188  6.9240441E+00  0.0000000E+00
      2189  6.9587510E+00  0.0000000E+00
      2190  6.9936319E+00  0.0000000E+00
      2191  7.0286876E+00  0.0000000E+00
      2192  7.0639190E+00  0.0000000E+00
      2193  7.0993271E+00  0.0000000E+00
      2194  7.1349126E+00  0.0000000E+00
      2195  7.1706765E+00  0.0000000E+00
      2196  7.2066197E+00  0.0000000E+00
      2197  7.2427430E+00  0.0000000E+00
      2198  7.2790474E+00  0.0000000E+00
      2199  7.3155338E+00  0.0000000E+00
      2200  7.3522030E+00  0.0000000E+00
      2201  7.3890561E+00  0.0000000E+00
      2202  7.4260939E+00  0.0000000E+00
      2203  7.4633173E+00  0.0000000E+00
      2204  7.5007274E+00  0.0000000E+00
      2205  7.5383249E+00  0.0000000E+00
      2206  7.5761109E+00  0.0000000E+00
      2207  7.6140864E+00  0.0000000E+00
      2208  7.6522521E+00  0.0000000E+00
      2209  7.6906092E+00  0.0000000E+00
      2210  7.7291585E+00  0.0000000E+00
      2211  7.7679011E+00  0.0000000E+00
      2212  7.8068379E+00  0.0000000E+00
      2213  7.8459698E+00  0.0000000E+00
      2214  7.8852979E+00  0.0000000E+00
      2215  7.9248231E+00  0.0000000E+00
      2216  7.9645465E+00  0.0000000E+00
      2217  8.0044689E+00  0.0000000E+00
      2218  8.0445915E+00  0.0000000E+00
      2219  8.0849152E+00  0.0000000E+00
      2220  8.1254410E+00  0.0000000E+00
      2221  8.1661699E+00  0.0000000E+00
      2222  8.2071030E+00  0.0000000E+00
      2223  8.2482413E+00  0.0000000E+00
      2224  8.2895858E+00  0.0000000E+00
      2225  8.3311375E+00  0.0000000E+00
      2226  8.3728975E+00  0.0000000E+00
      2227  8.4148668E+00  0.0000000E+00
      2228  8.4570465E+00  0.0000000E+00
      2229  8.4994376E+00  0.0000000E+00
      2230  8.5420412E+00  0.0000000E+00
      2231  8.5848584E+00  0.0000000E+00
      2232  8.6278902E+00  0.0000000E+00
      2233  8.6711377E+00  0.0000000E+00
      2234  8.7146019E+00  0.0000000E+00
      2235  8.7582840E+00  0.0000000E+00
      2236  8.8021851E+00  0.0000000E+00
      2237  8.8463063E+00  0.0000000E+00
      2238  8.8906486E+00  0.0000000E+00
      2239  8.9352131E+00  0.0000000E+00
      2240  8.9800011E+00  0.0000000E+00
      2241  9.0250135E+00  0.0000000E+00
      2242  9.0702516E+00  0.0000000E+00
      2243  9.1157164E+00  0.0000000E+00
      2244  9.1614091E+00  0.0000000E+00
      2245  9.2073309E+00  0.0000000E+00
      2246  9.2534828E+00  0.0000000E+00
      2247  9.2998661E+00  0.0000000E+00
      2248  9.3464819E+00  0.0000000E+00
      2249  9.3933313E+00  0.0000000E+00
      2250  9.4404156E+00  0.0000000E+00
      2251  9.4877358E+00  0.0000000E+00
      2252  9.5352933E+00  0.0000000E+00
      2253  9.5830892E+00  0.0000000E+00
      2254  9.6311246E+00  0.0000000E+00
      2255  9.6794008E+00  0.0000000E+00
      2256  9.7279190E+00  0.0000000E+00
      2257  9.7766804E+00  0.0000000E+00
      2258  9.8256862E+00  0.0000000E+00
      2259  9.8749377E+00  0.0000000E+00
      2260  9.9244360E+00  0.0000000E+00
      2261  9.9741825E+00  0.0000000E+00
      2262  1.0024178E+01  0.0000000E+00
      2263  1.0074425E+01  0.0000000E+00
      2264  1.0124923E+01  0.0000000E+00
      2265  1.0175674E+01  0.0000000E+00
      2266  1.0226680E+01  0.0000000E+00
      2267  1.0277942E+01  0.0000000E+00
      2268  1.0329460E+01  0.0000000E+00
      2269  1.0381237E+01  0.0000000E+00
      2270  1.0433273E+01  0.0000000E+00
      2271  1.0485570E+01  0.0000000E+00
      2272  1.0538129E+01  0.0000000E+00
      2273  1.0590951E+01  0.0000000E+00
      2274  1.0644039E+01  0.0000000E+00
      2275  1.0697392E+01  0.0000000E+00
      2276  1.0751013E+01  0.0000000E+00
      2277  1.0804903E+01  0.0000000E+00
      2278  1.0859063E+01  0.0000000E+00
      2279  1.0913494E+01  0.0000000E+00
      2280  1.0968198E+01  0.0000000E+00
      2281  1.1023176E+01  0.0000000E+00
      2282  1.1078430E+01  0.0000000E+00
      2283  1.1133961E+01  0.0000000E+00
      2284  1.1189770E+01  0.0000000E+00
      2285  1.1245859E+01  0.0000000E+00
      2286  1.1302229E+01  0.0000000E+00
      2287  1.1358882E+01  0.0000000E+00
      2288  1.1415819E+01  0.0000000E+00
      2289  1.1473041E+01  0.0000000E+00
      2290  1.1530550E+01  0.0000000E+00
      2291  1.1588347E+01  0.0000000E+00
      2292  1.1646434E+01  0.0000000E+00
      2293  1.1704812E+01  0.0000000E+00
      2294  1.1763482E+01  0.0000000E+00
      2295  1.1822447E+01  0.0000000E+00
      2296  1.1881707E+01  0.0000000E+00
      2297  1.1941264E+01  0.0000000E+00
      2298  1.2001120E+01  0.0000000E+00
      2299  1.2061276E+01  0.0000000E+00
      2300  1.2121734E+01  0.0000000E+00
      2301  1.2182494E+01  0.0000000E+00
      2302  1.2243559E+01  0.0000000E+00
      2303  1.2304930E+01  0.0000000E+00
      2304  1.2366609E+01  0.0000000E+00
      2305  1.2428597E+01  0.0000000E+00
      2306  1.2490895E+01  0.0000000E+00
      2307  1.2553506E+01  0.0000000E+00
      2308  1.2616431E+01  0.0000000E+00
      2309  1.2679671E+01  0.0000000E+00
      2310  1.2743228E+01  0.0000000E+00
      2311  1.2807104E+01  0.0000000E+00
      2312  1.2871300E+01  0.0000000E+00
      2313  1.2935817E+01  0.0000000E+00
      2314  1.3000658E+01  0.0000000E+00
      2315  1.3065824E+01  0.0000000E+00
      2316  1.3131317E+01  0.0000000E+00
      2317  1.3197138E+01  0.0000000E+00
      2318  1.3263289E+01  0.0000000E+00
      2319  1.3329772E+01  0.0000000E+00
      2320  1.3396587E+01  0.0000000E+00
      2321  1.3463738E+01  0.0000000E+00
      2322  1.3531225E+01  0.0000000E+00
      2323  1.3599051E+01  0.0000000E+00
      2324  1.3667216E+01  0.0000000E+00
      2325  1.3735724E+01  0.0000000E+00
      2326  1.3804574E+01  0.0000000E+00
      2327  1.3873770E+01  0.0000000E+00
      2328  1.3943312E+01  0.0000000E+00
      2329  1.4013204E+01  0.0000000E+00
      2330  1.4083445E+01  0.0000000E+00
      2331  1.4154039E+01  0.0000000E+00
      2332  1.4224986E+01  0.0000000E+00
      2333  1.4296289E+01  0.0000000E+00
      2334  1.4367950E+01  0.0000000E+00
      2335  1.4439969E+01  0.0000000E+00
      2336  1.4512350E+01  0.0000000E+00
      2337  1.4585093E+01  0.0000000E+00
      2338  1.4658201E+01  0.0000000E+00
      2339  1.4731676E+01  0.0000000E+00
      2340  1.4805519E+01  0.0000000E+00
      2341  1.4879732E+01  0.0000000E+00
      2342  1.4954317E+01  0.0000000E+00
