         1  1.2340980E-04 -5.6049324E-08
         2  1.2402840E-04 -5.6612629E-08
         3  1.2465009E-04 -5.7181595E-08
         4  1.2527490E-04 -5.7756280E-08
         5  1.2590285E-04 -5.8336740E-08
         6  1.2653394E-04 -5.8923034E-08
         7  1.2716819E-04 -5.9515220E-08
         8  1.2780563E-04 -6.0113358E-08
         9  1.2844625E-04 -6.0717508E-08
        10  1.2909009E-04 -6.1327729E-08
        11  1.2973716E-04 -6.1944083E-08
        12  1.3038747E-04 -6.2566631E-08
        13  1.3104104E-04 -6.3195436E-08
        14  1.3169789E-04 -6.3830561E-08
        15  1.3235802E-04 -6.4472069E-08
        16  1.3302147E-04 -6.5120024E-08
        17  1.3368824E-04 -6.5774491E-08
        18  1.3435836E-04 -6.6435535E-08
        19  1.3503183E-04 -6.7103224E-08
        20  1.3570868E-04 -6.7777622E-08
        21  1.3638893E-04 -6.8458799E-08
        22  1.3707258E-04 -6.9146821E-08
        23  1.3775966E-04 -6.9841758E-08
        24  1.3845018E-04 -7.0543679E-08
        25  1.3914417E-04 -7.1252655E-08
        26  1.3984163E-04 -7.1968756E-08
        27  1.4054259E-04 -7.2692054E-08
        28  1.4124706E-04 -7.3422621E-08
        29  1.4195506E-04 -7.4160531E-08
        30  1.4266662E-04 -7.4905857E-08
        31  1.4338174E-04 -7.5658673E-08
        32  1.4410044E-04 -7.6419055E-08
        33  1.4482275E-04 -7.7187080E-08
        34  1.4554867E-04 -7.7962823E-08
        35  1.4627824E-04 -7.8746362E-08
        36  1.4701146E-04 -7.9537776E-08
        37  1.4774836E-04 -8.0337144E-08
        38  1.4848895E-04 -8.1144546E-08
        39  1.4923326E-04 -8.1960062E-08
        40  1.4998129E-04 -8.2783774E-08
        41  1.5073308E-04 -8.3615765E-08
        42  1.5148863E-04 -8.4456118E-08
        43  1.5224797E-04 -8.5304916E-08
        44  1.5301111E-04 -8.6162244E-08
        45  1.5377809E-04 -8.7028189E-08
        46  1.5454890E-04 -8.7902837E-08
        47  1.5532358E-04 -8.8786275E-08
        48  1.5610214E-04 -8.9678592E-08
        49  1.5688461E-04 -9.0579877E-08
        50  1.5767100E-04 -9.1490220E-08
        51  1.5846133E-04 -9.2409712E-08
        52  1.5925562E-04 -9.3338445E-08
        53  1.6005389E-04 -9.4276512E-08
        54  1.6085616E-04 -9.5224006E-08
        55  1.6166246E-04 -9.6181024E-08
        56  1.6247279E-04 -9.7147659E-08
        57  1.6328719E-04 -9.8124009E-08
        58  1.6410567E-04 -9.9110172E-08
        59  1.6492825E-04 -1.0010625E-07
        60  1.6575496E-04 -1.0111233E-07
        61  1.6658581E-04 -1.0212853E-07
        62  1.6742083E-04 -1.0315493E-07
        63  1.6826003E-04 -1.0419166E-07
        64  1.6910343E-04 -1.0523880E-07
        65  1.6995107E-04 -1.0629647E-07
        66  1.7080295E-04 -1.0736477E-07
        67  1.7165910E-04 -1.0844380E-07
        68  1.7251955E-04 -1.0953368E-07
        69  1.7338431E-04 -1.1063451E-07
        70  1.7425340E-04 -1.1174641E-07
        71  1.7512685E-04 -1.1286948E-07
        72  1.7600468E-04 -1.1400383E-07
        73  1.7688690E-04 -1.1514959E-07
        74  1.7777355E-04 -1.1630686E-07
        75  1.7866465E-04 -1.1747577E-07
        76  1.7956021E-04 -1.1865642E-07
        77  1.8046025E-04 -1.1984893E-07
        78  1.8136482E-04 -1.2105344E-07
        79  1.8227391E-04 -1.2227004E-07
        80  1.8318756E-04 -1.2349888E-07
        81  1.8410579E-04 -1.2474006E-07
        82  1.8502863E-04 -1.2599372E-07
        83  1.8595609E-04 -1.2725998E-07
        84  1.8688820E-04 -1.2853896E-07
        85  1.8782498E-04 -1.2983080E-07
        86  1.8876645E-04 -1.3113562E-07
        87  1.8971265E-04 -1.3245356E-07
        88  1.9066359E-04 -1.3378474E-07
        89  1.9161929E-04 -1.3512930E-07
        90  1.9257979E-04 -1.3648737E-07
        91  1.9354510E-04 -1.3785909E-07
        92  1.9451525E-04 -1.3924460E-07
        93  1.9549026E-04 -1.4064403E-07
        94  1.9647016E-04 -1.4205752E-07
        95  1.9745497E-04 -1.4348522E-07
        96  1.9844472E-04 -1.4492728E-07
        97  1.9943943E-04 -1.4638382E-07
        98  2.0043912E-04 -1.4785500E-07
        99  2.0144382E-04 -1.4934097E-07
       100  2.0245357E-04 -1.5084187E-07
       101  2.0346837E-04 -1.5235786E-07
       102  2.0448826E-04 -1.5388908E-07
       103  2.0551326E-04 -1.5543569E-07
       104  2.0654340E-04 -1.5699784E-07
       105  2.0757870E-04 -1.5857570E-07
       106  2.0861920E-04 -1.6016941E-07
       107  2.0966490E-04 -1.6177914E-07
       108  2.1071585E-04 -1.6340505E-07
       109  2.1177207E-04 -1.6504729E-07
       110  2.1283358E-04 -1.6670605E-07
       111  2.1390042E-04 -1.6838147E-07
       112  2.1497260E-04 -1.7007373E-07
       113  2.1605015E-04 -1.7178300E-07
       114  2.1713311E-04 -1.7350945E-07
       115  2.1822149E-04 -1.7525325E-07
       116  2.1931533E-04 -1.7701457E-07
       117  2.2041465E-04 -1.7879360E-07
       118  2.2151949E-04 -1.8059050E-07
       119  2.2262986E-04 -1.8240547E-07
       120  2.2374579E-04 -1.8423867E-07
       121  2.2486732E-04 -1.8609030E-07
       122  2.2599448E-04 -1.8796054E-07
       123  2.2712728E-04 -1.8984958E-07
       124  2.2826576E-04 -1.9175760E-07
       125  2.2940995E-04 -1.9368479E-07
       126  2.3055987E-04 -1.9563136E-07
       127  2.3171555E-04 -1.9759748E-07
       128  2.3287703E-04 -1.9958337E-07
       129  2.3404433E-04 -2.0158922E-07
       130  2.3521749E-04 -2.0361522E-07
       131  2.3639652E-04 -2.0566159E-07
       132  2.3758146E-04 -2.0772852E-07
       133  2.3877234E-04 -2.0981623E-07
       134  2.3996919E-04 -2.1192492E-07
       135  2.4117204E-04 -2.1405480E-07
       136  2.4238092E-04 -2.1620609E-07
       137  2.4359586E-04 -2.1837899E-07
       138  2.4481689E-04 -2.2057374E-07
       139  2.4604404E-04 -2.2279054E-07
       140  2.4727734E-04 -2.2502962E-07
       141  2.4851683E-04 -2.2729121E-07
       142  2.4976252E-04 -2.2957552E-07
       143  2.5101446E-04 -2.3188279E-07
       144  2.5227268E-04 -2.3421326E-07
       145  2.5353720E-04 -2.3656714E-07
       146  2.5480806E-04 -2.3894468E-07
       147  2.5608529E-04 -2.4134611E-07
       148  2.5736892E-04 -2.4377168E-07
       149  2.5865899E-04 -2.4622162E-07
       150  2.5995552E-04 -2.4869619E-07
       151  2.6125856E-04 -2.5119563E-07
       152  2.6256812E-04 -2.5372019E-07
       153  2.6388425E-04 -2.5627012E-07
       154  2.6520697E-04 -2.5884568E-07
       155  2.6653633E-04 -2.6144712E-07
       156  2.6787235E-04 -2.6407471E-07
       157  2.6921506E-04 -2.6672870E-07
       158  2.7056451E-04 -2.6940937E-07
       159  2.7192072E-04 -2.7211698E-07
       160  2.7328373E-04 -2.7485180E-07
       161  2.7465357E-04 -2.7761410E-07
       162  2.7603028E-04 -2.8040417E-07
       163  2.7741388E-04 -2.8322228E-07
       164  2.7880443E-04 -2.8606871E-07
       165  2.8020194E-04 -2.8894375E-07
       166  2.8160646E-04 -2.9184768E-07
       167  2.8301802E-04 -2.9478080E-07
       168  2.8443665E-04 -2.9774340E-07
       169  2.8586239E-04 -3.0073577E-07
       170  2.8729529E-04 -3.0375821E-07
       171  2.8873536E-04 -3.0681103E-07
       172  2.9018265E-04 -3.0989454E-07
       173  2.9163720E-04 -3.1300903E-07
       174  2.9309904E-04 -3.1615482E-07
       175  2.9456820E-04 -3.1933223E-07
       176  2.9604473E-04 -3.2254157E-07
       177  2.9752866E-04 -3.2578317E-07
       178  2.9902003E-04 -3.2905734E-07
       179  3.0051887E-04 -3.3236442E-07
       180  3.0202523E-04 -3.3570474E-07
       181  3.0353914E-04 -3.3907863E-07
       182  3.0506063E-04 -3.4248643E-07
       183  3.0658976E-04 -3.4592847E-07
       184  3.0812654E-04 -3.4940511E-07
       185  3.0967104E-04 -3.5291669E-07
       186  3.1122327E-04 -3.5646356E-07
       187  3.1278328E-04 -3.6004608E-07
       188  3.1435111E-04 -3.6366460E-07
       189  3.1592681E-04 -3.6731949E-07
       190  3.1751040E-04 -3.7101111E-07
       191  3.1910192E-04 -3.7473984E-07
       192  3.2070143E-04 -3.7850603E-07
       193  3.2230895E-04 -3.8231008E-07
       194  3.2392453E-04 -3.8615236E-07
       195  3.2554821E-04 -3.9003326E-07
       196  3.2718003E-04 -3.9395316E-07
       197  3.2882002E-04 -3.9791245E-07
       198  3.3046824E-04 -4.0191154E-07
       199  3.3212472E-04 -4.0595082E-07
       200  3.3378950E-04 -4.1003069E-07
       201  3.3546263E-04 -4.1415157E-07
       202  3.3714414E-04 -4.1831386E-07
       203  3.3883408E-04 -4.2251798E-07
       204  3.4053250E-04 -4.2676436E-07
       205  3.4223942E-04 -4.3105341E-07
       206  3.4395490E-04 -4.3538557E-07
       207  3.4567899E-04 -4.3976127E-07
       208  3.4741171E-04 -4.4418094E-07
       209  3.4915312E-04 -4.4864503E-07
       210  3.5090325E-04 -4.5315399E-07
       211  3.5266216E-04 -4.5770826E-07
       212  3.5442989E-04 -4.6230831E-07
       213  3.5620648E-04 -4.6695458E-07
       214  3.5799197E-04 -4.7164755E-07
       215  3.5978641E-04 -4.7638769E-07
       216  3.6158985E-04 -4.8117546E-07
       217  3.6340233E-04 -4.8601136E-07
       218  3.6522389E-04 -4.9089585E-07
       219  3.6705458E-04 -4.9582944E-07
       220  3.6889445E-04 -5.0081260E-07
       221  3.7074354E-04 -5.0584585E-07
       222  3.7260190E-04 -5.1092969E-07
       223  3.7446957E-04 -5.1606462E-07
       224  3.7634661E-04 -5.2125115E-07
       225  3.7823306E-04 -5.2648981E-07
       226  3.8012896E-04 -5.3178112E-07
       227  3.8203436E-04 -5.3712561E-07
       228  3.8394932E-04 -5.4252381E-07
       229  3.8587387E-04 -5.4797627E-07
       230  3.8780807E-04 -5.5348352E-07
       231  3.8975197E-04 -5.5904612E-07
       232  3.9170561E-04 -5.6466463E-07
       233  3.9366904E-04 -5.7033960E-07
       234  3.9564231E-04 -5.7607161E-07
       235  3.9762548E-04 -5.8186122E-07
       236  3.9961859E-04 -5.8770902E-07
       237  4.0162168E-04 -5.9361560E-07
       238  4.0363482E-04 -5.9958153E-07
       239  4.0565805E-04 -6.0560743E-07
       240  4.0769142E-04 -6.1169388E-07
       241  4.0973498E-04 -6.1784151E-07
       242  4.1178878E-04 -6.2405092E-07
       243  4.1385288E-04 -6.3032273E-07
       244  4.1592733E-04 -6.3665758E-07
       245  4.1801217E-04 -6.4305609E-07
       246  4.2010747E-04 -6.4951891E-07
       247  4.2221327E-04 -6.5604669E-07
       248  4.2432962E-04 -6.6264006E-07
       249  4.2645658E-04 -6.6929971E-07
       250  4.2859420E-04 -6.7602628E-07
       251  4.3074254E-04 -6.8282046E-07
       252  4.3290165E-04 -6.8968291E-07
       253  4.3507158E-04 -6.9661434E-07
       254  4.3725238E-04 -7.0361543E-07
       255  4.3944412E-04 -7.1068688E-07
       256  4.4164684E-04 -7.1782940E-07
       257  4.4386060E-04 -7.2504371E-07
       258  4.4608546E-04 -7.3233052E-07
       259  4.4832148E-04 -7.3969056E-07
       260  4.5056870E-04 -7.4712457E-07
       261  4.5282718E-04 -7.5463330E-07
       262  4.5509699E-04 -7.6221749E-07
       263  4.5737817E-04 -7.6987790E-07
       264  4.5967079E-04 -7.7761530E-07
       265  4.6197490E-04 -7.8543046E-07
       266  4.6429056E-04 -7.9332417E-07
       267  4.6661782E-04 -8.0129721E-07
       268  4.6895676E-04 -8.0935038E-07
       269  4.7130741E-04 -8.1748448E-07
       270  4.7366985E-04 -8.2570033E-07
       271  4.7604413E-04 -8.3399876E-07
       272  4.7843031E-04 -8.4238058E-07
       273  4.8082845E-04 -8.5084665E-07
       274  4.8323861E-04 -8.5939780E-07
       275  4.8566086E-04 -8.6803489E-07
       276  4.8809524E-04 -8.7675878E-07
       277  4.9054183E-04 -8.8557035E-07
       278  4.9300068E-04 -8.9447048E-07
       279  4.9547186E-04 -9.0346006E-07
       280  4.9795542E-04 -9.1253998E-07
       281  5.0045143E-04 -9.2171116E-07
       282  5.0295996E-04 -9.3097451E-07
       283  5.0548105E-04 -9.4033095E-07
       284  5.0801479E-04 -9.4978143E-07
       285  5.1056122E-04 -9.5932689E-07
       286  5.1312042E-04 -9.6896829E-07
       287  5.1569245E-04 -9.7870658E-07
       288  5.1827737E-04 -9.8854274E-07
       289  5.2087524E-04 -9.9847776E-07
       290  5.2348614E-04 -1.0085126E-06
       291  5.2611013E-04 -1.0186483E-06
       292  5.2874727E-04 -1.0288859E-06
       293  5.3139762E-04 -1.0392264E-06
       294  5.3406126E-04 -1.0496708E-06
       295  5.3673826E-04 -1.0602202E-06
       296  5.3942867E-04 -1.0708755E-06
       297  5.4213257E-04 -1.0816380E-06
       298  5.4485002E-04 -1.0925087E-06
       299  5.4758109E-04 -1.1034886E-06
       300  5.5032585E-04 -1.1145788E-06
       301  5.5308437E-04 -1.1257805E-06
       302  5.5585672E-04 -1.1370948E-06
       303  5.5864296E-04 -1.1485228E-06
       304  5.6144317E-04 -1.1600656E-06
       305  5.6425742E-04 -1.1717245E-06
       306  5.6708577E-04 -1.1835005E-06
       307  5.6992830E-04 -1.1953949E-06
       308  5.7278507E-04 -1.2074088E-06
       309  5.7565617E-04 -1.2195434E-06
       310  5.7854166E-04 -1.2318000E-06
       311  5.8144161E-04 -1.2441798E-06
       312  5.8435610E-04 -1.2566840E-06
       313  5.8728520E-04 -1.2693139E-06
       314  5.9022898E-04 -1.2820707E-06
       315  5.9318751E-04 -1.2949558E-06
       316  5.9616088E-04 -1.3079703E-06
       317  5.9914915E-04 -1.3211156E-06
       318  6.0215239E-04 -1.3343930E-06
       319  6.0517069E-04 -1.3478039E-06
       320  6.0820413E-04 -1.3613495E-06
       321  6.1125276E-04 -1.3750313E-06
       322  6.1431668E-04 -1.3888506E-06
       323  6.1739595E-04 -1.4028088E-06
       324  6.2049066E-04 -1.4169073E-06
       325  6.2360089E-04 -1.4311474E-06
       326  6.2672670E-04 -1.4455307E-06
       327  6.2986818E-04 -1.4600585E-06
       328  6.3302541E-04 -1.4747323E-06
       329  6.3619846E-04 -1.4895536E-06
       330  6.3938742E-04 -1.5045239E-06
       331  6.4259236E-04 -1.5196446E-06
       332  6.4581337E-04 -1.5349173E-06
       333  6.4905052E-04 -1.5503434E-06
       334  6.5230390E-04 -1.5659246E-06
       335  6.5557359E-04 -1.5816624E-06
       336  6.5885966E-04 -1.5975584E-06
       337  6.6216221E-04 -1.6136141E-06
       338  6.6548131E-04 -1.6298312E-06
       339  6.6881705E-04 -1.6462113E-06
       340  6.7216951E-04 -1.6627560E-06
       341  6.7553878E-04 -1.6794669E-06
       342  6.7892493E-04 -1.6963459E-06
       343  6.8232805E-04 -1.7133944E-06
       344  6.8574824E-04 -1.7306143E-06
       345  6.8918556E-04 -1.7480073E-06
       346  6.9264012E-04 -1.7655750E-06
       347  6.9611199E-04 -1.7833193E-06
       348  6.9960127E-04 -1.8012420E-06
       349  7.0310804E-04 -1.8193448E-06
       350  7.0663238E-04 -1.8376295E-06
       351  7.1017439E-04 -1.8560980E-06
       352  7.1373415E-04 -1.8747520E-06
       353  7.1731176E-04 -1.8935936E-06
       354  7.2090730E-04 -1.9126245E-06
       355  7.2452086E-04 -1.9318467E-06
       356  7.2815254E-04 -1.9512621E-06
       357  7.3180242E-04 -1.9708726E-06
       358  7.3547059E-04 -1.9906802E-06
       359  7.3915716E-04 -2.0106868E-06
       360  7.4286220E-04 -2.0308946E-06
       361  7.4658581E-04 -2.0513054E-06
       362  7.5032809E-04 -2.0719213E-06
       363  7.5408912E-04 -2.0927445E-06
       364  7.5786901E-04 -2.1137769E-06
       365  7.6166784E-04 -2.1350207E-06
       366  7.6548572E-04 -2.1564780E-06
       367  7.6932273E-04 -2.1781510E-06
       368  7.7317898E-04 -2.2000417E-06
       369  7.7705455E-04 -2.2221525E-06
       370  7.8094956E-04 -2.2444855E-06
       371  7.8486408E-04 -2.2670430E-06
       372  7.8879823E-04 -2.2898271E-06
       373  7.9275210E-04 -2.3128402E-06
       374  7.9672578E-04 -2.3360847E-06
       375  8.0071939E-04 -2.3595627E-06
       376  8.0473301E-04 -2.3832767E-06
       377  8.0876675E-04 -2.4072290E-06
       378  8.1282071E-04 -2.4314220E-06
       379  8.1689499E-04 -2.4558582E-06
       380  8.2098970E-04 -2.4805400E-06
       381  8.2510492E-04 -2.5054698E-06
       382  8.2924078E-04 -2.5306502E-06
       383  8.3339737E-04 -2.5560836E-06
       384  8.3757479E-04 -2.5817727E-06
       385  8.4177315E-04 -2.6077199E-06
       386  8.4599255E-04 -2.6339279E-06
       387  8.5023311E-04 -2.6603993E-06
       388  8.5449492E-04 -2.6871368E-06
       389  8.5877809E-04 -2.7141429E-06
       390  8.6308274E-04 -2.7414205E-06
       391  8.6740896E-04 -2.7689722E-06
       392  8.7175686E-04 -2.7968008E-06
       393  8.7612656E-04 -2.8249091E-06
       394  8.8051816E-04 -2.8532999E-06
       395  8.8493178E-04 -2.8819760E-06
       396  8.8936752E-04 -2.9109404E-06
       397  8.9382549E-04 -2.9401958E-06
       398  8.9830581E-04 -2.9697452E-06
       399  9.0280859E-04 -2.9995916E-06
       400  9.0733394E-04 -3.0297380E-06
       401  9.1188197E-04 -3.0601874E-06
       402  9.1645279E-04 -3.0909427E-06
       403  9.2104653E-04 -3.1220072E-06
       404  9.2566330E-04 -3.1533839E-06
       405  9.3030320E-04 -3.1850759E-06
       406  9.3496637E-04 -3.2170864E-06
       407  9.3965291E-04 -3.2494187E-06
       408  9.4436294E-04 -3.2820758E-06
       409  9.4909657E-04 -3.3150612E-06
       410  9.5385394E-04 -3.3483781E-06
       411  9.5863515E-04 -3.3820298E-06
       412  9.6344033E-04 -3.4160198E-06
       413  9.6826960E-04 -3.4503513E-06
       414  9.7312307E-04 -3.4850279E-06
       415  9.7800087E-04 -3.5200530E-06
       416  9.8290312E-04 -3.5554301E-06
       417  9.8782994E-04 -3.5911627E-06
       418  9.9278146E-04 -3.6272545E-06
       419  9.9775780E-04 -3.6637090E-06
       420  1.0027591E-03 -3.7005298E-06
       421  1.0077854E-03 -3.7377207E-06
       422  1.0128370E-03 -3.7752854E-06
       423  1.0179138E-03 -3.8132276E-06
       424  1.0230162E-03 -3.8515512E-06
       425  1.0281440E-03 -3.8902599E-06
       426  1.0332976E-03 -3.9293576E-06
       427  1.0384771E-03 -3.9688483E-06
       428  1.0436825E-03 -4.0087358E-06
       429  1.0489139E-03 -4.0490243E-06
       430  1.0541716E-03 -4.0897176E-06
       431  1.0594557E-03 -4.1308199E-06
       432  1.0647662E-03 -4.1723353E-06
       433  1.0701034E-03 -4.2142679E-06
       434  1.0754673E-03 -4.2566220E-06
       435  1.0808581E-03 -4.2994017E-06
       436  1.0862759E-03 -4.3426114E-06
       437  1.0917209E-03 -4.3862553E-06
       438  1.0971932E-03 -4.4303378E-06
       439  1.1026929E-03 -4.4748634E-06
       440  1.1082202E-03 -4.5198365E-06
       441  1.1137751E-03 -4.5652616E-06
       442  1.1193580E-03 -4.6111432E-06
       443  1.1249688E-03 -4.6574859E-06
       444  1.1306077E-03 -4.7042943E-06
       445  1.1362749E-03 -4.7515732E-06
       446  1.1419705E-03 -4.7993273E-06
       447  1.1476947E-03 -4.8475613E-06
       448  1.1534475E-03 -4.8962800E-06
       449  1.1592292E-03 -4.9454884E-06
       450  1.1650398E-03 -4.9951913E-06
       451  1.1708796E-03 -5.0453938E-06
       452  1.1767487E-03 -5.0961008E-06
       453  1.1826472E-03 -5.1473174E-06
       454  1.1885752E-03 -5.1990487E-06
       455  1.1945330E-03 -5.2513000E-06
       456  1.2005206E-03 -5.3040764E-06
       457  1.2065382E-03 -5.3573832E-06
       458  1.2125860E-03 -5.4112257E-06
       459  1.2186641E-03 -5.4656093E-06
       460  1.2247727E-03 -5.5205396E-06
       461  1.2309119E-03 -5.5760218E-06
       462  1.2370819E-03 -5.6320617E-06
       463  1.2432828E-03 -5.6886648E-06
       464  1.2495148E-03 -5.7458368E-06
       465  1.2557780E-03 -5.8035833E-06
       466  1.2620726E-03 -5.8619102E-06
       467  1.2683988E-03 -5.9208233E-06
       468  1.2747566E-03 -5.9803285E-06
       469  1.2811464E-03 -6.0404317E-06
       470  1.2875681E-03 -6.1011390E-06
       471  1.2940221E-03 -6.1624564E-06
       472  1.3005084E-03 -6.2243900E-06
       473  1.3070272E-03 -6.2869461E-06
       474  1.3135787E-03 -6.3501309E-06
       475  1.3201631E-03 -6.4139506E-06
       476  1.3267804E-03 -6.4784118E-06
       477  1.3334309E-03 -6.5435209E-06
       478  1.3401148E-03 -6.6092842E-06
       479  1.3468321E-03 -6.6757085E-06
       480  1.3535832E-03 -6.7428004E-06
       481  1.3603680E-03 -6.8105666E-06
       482  1.3671869E-03 -6.8790138E-06
       483  1.3740400E-03 -6.9481490E-06
       484  1.3809274E-03 -7.0179789E-06
       485  1.3878493E-03 -7.0885107E-06
       486  1.3948059E-03 -7.1597513E-06
       487  1.4017974E-03 -7.2317079E-06
       488  1.4088240E-03 -7.3043876E-06
       489  1.4158857E-03 -7.3777978E-06
       490  1.4229829E-03 -7.4519458E-06
       491  1.4301156E-03 -7.5268390E-06
       492  1.4372841E-03 -7.6024848E-06
       493  1.4444885E-03 -7.6788909E-06
       494  1.4517290E-03 -7.7560649E-06
       495  1.4590058E-03 -7.8340146E-06
       496  1.4663191E-03 -7.9127476E-06
       497  1.4736691E-03 -7.9922719E-06
       498  1.4810559E-03 -8.0725954E-06
       499  1.4884797E-03 -8.1537262E-06
       500  1.4959408E-03 -8.2356723E-06
       501  1.5034392E-03 -8.3184421E-06
       502  1.5109752E-03 -8.4020436E-06
       503  1.5185490E-03 -8.4864854E-06
       504  1.5261608E-03 -8.5717759E-06
       505  1.5338107E-03 -8.6579235E-06
       506  1.5414989E-03 -8.7449369E-06
       507  1.5492257E-03 -8.8328248E-06
       508  1.5569913E-03 -8.9215960E-06
       509  1.5647957E-03 -9.0112593E-06
       510  1.5726393E-03 -9.1018238E-06
       511  1.5805222E-03 -9.1932985E-06
       512  1.5884446E-03 -9.2856925E-06
       513  1.5964067E-03 -9.3790151E-06
       514  1.6044087E-03 -9.4732755E-06
       515  1.6124508E-03 -9.5684833E-06
       516  1.6205333E-03 -9.6646480E-06
       517  1.6286562E-03 -9.7617791E-06
       518  1.6368199E-03 -9.8598864E-06
       519  1.6450245E-03 -9.9589797E-06
       520  1.6532702E-03 -1.0059069E-05
       521  1.6615573E-03 -1.0160164E-05
       522  1.6698859E-03 -1.0262275E-05
       523  1.6782562E-03 -1.0365412E-05
       524  1.6866685E-03 -1.0469586E-05
       525  1.6951230E-03 -1.0574807E-05
       526  1.7036198E-03 -1.0681085E-05
       527  1.7121592E-03 -1.0788432E-05
       528  1.7207415E-03 -1.0896857E-05
       529  1.7293667E-03 -1.1006372E-05
       530  1.7380352E-03 -1.1116988E-05
       531  1.7467471E-03 -1.1228715E-05
       532  1.7555027E-03 -1.1341565E-05
       533  1.7643022E-03 -1.1455550E-05
       534  1.7731458E-03 -1.1570680E-05
       535  1.7820338E-03 -1.1686966E-05
       536  1.7909663E-03 -1.1804422E-05
       537  1.7999435E-03 -1.1923058E-05
       538  1.8089658E-03 -1.2042887E-05
       539  1.8180332E-03 -1.2163919E-05
       540  1.8271462E-03 -1.2286168E-05
       541  1.8363048E-03 -1.2409646E-05
       542  1.8455093E-03 -1.2534365E-05
       543  1.8547599E-03 -1.2660337E-05
       544  1.8640570E-03 -1.2787575E-05
       545  1.8734006E-03 -1.2916092E-05
       546  1.8827911E-03 -1.3045900E-05
       547  1.8922286E-03 -1.3177014E-05
       548  1.9017134E-03 -1.3309444E-05
       549  1.9112458E-03 -1.3443206E-05
       550  1.9208260E-03 -1.3578312E-05
       551  1.9304541E-03 -1.3714776E-05
       552  1.9401306E-03 -1.3852611E-05
       553  1.9498555E-03 -1.3991832E-05
       554  1.9596292E-03 -1.4132452E-05
       555  1.9694519E-03 -1.4274485E-05
       556  1.9793238E-03 -1.4417945E-05
       557  1.9892452E-03 -1.4562848E-05
       558  1.9992164E-03 -1.4709206E-05
       559  2.0092375E-03 -1.4857036E-05
       560  2.0193088E-03 -1.5006351E-05
       561  2.0294306E-03 -1.5157167E-05
       562  2.0396032E-03 -1.5309498E-05
       563  2.0498268E-03 -1.5463361E-05
       564  2.0601016E-03 -1.5618770E-05
       565  2.0704279E-03 -1.5775740E-05
       566  2.0808059E-03 -1.5934289E-05
       567  2.0912360E-03 -1.6094430E-05
       568  2.1017184E-03 -1.6256182E-05
       569  2.1122533E-03 -1.6419558E-05
       570  2.1228410E-03 -1.6584577E-05
       571  2.1334818E-03 -1.6751254E-05
       572  2.1441759E-03 -1.6919606E-05
       573  2.1549236E-03 -1.7089651E-05
       574  2.1657252E-03 -1.7261404E-05
       575  2.1765810E-03 -1.7434883E-05
       576  2.1874911E-03 -1.7610106E-05
       577  2.1984560E-03 -1.7787090E-05
       578  2.2094758E-03 -1.7965852E-05
       579  2.2205508E-03 -1.8146411E-05
       580  2.2316814E-03 -1.8328785E-05
       581  2.2428677E-03 -1.8512992E-05
       582  2.2541101E-03 -1.8699050E-05
       583  2.2654089E-03 -1.8886977E-05
       584  2.2767643E-03 -1.9076794E-05
       585  2.2881767E-03 -1.9268518E-05
       586  2.2996462E-03 -1.9462169E-05
       587  2.3111732E-03 -1.9657766E-05
       588  2.3227580E-03 -1.9855329E-05
       589  2.3344009E-03 -2.0054878E-05
       590  2.3461021E-03 -2.0256432E-05
       591  2.3578620E-03 -2.0460011E-05
       592  2.3696808E-03 -2.0665637E-05
       593  2.3815589E-03 -2.0873329E-05
       594  2.3934965E-03 -2.1083108E-05
       595  2.4054940E-03 -2.1294996E-05
       596  2.4175516E-03 -2.1509013E-05
       597  2.4296696E-03 -2.1725182E-05
       598  2.4418484E-03 -2.1943522E-05
       599  2.4540882E-03 -2.2164057E-05
       600  2.4663893E-03 -2.2386809E-05
       601  2.4787522E-03 -2.2611799E-05
       602  2.4911770E-03 -2.2839050E-05
       603  2.5036641E-03 -2.3068585E-05
       604  2.5162137E-03 -2.3300427E-05
       605  2.5288263E-03 -2.3534599E-05
       606  2.5415021E-03 -2.3771124E-05
       607  2.5542414E-03 -2.4010027E-05
       608  2.5670446E-03 -2.4251330E-05
       609  2.5799120E-03 -2.4495059E-05
       610  2.5928438E-03 -2.4741237E-05
       611  2.6058405E-03 -2.4989889E-05
       612  2.6189023E-03 -2.5241040E-05
       613  2.6320297E-03 -2.5494716E-05
       614  2.6452228E-03 -2.5750940E-05
       615  2.6584820E-03 -2.6009740E-05
       616  2.6718077E-03 -2.6271141E-05
       617  2.6852002E-03 -2.6535169E-05
       618  2.6986598E-03 -2.6801850E-05
       619  2.7121869E-03 -2.7071211E-05
       620  2.7257818E-03 -2.7343280E-05
       621  2.7394448E-03 -2.7618083E-05
       622  2.7531763E-03 -2.7895647E-05
       623  2.7669767E-03 -2.8176002E-05
       624  2.7808462E-03 -2.8459173E-05
       625  2.7947853E-03 -2.8745191E-05
       626  2.8087942E-03 -2.9034083E-05
       627  2.8228733E-03 -2.9325879E-05
       628  2.8370230E-03 -2.9620607E-05
       629  2.8512437E-03 -2.9918297E-05
       630  2.8655356E-03 -3.0218979E-05
       631  2.8798992E-03 -3.0522682E-05
       632  2.8943347E-03 -3.0829438E-05
       633  2.9088426E-03 -3.1139277E-05
       634  2.9234233E-03 -3.1452230E-05
       635  2.9380770E-03 -3.1768328E-05
       636  2.9528042E-03 -3.2087603E-05
       637  2.9676051E-03 -3.2410086E-05
       638  2.9824803E-03 -3.2735811E-05
       639  2.9974301E-03 -3.3064809E-05
       640  3.0124548E-03 -3.3397113E-05
       641  3.0275547E-03 -3.3732757E-05
       642  3.0427304E-03 -3.4071774E-05
       643  3.0579822E-03 -3.4414199E-05
       644  3.0733104E-03 -3.4760065E-05
       645  3.0887154E-03 -3.5109406E-05
       646  3.1041977E-03 -3.5462259E-05
       647  3.1197575E-03 -3.5818658E-05
       648  3.1353954E-03 -3.6178638E-05
       649  3.1511116E-03 -3.6542237E-05
       650  3.1669066E-03 -3.6909489E-05
       651  3.1827808E-03 -3.7280433E-05
       652  3.1987346E-03 -3.7655104E-05
       653  3.2147683E-03 -3.8033541E-05
       654  3.2308824E-03 -3.8415782E-05
       655  3.2470772E-03 -3.8801863E-05
       656  3.2633533E-03 -3.9191825E-05
       657  3.2797109E-03 -3.9585706E-05
       658  3.2961505E-03 -3.9983545E-05
       659  3.3126725E-03 -4.0385383E-05
       660  3.3292774E-03 -4.0791259E-05
       661  3.3459655E-03 -4.1201215E-05
       662  3.3627372E-03 -4.1615290E-05
       663  3.3795930E-03 -4.2033527E-05
       664  3.3965332E-03 -4.2455967E-05
       665  3.4135584E-03 -4.2882652E-05
       666  3.4306690E-03 -4.3313626E-05
       667  3.4478653E-03 -4.3748931E-05
       668  3.4651478E-03 -4.4188611E-05
       669  3.4825169E-03 -4.4632709E-05
       670  3.4999731E-03 -4.5081271E-05
       671  3.5175168E-03 -4.5534341E-05
       672  3.5351484E-03 -4.5991964E-05
       673  3.5528684E-03 -4.6454186E-05
       674  3.5706772E-03 -4.6921054E-05
       675  3.5885753E-03 -4.7392613E-05
       676  3.6065631E-03 -4.7868912E-05
       677  3.6246411E-03 -4.8349997E-05
       678  3.6428097E-03 -4.8835917E-05
       679  3.6610694E-03 -4.9326721E-05
       680  3.6794205E-03 -4.9822458E-05
       681  3.6978637E-03 -5.0323176E-05
       682  3.7163993E-03 -5.0828927E-05
       683  3.7350279E-03 -5.1339760E-05
       684  3.7537498E-03 -5.1855727E-05
       685  3.7725655E-03 -5.2376880E-05
       686  3.7914756E-03 -5.2903270E-05
       687  3.8104804E-03 -5.3434951E-05
       688  3.8295805E-03 -5.3971975E-05
       689  3.8487764E-03 -5.4514395E-05
       690  3.8680685E-03 -5.5062268E-05
       691  3.8874572E-03 -5.5615646E-05
       692  3.9069432E-03 -5.6174585E-05
       693  3.9265268E-03 -5.6739142E-05
       694  3.9462086E-03 -5.7309373E-05
       695  3.9659891E-03 -5.7885334E-05
       696  3.9858687E-03 -5.8467084E-05
       697  4.0058479E-03 -5.9054680E-05
       698  4.0259273E-03 -5.9648182E-05
       699  4.0461074E-03 -6.0247648E-05
       700  4.0663886E-03 -6.0853139E-05
       701  4.0867714E-03 -6.1464715E-05
       702  4.1072565E-03 -6.2082437E-05
       703  4.1278442E-03 -6.2706368E-05
       704  4.1485351E-03 -6.3336568E-05
       705  4.1693297E-03 -6.3973102E-05
       706  4.1902285E-03 -6.4616034E-05
       707  4.2112322E-03 -6.5265426E-05
       708  4.2323410E-03 -6.5921345E-05
       709  4.2535557E-03 -6.6583856E-05
       710  4.2748768E-03 -6.7253025E-05
       711  4.2963047E-03 -6.7928919E-05
       712  4.3178400E-03 -6.8611605E-05
       713  4.3394833E-03 -6.9301153E-05
       714  4.3612350E-03 -6.9997630E-05
       715  4.3830958E-03 -7.0701107E-05
       716  4.4050662E-03 -7.1411654E-05
       717  4.4271466E-03 -7.2129342E-05
       718  4.4493378E-03 -7.2854242E-05
       719  4.4716402E-03 -7.3586427E-05
       720  4.4940544E-03 -7.4325971E-05
       721  4.5165809E-03 -7.5072947E-05
       722  4.5392204E-03 -7.5827430E-05
       723  4.5619733E-03 -7.6589496E-05
       724  4.5848403E-03 -7.7359220E-05
       725  4.6078219E-03 -7.8136680E-05
       726  4.6309187E-03 -7.8921953E-05
       727  4.6541313E-03 -7.9715118E-05
       728  4.6774602E-03 -8.0516254E-05
       729  4.7009061E-03 -8.1325441E-05
       730  4.7244695E-03 -8.2142760E-05
       731  4.7481510E-03 -8.2968294E-05
       732  4.7719512E-03 -8.3802124E-05
       733  4.7958707E-03 -8.4644333E-05
       734  4.8199101E-03 -8.5495007E-05
       735  4.8440700E-03 -8.6354230E-05
       736  4.8683510E-03 -8.7222087E-05
       737  4.8927537E-03 -8.8098667E-05
       738  4.9172788E-03 -8.8984056E-05
       739  4.9419267E-03 -8.9878343E-05
       740  4.9666982E-03 -9.0781617E-05
       741  4.9915939E-03 -9.1693969E-05
       742  5.0166144E-03 -9.2615490E-05
       743  5.0417603E-03 -9.3546272E-05
       744  5.0670322E-03 -9.4486408E-05
       745  5.0924308E-03 -9.5435992E-05
       746  5.1179567E-03 -9.6395119E-05
       747  5.1436106E-03 -9.7363886E-05
       748  5.1693930E-03 -9.8342388E-05
       749  5.1953047E-03 -9.9330724E-05
       750  5.2213463E-03 -1.0032899E-04
       751  5.2475184E-03 -1.0133729E-04
       752  5.2738217E-03 -1.0235573E-04
       753  5.3002568E-03 -1.0338439E-04
       754  5.3268245E-03 -1.0442340E-04
       755  5.3535253E-03 -1.0547285E-04
       756  5.3803600E-03 -1.0653284E-04
       757  5.4073291E-03 -1.0760349E-04
       758  5.4344335E-03 -1.0868490E-04
       759  5.4616737E-03 -1.0977717E-04
       760  5.4890504E-03 -1.1088043E-04
       761  5.5165644E-03 -1.1199477E-04
       762  5.5442163E-03 -1.1312030E-04
       763  5.5720068E-03 -1.1425715E-04
       764  5.5999366E-03 -1.1540543E-04
       765  5.6280064E-03 -1.1656524E-04
       766  5.6562169E-03 -1.1773671E-04
       767  5.6845688E-03 -1.1891995E-04
       768  5.7130628E-03 -1.2011509E-04
       769  5.7416997E-03 -1.2132223E-04
       770  5.7704801E-03 -1.2254151E-04
       771  5.7994047E-03 -1.2377304E-04
       772  5.8284744E-03 -1.2501694E-04
       773  5.8576897E-03 -1.2627335E-04
       774  5.8870515E-03 -1.2754238E-04
       775  5.9165605E-03 -1.2882417E-04
       776  5.9462174E-03 -1.3011883E-04
       777  5.9760229E-03 -1.3142651E-04
       778  6.0059778E-03 -1.3274733E-04
       779  6.0360829E-03 -1.3408142E-04
       780  6.0663389E-03 -1.3542893E-04
       781  6.0967466E-03 -1.3678997E-04
       782  6.1273066E-03 -1.3816469E-04
       783  6.1580199E-03 -1.3955322E-04
       784  6.1888871E-03 -1.4095571E-04
       785  6.2199090E-03 -1.4237230E-04
       786  6.2510864E-03 -1.4380312E-04
       787  6.2824201E-03 -1.4524832E-04
       788  6.3139109E-03 -1.4670804E-04
       789  6.3455595E-03 -1.4818243E-04
       790  6.3773668E-03 -1.4967164E-04
       791  6.4093334E-03 -1.5117581E-04
       792  6.4414604E-03 -1.5269511E-04
       793  6.4737483E-03 -1.5422966E-04
       794  6.5061981E-03 -1.5577965E-04
       795  6.5388106E-03 -1.5734520E-04
       796  6.5715865E-03 -1.5892649E-04
       797  6.6045267E-03 -1.6052367E-04
       798  6.6376320E-03 -1.6213691E-04
       799  6.6709033E-03 -1.6376635E-04
       800  6.7043413E-03 -1.6541217E-04
       801  6.7379470E-03 -1.6707453E-04
       802  6.7717211E-03 -1.6875359E-04
       803  6.8056645E-03 -1.7044953E-04
       804  6.8397780E-03 -1.7216251E-04
       805  6.8740626E-03 -1.7389271E-04
       806  6.9085189E-03 -1.7564029E-04
       807  6.9431480E-03 -1.7740544E-04
       808  6.9779507E-03 -1.7918832E-04
       809  7.0129278E-03 -1.8098912E-04
       810  7.0480803E-03 -1.8280802E-04
       811  7.0834089E-03 -1.8464519E-04
       812  7.1189147E-03 -1.8650083E-04
       813  7.1545984E-03 -1.8837512E-04
       814  7.1904609E-03 -1.9026824E-04
       815  7.2265033E-03 -1.9218039E-04
       816  7.2627263E-03 -1.9411175E-04
       817  7.2991308E-03 -1.9606252E-04
       818  7.3357179E-03 -1.9803290E-04
       819  7.3724883E-03 -2.0002307E-04
       820  7.4094431E-03 -2.0203325E-04
       821  7.4465831E-03 -2.0406363E-04
       822  7.4839092E-03 -2.0611441E-04
       823  7.5214225E-03 -2.0818580E-04
       824  7.5591238E-03 -2.1027800E-04
       825  7.5970140E-03 -2.1239123E-04
       826  7.6350942E-03 -2.1452570E-04
       827  7.6733653E-03 -2.1668161E-04
       828  7.7118282E-03 -2.1885919E-04
       829  7.7504839E-03 -2.2105866E-04
       830  7.7893334E-03 -2.2328023E-04
       831  7.8283775E-03 -2.2552412E-04
       832  7.8676175E-03 -2.2779056E-04
       833  7.9070541E-03 -2.3007978E-04
       834  7.9466883E-03 -2.3239200E-04
       835  7.9865213E-03 -2.3472746E-04
       836  8.0265539E-03 -2.3708638E-04
       837  8.0667871E-03 -2.3946901E-04
       838  8.1072221E-03 -2.4187559E-04
       839  8.1478597E-03 -2.4430635E-04
       840  8.1887010E-03 -2.4676153E-04
       841  8.2297470E-03 -2.4924139E-04
       842  8.2709988E-03 -2.5174617E-04
       843  8.3124574E-03 -2.5427612E-04
       844  8.3541237E-03 -2.5683149E-04
       845  8.3959990E-03 -2.5941255E-04
       846  8.4380841E-03 -2.6201953E-04
       847  8.4803802E-03 -2.6465272E-04
       848  8.5228882E-03 -2.6731237E-04
       849  8.5656094E-03 -2.6999874E-04
       850  8.6085447E-03 -2.7271211E-04
       851  8.6516952E-03 -2.7545275E-04
       852  8.6950620E-03 -2.7822092E-04
       853  8.7386462E-03 -2.8101692E-04
       854  8.7824488E-03 -2.8384101E-04
       855  8.8264710E-03 -2.8669348E-04
       856  8.8707139E-03 -2.8957461E-04
       857  8.9151785E-03 -2.9248470E-04
       858  8.9598661E-03 -2.9542402E-04
       859  9.0047776E-03 -2.9839289E-04
       860  9.0499142E-03 -3.0139159E-04
       861  9.0952771E-03 -3.0442042E-04
       862  9.1408674E-03 -3.0747969E-04
       863  9.1866862E-03 -3.1056970E-04
       864  9.2327346E-03 -3.1369076E-04
       865  9.2790139E-03 -3.1684319E-04
       866  9.3255251E-03 -3.2002729E-04
       867  9.3722695E-03 -3.2324339E-04
       868  9.4192482E-03 -3.2649180E-04
       869  9.4664624E-03 -3.2977286E-04
       870  9.5139132E-03 -3.3308689E-04
       871  9.5616019E-03 -3.3643422E-04
       872  9.6095297E-03 -3.3981519E-04
       873  9.6576976E-03 -3.4323013E-04
       874  9.7061070E-03 -3.4667939E-04
       875  9.7547591E-03 -3.5016330E-04
       876  9.8036550E-03 -3.5368223E-04
       877  9.8527961E-03 -3.5723651E-04
       878  9.9021834E-03 -3.6082652E-04
       879  9.9518183E-03 -3.6445259E-04
       880  1.0001702E-02 -3.6811510E-04
       881  1.0051836E-02 -3.7181442E-04
       882  1.0102221E-02 -3.7555091E-04
       883  1.0152858E-02 -3.7932494E-04
       884  1.0203750E-02 -3.8313690E-04
       885  1.0254896E-02 -3.8698716E-04
       886  1.0306299E-02 -3.9087611E-04
       887  1.0357960E-02 -3.9480414E-04
       888  1.0409879E-02 -3.9877164E-04
       889  1.0462059E-02 -4.0277900E-04
       890  1.0514500E-02 -4.0682663E-04
       891  1.0567204E-02 -4.1091494E-04
       892  1.0620173E-02 -4.1504433E-04
       893  1.0673407E-02 -4.1921521E-04
       894  1.0726907E-02 -4.2342800E-04
       895  1.0780676E-02 -4.2768312E-04
       896  1.0834714E-02 -4.3198099E-04
       897  1.0889024E-02 -4.3632206E-04
       898  1.0943605E-02 -4.4070674E-04
       899  1.0998460E-02 -4.4513548E-04
       900  1.1053590E-02 -4.4960872E-04
       901  1.1108997E-02 -4.5412692E-04
       902  1.1164681E-02 -4.5869051E-04
       903  1.1220644E-02 -4.6329995E-04
       904  1.1276888E-02 -4.6795571E-04
       905  1.1333413E-02 -4.7265825E-04
       906  1.1390222E-02 -4.7740805E-04
       907  1.1447316E-02 -4.8220557E-04
       908  1.1504696E-02 -4.8705130E-04
       909  1.1562363E-02 -4.9194571E-04
       910  1.1620320E-02 -4.9688931E-04
       911  1.1678567E-02 -5.0188258E-04
       912  1.1737106E-02 -5.0692602E-04
       913  1.1795939E-02 -5.1202013E-04
       914  1.1855066E-02 -5.1716543E-04
       915  1.1914490E-02 -5.2236243E-04
       916  1.1974211E-02 -5.2761165E-04
       917  1.2034232E-02 -5.3291361E-04
       918  1.2094554E-02 -5.3826885E-04
       919  1.2155178E-02 -5.4367789E-04
       920  1.2216106E-02 -5.4914129E-04
       921  1.2277340E-02 -5.5465957E-04
       922  1.2338880E-02 -5.6023331E-04
       923  1.2400729E-02 -5.6586304E-04
       924  1.2462888E-02 -5.7154934E-04
       925  1.2525359E-02 -5.7729278E-04
       926  1.2588142E-02 -5.8309392E-04
       927  1.2651241E-02 -5.8895335E-04
       928  1.2714655E-02 -5.9487165E-04
       929  1.2778388E-02 -6.0084942E-04
       930  1.2842440E-02 -6.0688725E-04
       931  1.2906813E-02 -6.1298575E-04
       932  1.2971508E-02 -6.1914551E-04
       933  1.3036528E-02 -6.2536717E-04
       934  1.3101874E-02 -6.3165134E-04
       935  1.3167547E-02 -6.3799865E-04
       936  1.3233550E-02 -6.4440973E-04
       937  1.3299884E-02 -6.5088523E-04
       938  1.3366549E-02 -6.5742579E-04
       939  1.3433550E-02 -6.6403206E-04
       940  1.3500886E-02 -6.7070470E-04
       941  1.3568559E-02 -6.7744439E-04
       942  1.3636572E-02 -6.8425179E-04
       943  1.3704925E-02 -6.9112759E-04
       944  1.3773622E-02 -6.9807247E-04
       945  1.3842662E-02 -7.0508712E-04
       946  1.3912049E-02 -7.1217225E-04
       947  1.3981783E-02 -7.1932857E-04
       948  1.4051867E-02 -7.2655678E-04
       949  1.4122302E-02 -7.3385762E-04
       950  1.4193091E-02 -7.4123181E-04
       951  1.4264234E-02 -7.4868008E-04
       952  1.4335734E-02 -7.5620318E-04
       953  1.4407592E-02 -7.6380187E-04
       954  1.4479810E-02 -7.7147690E-04
       955  1.4552391E-02 -7.7922904E-04
       956  1.4625335E-02 -7.8705907E-04
       957  1.4698645E-02 -7.9496776E-04
       958  1.4772322E-02 -8.0295590E-04
       959  1.4846368E-02 -8.1102430E-04
       960  1.4920786E-02 -8.1917376E-04
       961  1.4995577E-02 -8.2740509E-04
       962  1.5070742E-02 -8.3571911E-04
       963  1.5146285E-02 -8.4411667E-04
       964  1.5222206E-02 -8.5259859E-04
       965  1.5298508E-02 -8.6116572E-04
       966  1.5375192E-02 -8.6981892E-04
       967  1.5452260E-02 -8.7855905E-04
       968  1.5529715E-02 -8.8738699E-04
       969  1.5607558E-02 -8.9630361E-04
       970  1.5685791E-02 -9.0530981E-04
       971  1.5764416E-02 -9.1440650E-04
       972  1.5843436E-02 -9.2359456E-04
       973  1.5922852E-02 -9.3287493E-04
       974  1.6002665E-02 -9.4224853E-04
       975  1.6082879E-02 -9.5171630E-04
       976  1.6163495E-02 -9.6127918E-04
       977  1.6244514E-02 -9.7093813E-04
       978  1.6325940E-02 -9.8069411E-04
       979  1.6407775E-02 -9.9054810E-04
       980  1.6490019E-02 -1.0005011E-03
       981  1.6572675E-02 -1.0105540E-03
       982  1.6655746E-02 -1.0207080E-03
       983  1.6739234E-02 -1.0309639E-03
       984  1.6823139E-02 -1.0413229E-03
       985  1.6907466E-02 -1.0517860E-03
       986  1.6992215E-02 -1.0623541E-03
       987  1.7077389E-02 -1.0730284E-03
       988  1.7162989E-02 -1.0838100E-03
       989  1.7249019E-02 -1.0946998E-03
       990  1.7335480E-02 -1.1056990E-03
       991  1.7422375E-02 -1.1168088E-03
       992  1.7509705E-02 -1.1280301E-03
       993  1.7597472E-02 -1.1393641E-03
       994  1.7685680E-02 -1.1508120E-03
       995  1.7774330E-02 -1.1623749E-03
       996  1.7863424E-02 -1.1740539E-03
       997  1.7952965E-02 -1.1858503E-03
       998  1.8042955E-02 -1.1977651E-03
       999  1.8133395E-02 -1.2097997E-03
      1000  1.8224289E-02 -1.2219551E-03
      1001  1.8315639E-02 -1.2342326E-03
      1002  1.8407446E-02 -1.2466334E-03
      1003  1.8499714E-02 -1.2591588E-03
      1004  1.8592444E-02 -1.2718100E-03
      1005  1.8685639E-02 -1.2845883E-03
      1006  1.8779301E-02 -1.2974950E-03
      1007  1.8873433E-02 -1.3105312E-03
      1008  1.8968037E-02 -1.3236984E-03
      1009  1.9063114E-02 -1.3369979E-03
      1010  1.9158669E-02 -1.3504310E-03
      1011  1.9254702E-02 -1.3639989E-03
      1012  1.9351216E-02 -1.3777032E-03
      1013  1.9448215E-02 -1.3915451E-03
      1014  1.9545699E-02 -1.4055260E-03
      1015  1.9643673E-02 -1.4196474E-03
      1016  1.9742137E-02 -1.4339105E-03
      1017  1.9841095E-02 -1.4483170E-03
      1018  1.9940549E-02 -1.4628681E-03
      1019  2.0040501E-02 -1.4775654E-03
      1020  2.0140954E-02 -1.4924103E-03
      1021  2.0241911E-02 -1.5074043E-03
      1022  2.0343374E-02 -1.5225488E-03
      1023  2.0445346E-02 -1.5378455E-03
      1024  2.0547829E-02 -1.5532958E-03
      1025  2.0650825E-02 -1.5689013E-03
      1026  2.0754338E-02 -1.5846635E-03
      1027  2.0858369E-02 -1.6005840E-03
      1028  2.0962922E-02 -1.6166644E-03
      1029  2.1068000E-02 -1.6329063E-03
      1030  2.1173603E-02 -1.6493114E-03
      1031  2.1279736E-02 -1.6658811E-03
      1032  2.1386402E-02 -1.6826173E-03
      1033  2.1493601E-02 -1.6995215E-03
      1034  2.1601338E-02 -1.7165955E-03
      1035  2.1709616E-02 -1.7338410E-03
      1036  2.1818436E-02 -1.7512597E-03
      1037  2.1927801E-02 -1.7688533E-03
      1038  2.2037714E-02 -1.7866235E-03
      1039  2.2148179E-02 -1.8045723E-03
      1040  2.2259197E-02 -1.8227012E-03
      1041  2.2370772E-02 -1.8410122E-03
      1042  2.2482906E-02 -1.8595071E-03
      1043  2.2595602E-02 -1.8781877E-03
      1044  2.2708863E-02 -1.8970559E-03
      1045  2.2822691E-02 -1.9161136E-03
      1046  2.2937091E-02 -1.9353627E-03
      1047  2.3052063E-02 -1.9548050E-03
      1048  2.3167612E-02 -1.9744426E-03
      1049  2.3283740E-02 -1.9942773E-03
      1050  2.3400451E-02 -2.0143112E-03
      1051  2.3517746E-02 -2.0345463E-03
      1052  2.3635629E-02 -2.0549846E-03
      1053  2.3754103E-02 -2.0756280E-03
      1054  2.3873171E-02 -2.0964788E-03
      1055  2.3992836E-02 -2.1175389E-03
      1056  2.4113100E-02 -2.1388105E-03
      1057  2.4233968E-02 -2.1602957E-03
      1058  2.4355441E-02 -2.1819966E-03
      1059  2.4477523E-02 -2.2039153E-03
      1060  2.4600217E-02 -2.2260542E-03
      1061  2.4723526E-02 -2.2484153E-03
      1062  2.4847454E-02 -2.2710009E-03
      1063  2.4972002E-02 -2.2938133E-03
      1064  2.5097175E-02 -2.3168547E-03
      1065  2.5222975E-02 -2.3401275E-03
      1066  2.5349406E-02 -2.3636339E-03
      1067  2.5476470E-02 -2.3873763E-03
      1068  2.5604171E-02 -2.4113571E-03
      1069  2.5732513E-02 -2.4355786E-03
      1070  2.5861497E-02 -2.4600433E-03
      1071  2.5991129E-02 -2.4847536E-03
      1072  2.6121410E-02 -2.5097120E-03
      1073  2.6252344E-02 -2.5349209E-03
      1074  2.6383934E-02 -2.5603829E-03
      1075  2.6516184E-02 -2.5861005E-03
      1076  2.6649097E-02 -2.6120762E-03
      1077  2.6782676E-02 -2.6383128E-03
      1078  2.6916925E-02 -2.6648127E-03
      1079  2.7051847E-02 -2.6915786E-03
      1080  2.7187445E-02 -2.7186132E-03
      1081  2.7323722E-02 -2.7459191E-03
      1082  2.7460683E-02 -2.7734992E-03
      1083  2.7598330E-02 -2.8013561E-03
      1084  2.7736668E-02 -2.8294926E-03
      1085  2.7875698E-02 -2.8579116E-03
      1086  2.8015426E-02 -2.8866158E-03
      1087  2.8155854E-02 -2.9156081E-03
      1088  2.8296985E-02 -2.9448914E-03
      1089  2.8438825E-02 -2.9744686E-03
      1090  2.8581375E-02 -3.0043427E-03
      1091  2.8724640E-02 -3.0345166E-03
      1092  2.8868623E-02 -3.0649934E-03
      1093  2.9013327E-02 -3.0957761E-03
      1094  2.9158757E-02 -3.1268677E-03
      1095  2.9304916E-02 -3.1582713E-03
      1096  2.9451807E-02 -3.1899901E-03
      1097  2.9599435E-02 -3.2220273E-03
      1098  2.9747803E-02 -3.2543859E-03
      1099  2.9896914E-02 -3.2870693E-03
      1100  3.0046773E-02 -3.3200807E-03
      1101  3.0197383E-02 -3.3534234E-03
      1102  3.0348748E-02 -3.3871007E-03
      1103  3.0500872E-02 -3.4211159E-03
      1104  3.0653758E-02 -3.4554725E-03
      1105  3.0807411E-02 -3.4901738E-03
      1106  3.0961834E-02 -3.5252234E-03
      1107  3.1117031E-02 -3.5606246E-03
      1108  3.1273005E-02 -3.5963811E-03
      1109  3.1429762E-02 -3.6324964E-03
      1110  3.1587304E-02 -3.6689740E-03
      1111  3.1745636E-02 -3.7058177E-03
      1112  3.1904762E-02 -3.7430310E-03
      1113  3.2064685E-02 -3.7806177E-03
      1114  3.2225410E-02 -3.8185815E-03
      1115  3.2386941E-02 -3.8569262E-03
      1116  3.2549281E-02 -3.8956557E-03
      1117  3.2712435E-02 -3.9347737E-03
      1118  3.2876407E-02 -3.9742841E-03
      1119  3.3041200E-02 -4.0141909E-03
      1120  3.3206820E-02 -4.0544981E-03
      1121  3.3373270E-02 -4.0952097E-03
      1122  3.3540554E-02 -4.1363297E-03
      1123  3.3708677E-02 -4.1778621E-03
      1124  3.3877642E-02 -4.2198112E-03
      1125  3.4047455E-02 -4.2621812E-03
      1126  3.4218118E-02 -4.3049761E-03
      1127  3.4389637E-02 -4.3482003E-03
      1128  3.4562016E-02 -4.3918581E-03
      1129  3.4735259E-02 -4.4359538E-03
      1130  3.4909370E-02 -4.4804918E-03
      1131  3.5084354E-02 -4.5254765E-03
      1132  3.5260215E-02 -4.5709124E-03
      1133  3.5436958E-02 -4.6168040E-03
      1134  3.5614586E-02 -4.6631559E-03
      1135  3.5793105E-02 -4.7099727E-03
      1136  3.5972519E-02 -4.7572590E-03
      1137  3.6152832E-02 -4.8050195E-03
      1138  3.6334049E-02 -4.8532591E-03
      1139  3.6516174E-02 -4.9019824E-03
      1140  3.6699212E-02 -4.9511942E-03
      1141  3.6883167E-02 -5.0008996E-03
      1142  3.7068045E-02 -5.0511035E-03
      1143  3.7253849E-02 -5.1018108E-03
      1144  3.7440585E-02 -5.1530265E-03
      1145  3.7628257E-02 -5.2047558E-03
      1146  3.7816869E-02 -5.2570037E-03
      1147  3.8006427E-02 -5.3097755E-03
      1148  3.8196935E-02 -5.3630765E-03
      1149  3.8388398E-02 -5.4169119E-03
      1150  3.8580821E-02 -5.4712870E-03
      1151  3.8774208E-02 -5.5262072E-03
      1152  3.8968564E-02 -5.5816781E-03
      1153  3.9163895E-02 -5.6377051E-03
      1154  3.9360205E-02 -5.6942937E-03
      1155  3.9557499E-02 -5.7514496E-03
      1156  3.9755782E-02 -5.8091785E-03
      1157  3.9955058E-02 -5.8674861E-03
      1158  4.0155334E-02 -5.9263782E-03
      1159  4.0356613E-02 -5.9858605E-03
      1160  4.0558902E-02 -6.0459391E-03
      1161  4.0762204E-02 -6.1066199E-03
      1162  4.0966525E-02 -6.1679089E-03
      1163  4.1171871E-02 -6.2298121E-03
      1164  4.1378246E-02 -6.2923358E-03
      1165  4.1585655E-02 -6.3554860E-03
      1166  4.1794104E-02 -6.4192692E-03
      1167  4.2003598E-02 -6.4836915E-03
      1168  4.2214142E-02 -6.5487595E-03
      1169  4.2425741E-02 -6.6144795E-03
      1170  4.2638401E-02 -6.6808580E-03
      1171  4.2852127E-02 -6.7479017E-03
      1172  4.3066924E-02 -6.8156172E-03
      1173  4.3282798E-02 -6.8840111E-03
      1174  4.3499754E-02 -6.9530903E-03
      1175  4.3717797E-02 -7.0228617E-03
      1176  4.3936934E-02 -7.0933320E-03
      1177  4.4157168E-02 -7.1645084E-03
      1178  4.4378507E-02 -7.2363978E-03
      1179  4.4600955E-02 -7.3090074E-03
      1180  4.4824519E-02 -7.3823443E-03
      1181  4.5049202E-02 -7.4564159E-03
      1182  4.5275012E-02 -7.5312295E-03
      1183  4.5501954E-02 -7.6067924E-03
      1184  4.5730034E-02 -7.6831122E-03
      1185  4.5959257E-02 -7.7601964E-03
      1186  4.6189628E-02 -7.8380526E-03
      1187  4.6421155E-02 -7.9166886E-03
      1188  4.6653842E-02 -7.9961121E-03
      1189  4.6887695E-02 -8.0763309E-03
      1190  4.7122721E-02 -8.1573531E-03
      1191  4.7358924E-02 -8.2391867E-03
      1192  4.7596312E-02 -8.3218396E-03
      1193  4.7834889E-02 -8.4053202E-03
      1194  4.8074663E-02 -8.4896366E-03
      1195  4.8315638E-02 -8.5747972E-03
      1196  4.8557821E-02 -8.6608104E-03
      1197  4.8801218E-02 -8.7476847E-03
      1198  4.9045835E-02 -8.8354288E-03
      1199  4.9291679E-02 -8.9240512E-03
      1200  4.9538754E-02 -9.0135608E-03
      1201  4.9787068E-02 -9.1039663E-03
      1202  5.0036627E-02 -9.1952767E-03
      1203  5.0287437E-02 -9.2875011E-03
      1204  5.0539504E-02 -9.3806485E-03
      1205  5.0792834E-02 -9.4747282E-03
      1206  5.1047434E-02 -9.5697494E-03
      1207  5.1303310E-02 -9.6657215E-03
      1208  5.1560469E-02 -9.7626540E-03
      1209  5.1818917E-02 -9.8605564E-03
      1210  5.2078661E-02 -9.9594385E-03
      1211  5.2339706E-02 -1.0059310E-02
      1212  5.2602060E-02 -1.0160181E-02
      1213  5.2865729E-02 -1.0262060E-02
      1214  5.3130719E-02 -1.0364960E-02
      1215  5.3397038E-02 -1.0468888E-02
      1216  5.3664692E-02 -1.0573856E-02
      1217  5.3933687E-02 -1.0679874E-02
      1218  5.4204031E-02 -1.0786953E-02
      1219  5.4475730E-02 -1.0895102E-02
      1220  5.4748791E-02 -1.1004333E-02
      1221  5.5023220E-02 -1.1114657E-02
      1222  5.5299025E-02 -1.1226084E-02
      1223  5.5576213E-02 -1.1338625E-02
      1224  5.5854790E-02 -1.1452292E-02
      1225  5.6134763E-02 -1.1567095E-02
      1226  5.6416140E-02 -1.1683045E-02
      1227  5.6698927E-02 -1.1800156E-02
      1228  5.6983131E-02 -1.1918436E-02
      1229  5.7268760E-02 -1.2037900E-02
      1230  5.7555821E-02 -1.2158557E-02
      1231  5.7844321E-02 -1.2280421E-02
      1232  5.8134267E-02 -1.2403503E-02
      1233  5.8425666E-02 -1.2527814E-02
      1234  5.8718526E-02 -1.2653369E-02
      1235  5.9012854E-02 -1.2780178E-02
      1236  5.9308657E-02 -1.2908254E-02
      1237  5.9605943E-02 -1.3037610E-02
      1238  5.9904719E-02 -1.3168258E-02
      1239  6.0204992E-02 -1.3300212E-02
      1240  6.0506771E-02 -1.3433484E-02
      1241  6.0810063E-02 -1.3568087E-02
      1242  6.1114874E-02 -1.3704035E-02
      1243  6.1421214E-02 -1.3841341E-02
      1244  6.1729089E-02 -1.3980019E-02
      1245  6.2038507E-02 -1.4120081E-02
      1246  6.2349477E-02 -1.4261542E-02
      1247  6.2662005E-02 -1.4404416E-02
      1248  6.2976099E-02 -1.4548717E-02
      1249  6.3291768E-02 -1.4694458E-02
      1250  6.3609020E-02 -1.4841655E-02
      1251  6.3927861E-02 -1.4990321E-02
      1252  6.4248301E-02 -1.5140471E-02
      1253  6.4570347E-02 -1.5292120E-02
      1254  6.4894007E-02 -1.5445283E-02
      1255  6.5219290E-02 -1.5599975E-02
      1256  6.5546203E-02 -1.5756210E-02
      1257  6.5874754E-02 -1.5914005E-02
      1258  6.6204953E-02 -1.6073374E-02
      1259  6.6536807E-02 -1.6234333E-02
      1260  6.6870324E-02 -1.6396898E-02
      1261  6.7205513E-02 -1.6561086E-02
      1262  6.7542382E-02 -1.6726911E-02
      1263  6.7880939E-02 -1.6894390E-02
      1264  6.8221194E-02 -1.7063540E-02
      1265  6.8563154E-02 -1.7234376E-02
      1266  6.8906828E-02 -1.7406917E-02
      1267  6.9252225E-02 -1.7581178E-02
      1268  6.9599354E-02 -1.7757177E-02
      1269  6.9948222E-02 -1.7934930E-02
      1270  7.0298839E-02 -1.8114456E-02
      1271  7.0651213E-02 -1.8295771E-02
      1272  7.1005354E-02 -1.8478894E-02
      1273  7.1361270E-02 -1.8663841E-02
      1274  7.1718969E-02 -1.8850633E-02
      1275  7.2078462E-02 -1.9039285E-02
      1276  7.2439757E-02 -1.9229818E-02
      1277  7.2802863E-02 -1.9422249E-02
      1278  7.3167789E-02 -1.9616597E-02
      1279  7.3534544E-02 -1.9812881E-02
      1280  7.3903137E-02 -2.0011120E-02
      1281  7.4273578E-02 -2.0211334E-02
      1282  7.4645876E-02 -2.0413542E-02
      1283  7.5020040E-02 -2.0617764E-02
      1284  7.5396080E-02 -2.0824019E-02
      1285  7.5774004E-02 -2.1032328E-02
      1286  7.6153823E-02 -2.1242710E-02
      1287  7.6535545E-02 -2.1455187E-02
      1288  7.6919181E-02 -2.1669779E-02
      1289  7.7304740E-02 -2.1886507E-02
      1290  7.7692232E-02 -2.2105391E-02
      1291  7.8081666E-02 -2.2326454E-02
      1292  7.8473052E-02 -2.2549716E-02
      1293  7.8866400E-02 -2.2775199E-02
      1294  7.9261719E-02 -2.3002926E-02
      1295  7.9659020E-02 -2.3232917E-02
      1296  8.0058313E-02 -2.3465196E-02
      1297  8.0459607E-02 -2.3699785E-02
      1298  8.0862912E-02 -2.3936706E-02
      1299  8.1268239E-02 -2.4175983E-02
      1300  8.1675598E-02 -2.4417639E-02
      1301  8.2084999E-02 -2.4661697E-02
      1302  8.2496451E-02 -2.4908181E-02
      1303  8.2909967E-02 -2.5157114E-02
      1304  8.3325555E-02 -2.5408521E-02
      1305  8.3743226E-02 -2.5662426E-02
      1306  8.4162990E-02 -2.5918853E-02
      1307  8.4584859E-02 -2.6177827E-02
      1308  8.5008842E-02 -2.6439374E-02
      1309  8.5434951E-02 -2.6703518E-02
      1310  8.5863195E-02 -2.6970285E-02
      1311  8.6293586E-02 -2.7239701E-02
      1312  8.6726135E-02 -2.7511791E-02
      1313  8.7160851E-02 -2.7786582E-02
      1314  8.7597747E-02 -2.8064100E-02
      1315  8.8036833E-02 -2.8344373E-02
      1316  8.8478119E-02 -2.8627426E-02
      1317  8.8921617E-02 -2.8913288E-02
      1318  8.9367339E-02 -2.9201985E-02
      1319  8.9815295E-02 -2.9493546E-02
      1320  9.0265496E-02 -2.9787998E-02
      1321  9.0717953E-02 -3.0085370E-02
      1322  9.1172679E-02 -3.0385690E-02
      1323  9.1629684E-02 -3.0688987E-02
      1324  9.2088980E-02 -3.0995291E-02
      1325  9.2550578E-02 -3.1304630E-02
      1326  9.3014489E-02 -3.1617034E-02
      1327  9.3480726E-02 -3.1932533E-02
      1328  9.3949300E-02 -3.2251158E-02
      1329  9.4420223E-02 -3.2572939E-02
      1330  9.4893507E-02 -3.2897906E-02
      1331  9.5369162E-02 -3.3226091E-02
      1332  9.5847202E-02 -3.3557525E-02
      1333  9.6327638E-02 -3.3892239E-02
      1334  9.6810483E-02 -3.4230267E-02
      1335  9.7295747E-02 -3.4571639E-02
      1336  9.7783444E-02 -3.4916389E-02
      1337  9.8273586E-02 -3.5264549E-02
      1338  9.8766184E-02 -3.5616152E-02
      1339  9.9261252E-02 -3.5971233E-02
      1340  9.9758801E-02 -3.6329825E-02
      1341  1.0025884E-01 -3.6691961E-02
      1342  1.0076139E-01 -3.7057677E-02
      1343  1.0126646E-01 -3.7427008E-02
      1344  1.0177406E-01 -3.7799987E-02
      1345  1.0228421E-01 -3.8176651E-02
      1346  1.0279691E-01 -3.8557036E-02
      1347  1.0331218E-01 -3.8941177E-02
      1348  1.0383003E-01 -3.9329111E-02
      1349  1.0435048E-01 -3.9720875E-02
      1350  1.0487354E-01 -4.0116506E-02
      1351  1.0539922E-01 -4.0516041E-02
      1352  1.0592754E-01 -4.0919518E-02
      1353  1.0645850E-01 -4.1326975E-02
      1354  1.0699213E-01 -4.1738450E-02
      1355  1.0752843E-01 -4.2153984E-02
      1356  1.0806742E-01 -4.2573614E-02
      1357  1.0860911E-01 -4.2997380E-02
      1358  1.0915351E-01 -4.3425323E-02
      1359  1.0970065E-01 -4.3857482E-02
      1360  1.1025053E-01 -4.4293899E-02
      1361  1.1080316E-01 -4.4734614E-02
      1362  1.1135856E-01 -4.5179668E-02
      1363  1.1191675E-01 -4.5629104E-02
      1364  1.1247773E-01 -4.6082964E-02
      1365  1.1304153E-01 -4.6541291E-02
      1366  1.1360815E-01 -4.7004126E-02
      1367  1.1417762E-01 -4.7471515E-02
      1368  1.1474993E-01 -4.7943500E-02
      1369  1.1532512E-01 -4.8420125E-02
      1370  1.1590319E-01 -4.8901436E-02
      1371  1.1648416E-01 -4.9387477E-02
      1372  1.1706804E-01 -4.9878293E-02
      1373  1.1765484E-01 -5.0373931E-02
      1374  1.1824459E-01 -5.0874437E-02
      1375  1.1883729E-01 -5.1379857E-02
      1376  1.1943297E-01 -5.1890238E-02
      1377  1.2003163E-01 -5.2405628E-02
      1378  1.2063329E-01 -5.2926075E-02
      1379  1.2123797E-01 -5.3451626E-02
      1380  1.2184567E-01 -5.3982332E-02
      1381  1.2245643E-01 -5.4518241E-02
      1382  1.2307024E-01 -5.5059402E-02
      1383  1.2368714E-01 -5.5605867E-02
      1384  1.2430712E-01 -5.6157685E-02
      1385  1.2493021E-01 -5.6714907E-02
      1386  1.2555643E-01 -5.7277585E-02
      1387  1.2618578E-01 -5.7845771E-02
      1388  1.2681829E-01 -5.8419518E-02
      1389  1.2745397E-01 -5.8998877E-02
      1390  1.2809284E-01 -5.9583904E-02
      1391  1.2873490E-01 -6.0174650E-02
      1392  1.2938019E-01 -6.0771171E-02
      1393  1.3002871E-01 -6.1373522E-02
      1394  1.3068048E-01 -6.1981757E-02
      1395  1.3133552E-01 -6.2595933E-02
      1396  1.3199384E-01 -6.3216105E-02
      1397  1.3265547E-01 -6.3842331E-02
      1398  1.3332040E-01 -6.4474667E-02
      1399  1.3398867E-01 -6.5113172E-02
      1400  1.3466030E-01 -6.5757903E-02
      1401  1.3533528E-01 -6.6408920E-02
      1402  1.3601365E-01 -6.7066281E-02
      1403  1.3669543E-01 -6.7730047E-02
      1404  1.3738061E-01 -6.8400278E-02
      1405  1.3806924E-01 -6.9077034E-02
      1406  1.3876131E-01 -6.9760377E-02
      1407  1.3945686E-01 -7.0450370E-02
      1408  1.4015589E-01 -7.1147073E-02
      1409  1.4085842E-01 -7.1850551E-02
      1410  1.4156448E-01 -7.2560867E-02
      1411  1.4227407E-01 -7.3278085E-02
      1412  1.4298722E-01 -7.4002269E-02
      1413  1.4370395E-01 -7.4733485E-02
      1414  1.4442427E-01 -7.5471798E-02
      1415  1.4514820E-01 -7.6217275E-02
      1416  1.4587576E-01 -7.6969983E-02
      1417  1.4660696E-01 -7.7729989E-02
      1418  1.4734183E-01 -7.8497361E-02
      1419  1.4808039E-01 -7.9272167E-02
      1420  1.4882264E-01 -8.0054478E-02
      1421  1.4956862E-01 -8.0844362E-02
      1422  1.5031834E-01 -8.1641889E-02
      1423  1.5107181E-01 -8.2447132E-02
      1424  1.5182906E-01 -8.3260161E-02
      1425  1.5259011E-01 -8.4081048E-02
      1426  1.5335497E-01 -8.4909867E-02
      1427  1.5412366E-01 -8.5746690E-02
      1428  1.5489621E-01 -8.6591592E-02
      1429  1.5567263E-01 -8.7444647E-02
      1430  1.5645294E-01 -8.8305930E-02
      1431  1.5723717E-01 -8.9175517E-02
      1432  1.5802532E-01 -9.0053484E-02
      1433  1.5881743E-01 -9.0939909E-02
      1434  1.5961350E-01 -9.1834869E-02
      1435  1.6041357E-01 -9.2738443E-02
      1436  1.6121764E-01 -9.3650709E-02
      1437  1.6202575E-01 -9.4571747E-02
      1438  1.6283791E-01 -9.5501637E-02
      1439  1.6365414E-01 -9.6440461E-02
      1440  1.6447446E-01 -9.7388299E-02
      1441  1.6529889E-01 -9.8345235E-02
      1442  1.6612745E-01 -9.9311350E-02
      1443  1.6696017E-01 -1.0028673E-01
      1444  1.6779706E-01 -1.0127145E-01
      1445  1.6863815E-01 -1.0226561E-01
      1446  1.6948345E-01 -1.0326929E-01
      1447  1.7033299E-01 -1.0428257E-01
      1448  1.7118679E-01 -1.0530554E-01
      1449  1.7204486E-01 -1.0633829E-01
      1450  1.7290724E-01 -1.0738091E-01
      1451  1.7377394E-01 -1.0843348E-01
      1452  1.7464499E-01 -1.0949610E-01
      1453  1.7552040E-01 -1.1056885E-01
      1454  1.7640020E-01 -1.1165183E-01
      1455  1.7728441E-01 -1.1274513E-01
      1456  1.7817305E-01 -1.1384884E-01
      1457  1.7906615E-01 -1.1496306E-01
      1458  1.7996372E-01 -1.1608787E-01
      1459  1.8086579E-01 -1.1722337E-01
      1460  1.8177239E-01 -1.1836966E-01
      1461  1.8268352E-01 -1.1952684E-01
      1462  1.8359923E-01 -1.2069500E-01
      1463  1.8451952E-01 -1.2187423E-01
      1464  1.8544443E-01 -1.2306464E-01
      1465  1.8637398E-01 -1.2426633E-01
      1466  1.8730818E-01 -1.2547939E-01
      1467  1.8824707E-01 -1.2670392E-01
      1468  1.8919066E-01 -1.2794003E-01
      1469  1.9013898E-01 -1.2918782E-01
      1470  1.9109206E-01 -1.3044739E-01
      1471  1.9204991E-01 -1.3171884E-01
      1472  1.9301256E-01 -1.3300229E-01
      1473  1.9398004E-01 -1.3429782E-01
      1474  1.9495237E-01 -1.3560555E-01
      1475  1.9592957E-01 -1.3692558E-01
      1476  1.9691168E-01 -1.3825803E-01
      1477  1.9789870E-01 -1.3960299E-01
      1478  1.9889067E-01 -1.4096059E-01
      1479  1.9988761E-01 -1.4233092E-01
      1480  2.0088955E-01 -1.4371409E-01
      1481  2.0189652E-01 -1.4511022E-01
      1482  2.0290853E-01 -1.4651943E-01
      1483  2.0392561E-01 -1.4794181E-01
      1484  2.0494779E-01 -1.4937749E-01
      1485  2.0597510E-01 -1.5082657E-01
      1486  2.0700755E-01 -1.5228918E-01
      1487  2.0804518E-01 -1.5376542E-01
      1488  2.0908801E-01 -1.5525542E-01
      1489  2.1013607E-01 -1.5675929E-01
      1490  2.1118938E-01 -1.5827715E-01
      1491  2.1224797E-01 -1.5980911E-01
      1492  2.1331187E-01 -1.6135530E-01
      1493  2.1438110E-01 -1.6291584E-01
      1494  2.1545569E-01 -1.6449083E-01
      1495  2.1653567E-01 -1.6608042E-01
      1496  2.1762106E-01 -1.6768472E-01
      1497  2.1871189E-01 -1.6930384E-01
      1498  2.1980818E-01 -1.7093793E-01
      1499  2.2090998E-01 -1.7258709E-01
      1500  2.2201729E-01 -1.7425145E-01
      1501  2.2313016E-01 -1.7593115E-01
      1502  2.2424860E-01 -1.7762630E-01
      1503  2.2537266E-01 -1.7933704E-01
      1504  2.2650234E-01 -1.8106349E-01
      1505  2.2763769E-01 -1.8280578E-01
      1506  2.2877873E-01 -1.8456404E-01
      1507  2.2992549E-01 -1.8633839E-01
      1508  2.3107799E-01 -1.8812898E-01
      1509  2.3223627E-01 -1.8993594E-01
      1510  2.3340036E-01 -1.9175938E-01
      1511  2.3457029E-01 -1.9359946E-01
      1512  2.3574608E-01 -1.9545629E-01
      1513  2.3692776E-01 -1.9733002E-01
      1514  2.3811536E-01 -1.9922078E-01
      1515  2.3930892E-01 -2.0112871E-01
      1516  2.4050846E-01 -2.0305393E-01
      1517  2.4171402E-01 -2.0499660E-01
      1518  2.4292561E-01 -2.0695685E-01
      1519  2.4414328E-01 -2.0893481E-01
      1520  2.4536706E-01 -2.1093062E-01
      1521  2.4659696E-01 -2.1294443E-01
      1522  2.4783304E-01 -2.1497638E-01
      1523  2.4907530E-01 -2.1702659E-01
      1524  2.5032380E-01 -2.1909523E-01
      1525  2.5157855E-01 -2.2118242E-01
      1526  2.5283960E-01 -2.2328832E-01
      1527  2.5410696E-01 -2.2541306E-01
      1528  2.5538068E-01 -2.2755679E-01
      1529  2.5666078E-01 -2.2971965E-01
      1530  2.5794729E-01 -2.3190179E-01
      1531  2.5924026E-01 -2.3410335E-01
      1532  2.6053971E-01 -2.3632449E-01
      1533  2.6184567E-01 -2.3856534E-01
      1534  2.6315818E-01 -2.4082605E-01
      1535  2.6447726E-01 -2.4310677E-01
      1536  2.6580296E-01 -2.4540766E-01
      1537  2.6713530E-01 -2.4772885E-01
      1538  2.6847432E-01 -2.5007049E-01
      1539  2.6982006E-01 -2.5243275E-01
      1540  2.7117254E-01 -2.5481575E-01
      1541  2.7253179E-01 -2.5721967E-01
      1542  2.7389786E-01 -2.5964464E-01
      1543  2.7527078E-01 -2.6209082E-01
      1544  2.7665058E-01 -2.6455836E-01
      1545  2.7803730E-01 -2.6704741E-01
      1546  2.7943097E-01 -2.6955812E-01
      1547  2.8083162E-01 -2.7209065E-01
      1548  2.8223930E-01 -2.7464514E-01
      1549  2.8365403E-01 -2.7722176E-01
      1550  2.8507585E-01 -2.7982065E-01
      1551  2.8650480E-01 -2.8244196E-01
      1552  2.8794091E-01 -2.8508586E-01
      1553  2.8938422E-01 -2.8775249E-01
      1554  2.9083476E-01 -2.9044201E-01
      1555  2.9229258E-01 -2.9315457E-01
      1556  2.9375770E-01 -2.9589033E-01
      1557  2.9523017E-01 -2.9864944E-01
      1558  2.9671001E-01 -3.0143205E-01
      1559  2.9819728E-01 -3.0423832E-01
      1560  2.9969200E-01 -3.0706841E-01
      1561  3.0119421E-01 -3.0992246E-01
      1562  3.0270395E-01 -3.1280064E-01
      1563  3.0422126E-01 -3.1570308E-01
      1564  3.0574618E-01 -3.1862996E-01
      1565  3.0727874E-01 -3.2158142E-01
      1566  3.0881898E-01 -3.2455762E-01
      1567  3.1036694E-01 -3.2755871E-01
      1568  3.1192266E-01 -3.3058484E-01
      1569  3.1348618E-01 -3.3363616E-01
      1570  3.1505754E-01 -3.3671284E-01
      1571  3.1663677E-01 -3.3981501E-01
      1572  3.1822392E-01 -3.4294284E-01
      1573  3.1981902E-01 -3.4609646E-01
      1574  3.2142212E-01 -3.4927605E-01
      1575  3.2303326E-01 -3.5248173E-01
      1576  3.2465247E-01 -3.5571367E-01
      1577  3.2627979E-01 -3.5897202E-01
      1578  3.2791528E-01 -3.6225691E-01
      1579  3.2955896E-01 -3.6556850E-01
      1580  3.3121088E-01 -3.6890694E-01
      1581  3.3287108E-01 -3.7227237E-01
      1582  3.3453961E-01 -3.7566494E-01
      1583  3.3621649E-01 -3.7908479E-01
      1584  3.3790179E-01 -3.8253207E-01
      1585  3.3959553E-01 -3.8600691E-01
      1586  3.4129776E-01 -3.8950946E-01
      1587  3.4300852E-01 -3.9303986E-01
      1588  3.4472785E-01 -3.9659825E-01
      1589  3.4645581E-01 -4.0018477E-01
      1590  3.4819243E-01 -4.0379955E-01
      1591  3.4993775E-01 -4.0744273E-01
      1592  3.5169182E-01 -4.1111445E-01
      1593  3.5345468E-01 -4.1481482E-01
      1594  3.5522638E-01 -4.1854400E-01
      1595  3.5700696E-01 -4.2230210E-01
      1596  3.5879647E-01 -4.2608926E-01
      1597  3.6059494E-01 -4.2990559E-01
      1598  3.6240243E-01 -4.3375123E-01
      1599  3.6421898E-01 -4.3762630E-01
      1600  3.6604463E-01 -4.4153092E-01
      1601  3.6787944E-01 -4.4546520E-01
      1602  3.6972344E-01 -4.4942927E-01
      1603  3.7157669E-01 -4.5342323E-01
      1604  3.7343923E-01 -4.5744720E-01
      1605  3.7531110E-01 -4.6150129E-01
      1606  3.7719235E-01 -4.6558561E-01
      1607  3.7908304E-01 -4.6970026E-01
      1608  3.8098320E-01 -4.7384534E-01
      1609  3.8289289E-01 -4.7802096E-01
      1610  3.8481214E-01 -4.8222721E-01
      1611  3.8674102E-01 -4.8646418E-01
      1612  3.8867957E-01 -4.9073197E-01
      1613  3.9062784E-01 -4.9503067E-01
      1614  3.9258587E-01 -4.9936035E-01
      1615  3.9455371E-01 -5.0372111E-01
      1616  3.9653142E-01 -5.0811302E-01
      1617  3.9851904E-01 -5.1253616E-01
      1618  4.0051663E-01 -5.1699059E-01
      1619  4.0252422E-01 -5.2147639E-01
      1620  4.0454189E-01 -5.2599362E-01
      1621  4.0656966E-01 -5.3054234E-01
      1622  4.0860760E-01 -5.3512261E-01
      1623  4.1065575E-01 -5.3973448E-01
      1624  4.1271417E-01 -5.4437800E-01
      1625  4.1478291E-01 -5.4905322E-01
      1626  4.1686202E-01 -5.5376017E-01
      1627  4.1895155E-01 -5.5849888E-01
      1628  4.2105155E-01 -5.6326940E-01
      1629  4.2316208E-01 -5.6807174E-01
      1630  4.2528319E-01 -5.7290593E-01
      1631  4.2741493E-01 -5.7777198E-01
      1632  4.2955736E-01 -5.8266990E-01
      1633  4.3171052E-01 -5.8759970E-01
      1634  4.3387448E-01 -5.9256138E-01
      1635  4.3604929E-01 -5.9755493E-01
      1636  4.3823499E-01 -6.0258034E-01
      1637  4.4043165E-01 -6.0763759E-01
      1638  4.4263933E-01 -6.1272667E-01
      1639  4.4485807E-01 -6.1784754E-01
      1640  4.4708793E-01 -6.2300016E-01
      1641  4.4932896E-01 -6.2818450E-01
      1642  4.5158123E-01 -6.3340050E-01
      1643  4.5384480E-01 -6.3864811E-01
      1644  4.5611970E-01 -6.4392726E-01
      1645  4.5840601E-01 -6.4923789E-01
      1646  4.6070378E-01 -6.5457992E-01
      1647  4.6301307E-01 -6.5995326E-01
      1648  4.6533393E-01 -6.6535782E-01
      1649  4.6766643E-01 -6.7079351E-01
      1650  4.7001061E-01 -6.7626021E-01
      1651  4.7236655E-01 -6.8175780E-01
      1652  4.7473430E-01 -6.8728617E-01
      1653  4.7711392E-01 -6.9284517E-01
      1654  4.7950546E-01 -6.9843468E-01
      1655  4.8190899E-01 -7.0405452E-01
      1656  4.8432457E-01 -7.0970456E-01
      1657  4.8675226E-01 -7.1538461E-01
      1658  4.8919211E-01 -7.2109449E-01
      1659  4.9164420E-01 -7.2683402E-01
      1660  4.9410857E-01 -7.3260300E-01
      1661  4.9658530E-01 -7.3840122E-01
      1662  4.9907445E-01 -7.4422846E-01
      1663  5.0157607E-01 -7.5008449E-01
      1664  5.0409023E-01 -7.5596907E-01
      1665  5.0661699E-01 -7.6188194E-01
      1666  5.0915642E-01 -7.6782285E-01
      1667  5.1170858E-01 -7.7379151E-01
      1668  5.1427353E-01 -7.7978765E-01
      1669  5.1685133E-01 -7.8581095E-01
      1670  5.1944206E-01 -7.9186112E-01
      1671  5.2204578E-01 -7.9793783E-01
      1672  5.2466254E-01 -8.0404074E-01
      1673  5.2729242E-01 -8.1016950E-01
      1674  5.2993549E-01 -8.1632375E-01
      1675  5.3259180E-01 -8.2250312E-01
      1676  5.3526143E-01 -8.2870721E-01
      1677  5.3794444E-01 -8.3493562E-01
      1678  5.4064090E-01 -8.4118794E-01
      1679  5.4335087E-01 -8.4746372E-01
      1680  5.4607443E-01 -8.5376253E-01
      1681  5.4881164E-01 -8.6008390E-01
      1682  5.5156257E-01 -8.6642736E-01
      1683  5.5432728E-01 -8.7279240E-01
      1684  5.5710586E-01 -8.7917852E-01
      1685  5.5989837E-01 -8.8558520E-01
      1686  5.6270487E-01 -8.9201189E-01
      1687  5.6552544E-01 -8.9845804E-01
      1688  5.6836015E-01 -9.0492306E-01
      1689  5.7120906E-01 -9.1140638E-01
      1690  5.7407226E-01 -9.1790736E-01
      1691  5.7694981E-01 -9.2442539E-01
      1692  5.7984178E-01 -9.3095982E-01
      1693  5.8274825E-01 -9.3750999E-01
      1694  5.8566929E-01 -9.4407520E-01
      1695  5.8860497E-01 -9.5065476E-01
      1696  5.9155536E-01 -9.5724794E-01
      1697  5.9452055E-01 -9.6385400E-01
      1698  5.9750059E-01 -9.7047217E-01
      1699  6.0049558E-01 -9.7710168E-01
      1700  6.0350558E-01 -9.8374172E-01
      1701  6.0653066E-01 -9.9039146E-01
      1702  6.0957091E-01 -9.9705006E-01
      1703  6.1262639E-01 -1.0037166E+00
      1704  6.1569720E-01 -1.0103903E+00
      1705  6.1878339E-01 -1.0170702E+00
      1706  6.2188506E-01 -1.0237553E+00
      1707  6.2500227E-01 -1.0304447E+00
      1708  6.2813511E-01 -1.0371374E+00
      1709  6.3128365E-01 -1.0438325E+00
      1710  6.3444797E-01 -1.0505288E+00
      1711  6.3762815E-01 -1.0572253E+00
      1712  6.4082428E-01 -1.0639209E+00
      1713  6.4403642E-01 -1.0706146E+00
      1714  6.4726467E-01 -1.0773052E+00
      1715  6.5050909E-01 -1.0839916E+00
      1716  6.5376979E-01 -1.0906725E+00
      1717  6.5704682E-01 -1.0973468E+00
      1718  6.6034028E-01 -1.1040133E+00
      1719  6.6365025E-01 -1.1106706E+00
      1720  6.6697681E-01 -1.1173175E+00
      1721  6.7032005E-01 -1.1239527E+00
      1722  6.7368004E-01 -1.1305748E+00
      1723  6.7705687E-01 -1.1371824E+00
      1724  6.8045064E-01 -1.1437742E+00
      1725  6.8386141E-01 -1.1503487E+00
      1726  6.8728928E-01 -1.1569045E+00
      1727  6.9073433E-01 -1.1634401E+00
      1728  6.9419665E-01 -1.1699540E+00
      1729  6.9767633E-01 -1.1764445E+00
      1730  7.0117344E-01 -1.1829102E+00
      1731  7.0468809E-01 -1.1893495E+00
      1732  7.0822035E-01 -1.1957606E+00
      1733  7.1177032E-01 -1.2021419E+00
      1734  7.1533809E-01 -1.2084918E+00
      1735  7.1892373E-01 -1.2148084E+00
      1736  7.2252735E-01 -1.2210900E+00
      1737  7.2614904E-01 -1.2273349E+00
      1738  7.2978887E-01 -1.2335411E+00
      1739  7.3344696E-01 -1.2397069E+00
      1740  7.3712337E-01 -1.2458303E+00
      1741  7.4081822E-01 -1.2519094E+00
      1742  7.4453159E-01 -1.2579422E+00
      1743  7.4826357E-01 -1.2639267E+00
      1744  7.5201425E-01 -1.2698609E+00
      1745  7.5578374E-01 -1.2757428E+00
      1746  7.5957212E-01 -1.2815702E+00
      1747  7.6337949E-01 -1.2873410E+00
      1748  7.6720595E-01 -1.2930530E+00
      1749  7.7105159E-01 -1.2987041E+00
      1750  7.7491650E-01 -1.3042920E+00
      1751  7.7880078E-01 -1.3098143E+00
      1752  7.8270454E-01 -1.3152689E+00
      1753  7.8662786E-01 -1.3206533E+00
      1754  7.9057085E-01 -1.3259653E+00
      1755  7.9453360E-01 -1.3312022E+00
      1756  7.9851622E-01 -1.3363619E+00
      1757  8.0251880E-01 -1.3414416E+00
      1758  8.0654144E-01 -1.3464390E+00
      1759  8.1058425E-01 -1.3513515E+00
      1760  8.1464732E-01 -1.3561764E+00
      1761  8.1873075E-01 -1.3609112E+00
      1762  8.2283466E-01 -1.3655531E+00
      1763  8.2695913E-01 -1.3700996E+00
      1764  8.3110428E-01 -1.3745478E+00
      1765  8.3527021E-01 -1.3788951E+00
      1766  8.3945702E-01 -1.3831385E+00
      1767  8.4366482E-01 -1.3872754E+00
      1768  8.4789370E-01 -1.3913027E+00
      1769  8.5214379E-01 -1.3952177E+00
      1770  8.5641518E-01 -1.3990173E+00
      1771  8.6070798E-01 -1.4026987E+00
      1772  8.6502229E-01 -1.4062588E+00
      1773  8.6935824E-01 -1.4096946E+00
      1774  8.7371591E-01 -1.4130030E+00
      1775  8.7809543E-01 -1.4161810E+00
      1776  8.8249690E-01 -1.4192253E+00
      1777  8.8692044E-01 -1.4221330E+00
      1778  8.9136614E-01 -1.4249007E+00
      1779  8.9583414E-01 -1.4275252E+00
      1780  9.0032452E-01 -1.4300035E+00
      1781  9.0483742E-01 -1.4323320E+00
      1782  9.0937293E-01 -1.4345077E+00
      1783  9.1393119E-01 -1.4365271E+00
      1784  9.1851228E-01 -1.4383869E+00
      1785  9.2311635E-01 -1.4400837E+00
      1786  9.2774349E-01 -1.4416142E+00
      1787  9.3239382E-01 -1.4429750E+00
      1788  9.3706746E-01 -1.4441625E+00
      1789  9.4176453E-01 -1.4451733E+00
      1790  9.4648515E-01 -1.4460041E+00
      1791  9.5122942E-01 -1.4466512E+00
      1792  9.5599748E-01 -1.4471112E+00
      1793  9.6078944E-01 -1.4473805E+00
      1794  9.6560542E-01 -1.4474556E+00
      1795  9.7044553E-01 -1.4473330E+00
      1796  9.7530991E-01 -1.4470091E+00
      1797  9.8019867E-01 -1.4464803E+00
      1798  9.8511194E-01 -1.4457431E+00
      1799  9.9004983E-01 -1.4447938E+00
      1800  9.9501248E-01 -1.4436289E+00
      1801  1.0000000E+00 -1.4422449E+00
      1802  1.0050125E+00 -1.4406380E+00
      1803  1.0100502E+00 -1.4388047E+00
      1804  1.0151131E+00 -1.4367415E+00
      1805  1.0202013E+00 -1.4344447E+00
      1806  1.0253151E+00 -1.4319108E+00
      1807  1.0304545E+00 -1.4291363E+00
      1808  1.0356197E+00 -1.4261175E+00
      1809  1.0408108E+00 -1.4228510E+00
      1810  1.0460279E+00 -1.4193332E+00
      1811  1.0512711E+00 -1.4155606E+00
      1812  1.0565406E+00 -1.4115298E+00
      1813  1.0618365E+00 -1.4072373E+00
      1814  1.0671590E+00 -1.4026798E+00
      1815  1.0725082E+00 -1.3978537E+00
      1816  1.0778842E+00 -1.3927559E+00
      1817  1.0832871E+00 -1.3873829E+00
      1818  1.0887171E+00 -1.3817315E+00
      1819  1.0941743E+00 -1.3757984E+00
      1820  1.0996589E+00 -1.3695806E+00
      1821  1.1051709E+00 -1.3630748E+00
      1822  1.1107106E+00 -1.3562781E+00
      1823  1.1162781E+00 -1.3491873E+00
      1824  1.1218734E+00 -1.3417995E+00
      1825  1.1274969E+00 -1.3341119E+00
      1826  1.1331485E+00 -1.3261217E+00
      1827  1.1388284E+00 -1.3178260E+00
      1828  1.1445368E+00 -1.3092223E+00
      1829  1.1502738E+00 -1.3003080E+00
      1830  1.1560396E+00 -1.2910806E+00
      1831  1.1618342E+00 -1.2815376E+00
      1832  1.1676580E+00 -1.2716769E+00
      1833  1.1735109E+00 -1.2614962E+00
      1834  1.1793931E+00 -1.2509934E+00
      1835  1.1853049E+00 -1.2401666E+00
      1836  1.1912462E+00 -1.2290138E+00
      1837  1.1972174E+00 -1.2175335E+00
      1838  1.2032184E+00 -1.2057238E+00
      1839  1.2092496E+00 -1.1935835E+00
      1840  1.2153110E+00 -1.1811111E+00
      1841  1.2214028E+00 -1.1683054E+00
      1842  1.2275251E+00 -1.1551654E+00
      1843  1.2336781E+00 -1.1416903E+00
      1844  1.2398619E+00 -1.1278792E+00
      1845  1.2460767E+00 -1.1137317E+00
      1846  1.2523227E+00 -1.0992473E+00
      1847  1.2586000E+00 -1.0844258E+00
      1848  1.2649088E+00 -1.0692673E+00
      1849  1.2712492E+00 -1.0537718E+00
      1850  1.2776213E+00 -1.0379398E+00
      1851  1.2840254E+00 -1.0217719E+00
      1852  1.2904616E+00 -1.0052688E+00
      1853  1.2969301E+00 -9.8843145E-01
      1854  1.3034310E+00 -9.7126121E-01
      1855  1.3099645E+00 -9.5375948E-01
      1856  1.3165307E+00 -9.3592797E-01
      1857  1.3231298E+00 -9.1776862E-01
      1858  1.3297620E+00 -8.9928363E-01
      1859  1.3364275E+00 -8.8047546E-01
      1860  1.3431264E+00 -8.6134684E-01
      1861  1.3498588E+00 -8.4190075E-01
      1862  1.3566250E+00 -8.2214047E-01
      1863  1.3634251E+00 -8.0206957E-01
      1864  1.3702593E+00 -7.8169191E-01
      1865  1.3771278E+00 -7.6101164E-01
      1866  1.3840306E+00 -7.4003323E-01
      1867  1.3909681E+00 -7.1876147E-01
      1868  1.3979404E+00 -6.9720145E-01
      1869  1.4049476E+00 -6.7535862E-01
      1870  1.4119899E+00 -6.5323875E-01
      1871  1.4190675E+00 -6.3084794E-01
      1872  1.4261807E+00 -6.0819266E-01
      1873  1.4333294E+00 -5.8527974E-01
      1874  1.4405140E+00 -5.6211634E-01
      1875  1.4477346E+00 -5.3871003E-01
      1876  1.4549914E+00 -5.1506873E-01
      1877  1.4622846E+00 -4.9120074E-01
      1878  1.4696143E+00 -4.6711476E-01
      1879  1.4769808E+00 -4.4281989E-01
      1880  1.4843842E+00 -4.1832561E-01
      1881  1.4918247E+00 -3.9364180E-01
      1882  1.4993025E+00 -3.6877878E-01
      1883  1.5068178E+00 -3.4374725E-01
      1884  1.5143707E+00 -3.1855836E-01
      1885  1.5219616E+00 -2.9322365E-01
      1886  1.5295904E+00 -2.6775512E-01
      1887  1.5372575E+00 -2.4216518E-01
      1888  1.5449631E+00 -2.1646668E-01
      1889  1.5527072E+00 -1.9067291E-01
      1890  1.5604902E+00 -1.6479759E-01
      1891  1.5683122E+00 -1.3885490E-01
      1892  1.5761734E+00 -1.1285946E-01
      1893  1.5840740E+00 -8.6826308E-02
      1894  1.5920142E+00 -6.0770963E-02
      1895  1.5999942E+00 -3.4709374E-02
      1896  1.6080142E+00 -8.6579377E-03
      1897  1.6160744E+00  1.7366504E-02
      1898  1.6241750E+00  4.3346666E-02
      1899  1.6323162E+00  6.9264821E-02
      1900  1.6404982E+00  9.5102804E-02
      1901  1.6487213E+00  1.2084201E-01
      1902  1.6569855E+00  1.4646341E-01
      1903  1.6652912E+00  1.7194755E-01
      1904  1.6736385E+00  1.9727455E-01
      1905  1.6820276E+00  2.2242411E-01
      1906  1.6904588E+00  2.4737553E-01
      1907  1.6989323E+00  2.7210772E-01
      1908  1.7074482E+00  2.9659919E-01
      1909  1.7160069E+00  3.2082807E-01
      1910  1.7246084E+00  3.4477212E-01
      1911  1.7332530E+00  3.6840875E-01
      1912  1.7419410E+00  3.9171503E-01
      1913  1.7506725E+00  4.1466768E-01
      1914  1.7594478E+00  4.3724312E-01
      1915  1.7682671E+00  4.5941748E-01
      1916  1.7771305E+00  4.8116659E-01
      1917  1.7860384E+00  5.0246602E-01
      1918  1.7949910E+00  5.2329110E-01
      1919  1.8039884E+00  5.4361695E-01
      1920  1.8130309E+00  5.6341846E-01
      1921  1.8221188E+00  5.8267037E-01
      1922  1.8312522E+00  6.0134724E-01
      1923  1.8404314E+00  6.1942352E-01
      1924  1.8496566E+00  6.3687356E-01
      1925  1.8589280E+00  6.5367163E-01
      1926  1.8682460E+00  6.6979194E-01
      1927  1.8776106E+00  6.8520873E-01
      1928  1.8870221E+00  6.9989621E-01
      1929  1.8964809E+00  7.1382868E-01
      1930  1.9059870E+00  7.2698049E-01
      1931  1.9155408E+00  7.3932614E-01
      1932  1.9251425E+00  7.5084030E-01
      1933  1.9347923E+00  7.6149778E-01
      1934  1.9444905E+00  7.7127369E-01
      1935  1.9542373E+00  7.8014338E-01
      1936  1.9640330E+00  7.8808253E-01
      1937  1.9738777E+00  7.9506717E-01
      1938  1.9837718E+00  8.0107374E-01
      1939  1.9937155E+00  8.0607913E-01
      1940  2.0037091E+00  8.1006072E-01
      1941  2.0137527E+00  8.1299641E-01
      1942  2.0238467E+00  8.1486470E-01
      1943  2.0339913E+00  8.1564473E-01
      1944  2.0441867E+00  8.1531630E-01
      1945  2.0544332E+00  8.1385994E-01
      1946  2.0647311E+00  8.1125693E-01
      1947  2.0750806E+00  8.0748940E-01
      1948  2.0854820E+00  8.0254033E-01
      1949  2.0959355E+00  7.9639360E-01
      1950  2.1064414E+00  7.8903405E-01
      1951  2.1170000E+00  7.8044752E-01
      1952  2.1276115E+00  7.7062090E-01
      1953  2.1382762E+00  7.5954213E-01
      1954  2.1489944E+00  7.4720030E-01
      1955  2.1597663E+00  7.3358565E-01
      1956  2.1705921E+00  7.1868961E-01
      1957  2.1814723E+00  7.0250481E-01
      1958  2.1924069E+00  6.8502516E-01
      1959  2.2033964E+00  6.6624578E-01
      1960  2.2144410E+00  6.4616326E-01
      1961  2.2255409E+00  6.2477525E-01
      1962  2.2366965E+00  6.0208026E-01
      1963  2.2479080E+00  5.7808157E-01
      1964  2.2591757E+00  5.5277384E-01
      1965  2.2704998E+00  5.2616567E-01
      1966  2.2818808E+00  4.9829083E-01
      1967  2.2933187E+00  4.6899985E-01
      1968  2.3048140E+00  4.3868614E-01
      1969  2.3163670E+00  4.0836646E-01
      1970  2.3279778E+00  3.7896219E-01
      1971  2.3396469E+00  3.5056684E-01
      1972  2.3513744E+00  3.2311526E-01
      1973  2.3631607E+00  2.9668022E-01
      1974  2.3750061E+00  2.7128210E-01
      1975  2.3869109E+00  2.4694784E-01
      1976  2.3988753E+00  2.2370586E-01
      1977  2.4108997E+00  2.0158010E-01
      1978  2.4229844E+00  1.8059343E-01
      1979  2.4351297E+00  1.6076610E-01
      1980  2.4473358E+00  1.4211564E-01
      1981  2.4596031E+00  1.2465656E-01
      1982  2.4719319E+00  1.0839991E-01
      1983  2.4843225E+00  9.3352776E-02
      1984  2.4967753E+00  7.9517960E-02
      1985  2.5092904E+00  6.6893516E-02
      1986  2.5218683E+00  5.5472158E-02
      1987  2.5345092E+00  4.5240629E-02
      1988  2.5472135E+00  3.6179250E-02
      1989  2.5599814E+00  2.8261296E-02
      1990  2.5728134E+00  2.1452206E-02
      1991  2.5857097E+00  1.5708903E-02
      1992  2.5986706E+00  1.0978607E-02
      1993  2.6116965E+00  7.1991287E-03
      1994  2.6247877E+00  4.2979137E-03
      1995  2.6379445E+00  2.1826437E-03
      1996  2.6511672E+00  7.7193050E-04
      1997  2.6644562E+00 -6.5648140E-05
      1998  2.6778119E+00 -5.1368527E-04
      1999  2.6912345E+00 -3.3150675E-04
      2000  2.7047243E+00  4.5876869E-05
      2001  2.7182818E+00  8.4629124E-06
      2002  2.7319073E+00  0.0000000E+00
      2003  2.7456010E+00  0.0000000E+00
      2004  2.7593634E+00  0.0000000E+00
      2005  2.7731948E+00  0.0000000E+00
      2006  2.7870955E+00  0.0000000E+00
      2007  2.8010658E+00  0.0000000E+00
      2008  2.8151062E+00  0.0000000E+00
      2009  2.8292170E+00  0.0000000E+00
      2010  2.8433985E+00  0.0000000E+00
      2011  2.8576511E+00  0.0000000E+00
      2012  2.8719752E+00  0.0000000E+00
      2013  2.8863710E+00  0.0000000E+00
      2014  2.9008390E+00  0.0000000E+00
      2015  2.9153795E+00  0.0000000E+00
      2016  2.9299929E+00  0.0000000E+00
      2017  2.9446796E+00  0.0000000E+00
      2018  2.9594398E+00  0.0000000E+00
      2019  2.9742741E+00  0.0000000E+00
      2020  2.9891827E+00  0.0000000E+00
      2021  3.0041660E+00  0.0000000E+00
      2022  3.0192245E+00  0.0000000E+00
      2023  3.0343584E+00  0.0000000E+00
      2024  3.0495682E+00  0.0000000E+00
      2025  3.0648542E+00  0.0000000E+00
      2026  3.0802168E+00  0.0000000E+00
      2027  3.0956565E+00  0.0000000E+00
      2028  3.1111735E+00  0.0000000E+00
      2029  3.1267684E+00  0.0000000E+00
      2030  3.1424414E+00  0.0000000E+00
      2031  3.1581929E+00  0.0000000E+00
      2032  3.1740234E+00  0.0000000E+00
      2033  3.1899333E+00  0.0000000E+00
      2034  3.2059229E+00  0.0000000E+00
      2035  3.2219926E+00  0.0000000E+00
      2036  3.2381429E+00  0.0000000E+00
      2037  3.2543742E+00  0.0000000E+00
      2038  3.2706868E+00  0.0000000E+00
      2039  3.2870812E+00  0.0000000E+00
      2040  3.3035578E+00  0.0000000E+00
      2041  3.3201169E+00  0.0000000E+00
      2042  3.3367591E+00  0.0000000E+00
      2043  3.3534847E+00  0.0000000E+00
      2044  3.3702941E+00  0.0000000E+00
      2045  3.3871877E+00  0.0000000E+00
      2046  3.4041661E+00  0.0000000E+00
      2047  3.4212295E+00  0.0000000E+00
      2048  3.4383785E+00  0.0000000E+00
      2049  3.4556135E+00  0.0000000E+00
      2050  3.4729348E+00  0.0000000E+00
      2051  3.4903430E+00  0.0000000E+00
      2052  3.5078384E+00  0.0000000E+00
      2053  3.5254215E+00  0.0000000E+00
      2054  3.5430927E+00  0.0000000E+00
      2055  3.5608526E+00  0.0000000E+00
      2056  3.5787014E+00  0.0000000E+00
      2057  3.5966397E+00  0.0000000E+00
      2058  3.6146680E+00  0.0000000E+00
      2059  3.6327866E+00  0.0000000E+00
      2060  3.6509960E+00  0.0000000E+00
      2061  3.6692967E+00  0.0000000E+00
      2062  3.6876891E+00  0.0000000E+00
      2063  3.7061737E+00  0.0000000E+00
      2064  3.7247510E+00  0.0000000E+00
      2065  3.7434214E+00  0.0000000E+00
      2066  3.7621854E+00  0.0000000E+00
      2067  3.7810434E+00  0.0000000E+00
      2068  3.7999959E+00  0.0000000E+00
      2069  3.8190435E+00  0.0000000E+00
      2070  3.8381865E+00  0.0000000E+00
      2071  3.8574255E+00  0.0000000E+00
      2072  3.8767610E+00  0.0000000E+00
      2073  3.8961933E+00  0.0000000E+00
      2074  3.9157231E+00  0.0000000E+00
      2075  3.9353507E+00  0.0000000E+00
      2076  3.9550767E+00  0.0000000E+00
      2077  3.9749016E+00  0.0000000E+00
      2078  3.9948259E+00  0.0000000E+00
      2079  4.0148501E+00  0.0000000E+00
      2080  4.0349746E+00  0.0000000E+00
      2081  4.0552000E+00  0.0000000E+00
      2082  4.0755267E+00  0.0000000E+00
      2083  4.0959554E+00  0.0000000E+00
      2084  4.1164865E+00  0.0000000E+00
      2085  4.1371204E+00  0.0000000E+00
      2086  4.1578578E+00  0.0000000E+00
      2087  4.1786992E+00  0.0000000E+00
      2088  4.1996450E+00  0.0000000E+00
      2089  4.2206958E+00  0.0000000E+00
      2090  4.2418521E+00  0.0000000E+00
      2091  4.2631145E+00  0.0000000E+00
      2092  4.2844835E+00  0.0000000E+00
      2093  4.3059595E+00  0.0000000E+00
      2094  4.3275432E+00  0.0000000E+00
      2095  4.3492351E+00  0.0000000E+00
      2096  4.3710358E+00  0.0000000E+00
      2097  4.3929457E+00  0.0000000E+00
      2098  4.4149654E+00  0.0000000E+00
      2099  4.4370955E+00  0.0000000E+00
      2100  4.4593366E+00  0.0000000E+00
      2101  4.4816891E+00  0.0000000E+00
      2102  4.5041536E+00  0.0000000E+00
      2103  4.5267308E+00  0.0000000E+00
      2104  4.5494211E+00  0.0000000E+00
      2105  4.5722252E+00  0.0000000E+00
      2106  4.5951436E+00  0.0000000E+00
      2107  4.6181768E+00  0.0000000E+00
      2108  4.6413255E+00  0.0000000E+00
      2109  4.6645903E+00  0.0000000E+00
      2110  4.6879716E+00  0.0000000E+00
      2111  4.7114702E+00  0.0000000E+00
      2112  4.7350865E+00  0.0000000E+00
      2113  4.7588212E+00  0.0000000E+00
      2114  4.7826749E+00  0.0000000E+00
      2115  4.8066482E+00  0.0000000E+00
      2116  4.8307416E+00  0.0000000E+00
      2117  4.8549558E+00  0.0000000E+00
      2118  4.8792914E+00  0.0000000E+00
      2119  4.9037489E+00  0.0000000E+00
      2120  4.9283291E+00  0.0000000E+00
      2121  4.9530324E+00  0.0000000E+00
      2122  4.9778596E+00  0.0000000E+00
      2123  5.0028112E+00  0.0000000E+00
      2124  5.0278879E+00  0.0000000E+00
      2125  5.0530903E+00  0.0000000E+00
      2126  5.0784190E+00  0.0000000E+00
      2127  5.1038747E+00  0.0000000E+00
      2128  5.1294580E+00  0.0000000E+00
      2129  5.1551695E+00  0.0000000E+00
      2130  5.1810099E+00  0.0000000E+00
      2131  5.2069798E+00  0.0000000E+00
      2132  5.2330799E+00  0.0000000E+00
      2133  5.2593108E+00  0.0000000E+00
      2134  5.2856732E+00  0.0000000E+00
      2135  5.3121678E+00  0.0000000E+00
      2136  5.3387951E+00  0.0000000E+00
      2137  5.3655560E+00  0.0000000E+00
      2138  5.3924509E+00  0.0000000E+00
      2139  5.4194807E+00  0.0000000E+00
      2140  5.4466460E+00  0.0000000E+00
      2141  5.4739474E+00  0.0000000E+00
      2142  5.5013857E+00  0.0000000E+00
      2143  5.5289615E+00  0.0000000E+00
      2144  5.5566755E+00  0.0000000E+00
      2145  5.5845285E+00  0.0000000E+00
      2146  5.6125210E+00  0.0000000E+00
      2147  5.6406539E+00  0.0000000E+00
      2148  5.6689278E+00  0.0000000E+00
      2149  5.6973434E+00  0.0000000E+00
      2150  5.7259015E+00  0.0000000E+00
      2151  5.7546027E+00  0.0000000E+00
      2152  5.7834477E+00  0.0000000E+00
      2153  5.8124374E+00  0.0000000E+00
      2154  5.8415724E+00  0.0000000E+00
      2155  5.8708534E+00  0.0000000E+00
      2156  5.9002811E+00  0.0000000E+00
      2157  5.9298564E+00  0.0000000E+00
      2158  5.9595799E+00  0.0000000E+00
      2159  5.9894525E+00  0.0000000E+00
      2160  6.0194747E+00  0.0000000E+00
      2161  6.0496475E+00  0.0000000E+00
      2162  6.0799714E+00  0.0000000E+00
      2163  6.1104474E+00  0.0000000E+00
      2164  6.1410762E+00  0.0000000E+00
      2165  6.1718584E+00  0.0000000E+00
      2166  6.2027950E+00  0.0000000E+00
      2167  6.2338867E+00  0.0000000E+00
      2168  6.2651341E+00  0.0000000E+00
      2169  6.2965383E+00  0.0000000E+00
      2170  6.3280998E+00  0.0000000E+00
      2171  6.3598195E+00  0.0000000E+00
      2172  6.3916983E+00  0.0000000E+00
      2173  6.4237368E+00  0.0000000E+00
      2174  6.4559359E+00  0.0000000E+00
      2175  6.4882964E+00  0.0000000E+00
      2176  6.5208191E+00  0.0000000E+00
      2177  6.5535049E+00  0.0000000E+00
      2178  6.5863544E+00  0.0000000E+00
      2179  6.6193687E+00  0.0000000E+00
      2180  6.6525484E+00  0.0000000E+00
      2181  6.6858944E+00  0.0000000E+00
      2182  6.7194076E+00  0.0000000E+00
      2183  6.7530888E+00  0.0000000E+00
      2184  6.7869388E+00  0.0000000E+00
      2185  6.8209585E+00  0.0000000E+00
      2186  6.8551487E+00  0.0000000E+00
      2187  6.8895102E+00  0.0000000E+00
      2188  6.9240441E+00  0.0000000E+00
      2189  6.9587510E+00  0.0000000E+00
      2190  6.9936319E+00  0.0000000E+00
      2191  7.0286876E+00  0.0000000E+00
      2192  7.0639190E+00  0.0000000E+00
      2193  7.0993271E+00  0.0000000E+00
      2194  7.1349126E+00  0.0000000E+00
      2195  7.1706765E+00  0.0000000E+00
      2196  7.2066197E+00  0.0000000E+00
      2197  7.2427430E+00  0.0000000E+00
      2198  7.2790474E+00  0.0000000E+00
      2199  7.3155338E+00  0.0000000E+00
      2200  7.3522030E+00  0.0000000E+00
      2201  7.3890561E+00  0.0000000E+00
      2202  7.4260939E+00  0.0000000E+00
      2203  7.4633173E+00  0.0000000E+00
      2204  7.5007274E+00  0.0000000E+00
      2205  7.5383249E+00  0.0000000E+00
      2206  7.5761109E+00  0.0000000E+00
      2207  7.6140864E+00  0.0000000E+00
      2208  7.6522521E+00  0.0000000E+00
      2209  7.6906092E+00  0.0000000E+00
      2210  7.7291585E+00  0.0000000E+00
      2211  7.7679011E+00  0.0000000E+00
      2212  7.8068379E+00  0.0000000E+00
      2213  7.8459698E+00  0.0000000E+00
      2214  7.8852979E+00  0.0000000E+00
      2215  7.9248231E+00  0.0000000E+00
      2216  7.9645465E+00  0.0000000E+00
      2217  8.0044689E+00  0.0000000E+00
      2218  8.0445915E+00  0.0000000E+00
      2219  8.0849152E+00  0.0000000E+00
      2220  8.1254410E+00  0.0000000E+00
      2221  8.1661699E+00  0.0000000E+00
      2222  8.2071030E+00  0.0000000E+00
      2223  8.2482413E+00  0.0000000E+00
      2224  8.2895858E+00  0.0000000E+00
      2225  8.3311375E+00  0.0000000E+00
      2226  8.3728975E+00  0.0000000E+00
      2227  8.4148668E+00  0.0000000E+00
      2228  8.4570465E+00  0.0000000E+00
      2229  8.4994376E+00  0.0000000E+00
      2230  8.5420412E+00  0.0000000E+00
      2231  8.5848584E+00  0.0000000E+00
      2232  8.6278902E+00  0.0000000E+00
      2233  8.6711377E+00  0.0000000E+00
      2234  8.7146019E+00  0.0000000E+00
      2235  8.7582840E+00  0.0000000E+00
      2236  8.8021851E+00  0.0000000E+00
      2237  8.8463063E+00  0.0000000E+00
      2238  8.8906486E+00  0.0000000E+00
      2239  8.9352131E+00  0.0000000E+00
      2240  8.9800011E+00  0.0000000E+00
      2241  9.0250135E+00  0.0000000E+00
      2242  9.0702516E+00  0.0000000E+00
      2243  9.1157164E+00  0.0000000E+00
      2244  9.1614091E+00  0.0000000E+00
      2245  9.2073309E+00  0.0000000E+00
      2246  9.2534828E+00  0.0000000E+00
      2247  9.2998661E+00  0.0000000E+00
      2248  9.3464819E+00  0.0000000E+00
      2249  9.3933313E+00  0.0000000E+00
      2250  9.4404156E+00  0.0000000E+00
      2251  9.4877358E+00  0.0000000E+00
      2252  9.5352933E+00  0.0000000E+00
      2253  9.5830892E+00  0.0000000E+00
      2254  9.6311246E+00  0.0000000E+00
      2255  9.6794008E+00  0.0000000E+00
      2256  9.7279190E+00  0.0000000E+00
      2257  9.7766804E+00  0.0000000E+00
      2258  9.8256862E+00  0.0000000E+00
      2259  9.8749377E+00  0.0000000E+00
      2260  9.9244360E+00  0.0000000E+00
      2261  9.9741825E+00  0.0000000E+00
      2262  1.0024178E+01  0.0000000E+00
      2263  1.0074425E+01  0.0000000E+00
      2264  1.0124923E+01  0.0000000E+00
      2265  1.0175674E+01  0.0000000E+00
      2266  1.0226680E+01  0.0000000E+00
      2267  1.0277942E+01  0.0000000E+00
      2268  1.0329460E+01  0.0000000E+00
      2269  1.0381237E+01  0.0000000E+00
      2270  1.0433273E+01  0.0000000E+00
      2271  1.0485570E+01  0.0000000E+00
      2272  1.0538129E+01  0.0000000E+00
      2273  1.0590951E+01  0.0000000E+00
      2274  1.0644039E+01  0.0000000E+00
      2275  1.0697392E+01  0.0000000E+00
      2276  1.0751013E+01  0.0000000E+00
      2277  1.0804903E+01  0.0000000E+00
      2278  1.0859063E+01  0.0000000E+00
      2279  1.0913494E+01  0.0000000E+00
      2280  1.0968198E+01  0.0000000E+00
      2281  1.1023176E+01  0.0000000E+00
      2282  1.1078430E+01  0.0000000E+00
      2283  1.1133961E+01  0.0000000E+00
      2284  1.1189770E+01  0.0000000E+00
      2285  1.1245859E+01  0.0000000E+00
      2286  1.1302229E+01  0.0000000E+00
      2287  1.1358882E+01  0.0000000E+00
      2288  1.1415819E+01  0.0000000E+00
      2289  1.1473041E+01  0.0000000E+00
      2290  1.1530550E+01  0.0000000E+00
      2291  1.1588347E+01  0.0000000E+00
      2292  1.1646434E+01  0.0000000E+00
      2293  1.1704812E+01  0.0000000E+00
      2294  1.1763482E+01  0.0000000E+00
      2295  1.1822447E+01  0.0000000E+00
      2296  1.1881707E+01  0.0000000E+00
      2297  1.1941264E+01  0.0000000E+00
      2298  1.2001120E+01  0.0000000E+00
      2299  1.2061276E+01  0.0000000E+00
      2300  1.2121734E+01  0.0000000E+00
      2301  1.2182494E+01  0.0000000E+00
      2302  1.2243559E+01  0.0000000E+00
      2303  1.2304930E+01  0.0000000E+00
      2304  1.2366609E+01  0.0000000E+00
      2305  1.2428597E+01  0.0000000E+00
      2306  1.2490895E+01  0.0000000E+00
      2307  1.2553506E+01  0.0000000E+00
      2308  1.2616431E+01  0.0000000E+00
      2309  1.2679671E+01  0.0000000E+00
      2310  1.2743228E+01  0.0000000E+00
      2311  1.2807104E+01  0.0000000E+00
      2312  1.2871300E+01  0.0000000E+00
      2313  1.2935817E+01  0.0000000E+00
      2314  1.3000658E+01  0.0000000E+00
      2315  1.3065824E+01  0.0000000E+00
      2316  1.3131317E+01  0.0000000E+00
      2317  1.3197138E+01  0.0000000E+00
      2318  1.3263289E+01  0.0000000E+00
      2319  1.3329772E+01  0.0000000E+00
      2320  1.3396587E+01  0.0000000E+00
      2321  1.3463738E+01  0.0000000E+00
      2322  1.3531225E+01  0.0000000E+00
      2323  1.3599051E+01  0.0000000E+00
      2324  1.3667216E+01  0.0000000E+00
      2325  1.3735724E+01  0.0000000E+00
      2326  1.3804574E+01  0.0000000E+00
      2327  1.3873770E+01  0.0000000E+00
      2328  1.3943312E+01  0.0000000E+00
      2329  1.4013204E+01  0.0000000E+00
      2330  1.4083445E+01  0.0000000E+00
      2331  1.4154039E+01  0.0000000E+00
      2332  1.4224986E+01  0.0000000E+00
      2333  1.4296289E+01  0.0000000E+00
      2334  1.4367950E+01  0.0000000E+00
      2335  1.4439969E+01  0.0000000E+00
      2336  1.4512350E+01  0.0000000E+00
      2337  1.4585093E+01  0.0000000E+00
      2338  1.4658201E+01  0.0000000E+00
      2339  1.4731676E+01  0.0000000E+00
      2340  1.4805519E+01  0.0000000E+00
      2341  1.4879732E+01  0.0000000E+00
      2342  1.4954317E+01  0.0000000E+00
