 -5.0000E+00  2.4073E+00  2.4110E+00  1.1771E+00  1.1776E+00
 -4.9500E+00  2.3970E+00  2.4008E+00  1.1756E+00  1.1761E+00
 -4.9000E+00  2.3866E+00  2.3905E+00  1.1740E+00  1.1746E+00
 -4.8500E+00  2.3762E+00  2.3802E+00  1.1725E+00  1.1731E+00
 -4.8000E+00  2.3658E+00  2.3699E+00  1.1709E+00  1.1715E+00
 -4.7500E+00  2.3553E+00  2.3595E+00  1.1693E+00  1.1699E+00
 -4.7000E+00  2.3448E+00  2.3490E+00  1.1677E+00  1.1683E+00
 -4.6500E+00  2.3342E+00  2.3386E+00  1.1660E+00  1.1667E+00
 -4.6000E+00  2.3236E+00  2.3280E+00  1.1644E+00  1.1651E+00
 -4.5500E+00  2.3129E+00  2.3175E+00  1.1627E+00  1.1634E+00
 -4.5000E+00  2.3022E+00  2.3068E+00  1.1610E+00  1.1618E+00
 -4.4500E+00  2.2915E+00  2.2962E+00  1.1593E+00  1.1601E+00
 -4.4000E+00  2.2807E+00  2.2855E+00  1.1576E+00  1.1583E+00
 -4.3500E+00  2.2698E+00  2.2747E+00  1.1558E+00  1.1566E+00
 -4.3000E+00  2.2589E+00  2.2639E+00  1.1540E+00  1.1549E+00
 -4.2500E+00  2.2479E+00  2.2531E+00  1.1522E+00  1.1531E+00
 -4.2000E+00  2.2369E+00  2.2422E+00  1.1504E+00  1.1513E+00
 -4.1500E+00  2.2258E+00  2.2312E+00  1.1486E+00  1.1495E+00
 -4.1000E+00  2.2147E+00  2.2202E+00  1.1467E+00  1.1476E+00
 -4.0500E+00  2.2036E+00  2.2092E+00  1.1448E+00  1.1457E+00
 -4.0000E+00  2.1923E+00  2.1981E+00  1.1429E+00  1.1438E+00
 -3.9500E+00  2.1810E+00  2.1869E+00  1.1409E+00  1.1419E+00
 -3.9000E+00  2.1697E+00  2.1757E+00  1.1389E+00  1.1400E+00
 -3.8500E+00  2.1583E+00  2.1644E+00  1.1369E+00  1.1380E+00
 -3.8000E+00  2.1468E+00  2.1531E+00  1.1349E+00  1.1360E+00
 -3.7500E+00  2.1353E+00  2.1418E+00  1.1328E+00  1.1340E+00
 -3.7000E+00  2.1238E+00  2.1303E+00  1.1307E+00  1.1319E+00
 -3.6500E+00  2.1121E+00  2.1189E+00  1.1286E+00  1.1298E+00
 -3.6000E+00  2.1004E+00  2.1073E+00  1.1265E+00  1.1277E+00
 -3.5500E+00  2.0887E+00  2.0957E+00  1.1243E+00  1.1256E+00
 -3.5000E+00  2.0768E+00  2.0841E+00  1.1221E+00  1.1234E+00
 -3.4500E+00  2.0650E+00  2.0724E+00  1.1198E+00  1.1212E+00
 -3.4000E+00  2.0530E+00  2.0606E+00  1.1175E+00  1.1190E+00
 -3.3500E+00  2.0410E+00  2.0488E+00  1.1152E+00  1.1167E+00
 -3.3000E+00  2.0289E+00  2.0369E+00  1.1129E+00  1.1144E+00
 -3.2500E+00  2.0167E+00  2.0249E+00  1.1105E+00  1.1121E+00
 -3.2000E+00  2.0045E+00  2.0129E+00  1.1080E+00  1.1097E+00
 -3.1500E+00  1.9922E+00  2.0008E+00  1.1056E+00  1.1073E+00
 -3.1000E+00  1.9798E+00  1.9887E+00  1.1031E+00  1.1049E+00
 -3.0500E+00  1.9674E+00  1.9764E+00  1.1005E+00  1.1024E+00
 -3.0000E+00  1.9549E+00  1.9641E+00  1.0980E+00  1.0999E+00
 -2.9500E+00  1.9423E+00  1.9518E+00  1.0953E+00  1.0973E+00
 -2.9000E+00  1.9296E+00  1.9394E+00  1.0927E+00  1.0947E+00
 -2.8500E+00  1.9168E+00  1.9269E+00  1.0899E+00  1.0921E+00
 -2.8000E+00  1.9040E+00  1.9143E+00  1.0872E+00  1.0894E+00
 -2.7500E+00  1.8911E+00  1.9017E+00  1.0844E+00  1.0867E+00
 -2.7000E+00  1.8781E+00  1.8889E+00  1.0815E+00  1.0839E+00
 -2.6500E+00  1.8650E+00  1.8761E+00  1.0786E+00  1.0811E+00
 -2.6000E+00  1.8518E+00  1.8633E+00  1.0757E+00  1.0782E+00
 -2.5500E+00  1.8386E+00  1.8503E+00  1.0726E+00  1.0753E+00
 -2.5000E+00  1.8252E+00  1.8373E+00  1.0696E+00  1.0724E+00
 -2.4500E+00  1.8118E+00  1.8242E+00  1.0665E+00  1.0693E+00
 -2.4000E+00  1.7982E+00  1.8110E+00  1.0633E+00  1.0663E+00
 -2.3500E+00  1.7846E+00  1.7977E+00  1.0600E+00  1.0632E+00
 -2.3000E+00  1.7708E+00  1.7844E+00  1.0567E+00  1.0600E+00
 -2.2500E+00  1.7570E+00  1.7709E+00  1.0534E+00  1.0568E+00
 -2.2000E+00  1.7431E+00  1.7574E+00  1.0499E+00  1.0535E+00
 -2.1500E+00  1.7290E+00  1.7438E+00  1.0464E+00  1.0501E+00
 -2.1000E+00  1.7149E+00  1.7301E+00  1.0429E+00  1.0467E+00
 -2.0500E+00  1.7006E+00  1.7163E+00  1.0392E+00  1.0432E+00
 -2.0000E+00  1.6863E+00  1.7024E+00  1.0355E+00  1.0397E+00
 -1.9500E+00  1.6718E+00  1.6884E+00  1.0317E+00  1.0361E+00
 -1.9000E+00  1.6572E+00  1.6743E+00  1.0279E+00  1.0324E+00
 -1.8500E+00  1.6424E+00  1.6601E+00  1.0239E+00  1.0286E+00
 -1.8000E+00  1.6276E+00  1.6458E+00  1.0199E+00  1.0248E+00
 -1.7500E+00  1.6126E+00  1.6314E+00  1.0157E+00  1.0209E+00
 -1.7000E+00  1.5975E+00  1.6169E+00  1.0115E+00  1.0169E+00
 -1.6500E+00  1.5823E+00  1.6023E+00  1.0072E+00  1.0128E+00
 -1.6000E+00  1.5670E+00  1.5876E+00  1.0028E+00  1.0087E+00
 -1.5500E+00  1.5515E+00  1.5728E+00  9.9826E-01  1.0045E+00
 -1.5000E+00  1.5358E+00  1.5578E+00  9.9363E-01  1.0001E+00
 -1.4500E+00  1.5200E+00  1.5428E+00  9.8890E-01  9.9570E-01
 -1.4000E+00  1.5041E+00  1.5276E+00  9.8405E-01  9.9118E-01
 -1.3500E+00  1.4880E+00  1.5123E+00  9.7908E-01  9.8656E-01
 -1.3000E+00  1.4717E+00  1.4969E+00  9.7398E-01  9.8183E-01
 -1.2500E+00  1.4553E+00  1.4813E+00  9.6876E-01  9.7700E-01
 -1.2000E+00  1.4387E+00  1.4657E+00  9.6340E-01  9.7206E-01
 -1.1500E+00  1.4220E+00  1.4499E+00  9.5790E-01  9.6700E-01
 -1.1000E+00  1.4051E+00  1.4339E+00  9.5225E-01  9.6182E-01
 -1.0500E+00  1.3880E+00  1.4178E+00  9.4645E-01  9.5652E-01
 -1.0000E+00  1.3707E+00  1.4016E+00  9.4049E-01  9.5109E-01
 -9.5000E-01  1.3532E+00  1.3853E+00  9.3437E-01  9.4553E-01
 -9.0000E-01  1.3355E+00  1.3687E+00  9.2807E-01  9.3983E-01
 -8.5000E-01  1.3176E+00  1.3521E+00  9.2158E-01  9.3399E-01
 -8.0000E-01  1.2995E+00  1.3353E+00  9.1490E-01  9.2799E-01
 -7.5000E-01  1.2811E+00  1.3183E+00  9.0802E-01  9.2185E-01
 -7.0000E-01  1.2626E+00  1.3012E+00  9.0093E-01  9.1554E-01
 -6.5000E-01  1.2438E+00  1.2839E+00  8.9362E-01  9.0906E-01
 -6.0000E-01  1.2247E+00  1.2664E+00  8.8608E-01  9.0241E-01
 -5.5000E-01  1.2055E+00  1.2488E+00  8.7829E-01  8.9558E-01
 -5.0000E-01  1.1859E+00  1.2310E+00  8.7024E-01  8.8856E-01
 -4.5000E-01  1.1661E+00  1.2130E+00  8.6192E-01  8.8134E-01
 -4.0000E-01  1.1460E+00  1.1948E+00  8.5331E-01  8.7392E-01
 -3.5000E-01  1.1256E+00  1.1764E+00  8.4441E-01  8.6628E-01
 -3.0000E-01  1.1049E+00  1.1579E+00  8.3518E-01  8.5842E-01
 -2.5000E-01  1.0838E+00  1.1391E+00  8.2561E-01  8.5033E-01
 -2.0000E-01  1.0625E+00  1.1201E+00  8.1569E-01  8.4199E-01
 -1.5000E-01  1.0408E+00  1.1009E+00  8.0538E-01  8.3340E-01
 -1.0000E-01  1.0187E+00  1.0815E+00  7.9468E-01  8.2455E-01
 -5.0000E-02  9.9629E-01  1.0619E+00  7.8354E-01  8.1541E-01
  0.0000E+00  9.7346E-01  1.0420E+00  7.7195E-01  8.0598E-01
  5.0000E-02  9.5022E-01  1.0219E+00  7.5988E-01  7.9625E-01
  1.0000E-01  9.2655E-01  1.0016E+00  7.4729E-01  7.8620E-01
  1.5000E-01  9.0242E-01  9.8102E-01  7.3415E-01  7.7582E-01
  2.0000E-01  8.7781E-01  9.6018E-01  7.2042E-01  7.6509E-01
  2.5000E-01  8.5271E-01  9.3907E-01  7.0606E-01  7.5398E-01
  3.0000E-01  8.2708E-01  9.1768E-01  6.9103E-01  7.4250E-01
  3.5000E-01  8.0089E-01  8.9602E-01  6.7528E-01  7.3061E-01
  4.0000E-01  7.7411E-01  8.7406E-01  6.5875E-01  7.1830E-01
  4.5000E-01  7.4671E-01  8.5180E-01  6.4139E-01  7.0554E-01
  5.0000E-01  7.1865E-01  8.2923E-01  6.2314E-01  6.9231E-01
  5.5000E-01  6.8990E-01  8.0635E-01  6.0391E-01  6.7860E-01
  6.0000E-01  6.6040E-01  7.8313E-01  5.8365E-01  6.6437E-01
  6.5000E-01  6.3011E-01  7.5957E-01  5.6226E-01  6.4960E-01
  7.0000E-01  5.9897E-01  7.3566E-01  5.3966E-01  6.3426E-01
  7.5000E-01  5.6694E-01  7.1138E-01  5.1575E-01  6.1832E-01
  8.0000E-01  5.3393E-01  6.8673E-01  4.9043E-01  6.0176E-01
  8.5000E-01  4.9990E-01  6.6168E-01  4.6357E-01  5.8454E-01
  9.0000E-01  4.6474E-01  6.3623E-01  4.3505E-01  5.6663E-01
  9.5000E-01  4.2839E-01  6.1036E-01  4.0474E-01  5.4800E-01
  1.0000E+00  3.9073E-01  5.8405E-01  3.7249E-01  5.2861E-01
  1.0500E+00  3.5167E-01  5.5729E-01  3.3816E-01  5.0842E-01
  1.1000E+00  3.1108E-01  5.3006E-01  3.0159E-01  4.8741E-01
  1.1500E+00  2.6881E-01  5.0235E-01  2.6260E-01  4.6552E-01
  1.2000E+00  2.2472E-01  4.7412E-01  2.2105E-01  4.4273E-01
  1.2500E+00  1.7862E-01  4.4537E-01  1.7676E-01  4.1900E-01
  1.3000E+00  1.3032E-01  4.1607E-01  1.2959E-01  3.9428E-01
  1.3500E+00  7.9573E-02  3.8620E-01  7.9406E-02  3.6855E-01
  1.4000E+00  2.6115E-02  3.5573E-01  2.6109E-02  3.4177E-01
  1.4500E+00 -3.0368E-02  3.2464E-01 -3.0358E-02  3.1390E-01
  1.5000E+00 -9.0241E-02  2.9290E-01 -8.9997E-02  2.8493E-01
  1.5500E+00 -1.5393E-01  2.6048E-01 -1.5274E-01  2.5482E-01
  1.6000E+00 -2.2196E-01  2.2735E-01 -2.1842E-01  2.2355E-01
  1.6500E+00 -2.9491E-01  1.9348E-01 -2.8678E-01  1.9112E-01
  1.7000E+00 -3.7354E-01  1.5883E-01 -3.5749E-01  1.5752E-01
  1.7500E+00 -4.5871E-01  1.2337E-01 -4.3007E-01  1.2275E-01
  1.8000E+00 -5.5152E-01  8.7058E-02 -5.0401E-01  8.6839E-02
  1.8500E+00 -6.5331E-01  4.9847E-02 -5.7870E-01  4.9806E-02
  1.9000E+00 -7.6577E-01  1.1694E-02 -6.5352E-01  1.1693E-02
  1.9500E+00 -8.9106E-01 -2.7451E-02 -7.2785E-01 -2.7444E-02
  2.0000E+00 -1.0319E+00 -6.7638E-02 -8.0112E-01 -6.7535E-02
  2.0500E+00 -1.1921E+00 -1.0893E-01 -8.7281E-01 -1.0850E-01
  2.1000E+00 -1.3765E+00 -1.5137E-01 -9.4251E-01 -1.5023E-01
  2.1500E+00 -1.5918E+00 -1.9505E-01 -1.0099E+00 -1.9263E-01
  2.2000E+00 -1.8477E+00 -2.4002E-01 -1.0747E+00 -2.3556E-01
  2.2500E+00 -2.1582E+00 -2.8636E-01 -1.1369E+00 -2.7890E-01
  2.3000E+00 -2.5448E+00 -3.3416E-01 -1.1964E+00 -3.2249E-01
  2.3500E+00 -3.0420E+00 -3.8350E-01 -1.2532E+00 -3.6620E-01
  2.4000E+00 -3.7087E+00 -4.3448E-01 -1.3074E+00 -4.0987E-01
  2.4500E+00 -4.6553E+00 -4.8721E-01 -1.3592E+00 -4.5337E-01
  2.5000E+00 -6.1143E+00 -5.4181E-01 -1.4087E+00 -4.9653E-01
  2.5500E+00 -8.6760E+00 -5.9839E-01 -1.4560E+00 -5.3923E-01
  2.6000E+00 -1.4402E+01 -6.5710E-01 -1.5015E+00 -5.8135E-01
  2.6500E+00 -3.9001E+01 -7.1808E-01 -1.5452E+00 -6.2276E-01
  2.7000E+00  6.0558E+01 -7.8152E-01 -1.5873E+00 -6.6337E-01
  2.7500E+00  1.7431E+01 -8.4757E-01 -1.6281E+00 -7.0308E-01
  2.8000E+00  1.0284E+01 -9.1646E-01 -1.6677E+00 -7.4184E-01
  2.8500E+00  7.3301E+00 -9.8840E-01 -1.7064E+00 -7.7956E-01
  2.9000E+00  5.7079E+00 -1.0636E+00 -1.7442E+00 -8.1623E-01
  2.9500E+00  4.6766E+00 -1.1425E+00 -1.7815E+00 -8.5180E-01
  3.0000E+00  3.9588E+00 -1.2252E+00 -1.8182E+00 -8.8625E-01
  3.0500E+00  3.4271E+00 -1.3121E+00 -1.8547E+00 -9.1958E-01
  3.1000E+00  3.0149E+00 -1.4037E+00 -1.8911E+00 -9.5179E-01
  3.1500E+00  2.6839E+00 -1.5003E+00 -1.9275E+00 -9.8290E-01
  3.2000E+00  2.4104E+00 -1.6025E+00 -1.9640E+00 -1.0129E+00
  3.2500E+00  2.1792E+00 -1.7109E+00 -2.0010E+00 -1.0419E+00
  3.3000E+00  1.9799E+00 -1.8260E+00 -2.0385E+00 -1.0698E+00
  3.3500E+00  1.8051E+00 -1.9486E+00 -2.0767E+00 -1.0967E+00
  3.4000E+00  1.6497E+00 -2.0797E+00 -2.1157E+00 -1.1226E+00
  3.4500E+00  1.5097E+00 -2.2200E+00 -2.1558E+00 -1.1476E+00
  3.5000E+00  1.3822E+00 -2.3710E+00 -2.1971E+00 -1.1717E+00
  3.5500E+00  1.2648E+00 -2.5338E+00 -2.2398E+00 -1.1949E+00
  3.6000E+00  1.1558E+00 -2.7101E+00 -2.2841E+00 -1.2173E+00
  3.6500E+00  1.0537E+00 -2.9018E+00 -2.3300E+00 -1.2389E+00
  3.7000E+00  9.5741E-01 -3.1112E+00 -2.3780E+00 -1.2598E+00
  3.7500E+00  8.6592E-01 -3.3411E+00 -2.4279E+00 -1.2800E+00
  3.8000E+00  7.7846E-01 -3.5948E+00 -2.4801E+00 -1.2995E+00
  3.8500E+00  6.9437E-01 -3.8765E+00 -2.5347E+00 -1.3183E+00
  3.9000E+00  6.1308E-01 -4.1915E+00 -2.5916E+00 -1.3366E+00
  3.9500E+00  5.3409E-01 -4.5463E+00 -2.6510E+00 -1.3543E+00
  4.0000E+00  4.5700E-01 -4.9494E+00 -2.7129E+00 -1.3714E+00
  4.0500E+00  3.8143E-01 -5.4118E+00 -2.7772E+00 -1.3881E+00
  4.1000E+00  3.0705E-01 -5.9483E+00 -2.8437E+00 -1.4042E+00
  4.1500E+00  2.3357E-01 -6.5788E+00 -2.9121E+00 -1.4199E+00
  4.2000E+00  1.6071E-01 -7.3314E+00 -2.9822E+00 -1.4352E+00
  4.2500E+00  8.8224E-02 -8.2463E+00 -3.0536E+00 -1.4501E+00
  4.3000E+00  1.5885E-02 -9.3838E+00 -3.1257E+00 -1.4646E+00
  4.3500E+00 -5.6527E-02 -1.0838E+01 -3.1981E+00 -1.4788E+00
  4.4000E+00 -1.2922E-01 -1.2766E+01 -3.2701E+00 -1.4926E+00
  4.4500E+00 -2.0240E-01 -1.5445E+01 -3.3413E+00 -1.5061E+00
  4.5000E+00 -2.7626E-01 -1.9431E+01 -3.4111E+00 -1.5194E+00
  4.5500E+00 -3.5101E-01 -2.5993E+01 -3.4792E+00 -1.5323E+00
  4.6000E+00 -4.2682E-01 -3.8847E+01 -3.5450E+00 -1.5451E+00
  4.6500E+00 -5.0392E-01 -7.5466E+01 -3.6084E+00 -1.5575E+00
  4.7000E+00 -5.8249E-01 -1.0225E+03 -3.6690E+00 -1.5698E+00
  4.7500E+00 -6.6276E-01  9.0109E+01 -3.7269E+00 -1.5819E+00
  4.8000E+00 -7.4495E-01  4.3486E+01 -3.7819E+00 -1.5938E+00
  4.8500E+00 -8.2929E-01  2.8789E+01 -3.8339E+00 -1.6055E+00
  4.9000E+00 -9.1603E-01  2.1583E+01 -3.8832E+00 -1.6171E+00
  4.9500E+00 -1.0054E+00  1.7298E+01 -3.9297E+00 -1.6285E+00
