 -5.0000E+00  1.9433E+00  1.9378E+00  1.0955E+00  1.0944E+00
 -4.9500E+00  1.9299E+00  1.9244E+00  1.0927E+00  1.0916E+00
 -4.9000E+00  1.9164E+00  1.9109E+00  1.0898E+00  1.0887E+00
 -4.8500E+00  1.9028E+00  1.8973E+00  1.0869E+00  1.0857E+00
 -4.8000E+00  1.8890E+00  1.8836E+00  1.0839E+00  1.0827E+00
 -4.7500E+00  1.8752E+00  1.8698E+00  1.0809E+00  1.0797E+00
 -4.7000E+00  1.8612E+00  1.8559E+00  1.0778E+00  1.0766E+00
 -4.6500E+00  1.8472E+00  1.8418E+00  1.0746E+00  1.0734E+00
 -4.6000E+00  1.8330E+00  1.8277E+00  1.0714E+00  1.0701E+00
 -4.5500E+00  1.8187E+00  1.8134E+00  1.0681E+00  1.0668E+00
 -4.5000E+00  1.8043E+00  1.7990E+00  1.0647E+00  1.0635E+00
 -4.4500E+00  1.7897E+00  1.7845E+00  1.0613E+00  1.0600E+00
 -4.4000E+00  1.7751E+00  1.7699E+00  1.0578E+00  1.0565E+00
 -4.3500E+00  1.7603E+00  1.7551E+00  1.0542E+00  1.0529E+00
 -4.3000E+00  1.7453E+00  1.7402E+00  1.0505E+00  1.0492E+00
 -4.2500E+00  1.7303E+00  1.7252E+00  1.0468E+00  1.0455E+00
 -4.2000E+00  1.7151E+00  1.7100E+00  1.0429E+00  1.0416E+00
 -4.1500E+00  1.6997E+00  1.6947E+00  1.0390E+00  1.0377E+00
 -4.1000E+00  1.6842E+00  1.6792E+00  1.0350E+00  1.0337E+00
 -4.0500E+00  1.6685E+00  1.6636E+00  1.0309E+00  1.0296E+00
 -4.0000E+00  1.6527E+00  1.6478E+00  1.0267E+00  1.0253E+00
 -3.9500E+00  1.6367E+00  1.6318E+00  1.0223E+00  1.0210E+00
 -3.9000E+00  1.6206E+00  1.6157E+00  1.0179E+00  1.0166E+00
 -3.8500E+00  1.6043E+00  1.5995E+00  1.0134E+00  1.0120E+00
 -3.8000E+00  1.5878E+00  1.5830E+00  1.0087E+00  1.0074E+00
 -3.7500E+00  1.5711E+00  1.5664E+00  1.0040E+00  1.0026E+00
 -3.7000E+00  1.5542E+00  1.5495E+00  9.9907E-01  9.9770E-01
 -3.6500E+00  1.5372E+00  1.5325E+00  9.9404E-01  9.9266E-01
 -3.6000E+00  1.5199E+00  1.5153E+00  9.8886E-01  9.8747E-01
 -3.5500E+00  1.5024E+00  1.4979E+00  9.8355E-01  9.8215E-01
 -3.5000E+00  1.4848E+00  1.4803E+00  9.7807E-01  9.7667E-01
 -3.4500E+00  1.4669E+00  1.4624E+00  9.7244E-01  9.7103E-01
 -3.4000E+00  1.4487E+00  1.4443E+00  9.6664E-01  9.6522E-01
 -3.3500E+00  1.4304E+00  1.4260E+00  9.6066E-01  9.5923E-01
 -3.3000E+00  1.4118E+00  1.4075E+00  9.5450E-01  9.5306E-01
 -3.2500E+00  1.3929E+00  1.3887E+00  9.4814E-01  9.4670E-01
 -3.2000E+00  1.3738E+00  1.3696E+00  9.4158E-01  9.4013E-01
 -3.1500E+00  1.3544E+00  1.3503E+00  9.3480E-01  9.3334E-01
 -3.1000E+00  1.3347E+00  1.3307E+00  9.2779E-01  9.2633E-01
 -3.0500E+00  1.3147E+00  1.3107E+00  9.2055E-01  9.1907E-01
 -3.0000E+00  1.2945E+00  1.2905E+00  9.1304E-01  9.1157E-01
 -2.9500E+00  1.2739E+00  1.2700E+00  9.0527E-01  9.0379E-01
 -2.9000E+00  1.2530E+00  1.2492E+00  8.9721E-01  8.9573E-01
 -2.8500E+00  1.2317E+00  1.2280E+00  8.8886E-01  8.8736E-01
 -2.8000E+00  1.2101E+00  1.2064E+00  8.8018E-01  8.7868E-01
 -2.7500E+00  1.1881E+00  1.1845E+00  8.7116E-01  8.6965E-01
 -2.7000E+00  1.1657E+00  1.1622E+00  8.6177E-01  8.6027E-01
 -2.6500E+00  1.1430E+00  1.1395E+00  8.5201E-01  8.5050E-01
 -2.6000E+00  1.1197E+00  1.1163E+00  8.4183E-01  8.4032E-01
 -2.5500E+00  1.0961E+00  1.0928E+00  8.3121E-01  8.2970E-01
 -2.5000E+00  1.0720E+00  1.0687E+00  8.2012E-01  8.1861E-01
 -2.4500E+00  1.0474E+00  1.0442E+00  8.0853E-01  8.0702E-01
 -2.4000E+00  1.0223E+00  1.0192E+00  7.9641E-01  7.9490E-01
 -2.3500E+00  9.9661E-01  9.9361E-01  7.8370E-01  7.8219E-01
 -2.3000E+00  9.7039E-01  9.6748E-01  7.7037E-01  7.6887E-01
 -2.2500E+00  9.4358E-01  9.4076E-01  7.5638E-01  7.5488E-01
 -2.2000E+00  9.1614E-01  9.1341E-01  7.4166E-01  7.4017E-01
 -2.1500E+00  8.8804E-01  8.8540E-01  7.2617E-01  7.2469E-01
 -2.1000E+00  8.5924E-01  8.5669E-01  7.0984E-01  7.0837E-01
 -2.0500E+00  8.2971E-01  8.2725E-01  6.9259E-01  6.9114E-01
 -2.0000E+00  7.9939E-01  7.9703E-01  6.7437E-01  6.7293E-01
 -1.9500E+00  7.6824E-01  7.6598E-01  6.5507E-01  6.5365E-01
 -1.9000E+00  7.3620E-01  7.3405E-01  6.3461E-01  6.3321E-01
 -1.8500E+00  7.0323E-01  7.0118E-01  6.1289E-01  6.1152E-01
 -1.8000E+00  6.6927E-01  6.6732E-01  5.8980E-01  5.8845E-01
 -1.7500E+00  6.3423E-01  6.3239E-01  5.6521E-01  5.6390E-01
 -1.7000E+00  5.9806E-01  5.9632E-01  5.3899E-01  5.3771E-01
 -1.6500E+00  5.6066E-01  5.5904E-01  5.1099E-01  5.0976E-01
 -1.6000E+00  5.2196E-01  5.2045E-01  4.8106E-01  4.7987E-01
 -1.5500E+00  4.8186E-01  4.8045E-01  4.4903E-01  4.4789E-01
 -1.5000E+00  4.4023E-01  4.3895E-01  4.1470E-01  4.1362E-01
 -1.4500E+00  3.9698E-01  3.9580E-01  3.7790E-01  3.7688E-01
 -1.4000E+00  3.5195E-01  3.5089E-01  3.3841E-01  3.3747E-01
 -1.3500E+00  3.0501E-01  3.0407E-01  2.9605E-01  2.9518E-01
 -1.3000E+00  2.5599E-01  2.5516E-01  2.5061E-01  2.4983E-01
 -1.2500E+00  2.0469E-01  2.0398E-01  2.0190E-01  2.0121E-01
 -1.2000E+00  1.5092E-01  1.5031E-01  1.4979E-01  1.4919E-01
 -1.1500E+00  9.4426E-02  9.3923E-02  9.4147E-02  9.3649E-02
 -1.1000E+00  3.4943E-02  3.4543E-02  3.4929E-02  3.4529E-02
 -1.0500E+00 -2.7838E-02 -2.8143E-02 -2.7831E-02 -2.8135E-02
 -1.0000E+00 -9.4271E-02 -9.4487E-02 -9.3993E-02 -9.4207E-02
 -9.5000E-01 -1.6476E-01 -1.6490E-01 -1.6329E-01 -1.6343E-01
 -9.0000E-01 -2.3978E-01 -2.3985E-01 -2.3534E-01 -2.3541E-01
 -8.5000E-01 -3.1987E-01 -3.1990E-01 -3.0959E-01 -3.0961E-01
 -8.0000E-01 -4.0569E-01 -4.0569E-01 -3.8540E-01 -3.8540E-01
 -7.5000E-01 -4.9797E-01 -4.9798E-01 -4.6202E-01 -4.6203E-01
 -7.0000E-01 -5.9762E-01 -5.9766E-01 -5.3867E-01 -5.3870E-01
 -6.5000E-01 -7.0571E-01 -7.0584E-01 -6.1455E-01 -6.1463E-01
 -6.0000E-01 -8.2353E-01 -8.2380E-01 -6.8892E-01 -6.8908E-01
 -5.5000E-01 -9.5265E-01 -9.5313E-01 -7.6115E-01 -7.6141E-01
 -5.0000E-01 -1.0950E+00 -1.0958E+00 -8.3071E-01 -8.3108E-01
 -4.5000E-01 -1.2530E+00 -1.2542E+00 -8.9722E-01 -8.9770E-01
 -4.0000E-01 -1.4296E+00 -1.4315E+00 -9.6042E-01 -9.6103E-01
 -3.5000E-01 -1.6288E+00 -1.6315E+00 -1.0202E+00 -1.0209E+00
 -3.0000E-01 -1.8555E+00 -1.8594E+00 -1.0765E+00 -1.0774E+00
 -2.5000E-01 -2.1163E+00 -2.1218E+00 -1.1294E+00 -1.1304E+00
 -2.0000E-01 -2.4203E+00 -2.4280E+00 -1.1790E+00 -1.1801E+00
 -1.5000E-01 -2.7798E+00 -2.7906E+00 -1.2255E+00 -1.2267E+00
 -1.0000E-01 -3.2124E+00 -3.2276E+00 -1.2690E+00 -1.2703E+00
 -5.0000E-02 -3.7441E+00 -3.7659E+00 -1.3098E+00 -1.3112E+00
  0.0000E+00 -4.4150E+00 -4.4467E+00 -1.3481E+00 -1.3496E+00
  5.0000E-02 -5.2900E+00 -5.3376E+00 -1.3840E+00 -1.3856E+00
  1.0000E-01 -6.4820E+00 -6.5564E+00 -1.4177E+00 -1.4194E+00
  1.5000E-01 -8.2059E+00 -8.3297E+00 -1.4495E+00 -1.4513E+00
  2.0000E-01 -1.0928E+01 -1.1156E+01 -1.4795E+00 -1.4814E+00
  2.5000E-01 -1.5884E+01 -1.6385E+01 -1.5079E+00 -1.5098E+00
  3.0000E-01 -2.7784E+01 -2.9403E+01 -1.5348E+00 -1.5368E+00
  3.5000E-01 -9.5914E+01 -1.1915E+02 -1.5604E+00 -1.5624E+00
  4.0000E-01  7.1922E+01  6.2549E+01 -1.5847E+00 -1.5868E+00
  4.5000E-01  2.6924E+01  2.5463E+01 -1.6079E+00 -1.6100E+00
  5.0000E-01  1.6832E+01  1.6237E+01 -1.6301E+00 -1.6323E+00
  5.5000E-01  1.2372E+01  1.2041E+01 -1.6514E+00 -1.6537E+00
  6.0000E-01  9.8537E+00  9.6386E+00 -1.6719E+00 -1.6742E+00
  6.5000E-01  8.2320E+00  8.0786E+00 -1.6917E+00 -1.6940E+00
  7.0000E-01  7.0980E+00  6.9818E+00 -1.7108E+00 -1.7131E+00
  7.5000E-01  6.2586E+00  6.1666E+00 -1.7292E+00 -1.7316E+00
  8.0000E-01  5.6106E+00  5.5355E+00 -1.7472E+00 -1.7495E+00
  8.5000E-01  5.0941E+00  5.0313E+00 -1.7646E+00 -1.7670E+00
  9.0000E-01  4.6718E+00  4.6182E+00 -1.7817E+00 -1.7840E+00
  9.5000E-01  4.3192E+00  4.2728E+00 -1.7983E+00 -1.8007E+00
  1.0000E+00  4.0196E+00  3.9789E+00 -1.8146E+00 -1.8170E+00
  1.0500E+00  3.7612E+00  3.7252E+00 -1.8307E+00 -1.8331E+00
  1.1000E+00  3.5357E+00  3.5035E+00 -1.8464E+00 -1.8488E+00
  1.1500E+00  3.3365E+00  3.3076E+00 -1.8620E+00 -1.8644E+00
  1.2000E+00  3.1589E+00  3.1329E+00 -1.8774E+00 -1.8798E+00
  1.2500E+00  2.9993E+00  2.9756E+00 -1.8926E+00 -1.8950E+00
  1.3000E+00  2.8545E+00  2.8330E+00 -1.9078E+00 -1.9101E+00
  1.3500E+00  2.7225E+00  2.7027E+00 -1.9228E+00 -1.9252E+00
  1.4000E+00  2.6011E+00  2.5831E+00 -1.9378E+00 -1.9402E+00
  1.4500E+00  2.4891E+00  2.4725E+00 -1.9528E+00 -1.9551E+00
  1.5000E+00  2.3850E+00  2.3697E+00 -1.9678E+00 -1.9701E+00
  1.5500E+00  2.2879E+00  2.2738E+00 -1.9829E+00 -1.9851E+00
  1.6000E+00  2.1968E+00  2.1839E+00 -1.9980E+00 -2.0002E+00
  1.6500E+00  2.1111E+00  2.0992E+00 -2.0132E+00 -2.0154E+00
  1.7000E+00  2.0300E+00  2.0191E+00 -2.0285E+00 -2.0307E+00
  1.7500E+00  1.9532E+00  1.9431E+00 -2.0440E+00 -2.0461E+00
  1.8000E+00  1.8800E+00  1.8707E+00 -2.0597E+00 -2.0617E+00
  1.8500E+00  1.8101E+00  1.8016E+00 -2.0755E+00 -2.0775E+00
  1.9000E+00  1.7432E+00  1.7354E+00 -2.0916E+00 -2.0936E+00
  1.9500E+00  1.6789E+00  1.6718E+00 -2.1080E+00 -2.1099E+00
  2.0000E+00  1.6170E+00  1.6105E+00 -2.1247E+00 -2.1264E+00
  2.0500E+00  1.5573E+00  1.5514E+00 -2.1416E+00 -2.1434E+00
  2.1000E+00  1.4994E+00  1.4941E+00 -2.1590E+00 -2.1606E+00
  2.1500E+00  1.4433E+00  1.4385E+00 -2.1767E+00 -2.1783E+00
  2.2000E+00  1.3888E+00  1.3845E+00 -2.1949E+00 -2.1963E+00
  2.2500E+00  1.3357E+00  1.3319E+00 -2.2135E+00 -2.2148E+00
  2.3000E+00  1.2838E+00  1.2805E+00 -2.2325E+00 -2.2338E+00
  2.3500E+00  1.2332E+00  1.2302E+00 -2.2522E+00 -2.2533E+00
  2.4000E+00  1.1835E+00  1.1810E+00 -2.2723E+00 -2.2734E+00
  2.4500E+00  1.1349E+00  1.1327E+00 -2.2931E+00 -2.2941E+00
  2.5000E+00  1.0870E+00  1.0852E+00 -2.3145E+00 -2.3154E+00
  2.5500E+00  1.0400E+00  1.0385E+00 -2.3366E+00 -2.3373E+00
  2.6000E+00  9.9358E-01  9.9237E-01 -2.3594E+00 -2.3600E+00
  2.6500E+00  9.4781E-01  9.4686E-01 -2.3830E+00 -2.3835E+00
  2.7000E+00  9.0258E-01  9.0187E-01 -2.4074E+00 -2.4077E+00
  2.7500E+00  8.5783E-01  8.5733E-01 -2.4326E+00 -2.4329E+00
  2.8000E+00  8.1351E-01  8.1317E-01 -2.4587E+00 -2.4589E+00
  2.8500E+00  7.6955E-01  7.6935E-01 -2.4857E+00 -2.4858E+00
  2.9000E+00  7.2591E-01  7.2582E-01 -2.5137E+00 -2.5138E+00
  2.9500E+00  6.8253E-01  6.8250E-01 -2.5427E+00 -2.5427E+00
  3.0000E+00  6.3937E-01  6.3937E-01 -2.5727E+00 -2.5727E+00
  3.0500E+00  5.9639E-01  5.9637E-01 -2.6038E+00 -2.6038E+00
  3.1000E+00  5.5354E-01  5.5346E-01 -2.6360E+00 -2.6361E+00
  3.1500E+00  5.1079E-01  5.1059E-01 -2.6694E+00 -2.6695E+00
  3.2000E+00  4.6809E-01  4.6772E-01 -2.7038E+00 -2.7041E+00
  3.2500E+00  4.2541E-01  4.2480E-01 -2.7394E+00 -2.7399E+00
  3.3000E+00  3.8271E-01  3.8181E-01 -2.7761E+00 -2.7769E+00
  3.3500E+00  3.3995E-01  3.3868E-01 -2.8139E+00 -2.8150E+00
  3.4000E+00  2.9711E-01  2.9540E-01 -2.8528E+00 -2.8544E+00
  3.4500E+00  2.5415E-01  2.5190E-01 -2.8927E+00 -2.8948E+00
  3.5000E+00  2.1103E-01  2.0817E-01 -2.9336E+00 -2.9364E+00
  3.5500E+00  1.6772E-01  1.6414E-01 -2.9754E+00 -2.9789E+00
  3.6000E+00  1.2420E-01  1.1978E-01 -3.0180E+00 -3.0224E+00
  3.6500E+00  8.0420E-02  7.5058E-02 -3.0613E+00 -3.0667E+00
  3.7000E+00  3.6359E-02  2.9917E-02 -3.1052E+00 -3.1117E+00
  3.7500E+00 -8.0164E-03 -1.5683E-02 -3.1496E+00 -3.1573E+00
  3.8000E+00 -5.2740E-02 -6.1789E-02 -3.1943E+00 -3.2033E+00
  3.8500E+00 -9.7843E-02 -1.0845E-01 -3.2391E+00 -3.2496E+00
  3.9000E+00 -1.4336E-01 -1.5571E-01 -3.2840E+00 -3.2961E+00
  3.9500E+00 -1.8932E-01 -2.0363E-01 -3.3287E+00 -3.3425E+00
  4.0000E+00 -2.3576E-01 -2.5226E-01 -3.3731E+00 -3.3887E+00
  4.0500E+00 -2.8272E-01 -3.0166E-01 -3.4171E+00 -3.4346E+00
  4.1000E+00 -3.3022E-01 -3.5189E-01 -3.4605E+00 -3.4799E+00
  4.1500E+00 -3.7831E-01 -4.0301E-01 -3.5033E+00 -3.5247E+00
  4.2000E+00 -4.2702E-01 -4.5510E-01 -3.5452E+00 -3.5687E+00
  4.2500E+00 -4.7639E-01 -5.0823E-01 -3.5862E+00 -3.6118E+00
  4.3000E+00 -5.2646E-01 -5.6248E-01 -3.6262E+00 -3.6540E+00
  4.3500E+00 -5.7727E-01 -6.1794E-01 -3.6651E+00 -3.6951E+00
  4.4000E+00 -6.2887E-01 -6.7470E-01 -3.7030E+00 -3.7351E+00
  4.4500E+00 -6.8129E-01 -7.3287E-01 -3.7396E+00 -3.7740E+00
  4.5000E+00 -7.3458E-01 -7.9256E-01 -3.7752E+00 -3.8118E+00
  4.5500E+00 -7.8880E-01 -8.5389E-01 -3.8095E+00 -3.8483E+00
  4.6000E+00 -8.4398E-01 -9.1699E-01 -3.8426E+00 -3.8837E+00
  4.6500E+00 -9.0019E-01 -9.8202E-01 -3.8745E+00 -3.9179E+00
  4.7000E+00 -9.5747E-01 -1.0491E+00 -3.9053E+00 -3.9510E+00
  4.7500E+00 -1.0159E+00 -1.1185E+00 -3.9349E+00 -3.9829E+00
  4.8000E+00 -1.0755E+00 -1.1904E+00 -3.9634E+00 -4.0137E+00
  4.8500E+00 -1.1364E+00 -1.2650E+00 -3.9907E+00 -4.0435E+00
  4.9000E+00 -1.1986E+00 -1.3426E+00 -4.0171E+00 -4.0722E+00
  4.9500E+00 -1.2622E+00 -1.4234E+00 -4.0424E+00 -4.1000E+00
