   0.0000000E+00   0.0000000E+00  -1.0000000E+02
   8.8911955E-07  -3.0322903E-06  -9.9999694E+01
   1.7841772E-06  -6.0848322E-06  -9.9999374E+01
   2.6852126E-06  -9.1577609E-06  -9.9999049E+01
   3.5922658E-06  -1.2251213E-05  -9.9998722E+01
   4.5053768E-06  -1.5365324E-05  -9.9998396E+01
   5.4245861E-06  -1.8500234E-05  -9.9998071E+01
   6.3499346E-06  -2.1656081E-05  -9.9997749E+01
   7.2814630E-06  -2.4833005E-05  -9.9997432E+01
   8.2192129E-06  -2.8031146E-05  -9.9997120E+01
   9.1632256E-06  -3.1250646E-05  -9.9996815E+01
   1.0113543E-05  -3.4491648E-05  -9.9996517E+01
   1.1070207E-05  -3.7754296E-05  -9.9996229E+01
   1.2033261E-05  -4.1038734E-05  -9.9995951E+01
   1.3002746E-05  -4.4345107E-05  -9.9995683E+01
   1.3978707E-05  -4.7673562E-05  -9.9995428E+01
   1.4961185E-05  -5.1024247E-05  -9.9995186E+01
   1.5950225E-05  -5.4397310E-05  -9.9994958E+01
   1.6945870E-05  -5.7792901E-05  -9.9994744E+01
   1.7948165E-05  -6.1211169E-05  -9.9994547E+01
   1.8957154E-05  -6.4652267E-05  -9.9994366E+01
   1.9972882E-05  -6.8116347E-05  -9.9994203E+01
   2.0995393E-05  -7.1603562E-05  -9.9994058E+01
   2.2024733E-05  -7.5114067E-05  -9.9993932E+01
   2.3060948E-05  -7.8648017E-05  -9.9993826E+01
   2.4104084E-05  -8.2205569E-05  -9.9993740E+01
   2.5154186E-05  -8.5786881E-05  -9.9993676E+01
   2.6211301E-05  -8.9392112E-05  -9.9993633E+01
   2.7275476E-05  -9.3021420E-05  -9.9993613E+01
   2.8346759E-05  -9.6674967E-05  -9.9993616E+01
   2.9425197E-05  -1.0035291E-04  -9.9993641E+01
   3.0510836E-05  -1.0405543E-04  -9.9993691E+01
   3.1603727E-05  -1.0778267E-04  -9.9993764E+01
   3.2703917E-05  -1.1153480E-04  -9.9993862E+01
   3.3811454E-05  -1.1531199E-04  -9.9993984E+01
   3.4926388E-05  -1.1911441E-04  -9.9994132E+01
   3.6048768E-05  -1.2294222E-04  -9.9994304E+01
   3.7178645E-05  -1.2679560E-04  -9.9994501E+01
   3.8316067E-05  -1.3067471E-04  -9.9994723E+01
   3.9461086E-05  -1.3457973E-04  -9.9994970E+01
   4.0613752E-05  -1.3851083E-04  -9.9995242E+01
   4.1774116E-05  -1.4246818E-04  -9.9995538E+01
   4.2942230E-05  -1.4645197E-04  -9.9995859E+01
   4.4118146E-05  -1.5046236E-04  -9.9996204E+01
   4.5301915E-05  -1.5449953E-04  -9.9996574E+01
   4.6493589E-05  -1.5856367E-04  -9.9996966E+01
   4.7693223E-05  -1.6265495E-04  -9.9997382E+01
   4.8900869E-05  -1.6677356E-04  -9.9997820E+01
   5.0116580E-05  -1.7091967E-04  -9.9998280E+01
   5.1340410E-05  -1.7509347E-04  -9.9998761E+01
   5.2572414E-05  -1.7929515E-04  -9.9999263E+01
   5.3812646E-05  -1.8352489E-04  -9.9999785E+01
   5.5061161E-05  -1.8778287E-04  -1.0000033E+02
   5.6318014E-05  -1.9206930E-04  -1.0000089E+02
   5.7583261E-05  -1.9638435E-04  -1.0000146E+02
   5.8856959E-05  -2.0072822E-04  -1.0000206E+02
   6.0139163E-05  -2.0510110E-04  -1.0000266E+02
   6.1429931E-05  -2.0950319E-04  -1.0000329E+02
   6.2729319E-05  -2.1393468E-04  -1.0000393E+02
   6.4037385E-05  -2.1839576E-04  -1.0000458E+02
   6.5354187E-05  -2.2288664E-04  -1.0000524E+02
   6.6679784E-05  -2.2740751E-04  -1.0000591E+02
   6.8014234E-05  -2.3195857E-04  -1.0000659E+02
   6.9357596E-05  -2.3654003E-04  -1.0000728E+02
   7.0709930E-05  -2.4115209E-04  -1.0000797E+02
   7.2071296E-05  -2.4579495E-04  -1.0000867E+02
   7.3441754E-05  -2.5046881E-04  -1.0000938E+02
   7.4821365E-05  -2.5517390E-04  -1.0001009E+02
   7.6210190E-05  -2.5991040E-04  -1.0001080E+02
   7.7608290E-05  -2.6467854E-04  -1.0001151E+02
   7.9015728E-05  -2.6947852E-04  -1.0001222E+02
   8.0432565E-05  -2.7431057E-04  -1.0001293E+02
   8.1858865E-05  -2.7917488E-04  -1.0001363E+02
   8.3294690E-05  -2.8407168E-04  -1.0001433E+02
   8.4740105E-05  -2.8900118E-04  -1.0001503E+02
   8.6195174E-05  -2.9396361E-04  -1.0001572E+02
   8.7659960E-05  -2.9895918E-04  -1.0001640E+02
   8.9134529E-05  -3.0398811E-04  -1.0001707E+02
   9.0618946E-05  -3.0905063E-04  -1.0001773E+02
   9.2113278E-05  -3.1414695E-04  -1.0001837E+02
   9.3617589E-05  -3.1927732E-04  -1.0001901E+02
   9.5131947E-05  -3.2444195E-04  -1.0001963E+02
   9.6656419E-05  -3.2964107E-04  -1.0002024E+02
   9.8191072E-05  -3.3487492E-04  -1.0002083E+02
   9.9735974E-05  -3.4014372E-04  -1.0002140E+02
   1.0129119E-04  -3.4544770E-04  -1.0002195E+02
   1.0285680E-04  -3.5078712E-04  -1.0002249E+02
   1.0443287E-04  -3.5616219E-04  -1.0002300E+02
   1.0601945E-04  -3.6157316E-04  -1.0002349E+02
   1.0761664E-04  -3.6702027E-04  -1.0002396E+02
   1.0922449E-04  -3.7250375E-04  -1.0002441E+02
   1.1084308E-04  -3.7802386E-04  -1.0002483E+02
   1.1247248E-04  -3.8358084E-04  -1.0002523E+02
   1.1411277E-04  -3.8917493E-04  -1.0002560E+02
   1.1576401E-04  -3.9480638E-04  -1.0002595E+02
   1.1742627E-04  -4.0047544E-04  -1.0002627E+02
   1.1909964E-04  -4.0618236E-04  -1.0002656E+02
   1.2078418E-04  -4.1192740E-04  -1.0002682E+02
   1.2247998E-04  -4.1771081E-04  -1.0002706E+02
   1.2418710E-04  -4.2353284E-04  -1.0002726E+02
   1.2590562E-04  -4.2939375E-04  -1.0002744E+02
   1.2763562E-04  -4.3529381E-04  -1.0002758E+02
   1.2937717E-04  -4.4123327E-04  -1.0002769E+02
   1.3113035E-04  -4.4721240E-04  -1.0002778E+02
   1.3289524E-04  -4.5323147E-04  -1.0002783E+02
   1.3467192E-04  -4.5929073E-04  -1.0002785E+02
   1.3646047E-04  -4.6539046E-04  -1.0002784E+02
   1.3826096E-04  -4.7153092E-04  -1.0002779E+02
   1.4007347E-04  -4.7771240E-04  -1.0002771E+02
   1.4189809E-04  -4.8393516E-04  -1.0002760E+02
   1.4373490E-04  -4.9019948E-04  -1.0002746E+02
   1.4558397E-04  -4.9650564E-04  -1.0002729E+02
   1.4744540E-04  -5.0285391E-04  -1.0002708E+02
   1.4931925E-04  -5.0924458E-04  -1.0002684E+02
   1.5120562E-04  -5.1567794E-04  -1.0002656E+02
   1.5310459E-04  -5.2215425E-04  -1.0002625E+02
   1.5501624E-04  -5.2867383E-04  -1.0002591E+02
   1.5694066E-04  -5.3523694E-04  -1.0002554E+02
   1.5887793E-04  -5.4184389E-04  -1.0002513E+02
   1.6082813E-04  -5.4849496E-04  -1.0002469E+02
   1.6279137E-04  -5.5519045E-04  -1.0002422E+02
   1.6476771E-04  -5.6193066E-04  -1.0002372E+02
   1.6675726E-04  -5.6871588E-04  -1.0002318E+02
   1.6876009E-04  -5.7554642E-04  -1.0002262E+02
   1.7077630E-04  -5.8242258E-04  -1.0002202E+02
   1.7280597E-04  -5.8934466E-04  -1.0002138E+02
   1.7484920E-04  -5.9631298E-04  -1.0002072E+02
   1.7690607E-04  -6.0332783E-04  -1.0002003E+02
   1.7897668E-04  -6.1038953E-04  -1.0001930E+02
   1.8106113E-04  -6.1749839E-04  -1.0001855E+02
   1.8315949E-04  -6.2465474E-04  -1.0001776E+02
   1.8527186E-04  -6.3185887E-04  -1.0001695E+02
   1.8739835E-04  -6.3911112E-04  -1.0001611E+02
   1.8953903E-04  -6.4641181E-04  -1.0001523E+02
   1.9169402E-04  -6.5376125E-04  -1.0001433E+02
   1.9386339E-04  -6.6115978E-04  -1.0001340E+02
   1.9604726E-04  -6.6860772E-04  -1.0001244E+02
   1.9824571E-04  -6.7610540E-04  -1.0001146E+02
   2.0045884E-04  -6.8365316E-04  -1.0001045E+02
   2.0268675E-04  -6.9125132E-04  -1.0000941E+02
   2.0492954E-04  -6.9890023E-04  -1.0000834E+02
   2.0718731E-04  -7.0660023E-04  -1.0000725E+02
   2.0946016E-04  -7.1435165E-04  -1.0000613E+02
   2.1174819E-04  -7.2215484E-04  -1.0000499E+02
   2.1405150E-04  -7.3001014E-04  -1.0000382E+02
   2.1637019E-04  -7.3791791E-04  -1.0000263E+02
   2.1870437E-04  -7.4587849E-04  -1.0000142E+02
   2.2105414E-04  -7.5389223E-04  -1.0000018E+02
   2.2341960E-04  -7.6195950E-04  -9.9998914E+01
   2.2580086E-04  -7.7008065E-04  -9.9997629E+01
   2.2819802E-04  -7.7825603E-04  -9.9996321E+01
   2.3061120E-04  -7.8648601E-04  -9.9994991E+01
   2.3304049E-04  -7.9477096E-04  -9.9993640E+01
   2.3548600E-04  -8.0311124E-04  -9.9992267E+01
   2.3794785E-04  -8.1150723E-04  -9.9990873E+01
   2.4042613E-04  -8.1995928E-04  -9.9989458E+01
   2.4292097E-04  -8.2846779E-04  -9.9988024E+01
   2.4543248E-04  -8.3703312E-04  -9.9986569E+01
   2.4796075E-04  -8.4565565E-04  -9.9985096E+01
   2.5050591E-04  -8.5433578E-04  -9.9983603E+01
   2.5306807E-04  -8.6307387E-04  -9.9982091E+01
   2.5564734E-04  -8.7187032E-04  -9.9980560E+01
   2.5824384E-04  -8.8072552E-04  -9.9979012E+01
   2.6085768E-04  -8.8963986E-04  -9.9977446E+01
   2.6348897E-04  -8.9861374E-04  -9.9975862E+01
   2.6613784E-04  -9.0764755E-04  -9.9974261E+01
   2.6880440E-04  -9.1674169E-04  -9.9972643E+01
   2.7148877E-04  -9.2589657E-04  -9.9971009E+01
   2.7419106E-04  -9.3511260E-04  -9.9969358E+01
   2.7691141E-04  -9.4439017E-04  -9.9967692E+01
   2.7964992E-04  -9.5372970E-04  -9.9966009E+01
   2.8240672E-04  -9.6313161E-04  -9.9964311E+01
   2.8518193E-04  -9.7259631E-04  -9.9962598E+01
   2.8797568E-04  -9.8212423E-04  -9.9960870E+01
   2.9078809E-04  -9.9171577E-04  -9.9959127E+01
   2.9361927E-04  -1.0013714E-03  -9.9957369E+01
   2.9646937E-04  -1.0110915E-03  -9.9955597E+01
   2.9933850E-04  -1.0208765E-03  -9.9953811E+01
   3.0222680E-04  -1.0307268E-03  -9.9952011E+01
   3.0513438E-04  -1.0406430E-03  -9.9950198E+01
   3.0806139E-04  -1.0506254E-03  -9.9948371E+01
   3.1100794E-04  -1.0606744E-03  -9.9946530E+01
   3.1397417E-04  -1.0707906E-03  -9.9944677E+01
   3.1696021E-04  -1.0809743E-03  -9.9942810E+01
   3.1996619E-04  -1.0912260E-03  -9.9940931E+01
   3.2299225E-04  -1.1015462E-03  -9.9939039E+01
   3.2603852E-04  -1.1119353E-03  -9.9937134E+01
   3.2910514E-04  -1.1223938E-03  -9.9935218E+01
   3.3219223E-04  -1.1329222E-03  -9.9933289E+01
   3.3529994E-04  -1.1435209E-03  -9.9931347E+01
   3.3842841E-04  -1.1541903E-03  -9.9929394E+01
   3.4157777E-04  -1.1649310E-03  -9.9927429E+01
   3.4474817E-04  -1.1757435E-03  -9.9925453E+01
   3.4793974E-04  -1.1866281E-03  -9.9923464E+01
   3.5115262E-04  -1.1975855E-03  -9.9921464E+01
   3.5438696E-04  -1.2086160E-03  -9.9919453E+01
   3.5764291E-04  -1.2197202E-03  -9.9917430E+01
   3.6092060E-04  -1.2308986E-03  -9.9915396E+01
   3.6422018E-04  -1.2421516E-03  -9.9913350E+01
   3.6754179E-04  -1.2534798E-03  -9.9911294E+01
   3.7088559E-04  -1.2648836E-03  -9.9909226E+01
   3.7425172E-04  -1.2763636E-03  -9.9907147E+01
   3.7764034E-04  -1.2879203E-03  -9.9905057E+01
   3.8105158E-04  -1.2995541E-03  -9.9902956E+01
   3.8448561E-04  -1.3112657E-03  -9.9900844E+01
   3.8794257E-04  -1.3230555E-03  -9.9898722E+01
   3.9142262E-04  -1.3349240E-03  -9.9896588E+01
   3.9492591E-04  -1.3468717E-03  -9.9894443E+01
   3.9845260E-04  -1.3588993E-03  -9.9892288E+01
   4.0200284E-04  -1.3710072E-03  -9.9890122E+01
   4.0557679E-04  -1.3831959E-03  -9.9887945E+01
   4.0917462E-04  -1.3954661E-03  -9.9885757E+01
   4.1279647E-04  -1.4078182E-03  -9.9883558E+01
   4.1644251E-04  -1.4202528E-03  -9.9881348E+01
   4.2011290E-04  -1.4327705E-03  -9.9879128E+01
   4.2380780E-04  -1.4453717E-03  -9.9876897E+01
   4.2752738E-04  -1.4580571E-03  -9.9874654E+01
   4.3127180E-04  -1.4708273E-03  -9.9872401E+01
   4.3504123E-04  -1.4836827E-03  -9.9870137E+01
   4.3883584E-04  -1.4966240E-03  -9.9867862E+01
   4.4265578E-04  -1.5096517E-03  -9.9865576E+01
   4.4650124E-04  -1.5227664E-03  -9.9863279E+01
   4.5037238E-04  -1.5359687E-03  -9.9860971E+01
   4.5426938E-04  -1.5492591E-03  -9.9858651E+01
   4.5819240E-04  -1.5626384E-03  -9.9856321E+01
   4.6214162E-04  -1.5761070E-03  -9.9853979E+01
   4.6611722E-04  -1.5896655E-03  -9.9851626E+01
   4.7011937E-04  -1.6033146E-03  -9.9849262E+01
   4.7414825E-04  -1.6170549E-03  -9.9846886E+01
   4.7820404E-04  -1.6308869E-03  -9.9844499E+01
   4.8228691E-04  -1.6448113E-03  -9.9842100E+01
   4.8639705E-04  -1.6588287E-03  -9.9839690E+01
   4.9053464E-04  -1.6729397E-03  -9.9837268E+01
   4.9469987E-04  -1.6871450E-03  -9.9834834E+01
   4.9889291E-04  -1.7014451E-03  -9.9832389E+01
   5.0311396E-04  -1.7158407E-03  -9.9829931E+01
   5.0736320E-04  -1.7303325E-03  -9.9827462E+01
   5.1164081E-04  -1.7449211E-03  -9.9824981E+01
   5.1594700E-04  -1.7596070E-03  -9.9822487E+01
   5.2028194E-04  -1.7743911E-03  -9.9819982E+01
   5.2464584E-04  -1.7892739E-03  -9.9817464E+01
   5.2903888E-04  -1.8042561E-03  -9.9814933E+01
   5.3346126E-04  -1.8193384E-03  -9.9812390E+01
   5.3791318E-04  -1.8345214E-03  -9.9809835E+01
   5.4239483E-04  -1.8498058E-03  -9.9807267E+01
   5.4690641E-04  -1.8651923E-03  -9.9804686E+01
   5.5144812E-04  -1.8806815E-03  -9.9802092E+01
   5.5602017E-04  -1.8962742E-03  -9.9799486E+01
   5.6062275E-04  -1.9119711E-03  -9.9796866E+01
   5.6525606E-04  -1.9277727E-03  -9.9794233E+01
   5.6992033E-04  -1.9436799E-03  -9.9791586E+01
   5.7461574E-04  -1.9596933E-03  -9.9788927E+01
   5.7934251E-04  -1.9758137E-03  -9.9786254E+01
   5.8410085E-04  -1.9920418E-03  -9.9783567E+01
   5.8889098E-04  -2.0083782E-03  -9.9780866E+01
   5.9371309E-04  -2.0248237E-03  -9.9778152E+01
   5.9856740E-04  -2.0413791E-03  -9.9775423E+01
   6.0345414E-04  -2.0580450E-03  -9.9772681E+01
   6.0837352E-04  -2.0748222E-03  -9.9769924E+01
   6.1332574E-04  -2.0917115E-03  -9.9767153E+01
   6.1831105E-04  -2.1087136E-03  -9.9764368E+01
   6.2332965E-04  -2.1258292E-03  -9.9761568E+01
   6.2838176E-04  -2.1430592E-03  -9.9758753E+01
   6.3346762E-04  -2.1604042E-03  -9.9755924E+01
   6.3858744E-04  -2.1778651E-03  -9.9753079E+01
   6.4374146E-04  -2.1954425E-03  -9.9750220E+01
   6.4892990E-04  -2.2131374E-03  -9.9747345E+01
   6.5415299E-04  -2.2309504E-03  -9.9744455E+01
   6.5941096E-04  -2.2488824E-03  -9.9741549E+01
   6.6470405E-04  -2.2669342E-03  -9.9738628E+01
   6.7003249E-04  -2.2851065E-03  -9.9735691E+01
   6.7539652E-04  -2.3034002E-03  -9.9732738E+01
   6.8079637E-04  -2.3218161E-03  -9.9729770E+01
   6.8623228E-04  -2.3403550E-03  -9.9726785E+01
   6.9170450E-04  -2.3590177E-03  -9.9723783E+01
   6.9721327E-04  -2.3778050E-03  -9.9720766E+01
   7.0275883E-04  -2.3967178E-03  -9.9717731E+01
   7.0834142E-04  -2.4157569E-03  -9.9714681E+01
   7.1396130E-04  -2.4349232E-03  -9.9711613E+01
   7.1961871E-04  -2.4542174E-03  -9.9708528E+01
   7.2531391E-04  -2.4736405E-03  -9.9705426E+01
   7.3104714E-04  -2.4931934E-03  -9.9702307E+01
   7.3681866E-04  -2.5128768E-03  -9.9699170E+01
   7.4262873E-04  -2.5326917E-03  -9.9696016E+01
   7.4847760E-04  -2.5526390E-03  -9.9692844E+01
   7.5436553E-04  -2.5727194E-03  -9.9689654E+01
   7.6029279E-04  -2.5929340E-03  -9.9686446E+01
   7.6625964E-04  -2.6132835E-03  -9.9683220E+01
   7.7226633E-04  -2.6337690E-03  -9.9679976E+01
   7.7831314E-04  -2.6543913E-03  -9.9676713E+01
   7.8440033E-04  -2.6751513E-03  -9.9673431E+01
   7.9052818E-04  -2.6960500E-03  -9.9670131E+01
   7.9669696E-04  -2.7170882E-03  -9.9666812E+01
   8.0290693E-04  -2.7382670E-03  -9.9663473E+01
   8.0915838E-04  -2.7595872E-03  -9.9660116E+01
   8.1545158E-04  -2.7810497E-03  -9.9656739E+01
   8.2178681E-04  -2.8026557E-03  -9.9653342E+01
   8.2816435E-04  -2.8244059E-03  -9.9649925E+01
   8.3458448E-04  -2.8463014E-03  -9.9646489E+01
   8.4104749E-04  -2.8683431E-03  -9.9643032E+01
   8.4755367E-04  -2.8905320E-03  -9.9639556E+01
   8.5410329E-04  -2.9128691E-03  -9.9636059E+01
   8.6069666E-04  -2.9353554E-03  -9.9632541E+01
   8.6733407E-04  -2.9579919E-03  -9.9629002E+01
   8.7401580E-04  -2.9807795E-03  -9.9625443E+01
   8.8074216E-04  -3.0037194E-03  -9.9621862E+01
   8.8751344E-04  -3.0268124E-03  -9.9618261E+01
   8.9432995E-04  -3.0500597E-03  -9.9614638E+01
   9.0119198E-04  -3.0734623E-03  -9.9610993E+01
   9.0809984E-04  -3.0970211E-03  -9.9607326E+01
   9.1505383E-04  -3.1207373E-03  -9.9603638E+01
   9.2205427E-04  -3.1446119E-03  -9.9599927E+01
   9.2910146E-04  -3.1686459E-03  -9.9596194E+01
   9.3619571E-04  -3.1928404E-03  -9.9592439E+01
   9.4333735E-04  -3.2171965E-03  -9.9588661E+01
   9.5052668E-04  -3.2417153E-03  -9.9584860E+01
   9.5776403E-04  -3.2663979E-03  -9.9581036E+01
   9.6504971E-04  -3.2912453E-03  -9.9577189E+01
   9.7238405E-04  -3.3162586E-03  -9.9573319E+01
   9.7976738E-04  -3.3414390E-03  -9.9569425E+01
   9.8720001E-04  -3.3667875E-03  -9.9565507E+01
   9.9468229E-04  -3.3923054E-03  -9.9561565E+01
   1.0022145E-03  -3.4179937E-03  -9.9557599E+01
   1.0097971E-03  -3.4438535E-03  -9.9553609E+01
   1.0174303E-03  -3.4698861E-03  -9.9549595E+01
   1.0251145E-03  -3.4960925E-03  -9.9545555E+01
   1.0328499E-03  -3.5224739E-03  -9.9541491E+01
   1.0406371E-03  -3.5490315E-03  -9.9537402E+01
   1.0484763E-03  -3.5757665E-03  -9.9533288E+01
   1.0563678E-03  -3.6026801E-03  -9.9529148E+01
   1.0643120E-03  -3.6297734E-03  -9.9524982E+01
   1.0723093E-03  -3.6570476E-03  -9.9520791E+01
   1.0803600E-03  -3.6845040E-03  -9.9516573E+01
   1.0884644E-03  -3.7121438E-03  -9.9512330E+01
   1.0966230E-03  -3.7399681E-03  -9.9508059E+01
   1.1048361E-03  -3.7679783E-03  -9.9503763E+01
   1.1131040E-03  -3.7961756E-03  -9.9499439E+01
   1.1214272E-03  -3.8245612E-03  -9.9495089E+01
   1.1298059E-03  -3.8531363E-03  -9.9490711E+01
   1.1382406E-03  -3.8819023E-03  -9.9486305E+01
   1.1467316E-03  -3.9108604E-03  -9.9481872E+01
   1.1552793E-03  -3.9400119E-03  -9.9477412E+01
   1.1638841E-03  -3.9693582E-03  -9.9472923E+01
   1.1725464E-03  -3.9989004E-03  -9.9468406E+01
   1.1812666E-03  -4.0286399E-03  -9.9463860E+01
   1.1900449E-03  -4.0585780E-03  -9.9459285E+01
   1.1988819E-03  -4.0887161E-03  -9.9454682E+01
   1.2077780E-03  -4.1190554E-03  -9.9450050E+01
   1.2167334E-03  -4.1495974E-03  -9.9445388E+01
   1.2257487E-03  -4.1803433E-03  -9.9440697E+01
   1.2348241E-03  -4.2112946E-03  -9.9435976E+01
   1.2439602E-03  -4.2424526E-03  -9.9431225E+01
   1.2531573E-03  -4.2738187E-03  -9.9426443E+01
   1.2624158E-03  -4.3053943E-03  -9.9421631E+01
   1.2717361E-03  -4.3371808E-03  -9.9416789E+01
   1.2811187E-03  -4.3691795E-03  -9.9411916E+01
   1.2905640E-03  -4.4013920E-03  -9.9407011E+01
   1.3000723E-03  -4.4338196E-03  -9.9402075E+01
   1.3096441E-03  -4.4664638E-03  -9.9397108E+01
   1.3192799E-03  -4.4993260E-03  -9.9392109E+01
   1.3289800E-03  -4.5324076E-03  -9.9387078E+01
   1.3387449E-03  -4.5657102E-03  -9.9382014E+01
   1.3485750E-03  -4.5992352E-03  -9.9376918E+01
   1.3584708E-03  -4.6329842E-03  -9.9371789E+01
   1.3684327E-03  -4.6669585E-03  -9.9366628E+01
   1.3784611E-03  -4.7011597E-03  -9.9361433E+01
   1.3885564E-03  -4.7355893E-03  -9.9356205E+01
   1.3987192E-03  -4.7702489E-03  -9.9350942E+01
   1.4089499E-03  -4.8051400E-03  -9.9345646E+01
   1.4192489E-03  -4.8402640E-03  -9.9340316E+01
   1.4296167E-03  -4.8756227E-03  -9.9334952E+01
   1.4400537E-03  -4.9112175E-03  -9.9329552E+01
   1.4505604E-03  -4.9470501E-03  -9.9324118E+01
   1.4611373E-03  -4.9831219E-03  -9.9318649E+01
   1.4717848E-03  -5.0194347E-03  -9.9313144E+01
   1.4825035E-03  -5.0559899E-03  -9.9307604E+01
   1.4932937E-03  -5.0927894E-03  -9.9302027E+01
   1.5041560E-03  -5.1298345E-03  -9.9296415E+01
   1.5150908E-03  -5.1671271E-03  -9.9290766E+01
   1.5260987E-03  -5.2046688E-03  -9.9285080E+01
   1.5371801E-03  -5.2424612E-03  -9.9279357E+01
   1.5483355E-03  -5.2805060E-03  -9.9273598E+01
   1.5595654E-03  -5.3188048E-03  -9.9267800E+01
   1.5708703E-03  -5.3573595E-03  -9.9261965E+01
   1.5822507E-03  -5.3961716E-03  -9.9256092E+01
   1.5937071E-03  -5.4352430E-03  -9.9250181E+01
   1.6052400E-03  -5.4745753E-03  -9.9244231E+01
   1.6168500E-03  -5.5141703E-03  -9.9238242E+01
   1.6285374E-03  -5.5540297E-03  -9.9232214E+01
   1.6403030E-03  -5.5941554E-03  -9.9226147E+01
   1.6521471E-03  -5.6345490E-03  -9.9220040E+01
   1.6640703E-03  -5.6752124E-03  -9.9213893E+01
   1.6760732E-03  -5.7161474E-03  -9.9207706E+01
   1.6881562E-03  -5.7573557E-03  -9.9201479E+01
   1.7003199E-03  -5.7988393E-03  -9.9195210E+01
   1.7125648E-03  -5.8405999E-03  -9.9188901E+01
   1.7248916E-03  -5.8826395E-03  -9.9182550E+01
   1.7373006E-03  -5.9249598E-03  -9.9176158E+01
   1.7497925E-03  -5.9675627E-03  -9.9169724E+01
   1.7623679E-03  -6.0104502E-03  -9.9163248E+01
   1.7750272E-03  -6.0536241E-03  -9.9156729E+01
   1.7877711E-03  -6.0970863E-03  -9.9150167E+01
   1.8006001E-03  -6.1408388E-03  -9.9143562E+01
   1.8135148E-03  -6.1848835E-03  -9.9136914E+01
   1.8265158E-03  -6.2292224E-03  -9.9130222E+01
   1.8396035E-03  -6.2738574E-03  -9.9123486E+01
   1.8527787E-03  -6.3187905E-03  -9.9116706E+01
   1.8660419E-03  -6.3640237E-03  -9.9109881E+01
   1.8793936E-03  -6.4095590E-03  -9.9103012E+01
   1.8928345E-03  -6.4553984E-03  -9.9096097E+01
   1.9063652E-03  -6.5015439E-03  -9.9089137E+01
   1.9199863E-03  -6.5479976E-03  -9.9082130E+01
   1.9336983E-03  -6.5947616E-03  -9.9075078E+01
   1.9475019E-03  -6.6418379E-03  -9.9067979E+01
   1.9613977E-03  -6.6892286E-03  -9.9060833E+01
   1.9753863E-03  -6.7369358E-03  -9.9053641E+01
   1.9894683E-03  -6.7849616E-03  -9.9046400E+01
   2.0036444E-03  -6.8333082E-03  -9.9039112E+01
   2.0179151E-03  -6.8819776E-03  -9.9031776E+01
   2.0322811E-03  -6.9309721E-03  -9.9024392E+01
   2.0467431E-03  -6.9802939E-03  -9.9016959E+01
   2.0613017E-03  -7.0299450E-03  -9.9009476E+01
   2.0759576E-03  -7.0799277E-03  -9.9001945E+01
   2.0907112E-03  -7.1302442E-03  -9.8994363E+01
   2.1055635E-03  -7.1808968E-03  -9.8986732E+01
   2.1205149E-03  -7.2318877E-03  -9.8979050E+01
   2.1355662E-03  -7.2832191E-03  -9.8971317E+01
   2.1507180E-03  -7.3348933E-03  -9.8963533E+01
   2.1659710E-03  -7.3869127E-03  -9.8955698E+01
   2.1813259E-03  -7.4392794E-03  -9.8947811E+01
   2.1967833E-03  -7.4919959E-03  -9.8939872E+01
   2.2123439E-03  -7.5450645E-03  -9.8931880E+01
   2.2280085E-03  -7.5984875E-03  -9.8923835E+01
   2.2437777E-03  -7.6522673E-03  -9.8915738E+01
   2.2596522E-03  -7.7064063E-03  -9.8907586E+01
   2.2756327E-03  -7.7609068E-03  -9.8899381E+01
   2.2917200E-03  -7.8157714E-03  -9.8891121E+01
   2.3079147E-03  -7.8710023E-03  -9.8882807E+01
   2.3242175E-03  -7.9266021E-03  -9.8874438E+01
   2.3406293E-03  -7.9825733E-03  -9.8866013E+01
   2.3571506E-03  -8.0389182E-03  -9.8857533E+01
   2.3737823E-03  -8.0956395E-03  -9.8848996E+01
   2.3905251E-03  -8.1527396E-03  -9.8840403E+01
   2.4073796E-03  -8.2102210E-03  -9.8831753E+01
   2.4243468E-03  -8.2680863E-03  -9.8823046E+01
   2.4414273E-03  -8.3263381E-03  -9.8814281E+01
   2.4586218E-03  -8.3849789E-03  -9.8805458E+01
   2.4759312E-03  -8.4440114E-03  -9.8796576E+01
   2.4933562E-03  -8.5034381E-03  -9.8787636E+01
   2.5108975E-03  -8.5632617E-03  -9.8778636E+01
   2.5285560E-03  -8.6234848E-03  -9.8769577E+01
   2.5463325E-03  -8.6841102E-03  -9.8760458E+01
   2.5642276E-03  -8.7451404E-03  -9.8751279E+01
   2.5822423E-03  -8.8065783E-03  -9.8742039E+01
   2.6003773E-03  -8.8684264E-03  -9.8732737E+01
   2.6186334E-03  -8.9306876E-03  -9.8723374E+01
   2.6370114E-03  -8.9933647E-03  -9.8713949E+01
   2.6555122E-03  -9.0564603E-03  -9.8704461E+01
   2.6741365E-03  -9.1199773E-03  -9.8694911E+01
   2.6928853E-03  -9.1839185E-03  -9.8685297E+01
   2.7117592E-03  -9.2482868E-03  -9.8675620E+01
   2.7307592E-03  -9.3130850E-03  -9.8665879E+01
   2.7498861E-03  -9.3783159E-03  -9.8656073E+01
   2.7691407E-03  -9.4439824E-03  -9.8646202E+01
   2.7885239E-03  -9.5100876E-03  -9.8636266E+01
   2.8080366E-03  -9.5766342E-03  -9.8626264E+01
   2.8276796E-03  -9.6436252E-03  -9.8616196E+01
   2.8474538E-03  -9.7110637E-03  -9.8606061E+01
   2.8673600E-03  -9.7789525E-03  -9.8595859E+01
   2.8873992E-03  -9.8472948E-03  -9.8585590E+01
   2.9075722E-03  -9.9160935E-03  -9.8575253E+01
   2.9278800E-03  -9.9853516E-03  -9.8564847E+01
   2.9483234E-03  -1.0055072E-02  -9.8554372E+01
   2.9689033E-03  -1.0125259E-02  -9.8543828E+01
   2.9896207E-03  -1.0195914E-02  -9.8533215E+01
   3.0104764E-03  -1.0267041E-02  -9.8522531E+01
   3.0314714E-03  -1.0338643E-02  -9.8511776E+01
   3.0526066E-03  -1.0410723E-02  -9.8500950E+01
   3.0738830E-03  -1.0483285E-02  -9.8490053E+01
   3.0953015E-03  -1.0556331E-02  -9.8479084E+01
   3.1168630E-03  -1.0629865E-02  -9.8468042E+01
   3.1385686E-03  -1.0703890E-02  -9.8456927E+01
   3.1604191E-03  -1.0778409E-02  -9.8445739E+01
   3.1824155E-03  -1.0853427E-02  -9.8434477E+01
   3.2045588E-03  -1.0928945E-02  -9.8423140E+01
   3.2268501E-03  -1.1004967E-02  -9.8411729E+01
   3.2492901E-03  -1.1081498E-02  -9.8400242E+01
   3.2718801E-03  -1.1158539E-02  -9.8388680E+01
   3.2946210E-03  -1.1236095E-02  -9.8377041E+01
   3.3175137E-03  -1.1314169E-02  -9.8365325E+01
   3.3405593E-03  -1.1392764E-02  -9.8353532E+01
   3.3637588E-03  -1.1471885E-02  -9.8341661E+01
   3.3871133E-03  -1.1551533E-02  -9.8329712E+01
   3.4106237E-03  -1.1631714E-02  -9.8317684E+01
   3.4342912E-03  -1.1712430E-02  -9.8305577E+01
   3.4581167E-03  -1.1793685E-02  -9.8293390E+01
   3.4821013E-03  -1.1875483E-02  -9.8281122E+01
   3.5062461E-03  -1.1957827E-02  -9.8268774E+01
   3.5305522E-03  -1.2040721E-02  -9.8256345E+01
   3.5550206E-03  -1.2124169E-02  -9.8243833E+01
   3.5796525E-03  -1.2208174E-02  -9.8231240E+01
   3.6044488E-03  -1.2292740E-02  -9.8218563E+01
   3.6294108E-03  -1.2377870E-02  -9.8205803E+01
   3.6545394E-03  -1.2463570E-02  -9.8192959E+01
   3.6798359E-03  -1.2549841E-02  -9.8180031E+01
   3.7053013E-03  -1.2636689E-02  -9.8167017E+01
   3.7309368E-03  -1.2724117E-02  -9.8153918E+01
   3.7567435E-03  -1.2812129E-02  -9.8140733E+01
   3.7827226E-03  -1.2900728E-02  -9.8127462E+01
   3.8088752E-03  -1.2989920E-02  -9.8114103E+01
   3.8352024E-03  -1.3079707E-02  -9.8100657E+01
   3.8617055E-03  -1.3170093E-02  -9.8087122E+01
   3.8883856E-03  -1.3261084E-02  -9.8073498E+01
   3.9152438E-03  -1.3352681E-02  -9.8059786E+01
   3.9422814E-03  -1.3444891E-02  -9.8045983E+01
   3.9694996E-03  -1.3537717E-02  -9.8032090E+01
   3.9968996E-03  -1.3631162E-02  -9.8018106E+01
   4.0244826E-03  -1.3725232E-02  -9.8004030E+01
   4.0522498E-03  -1.3819929E-02  -9.7989862E+01
   4.0802025E-03  -1.3915260E-02  -9.7975601E+01
   4.1083418E-03  -1.4011226E-02  -9.7961247E+01
   4.1366691E-03  -1.4107834E-02  -9.7946799E+01
   4.1651855E-03  -1.4205087E-02  -9.7932257E+01
   4.1938924E-03  -1.4302990E-02  -9.7917620E+01
   4.2227911E-03  -1.4401546E-02  -9.7902887E+01
   4.2518827E-03  -1.4500761E-02  -9.7888058E+01
   4.2811686E-03  -1.4600638E-02  -9.7873132E+01
   4.3106501E-03  -1.4701182E-02  -9.7858109E+01
   4.3403285E-03  -1.4802398E-02  -9.7842988E+01
   4.3702052E-03  -1.4904289E-02  -9.7827768E+01
   4.4002813E-03  -1.5006861E-02  -9.7812449E+01
   4.4305583E-03  -1.5110119E-02  -9.7797030E+01
   4.4610376E-03  -1.5214065E-02  -9.7781511E+01
   4.4917204E-03  -1.5318706E-02  -9.7765891E+01
   4.5226081E-03  -1.5424046E-02  -9.7750169E+01
   4.5537021E-03  -1.5530090E-02  -9.7734345E+01
   4.5850038E-03  -1.5636841E-02  -9.7718419E+01
   4.6165145E-03  -1.5744306E-02  -9.7702389E+01
   4.6482356E-03  -1.5852488E-02  -9.7686254E+01
   4.6801687E-03  -1.5961393E-02  -9.7670015E+01
   4.7123150E-03  -1.6071025E-02  -9.7653671E+01
   4.7446759E-03  -1.6181389E-02  -9.7637221E+01
   4.7772531E-03  -1.6292490E-02  -9.7620664E+01
   4.8100477E-03  -1.6404333E-02  -9.7604000E+01
   4.8430615E-03  -1.6516924E-02  -9.7587228E+01
   4.8762956E-03  -1.6630266E-02  -9.7570348E+01
   4.9097518E-03  -1.6744365E-02  -9.7553358E+01
   4.9434314E-03  -1.6859226E-02  -9.7536259E+01
   4.9773359E-03  -1.6974854E-02  -9.7519049E+01
   5.0114669E-03  -1.7091255E-02  -9.7501728E+01
   5.0458258E-03  -1.7208432E-02  -9.7484296E+01
   5.0804142E-03  -1.7326393E-02  -9.7466751E+01
   5.1152336E-03  -1.7445141E-02  -9.7449093E+01
   5.1502855E-03  -1.7564682E-02  -9.7431321E+01
   5.1855716E-03  -1.7685022E-02  -9.7413434E+01
   5.2210933E-03  -1.7806165E-02  -9.7395433E+01
   5.2568522E-03  -1.7928117E-02  -9.7377316E+01
   5.2928499E-03  -1.8050884E-02  -9.7359083E+01
   5.3290881E-03  -1.8174471E-02  -9.7340732E+01
   5.3655683E-03  -1.8298883E-02  -9.7322264E+01
   5.4022921E-03  -1.8424126E-02  -9.7303677E+01
   5.4392612E-03  -1.8550205E-02  -9.7284971E+01
   5.4764772E-03  -1.8677127E-02  -9.7266145E+01
   5.5139418E-03  -1.8804896E-02  -9.7247199E+01
   5.5516566E-03  -1.8933518E-02  -9.7228131E+01
   5.5896232E-03  -1.9062999E-02  -9.7208941E+01
   5.6278434E-03  -1.9193345E-02  -9.7189629E+01
   5.6663189E-03  -1.9324562E-02  -9.7170194E+01
   5.7050513E-03  -1.9456655E-02  -9.7150634E+01
   5.7440425E-03  -1.9589630E-02  -9.7130950E+01
   5.7832940E-03  -1.9723493E-02  -9.7111141E+01
   5.8228077E-03  -1.9858250E-02  -9.7091205E+01
   5.8625852E-03  -1.9993907E-02  -9.7071142E+01
   5.9026285E-03  -2.0130471E-02  -9.7050952E+01
   5.9429391E-03  -2.0267946E-02  -9.7030633E+01
   5.9835190E-03  -2.0406339E-02  -9.7010186E+01
   6.0243699E-03  -2.0545656E-02  -9.6989608E+01
   6.0654936E-03  -2.0685904E-02  -9.6968900E+01
   6.1068920E-03  -2.0827089E-02  -9.6948061E+01
   6.1485669E-03  -2.0969216E-02  -9.6927090E+01
   6.1905201E-03  -2.1112293E-02  -9.6905987E+01
   6.2327535E-03  -2.1256325E-02  -9.6884749E+01
   6.2752689E-03  -2.1401319E-02  -9.6863378E+01
   6.3180683E-03  -2.1547282E-02  -9.6841872E+01
   6.3611536E-03  -2.1694219E-02  -9.6820230E+01
   6.4045266E-03  -2.1842137E-02  -9.6798452E+01
   6.4481892E-03  -2.1991044E-02  -9.6776536E+01
   6.4921435E-03  -2.2140944E-02  -9.6754483E+01
   6.5363913E-03  -2.2291846E-02  -9.6732291E+01
   6.5809347E-03  -2.2443756E-02  -9.6709959E+01
   6.6257755E-03  -2.2596680E-02  -9.6687487E+01
   6.6709158E-03  -2.2750626E-02  -9.6664875E+01
   6.7163576E-03  -2.2905599E-02  -9.6642120E+01
   6.7621028E-03  -2.3061608E-02  -9.6619223E+01
   6.8081536E-03  -2.3218658E-02  -9.6596183E+01
   6.8545120E-03  -2.3376758E-02  -9.6572999E+01
   6.9011799E-03  -2.3535913E-02  -9.6549670E+01
   6.9481596E-03  -2.3696131E-02  -9.6526195E+01
   6.9954530E-03  -2.3857419E-02  -9.6502574E+01
   7.0430622E-03  -2.4019784E-02  -9.6478806E+01
   7.0909894E-03  -2.4183233E-02  -9.6454890E+01
   7.1392367E-03  -2.4347775E-02  -9.6430825E+01
   7.1878063E-03  -2.4513414E-02  -9.6406611E+01
   7.2367002E-03  -2.4680161E-02  -9.6382246E+01
   7.2859206E-03  -2.4848020E-02  -9.6357730E+01
   7.3354698E-03  -2.5017001E-02  -9.6333062E+01
   7.3853499E-03  -2.5187110E-02  -9.6308242E+01
   7.4355631E-03  -2.5358356E-02  -9.6283268E+01
   7.4861117E-03  -2.5530745E-02  -9.6258139E+01
   7.5369979E-03  -2.5704285E-02  -9.6232856E+01
   7.5882239E-03  -2.5878984E-02  -9.6207416E+01
   7.6397921E-03  -2.6054850E-02  -9.6181820E+01
   7.6917046E-03  -2.6231890E-02  -9.6156066E+01
   7.7439639E-03  -2.6410113E-02  -9.6130154E+01
   7.7965722E-03  -2.6589526E-02  -9.6104083E+01
   7.8495318E-03  -2.6770137E-02  -9.6077851E+01
   7.9028452E-03  -2.6951954E-02  -9.6051459E+01
   7.9565146E-03  -2.7134985E-02  -9.6024905E+01
   8.0105424E-03  -2.7319239E-02  -9.5998188E+01
   8.0649311E-03  -2.7504724E-02  -9.5971309E+01
   8.1196830E-03  -2.7691447E-02  -9.5944265E+01
   8.1748006E-03  -2.7879417E-02  -9.5917056E+01
   8.2302863E-03  -2.8068642E-02  -9.5889681E+01
   8.2861425E-03  -2.8259131E-02  -9.5862139E+01
   8.3423718E-03  -2.8450892E-02  -9.5834430E+01
   8.3989767E-03  -2.8643934E-02  -9.5806553E+01
   8.4559595E-03  -2.8838265E-02  -9.5778506E+01
   8.5133230E-03  -2.9033893E-02  -9.5750289E+01
   8.5710695E-03  -2.9230829E-02  -9.5721902E+01
   8.6292018E-03  -2.9429079E-02  -9.5693342E+01
   8.6877222E-03  -2.9628653E-02  -9.5664610E+01
   8.7466336E-03  -2.9829560E-02  -9.5635705E+01
   8.8059383E-03  -3.0031809E-02  -9.5606625E+01
   8.8656391E-03  -3.0235409E-02  -9.5577370E+01
   8.9257387E-03  -3.0440368E-02  -9.5547939E+01
   8.9862396E-03  -3.0646696E-02  -9.5518331E+01
   9.0471446E-03  -3.0854401E-02  -9.5488545E+01
   9.1084564E-03  -3.1063494E-02  -9.5458581E+01
   9.1701776E-03  -3.1273984E-02  -9.5428437E+01
   9.2323111E-03  -3.1485878E-02  -9.5398113E+01
   9.2948595E-03  -3.1699188E-02  -9.5367607E+01
   9.3578257E-03  -3.1913923E-02  -9.5336919E+01
   9.4212124E-03  -3.2130091E-02  -9.5306048E+01
   9.4850224E-03  -3.2347704E-02  -9.5274994E+01
   9.5492586E-03  -3.2566769E-02  -9.5243754E+01
   9.6139238E-03  -3.2787297E-02  -9.5212329E+01
   9.6790209E-03  -3.3009298E-02  -9.5180717E+01
   9.7445527E-03  -3.3232782E-02  -9.5148918E+01
   9.8105222E-03  -3.3457758E-02  -9.5116931E+01
   9.8769323E-03  -3.3684236E-02  -9.5084754E+01
   9.9437859E-03  -3.3912227E-02  -9.5052387E+01
   1.0011086E-02  -3.4141741E-02  -9.5019829E+01
   1.0078836E-02  -3.4372787E-02  -9.4987079E+01
   1.0147038E-02  -3.4605376E-02  -9.4954136E+01
   1.0215695E-02  -3.4839518E-02  -9.4921000E+01
   1.0284811E-02  -3.5075224E-02  -9.4887669E+01
   1.0354389E-02  -3.5312504E-02  -9.4854142E+01
   1.0424431E-02  -3.5551368E-02  -9.4820419E+01
   1.0494942E-02  -3.5791828E-02  -9.4786499E+01
   1.0565923E-02  -3.6033894E-02  -9.4752380E+01
   1.0637378E-02  -3.6277576E-02  -9.4718062E+01
   1.0709310E-02  -3.6522885E-02  -9.4683544E+01
   1.0781723E-02  -3.6769832E-02  -9.4648825E+01
   1.0854619E-02  -3.7018429E-02  -9.4613904E+01
   1.0928003E-02  -3.7268685E-02  -9.4578780E+01
   1.1001876E-02  -3.7520613E-02  -9.4543452E+01
   1.1076243E-02  -3.7774224E-02  -9.4507920E+01
   1.1151106E-02  -3.8029527E-02  -9.4472181E+01
   1.1226469E-02  -3.8286536E-02  -9.4436237E+01
   1.1302336E-02  -3.8545261E-02  -9.4400084E+01
   1.1378709E-02  -3.8805714E-02  -9.4363724E+01
   1.1455593E-02  -3.9067906E-02  -9.4327153E+01
   1.1532990E-02  -3.9331849E-02  -9.4290373E+01
   1.1610904E-02  -3.9597554E-02  -9.4253381E+01
   1.1689338E-02  -3.9865034E-02  -9.4216177E+01
   1.1768296E-02  -4.0134300E-02  -9.4178760E+01
   1.1847781E-02  -4.0405364E-02  -9.4141128E+01
   1.1927798E-02  -4.0678239E-02  -9.4103282E+01
   1.2008348E-02  -4.0952935E-02  -9.4065219E+01
   1.2089437E-02  -4.1229466E-02  -9.4026939E+01
   1.2171067E-02  -4.1507843E-02  -9.3988442E+01
   1.2253242E-02  -4.1788080E-02  -9.3949725E+01
   1.2335966E-02  -4.2070188E-02  -9.3910789E+01
   1.2419243E-02  -4.2354179E-02  -9.3871632E+01
   1.2503076E-02  -4.2640067E-02  -9.3832253E+01
   1.2587468E-02  -4.2927864E-02  -9.3792651E+01
   1.2672425E-02  -4.3217583E-02  -9.3752825E+01
   1.2757948E-02  -4.3509237E-02  -9.3712775E+01
   1.2844043E-02  -4.3802838E-02  -9.3672499E+01
   1.2930713E-02  -4.4098400E-02  -9.3631996E+01
   1.3017962E-02  -4.4395935E-02  -9.3591265E+01
   1.3105793E-02  -4.4695458E-02  -9.3550306E+01
   1.3194211E-02  -4.4996980E-02  -9.3509117E+01
   1.3283220E-02  -4.5300516E-02  -9.3467697E+01
   1.3372823E-02  -4.5606079E-02  -9.3426046E+01
   1.3463024E-02  -4.5913682E-02  -9.3384162E+01
   1.3553828E-02  -4.6223339E-02  -9.3342045E+01
   1.3645239E-02  -4.6535064E-02  -9.3299692E+01
   1.3737259E-02  -4.6848871E-02  -9.3257104E+01
   1.3829895E-02  -4.7164773E-02  -9.3214280E+01
   1.3923149E-02  -4.7482784E-02  -9.3171217E+01
   1.4017026E-02  -4.7802919E-02  -9.3127916E+01
   1.4111529E-02  -4.8125192E-02  -9.3084376E+01
   1.4206664E-02  -4.8449617E-02  -9.3040594E+01
   1.4302435E-02  -4.8776208E-02  -9.2996571E+01
   1.4398845E-02  -4.9104980E-02  -9.2952305E+01
   1.4495899E-02  -4.9435947E-02  -9.2907795E+01
   1.4593601E-02  -4.9769124E-02  -9.2863040E+01
   1.4691955E-02  -5.0104526E-02  -9.2818039E+01
   1.4790967E-02  -5.0442168E-02  -9.2772792E+01
   1.4890639E-02  -5.0782064E-02  -9.2727296E+01
   1.4990978E-02  -5.1124229E-02  -9.2681551E+01
   1.5091986E-02  -5.1468680E-02  -9.2635556E+01
   1.5193669E-02  -5.1815431E-02  -9.2589311E+01
   1.5296032E-02  -5.2164496E-02  -9.2542812E+01
   1.5399077E-02  -5.2515893E-02  -9.2496061E+01
   1.5502811E-02  -5.2869636E-02  -9.2449055E+01
   1.5607238E-02  -5.3225741E-02  -9.2401794E+01
   1.5712363E-02  -5.3584224E-02  -9.2354277E+01
   1.5818189E-02  -5.3945101E-02  -9.2306502E+01
   1.5924722E-02  -5.4308387E-02  -9.2258468E+01
   1.6031967E-02  -5.4674099E-02  -9.2210175E+01
   1.6139928E-02  -5.5042253E-02  -9.2161621E+01
   1.6248610E-02  -5.5412865E-02  -9.2112805E+01
   1.6358017E-02  -5.5785952E-02  -9.2063726E+01
   1.6468156E-02  -5.6161530E-02  -9.2014383E+01
   1.6579030E-02  -5.6539616E-02  -9.1964775E+01
   1.6690644E-02  -5.6920226E-02  -9.1914900E+01
   1.6803004E-02  -5.7303377E-02  -9.1864758E+01
   1.6916115E-02  -5.7689087E-02  -9.1814348E+01
   1.7029980E-02  -5.8077372E-02  -9.1763668E+01
   1.7144607E-02  -5.8468250E-02  -9.1712718E+01
   1.7259999E-02  -5.8861738E-02  -9.1661495E+01
   1.7376161E-02  -5.9257853E-02  -9.1610000E+01
   1.7493099E-02  -5.9656612E-02  -9.1558231E+01
   1.7610819E-02  -6.0058035E-02  -9.1506186E+01
   1.7729324E-02  -6.0462137E-02  -9.1453865E+01
   1.7848621E-02  -6.0868938E-02  -9.1401266E+01
   1.7968715E-02  -6.1278455E-02  -9.1348389E+01
   1.8089610E-02  -6.1690706E-02  -9.1295232E+01
   1.8211314E-02  -6.2105709E-02  -9.1241794E+01
   1.8333830E-02  -6.2523484E-02  -9.1188074E+01
   1.8457164E-02  -6.2944047E-02  -9.1134071E+01
   1.8581322E-02  -6.3367419E-02  -9.1079783E+01
   1.8706309E-02  -6.3793617E-02  -9.1025209E+01
   1.8832131E-02  -6.4222661E-02  -9.0970349E+01
   1.8958793E-02  -6.4654570E-02  -9.0915201E+01
   1.9086301E-02  -6.5089362E-02  -9.0859764E+01
   1.9214661E-02  -6.5527057E-02  -9.0804036E+01
   1.9343878E-02  -6.5967675E-02  -9.0748017E+01
   1.9473958E-02  -6.6411234E-02  -9.0691705E+01
   1.9604906E-02  -6.6857755E-02  -9.0635099E+01
   1.9736730E-02  -6.7307257E-02  -9.0578198E+01
   1.9869433E-02  -6.7759759E-02  -9.0521000E+01
   2.0003023E-02  -6.8215283E-02  -9.0463505E+01
   2.0137505E-02  -6.8673849E-02  -9.0405712E+01
   2.0272886E-02  -6.9135475E-02  -9.0347618E+01
   2.0409170E-02  -6.9600184E-02  -9.0289223E+01
   2.0546365E-02  -7.0067995E-02  -9.0230526E+01
   2.0684476E-02  -7.0538930E-02  -9.0171525E+01
   2.0823509E-02  -7.1013008E-02  -9.0112220E+01
   2.0963471E-02  -7.1490251E-02  -9.0052608E+01
   2.1104368E-02  -7.1970681E-02  -8.9992689E+01
   2.1246205E-02  -7.2454318E-02  -8.9932461E+01
   2.1388990E-02  -7.2941184E-02  -8.9871924E+01
   2.1532729E-02  -7.3431300E-02  -8.9811075E+01
   2.1677427E-02  -7.3924688E-02  -8.9749914E+01
   2.1823092E-02  -7.4421370E-02  -8.9688440E+01
   2.1969730E-02  -7.4921368E-02  -8.9626651E+01
   2.2117347E-02  -7.5424704E-02  -8.9564545E+01
   2.2265950E-02  -7.5931399E-02  -8.9502123E+01
   2.2415546E-02  -7.6441478E-02  -8.9439382E+01
   2.2566140E-02  -7.6954962E-02  -8.9376321E+01
   2.2717740E-02  -7.7471873E-02  -8.9312939E+01
   2.2870353E-02  -7.7992235E-02  -8.9249234E+01
   2.3023985E-02  -7.8516072E-02  -8.9185206E+01
   2.3178643E-02  -7.9043404E-02  -8.9120854E+01
   2.3334334E-02  -7.9574258E-02  -8.9056174E+01
   2.3491065E-02  -8.0108655E-02  -8.8991168E+01
   2.3648843E-02  -8.0646619E-02  -8.8925833E+01
   2.3807674E-02  -8.1188174E-02  -8.8860168E+01
   2.3967566E-02  -8.1733345E-02  -8.8794171E+01
   2.4128526E-02  -8.2282155E-02  -8.8727842E+01
   2.4290561E-02  -8.2834628E-02  -8.8661179E+01
   2.4453678E-02  -8.3390789E-02  -8.8594182E+01
   2.4617884E-02  -8.3950663E-02  -8.8526848E+01
   2.4783188E-02  -8.4514274E-02  -8.8459176E+01
   2.4949595E-02  -8.5081647E-02  -8.8391165E+01
   2.5117113E-02  -8.5652807E-02  -8.8322814E+01
   2.5285751E-02  -8.6227780E-02  -8.8254122E+01
   2.5455514E-02  -8.6806591E-02  -8.8185087E+01
   2.5626412E-02  -8.7389265E-02  -8.8115708E+01
   2.5798450E-02  -8.7975829E-02  -8.8045984E+01
   2.5971638E-02  -8.8566307E-02  -8.7975914E+01
   2.6145983E-02  -8.9160728E-02  -8.7905495E+01
   2.6321491E-02  -8.9759115E-02  -8.7834728E+01
   2.6498172E-02  -9.0361497E-02  -8.7763610E+01
   2.6676033E-02  -9.0967900E-02  -8.7692141E+01
   2.6855082E-02  -9.1578350E-02  -8.7620319E+01
   2.7035327E-02  -9.2192874E-02  -8.7548144E+01
   2.7216775E-02  -9.2811500E-02  -8.7475613E+01
   2.7399435E-02  -9.3434255E-02  -8.7402725E+01
   2.7583315E-02  -9.4061166E-02  -8.7329480E+01
   2.7768424E-02  -9.4692262E-02  -8.7255876E+01
   2.7954768E-02  -9.5327570E-02  -8.7181911E+01
   2.8142357E-02  -9.5967118E-02  -8.7107586E+01
   2.8331199E-02  -9.6610934E-02  -8.7032898E+01
   2.8521302E-02  -9.7259047E-02  -8.6957846E+01
   2.8712675E-02  -9.7911486E-02  -8.6882429E+01
   2.8905326E-02  -9.8568279E-02  -8.6806646E+01
   2.9099263E-02  -9.9229455E-02  -8.6730496E+01
   2.9294496E-02  -9.9895044E-02  -8.6653978E+01
   2.9491032E-02  -1.0056508E-01  -8.6577090E+01
   2.9688882E-02  -1.0123958E-01  -8.6499832E+01
   2.9888052E-02  -1.0191858E-01  -8.6422202E+01
   3.0088553E-02  -1.0260212E-01  -8.6344199E+01
   3.0290393E-02  -1.0329021E-01  -8.6265822E+01
   3.0493580E-02  -1.0398290E-01  -8.6187071E+01
   3.0698125E-02  -1.0468021E-01  -8.6107943E+01
   3.0904036E-02  -1.0538218E-01  -8.6028439E+01
   3.1111322E-02  -1.0608883E-01  -8.5948557E+01
   3.1319993E-02  -1.0680019E-01  -8.5868296E+01
   3.1530057E-02  -1.0751630E-01  -8.5787655E+01
   3.1741524E-02  -1.0823719E-01  -8.5706634E+01
   3.1954404E-02  -1.0896289E-01  -8.5625231E+01
   3.2168705E-02  -1.0969344E-01  -8.5543446E+01
   3.2384437E-02  -1.1042885E-01  -8.5461278E+01
   3.2601610E-02  -1.1116918E-01  -8.5378726E+01
   3.2820234E-02  -1.1191444E-01  -8.5295790E+01
   3.3040318E-02  -1.1266468E-01  -8.5212468E+01
   3.3261871E-02  -1.1341992E-01  -8.5128760E+01
   3.3484904E-02  -1.1418021E-01  -8.5044666E+01
   3.3709427E-02  -1.1494556E-01  -8.4960185E+01
   3.3935450E-02  -1.1571602E-01  -8.4875316E+01
   3.4162981E-02  -1.1649163E-01  -8.4790060E+01
   3.4392033E-02  -1.1727240E-01  -8.4704415E+01
   3.4622614E-02  -1.1805839E-01  -8.4618381E+01
   3.4854735E-02  -1.1884962E-01  -8.4531959E+01
   3.5088407E-02  -1.1964613E-01  -8.4445147E+01
   3.5323639E-02  -1.2044795E-01  -8.4357946E+01
   3.5560442E-02  -1.2125513E-01  -8.4270356E+01
   3.5798827E-02  -1.2206768E-01  -8.4182376E+01
   3.6038803E-02  -1.2288566E-01  -8.4094007E+01
   3.6280383E-02  -1.2370910E-01  -8.4005249E+01
   3.6523575E-02  -1.2453803E-01  -8.3916102E+01
   3.6768392E-02  -1.2537249E-01  -8.3826565E+01
   3.7014845E-02  -1.2621251E-01  -8.3736641E+01
   3.7262943E-02  -1.2705814E-01  -8.3646328E+01
   3.7512698E-02  -1.2790941E-01  -8.3555627E+01
   3.7764121E-02  -1.2876636E-01  -8.3464539E+01
   3.8017223E-02  -1.2962902E-01  -8.3373064E+01
   3.8272015E-02  -1.3049744E-01  -8.3281203E+01
   3.8528510E-02  -1.3137165E-01  -8.3188956E+01
   3.8786717E-02  -1.3225170E-01  -8.3096325E+01
   3.9046649E-02  -1.3313761E-01  -8.3003310E+01
   3.9308316E-02  -1.3402943E-01  -8.2909911E+01
   3.9571732E-02  -1.3492720E-01  -8.2816131E+01
   3.9836906E-02  -1.3583096E-01  -8.2721968E+01
   4.0103852E-02  -1.3674074E-01  -8.2627426E+01
   4.0372580E-02  -1.3765660E-01  -8.2532503E+01
   4.0643103E-02  -1.3857856E-01  -8.2437202E+01
   4.0915433E-02  -1.3950667E-01  -8.2341523E+01
   4.1189582E-02  -1.4044097E-01  -8.2245467E+01
   4.1465561E-02  -1.4138150E-01  -8.2149035E+01
   4.1743384E-02  -1.4232830E-01  -8.2052229E+01
   4.2023062E-02  -1.4328142E-01  -8.1955048E+01
   4.2304609E-02  -1.4424089E-01  -8.1857495E+01
   4.2588035E-02  -1.4520676E-01  -8.1759569E+01
   4.2873354E-02  -1.4617907E-01  -8.1661271E+01
   4.3160579E-02  -1.4715787E-01  -8.1562603E+01
   4.3449723E-02  -1.4814319E-01  -8.1463565E+01
   4.3740797E-02  -1.4913508E-01  -8.1364158E+01
   4.4033815E-02  -1.5013358E-01  -8.1264381E+01
   4.4328790E-02  -1.5113875E-01  -8.1164237E+01
   4.4625736E-02  -1.5215061E-01  -8.1063724E+01
   4.4924664E-02  -1.5316922E-01  -8.0962843E+01
   4.5225589E-02  -1.5419463E-01  -8.0861595E+01
   4.5528524E-02  -1.5522686E-01  -8.0759980E+01
   4.5833481E-02  -1.5626598E-01  -8.0657997E+01
   4.6140476E-02  -1.5731203E-01  -8.0555646E+01
   4.6449521E-02  -1.5836505E-01  -8.0452927E+01
   4.6760630E-02  -1.5942509E-01  -8.0349839E+01
   4.7073816E-02  -1.6049220E-01  -8.0246383E+01
   4.7389095E-02  -1.6156642E-01  -8.0142556E+01
   4.7706479E-02  -1.6264780E-01  -8.0038359E+01
   4.8025982E-02  -1.6373639E-01  -7.9933790E+01
   4.8347620E-02  -1.6483224E-01  -7.9828849E+01
   4.8671405E-02  -1.6593539E-01  -7.9723534E+01
   4.8997353E-02  -1.6704589E-01  -7.9617843E+01
   4.9325478E-02  -1.6816380E-01  -7.9511775E+01
   4.9655795E-02  -1.6928915E-01  -7.9405329E+01
   4.9988317E-02  -1.7042200E-01  -7.9298502E+01
   5.0323060E-02  -1.7156241E-01  -7.9191292E+01
   5.0660039E-02  -1.7271041E-01  -7.9083699E+01
   5.0999269E-02  -1.7386607E-01  -7.8975718E+01
   5.1340764E-02  -1.7502942E-01  -7.8867349E+01
   5.1684539E-02  -1.7620053E-01  -7.8758588E+01
   5.2030611E-02  -1.7737944E-01  -7.8649433E+01
   5.2378994E-02  -1.7856621E-01  -7.8539882E+01
   5.2729704E-02  -1.7976088E-01  -7.8429932E+01
   5.3082756E-02  -1.8096352E-01  -7.8319579E+01
   5.3438165E-02  -1.8217416E-01  -7.8208822E+01
   5.3795949E-02  -1.8339287E-01  -7.8097657E+01
   5.4156122E-02  -1.8461970E-01  -7.7986082E+01
   5.4518700E-02  -1.8585471E-01  -7.7874093E+01
   5.4883701E-02  -1.8709794E-01  -7.7761687E+01
   5.5251138E-02  -1.8834945E-01  -7.7648862E+01
   5.5621030E-02  -1.8960930E-01  -7.7535615E+01
   5.5993392E-02  -1.9087755E-01  -7.7421942E+01
   5.6368241E-02  -1.9215423E-01  -7.7307842E+01
   5.6745593E-02  -1.9343943E-01  -7.7193310E+01
   5.7125466E-02  -1.9473318E-01  -7.7078344E+01
   5.7507876E-02  -1.9603555E-01  -7.6962942E+01
   5.7892839E-02  -1.9734659E-01  -7.6847101E+01
   5.8280374E-02  -1.9866636E-01  -7.6730818E+01
   5.8670497E-02  -1.9999493E-01  -7.6614091E+01
   5.9063225E-02  -2.0133234E-01  -7.6496917E+01
   5.9458577E-02  -2.0267865E-01  -7.6379294E+01
   5.9856568E-02  -2.0403393E-01  -7.6261220E+01
   6.0257218E-02  -2.0539823E-01  -7.6142693E+01
   6.0660544E-02  -2.0677162E-01  -7.6023711E+01
   6.1066563E-02  -2.0815415E-01  -7.5904273E+01
   6.1475294E-02  -2.0954588E-01  -7.5784375E+01
   6.1886754E-02  -2.1094688E-01  -7.5664018E+01
   6.2300963E-02  -2.1235720E-01  -7.5543199E+01
   6.2717938E-02  -2.1377691E-01  -7.5421917E+01
   6.3137698E-02  -2.1520608E-01  -7.5300171E+01
   6.3560261E-02  -2.1664475E-01  -7.5177960E+01
   6.3985646E-02  -2.1809300E-01  -7.5055282E+01
   6.4413873E-02  -2.1955089E-01  -7.4932137E+01
   6.4844959E-02  -2.2101848E-01  -7.4808524E+01
   6.5278925E-02  -2.2249584E-01  -7.4684443E+01
   6.5715788E-02  -2.2398302E-01  -7.4559892E+01
   6.6155570E-02  -2.2548011E-01  -7.4434871E+01
   6.6598288E-02  -2.2698715E-01  -7.4309380E+01
   6.7043964E-02  -2.2850422E-01  -7.4183419E+01
   6.7492615E-02  -2.3003139E-01  -7.4056986E+01
   6.7944263E-02  -2.3156871E-01  -7.3930083E+01
   6.8398928E-02  -2.3311626E-01  -7.3802708E+01
   6.8856629E-02  -2.3467411E-01  -7.3674863E+01
   6.9317387E-02  -2.3624232E-01  -7.3546546E+01
   6.9781222E-02  -2.3782095E-01  -7.3417759E+01
   7.0248155E-02  -2.3941009E-01  -7.3288501E+01
   7.0718207E-02  -2.4100980E-01  -7.3158773E+01
   7.1191397E-02  -2.4262014E-01  -7.3028574E+01
   7.1667748E-02  -2.4424119E-01  -7.2897906E+01
   7.2147281E-02  -2.4587302E-01  -7.2766769E+01
   7.2630016E-02  -2.4751571E-01  -7.2635163E+01
   7.3115975E-02  -2.4916931E-01  -7.2503089E+01
   7.3605179E-02  -2.5083391E-01  -7.2370548E+01
   7.4097651E-02  -2.5250957E-01  -7.2237540E+01
   7.4593412E-02  -2.5419637E-01  -7.2104066E+01
   7.5092484E-02  -2.5589438E-01  -7.1970127E+01
   7.5594889E-02  -2.5760368E-01  -7.1835724E+01
   7.6100649E-02  -2.5932434E-01  -7.1700857E+01
   7.6609787E-02  -2.6105643E-01  -7.1565528E+01
   7.7122326E-02  -2.6280003E-01  -7.1429737E+01
   7.7638287E-02  -2.6455522E-01  -7.1293486E+01
   7.8157695E-02  -2.6632207E-01  -7.1156775E+01
   7.8680571E-02  -2.6810066E-01  -7.1019606E+01
   7.9206940E-02  -2.6989107E-01  -7.0881979E+01
   7.9736824E-02  -2.7169337E-01  -7.0743896E+01
   8.0270247E-02  -2.7350764E-01  -7.0605358E+01
   8.0807232E-02  -2.7533396E-01  -7.0466367E+01
   8.1347804E-02  -2.7717241E-01  -7.0326922E+01
   8.1891986E-02  -2.7902307E-01  -7.0187026E+01
   8.2439802E-02  -2.8088601E-01  -7.0046680E+01
   8.2991277E-02  -2.8276133E-01  -6.9905885E+01
   8.3546436E-02  -2.8464910E-01  -6.9764643E+01
   8.4105301E-02  -2.8654940E-01  -6.9622953E+01
   8.4667900E-02  -2.8846232E-01  -6.9480819E+01
   8.5234256E-02  -2.9038793E-01  -6.9338241E+01
   8.5804394E-02  -2.9232632E-01  -6.9195220E+01
   8.6378340E-02  -2.9427758E-01  -6.9051758E+01
   8.6956119E-02  -2.9624179E-01  -6.8907855E+01
   8.7537757E-02  -2.9821903E-01  -6.8763514E+01
   8.8123279E-02  -3.0020939E-01  -6.8618736E+01
   8.8712712E-02  -3.0221295E-01  -6.8473521E+01
   8.9306082E-02  -3.0422981E-01  -6.8327871E+01
   8.9903414E-02  -3.0626004E-01  -6.8181788E+01
   9.0504736E-02  -3.0830374E-01  -6.8035271E+01
   9.1110074E-02  -3.1036099E-01  -6.7888324E+01
   9.1719455E-02  -3.1243189E-01  -6.7740946E+01
   9.2332906E-02  -3.1451651E-01  -6.7593140E+01
   9.2950453E-02  -3.1661496E-01  -6.7444906E+01
   9.3572125E-02  -3.1872732E-01  -6.7296245E+01
   9.4197949E-02  -3.2085368E-01  -6.7147158E+01
   9.4827953E-02  -3.2299413E-01  -6.6997647E+01
   9.5462164E-02  -3.2514877E-01  -6.6847713E+01
   9.6100610E-02  -3.2731769E-01  -6.6697357E+01
   9.6743321E-02  -3.2950098E-01  -6.6546580E+01
   9.7390324E-02  -3.3169873E-01  -6.6395382E+01
   9.8041649E-02  -3.3391104E-01  -6.6243765E+01
   9.8697323E-02  -3.3613801E-01  -6.6091730E+01
   9.9357376E-02  -3.3837972E-01  -6.5939278E+01
   1.0002184E-01  -3.4063628E-01  -6.5786410E+01
   1.0069074E-01  -3.4290778E-01  -6.5633126E+01
   1.0136410E-01  -3.4519433E-01  -6.5479428E+01
   1.0204197E-01  -3.4749600E-01  -6.5325317E+01
   1.0272436E-01  -3.4981292E-01  -6.5170793E+01
   1.0341131E-01  -3.5214517E-01  -6.5015857E+01
   1.0410284E-01  -3.5449285E-01  -6.4860510E+01
   1.0479900E-01  -3.5685606E-01  -6.4704753E+01
   1.0549980E-01  -3.5923491E-01  -6.4548587E+01
   1.0620529E-01  -3.6162950E-01  -6.4392013E+01
   1.0691548E-01  -3.6403993E-01  -6.4235031E+01
   1.0763042E-01  -3.6646629E-01  -6.4077642E+01
   1.0835014E-01  -3.6890870E-01  -6.3919848E+01
   1.0907466E-01  -3.7136726E-01  -6.3761648E+01
   1.0980402E-01  -3.7384207E-01  -6.3603044E+01
   1.1053825E-01  -3.7633324E-01  -6.3444036E+01
   1.1127738E-01  -3.7884088E-01  -6.3284626E+01
   1.1202145E-01  -3.8136508E-01  -6.3124814E+01
   1.1277049E-01  -3.8390596E-01  -6.2964602E+01
   1.1352454E-01  -3.8646363E-01  -6.2803989E+01
   1.1428362E-01  -3.8903819E-01  -6.2642977E+01
   1.1504776E-01  -3.9162975E-01  -6.2481568E+01
   1.1581702E-01  -3.9423842E-01  -6.2319761E+01
   1.1659141E-01  -3.9686432E-01  -6.2157558E+01
   1.1737097E-01  -3.9950755E-01  -6.1994961E+01
   1.1815573E-01  -4.0216822E-01  -6.1831969E+01
   1.1894574E-01  -4.0484646E-01  -6.1668585E+01
   1.1974103E-01  -4.0754236E-01  -6.1504810E+01
   1.2054163E-01  -4.1025605E-01  -6.1340645E+01
   1.2134757E-01  -4.1298763E-01  -6.1176091E+01
   1.2215890E-01  -4.1573723E-01  -6.1011150E+01
   1.2297564E-01  -4.1850496E-01  -6.0845823E+01
   1.2379784E-01  -4.2129093E-01  -6.0680113E+01
   1.2462553E-01  -4.2409527E-01  -6.0514020E+01
   1.2545875E-01  -4.2691808E-01  -6.0347548E+01
   1.2629753E-01  -4.2975950E-01  -6.0180697E+01
   1.2714192E-01  -4.3261963E-01  -6.0013469E+01
   1.2799194E-01  -4.3549860E-01  -5.9845868E+01
   1.2884764E-01  -4.3839653E-01  -5.9677895E+01
   1.2970906E-01  -4.4131353E-01  -5.9509554E+01
   1.3057623E-01  -4.4424974E-01  -5.9340846E+01
   1.3144919E-01  -4.4720527E-01  -5.9171774E+01
   1.3232798E-01  -4.5018025E-01  -5.9002343E+01
   1.3321264E-01  -4.5317480E-01  -5.8832554E+01
   1.3410321E-01  -4.5618905E-01  -5.8662412E+01
   1.3499973E-01  -4.5922311E-01  -5.8491920E+01
   1.3590223E-01  -4.6227712E-01  -5.8321083E+01
   1.3681076E-01  -4.6535121E-01  -5.8149903E+01
   1.3772536E-01  -4.6844550E-01  -5.7978387E+01
   1.3864607E-01  -4.7156012E-01  -5.7806538E+01
   1.3957293E-01  -4.7469520E-01  -5.7634362E+01
   1.4050597E-01  -4.7785086E-01  -5.7461865E+01
   1.4144525E-01  -4.8102725E-01  -5.7289051E+01
   1.4239080E-01  -4.8422448E-01  -5.7115927E+01
   1.4334267E-01  -4.8744270E-01  -5.6942499E+01
   1.4430089E-01  -4.9068203E-01  -5.6768775E+01
   1.4526552E-01  -4.9394261E-01  -5.6594761E+01
   1.4623658E-01  -4.9722457E-01  -5.6420465E+01
   1.4721413E-01  -5.0052805E-01  -5.6245894E+01
   1.4819821E-01  -5.0385319E-01  -5.6071057E+01
   1.4918886E-01  -5.0720011E-01  -5.5895964E+01
   1.5018613E-01  -5.1056896E-01  -5.5720622E+01
   1.5119006E-01  -5.1395987E-01  -5.5545041E+01
   1.5220069E-01  -5.1737299E-01  -5.5369231E+01
   1.5321808E-01  -5.2080845E-01  -5.5193203E+01
   1.5424226E-01  -5.2426639E-01  -5.5016966E+01
   1.5527327E-01  -5.2774695E-01  -5.4840531E+01
   1.5631118E-01  -5.3125028E-01  -5.4663910E+01
   1.5735601E-01  -5.3477651E-01  -5.4487113E+01
   1.5840783E-01  -5.3832580E-01  -5.4310152E+01
   1.5946667E-01  -5.4189827E-01  -5.4133039E+01
   1.6053257E-01  -5.4549409E-01  -5.3955784E+01
   1.6160560E-01  -5.4911339E-01  -5.3778399E+01
   1.6268580E-01  -5.5275633E-01  -5.3600895E+01
   1.6377321E-01  -5.5642304E-01  -5.3423284E+01
   1.6486788E-01  -5.6011367E-01  -5.3245575E+01
   1.6596986E-01  -5.6382838E-01  -5.3067780E+01
   1.6707921E-01  -5.6756731E-01  -5.2889908E+01
   1.6819596E-01  -5.7133061E-01  -5.2711968E+01
   1.6932017E-01  -5.7511843E-01  -5.2533969E+01
   1.7045188E-01  -5.7893093E-01  -5.2355917E+01
   1.7159116E-01  -5.8276826E-01  -5.2177820E+01
   1.7273805E-01  -5.8663057E-01  -5.1999683E+01
   1.7389259E-01  -5.9051801E-01  -5.1821511E+01
   1.7505485E-01  -5.9443074E-01  -5.1643305E+01
   1.7622486E-01  -5.9836891E-01  -5.1465070E+01
   1.7740270E-01  -6.0233268E-01  -5.1286803E+01
   1.7858839E-01  -6.0632221E-01  -5.1108506E+01
   1.7978201E-01  -6.1033765E-01  -5.0930174E+01
   1.8098360E-01  -6.1437917E-01  -5.0751806E+01
   1.8219321E-01  -6.1844692E-01  -5.0573396E+01
   1.8341091E-01  -6.2254105E-01  -5.0394938E+01
   1.8463673E-01  -6.2666175E-01  -5.0216425E+01
   1.8587074E-01  -6.3080915E-01  -5.0037849E+01
   1.8711300E-01  -6.3498343E-01  -4.9859201E+01
   1.8836355E-01  -6.3918475E-01  -4.9680474E+01
   1.8962245E-01  -6.4341327E-01  -4.9501658E+01
   1.9088976E-01  -6.4766916E-01  -4.9322743E+01
   1.9216553E-01  -6.5195258E-01  -4.9143720E+01
   1.9344983E-01  -6.5626370E-01  -4.8964582E+01
   1.9474270E-01  -6.6060268E-01  -4.8785320E+01
   1.9604420E-01  -6.6496970E-01  -4.8605927E+01
   1.9735440E-01  -6.6936492E-01  -4.8426398E+01
   1.9867335E-01  -6.7378850E-01  -4.8246728E+01
   2.0000111E-01  -6.7824063E-01  -4.8066912E+01
   2.0133773E-01  -6.8272146E-01  -4.7886950E+01
   2.0268328E-01  -6.8723118E-01  -4.7706839E+01
   2.0403782E-01  -6.9176995E-01  -4.7526579E+01
   2.0540141E-01  -6.9633794E-01  -4.7346173E+01
   2.0677410E-01  -7.0093533E-01  -4.7165624E+01
   2.0815596E-01  -7.0556229E-01  -4.6984934E+01
   2.0954705E-01  -7.1021900E-01  -4.6804108E+01
   2.1094743E-01  -7.1490564E-01  -4.6623153E+01
   2.1235716E-01  -7.1962237E-01  -4.6442075E+01
   2.1377630E-01  -7.2436938E-01  -4.6260881E+01
   2.1520493E-01  -7.2914684E-01  -4.6079579E+01
   2.1664310E-01  -7.3395494E-01  -4.5898176E+01
   2.1809087E-01  -7.3879384E-01  -4.5716682E+01
   2.1954831E-01  -7.4366374E-01  -4.5535104E+01
   2.2101548E-01  -7.4856480E-01  -4.5353452E+01
   2.2249245E-01  -7.5349722E-01  -4.5171735E+01
   2.2397929E-01  -7.5846117E-01  -4.4989960E+01
   2.2547606E-01  -7.6345683E-01  -4.4808138E+01
   2.2698282E-01  -7.6848440E-01  -4.4626277E+01
   2.2849964E-01  -7.7354405E-01  -4.4444386E+01
   2.3002660E-01  -7.7863596E-01  -4.4262472E+01
   2.3156376E-01  -7.8376032E-01  -4.4080545E+01
   2.3311118E-01  -7.8891732E-01  -4.3898612E+01
   2.3466893E-01  -7.9410715E-01  -4.3716682E+01
   2.3623709E-01  -7.9932998E-01  -4.3534762E+01
   2.3781572E-01  -8.0458601E-01  -4.3352861E+01
   2.3940490E-01  -8.0987543E-01  -4.3170986E+01
   2.4100469E-01  -8.1519842E-01  -4.2989144E+01
   2.4261516E-01  -8.2055517E-01  -4.2807343E+01
   2.4423639E-01  -8.2594587E-01  -4.2625590E+01
   2.4586845E-01  -8.3137072E-01  -4.2443893E+01
   2.4751140E-01  -8.3682990E-01  -4.2262260E+01
   2.4916533E-01  -8.4232360E-01  -4.2080696E+01
   2.5083031E-01  -8.4785202E-01  -4.1899211E+01
   2.5250640E-01  -8.5341535E-01  -4.1717811E+01
   2.5419369E-01  -8.5901377E-01  -4.1536503E+01
   2.5589225E-01  -8.6464750E-01  -4.1355294E+01
   2.5760215E-01  -8.7031671E-01  -4.1174193E+01
   2.5932347E-01  -8.7602160E-01  -4.0993207E+01
   2.6105629E-01  -8.8176237E-01  -4.0812343E+01
   2.6280068E-01  -8.8753921E-01  -4.0631608E+01
   2.6455672E-01  -8.9335232E-01  -4.0451010E+01
   2.6632449E-01  -8.9920189E-01  -4.0270556E+01
   2.6810407E-01  -9.0508812E-01  -4.0090255E+01
   2.6989553E-01  -9.1101120E-01  -3.9910112E+01
   2.7169895E-01  -9.1697134E-01  -3.9730137E+01
   2.7351442E-01  -9.2296873E-01  -3.9550335E+01
   2.7534202E-01  -9.2900356E-01  -3.9370714E+01
   2.7718182E-01  -9.3507605E-01  -3.9191282E+01
   2.7903390E-01  -9.4118637E-01  -3.9012044E+01
   2.8089836E-01  -9.4733474E-01  -3.8833009E+01
   2.8277527E-01  -9.5352135E-01  -3.8654183E+01
   2.8466471E-01  -9.5974639E-01  -3.8475573E+01
   2.8656678E-01  -9.6601008E-01  -3.8297184E+01
   2.8848154E-01  -9.7231260E-01  -3.8119023E+01
   2.9040910E-01  -9.7865416E-01  -3.7941097E+01
   2.9234952E-01  -9.8503496E-01  -3.7763410E+01
   2.9430291E-01  -9.9145520E-01  -3.7585968E+01
   2.9626934E-01  -9.9791507E-01  -3.7408777E+01
   2.9824891E-01  -1.0044148E+00  -3.7231841E+01
   3.0024170E-01  -1.0109545E+00  -3.7055165E+01
   3.0224779E-01  -1.0175345E+00  -3.6878753E+01
   3.0426729E-01  -1.0241549E+00  -3.6702610E+01
   3.0630027E-01  -1.0308160E+00  -3.6526739E+01
   3.0834683E-01  -1.0375179E+00  -3.6351143E+01
   3.1040706E-01  -1.0442608E+00  -3.6175825E+01
   3.1248104E-01  -1.0510449E+00  -3.6000788E+01
   3.1456888E-01  -1.0578705E+00  -3.5826035E+01
   3.1667066E-01  -1.0647378E+00  -3.5651568E+01
   3.1878648E-01  -1.0716468E+00  -3.5477387E+01
   3.2091643E-01  -1.0785979E+00  -3.5303494E+01
   3.2306061E-01  -1.0855912E+00  -3.5129891E+01
   3.2521910E-01  -1.0926270E+00  -3.4956578E+01
   3.2739201E-01  -1.0997054E+00  -3.4783555E+01
   3.2957944E-01  -1.1068266E+00  -3.4610821E+01
   3.3178147E-01  -1.1139908E+00  -3.4438377E+01
   3.3399821E-01  -1.1211983E+00  -3.4266222E+01
   3.3622975E-01  -1.1284491E+00  -3.4094354E+01
   3.3847620E-01  -1.1357436E+00  -3.3922773E+01
   3.4073765E-01  -1.1430819E+00  -3.3751476E+01
   3.4301420E-01  -1.1504641E+00  -3.3580462E+01
   3.4530596E-01  -1.1578906E+00  -3.3409728E+01
   3.4761303E-01  -1.1653615E+00  -3.3239273E+01
   3.4993550E-01  -1.1728769E+00  -3.3069092E+01
   3.5227348E-01  -1.1804371E+00  -3.2899184E+01
   3.5462708E-01  -1.1880423E+00  -3.2729544E+01
   3.5699640E-01  -1.1956926E+00  -3.2560171E+01
   3.5938154E-01  -1.2033883E+00  -3.2391060E+01
   3.6178261E-01  -1.2111295E+00  -3.2222207E+01
   3.6419971E-01  -1.2189164E+00  -3.2053610E+01
   3.6663296E-01  -1.2267492E+00  -3.1885264E+01
   3.6908246E-01  -1.2346281E+00  -3.1717166E+01
   3.7154832E-01  -1.2425533E+00  -3.1549311E+01
   3.7403065E-01  -1.2505249E+00  -3.1381695E+01
   3.7652955E-01  -1.2585432E+00  -3.1214316E+01
   3.7904515E-01  -1.2666083E+00  -3.1047168E+01
   3.8157755E-01  -1.2747203E+00  -3.0880248E+01
   3.8412685E-01  -1.2828796E+00  -3.0713553E+01
   3.8669319E-01  -1.2910862E+00  -3.0547078E+01
   3.8927666E-01  -1.2993403E+00  -3.0380821E+01
   3.9187739E-01  -1.3076421E+00  -3.0214777E+01
   3.9449549E-01  -1.3159918E+00  -3.0048944E+01
   3.9713107E-01  -1.3243895E+00  -2.9883319E+01
   3.9978426E-01  -1.3328354E+00  -2.9717898E+01
   4.0245517E-01  -1.3413297E+00  -2.9552679E+01
   4.0514391E-01  -1.3498725E+00  -2.9387660E+01
   4.0785061E-01  -1.3584640E+00  -2.9222839E+01
   4.1057539E-01  -1.3671044E+00  -2.9058213E+01
   4.1331836E-01  -1.3757938E+00  -2.8893780E+01
   4.1607966E-01  -1.3845323E+00  -2.8729540E+01
   4.1885939E-01  -1.3933201E+00  -2.8565491E+01
   4.2165769E-01  -1.4021575E+00  -2.8401631E+01
   4.2447468E-01  -1.4110444E+00  -2.8237961E+01
   4.2731049E-01  -1.4199811E+00  -2.8074480E+01
   4.3016523E-01  -1.4289676E+00  -2.7911187E+01
   4.3303904E-01  -1.4380042E+00  -2.7748083E+01
   4.3593204E-01  -1.4470910E+00  -2.7585170E+01
   4.3884437E-01  -1.4562281E+00  -2.7422447E+01
   4.4177614E-01  -1.4654157E+00  -2.7259917E+01
   4.4472749E-01  -1.4746538E+00  -2.7097582E+01
   4.4769856E-01  -1.4839426E+00  -2.6935446E+01
   4.5068947E-01  -1.4932822E+00  -2.6773514E+01
   4.5370035E-01  -1.5026727E+00  -2.6611790E+01
   4.5673134E-01  -1.5121143E+00  -2.6450282E+01
   4.5978258E-01  -1.5216070E+00  -2.6288998E+01
   4.6285419E-01  -1.5311510E+00  -2.6127950E+01
   4.6594631E-01  -1.5407464E+00  -2.5967150E+01
   4.6905909E-01  -1.5503932E+00  -2.5806614E+01
   4.7219266E-01  -1.5600916E+00  -2.5646360E+01
   4.7534715E-01  -1.5698416E+00  -2.5486410E+01
   4.7852272E-01  -1.5796433E+00  -2.5326791E+01
   4.8171949E-01  -1.5894969E+00  -2.5167530E+01
   4.8493761E-01  -1.5994023E+00  -2.5008662E+01
   4.8817722E-01  -1.6093597E+00  -2.4850226E+01
   4.9143847E-01  -1.6193691E+00  -2.4692262E+01
   4.9472151E-01  -1.6294307E+00  -2.4534818E+01
   4.9802646E-01  -1.6395443E+00  -2.4377945E+01
   5.0135349E-01  -1.6497102E+00  -2.4221697E+01
   5.0470274E-01  -1.6599283E+00  -2.4066132E+01
   5.0807436E-01  -1.6701987E+00  -2.3911309E+01
   5.1146850E-01  -1.6805214E+00  -2.3757288E+01
   5.1488530E-01  -1.6908965E+00  -2.3604131E+01
   5.1832493E-01  -1.7013239E+00  -2.3451896E+01
   5.2178752E-01  -1.7118038E+00  -2.3300636E+01
   5.2527324E-01  -1.7223360E+00  -2.3150401E+01
   5.2878224E-01  -1.7329207E+00  -2.3001231E+01
   5.3231468E-01  -1.7435577E+00  -2.2853156E+01
   5.3587071E-01  -1.7542472E+00  -2.2706193E+01
   5.3945049E-01  -1.7649890E+00  -2.2560345E+01
   5.4305417E-01  -1.7757832E+00  -2.2415598E+01
   5.4668193E-01  -1.7866297E+00  -2.2271923E+01
   5.5033391E-01  -1.7975286E+00  -2.2129272E+01
   5.5401028E-01  -1.8084796E+00  -2.1987579E+01
   5.5771121E-01  -1.8194829E+00  -2.1846765E+01
   5.6143685E-01  -1.8305382E+00  -2.1706735E+01
   5.6518738E-01  -1.8416457E+00  -2.1567386E+01
   5.6896295E-01  -1.8528051E+00  -2.1428607E+01
   5.7276374E-01  -1.8640164E+00  -2.1290285E+01
   5.7658991E-01  -1.8752796E+00  -2.1152309E+01
   5.8044164E-01  -1.8865944E+00  -2.1014576E+01
   5.8431909E-01  -1.8979608E+00  -2.0876990E+01
   5.8822244E-01  -1.9093786E+00  -2.0739469E+01
   5.9215185E-01  -1.9208478E+00  -2.0601945E+01
   5.9610751E-01  -1.9323682E+00  -2.0464365E+01
   6.0008959E-01  -1.9439396E+00  -2.0326695E+01
   6.0409827E-01  -1.9555619E+00  -2.0188913E+01
   6.0813371E-01  -1.9672348E+00  -2.0051010E+01
   6.1219611E-01  -1.9789583E+00  -1.9912993E+01
   6.1628564E-01  -1.9907321E+00  -1.9774875E+01
   6.2040248E-01  -2.0025560E+00  -1.9636678E+01
   6.2454681E-01  -2.0144297E+00  -1.9498431E+01
   6.2871883E-01  -2.0263531E+00  -1.9360166E+01
   6.3291870E-01  -2.0383259E+00  -1.9221917E+01
   6.3714663E-01  -2.0503479E+00  -1.9083718E+01
   6.4140279E-01  -2.0624188E+00  -1.8945605E+01
   6.4568738E-01  -2.0745382E+00  -1.8807612E+01
   6.5000059E-01  -2.0867060E+00  -1.8669770E+01
   6.5434260E-01  -2.0989217E+00  -1.8532109E+01
   6.5871361E-01  -2.1111852E+00  -1.8394657E+01
   6.6311381E-01  -2.1234959E+00  -1.8257440E+01
   6.6754340E-01  -2.1358537E+00  -1.8120481E+01
   6.7200257E-01  -2.1482581E+00  -1.7983799E+01
   6.7649152E-01  -2.1607087E+00  -1.7847414E+01
   6.8101046E-01  -2.1732052E+00  -1.7711342E+01
   6.8555957E-01  -2.1857470E+00  -1.7575598E+01
   6.9013907E-01  -2.1983339E+00  -1.7440195E+01
   6.9474915E-01  -2.2109654E+00  -1.7305145E+01
   6.9939002E-01  -2.2236409E+00  -1.7170457E+01
   7.0406189E-01  -2.2363601E+00  -1.7036141E+01
   7.0876495E-01  -2.2491223E+00  -1.6902206E+01
   7.1349943E-01  -2.2619272E+00  -1.6768658E+01
   7.1826553E-01  -2.2747742E+00  -1.6635506E+01
   7.2306345E-01  -2.2876626E+00  -1.6502755E+01
   7.2789343E-01  -2.3005920E+00  -1.6370412E+01
   7.3275565E-01  -2.3135618E+00  -1.6238483E+01
   7.3765036E-01  -2.3265713E+00  -1.6106974E+01
   7.4257775E-01  -2.3396200E+00  -1.5975891E+01
   7.4753805E-01  -2.3527071E+00  -1.5845241E+01
   7.5253148E-01  -2.3658320E+00  -1.5715030E+01
   7.5755826E-01  -2.3789940E+00  -1.5585264E+01
   7.6261861E-01  -2.3921924E+00  -1.5455951E+01
   7.6771275E-01  -2.4054265E+00  -1.5327098E+01
   7.7284092E-01  -2.4186954E+00  -1.5198711E+01
   7.7800334E-01  -2.4319985E+00  -1.5070800E+01
   7.8320023E-01  -2.4453349E+00  -1.4943371E+01
   7.8843184E-01  -2.4587037E+00  -1.4816435E+01
   7.9369838E-01  -2.4721042E+00  -1.4689999E+01
   7.9900010E-01  -2.4855354E+00  -1.4564073E+01
   8.0433722E-01  -2.4989964E+00  -1.4438666E+01
   8.0970999E-01  -2.5124864E+00  -1.4313787E+01
   8.1511864E-01  -2.5260042E+00  -1.4189447E+01
   8.2056342E-01  -2.5395491E+00  -1.4065655E+01
   8.2604456E-01  -2.5531199E+00  -1.3942422E+01
   8.3156230E-01  -2.5667156E+00  -1.3819757E+01
   8.3711690E-01  -2.5803351E+00  -1.3697671E+01
   8.4270859E-01  -2.5939773E+00  -1.3576174E+01
   8.4833763E-01  -2.6076412E+00  -1.3455276E+01
   8.5400427E-01  -2.6213255E+00  -1.3334987E+01
   8.5970874E-01  -2.6350291E+00  -1.3215318E+01
   8.6545132E-01  -2.6487507E+00  -1.3096277E+01
   8.7123225E-01  -2.6624891E+00  -1.2977875E+01
   8.7705179E-01  -2.6762431E+00  -1.2860122E+01
   8.8291019E-01  -2.6900112E+00  -1.2743026E+01
   8.8880772E-01  -2.7037921E+00  -1.2626598E+01
   8.9474464E-01  -2.7175845E+00  -1.2510844E+01
   9.0072121E-01  -2.7313869E+00  -1.2395775E+01
   9.0673769E-01  -2.7451979E+00  -1.2281399E+01
   9.1279436E-01  -2.7590160E+00  -1.2167723E+01
   9.1889148E-01  -2.7728396E+00  -1.2054755E+01
   9.2502931E-01  -2.7866673E+00  -1.1942502E+01
   9.3120814E-01  -2.8004973E+00  -1.1830972E+01
   9.3742824E-01  -2.8143280E+00  -1.1720171E+01
   9.4368987E-01  -2.8281579E+00  -1.1610104E+01
   9.4999333E-01  -2.8419850E+00  -1.1500779E+01
   9.5633889E-01  -2.8558078E+00  -1.1392201E+01
   9.6272682E-01  -2.8696243E+00  -1.1284374E+01
   9.6915742E-01  -2.8834328E+00  -1.1177304E+01
   9.7563096E-01  -2.8972312E+00  -1.1070994E+01
   9.8214774E-01  -2.9110179E+00  -1.0965449E+01
   9.8870804E-01  -2.9247906E+00  -1.0860673E+01
   9.9531216E-01  -2.9385474E+00  -1.0756669E+01
   1.0019604E+00  -2.9522864E+00  -1.0653440E+01
   1.0086530E+00  -2.9660052E+00  -1.0550988E+01
   1.0153903E+00  -2.9797018E+00  -1.0449315E+01
   1.0221726E+00  -2.9933740E+00  -1.0348424E+01
   1.0290003E+00  -3.0070195E+00  -1.0248316E+01
   1.0358735E+00  -3.0206360E+00  -1.0148993E+01
   1.0427926E+00  -3.0342212E+00  -1.0050454E+01
   1.0497579E+00  -3.0477726E+00  -9.9527010E+00
   1.0567698E+00  -3.0612879E+00  -9.8557341E+00
   1.0638284E+00  -3.0747644E+00  -9.7595531E+00
   1.0709343E+00  -3.0881996E+00  -9.6641578E+00
   1.0780875E+00  -3.1015909E+00  -9.5695476E+00
   1.0852886E+00  -3.1149357E+00  -9.4757217E+00
   1.0925377E+00  -3.1282312E+00  -9.3826791E+00
   1.0998353E+00  -3.1414746E+00  -9.2904183E+00
   1.1071816E+00  -3.1546631E+00  -9.1989379E+00
   1.1145769E+00  -3.1677937E+00  -9.1082361E+00
   1.1220217E+00  -3.1808637E+00  -9.0183110E+00
   1.1295162E+00  -3.1938698E+00  -8.9291604E+00
   1.1370607E+00  -3.2068090E+00  -8.8407819E+00
   1.1446556E+00  -3.2196783E+00  -8.7531730E+00
   1.1523012E+00  -3.2324743E+00  -8.6663312E+00
   1.1599979E+00  -3.2451939E+00  -8.5802536E+00
   1.1677460E+00  -3.2578337E+00  -8.4949372E+00
   1.1755459E+00  -3.2703904E+00  -8.4103790E+00
   1.1833978E+00  -3.2828603E+00  -8.3265758E+00
   1.1913022E+00  -3.2952402E+00  -8.2435243E+00
   1.1992594E+00  -3.3075262E+00  -8.1612212E+00
   1.2072697E+00  -3.3197149E+00  -8.0796630E+00
   1.2153335E+00  -3.3318024E+00  -7.9988462E+00
   1.2234512E+00  -3.3437851E+00  -7.9187673E+00
   1.2316231E+00  -3.3556589E+00  -7.8394225E+00
   1.2398495E+00  -3.3674200E+00  -7.7608082E+00
   1.2481309E+00  -3.3790643E+00  -7.6829207E+00
   1.2564676E+00  -3.3905879E+00  -7.6057564E+00
   1.2648600E+00  -3.4019864E+00  -7.5293114E+00
   1.2733084E+00  -3.4132558E+00  -7.4535819E+00
   1.2818133E+00  -3.4243916E+00  -7.3785644E+00
   1.2903750E+00  -3.4353896E+00  -7.3042549E+00
   1.2989938E+00  -3.4462452E+00  -7.2306497E+00
   1.3076702E+00  -3.4569540E+00  -7.1577452E+00
   1.3164046E+00  -3.4675112E+00  -7.0855377E+00
   1.3251972E+00  -3.4779123E+00  -7.0140234E+00
   1.3340487E+00  -3.4881524E+00  -6.9431987E+00
   1.3429592E+00  -3.4982268E+00  -6.8730601E+00
   1.3519292E+00  -3.5081304E+00  -6.8036039E+00
   1.3609592E+00  -3.5178582E+00  -6.7348267E+00
   1.3700494E+00  -3.5274053E+00  -6.6667249E+00
   1.3792004E+00  -3.5367663E+00  -6.5992952E+00
   1.3884124E+00  -3.5459360E+00  -6.5325342E+00
   1.3976860E+00  -3.5549091E+00  -6.4664386E+00
   1.4070216E+00  -3.5636802E+00  -6.4010050E+00
   1.4164195E+00  -3.5722437E+00  -6.3362303E+00
   1.4258801E+00  -3.5805940E+00  -6.2721114E+00
   1.4354039E+00  -3.5887254E+00  -6.2086451E+00
   1.4449914E+00  -3.5966323E+00  -6.1458283E+00
   1.4546428E+00  -3.6043086E+00  -6.0836582E+00
   1.4643588E+00  -3.6117485E+00  -6.0221318E+00
   1.4741396E+00  -3.6189459E+00  -5.9612462E+00
   1.4839857E+00  -3.6258947E+00  -5.9009987E+00
   1.4938976E+00  -3.6325887E+00  -5.8413863E+00
   1.5038757E+00  -3.6390216E+00  -5.7824065E+00
   1.5139205E+00  -3.6451869E+00  -5.7240566E+00
   1.5240323E+00  -3.6510783E+00  -5.6663339E+00
   1.5342116E+00  -3.6566891E+00  -5.6092359E+00
   1.5444590E+00  -3.6620127E+00  -5.5527600E+00
   1.5547748E+00  -3.6670423E+00  -5.4969037E+00
   1.5651594E+00  -3.6717711E+00  -5.4416646E+00
   1.5756135E+00  -3.6761922E+00  -5.3870402E+00
   1.5861373E+00  -3.6802985E+00  -5.3330279E+00
   1.5967314E+00  -3.6840830E+00  -5.2796255E+00
   1.6073963E+00  -3.6875384E+00  -5.2268303E+00
   1.6181324E+00  -3.6906575E+00  -5.1746399E+00
   1.6289403E+00  -3.6934329E+00  -5.1230518E+00
   1.6398203E+00  -3.6958571E+00  -5.0720635E+00
   1.6507729E+00  -3.6979226E+00  -5.0216722E+00
   1.6617987E+00  -3.6996218E+00  -4.9718754E+00
   1.6728982E+00  -3.7009469E+00  -4.9226702E+00
   1.6840718E+00  -3.7018901E+00  -4.8740537E+00
   1.6953200E+00  -3.7024436E+00  -4.8260229E+00
   1.7066433E+00  -3.7025994E+00  -4.7785747E+00
   1.7180422E+00  -3.7023494E+00  -4.7317058E+00
   1.7295173E+00  -3.7016855E+00  -4.6854127E+00
   1.7410690E+00  -3.7005994E+00  -4.6396917E+00
   1.7526979E+00  -3.6990830E+00  -4.5945389E+00
   1.7644044E+00  -3.6971277E+00  -4.5499503E+00
   1.7761892E+00  -3.6947253E+00  -4.5059215E+00
   1.7880526E+00  -3.6918671E+00  -4.4624479E+00
   1.7999952E+00  -3.6885445E+00  -4.4195248E+00
   1.8120176E+00  -3.6847489E+00  -4.3771471E+00
   1.8241203E+00  -3.6804716E+00  -4.3353094E+00
   1.8363039E+00  -3.6757038E+00  -4.2940060E+00
   1.8485688E+00  -3.6704366E+00  -4.2532312E+00
   1.8609156E+00  -3.6646610E+00  -4.2129787E+00
   1.8733449E+00  -3.6583682E+00  -4.1732422E+00
   1.8858572E+00  -3.6515491E+00  -4.1340150E+00
   1.8984530E+00  -3.6441945E+00  -4.0952902E+00
   1.9111330E+00  -3.6362953E+00  -4.0570607E+00
   1.9238977E+00  -3.6278424E+00  -4.0193191E+00
   1.9367476E+00  -3.6188265E+00  -3.9820579E+00
   1.9496833E+00  -3.6092384E+00  -3.9452695E+00
   1.9627055E+00  -3.5990687E+00  -3.9089460E+00
   1.9758145E+00  -3.5883081E+00  -3.8730795E+00
   1.9890112E+00  -3.5769472E+00  -3.8376619E+00
   2.0022960E+00  -3.5649766E+00  -3.8026852E+00
   2.0156695E+00  -3.5523870E+00  -3.7681411E+00
   2.0291323E+00  -3.5391688E+00  -3.7340214E+00
   2.0426851E+00  -3.5253126E+00  -3.7003181E+00
   2.0563283E+00  -3.5108091E+00  -3.6670230E+00
   2.0700627E+00  -3.4956487E+00  -3.6341281E+00
   2.0838888E+00  -3.4798220E+00  -3.6016252E+00
   2.0978072E+00  -3.4633196E+00  -3.5695066E+00
   2.1118186E+00  -3.4461321E+00  -3.5377645E+00
   2.1259236E+00  -3.4282500E+00  -3.5063912E+00
   2.1401227E+00  -3.4096640E+00  -3.4753792E+00
   2.1544168E+00  -3.3903649E+00  -3.4447213E+00
   2.1688062E+00  -3.3703432E+00  -3.4144102E+00
   2.1832918E+00  -3.3495899E+00  -3.3844391E+00
   2.1978741E+00  -3.3280956E+00  -3.3548011E+00
   2.2125538E+00  -3.3058514E+00  -3.3254898E+00
   2.2273316E+00  -3.2828482E+00  -3.2964986E+00
   2.2422080E+00  -3.2590770E+00  -3.2678215E+00
   2.2571838E+00  -3.2345290E+00  -3.2394525E+00
   2.2722596E+00  -3.2091954E+00  -3.2113857E+00
   2.2874361E+00  -3.1830677E+00  -3.1836158E+00
   2.3027140E+00  -3.1561372E+00  -3.1561372E+00
   2.3180939E+00  -3.1289447E+00  -3.1289447E+00
   2.3335765E+00  -3.1020335E+00  -3.1020335E+00
   2.3491625E+00  -3.0753985E+00  -3.0753985E+00
   2.3648526E+00  -3.0490352E+00  -3.0490352E+00
   2.3806475E+00  -3.0229391E+00  -3.0229391E+00
   2.3965479E+00  -2.9971059E+00  -2.9971059E+00
   2.4125544E+00  -2.9715312E+00  -2.9715312E+00
   2.4286679E+00  -2.9462111E+00  -2.9462111E+00
   2.4448890E+00  -2.9211416E+00  -2.9211416E+00
   2.4612184E+00  -2.8963189E+00  -2.8963189E+00
   2.4776569E+00  -2.8717394E+00  -2.8717394E+00
   2.4942052E+00  -2.8473994E+00  -2.8473994E+00
   2.5108640E+00  -2.8232954E+00  -2.8232954E+00
   2.5276340E+00  -2.7994241E+00  -2.7994241E+00
   2.5445161E+00  -2.7757822E+00  -2.7757822E+00
   2.5615109E+00  -2.7523663E+00  -2.7523663E+00
   2.5786192E+00  -2.7291734E+00  -2.7291734E+00
   2.5958418E+00  -2.7062004E+00  -2.7062004E+00
   2.6131793E+00  -2.6834443E+00  -2.6834443E+00
   2.6306327E+00  -2.6609020E+00  -2.6609020E+00
   2.6482027E+00  -2.6385707E+00  -2.6385707E+00
   2.6658900E+00  -2.6164474E+00  -2.6164474E+00
   2.6836954E+00  -2.5945294E+00  -2.5945294E+00
   2.7016197E+00  -2.5728139E+00  -2.5728139E+00
   2.7196637E+00  -2.5512980E+00  -2.5512980E+00
   2.7378283E+00  -2.5299791E+00  -2.5299791E+00
   2.7561142E+00  -2.5088544E+00  -2.5088544E+00
   2.7745222E+00  -2.4879213E+00  -2.4879213E+00
   2.7930531E+00  -2.4671770E+00  -2.4671770E+00
   2.8117078E+00  -2.4466189E+00  -2.4466189E+00
   2.8304871E+00  -2.4262444E+00  -2.4262444E+00
   2.8493918E+00  -2.4060507E+00  -2.4060507E+00
   2.8684227E+00  -2.3860353E+00  -2.3860353E+00
   2.8875808E+00  -2.3661955E+00  -2.3661955E+00
   2.9068668E+00  -2.3465287E+00  -2.3465287E+00
   2.9262816E+00  -2.3270322E+00  -2.3270322E+00
   2.9458261E+00  -2.3077033E+00  -2.3077033E+00
   2.9655011E+00  -2.2885394E+00  -2.2885394E+00
   2.9853075E+00  -2.2695379E+00  -2.2695379E+00
   3.0052462E+00  -2.2506960E+00  -2.2506960E+00
   3.0253180E+00  -2.2320110E+00  -2.2320110E+00
   3.0455239E+00  -2.2134802E+00  -2.2134802E+00
   3.0658648E+00  -2.1951009E+00  -2.1951009E+00
   3.0863415E+00  -2.1768703E+00  -2.1768703E+00
   3.1069550E+00  -2.1587857E+00  -2.1587857E+00
   3.1277061E+00  -2.1408442E+00  -2.1408442E+00
   3.1485958E+00  -2.1230429E+00  -2.1230429E+00
   3.1696251E+00  -2.1053792E+00  -2.1053792E+00
   3.1907947E+00  -2.0878500E+00  -2.0878500E+00
   3.2121058E+00  -2.0704525E+00  -2.0704525E+00
   3.2335592E+00  -2.0531838E+00  -2.0531838E+00
   3.2551559E+00  -2.0360408E+00  -2.0360408E+00
   3.2768968E+00  -2.0190208E+00  -2.0190208E+00
   3.2987829E+00  -2.0021205E+00  -2.0021205E+00
   3.3208152E+00  -1.9853371E+00  -1.9853371E+00
   3.3429946E+00  -1.9686675E+00  -1.9686675E+00
   3.3653222E+00  -1.9521086E+00  -1.9521086E+00
   3.3877988E+00  -1.9356573E+00  -1.9356573E+00
   3.4104256E+00  -1.9193107E+00  -1.9193107E+00
   3.4332035E+00  -1.9030656E+00  -1.9030656E+00
   3.4561335E+00  -1.8869189E+00  -1.8869189E+00
   3.4792167E+00  -1.8708675E+00  -1.8708675E+00
   3.5024540E+00  -1.8549083E+00  -1.8549083E+00
   3.5258466E+00  -1.8390384E+00  -1.8390384E+00
   3.5493953E+00  -1.8232545E+00  -1.8232545E+00
   3.5731014E+00  -1.8075538E+00  -1.8075538E+00
   3.5969657E+00  -1.7919332E+00  -1.7919332E+00
   3.6209895E+00  -1.7763897E+00  -1.7763897E+00
   3.6451736E+00  -1.7609206E+00  -1.7609206E+00
   3.6695193E+00  -1.7455229E+00  -1.7455229E+00
   3.6940276E+00  -1.7301940E+00  -1.7301940E+00
   3.7186996E+00  -1.7149311E+00  -1.7149311E+00
   3.7435364E+00  -1.6997317E+00  -1.6997317E+00
   3.7685390E+00  -1.6845934E+00  -1.6845934E+00
   3.7937086E+00  -1.6695138E+00  -1.6695138E+00
   3.8190463E+00  -1.6544908E+00  -1.6544908E+00
   3.8445533E+00  -1.6395222E+00  -1.6395222E+00
   3.8702305E+00  -1.6246062E+00  -1.6246062E+00
   3.8960793E+00  -1.6097412E+00  -1.6097412E+00
   3.9221007E+00  -1.5949256E+00  -1.5949256E+00
   3.9482959E+00  -1.5801581E+00  -1.5801581E+00
   3.9746661E+00  -1.5654377E+00  -1.5654377E+00
   4.0012123E+00  -1.5507635E+00  -1.5507635E+00
   4.0279359E+00  -1.5361349E+00  -1.5361349E+00
   4.0548379E+00  -1.5215515E+00  -1.5215515E+00
   4.0819196E+00  -1.5070134E+00  -1.5070134E+00
   4.1091822E+00  -1.4925208E+00  -1.4925208E+00
   4.1366269E+00  -1.4780740E+00  -1.4780740E+00
   4.1642548E+00  -1.4636740E+00  -1.4636740E+00
   4.1920673E+00  -1.4493218E+00  -1.4493218E+00
   4.2200655E+00  -1.4350188E+00  -1.4350188E+00
   4.2482507E+00  -1.4207667E+00  -1.4207667E+00
   4.2766241E+00  -1.4065676E+00  -1.4065676E+00
   4.3051870E+00  -1.3924237E+00  -1.3924237E+00
   4.3339407E+00  -1.3783377E+00  -1.3783377E+00
   4.3628864E+00  -1.3643124E+00  -1.3643124E+00
   4.3920255E+00  -1.3503511E+00  -1.3503511E+00
   4.4213592E+00  -1.3364572E+00  -1.3364572E+00
   4.4508887E+00  -1.3226345E+00  -1.3226345E+00
   4.4806155E+00  -1.3088869E+00  -1.3088869E+00
   4.5105408E+00  -1.2952186E+00  -1.2952186E+00
   4.5406660E+00  -1.2816341E+00  -1.2816341E+00
   4.5709924E+00  -1.2681378E+00  -1.2681378E+00
   4.6015213E+00  -1.2547347E+00  -1.2547347E+00
   4.6322541E+00  -1.2414296E+00  -1.2414296E+00
   4.6631922E+00  -1.2282275E+00  -1.2282275E+00
   4.6943368E+00  -1.2151335E+00  -1.2151335E+00
   4.7256895E+00  -1.2021527E+00  -1.2021527E+00
   4.7572516E+00  -1.1892905E+00  -1.1892905E+00
   4.7890245E+00  -1.1765520E+00  -1.1765520E+00
   4.8210095E+00  -1.1639423E+00  -1.1639423E+00
   4.8532082E+00  -1.1514667E+00  -1.1514667E+00
   4.8856220E+00  -1.1391300E+00  -1.1391300E+00
   4.9182522E+00  -1.1269374E+00  -1.1269374E+00
   4.9511003E+00  -1.1148935E+00  -1.1148935E+00
   4.9841678E+00  -1.1030030E+00  -1.1030030E+00
   5.0174562E+00  -1.0912704E+00  -1.0912704E+00
   5.0509669E+00  -1.0796998E+00  -1.0796998E+00
   5.0847014E+00  -1.0682952E+00  -1.0682952E+00
   5.1186612E+00  -1.0570604E+00  -1.0570604E+00
   5.1528478E+00  -1.0459987E+00  -1.0459987E+00
   5.1872627E+00  -1.0351134E+00  -1.0351134E+00
   5.2219074E+00  -1.0244071E+00  -1.0244071E+00
   5.2567836E+00  -1.0138825E+00  -1.0138825E+00
   5.2918926E+00  -1.0035416E+00  -1.0035416E+00
   5.3272362E+00  -9.9338614E-01  -9.9338614E-01
   5.3628158E+00  -9.8341755E-01  -9.8341755E-01
   5.3986330E+00  -9.7363683E-01  -9.7363683E-01
   5.4346894E+00  -9.6404460E-01  -9.6404460E-01
   5.4709867E+00  -9.5464107E-01  -9.5464107E-01
   5.5075263E+00  -9.4542606E-01  -9.4542606E-01
   5.5443100E+00  -9.3639900E-01  -9.3639900E-01
   5.5813394E+00  -9.2755889E-01  -9.2755889E-01
   5.6186160E+00  -9.1890437E-01  -9.1890437E-01
   5.6561416E+00  -9.1043363E-01  -9.1043363E-01
   5.6939179E+00  -9.0214452E-01  -9.0214452E-01
   5.7319464E+00  -8.9403445E-01  -8.9403445E-01
   5.7702289E+00  -8.8610048E-01  -8.8610048E-01
   5.8087671E+00  -8.7833929E-01  -8.7833929E-01
   5.8475627E+00  -8.7074717E-01  -8.7074717E-01
   5.8866174E+00  -8.6332009E-01  -8.6332009E-01
   5.9259329E+00  -8.5605365E-01  -8.5605365E-01
   5.9655109E+00  -8.4894314E-01  -8.4894314E-01
   6.0053533E+00  -8.4198350E-01  -8.4198350E-01
   6.0454618E+00  -8.3516941E-01  -8.3516941E-01
   6.0858382E+00  -8.2849524E-01  -8.2849524E-01
   6.1264842E+00  -8.2195510E-01  -8.2195510E-01
   6.1674017E+00  -8.1554284E-01  -8.1554284E-01
   6.2085925E+00  -8.0925209E-01  -8.0925209E-01
   6.2500583E+00  -8.0307628E-01  -8.0307628E-01
   6.2918011E+00  -7.9700862E-01  -7.9700862E-01
   6.3338227E+00  -7.9104219E-01  -7.9104219E-01
   6.3761249E+00  -7.8516991E-01  -7.8516991E-01
   6.4187097E+00  -7.7938456E-01  -7.7938456E-01
   6.4615788E+00  -7.7367886E-01  -7.7367886E-01
   6.5047343E+00  -7.6804545E-01  -7.6804545E-01
   6.5481780E+00  -7.6247690E-01  -7.6247690E-01
   6.5919118E+00  -7.5696580E-01  -7.5696580E-01
   6.6359377E+00  -7.5150470E-01  -7.5150470E-01
   6.6802577E+00  -7.4608623E-01  -7.4608623E-01
   6.7248736E+00  -7.4070306E-01  -7.4070306E-01
   6.7697875E+00  -7.3534792E-01  -7.3534792E-01
   6.8150014E+00  -7.3001370E-01  -7.3001370E-01
   6.8605173E+00  -7.2469340E-01  -7.2469340E-01
   6.9063371E+00  -7.1938018E-01  -7.1938018E-01
   6.9524629E+00  -7.1406739E-01  -7.1406739E-01
   6.9988968E+00  -7.0874861E-01  -7.0874861E-01
   7.0456409E+00  -7.0341764E-01  -7.0341764E-01
   7.0926971E+00  -6.9806852E-01  -6.9806852E-01
   7.1400675E+00  -6.9269561E-01  -6.9269561E-01
   7.1877544E+00  -6.8729351E-01  -6.8729351E-01
   7.2357597E+00  -6.8185719E-01  -6.8185719E-01
   7.2840857E+00  -6.7638192E-01  -6.7638192E-01
   7.3327343E+00  -6.7086330E-01  -6.7086330E-01
   7.3817079E+00  -6.6529731E-01  -6.6529731E-01
   7.4310086E+00  -6.5968030E-01  -6.5968030E-01
   7.4806386E+00  -6.5400898E-01  -6.5400898E-01
   7.5306000E+00  -6.4828043E-01  -6.4828043E-01
   7.5808950E+00  -6.4249215E-01  -6.4249215E-01
   7.6315260E+00  -6.3664200E-01  -6.3664200E-01
   7.6824951E+00  -6.3072824E-01  -6.3072824E-01
   7.7338047E+00  -6.2474951E-01  -6.2474951E-01
   7.7854569E+00  -6.1870483E-01  -6.1870483E-01
   7.8374540E+00  -6.1259361E-01  -6.1259361E-01
   7.8897985E+00  -6.0641561E-01  -6.0641561E-01
   7.9424925E+00  -6.0017096E-01  -6.0017096E-01
   7.9955385E+00  -5.9386015E-01  -5.9386015E-01
   8.0489387E+00  -5.8748398E-01  -5.8748398E-01
   8.1026956E+00  -5.8104359E-01  -5.8104359E-01
   8.1568115E+00  -5.7454043E-01  -5.7454043E-01
   8.2112888E+00  -5.6797624E-01  -5.6797624E-01
   8.2661299E+00  -5.6135303E-01  -5.6135303E-01
   8.3213374E+00  -5.5467306E-01  -5.5467306E-01
   8.3769135E+00  -5.4793884E-01  -5.4793884E-01
   8.4328608E+00  -5.4115312E-01  -5.4115312E-01
   8.4891817E+00  -5.3431881E-01  -5.3431881E-01
   8.5458788E+00  -5.2743904E-01  -5.2743904E-01
   8.6029546E+00  -5.2051708E-01  -5.2051708E-01
   8.6604115E+00  -5.1355636E-01  -5.1355636E-01
   8.7182522E+00  -5.0656044E-01  -5.0656044E-01
   8.7764792E+00  -4.9953296E-01  -4.9953296E-01
   8.8350951E+00  -4.9247769E-01  -4.9247769E-01
   8.8941024E+00  -4.8539844E-01  -4.8539844E-01
   8.9535038E+00  -4.7829909E-01  -4.7829909E-01
   9.0133020E+00  -4.7118357E-01  -4.7118357E-01
   9.0734995E+00  -4.6405581E-01  -4.6405581E-01
   9.1340990E+00  -4.5691977E-01  -4.5691977E-01
   9.1951033E+00  -4.4977940E-01  -4.4977940E-01
   9.2565150E+00  -4.4263863E-01  -4.4263863E-01
   9.3183368E+00  -4.3550137E-01  -4.3550137E-01
   9.3805716E+00  -4.2837147E-01  -4.2837147E-01
   9.4432219E+00  -4.2125275E-01  -4.2125275E-01
   9.5062907E+00  -4.1414896E-01  -4.1414896E-01
   9.5697807E+00  -4.0706379E-01  -4.0706379E-01
   9.6336948E+00  -4.0000083E-01  -4.0000083E-01
   9.6980356E+00  -3.9296361E-01  -3.9296361E-01
   9.7628063E+00  -3.8595556E-01  -3.8595556E-01
   9.8280094E+00  -3.7898002E-01  -3.7898002E-01
   9.8936481E+00  -3.7204021E-01  -3.7204021E-01
   9.9597251E+00  -3.6513926E-01  -3.6513926E-01
   1.0026243E+01  -3.5828019E-01  -3.5828019E-01
   1.0093206E+01  -3.5146591E-01  -3.5146591E-01
   1.0160616E+01  -3.4469921E-01  -3.4469921E-01
   1.0228476E+01  -3.3798277E-01  -3.3798277E-01
   1.0296789E+01  -3.3131915E-01  -3.3131915E-01
   1.0365559E+01  -3.2471080E-01  -3.2471080E-01
   1.0434787E+01  -3.1816003E-01  -3.1816003E-01
   1.0504478E+01  -3.1166906E-01  -3.1166906E-01
   1.0574635E+01  -3.0523998E-01  -3.0523998E-01
   1.0645260E+01  -2.9887475E-01  -2.9887475E-01
   1.0716357E+01  -2.9257525E-01  -2.9257525E-01
   1.0787928E+01  -2.8634320E-01  -2.8634320E-01
   1.0859978E+01  -2.8018026E-01  -2.8018026E-01
   1.0932509E+01  -2.7408792E-01  -2.7408792E-01
   1.1005524E+01  -2.6806762E-01  -2.6806762E-01
   1.1079027E+01  -2.6212065E-01  -2.6212065E-01
   1.1153021E+01  -2.5624823E-01  -2.5624823E-01
   1.1227509E+01  -2.5045144E-01  -2.5045144E-01
   1.1302494E+01  -2.4473129E-01  -2.4473129E-01
   1.1377980E+01  -2.3908869E-01  -2.3908869E-01
   1.1453970E+01  -2.3352445E-01  -2.3352445E-01
   1.1530468E+01  -2.2803929E-01  -2.2803929E-01
   1.1607477E+01  -2.2263385E-01  -2.2263385E-01
   1.1685000E+01  -2.1730867E-01  -2.1730867E-01
   1.1763041E+01  -2.1206422E-01  -2.1206422E-01
   1.1841603E+01  -2.0690089E-01  -2.0690089E-01
   1.1920690E+01  -2.0181899E-01  -2.0181899E-01
   1.2000305E+01  -1.9681874E-01  -1.9681874E-01
   1.2080451E+01  -1.9190033E-01  -1.9190033E-01
   1.2161133E+01  -1.8706384E-01  -1.8706384E-01
   1.2242354E+01  -1.8230930E-01  -1.8230930E-01
   1.2324117E+01  -1.7763669E-01  -1.7763669E-01
   1.2406426E+01  -1.7304592E-01  -1.7304592E-01
   1.2489285E+01  -1.6853682E-01  -1.6853682E-01
   1.2572698E+01  -1.6410921E-01  -1.6410921E-01
   1.2656667E+01  -1.5976282E-01  -1.5976282E-01
   1.2741197E+01  -1.5549734E-01  -1.5549734E-01
   1.2826292E+01  -1.5131242E-01  -1.5131242E-01
   1.2911955E+01  -1.4720766E-01  -1.4720766E-01
   1.2998191E+01  -1.4318262E-01  -1.4318262E-01
   1.3085002E+01  -1.3923680E-01  -1.3923680E-01
   1.3172393E+01  -1.3536969E-01  -1.3536969E-01
   1.3260367E+01  -1.3158072E-01  -1.3158072E-01
   1.3348929E+01  -1.2786930E-01  -1.2786930E-01
   1.3438083E+01  -1.2423479E-01  -1.2423479E-01
   1.3527832E+01  -1.2067655E-01  -1.2067655E-01
   1.3618181E+01  -1.1719387E-01  -1.1719387E-01
   1.3709132E+01  -1.1378605E-01  -1.1378605E-01
   1.3800692E+01  -1.1045233E-01  -1.1045233E-01
   1.3892862E+01  -1.0719195E-01  -1.0719195E-01
   1.3985649E+01  -1.0400412E-01  -1.0400412E-01
   1.4079055E+01  -1.0088803E-01  -1.0088803E-01
   1.4173085E+01  -9.7842848E-02  -9.7842848E-02
   1.4267743E+01  -9.4867725E-02  -9.4867725E-02
   1.4363033E+01  -9.1961796E-02  -9.1961796E-02
   1.4458959E+01  -8.9124179E-02  -8.9124179E-02
   1.4555526E+01  -8.6353978E-02  -8.6353978E-02
   1.4652738E+01  -8.3650285E-02  -8.3650285E-02
   1.4750599E+01  -8.1012181E-02  -8.1012181E-02
   1.4849114E+01  -7.8438733E-02  -7.8438733E-02
   1.4948287E+01  -7.5929003E-02  -7.5929003E-02
   1.5048122E+01  -7.3482042E-02  -7.3482042E-02
   1.5148624E+01  -7.1096893E-02  -7.1096893E-02
   1.5249797E+01  -6.8772594E-02  -6.8772594E-02
   1.5351646E+01  -6.6508178E-02  -6.6508178E-02
   1.5454175E+01  -6.4302673E-02  -6.4302673E-02
   1.5557389E+01  -6.2155102E-02  -6.2155102E-02
   1.5661292E+01  -6.0064488E-02  -6.0064488E-02
   1.5765889E+01  -5.8029850E-02  -5.8029850E-02
   1.5871185E+01  -5.6050206E-02  -5.6050206E-02
   1.5977184E+01  -5.4124575E-02  -5.4124575E-02
   1.6083891E+01  -5.2251976E-02  -5.2251976E-02
   1.6191310E+01  -5.0431427E-02  -5.0431427E-02
   1.6299447E+01  -4.8661952E-02  -4.8661952E-02
   1.6408306E+01  -4.6942573E-02  -4.6942573E-02
   1.6517892E+01  -4.5272317E-02  -4.5272317E-02
   1.6628210E+01  -4.3650216E-02  -4.3650216E-02
   1.6739265E+01  -4.2075304E-02  -4.2075304E-02
   1.6851061E+01  -4.0546621E-02  -4.0546621E-02
   1.6963604E+01  -3.9063212E-02  -3.9063212E-02
   1.7076899E+01  -3.7624127E-02  -3.7624127E-02
   1.7190950E+01  -3.6228425E-02  -3.6228425E-02
   1.7305764E+01  -3.4875168E-02  -3.4875168E-02
   1.7421343E+01  -3.3563429E-02  -3.3563429E-02
   1.7537695E+01  -3.2292285E-02  -3.2292285E-02
   1.7654824E+01  -3.1060823E-02  -3.1060823E-02
   1.7772735E+01  -2.9868139E-02  -2.9868139E-02
   1.7891434E+01  -2.8713336E-02  -2.8713336E-02
   1.8010925E+01  -2.7595528E-02  -2.7595528E-02
   1.8131215E+01  -2.6513836E-02  -2.6513836E-02
   1.8252307E+01  -2.5467393E-02  -2.5467393E-02
   1.8374209E+01  -2.4455341E-02  -2.4455341E-02
   1.8496925E+01  -2.3476833E-02  -2.3476833E-02
   1.8620460E+01  -2.2531031E-02  -2.2531031E-02
   1.8744820E+01  -2.1617109E-02  -2.1617109E-02
   1.8870011E+01  -2.0734251E-02  -2.0734251E-02
   1.8996038E+01  -1.9881655E-02  -1.9881655E-02
   1.9122907E+01  -1.9058526E-02  -1.9058526E-02
   1.9250623E+01  -1.8264084E-02  -1.8264084E-02
   1.9379191E+01  -1.7497559E-02  -1.7497559E-02
   1.9508619E+01  -1.6758193E-02  -1.6758193E-02
   1.9638911E+01  -1.6045241E-02  -1.6045241E-02
   1.9770073E+01  -1.5357970E-02  -1.5357970E-02
   1.9902111E+01  -1.4695658E-02  -1.4695658E-02
   2.0035031E+01  -1.4057595E-02  -1.4057595E-02
   2.0168839E+01  -1.3443086E-02  -1.3443086E-02
   2.0303540E+01  -1.2851447E-02  -1.2851447E-02
   2.0439141E+01  -1.2282004E-02  -1.2282004E-02
   2.0575648E+01  -1.1734100E-02  -1.1734100E-02
   2.0713066E+01  -1.1207087E-02  -1.1207087E-02
   2.0851402E+01  -1.0700332E-02  -1.0700332E-02
   2.0990662E+01  -1.0213213E-02  -1.0213213E-02
   2.1130852E+01  -9.7451215E-03  -9.7451215E-03
   2.1271979E+01  -9.2954608E-03  -9.2954608E-03
   2.1414047E+01  -8.8636474E-03  -8.8636474E-03
   2.1557065E+01  -8.4491101E-03  -8.4491101E-03
   2.1701038E+01  -8.0512902E-03  -8.0512902E-03
   2.1845972E+01  -7.6696413E-03  -7.6696413E-03
   2.1991875E+01  -7.3036296E-03  -7.3036296E-03
   2.2138751E+01  -6.9527334E-03  -6.9527334E-03
   2.2286609E+01  -6.6164433E-03  -6.6164433E-03
   2.2435454E+01  -6.2942621E-03  -6.2942621E-03
   2.2585293E+01  -5.9857046E-03  -5.9857046E-03
   2.2736133E+01  -5.6902974E-03  -5.6902974E-03
   2.2887981E+01  -5.4075793E-03  -5.4075793E-03
   2.3040842E+01  -5.1371005E-03  -5.1371005E-03
   2.3194725E+01  -4.8784229E-03  -4.8784229E-03
   2.3349635E+01  -4.6311199E-03  -4.6311199E-03
   2.3505580E+01  -4.3947764E-03  -4.3947764E-03
   2.3662566E+01  -4.1689884E-03  -4.1689884E-03
   2.3820601E+01  -3.9533629E-03  -3.9533629E-03
   2.3979691E+01  -3.7475180E-03  -3.7475180E-03
   2.4139844E+01  -3.5510826E-03  -3.5510826E-03
   2.4301066E+01  -3.3636960E-03  -3.3636960E-03
   2.4463365E+01  -3.1850082E-03  -3.1850082E-03
   2.4626748E+01  -3.0146795E-03  -3.0146795E-03
   2.4791222E+01  -2.8523803E-03  -2.8523803E-03
   2.4956794E+01  -2.6977909E-03  -2.6977909E-03
   2.5123473E+01  -2.5506017E-03  -2.5506017E-03
   2.5291264E+01  -2.4105124E-03  -2.4105124E-03
   2.5460177E+01  -2.2772324E-03  -2.2772324E-03
   2.5630217E+01  -2.1504803E-03  -2.1504803E-03
   2.5801393E+01  -2.0299838E-03  -2.0299838E-03
   2.5973712E+01  -1.9154796E-03  -1.9154796E-03
   2.6147182E+01  -1.8067131E-03  -1.8067131E-03
   2.6321811E+01  -1.7034383E-03  -1.7034383E-03
   2.6497606E+01  -1.6054174E-03  -1.6054174E-03
   2.6674574E+01  -1.5124212E-03  -1.5124212E-03
   2.6852725E+01  -1.4242280E-03  -1.4242280E-03
   2.7032066E+01  -1.3406245E-03  -1.3406245E-03
   2.7212604E+01  -1.2614045E-03  -1.2614045E-03
   2.7394348E+01  -1.1863697E-03  -1.1863697E-03
   2.7577306E+01  -1.1153287E-03  -1.1153287E-03
   2.7761486E+01  -1.0480975E-03  -1.0480975E-03
   2.7946896E+01  -9.8449896E-04  -9.8449896E-04
   2.8133544E+01  -9.2436250E-04  -9.2436250E-04
   2.8321439E+01  -8.6752424E-04  -8.6752424E-04
   2.8510589E+01  -8.1382665E-04  -8.1382665E-04
   2.8701002E+01  -7.6311836E-04  -7.6311836E-04
   2.8892686E+01  -7.1525405E-04  -7.1525405E-04
   2.9085651E+01  -6.7009639E-04  -6.7009639E-04
   2.9279905E+01  -6.2748939E-04  -6.2748939E-04
   2.9475456E+01  -5.8735740E-04  -5.8735740E-04
   2.9672313E+01  -2.8884219E-04  -2.8884219E-04
   2.9870484E+01  -3.0321991E-04  -3.0321991E-04
   3.0069979E+01  -3.2855120E-04  -3.2855120E-04
   3.0270807E+01  -3.5080942E-04  -3.5080942E-04
   3.0472976E+01  -3.6119677E-04  -3.6119677E-04
   3.0676495E+01  -3.5904369E-04  -3.5904369E-04
   3.0881373E+01  -3.4784749E-04  -3.4784749E-04
   3.1087620E+01  -3.3147505E-04  -3.3147505E-04
   3.1295244E+01  -3.1272921E-04  -3.1272921E-04
   3.1504254E+01  -2.9330355E-04  -2.9330355E-04
   3.1714661E+01  -2.7411967E-04  -2.7411967E-04
   3.1926472E+01  -2.5563960E-04  -2.5563960E-04
   3.2139699E+01  -2.3807243E-04  -2.3807243E-04
   3.2354349E+01  -2.2149430E-04  -2.2149430E-04
   3.2570433E+01  -2.0591380E-04  -2.0591380E-04
   3.2787960E+01  -1.9130644E-04  -1.9130644E-04
   3.3006940E+01  -1.7763239E-04  -1.7763239E-04
   3.3227383E+01  -1.6484545E-04  -1.6484545E-04
   3.3449298E+01  -1.5289763E-04  -1.5289763E-04
   3.3672694E+01  -1.4174128E-04  -1.4174128E-04
   3.3897583E+01  -1.3133019E-04  -1.3133019E-04
   3.4123974E+01  -1.2162002E-04  -1.2162002E-04
   3.4351877E+01  -1.1256853E-04  -1.1256853E-04
   3.4581301E+01  -1.0413558E-04  -1.0413558E-04
   3.4812258E+01  -9.6283122E-05  -9.6283122E-05
   3.5044758E+01  -8.8975118E-05  -8.8975118E-05
   3.5278810E+01  -8.2177490E-05  -8.2177490E-05
   3.5514426E+01  -7.5858022E-05  -7.5858022E-05
   3.5751615E+01  -6.9986285E-05  -6.9986285E-05
   3.5990388E+01  -6.4533551E-05  -6.4533551E-05
   3.6230756E+01  -5.9472719E-05  -5.9472719E-05
   3.6472729E+01  -5.4778233E-05  -5.4778233E-05
   3.6716318E+01  -5.0426013E-05  -5.0426013E-05
   3.6961534E+01  -4.6393378E-05  -4.6393378E-05
   3.7208388E+01  -4.2658981E-05  -4.2658981E-05
   3.7456890E+01  -3.9202740E-05  -3.9202740E-05
   3.7707052E+01  -3.6005777E-05  -3.6005777E-05
   3.7958885E+01  -3.3050351E-05  -3.3050351E-05
   3.8212400E+01  -3.0319808E-05  -3.0319808E-05
   3.8467608E+01  -2.7798513E-05  -2.7798513E-05
   3.8724520E+01  -2.5471808E-05  -2.5471808E-05
   3.8983148E+01  -2.3325950E-05  -2.3325950E-05
   3.9243504E+01  -2.1348067E-05  -2.1348067E-05
   3.9505598E+01  -1.9526108E-05  -1.9526108E-05
   3.9769442E+01  -1.7848798E-05  -1.7848798E-05
   4.0035049E+01  -1.6305597E-05  -1.6305597E-05
   4.0302430E+01  -1.4886655E-05  -1.4886655E-05
   4.0571596E+01  -1.3582772E-05  -1.3582772E-05
   4.0842560E+01  -1.2385366E-05  -1.2385366E-05
   4.1115334E+01  -1.1286431E-05  -1.1286431E-05
   4.1389930E+01  -1.0278504E-05  -1.0278504E-05
   4.1666359E+01  -9.3546380E-06  -9.3546380E-06
   4.1944635E+01  -8.5083624E-06  -8.5083624E-06
   4.2224769E+01  -7.7336603E-06  -7.7336603E-06
   4.2506774E+01  -7.0249381E-06  -7.0249381E-06
   4.2790662E+01  -6.3769993E-06  -6.3769993E-06
   4.3076447E+01  -5.7850200E-06  -5.7850200E-06
   4.3364140E+01  -5.2445249E-06  -5.2445249E-06
   4.3653754E+01  -4.7513647E-06  -4.7513647E-06
   4.3945303E+01  -4.3016957E-06  -4.3016957E-06
   4.4238799E+01  -3.8919589E-06  -3.8919589E-06
   4.4534255E+01  -3.5188616E-06  -3.5188616E-06
   4.4831684E+01  -3.1793598E-06  -3.1793598E-06
   4.5131100E+01  -2.8706408E-06  -2.8706408E-06
   4.5432515E+01  -2.5901080E-06  -2.5901080E-06
   4.5735943E+01  -2.3353658E-06  -2.3353658E-06
   4.6041398E+01  -2.1042053E-06  -2.1042053E-06
   4.6348893E+01  -1.8945919E-06  -1.8945919E-06
   4.6658442E+01  -1.7046523E-06  -1.7046523E-06
   4.6970058E+01  -1.5326630E-06  -1.5326630E-06
   4.7283755E+01  -1.3770400E-06  -1.3770400E-06
   4.7599547E+01  -1.2363279E-06  -1.2363279E-06
   4.7917448E+01  -1.1091909E-06  -1.1091909E-06
   4.8237473E+01  -9.9440386E-07  -9.9440386E-07
   4.8559634E+01  -8.9084372E-07  -8.9084372E-07
   4.8883948E+01  -7.9748190E-07  -7.9748190E-07
   4.9210427E+01  -7.1337728E-07  -7.1337728E-07
   4.9539087E+01  -6.3766893E-07  -6.3766893E-07
   4.9869942E+01  -5.6957055E-07  -5.6957055E-07
   5.0203006E+01  -5.0836387E-07  -5.0836387E-07
   5.0538295E+01  -4.5339365E-07  -4.5339365E-07
   5.0875823E+01  -4.0406285E-07  -4.0406285E-07
   5.1215605E+01  -3.5982723E-07  -3.5982723E-07
   5.1557657E+01  -3.2019150E-07  -3.2019150E-07
   5.1901993E+01  -2.8470549E-07  -2.8470549E-07
   5.2248629E+01  -9.1489483E-10  -9.1489483E-10
   5.2597579E+01  -9.0419405E-10  -9.0419405E-10
   5.2948861E+01  -8.9345065E-10  -8.9345065E-10
   5.3302488E+01  -8.8263619E-10  -8.8263619E-10
   5.3658477E+01  -8.7163698E-10  -8.7163698E-10
   5.4016844E+01  -8.6060936E-10  -8.6060936E-10
   5.4377604E+01  -8.4941121E-10  -8.4941121E-10
   5.4740774E+01  -8.3818463E-10  -8.3818463E-10
   5.5106368E+01  -8.2691543E-10  -8.2691543E-10
   5.5474405E+01  -8.1543305E-10  -8.1543305E-10
   5.5844900E+01  -8.0395068E-10  -8.0395068E-10
   5.6217869E+01  -7.9236884E-10  -7.9236884E-10
   5.6593329E+01  -7.8058804E-10  -7.8058804E-10
   5.6971296E+01  -7.6880724E-10  -7.6880724E-10
   5.7351788E+01  -7.5691275E-10  -7.5691275E-10
   5.7734821E+01  -7.4481932E-10  -7.4481932E-10
   5.8120412E+01  -7.3274009E-10  -7.3274009E-10
   5.8508578E+01  -7.2041928E-10  -7.2041928E-10
   5.8899337E+01  -7.0809847E-10  -7.0809847E-10
   5.9292706E+01  -6.9566397E-10  -6.9566397E-10
   5.9688701E+01  -6.8305894E-10  -6.8305894E-10
   6.0087342E+01  -6.7043970E-10  -6.7043970E-10
   6.0488644E+01  -6.5772099E-10  -6.5772099E-10
   6.0892627E+01  -6.4481753E-10  -6.4481753E-10
   6.1299308E+01  -6.3191408E-10  -6.3191408E-10
   6.1708705E+01  -6.1888272E-10  -6.1888272E-10
   6.2120837E+01  -6.0568084E-10  -6.0568084E-10
   6.2535720E+01  -5.9245053E-10  -5.9245053E-10
   6.2953375E+01  -5.7913496E-10  -5.7913496E-10
   6.3373819E+01  -5.6557781E-10  -5.6557781E-10
   6.3797071E+01  -5.5196381E-10  -5.5196381E-10
   6.4223150E+01  -5.3819349E-10  -5.3819349E-10
   6.4652074E+01  -5.2439475E-10  -5.2439475E-10
   6.5083863E+01  -5.1043969E-10  -5.1043969E-10
   6.5518536E+01  -4.9629989E-10  -4.9629989E-10
   6.5956112E+01  -4.8213167E-10  -4.8213167E-10
   6.6396610E+01  -4.6784976E-10  -4.6784976E-10
   6.6840050E+01  -4.5335469E-10  -4.5335469E-10
   6.7286452E+01  -4.3883119E-10  -4.3883119E-10
   6.7735835E+01  -4.2419401E-10  -4.2419401E-10
   6.8188219E+01  -4.0934367E-10  -4.0934367E-10
   6.8643625E+01  -3.9449333E-10  -3.9449333E-10
   6.9102072E+01  -3.7951509E-10  -3.7951509E-10
   6.9563581E+01  -3.6432368E-10  -3.6432368E-10
   7.0028172E+01  -3.4908965E-10  -3.4908965E-10
   7.0495866E+01  -3.3364245E-10  -3.3364245E-10
   7.0966683E+01  -3.1819525E-10  -3.1819525E-10
   7.1440645E+01  -3.0262015E-10  -3.0262015E-10
   7.1917773E+01  -2.8686031E-10  -2.8686031E-10
   7.2398087E+01  -2.7105784E-10  -2.7105784E-10
   7.2881609E+01  -2.5512747E-10  -2.5512747E-10
   7.3368360E+01  -2.3898394E-10  -2.3898394E-10
   7.3858362E+01  -2.2282620E-10  -2.2282620E-10
   7.4351636E+01  -2.0651214E-10  -2.0651214E-10
   7.4848205E+01  -1.8997071E-10  -1.8997071E-10
   7.5348090E+01  -1.7338664E-10  -1.7338664E-10
   7.5851314E+01  -1.5660362E-10  -1.5660362E-10
   7.6357899E+01  -1.3976376E-10  -1.3976376E-10
   7.6867867E+01  -1.2279600E-10  -1.2279600E-10
   7.7381241E+01  -1.0564349E-10  -1.0564349E-10
   7.7898043E+01  -8.8434149E-11  -8.8434149E-11
   7.8418297E+01  -7.1082695E-11  -7.1082695E-11
   7.8942026E+01  -5.3489657E-11  -5.3489657E-11
   7.9469252E+01  -3.5868197E-11  -3.5868197E-11
   8.0000000E+01  -1.8047785E-11  -1.8047785E-11
