         1  1.2340980E-04 -2.5994744E-08
         2  1.2402840E-04 -2.6255996E-08
         3  1.2465009E-04 -2.6519873E-08
         4  1.2527490E-04 -2.6786402E-08
         5  1.2590285E-04 -2.7055610E-08
         6  1.2653394E-04 -2.7327524E-08
         7  1.2716819E-04 -2.7602170E-08
         8  1.2780563E-04 -2.7879576E-08
         9  1.2844625E-04 -2.8159770E-08
        10  1.2909009E-04 -2.8442781E-08
        11  1.2973716E-04 -2.8728636E-08
        12  1.3038747E-04 -2.9017363E-08
        13  1.3104104E-04 -2.9308993E-08
        14  1.3169789E-04 -2.9603553E-08
        15  1.3235802E-04 -2.9901073E-08
        16  1.3302147E-04 -3.0201584E-08
        17  1.3368824E-04 -3.0505115E-08
        18  1.3435836E-04 -3.0811697E-08
        19  1.3503183E-04 -3.1121359E-08
        20  1.3570868E-04 -3.1434134E-08
        21  1.3638893E-04 -3.1750053E-08
        22  1.3707258E-04 -3.2069146E-08
        23  1.3775966E-04 -3.2391446E-08
        24  1.3845018E-04 -3.2716986E-08
        25  1.3914417E-04 -3.3045797E-08
        26  1.3984163E-04 -3.3377913E-08
        27  1.4054259E-04 -3.3713366E-08
        28  1.4124706E-04 -3.4052191E-08
        29  1.4195506E-04 -3.4394421E-08
        30  1.4266662E-04 -3.4740091E-08
        31  1.4338174E-04 -3.5089235E-08
        32  1.4410044E-04 -3.5441887E-08
        33  1.4482275E-04 -3.5798084E-08
        34  1.4554867E-04 -3.6157861E-08
        35  1.4627824E-04 -3.6521254E-08
        36  1.4701146E-04 -3.6888298E-08
        37  1.4774836E-04 -3.7259032E-08
        38  1.4848895E-04 -3.7633491E-08
        39  1.4923326E-04 -3.8011714E-08
        40  1.4998129E-04 -3.8393738E-08
        41  1.5073308E-04 -3.8779602E-08
        42  1.5148863E-04 -3.9169343E-08
        43  1.5224797E-04 -3.9563002E-08
        44  1.5301111E-04 -3.9960616E-08
        45  1.5377809E-04 -4.0362227E-08
        46  1.5454890E-04 -4.0767874E-08
        47  1.5532358E-04 -4.1177598E-08
        48  1.5610214E-04 -4.1591440E-08
        49  1.5688461E-04 -4.2009441E-08
        50  1.5767100E-04 -4.2431643E-08
        51  1.5846133E-04 -4.2858088E-08
        52  1.5925562E-04 -4.3288819E-08
        53  1.6005389E-04 -4.3723879E-08
        54  1.6085616E-04 -4.4163311E-08
        55  1.6166246E-04 -4.4607160E-08
        56  1.6247279E-04 -4.5055469E-08
        57  1.6328719E-04 -4.5508284E-08
        58  1.6410567E-04 -4.5965650E-08
        59  1.6492825E-04 -4.6427612E-08
        60  1.6575496E-04 -4.6894218E-08
        61  1.6658581E-04 -4.7365512E-08
        62  1.6742083E-04 -4.7841544E-08
        63  1.6826003E-04 -4.8322359E-08
        64  1.6910343E-04 -4.8808007E-08
        65  1.6995107E-04 -4.9298536E-08
        66  1.7080295E-04 -4.9793994E-08
        67  1.7165910E-04 -5.0294432E-08
        68  1.7251955E-04 -5.0799899E-08
        69  1.7338431E-04 -5.1310447E-08
        70  1.7425340E-04 -5.1826126E-08
        71  1.7512685E-04 -5.2346987E-08
        72  1.7600468E-04 -5.2873083E-08
        73  1.7688690E-04 -5.3404466E-08
        74  1.7777355E-04 -5.3941190E-08
        75  1.7866465E-04 -5.4483308E-08
        76  1.7956021E-04 -5.5030874E-08
        77  1.8046025E-04 -5.5583944E-08
        78  1.8136482E-04 -5.6142571E-08
        79  1.8227391E-04 -5.6706814E-08
        80  1.8318756E-04 -5.7276727E-08
        81  1.8410579E-04 -5.7852367E-08
        82  1.8502863E-04 -5.8433793E-08
        83  1.8595609E-04 -5.9021063E-08
        84  1.8688820E-04 -5.9614234E-08
        85  1.8782498E-04 -6.0213367E-08
        86  1.8876645E-04 -6.0818522E-08
        87  1.8971265E-04 -6.1429758E-08
        88  1.9066359E-04 -6.2047137E-08
        89  1.9161929E-04 -6.2670721E-08
        90  1.9257979E-04 -6.3300572E-08
        91  1.9354510E-04 -6.3936754E-08
        92  1.9451525E-04 -6.4579329E-08
        93  1.9549026E-04 -6.5228362E-08
        94  1.9647016E-04 -6.5883918E-08
        95  1.9745497E-04 -6.6546062E-08
        96  1.9844472E-04 -6.7214861E-08
        97  1.9943943E-04 -6.7890382E-08
        98  2.0043912E-04 -6.8572691E-08
        99  2.0144382E-04 -6.9261858E-08
       100  2.0245357E-04 -6.9957952E-08
       101  2.0346837E-04 -7.0661041E-08
       102  2.0448826E-04 -7.1371196E-08
       103  2.0551326E-04 -7.2088488E-08
       104  2.0654340E-04 -7.2812990E-08
       105  2.0757870E-04 -7.3544773E-08
       106  2.0861920E-04 -7.4283910E-08
       107  2.0966490E-04 -7.5030475E-08
       108  2.1071585E-04 -7.5784544E-08
       109  2.1177207E-04 -7.6546192E-08
       110  2.1283358E-04 -7.7315494E-08
       111  2.1390042E-04 -7.8092527E-08
       112  2.1497260E-04 -7.8877370E-08
       113  2.1605015E-04 -7.9670101E-08
       114  2.1713311E-04 -8.0470799E-08
       115  2.1822149E-04 -8.1279544E-08
       116  2.1931533E-04 -8.2096417E-08
       117  2.2041465E-04 -8.2921499E-08
       118  2.2151949E-04 -8.3754874E-08
       119  2.2262986E-04 -8.4596625E-08
       120  2.2374579E-04 -8.5446835E-08
       121  2.2486732E-04 -8.6305590E-08
       122  2.2599448E-04 -8.7172975E-08
       123  2.2712728E-04 -8.8049078E-08
       124  2.2826576E-04 -8.8933986E-08
       125  2.2940995E-04 -8.9827788E-08
       126  2.3055987E-04 -9.0730572E-08
       127  2.3171555E-04 -9.1642429E-08
       128  2.3287703E-04 -9.2563451E-08
       129  2.3404433E-04 -9.3493729E-08
       130  2.3521749E-04 -9.4433357E-08
       131  2.3639652E-04 -9.5382428E-08
       132  2.3758146E-04 -9.6341037E-08
       133  2.3877234E-04 -9.7309281E-08
       134  2.3996919E-04 -9.8287255E-08
       135  2.4117204E-04 -9.9275058E-08
       136  2.4238092E-04 -1.0027279E-07
       137  2.4359586E-04 -1.0128055E-07
       138  2.4481689E-04 -1.0229843E-07
       139  2.4604404E-04 -1.0332655E-07
       140  2.4727734E-04 -1.0436500E-07
       141  2.4851683E-04 -1.0541389E-07
       142  2.4976252E-04 -1.0647331E-07
       143  2.5101446E-04 -1.0754339E-07
       144  2.5227268E-04 -1.0862422E-07
       145  2.5353720E-04 -1.0971591E-07
       146  2.5480806E-04 -1.1081857E-07
       147  2.5608529E-04 -1.1193232E-07
       148  2.5736892E-04 -1.1305725E-07
       149  2.5865899E-04 -1.1419350E-07
       150  2.5995552E-04 -1.1534116E-07
       151  2.6125856E-04 -1.1650036E-07
       152  2.6256812E-04 -1.1767121E-07
       153  2.6388425E-04 -1.1885382E-07
       154  2.6520697E-04 -1.2004832E-07
       155  2.6653633E-04 -1.2125483E-07
       156  2.6787235E-04 -1.2247346E-07
       157  2.6921506E-04 -1.2370434E-07
       158  2.7056451E-04 -1.2494759E-07
       159  2.7192072E-04 -1.2620333E-07
       160  2.7328373E-04 -1.2747170E-07
       161  2.7465357E-04 -1.2875281E-07
       162  2.7603028E-04 -1.3004680E-07
       163  2.7741388E-04 -1.3135379E-07
       164  2.7880443E-04 -1.3267392E-07
       165  2.8020194E-04 -1.3400731E-07
       166  2.8160646E-04 -1.3535411E-07
       167  2.8301802E-04 -1.3671444E-07
       168  2.8443665E-04 -1.3808844E-07
       169  2.8586239E-04 -1.3947625E-07
       170  2.8729529E-04 -1.4087801E-07
       171  2.8873536E-04 -1.4229386E-07
       172  2.9018265E-04 -1.4372394E-07
       173  2.9163720E-04 -1.4516839E-07
       174  2.9309904E-04 -1.4662735E-07
       175  2.9456820E-04 -1.4810098E-07
       176  2.9604473E-04 -1.4958942E-07
       177  2.9752866E-04 -1.5109282E-07
       178  2.9902003E-04 -1.5261133E-07
       179  3.0051887E-04 -1.5414510E-07
       180  3.0202523E-04 -1.5569428E-07
       181  3.0353914E-04 -1.5725904E-07
       182  3.0506063E-04 -1.5883951E-07
       183  3.0658976E-04 -1.6043588E-07
       184  3.0812654E-04 -1.6204829E-07
       185  3.0967104E-04 -1.6367690E-07
       186  3.1122327E-04 -1.6532188E-07
       187  3.1278328E-04 -1.6698339E-07
       188  3.1435111E-04 -1.6866160E-07
       189  3.1592681E-04 -1.7035668E-07
       190  3.1751040E-04 -1.7206879E-07
       191  3.1910192E-04 -1.7379811E-07
       192  3.2070143E-04 -1.7554481E-07
       193  3.2230895E-04 -1.7730907E-07
       194  3.2392453E-04 -1.7909105E-07
       195  3.2554821E-04 -1.8089095E-07
       196  3.2718003E-04 -1.8270893E-07
       197  3.2882002E-04 -1.8454519E-07
       198  3.3046824E-04 -1.8639990E-07
       199  3.3212472E-04 -1.8827325E-07
       200  3.3378950E-04 -1.9016542E-07
       201  3.3546263E-04 -1.9207662E-07
       202  3.3714414E-04 -1.9400702E-07
       203  3.3883408E-04 -1.9595682E-07
       204  3.4053250E-04 -1.9792622E-07
       205  3.4223942E-04 -1.9991541E-07
       206  3.4395490E-04 -2.0192460E-07
       207  3.4567899E-04 -2.0395397E-07
       208  3.4741171E-04 -2.0600374E-07
       209  3.4915312E-04 -2.0807412E-07
       210  3.5090325E-04 -2.1016529E-07
       211  3.5266216E-04 -2.1227749E-07
       212  3.5442989E-04 -2.1441092E-07
       213  3.5620648E-04 -2.1656578E-07
       214  3.5799197E-04 -2.1874230E-07
       215  3.5978641E-04 -2.2094070E-07
       216  3.6158985E-04 -2.2316119E-07
       217  3.6340233E-04 -2.2540400E-07
       218  3.6522389E-04 -2.2766935E-07
       219  3.6705458E-04 -2.2995746E-07
       220  3.6889445E-04 -2.3226857E-07
       221  3.7074354E-04 -2.3460291E-07
       222  3.7260190E-04 -2.3696071E-07
       223  3.7446957E-04 -2.3934220E-07
       224  3.7634661E-04 -2.4174763E-07
       225  3.7823306E-04 -2.4417723E-07
       226  3.8012896E-04 -2.4663126E-07
       227  3.8203436E-04 -2.4910994E-07
       228  3.8394932E-04 -2.5161354E-07
       229  3.8587387E-04 -2.5414230E-07
       230  3.8780807E-04 -2.5669647E-07
       231  3.8975197E-04 -2.5927631E-07
       232  3.9170561E-04 -2.6188208E-07
       233  3.9366904E-04 -2.6451404E-07
       234  3.9564231E-04 -2.6717245E-07
       235  3.9762548E-04 -2.6985758E-07
       236  3.9961859E-04 -2.7256969E-07
       237  4.0162168E-04 -2.7530906E-07
       238  4.0363482E-04 -2.7807596E-07
       239  4.0565805E-04 -2.8087067E-07
       240  4.0769142E-04 -2.8369347E-07
       241  4.0973498E-04 -2.8654464E-07
       242  4.1178878E-04 -2.8942446E-07
       243  4.1385288E-04 -2.9233322E-07
       244  4.1592733E-04 -2.9527122E-07
       245  4.1801217E-04 -2.9823874E-07
       246  4.2010747E-04 -3.0123609E-07
       247  4.2221327E-04 -3.0426357E-07
       248  4.2432962E-04 -3.0732147E-07
       249  4.2645658E-04 -3.1041010E-07
       250  4.2859420E-04 -3.1352977E-07
       251  4.3074254E-04 -3.1668080E-07
       252  4.3290165E-04 -3.1986349E-07
       253  4.3507158E-04 -3.2307817E-07
       254  4.3725238E-04 -3.2632516E-07
       255  4.3944412E-04 -3.2960478E-07
       256  4.4164684E-04 -3.3291737E-07
       257  4.4386060E-04 -3.3626324E-07
       258  4.4608546E-04 -3.3964274E-07
       259  4.4832148E-04 -3.4305621E-07
       260  4.5056870E-04 -3.4650398E-07
       261  4.5282718E-04 -3.4998640E-07
       262  4.5509699E-04 -3.5350383E-07
       263  4.5737817E-04 -3.5705660E-07
       264  4.5967079E-04 -3.6064508E-07
       265  4.6197490E-04 -3.6426962E-07
       266  4.6429056E-04 -3.6793059E-07
       267  4.6661782E-04 -3.7162835E-07
       268  4.6895676E-04 -3.7536328E-07
       269  4.7130741E-04 -3.7913574E-07
       270  4.7366985E-04 -3.8294612E-07
       271  4.7604413E-04 -3.8679479E-07
       272  4.7843031E-04 -3.9068214E-07
       273  4.8082845E-04 -3.9460856E-07
       274  4.8323861E-04 -3.9857445E-07
       275  4.8566086E-04 -4.0258019E-07
       276  4.8809524E-04 -4.0662618E-07
       277  4.9054183E-04 -4.1071284E-07
       278  4.9300068E-04 -4.1484058E-07
       279  4.9547186E-04 -4.1900979E-07
       280  4.9795542E-04 -4.2322091E-07
       281  5.0045143E-04 -4.2747435E-07
       282  5.0295996E-04 -4.3177054E-07
       283  5.0548105E-04 -4.3610991E-07
       284  5.0801479E-04 -4.4049288E-07
       285  5.1056122E-04 -4.4491991E-07
       286  5.1312042E-04 -4.4939143E-07
       287  5.1569245E-04 -4.5390789E-07
       288  5.1827737E-04 -4.5846974E-07
       289  5.2087524E-04 -4.6307743E-07
       290  5.2348614E-04 -4.6773144E-07
       291  5.2611013E-04 -4.7243222E-07
       292  5.2874727E-04 -4.7718024E-07
       293  5.3139762E-04 -4.8197598E-07
       294  5.3406126E-04 -4.8681992E-07
       295  5.3673826E-04 -4.9171254E-07
       296  5.3942867E-04 -4.9665433E-07
       297  5.4213257E-04 -5.0164579E-07
       298  5.4485002E-04 -5.0668741E-07
       299  5.4758109E-04 -5.1177971E-07
       300  5.5032585E-04 -5.1692318E-07
       301  5.5308437E-04 -5.2211834E-07
       302  5.5585672E-04 -5.2736572E-07
       303  5.5864296E-04 -5.3266583E-07
       304  5.6144317E-04 -5.3801921E-07
       305  5.6425742E-04 -5.4342639E-07
       306  5.6708577E-04 -5.4888792E-07
       307  5.6992830E-04 -5.5440433E-07
       308  5.7278507E-04 -5.5997619E-07
       309  5.7565617E-04 -5.6560404E-07
       310  5.7854166E-04 -5.7128846E-07
       311  5.8144161E-04 -5.7703000E-07
       312  5.8435610E-04 -5.8282925E-07
       313  5.8728520E-04 -5.8868678E-07
       314  5.9022898E-04 -5.9460318E-07
       315  5.9318751E-04 -6.0057904E-07
       316  5.9616088E-04 -6.0661496E-07
       317  5.9914915E-04 -6.1271154E-07
       318  6.0215239E-04 -6.1886939E-07
       319  6.0517069E-04 -6.2508913E-07
       320  6.0820413E-04 -6.3137138E-07
       321  6.1125276E-04 -6.3771677E-07
       322  6.1431668E-04 -6.4412592E-07
       323  6.1739595E-04 -6.5059950E-07
       324  6.2049066E-04 -6.5713813E-07
       325  6.2360089E-04 -6.6374248E-07
       326  6.2672670E-04 -6.7041320E-07
       327  6.2986818E-04 -6.7715096E-07
       328  6.3302541E-04 -6.8395644E-07
       329  6.3619846E-04 -6.9083032E-07
       330  6.3938742E-04 -6.9777328E-07
       331  6.4259236E-04 -7.0478601E-07
       332  6.4581337E-04 -7.1186923E-07
       333  6.4905052E-04 -7.1902363E-07
       334  6.5230390E-04 -7.2624994E-07
       335  6.5557359E-04 -7.3354887E-07
       336  6.5885966E-04 -7.4092116E-07
       337  6.6216221E-04 -7.4836754E-07
       338  6.6548131E-04 -7.5588876E-07
       339  6.6881705E-04 -7.6348556E-07
       340  6.7216951E-04 -7.7115872E-07
       341  6.7553878E-04 -7.7890899E-07
       342  6.7892493E-04 -7.8673716E-07
       343  6.8232805E-04 -7.9464399E-07
       344  6.8574824E-04 -8.0263030E-07
       345  6.8918556E-04 -8.1069686E-07
       346  6.9264012E-04 -8.1884450E-07
       347  6.9611199E-04 -8.2707402E-07
       348  6.9960127E-04 -8.3538625E-07
       349  7.0310804E-04 -8.4378202E-07
       350  7.0663238E-04 -8.5226217E-07
       351  7.1017439E-04 -8.6082755E-07
       352  7.1373415E-04 -8.6947901E-07
       353  7.1731176E-04 -8.7821742E-07
       354  7.2090730E-04 -8.8704365E-07
       355  7.2452086E-04 -8.9595858E-07
       356  7.2815254E-04 -9.0496311E-07
       357  7.3180242E-04 -9.1405814E-07
       358  7.3547059E-04 -9.2324458E-07
       359  7.3915716E-04 -9.3252334E-07
       360  7.4286220E-04 -9.4189535E-07
       361  7.4658581E-04 -9.5136155E-07
       362  7.5032809E-04 -9.6092289E-07
       363  7.5408912E-04 -9.7058033E-07
       364  7.5786901E-04 -9.8033482E-07
       365  7.6166784E-04 -9.9018735E-07
       366  7.6548572E-04 -1.0001389E-06
       367  7.6932273E-04 -1.0101905E-06
       368  7.7317898E-04 -1.0203430E-06
       369  7.7705455E-04 -1.0305976E-06
       370  7.8094956E-04 -1.0409553E-06
       371  7.8486408E-04 -1.0514171E-06
       372  7.8879823E-04 -1.0619840E-06
       373  7.9275210E-04 -1.0726571E-06
       374  7.9672578E-04 -1.0834375E-06
       375  8.0071939E-04 -1.0943262E-06
       376  8.0473301E-04 -1.1053244E-06
       377  8.0876675E-04 -1.1164331E-06
       378  8.1282071E-04 -1.1276534E-06
       379  8.1689499E-04 -1.1389865E-06
       380  8.2098970E-04 -1.1504335E-06
       381  8.2510492E-04 -1.1619956E-06
       382  8.2924078E-04 -1.1736738E-06
       383  8.3339737E-04 -1.1854694E-06
       384  8.3757479E-04 -1.1973836E-06
       385  8.4177315E-04 -1.2094175E-06
       386  8.4599255E-04 -1.2215723E-06
       387  8.5023311E-04 -1.2338493E-06
       388  8.5449492E-04 -1.2462497E-06
       389  8.5877809E-04 -1.2587747E-06
       390  8.6308274E-04 -1.2714256E-06
       391  8.6740896E-04 -1.2842037E-06
       392  8.7175686E-04 -1.2971101E-06
       393  8.7612656E-04 -1.3101463E-06
       394  8.8051816E-04 -1.3233135E-06
       395  8.8493178E-04 -1.3366130E-06
       396  8.8936752E-04 -1.3500462E-06
       397  8.9382549E-04 -1.3636144E-06
       398  8.9830581E-04 -1.3773189E-06
       399  9.0280859E-04 -1.3911612E-06
       400  9.0733394E-04 -1.4051426E-06
       401  9.1188197E-04 -1.4192645E-06
       402  9.1645279E-04 -1.4335284E-06
       403  9.2104653E-04 -1.4479355E-06
       404  9.2566330E-04 -1.4624875E-06
       405  9.3030320E-04 -1.4771858E-06
       406  9.3496637E-04 -1.4920317E-06
       407  9.3965291E-04 -1.5070269E-06
       408  9.4436294E-04 -1.5221728E-06
       409  9.4909657E-04 -1.5374708E-06
       410  9.5385394E-04 -1.5529227E-06
       411  9.5863515E-04 -1.5685298E-06
       412  9.6344033E-04 -1.5842938E-06
       413  9.6826960E-04 -1.6002162E-06
       414  9.7312307E-04 -1.6162986E-06
       415  9.7800087E-04 -1.6325427E-06
       416  9.8290312E-04 -1.6489500E-06
       417  9.8782994E-04 -1.6655222E-06
       418  9.9278146E-04 -1.6822610E-06
       419  9.9775780E-04 -1.6991680E-06
       420  1.0027591E-03 -1.7162449E-06
       421  1.0077854E-03 -1.7334935E-06
       422  1.0128370E-03 -1.7509154E-06
       423  1.0179138E-03 -1.7685123E-06
       424  1.0230162E-03 -1.7862862E-06
       425  1.0281440E-03 -1.8042386E-06
       426  1.0332976E-03 -1.8223715E-06
       427  1.0384771E-03 -1.8406867E-06
       428  1.0436825E-03 -1.8591859E-06
       429  1.0489139E-03 -1.8778710E-06
       430  1.0541716E-03 -1.8967439E-06
       431  1.0594557E-03 -1.9158065E-06
       432  1.0647662E-03 -1.9350607E-06
       433  1.0701034E-03 -1.9545083E-06
       434  1.0754673E-03 -1.9741515E-06
       435  1.0808581E-03 -1.9939920E-06
       436  1.0862759E-03 -2.0140319E-06
       437  1.0917209E-03 -2.0342733E-06
       438  1.0971932E-03 -2.0547181E-06
       439  1.1026929E-03 -2.0753683E-06
       440  1.1082202E-03 -2.0962261E-06
       441  1.1137751E-03 -2.1172935E-06
       442  1.1193580E-03 -2.1385727E-06
       443  1.1249688E-03 -2.1600657E-06
       444  1.1306077E-03 -2.1817747E-06
       445  1.1362749E-03 -2.2037019E-06
       446  1.1419705E-03 -2.2258494E-06
       447  1.1476947E-03 -2.2482196E-06
       448  1.1534475E-03 -2.2708145E-06
       449  1.1592292E-03 -2.2936366E-06
       450  1.1650398E-03 -2.3166880E-06
       451  1.1708796E-03 -2.3399711E-06
       452  1.1767487E-03 -2.3634882E-06
       453  1.1826472E-03 -2.3872416E-06
       454  1.1885752E-03 -2.4112338E-06
       455  1.1945330E-03 -2.4354671E-06
       456  1.2005206E-03 -2.4599439E-06
       457  1.2065382E-03 -2.4846668E-06
       458  1.2125860E-03 -2.5096381E-06
       459  1.2186641E-03 -2.5348603E-06
       460  1.2247727E-03 -2.5603361E-06
       461  1.2309119E-03 -2.5860679E-06
       462  1.2370819E-03 -2.6120583E-06
       463  1.2432828E-03 -2.6383099E-06
       464  1.2495148E-03 -2.6648253E-06
       465  1.2557780E-03 -2.6916072E-06
       466  1.2620726E-03 -2.7186583E-06
       467  1.2683988E-03 -2.7459813E-06
       468  1.2747566E-03 -2.7735788E-06
       469  1.2811464E-03 -2.8014537E-06
       470  1.2875681E-03 -2.8296088E-06
       471  1.2940221E-03 -2.8580468E-06
       472  1.3005084E-03 -2.8867706E-06
       473  1.3070272E-03 -2.9157832E-06
       474  1.3135787E-03 -2.9450872E-06
       475  1.3201631E-03 -2.9746858E-06
       476  1.3267804E-03 -3.0045819E-06
       477  1.3334309E-03 -3.0347784E-06
       478  1.3401148E-03 -3.0652785E-06
       479  1.3468321E-03 -3.0960850E-06
       480  1.3535832E-03 -3.1272011E-06
       481  1.3603680E-03 -3.1586300E-06
       482  1.3671869E-03 -3.1903747E-06
       483  1.3740400E-03 -3.2224385E-06
       484  1.3809274E-03 -3.2548245E-06
       485  1.3878493E-03 -3.2875361E-06
       486  1.3948059E-03 -3.3205763E-06
       487  1.4017974E-03 -3.3539486E-06
       488  1.4088240E-03 -3.3876564E-06
       489  1.4158857E-03 -3.4217028E-06
       490  1.4229829E-03 -3.4560915E-06
       491  1.4301156E-03 -3.4908258E-06
       492  1.4372841E-03 -3.5259091E-06
       493  1.4444885E-03 -3.5613451E-06
       494  1.4517290E-03 -3.5971372E-06
       495  1.4590058E-03 -3.6332890E-06
       496  1.4663191E-03 -3.6698041E-06
       497  1.4736691E-03 -3.7066862E-06
       498  1.4810559E-03 -3.7439390E-06
       499  1.4884797E-03 -3.7815662E-06
       500  1.4959408E-03 -3.8195715E-06
       501  1.5034392E-03 -3.8579588E-06
       502  1.5109752E-03 -3.8967319E-06
       503  1.5185490E-03 -3.9358947E-06
       504  1.5261608E-03 -3.9754510E-06
       505  1.5338107E-03 -4.0154049E-06
       506  1.5414989E-03 -4.0557604E-06
       507  1.5492257E-03 -4.0965214E-06
       508  1.5569913E-03 -4.1376921E-06
       509  1.5647957E-03 -4.1792766E-06
       510  1.5726393E-03 -4.2212790E-06
       511  1.5805222E-03 -4.2637035E-06
       512  1.5884446E-03 -4.3065544E-06
       513  1.5964067E-03 -4.3498359E-06
       514  1.6044087E-03 -4.3935524E-06
       515  1.6124508E-03 -4.4377083E-06
       516  1.6205333E-03 -4.4823080E-06
       517  1.6286562E-03 -4.5273559E-06
       518  1.6368199E-03 -4.5728565E-06
       519  1.6450245E-03 -4.6188145E-06
       520  1.6532702E-03 -4.6652343E-06
       521  1.6615573E-03 -4.7121206E-06
       522  1.6698859E-03 -4.7594782E-06
       523  1.6782562E-03 -4.8073117E-06
       524  1.6866685E-03 -4.8556259E-06
       525  1.6951230E-03 -4.9044257E-06
       526  1.7036198E-03 -4.9537159E-06
       527  1.7121592E-03 -5.0035015E-06
       528  1.7207415E-03 -5.0537875E-06
       529  1.7293667E-03 -5.1045789E-06
       530  1.7380352E-03 -5.1558807E-06
       531  1.7467471E-03 -5.2076981E-06
       532  1.7555027E-03 -5.2600362E-06
       533  1.7643022E-03 -5.3129004E-06
       534  1.7731458E-03 -5.3662959E-06
       535  1.7820338E-03 -5.4202280E-06
       536  1.7909663E-03 -5.4747021E-06
       537  1.7999435E-03 -5.5297237E-06
       538  1.8089658E-03 -5.5852983E-06
       539  1.8180332E-03 -5.6414314E-06
       540  1.8271462E-03 -5.6981287E-06
       541  1.8363048E-03 -5.7553957E-06
       542  1.8455093E-03 -5.8132384E-06
       543  1.8547599E-03 -5.8716623E-06
       544  1.8640570E-03 -5.9306734E-06
       545  1.8734006E-03 -5.9902776E-06
       546  1.8827911E-03 -6.0504808E-06
       547  1.8922286E-03 -6.1112890E-06
       548  1.9017134E-03 -6.1727084E-06
       549  1.9112458E-03 -6.2347451E-06
       550  1.9208260E-03 -6.2974052E-06
       551  1.9304541E-03 -6.3606951E-06
       552  1.9401306E-03 -6.4246211E-06
       553  1.9498555E-03 -6.4891895E-06
       554  1.9596292E-03 -6.5544068E-06
       555  1.9694519E-03 -6.6202796E-06
       556  1.9793238E-03 -6.6868144E-06
       557  1.9892452E-03 -6.7540179E-06
       558  1.9992164E-03 -6.8218969E-06
       559  2.0092375E-03 -6.8904579E-06
       560  2.0193088E-03 -6.9597081E-06
       561  2.0294306E-03 -7.0296542E-06
       562  2.0396032E-03 -7.1003033E-06
       563  2.0498268E-03 -7.1716624E-06
       564  2.0601016E-03 -7.2437387E-06
       565  2.0704279E-03 -7.3165394E-06
       566  2.0808059E-03 -7.3900717E-06
       567  2.0912360E-03 -7.4643430E-06
       568  2.1017184E-03 -7.5393608E-06
       569  2.1122533E-03 -7.6151325E-06
       570  2.1228410E-03 -7.6916657E-06
       571  2.1334818E-03 -7.7689681E-06
       572  2.1441759E-03 -7.8470474E-06
       573  2.1549236E-03 -7.9259114E-06
       574  2.1657252E-03 -8.0055680E-06
       575  2.1765810E-03 -8.0860251E-06
       576  2.1874911E-03 -8.1672909E-06
       577  2.1984560E-03 -8.2493734E-06
       578  2.2094758E-03 -8.3322808E-06
       579  2.2205508E-03 -8.4160214E-06
       580  2.2316814E-03 -8.5006037E-06
       581  2.2428677E-03 -8.5860360E-06
       582  2.2541101E-03 -8.6723269E-06
       583  2.2654089E-03 -8.7594851E-06
       584  2.2767643E-03 -8.8475192E-06
       585  2.2881767E-03 -8.9364381E-06
       586  2.2996462E-03 -9.0262506E-06
       587  2.3111732E-03 -9.1169657E-06
       588  2.3227580E-03 -9.2085926E-06
       589  2.3344009E-03 -9.3011403E-06
       590  2.3461021E-03 -9.3946181E-06
       591  2.3578620E-03 -9.4890354E-06
       592  2.3696808E-03 -9.5844015E-06
       593  2.3815589E-03 -9.6807262E-06
       594  2.3934965E-03 -9.7780189E-06
       595  2.4054940E-03 -9.8762894E-06
       596  2.4175516E-03 -9.9755475E-06
       597  2.4296696E-03 -1.0075803E-05
       598  2.4418484E-03 -1.0177066E-05
       599  2.4540882E-03 -1.0279347E-05
       600  2.4663893E-03 -1.0382656E-05
       601  2.4787522E-03 -1.0487004E-05
       602  2.4911770E-03 -1.0592399E-05
       603  2.5036641E-03 -1.0698855E-05
       604  2.5162137E-03 -1.0806380E-05
       605  2.5288263E-03 -1.0914985E-05
       606  2.5415021E-03 -1.1024682E-05
       607  2.5542414E-03 -1.1135482E-05
       608  2.5670446E-03 -1.1247395E-05
       609  2.5799120E-03 -1.1360433E-05
       610  2.5928438E-03 -1.1474607E-05
       611  2.6058405E-03 -1.1589928E-05
       612  2.6189023E-03 -1.1706409E-05
       613  2.6320297E-03 -1.1824060E-05
       614  2.6452228E-03 -1.1942893E-05
       615  2.6584820E-03 -1.2062921E-05
       616  2.6718077E-03 -1.2184155E-05
       617  2.6852002E-03 -1.2306608E-05
       618  2.6986598E-03 -1.2430291E-05
       619  2.7121869E-03 -1.2555217E-05
       620  2.7257818E-03 -1.2681399E-05
       621  2.7394448E-03 -1.2808848E-05
       622  2.7531763E-03 -1.2937579E-05
       623  2.7669767E-03 -1.3067603E-05
       624  2.7808462E-03 -1.3198935E-05
       625  2.7947853E-03 -1.3331586E-05
       626  2.8087942E-03 -1.3465570E-05
       627  2.8228733E-03 -1.3600901E-05
       628  2.8370230E-03 -1.3737592E-05
       629  2.8512437E-03 -1.3875656E-05
       630  2.8655356E-03 -1.4015109E-05
       631  2.8798992E-03 -1.4155962E-05
       632  2.8943347E-03 -1.4298232E-05
       633  2.9088426E-03 -1.4441931E-05
       634  2.9234233E-03 -1.4587074E-05
       635  2.9380770E-03 -1.4733676E-05
       636  2.9528042E-03 -1.4881752E-05
       637  2.9676051E-03 -1.5031315E-05
       638  2.9824803E-03 -1.5182382E-05
       639  2.9974301E-03 -1.5334967E-05
       640  3.0124548E-03 -1.5489085E-05
       641  3.0275547E-03 -1.5644753E-05
       642  3.0427304E-03 -1.5801984E-05
       643  3.0579822E-03 -1.5960796E-05
       644  3.0733104E-03 -1.6121205E-05
       645  3.0887154E-03 -1.6283225E-05
       646  3.1041977E-03 -1.6446873E-05
       647  3.1197575E-03 -1.6612166E-05
       648  3.1353954E-03 -1.6779121E-05
       649  3.1511116E-03 -1.6947753E-05
       650  3.1669066E-03 -1.7118080E-05
       651  3.1827808E-03 -1.7290119E-05
       652  3.1987346E-03 -1.7463887E-05
       653  3.2147683E-03 -1.7639401E-05
       654  3.2308824E-03 -1.7816680E-05
       655  3.2470772E-03 -1.7995739E-05
       656  3.2633533E-03 -1.8176599E-05
       657  3.2797109E-03 -1.8359276E-05
       658  3.2961505E-03 -1.8543789E-05
       659  3.3126725E-03 -1.8730156E-05
       660  3.3292774E-03 -1.8918397E-05
       661  3.3459655E-03 -1.9108529E-05
       662  3.3627372E-03 -1.9300572E-05
       663  3.3795930E-03 -1.9494545E-05
       664  3.3965332E-03 -1.9690468E-05
       665  3.4135584E-03 -1.9888359E-05
       666  3.4306690E-03 -2.0088240E-05
       667  3.4478653E-03 -2.0290129E-05
       668  3.4651478E-03 -2.0494047E-05
       669  3.4825169E-03 -2.0700015E-05
       670  3.4999731E-03 -2.0908053E-05
       671  3.5175168E-03 -2.1118181E-05
       672  3.5351484E-03 -2.1330421E-05
       673  3.5528684E-03 -2.1544794E-05
       674  3.5706772E-03 -2.1761322E-05
       675  3.5885753E-03 -2.1980026E-05
       676  3.6065631E-03 -2.2200928E-05
       677  3.6246411E-03 -2.2424050E-05
       678  3.6428097E-03 -2.2649414E-05
       679  3.6610694E-03 -2.2877043E-05
       680  3.6794205E-03 -2.3106960E-05
       681  3.6978637E-03 -2.3339188E-05
       682  3.7163993E-03 -2.3573749E-05
       683  3.7350279E-03 -2.3810668E-05
       684  3.7537498E-03 -2.4049968E-05
       685  3.7725655E-03 -2.4291673E-05
       686  3.7914756E-03 -2.4535807E-05
       687  3.8104804E-03 -2.4782394E-05
       688  3.8295805E-03 -2.5031460E-05
       689  3.8487764E-03 -2.5283029E-05
       690  3.8680685E-03 -2.5537126E-05
       691  3.8874572E-03 -2.5793777E-05
       692  3.9069432E-03 -2.6053007E-05
       693  3.9265268E-03 -2.6314843E-05
       694  3.9462086E-03 -2.6579310E-05
       695  3.9659891E-03 -2.6846435E-05
       696  3.9858687E-03 -2.7116244E-05
       697  4.0058479E-03 -2.7388765E-05
       698  4.0259273E-03 -2.7664025E-05
       699  4.0461074E-03 -2.7942052E-05
       700  4.0663886E-03 -2.8222872E-05
       701  4.0867714E-03 -2.8506515E-05
       702  4.1072565E-03 -2.8793008E-05
       703  4.1278442E-03 -2.9082381E-05
       704  4.1485351E-03 -2.9374662E-05
       705  4.1693297E-03 -2.9669880E-05
       706  4.1902285E-03 -2.9968065E-05
       707  4.2112322E-03 -3.0269247E-05
       708  4.2323410E-03 -3.0573456E-05
       709  4.2535557E-03 -3.0880722E-05
       710  4.2748768E-03 -3.1191077E-05
       711  4.2963047E-03 -3.1504550E-05
       712  4.3178400E-03 -3.1821174E-05
       713  4.3394833E-03 -3.2140979E-05
       714  4.3612350E-03 -3.2463999E-05
       715  4.3830958E-03 -3.2790265E-05
       716  4.4050662E-03 -3.3119811E-05
       717  4.4271466E-03 -3.3452668E-05
       718  4.4493378E-03 -3.3788870E-05
       719  4.4716402E-03 -3.4128451E-05
       720  4.4940544E-03 -3.4471445E-05
       721  4.5165809E-03 -3.4817886E-05
       722  4.5392204E-03 -3.5167809E-05
       723  4.5619733E-03 -3.5521248E-05
       724  4.5848403E-03 -3.5878240E-05
       725  4.6078219E-03 -3.6238819E-05
       726  4.6309187E-03 -3.6603023E-05
       727  4.6541313E-03 -3.6970886E-05
       728  4.6774602E-03 -3.7342446E-05
       729  4.7009061E-03 -3.7717741E-05
       730  4.7244695E-03 -3.8096807E-05
       731  4.7481510E-03 -3.8479683E-05
       732  4.7719512E-03 -3.8866407E-05
       733  4.7958707E-03 -3.9257018E-05
       734  4.8199101E-03 -3.9651554E-05
       735  4.8440700E-03 -4.0050055E-05
       736  4.8683510E-03 -4.0452561E-05
       737  4.8927537E-03 -4.0859112E-05
       738  4.9172788E-03 -4.1269749E-05
       739  4.9419267E-03 -4.1684513E-05
       740  4.9666982E-03 -4.2103445E-05
       741  4.9915939E-03 -4.2526588E-05
       742  5.0166144E-03 -4.2953983E-05
       743  5.0417603E-03 -4.3385674E-05
       744  5.0670322E-03 -4.3821702E-05
       745  5.0924308E-03 -4.4262113E-05
       746  5.1179567E-03 -4.4706951E-05
       747  5.1436106E-03 -4.5156258E-05
       748  5.1693930E-03 -4.5610082E-05
       749  5.1953047E-03 -4.6068466E-05
       750  5.2213463E-03 -4.6531457E-05
       751  5.2475184E-03 -4.6999101E-05
       752  5.2738217E-03 -4.7471444E-05
       753  5.3002568E-03 -4.7948535E-05
       754  5.3268245E-03 -4.8430421E-05
       755  5.3535253E-03 -4.8917149E-05
       756  5.3803600E-03 -4.9408769E-05
       757  5.4073291E-03 -4.9905330E-05
       758  5.4344335E-03 -5.0406881E-05
       759  5.4616737E-03 -5.0913473E-05
       760  5.4890504E-03 -5.1425156E-05
       761  5.5165644E-03 -5.1941981E-05
       762  5.5442163E-03 -5.2464000E-05
       763  5.5720068E-03 -5.2991266E-05
       764  5.5999366E-03 -5.3523831E-05
       765  5.6280064E-03 -5.4061748E-05
       766  5.6562169E-03 -5.4605070E-05
       767  5.6845688E-03 -5.5153854E-05
       768  5.7130628E-03 -5.5708152E-05
       769  5.7416997E-03 -5.6268021E-05
       770  5.7704801E-03 -5.6833517E-05
       771  5.7994047E-03 -5.7404696E-05
       772  5.8284744E-03 -5.7981615E-05
       773  5.8576897E-03 -5.8564332E-05
       774  5.8870515E-03 -5.9152906E-05
       775  5.9165605E-03 -5.9747394E-05
       776  5.9462174E-03 -6.0347857E-05
       777  5.9760229E-03 -6.0954355E-05
       778  6.0059778E-03 -6.1566948E-05
       779  6.0360829E-03 -6.2185697E-05
       780  6.0663389E-03 -6.2810665E-05
       781  6.0967466E-03 -6.3441914E-05
       782  6.1273066E-03 -6.4079506E-05
       783  6.1580199E-03 -6.4723507E-05
       784  6.1888871E-03 -6.5373979E-05
       785  6.2199090E-03 -6.6030989E-05
       786  6.2510864E-03 -6.6694601E-05
       787  6.2824201E-03 -6.7364883E-05
       788  6.3139109E-03 -6.8041901E-05
       789  6.3455595E-03 -6.8725722E-05
       790  6.3773668E-03 -6.9416416E-05
       791  6.4093334E-03 -7.0114052E-05
       792  6.4414604E-03 -7.0818699E-05
       793  6.4737483E-03 -7.1530427E-05
       794  6.5061981E-03 -7.2249308E-05
       795  6.5388106E-03 -7.2975413E-05
       796  6.5715865E-03 -7.3708816E-05
       797  6.6045267E-03 -7.4449590E-05
       798  6.6376320E-03 -7.5197808E-05
       799  6.6709033E-03 -7.5953545E-05
       800  6.7043413E-03 -7.6716878E-05
       801  6.7379470E-03 -7.7487882E-05
       802  6.7717211E-03 -7.8266634E-05
       803  6.8056645E-03 -7.9053213E-05
       804  6.8397780E-03 -7.9847696E-05
       805  6.8740626E-03 -8.0650164E-05
       806  6.9085189E-03 -8.1460697E-05
       807  6.9431480E-03 -8.2279376E-05
       808  6.9779507E-03 -8.3106281E-05
       809  7.0129278E-03 -8.3941498E-05
       810  7.0480803E-03 -8.4785107E-05
       811  7.0834089E-03 -8.5637195E-05
       812  7.1189147E-03 -8.6497847E-05
       813  7.1545984E-03 -8.7367147E-05
       814  7.1904609E-03 -8.8245184E-05
       815  7.2265033E-03 -8.9132045E-05
       816  7.2627263E-03 -9.0027819E-05
       817  7.2991308E-03 -9.0932595E-05
       818  7.3357179E-03 -9.1846464E-05
       819  7.3724883E-03 -9.2769516E-05
       820  7.4094431E-03 -9.3701846E-05
       821  7.4465831E-03 -9.4643545E-05
       822  7.4839092E-03 -9.5594708E-05
       823  7.5214225E-03 -9.6555429E-05
       824  7.5591238E-03 -9.7525806E-05
       825  7.5970140E-03 -9.8505935E-05
       826  7.6350942E-03 -9.9495914E-05
       827  7.6733653E-03 -1.0049584E-04
       828  7.7118282E-03 -1.0150582E-04
       829  7.7504839E-03 -1.0252595E-04
       830  7.7893334E-03 -1.0355632E-04
       831  7.8283775E-03 -1.0459706E-04
       832  7.8676175E-03 -1.0564825E-04
       833  7.9070541E-03 -1.0671001E-04
       834  7.9466883E-03 -1.0778243E-04
       835  7.9865213E-03 -1.0886564E-04
       836  8.0265539E-03 -1.0995973E-04
       837  8.0667871E-03 -1.1106482E-04
       838  8.1072221E-03 -1.1218101E-04
       839  8.1478597E-03 -1.1330842E-04
       840  8.1887010E-03 -1.1444716E-04
       841  8.2297470E-03 -1.1559734E-04
       842  8.2709988E-03 -1.1675908E-04
       843  8.3124574E-03 -1.1793250E-04
       844  8.3541237E-03 -1.1911771E-04
       845  8.3959990E-03 -1.2031483E-04
       846  8.4380841E-03 -1.2152398E-04
       847  8.4803802E-03 -1.2274528E-04
       848  8.5228882E-03 -1.2397886E-04
       849  8.5656094E-03 -1.2522483E-04
       850  8.6085447E-03 -1.2648332E-04
       851  8.6516952E-03 -1.2775446E-04
       852  8.6950620E-03 -1.2903838E-04
       853  8.7386462E-03 -1.3033520E-04
       854  8.7824488E-03 -1.3164505E-04
       855  8.8264710E-03 -1.3296807E-04
       856  8.8707139E-03 -1.3430438E-04
       857  8.9151785E-03 -1.3565412E-04
       858  8.9598661E-03 -1.3701742E-04
       859  9.0047776E-03 -1.3839443E-04
       860  9.0499142E-03 -1.3978527E-04
       861  9.0952771E-03 -1.4119009E-04
       862  9.1408674E-03 -1.4260903E-04
       863  9.1866862E-03 -1.4404223E-04
       864  9.2327346E-03 -1.4548983E-04
       865  9.2790139E-03 -1.4695197E-04
       866  9.3255251E-03 -1.4842882E-04
       867  9.3722695E-03 -1.4992050E-04
       868  9.4192482E-03 -1.5142717E-04
       869  9.4664624E-03 -1.5294899E-04
       870  9.5139132E-03 -1.5448610E-04
       871  9.5616019E-03 -1.5603866E-04
       872  9.6095297E-03 -1.5760681E-04
       873  9.6576976E-03 -1.5919073E-04
       874  9.7061070E-03 -1.6079057E-04
       875  9.7547591E-03 -1.6240648E-04
       876  9.8036550E-03 -1.6403863E-04
       877  9.8527961E-03 -1.6568719E-04
       878  9.9021834E-03 -1.6735231E-04
       879  9.9518183E-03 -1.6903416E-04
       880  1.0001702E-02 -1.7073292E-04
       881  1.0051836E-02 -1.7244874E-04
       882  1.0102221E-02 -1.7418181E-04
       883  1.0152858E-02 -1.7593230E-04
       884  1.0203750E-02 -1.7770038E-04
       885  1.0254896E-02 -1.7948622E-04
       886  1.0306299E-02 -1.8129002E-04
       887  1.0357960E-02 -1.8311194E-04
       888  1.0409879E-02 -1.8495216E-04
       889  1.0462059E-02 -1.8681089E-04
       890  1.0514500E-02 -1.8868829E-04
       891  1.0567204E-02 -1.9058455E-04
       892  1.0620173E-02 -1.9249988E-04
       893  1.0673407E-02 -1.9443445E-04
       894  1.0726907E-02 -1.9638846E-04
       895  1.0780676E-02 -1.9836211E-04
       896  1.0834714E-02 -2.0035559E-04
       897  1.0889024E-02 -2.0236910E-04
       898  1.0943605E-02 -2.0440285E-04
       899  1.0998460E-02 -2.0645704E-04
       900  1.1053590E-02 -2.0853187E-04
       901  1.1108997E-02 -2.1062755E-04
       902  1.1164681E-02 -2.1274429E-04
       903  1.1220644E-02 -2.1488230E-04
       904  1.1276888E-02 -2.1704180E-04
       905  1.1333413E-02 -2.1922300E-04
       906  1.1390222E-02 -2.2142611E-04
       907  1.1447316E-02 -2.2365137E-04
       908  1.1504696E-02 -2.2589899E-04
       909  1.1562363E-02 -2.2816919E-04
       910  1.1620320E-02 -2.3046221E-04
       911  1.1678567E-02 -2.3277827E-04
       912  1.1737106E-02 -2.3511761E-04
       913  1.1795939E-02 -2.3748045E-04
       914  1.1855066E-02 -2.3986704E-04
       915  1.1914490E-02 -2.4227762E-04
       916  1.1974211E-02 -2.4471241E-04
       917  1.2034232E-02 -2.4717167E-04
       918  1.2094554E-02 -2.4965565E-04
       919  1.2155178E-02 -2.5216459E-04
       920  1.2216106E-02 -2.5469874E-04
       921  1.2277340E-02 -2.5725835E-04
       922  1.2338880E-02 -2.5984369E-04
       923  1.2400729E-02 -2.6245501E-04
       924  1.2462888E-02 -2.6509257E-04
       925  1.2525359E-02 -2.6775663E-04
       926  1.2588142E-02 -2.7044746E-04
       927  1.2651241E-02 -2.7316534E-04
       928  1.2714655E-02 -2.7591052E-04
       929  1.2778388E-02 -2.7868329E-04
       930  1.2842440E-02 -2.8148393E-04
       931  1.2906813E-02 -2.8431271E-04
       932  1.2971508E-02 -2.8716991E-04
       933  1.3036528E-02 -2.9005583E-04
       934  1.3101874E-02 -2.9297074E-04
       935  1.3167547E-02 -2.9591495E-04
       936  1.3233550E-02 -2.9888875E-04
       937  1.3299884E-02 -3.0189242E-04
       938  1.3366549E-02 -3.0492628E-04
       939  1.3433550E-02 -3.0799063E-04
       940  1.3500886E-02 -3.1108577E-04
       941  1.3568559E-02 -3.1421201E-04
       942  1.3636572E-02 -3.1736967E-04
       943  1.3704925E-02 -3.2055905E-04
       944  1.3773622E-02 -3.2378049E-04
       945  1.3842662E-02 -3.2703429E-04
       946  1.3912049E-02 -3.3032080E-04
       947  1.3981783E-02 -3.3364033E-04
       948  1.4051867E-02 -3.3699321E-04
       949  1.4122302E-02 -3.4037979E-04
       950  1.4193091E-02 -3.4380040E-04
       951  1.4264234E-02 -3.4725538E-04
       952  1.4335734E-02 -3.5074507E-04
       953  1.4407592E-02 -3.5426984E-04
       954  1.4479810E-02 -3.5783002E-04
       955  1.4552391E-02 -3.6142598E-04
       956  1.4625335E-02 -3.6505807E-04
       957  1.4698645E-02 -3.6872666E-04
       958  1.4772322E-02 -3.7243211E-04
       959  1.4846368E-02 -3.7617479E-04
       960  1.4920786E-02 -3.7995509E-04
       961  1.4995577E-02 -3.8377337E-04
       962  1.5070742E-02 -3.8763002E-04
       963  1.5146285E-02 -3.9152542E-04
       964  1.5222206E-02 -3.9545996E-04
       965  1.5298508E-02 -3.9943404E-04
       966  1.5375192E-02 -4.0344805E-04
       967  1.5452260E-02 -4.0750240E-04
       968  1.5529715E-02 -4.1159748E-04
       969  1.5607558E-02 -4.1573372E-04
       970  1.5685791E-02 -4.1991151E-04
       971  1.5764416E-02 -4.2413129E-04
       972  1.5843436E-02 -4.2839346E-04
       973  1.5922852E-02 -4.3269847E-04
       974  1.6002665E-02 -4.3704673E-04
       975  1.6082879E-02 -4.4143868E-04
       976  1.6163495E-02 -4.4587477E-04
       977  1.6244514E-02 -4.5035543E-04
       978  1.6325940E-02 -4.5488111E-04
       979  1.6407775E-02 -4.5945226E-04
       980  1.6490019E-02 -4.6406935E-04
       981  1.6572675E-02 -4.6873283E-04
       982  1.6655746E-02 -4.7344317E-04
       983  1.6739234E-02 -4.7820083E-04
       984  1.6823139E-02 -4.8300631E-04
       985  1.6907466E-02 -4.8786007E-04
       986  1.6992215E-02 -4.9276259E-04
       987  1.7077389E-02 -4.9771438E-04
       988  1.7162989E-02 -5.0271592E-04
       989  1.7249019E-02 -5.0776772E-04
       990  1.7335480E-02 -5.1287028E-04
       991  1.7422375E-02 -5.1802411E-04
       992  1.7509705E-02 -5.2322972E-04
       993  1.7597472E-02 -5.2848764E-04
       994  1.7685680E-02 -5.3379838E-04
       995  1.7774330E-02 -5.3916249E-04
       996  1.7863424E-02 -5.4458050E-04
       997  1.7952965E-02 -5.5005294E-04
       998  1.8042955E-02 -5.5558037E-04
       999  1.8133395E-02 -5.6116333E-04
      1000  1.8224289E-02 -5.6680239E-04
      1001  1.8315639E-02 -5.7249811E-04
      1002  1.8407446E-02 -5.7825106E-04
      1003  1.8499714E-02 -5.8406181E-04
      1004  1.8592444E-02 -5.8993095E-04
      1005  1.8685639E-02 -5.9585905E-04
      1006  1.8779301E-02 -6.0184672E-04
      1007  1.8873433E-02 -6.0789455E-04
      1008  1.8968037E-02 -6.1400314E-04
      1009  1.9063114E-02 -6.2017310E-04
      1010  1.9158669E-02 -6.2640506E-04
      1011  1.9254702E-02 -6.3269964E-04
      1012  1.9351216E-02 -6.3905745E-04
      1013  1.9448215E-02 -6.4547915E-04
      1014  1.9545699E-02 -6.5196536E-04
      1015  1.9643673E-02 -6.5851675E-04
      1016  1.9742137E-02 -6.6513395E-04
      1017  1.9841095E-02 -6.7181764E-04
      1018  1.9940549E-02 -6.7856849E-04
      1019  2.0040501E-02 -6.8538715E-04
      1020  2.0140954E-02 -6.9227433E-04
      1021  2.0241911E-02 -6.9923070E-04
      1022  2.0343374E-02 -7.0625696E-04
      1023  2.0445346E-02 -7.1335381E-04
      1024  2.0547829E-02 -7.2052197E-04
      1025  2.0650825E-02 -7.2776214E-04
      1026  2.0754338E-02 -7.3507506E-04
      1027  2.0858369E-02 -7.4246144E-04
      1028  2.0962922E-02 -7.4992203E-04
      1029  2.1068000E-02 -7.5745758E-04
      1030  2.1173603E-02 -7.6506884E-04
      1031  2.1279736E-02 -7.7275656E-04
      1032  2.1386402E-02 -7.8052152E-04
      1033  2.1493601E-02 -7.8836449E-04
      1034  2.1601338E-02 -7.9628626E-04
      1035  2.1709616E-02 -8.0428761E-04
      1036  2.1818436E-02 -8.1236935E-04
      1037  2.1927801E-02 -8.2053228E-04
      1038  2.2037714E-02 -8.2877722E-04
      1039  2.2148179E-02 -8.3710499E-04
      1040  2.2259197E-02 -8.4551642E-04
      1041  2.2370772E-02 -8.5401236E-04
      1042  2.2482906E-02 -8.6259365E-04
      1043  2.2595602E-02 -8.7126115E-04
      1044  2.2708863E-02 -8.8001572E-04
      1045  2.2822691E-02 -8.8885825E-04
      1046  2.2937091E-02 -8.9778960E-04
      1047  2.3052063E-02 -9.0681069E-04
      1048  2.3167612E-02 -9.1592239E-04
      1049  2.3283740E-02 -9.2512564E-04
      1050  2.3400451E-02 -9.3442134E-04
      1051  2.3517746E-02 -9.4381042E-04
      1052  2.3635629E-02 -9.5329382E-04
      1053  2.3754103E-02 -9.6287250E-04
      1054  2.3873171E-02 -9.7254739E-04
      1055  2.3992836E-02 -9.8231948E-04
      1056  2.4113100E-02 -9.9218974E-04
      1057  2.4233968E-02 -1.0021591E-03
      1058  2.4355441E-02 -1.0122287E-03
      1059  2.4477523E-02 -1.0223994E-03
      1060  2.4600217E-02 -1.0326723E-03
      1061  2.4723526E-02 -1.0430484E-03
      1062  2.4847454E-02 -1.0535287E-03
      1063  2.4972002E-02 -1.0641143E-03
      1064  2.5097175E-02 -1.0748062E-03
      1065  2.5222975E-02 -1.0856055E-03
      1066  2.5349406E-02 -1.0965133E-03
      1067  2.5476470E-02 -1.1075307E-03
      1068  2.5604171E-02 -1.1186587E-03
      1069  2.5732513E-02 -1.1298986E-03
      1070  2.5861497E-02 -1.1412513E-03
      1071  2.5991129E-02 -1.1527181E-03
      1072  2.6121410E-02 -1.1643000E-03
      1073  2.6252344E-02 -1.1759983E-03
      1074  2.6383934E-02 -1.1878141E-03
      1075  2.6516184E-02 -1.1997486E-03
      1076  2.6649097E-02 -1.2118030E-03
      1077  2.6782676E-02 -1.2239784E-03
      1078  2.6916925E-02 -1.2362762E-03
      1079  2.7051847E-02 -1.2486974E-03
      1080  2.7187445E-02 -1.2612435E-03
      1081  2.7323722E-02 -1.2739155E-03
      1082  2.7460683E-02 -1.2867148E-03
      1083  2.7598330E-02 -1.2996427E-03
      1084  2.7736668E-02 -1.3127005E-03
      1085  2.7875698E-02 -1.3258894E-03
      1086  2.8015426E-02 -1.3392107E-03
      1087  2.8155854E-02 -1.3526659E-03
      1088  2.8296985E-02 -1.3662562E-03
      1089  2.8438825E-02 -1.3799830E-03
      1090  2.8581375E-02 -1.3938477E-03
      1091  2.8724640E-02 -1.4078516E-03
      1092  2.8868623E-02 -1.4219962E-03
      1093  2.9013327E-02 -1.4362829E-03
      1094  2.9158757E-02 -1.4507130E-03
      1095  2.9304916E-02 -1.4652881E-03
      1096  2.9451807E-02 -1.4800095E-03
      1097  2.9599435E-02 -1.4948788E-03
      1098  2.9747803E-02 -1.5098975E-03
      1099  2.9896914E-02 -1.5250670E-03
      1100  3.0046773E-02 -1.5403888E-03
      1101  3.0197383E-02 -1.5558645E-03
      1102  3.0348748E-02 -1.5714956E-03
      1103  3.0500872E-02 -1.5872837E-03
      1104  3.0653758E-02 -1.6032304E-03
      1105  3.0807411E-02 -1.6193372E-03
      1106  3.0961834E-02 -1.6356058E-03
      1107  3.1117031E-02 -1.6520378E-03
      1108  3.1273005E-02 -1.6686348E-03
      1109  3.1429762E-02 -1.6853984E-03
      1110  3.1587304E-02 -1.7023304E-03
      1111  3.1745636E-02 -1.7194325E-03
      1112  3.1904762E-02 -1.7367062E-03
      1113  3.2064685E-02 -1.7541535E-03
      1114  3.2225410E-02 -1.7717759E-03
      1115  3.2386941E-02 -1.7895754E-03
      1116  3.2549281E-02 -1.8075535E-03
      1117  3.2712435E-02 -1.8257122E-03
      1118  3.2876407E-02 -1.8440533E-03
      1119  3.3041200E-02 -1.8625785E-03
      1120  3.3206820E-02 -1.8812897E-03
      1121  3.3373270E-02 -1.9001889E-03
      1122  3.3540554E-02 -1.9192778E-03
      1123  3.3708677E-02 -1.9385584E-03
      1124  3.3877642E-02 -1.9580326E-03
      1125  3.4047455E-02 -1.9777023E-03
      1126  3.4218118E-02 -1.9975696E-03
      1127  3.4389637E-02 -2.0176363E-03
      1128  3.4562016E-02 -2.0379045E-03
      1129  3.4735259E-02 -2.0583762E-03
      1130  3.4909370E-02 -2.0790535E-03
      1131  3.5084354E-02 -2.0999384E-03
      1132  3.5260215E-02 -2.1210330E-03
      1133  3.5436958E-02 -2.1423394E-03
      1134  3.5614586E-02 -2.1638597E-03
      1135  3.5793105E-02 -2.1855961E-03
      1136  3.5972519E-02 -2.2075507E-03
      1137  3.6152832E-02 -2.2297257E-03
      1138  3.6334049E-02 -2.2521234E-03
      1139  3.6516174E-02 -2.2747460E-03
      1140  3.6699212E-02 -2.2975956E-03
      1141  3.6883167E-02 -2.3206747E-03
      1142  3.7068045E-02 -2.3439855E-03
      1143  3.7253849E-02 -2.3675303E-03
      1144  3.7440585E-02 -2.3913115E-03
      1145  3.7628257E-02 -2.4153314E-03
      1146  3.7816869E-02 -2.4395925E-03
      1147  3.8006427E-02 -2.4640971E-03
      1148  3.8196935E-02 -2.4888477E-03
      1149  3.8388398E-02 -2.5138468E-03
      1150  3.8580821E-02 -2.5390968E-03
      1151  3.8774208E-02 -2.5646003E-03
      1152  3.8968564E-02 -2.5903599E-03
      1153  3.9163895E-02 -2.6163780E-03
      1154  3.9360205E-02 -2.6426573E-03
      1155  3.9557499E-02 -2.6692003E-03
      1156  3.9755782E-02 -2.6960099E-03
      1157  3.9955058E-02 -2.7230885E-03
      1158  4.0155334E-02 -2.7504389E-03
      1159  4.0356613E-02 -2.7780639E-03
      1160  4.0558902E-02 -2.8059661E-03
      1161  4.0762204E-02 -2.8341485E-03
      1162  4.0966525E-02 -2.8626136E-03
      1163  4.1171871E-02 -2.8913645E-03
      1164  4.1378246E-02 -2.9204040E-03
      1165  4.1585655E-02 -2.9497349E-03
      1166  4.1794104E-02 -2.9793602E-03
      1167  4.2003598E-02 -3.0092829E-03
      1168  4.2214142E-02 -3.0395058E-03
      1169  4.2425741E-02 -3.0700321E-03
      1170  4.2638401E-02 -3.1008648E-03
      1171  4.2852127E-02 -3.1320068E-03
      1172  4.3066924E-02 -3.1634615E-03
      1173  4.3282798E-02 -3.1952318E-03
      1174  4.3499754E-02 -3.2273209E-03
      1175  4.3717797E-02 -3.2597320E-03
      1176  4.3936934E-02 -3.2924684E-03
      1177  4.4157168E-02 -3.3255333E-03
      1178  4.4378507E-02 -3.3589301E-03
      1179  4.4600955E-02 -3.3926619E-03
      1180  4.4824519E-02 -3.4267322E-03
      1181  4.5049202E-02 -3.4611444E-03
      1182  4.5275012E-02 -3.4959020E-03
      1183  4.5501954E-02 -3.5310082E-03
      1184  4.5730034E-02 -3.5664668E-03
      1185  4.5959257E-02 -3.6022811E-03
      1186  4.6189628E-02 -3.6384547E-03
      1187  4.6421155E-02 -3.6749913E-03
      1188  4.6653842E-02 -3.7118945E-03
      1189  4.6887695E-02 -3.7491680E-03
      1190  4.7122721E-02 -3.7868154E-03
      1191  4.7358924E-02 -3.8248405E-03
      1192  4.7596312E-02 -3.8632471E-03
      1193  4.7834889E-02 -3.9020391E-03
      1194  4.8074663E-02 -3.9412202E-03
      1195  4.8315638E-02 -3.9807944E-03
      1196  4.8557821E-02 -4.0207655E-03
      1197  4.8801218E-02 -4.0611377E-03
      1198  4.9045835E-02 -4.1019148E-03
      1199  4.9291679E-02 -4.1431010E-03
      1200  4.9538754E-02 -4.1847004E-03
      1201  4.9787068E-02 -4.2267170E-03
      1202  5.0036627E-02 -4.2691551E-03
      1203  5.0287437E-02 -4.3120189E-03
      1204  5.0539504E-02 -4.3553126E-03
      1205  5.0792834E-02 -4.3990405E-03
      1206  5.1047434E-02 -4.4432071E-03
      1207  5.1303310E-02 -4.4878166E-03
      1208  5.1560469E-02 -4.5328736E-03
      1209  5.1818917E-02 -4.5783824E-03
      1210  5.2078661E-02 -4.6243477E-03
      1211  5.2339706E-02 -4.6707739E-03
      1212  5.2602060E-02 -4.7176657E-03
      1213  5.2865729E-02 -4.7650278E-03
      1214  5.3130719E-02 -4.8128649E-03
      1215  5.3397038E-02 -4.8611816E-03
      1216  5.3664692E-02 -4.9099829E-03
      1217  5.3933687E-02 -4.9592736E-03
      1218  5.4204031E-02 -5.0090585E-03
      1219  5.4475730E-02 -5.0593426E-03
      1220  5.4748791E-02 -5.1101309E-03
      1221  5.5023220E-02 -5.1614284E-03
      1222  5.5299025E-02 -5.2132403E-03
      1223  5.5576213E-02 -5.2655717E-03
      1224  5.5854790E-02 -5.3184277E-03
      1225  5.6134763E-02 -5.3718137E-03
      1226  5.6416140E-02 -5.4257349E-03
      1227  5.6698927E-02 -5.4801966E-03
      1228  5.6983131E-02 -5.5352043E-03
      1229  5.7268760E-02 -5.5907635E-03
      1230  5.7555821E-02 -5.6468797E-03
      1231  5.7844321E-02 -5.7035583E-03
      1232  5.8134267E-02 -5.7608051E-03
      1233  5.8425666E-02 -5.8186257E-03
      1234  5.8718526E-02 -5.8770259E-03
      1235  5.9012854E-02 -5.9360115E-03
      1236  5.9308657E-02 -5.9955882E-03
      1237  5.9605943E-02 -6.0557621E-03
      1238  5.9904719E-02 -6.1165391E-03
      1239  6.0204992E-02 -6.1779252E-03
      1240  6.0506771E-02 -6.2399264E-03
      1241  6.0810063E-02 -6.3025491E-03
      1242  6.1114874E-02 -6.3657993E-03
      1243  6.1421214E-02 -6.4296833E-03
      1244  6.1729089E-02 -6.4942074E-03
      1245  6.2038507E-02 -6.5593782E-03
      1246  6.2349477E-02 -6.6252019E-03
      1247  6.2662005E-02 -6.6916852E-03
      1248  6.2976099E-02 -6.7588346E-03
      1249  6.3291768E-02 -6.8266568E-03
      1250  6.3609020E-02 -6.8951585E-03
      1251  6.3927861E-02 -6.9643464E-03
      1252  6.4248301E-02 -7.0342275E-03
      1253  6.4570347E-02 -7.1048087E-03
      1254  6.4894007E-02 -7.1760969E-03
      1255  6.5219290E-02 -7.2480993E-03
      1256  6.5546203E-02 -7.3208229E-03
      1257  6.5874754E-02 -7.3942749E-03
      1258  6.6204953E-02 -7.4684626E-03
      1259  6.6536807E-02 -7.5433934E-03
      1260  6.6870324E-02 -7.6190746E-03
      1261  6.7205513E-02 -7.6955139E-03
      1262  6.7542382E-02 -7.7727186E-03
      1263  6.7880939E-02 -7.8506965E-03
      1264  6.8221194E-02 -7.9294553E-03
      1265  6.8563154E-02 -8.0090028E-03
      1266  6.8906828E-02 -8.0893468E-03
      1267  6.9252225E-02 -8.1704952E-03
      1268  6.9599354E-02 -8.2524562E-03
      1269  6.9948222E-02 -8.3352379E-03
      1270  7.0298839E-02 -8.4188483E-03
      1271  7.0651213E-02 -8.5032958E-03
      1272  7.1005354E-02 -8.5885887E-03
      1273  7.1361270E-02 -8.6747354E-03
      1274  7.1718969E-02 -8.7617445E-03
      1275  7.2078462E-02 -8.8496245E-03
      1276  7.2439757E-02 -8.9383842E-03
      1277  7.2802863E-02 -9.0280323E-03
      1278  7.3167789E-02 -9.1185777E-03
      1279  7.3534544E-02 -9.2100292E-03
      1280  7.3903137E-02 -9.3023960E-03
      1281  7.4273578E-02 -9.3956872E-03
      1282  7.4645876E-02 -9.4899119E-03
      1283  7.5020040E-02 -9.5850795E-03
      1284  7.5396080E-02 -9.6811993E-03
      1285  7.5774004E-02 -9.7782809E-03
      1286  7.6153823E-02 -9.8763338E-03
      1287  7.6535545E-02 -9.9753677E-03
      1288  7.6919181E-02 -1.0075392E-02
      1289  7.7304740E-02 -1.0176418E-02
      1290  7.7692232E-02 -1.0278454E-02
      1291  7.8081666E-02 -1.0381510E-02
      1292  7.8473052E-02 -1.0485597E-02
      1293  7.8866400E-02 -1.0590726E-02
      1294  7.9261719E-02 -1.0696906E-02
      1295  7.9659020E-02 -1.0804148E-02
      1296  8.0058313E-02 -1.0912462E-02
      1297  8.0459607E-02 -1.1021859E-02
      1298  8.0862912E-02 -1.1132351E-02
      1299  8.1268239E-02 -1.1243947E-02
      1300  8.1675598E-02 -1.1356659E-02
      1301  8.2084999E-02 -1.1470497E-02
      1302  8.2496451E-02 -1.1585474E-02
      1303  8.2909967E-02 -1.1701601E-02
      1304  8.3325555E-02 -1.1818888E-02
      1305  8.3743226E-02 -1.1937347E-02
      1306  8.4162990E-02 -1.2056991E-02
      1307  8.4584859E-02 -1.2177830E-02
      1308  8.5008842E-02 -1.2299877E-02
      1309  8.5434951E-02 -1.2423144E-02
      1310  8.5863195E-02 -1.2547643E-02
      1311  8.6293586E-02 -1.2673385E-02
      1312  8.6726135E-02 -1.2800384E-02
      1313  8.7160851E-02 -1.2928652E-02
      1314  8.7597747E-02 -1.3058202E-02
      1315  8.8036833E-02 -1.3189045E-02
      1316  8.8478119E-02 -1.3321196E-02
      1317  8.8921617E-02 -1.3454666E-02
      1318  8.9367339E-02 -1.3589470E-02
      1319  8.9815295E-02 -1.3725620E-02
      1320  9.0265496E-02 -1.3863130E-02
      1321  9.0717953E-02 -1.4002013E-02
      1322  9.1172679E-02 -1.4142283E-02
      1323  9.1629684E-02 -1.4283954E-02
      1324  9.2088980E-02 -1.4427039E-02
      1325  9.2550578E-02 -1.4571553E-02
      1326  9.3014489E-02 -1.4717509E-02
      1327  9.3480726E-02 -1.4864922E-02
      1328  9.3949300E-02 -1.5013807E-02
      1329  9.4420223E-02 -1.5164177E-02
      1330  9.4893507E-02 -1.5316049E-02
      1331  9.5369162E-02 -1.5469436E-02
      1332  9.5847202E-02 -1.5624354E-02
      1333  9.6327638E-02 -1.5780817E-02
      1334  9.6810483E-02 -1.5938842E-02
      1335  9.7295747E-02 -1.6098443E-02
      1336  9.7783444E-02 -1.6259636E-02
      1337  9.8273586E-02 -1.6422438E-02
      1338  9.8766184E-02 -1.6586863E-02
      1339  9.9261252E-02 -1.6752928E-02
      1340  9.9758801E-02 -1.6920649E-02
      1341  1.0025884E-01 -1.7090043E-02
      1342  1.0076139E-01 -1.7261126E-02
      1343  1.0126646E-01 -1.7433915E-02
      1344  1.0177406E-01 -1.7608426E-02
      1345  1.0228421E-01 -1.7784677E-02
      1346  1.0279691E-01 -1.7962685E-02
      1347  1.0331218E-01 -1.8142467E-02
      1348  1.0383003E-01 -1.8324041E-02
      1349  1.0435048E-01 -1.8507425E-02
      1350  1.0487354E-01 -1.8692636E-02
      1351  1.0539922E-01 -1.8879692E-02
      1352  1.0592754E-01 -1.9068612E-02
      1353  1.0645850E-01 -1.9259414E-02
      1354  1.0699213E-01 -1.9452116E-02
      1355  1.0752843E-01 -1.9646739E-02
      1356  1.0806742E-01 -1.9843299E-02
      1357  1.0860911E-01 -2.0041817E-02
      1358  1.0915351E-01 -2.0242311E-02
      1359  1.0970065E-01 -2.0444802E-02
      1360  1.1025053E-01 -2.0649309E-02
      1361  1.1080316E-01 -2.0855852E-02
      1362  1.1135856E-01 -2.1064450E-02
      1363  1.1191675E-01 -2.1275125E-02
      1364  1.1247773E-01 -2.1487896E-02
      1365  1.1304153E-01 -2.1702785E-02
      1366  1.1360815E-01 -2.1919812E-02
      1367  1.1417762E-01 -2.2138997E-02
      1368  1.1474993E-01 -2.2360364E-02
      1369  1.1532512E-01 -2.2583932E-02
      1370  1.1590319E-01 -2.2809724E-02
      1371  1.1648416E-01 -2.3037761E-02
      1372  1.1706804E-01 -2.3268066E-02
      1373  1.1765484E-01 -2.3500660E-02
      1374  1.1824459E-01 -2.3735567E-02
      1375  1.1883729E-01 -2.3972809E-02
      1376  1.1943297E-01 -2.4212409E-02
      1377  1.2003163E-01 -2.4454390E-02
      1378  1.2063329E-01 -2.4698776E-02
      1379  1.2123797E-01 -2.4945590E-02
      1380  1.2184567E-01 -2.5194856E-02
      1381  1.2245643E-01 -2.5446598E-02
      1382  1.2307024E-01 -2.5700840E-02
      1383  1.2368714E-01 -2.5957608E-02
      1384  1.2430712E-01 -2.6216925E-02
      1385  1.2493021E-01 -2.6478817E-02
      1386  1.2555643E-01 -2.6743308E-02
      1387  1.2618578E-01 -2.7010426E-02
      1388  1.2681829E-01 -2.7280194E-02
      1389  1.2745397E-01 -2.7552639E-02
      1390  1.2809284E-01 -2.7827788E-02
      1391  1.2873490E-01 -2.8105667E-02
      1392  1.2938019E-01 -2.8386302E-02
      1393  1.3002871E-01 -2.8669721E-02
      1394  1.3068048E-01 -2.8955950E-02
      1395  1.3133552E-01 -2.9245018E-02
      1396  1.3199384E-01 -2.9536952E-02
      1397  1.3265547E-01 -2.9831779E-02
      1398  1.3332040E-01 -3.0129529E-02
      1399  1.3398867E-01 -3.0430230E-02
      1400  1.3466030E-01 -3.0733910E-02
      1401  1.3533528E-01 -3.1040600E-02
      1402  1.3601365E-01 -3.1350327E-02
      1403  1.3669543E-01 -3.1663122E-02
      1404  1.3738061E-01 -3.1979015E-02
      1405  1.3806924E-01 -3.2298035E-02
      1406  1.3876131E-01 -3.2620214E-02
      1407  1.3945686E-01 -3.2945582E-02
      1408  1.4015589E-01 -3.3274171E-02
      1409  1.4085842E-01 -3.3606011E-02
      1410  1.4156448E-01 -3.3941134E-02
      1411  1.4227407E-01 -3.4279572E-02
      1412  1.4298722E-01 -3.4621358E-02
      1413  1.4370395E-01 -3.4966524E-02
      1414  1.4442427E-01 -3.5315103E-02
      1415  1.4514820E-01 -3.5667127E-02
      1416  1.4587576E-01 -3.6022632E-02
      1417  1.4660696E-01 -3.6381649E-02
      1418  1.4734183E-01 -3.6744214E-02
      1419  1.4808039E-01 -3.7110361E-02
      1420  1.4882264E-01 -3.7480125E-02
      1421  1.4956862E-01 -3.7853540E-02
      1422  1.5031834E-01 -3.8230642E-02
      1423  1.5107181E-01 -3.8611467E-02
      1424  1.5182906E-01 -3.8996051E-02
      1425  1.5259011E-01 -3.9384431E-02
      1426  1.5335497E-01 -3.9776642E-02
      1427  1.5412366E-01 -4.0172722E-02
      1428  1.5489621E-01 -4.0572709E-02
      1429  1.5567263E-01 -4.0976641E-02
      1430  1.5645294E-01 -4.1384554E-02
      1431  1.5723717E-01 -4.1796489E-02
      1432  1.5802532E-01 -4.2212483E-02
      1433  1.5881743E-01 -4.2632577E-02
      1434  1.5961350E-01 -4.3056808E-02
      1435  1.6041357E-01 -4.3485218E-02
      1436  1.6121764E-01 -4.3917847E-02
      1437  1.6202575E-01 -4.4354735E-02
      1438  1.6283791E-01 -4.4795924E-02
      1439  1.6365414E-01 -4.5241454E-02
      1440  1.6447446E-01 -4.5691367E-02
      1441  1.6529889E-01 -4.6145707E-02
      1442  1.6612745E-01 -4.6604514E-02
      1443  1.6696017E-01 -4.7067833E-02
      1444  1.6779706E-01 -4.7535706E-02
      1445  1.6863815E-01 -4.8008178E-02
      1446  1.6948345E-01 -4.8485291E-02
      1447  1.7033299E-01 -4.8967092E-02
      1448  1.7118679E-01 -4.9453625E-02
      1449  1.7204486E-01 -4.9944934E-02
      1450  1.7290724E-01 -5.0441067E-02
      1451  1.7377394E-01 -5.0942068E-02
      1452  1.7464499E-01 -5.1447985E-02
      1453  1.7552040E-01 -5.1958865E-02
      1454  1.7640020E-01 -5.2474755E-02
      1455  1.7728441E-01 -5.2995703E-02
      1456  1.7817305E-01 -5.3521757E-02
      1457  1.7906615E-01 -5.4052966E-02
      1458  1.7996372E-01 -5.4589379E-02
      1459  1.8086579E-01 -5.5131045E-02
      1460  1.8177239E-01 -5.5678016E-02
      1461  1.8268352E-01 -5.6230341E-02
      1462  1.8359923E-01 -5.6788070E-02
      1463  1.8451952E-01 -5.7351257E-02
      1464  1.8544443E-01 -5.7919951E-02
      1465  1.8637398E-01 -5.8494207E-02
      1466  1.8730818E-01 -5.9074076E-02
      1467  1.8824707E-01 -5.9659612E-02
      1468  1.8919066E-01 -6.0250868E-02
      1469  1.9013898E-01 -6.0847899E-02
      1470  1.9109206E-01 -6.1450759E-02
      1471  1.9204991E-01 -6.2059504E-02
      1472  1.9301256E-01 -6.2674189E-02
      1473  1.9398004E-01 -6.3294870E-02
      1474  1.9495237E-01 -6.3921604E-02
      1475  1.9592957E-01 -6.4554449E-02
      1476  1.9691168E-01 -6.5193461E-02
      1477  1.9789870E-01 -6.5838698E-02
      1478  1.9889067E-01 -6.6490220E-02
      1479  1.9988761E-01 -6.7148086E-02
      1480  2.0088955E-01 -6.7812355E-02
      1481  2.0189652E-01 -6.8483087E-02
      1482  2.0290853E-01 -6.9160343E-02
      1483  2.0392561E-01 -6.9844185E-02
      1484  2.0494779E-01 -7.0534674E-02
      1485  2.0597510E-01 -7.1231872E-02
      1486  2.0700755E-01 -7.1935842E-02
      1487  2.0804518E-01 -7.2646648E-02
      1488  2.0908801E-01 -7.3364353E-02
      1489  2.1013607E-01 -7.4089023E-02
      1490  2.1118938E-01 -7.4820721E-02
      1491  2.1224797E-01 -7.5559513E-02
      1492  2.1331187E-01 -7.6305466E-02
      1493  2.1438110E-01 -7.7058646E-02
      1494  2.1545569E-01 -7.7819121E-02
      1495  2.1653567E-01 -7.8586958E-02
      1496  2.1762106E-01 -7.9362225E-02
      1497  2.1871189E-01 -8.0144992E-02
      1498  2.1980818E-01 -8.0935329E-02
      1499  2.2090998E-01 -8.1733304E-02
      1500  2.2201729E-01 -8.2538989E-02
      1501  2.2313016E-01 -8.3352456E-02
      1502  2.2424860E-01 -8.4173776E-02
      1503  2.2537266E-01 -8.5003021E-02
      1504  2.2650234E-01 -8.5840264E-02
      1505  2.2763769E-01 -8.6685581E-02
      1506  2.2877873E-01 -8.7539043E-02
      1507  2.2992549E-01 -8.8400727E-02
      1508  2.3107799E-01 -8.9270709E-02
      1509  2.3223627E-01 -9.0149063E-02
      1510  2.3340036E-01 -9.1035867E-02
      1511  2.3457029E-01 -9.1931199E-02
      1512  2.3574608E-01 -9.2835135E-02
      1513  2.3692776E-01 -9.3747756E-02
      1514  2.3811536E-01 -9.4669140E-02
      1515  2.3930892E-01 -9.5599366E-02
      1516  2.4050846E-01 -9.6538517E-02
      1517  2.4171402E-01 -9.7486672E-02
      1518  2.4292561E-01 -9.8443914E-02
      1519  2.4414328E-01 -9.9410325E-02
      1520  2.4536706E-01 -1.0038599E-01
      1521  2.4659696E-01 -1.0137099E-01
      1522  2.4783304E-01 -1.0236541E-01
      1523  2.4907530E-01 -1.0336933E-01
      1524  2.5032380E-01 -1.0438285E-01
      1525  2.5157855E-01 -1.0540604E-01
      1526  2.5283960E-01 -1.0643900E-01
      1527  2.5410696E-01 -1.0748182E-01
      1528  2.5538068E-01 -1.0853457E-01
      1529  2.5666078E-01 -1.0959735E-01
      1530  2.5794729E-01 -1.1067026E-01
      1531  2.5924026E-01 -1.1175337E-01
      1532  2.6053971E-01 -1.1284679E-01
      1533  2.6184567E-01 -1.1395060E-01
      1534  2.6315818E-01 -1.1506490E-01
      1535  2.6447726E-01 -1.1618978E-01
      1536  2.6580296E-01 -1.1732533E-01
      1537  2.6713530E-01 -1.1847165E-01
      1538  2.6847432E-01 -1.1962883E-01
      1539  2.6982006E-01 -1.2079698E-01
      1540  2.7117254E-01 -1.2197618E-01
      1541  2.7253179E-01 -1.2316654E-01
      1542  2.7389786E-01 -1.2436814E-01
      1543  2.7527078E-01 -1.2558110E-01
      1544  2.7665058E-01 -1.2680551E-01
      1545  2.7803730E-01 -1.2804148E-01
      1546  2.7943097E-01 -1.2928909E-01
      1547  2.8083162E-01 -1.3054846E-01
      1548  2.8223930E-01 -1.3181969E-01
      1549  2.8365403E-01 -1.3310287E-01
      1550  2.8507585E-01 -1.3439812E-01
      1551  2.8650480E-01 -1.3570555E-01
      1552  2.8794091E-01 -1.3702524E-01
      1553  2.8938422E-01 -1.3835732E-01
      1554  2.9083476E-01 -1.3970188E-01
      1555  2.9229258E-01 -1.4105904E-01
      1556  2.9375770E-01 -1.4242890E-01
      1557  2.9523017E-01 -1.4381157E-01
      1558  2.9671001E-01 -1.4520717E-01
      1559  2.9819728E-01 -1.4661580E-01
      1560  2.9969200E-01 -1.4803757E-01
      1561  3.0119421E-01 -1.4947260E-01
      1562  3.0270395E-01 -1.5092100E-01
      1563  3.0422126E-01 -1.5238288E-01
      1564  3.0574618E-01 -1.5385836E-01
      1565  3.0727874E-01 -1.5534755E-01
      1566  3.0881898E-01 -1.5685056E-01
      1567  3.1036694E-01 -1.5836752E-01
      1568  3.1192266E-01 -1.5989854E-01
      1569  3.1348618E-01 -1.6144374E-01
      1570  3.1505754E-01 -1.6300324E-01
      1571  3.1663677E-01 -1.6457715E-01
      1572  3.1822392E-01 -1.6616560E-01
      1573  3.1981902E-01 -1.6776870E-01
      1574  3.2142212E-01 -1.6938659E-01
      1575  3.2303326E-01 -1.7101937E-01
      1576  3.2465247E-01 -1.7266718E-01
      1577  3.2627979E-01 -1.7433014E-01
      1578  3.2791528E-01 -1.7600836E-01
      1579  3.2955896E-01 -1.7770199E-01
      1580  3.3121088E-01 -1.7941113E-01
      1581  3.3287108E-01 -1.8113593E-01
      1582  3.3453961E-01 -1.8287649E-01
      1583  3.3621649E-01 -1.8463297E-01
      1584  3.3790179E-01 -1.8640547E-01
      1585  3.3959553E-01 -1.8819413E-01
      1586  3.4129776E-01 -1.8999909E-01
      1587  3.4300852E-01 -1.9182047E-01
      1588  3.4472785E-01 -1.9365839E-01
      1589  3.4645581E-01 -1.9551301E-01
      1590  3.4819243E-01 -1.9738443E-01
      1591  3.4993775E-01 -1.9927281E-01
      1592  3.5169182E-01 -2.0117827E-01
      1593  3.5345468E-01 -2.0310095E-01
      1594  3.5522638E-01 -2.0504098E-01
      1595  3.5700696E-01 -2.0699850E-01
      1596  3.5879647E-01 -2.0897364E-01
      1597  3.6059494E-01 -2.1096654E-01
      1598  3.6240243E-01 -2.1297735E-01
      1599  3.6421898E-01 -2.1500618E-01
      1600  3.6604463E-01 -2.1705320E-01
      1601  3.6787944E-01 -2.1911852E-01
      1602  3.6972344E-01 -2.2120230E-01
      1603  3.7157669E-01 -2.2330468E-01
      1604  3.7343923E-01 -2.2542579E-01
      1605  3.7531110E-01 -2.2756577E-01
      1606  3.7719235E-01 -2.2972477E-01
      1607  3.7908304E-01 -2.3190293E-01
      1608  3.8098320E-01 -2.3410040E-01
      1609  3.8289289E-01 -2.3631731E-01
      1610  3.8481214E-01 -2.3855381E-01
      1611  3.8674102E-01 -2.4081004E-01
      1612  3.8867957E-01 -2.4308615E-01
      1613  3.9062784E-01 -2.4538228E-01
      1614  3.9258587E-01 -2.4769859E-01
      1615  3.9455371E-01 -2.5003520E-01
      1616  3.9653142E-01 -2.5239228E-01
      1617  3.9851904E-01 -2.5476996E-01
      1618  4.0051663E-01 -2.5716840E-01
      1619  4.0252422E-01 -2.5958774E-01
      1620  4.0454189E-01 -2.6202812E-01
      1621  4.0656966E-01 -2.6448971E-01
      1622  4.0860760E-01 -2.6697263E-01
      1623  4.1065575E-01 -2.6947705E-01
      1624  4.1271417E-01 -2.7200311E-01
      1625  4.1478291E-01 -2.7455095E-01
      1626  4.1686202E-01 -2.7712074E-01
      1627  4.1895155E-01 -2.7971261E-01
      1628  4.2105155E-01 -2.8232672E-01
      1629  4.2316208E-01 -2.8496321E-01
      1630  4.2528319E-01 -2.8762224E-01
      1631  4.2741493E-01 -2.9030395E-01
      1632  4.2955736E-01 -2.9300850E-01
      1633  4.3171052E-01 -2.9573602E-01
      1634  4.3387448E-01 -2.9848668E-01
      1635  4.3604929E-01 -3.0126062E-01
      1636  4.3823499E-01 -3.0405799E-01
      1637  4.4043165E-01 -3.0687894E-01
      1638  4.4263933E-01 -3.0972362E-01
      1639  4.4485807E-01 -3.1259217E-01
      1640  4.4708793E-01 -3.1548475E-01
      1641  4.4932896E-01 -3.1840151E-01
      1642  4.5158123E-01 -3.2134258E-01
      1643  4.5384480E-01 -3.2430813E-01
      1644  4.5611970E-01 -3.2729829E-01
      1645  4.5840601E-01 -3.3031322E-01
      1646  4.6070378E-01 -3.3335306E-01
      1647  4.6301307E-01 -3.3641795E-01
      1648  4.6533393E-01 -3.3950805E-01
      1649  4.6766643E-01 -3.4262349E-01
      1650  4.7001061E-01 -3.4576443E-01
      1651  4.7236655E-01 -3.4893100E-01
      1652  4.7473430E-01 -3.5212336E-01
      1653  4.7711392E-01 -3.5534163E-01
      1654  4.7950546E-01 -3.5858597E-01
      1655  4.8190899E-01 -3.6185651E-01
      1656  4.8432457E-01 -3.6515340E-01
      1657  4.8675226E-01 -3.6847677E-01
      1658  4.8919211E-01 -3.7182676E-01
      1659  4.9164420E-01 -3.7520351E-01
      1660  4.9410857E-01 -3.7860716E-01
      1661  4.9658530E-01 -3.8203784E-01
      1662  4.9907445E-01 -3.8549569E-01
      1663  5.0157607E-01 -3.8898083E-01
      1664  5.0409023E-01 -3.9249340E-01
      1665  5.0661699E-01 -3.9603353E-01
      1666  5.0915642E-01 -3.9960134E-01
      1667  5.1170858E-01 -4.0319697E-01
      1668  5.1427353E-01 -4.0682055E-01
      1669  5.1685133E-01 -4.1047218E-01
      1670  5.1944206E-01 -4.1415201E-01
      1671  5.2204578E-01 -4.1786014E-01
      1672  5.2466254E-01 -4.2159670E-01
      1673  5.2729242E-01 -4.2536180E-01
      1674  5.2993549E-01 -4.2915557E-01
      1675  5.3259180E-01 -4.3297810E-01
      1676  5.3526143E-01 -4.3682953E-01
      1677  5.3794444E-01 -4.4070994E-01
      1678  5.4064090E-01 -4.4461945E-01
      1679  5.4335087E-01 -4.4855817E-01
      1680  5.4607443E-01 -4.5252619E-01
      1681  5.4881164E-01 -4.5652362E-01
      1682  5.5156257E-01 -4.6055055E-01
      1683  5.5432728E-01 -4.6460708E-01
      1684  5.5710586E-01 -4.6869329E-01
      1685  5.5989837E-01 -4.7280928E-01
      1686  5.6270487E-01 -4.7695514E-01
      1687  5.6552544E-01 -4.8113094E-01
      1688  5.6836015E-01 -4.8533677E-01
      1689  5.7120906E-01 -4.8957270E-01
      1690  5.7407226E-01 -4.9383881E-01
      1691  5.7694981E-01 -4.9813516E-01
      1692  5.7984178E-01 -5.0246183E-01
      1693  5.8274825E-01 -5.0681886E-01
      1694  5.8566929E-01 -5.1120634E-01
      1695  5.8860497E-01 -5.1562430E-01
      1696  5.9155536E-01 -5.2007280E-01
      1697  5.9452055E-01 -5.2455188E-01
      1698  5.9750059E-01 -5.2906160E-01
      1699  6.0049558E-01 -5.3360199E-01
      1700  6.0350558E-01 -5.3817307E-01
      1701  6.0653066E-01 -5.4277490E-01
      1702  6.0957091E-01 -5.4740747E-01
      1703  6.1262639E-01 -5.5207083E-01
      1704  6.1569720E-01 -5.5676498E-01
      1705  6.1878339E-01 -5.6148994E-01
      1706  6.2188506E-01 -5.6624570E-01
      1707  6.2500227E-01 -5.7103227E-01
      1708  6.2813511E-01 -5.7584965E-01
      1709  6.3128365E-01 -5.8069781E-01
      1710  6.3444797E-01 -5.8557676E-01
      1711  6.3762815E-01 -5.9048645E-01
      1712  6.4082428E-01 -5.9542686E-01
      1713  6.4403642E-01 -6.0039797E-01
      1714  6.4726467E-01 -6.0539972E-01
      1715  6.5050909E-01 -6.1043207E-01
      1716  6.5376979E-01 -6.1549496E-01
      1717  6.5704682E-01 -6.2058834E-01
      1718  6.6034028E-01 -6.2571212E-01
      1719  6.6365025E-01 -6.3086625E-01
      1720  6.6697681E-01 -6.3605063E-01
      1721  6.7032005E-01 -6.4126518E-01
      1722  6.7368004E-01 -6.4650979E-01
      1723  6.7705687E-01 -6.5178436E-01
      1724  6.8045064E-01 -6.5708878E-01
      1725  6.8386141E-01 -6.6242293E-01
      1726  6.8728928E-01 -6.6778666E-01
      1727  6.9073433E-01 -6.7317985E-01
      1728  6.9419665E-01 -6.7860235E-01
      1729  6.9767633E-01 -6.8405399E-01
      1730  7.0117344E-01 -6.8953462E-01
      1731  7.0468809E-01 -6.9504405E-01
      1732  7.0822035E-01 -7.0058211E-01
      1733  7.1177032E-01 -7.0614859E-01
      1734  7.1533809E-01 -7.1174329E-01
      1735  7.1892373E-01 -7.1736599E-01
      1736  7.2252735E-01 -7.2301648E-01
      1737  7.2614904E-01 -7.2869450E-01
      1738  7.2978887E-01 -7.3439983E-01
      1739  7.3344696E-01 -7.4013218E-01
      1740  7.3712337E-01 -7.4589131E-01
      1741  7.4081822E-01 -7.5167692E-01
      1742  7.4453159E-01 -7.5748871E-01
      1743  7.4826357E-01 -7.6332640E-01
      1744  7.5201425E-01 -7.6918965E-01
      1745  7.5578374E-01 -7.7507814E-01
      1746  7.5957212E-01 -7.8099152E-01
      1747  7.6337949E-01 -7.8692944E-01
      1748  7.6720595E-01 -7.9289152E-01
      1749  7.7105159E-01 -7.9887739E-01
      1750  7.7491650E-01 -8.0488664E-01
      1751  7.7880078E-01 -8.1091887E-01
      1752  7.8270454E-01 -8.1697365E-01
      1753  7.8662786E-01 -8.2305053E-01
      1754  7.9057085E-01 -8.2914907E-01
      1755  7.9453360E-01 -8.3526879E-01
      1756  7.9851622E-01 -8.4140921E-01
      1757  8.0251880E-01 -8.4756982E-01
      1758  8.0654144E-01 -8.5375011E-01
      1759  8.1058425E-01 -8.5994954E-01
      1760  8.1464732E-01 -8.6616756E-01
      1761  8.1873075E-01 -8.7240360E-01
      1762  8.2283466E-01 -8.7865708E-01
      1763  8.2695913E-01 -8.8492739E-01
      1764  8.3110428E-01 -8.9121391E-01
      1765  8.3527021E-01 -8.9751601E-01
      1766  8.3945702E-01 -9.0383303E-01
      1767  8.4366482E-01 -9.1016429E-01
      1768  8.4789370E-01 -9.1650909E-01
      1769  8.5214379E-01 -9.2286672E-01
      1770  8.5641518E-01 -9.2923645E-01
      1771  8.6070798E-01 -9.3561752E-01
      1772  8.6502229E-01 -9.4200915E-01
      1773  8.6935824E-01 -9.4841055E-01
      1774  8.7371591E-01 -9.5482091E-01
      1775  8.7809543E-01 -9.6123938E-01
      1776  8.8249690E-01 -9.6766510E-01
      1777  8.8692044E-01 -9.7409720E-01
      1778  8.9136614E-01 -9.8053476E-01
      1779  8.9583414E-01 -9.8697686E-01
      1780  9.0032452E-01 -9.9342255E-01
      1781  9.0483742E-01 -9.9987085E-01
      1782  9.0937293E-01 -1.0063208E+00
      1783  9.1393119E-01 -1.0127713E+00
      1784  9.1851228E-01 -1.0192214E+00
      1785  9.2311635E-01 -1.0256699E+00
      1786  9.2774349E-01 -1.0321158E+00
      1787  9.3239382E-01 -1.0385580E+00
      1788  9.3706746E-01 -1.0449953E+00
      1789  9.4176453E-01 -1.0514265E+00
      1790  9.4648515E-01 -1.0578505E+00
      1791  9.5122942E-01 -1.0642660E+00
      1792  9.5599748E-01 -1.0706717E+00
      1793  9.6078944E-01 -1.0770664E+00
      1794  9.6560542E-01 -1.0834487E+00
      1795  9.7044553E-01 -1.0898174E+00
      1796  9.7530991E-01 -1.0961710E+00
      1797  9.8019867E-01 -1.1025082E+00
      1798  9.8511194E-01 -1.1088275E+00
      1799  9.9004983E-01 -1.1151275E+00
      1800  9.9501248E-01 -1.1214067E+00
      1801  1.0000000E+00 -1.1276635E+00
      1802  1.0050125E+00 -1.1338965E+00
      1803  1.0100502E+00 -1.1401041E+00
      1804  1.0151131E+00 -1.1462845E+00
      1805  1.0202013E+00 -1.1524363E+00
      1806  1.0253151E+00 -1.1585577E+00
      1807  1.0304545E+00 -1.1646470E+00
      1808  1.0356197E+00 -1.1707025E+00
      1809  1.0408108E+00 -1.1767224E+00
      1810  1.0460279E+00 -1.1827049E+00
      1811  1.0512711E+00 -1.1886482E+00
      1812  1.0565406E+00 -1.1945504E+00
      1813  1.0618365E+00 -1.2004096E+00
      1814  1.0671590E+00 -1.2062238E+00
      1815  1.0725082E+00 -1.2119911E+00
      1816  1.0778842E+00 -1.2177095E+00
      1817  1.0832871E+00 -1.2233770E+00
      1818  1.0887171E+00 -1.2289913E+00
      1819  1.0941743E+00 -1.2345505E+00
      1820  1.0996589E+00 -1.2400524E+00
      1821  1.1051709E+00 -1.2454948E+00
      1822  1.1107106E+00 -1.2508755E+00
      1823  1.1162781E+00 -1.2561922E+00
      1824  1.1218734E+00 -1.2614426E+00
      1825  1.1274969E+00 -1.2666244E+00
      1826  1.1331485E+00 -1.2717352E+00
      1827  1.1388284E+00 -1.2767727E+00
      1828  1.1445368E+00 -1.2817343E+00
      1829  1.1502738E+00 -1.2866176E+00
      1830  1.1560396E+00 -1.2914201E+00
      1831  1.1618342E+00 -1.2961393E+00
      1832  1.1676580E+00 -1.3007724E+00
      1833  1.1735109E+00 -1.3053170E+00
      1834  1.1793931E+00 -1.3097703E+00
      1835  1.1853049E+00 -1.3141296E+00
      1836  1.1912462E+00 -1.3183923E+00
      1837  1.1972174E+00 -1.3225555E+00
      1838  1.2032184E+00 -1.3266164E+00
      1839  1.2092496E+00 -1.3305721E+00
      1840  1.2153110E+00 -1.3344198E+00
      1841  1.2214028E+00 -1.3381566E+00
      1842  1.2275251E+00 -1.3417795E+00
      1843  1.2336781E+00 -1.3452855E+00
      1844  1.2398619E+00 -1.3486715E+00
      1845  1.2460767E+00 -1.3519345E+00
      1846  1.2523227E+00 -1.3550715E+00
      1847  1.2586000E+00 -1.3580792E+00
      1848  1.2649088E+00 -1.3609545E+00
      1849  1.2712492E+00 -1.3636941E+00
      1850  1.2776213E+00 -1.3662949E+00
      1851  1.2840254E+00 -1.3687536E+00
      1852  1.2904616E+00 -1.3710669E+00
      1853  1.2969301E+00 -1.3732314E+00
      1854  1.3034310E+00 -1.3752437E+00
      1855  1.3099645E+00 -1.3771006E+00
      1856  1.3165307E+00 -1.3787984E+00
      1857  1.3231298E+00 -1.3803339E+00
      1858  1.3297620E+00 -1.3817035E+00
      1859  1.3364275E+00 -1.3829036E+00
      1860  1.3431264E+00 -1.3839308E+00
      1861  1.3498588E+00 -1.3847815E+00
      1862  1.3566250E+00 -1.3854520E+00
      1863  1.3634251E+00 -1.3859389E+00
      1864  1.3702593E+00 -1.3862384E+00
      1865  1.3771278E+00 -1.3863469E+00
      1866  1.3840306E+00 -1.3862607E+00
      1867  1.3909681E+00 -1.3859761E+00
      1868  1.3979404E+00 -1.3854894E+00
      1869  1.4049476E+00 -1.3847969E+00
      1870  1.4119899E+00 -1.3838948E+00
      1871  1.4190675E+00 -1.3827794E+00
      1872  1.4261807E+00 -1.3814469E+00
      1873  1.4333294E+00 -1.3798935E+00
      1874  1.4405140E+00 -1.3781155E+00
      1875  1.4477346E+00 -1.3761090E+00
      1876  1.4549914E+00 -1.3738703E+00
      1877  1.4622846E+00 -1.3713956E+00
      1878  1.4696143E+00 -1.3686809E+00
      1879  1.4769808E+00 -1.3657227E+00
      1880  1.4843842E+00 -1.3625170E+00
      1881  1.4918247E+00 -1.3590601E+00
      1882  1.4993025E+00 -1.3553483E+00
      1883  1.5068178E+00 -1.3513776E+00
      1884  1.5143707E+00 -1.3471445E+00
      1885  1.5219616E+00 -1.3426451E+00
      1886  1.5295904E+00 -1.3378757E+00
      1887  1.5372575E+00 -1.3328327E+00
      1888  1.5449631E+00 -1.3275123E+00
      1889  1.5527072E+00 -1.3219110E+00
      1890  1.5604902E+00 -1.3160252E+00
      1891  1.5683122E+00 -1.3098511E+00
      1892  1.5761734E+00 -1.3033854E+00
      1893  1.5840740E+00 -1.2966245E+00
      1894  1.5920142E+00 -1.2895649E+00
      1895  1.5999942E+00 -1.2822033E+00
      1896  1.6080142E+00 -1.2745363E+00
      1897  1.6160744E+00 -1.2665605E+00
      1898  1.6241750E+00 -1.2582729E+00
      1899  1.6323162E+00 -1.2496701E+00
      1900  1.6404982E+00 -1.2407491E+00
      1901  1.6487213E+00 -1.2315069E+00
      1902  1.6569855E+00 -1.2219405E+00
      1903  1.6652912E+00 -1.2120469E+00
      1904  1.6736385E+00 -1.2018235E+00
      1905  1.6820276E+00 -1.1912675E+00
      1906  1.6904588E+00 -1.1803763E+00
      1907  1.6989323E+00 -1.1691474E+00
      1908  1.7074482E+00 -1.1575784E+00
      1909  1.7160069E+00 -1.1456669E+00
      1910  1.7246084E+00 -1.1334109E+00
      1911  1.7332530E+00 -1.1208083E+00
      1912  1.7419410E+00 -1.1078571E+00
      1913  1.7506725E+00 -1.0945556E+00
      1914  1.7594478E+00 -1.0809020E+00
      1915  1.7682671E+00 -1.0668948E+00
      1916  1.7771305E+00 -1.0525327E+00
      1917  1.7860384E+00 -1.0378145E+00
      1918  1.7949910E+00 -1.0227391E+00
      1919  1.8039884E+00 -1.0073056E+00
      1920  1.8130309E+00 -9.9151333E-01
      1921  1.8221188E+00 -9.7536169E-01
      1922  1.8312522E+00 -9.5885037E-01
      1923  1.8404314E+00 -9.4197920E-01
      1924  1.8496566E+00 -9.2474823E-01
      1925  1.8589280E+00 -9.0715772E-01
      1926  1.8682460E+00 -8.8920811E-01
      1927  1.8776106E+00 -8.7090009E-01
      1928  1.8870221E+00 -8.5223458E-01
      1929  1.8964809E+00 -8.3321271E-01
      1930  1.9059870E+00 -8.1383587E-01
      1931  1.9155408E+00 -7.9410568E-01
      1932  1.9251425E+00 -7.7402404E-01
      1933  1.9347923E+00 -7.5359309E-01
      1934  1.9444905E+00 -7.3281526E-01
      1935  1.9542373E+00 -7.1169323E-01
      1936  1.9640330E+00 -6.9022998E-01
      1937  1.9738777E+00 -6.6842879E-01
      1938  1.9837718E+00 -6.4629323E-01
      1939  1.9937155E+00 -6.2382716E-01
      1940  2.0037091E+00 -6.0103477E-01
      1941  2.0137527E+00 -5.7792058E-01
      1942  2.0238467E+00 -5.5448940E-01
      1943  2.0339913E+00 -5.3074643E-01
      1944  2.0441867E+00 -5.0669715E-01
      1945  2.0544332E+00 -4.8234744E-01
      1946  2.0647311E+00 -4.5770349E-01
      1947  2.0750806E+00 -4.3277189E-01
      1948  2.0854820E+00 -4.0755957E-01
      1949  2.0959355E+00 -3.8207386E-01
      1950  2.1064414E+00 -3.5632244E-01
      1951  2.1170000E+00 -3.3031340E-01
      1952  2.1276115E+00 -3.0405522E-01
      1953  2.1382762E+00 -2.7755676E-01
      1954  2.1489944E+00 -2.5082731E-01
      1955  2.1597663E+00 -2.2387655E-01
      1956  2.1705921E+00 -1.9671457E-01
      1957  2.1814723E+00 -1.6935189E-01
      1958  2.1924069E+00 -1.4179945E-01
      1959  2.2033964E+00 -1.1406862E-01
      1960  2.2144410E+00 -8.6171181E-02
      1961  2.2255409E+00 -5.8119364E-02
      1962  2.2366965E+00 -2.9925828E-02
      1963  2.2479080E+00 -1.6036729E-03
      1964  2.2591757E+00  2.6833566E-02
      1965  2.2704998E+00  5.5371911E-02
      1966  2.2818808E+00  8.3996943E-02
      1967  2.2933187E+00  1.1269380E-01
      1968  2.3048140E+00  1.4144719E-01
      1969  2.3163670E+00  1.7024136E-01
      1970  2.3279778E+00  1.9906014E-01
      1971  2.3396469E+00  2.2788691E-01
      1972  2.3513744E+00  2.5670462E-01
      1973  2.3631607E+00  2.8549579E-01
      1974  2.3750061E+00  3.1424252E-01
      1975  2.3869109E+00  3.4292649E-01
      1976  2.3988753E+00  3.7152896E-01
      1977  2.4108997E+00  4.0003078E-01
      1978  2.4229844E+00  4.2841241E-01
      1979  2.4351297E+00  4.5665391E-01
      1980  2.4473358E+00  4.8473497E-01
      1981  2.4596031E+00  5.1263489E-01
      1982  2.4719319E+00  5.4033263E-01
      1983  2.4843225E+00  5.6780679E-01
      1984  2.4967753E+00  5.9503564E-01
      1985  2.5092904E+00  6.2199713E-01
      1986  2.5218683E+00  6.4866888E-01
      1987  2.5345092E+00  6.7502828E-01
      1988  2.5472135E+00  7.0105238E-01
      1989  2.5599814E+00  7.2671802E-01
      1990  2.5728134E+00  7.5200178E-01
      1991  2.5857097E+00  7.7688006E-01
      1992  2.5986706E+00  8.0132903E-01
      1993  2.6116965E+00  8.2532470E-01
      1994  2.6247877E+00  8.4884294E-01
      1995  2.6379445E+00  8.7185949E-01
      1996  2.6511672E+00  8.9435001E-01
      1997  2.6644562E+00  9.1629004E-01
      1998  2.6778119E+00  9.3765512E-01
      1999  2.6912345E+00  9.5842075E-01
      2000  2.7047243E+00  9.7856245E-01
      2001  2.7182818E+00  9.9805576E-01
      2002  2.7319073E+00  1.0168763E+00
      2003  2.7456010E+00  1.0349998E+00
      2004  2.7593634E+00  1.0524020E+00
      2005  2.7731948E+00  1.0690590E+00
      2006  2.7870955E+00  1.0849468E+00
      2007  2.8010658E+00  1.1000419E+00
      2008  2.8151062E+00  1.1143209E+00
      2009  2.8292170E+00  1.1277605E+00
      2010  2.8433985E+00  1.1403381E+00
      2011  2.8576511E+00  1.1520311E+00
      2012  2.8719752E+00  1.1628174E+00
      2013  2.8863710E+00  1.1726754E+00
      2014  2.9008390E+00  1.1815837E+00
      2015  2.9153795E+00  1.1895216E+00
      2016  2.9299929E+00  1.1964688E+00
      2017  2.9446796E+00  1.2024057E+00
      2018  2.9594398E+00  1.2073132E+00
      2019  2.9742741E+00  1.2111727E+00
      2020  2.9891827E+00  1.2139667E+00
      2021  3.0041660E+00  1.2156779E+00
      2022  3.0192245E+00  1.2162902E+00
      2023  3.0343584E+00  1.2157880E+00
      2024  3.0495682E+00  1.2141566E+00
      2025  3.0648542E+00  1.2113825E+00
      2026  3.0802168E+00  1.2074527E+00
      2027  3.0956565E+00  1.2023554E+00
      2028  3.1111735E+00  1.1960798E+00
      2029  3.1267684E+00  1.1886163E+00
      2030  3.1424414E+00  1.1799560E+00
      2031  3.1581929E+00  1.1700917E+00
      2032  3.1740234E+00  1.1590170E+00
      2033  3.1899333E+00  1.1467269E+00
      2034  3.2059229E+00  1.1332176E+00
      2035  3.2219926E+00  1.1184869E+00
      2036  3.2381429E+00  1.1025336E+00
      2037  3.2543742E+00  1.0853582E+00
      2038  3.2706868E+00  1.0669625E+00
      2039  3.2870812E+00  1.0473500E+00
      2040  3.3035578E+00  1.0265255E+00
      2041  3.3201169E+00  1.0044956E+00
      2042  3.3367591E+00  9.8126839E-01
      2043  3.3534847E+00  9.5685372E-01
      2044  3.3702941E+00  9.3126310E-01
      2045  3.3871877E+00  9.0450980E-01
      2046  3.4041661E+00  8.7660884E-01
      2047  3.4212295E+00  8.4757708E-01
      2048  3.4383785E+00  8.1743321E-01
      2049  3.4556135E+00  7.8619779E-01
      2050  3.4729348E+00  7.5389326E-01
      2051  3.4903430E+00  7.2054401E-01
      2052  3.5078384E+00  6.8617638E-01
      2053  3.5254215E+00  6.5081865E-01
      2054  3.5430927E+00  6.1450109E-01
      2055  3.5608526E+00  5.7725600E-01
      2056  3.5787014E+00  5.3911767E-01
      2057  3.5966397E+00  5.0012242E-01
      2058  3.6146680E+00  4.6030857E-01
      2059  3.6327866E+00  4.1971652E-01
      2060  3.6509960E+00  3.7838867E-01
      2061  3.6692967E+00  3.3636946E-01
      2062  3.6876891E+00  2.9370532E-01
      2063  3.7061737E+00  2.5044473E-01
      2064  3.7247510E+00  2.0663812E-01
      2065  3.7434214E+00  1.6233791E-01
      2066  3.7621854E+00  1.1759844E-01
      2067  3.7810434E+00  7.2475979E-02
      2068  3.7999959E+00  2.7028670E-02
      2069  3.8190435E+00 -1.8683515E-02
      2070  3.8381865E+00 -6.4598810E-02
      2071  3.8574255E+00 -1.1065371E-01
      2072  3.8767610E+00 -1.5678303E-01
      2073  3.8961933E+00 -2.0291996E-01
      2074  3.9157231E+00 -2.4899613E-01
      2075  3.9353507E+00 -2.9494169E-01
      2076  3.9550767E+00 -3.4068542E-01
      2077  3.9749016E+00 -3.8615473E-01
      2078  3.9948259E+00 -4.3127584E-01
      2079  4.0148501E+00 -4.7597383E-01
      2080  4.0349746E+00 -5.2017276E-01
      2081  4.0552000E+00 -5.6379577E-01
      2082  4.0755267E+00 -6.0676520E-01
      2083  4.0959554E+00 -6.4900272E-01
      2084  4.1164865E+00 -6.9042946E-01
      2085  4.1371204E+00 -7.3096612E-01
      2086  4.1578578E+00 -7.7053313E-01
      2087  4.1786992E+00 -8.0905080E-01
      2088  4.1996450E+00 -8.4643951E-01
      2089  4.2206958E+00 -8.8261977E-01
      2090  4.2418521E+00 -9.1751246E-01
      2091  4.2631145E+00 -9.5103901E-01
      2092  4.2844835E+00 -9.8312158E-01
      2093  4.3059595E+00 -1.0136832E+00
      2094  4.3275432E+00 -1.0426479E+00
      2095  4.3492351E+00 -1.0699410E+00
      2096  4.3710358E+00 -1.0954895E+00
      2097  4.3929457E+00 -1.1192218E+00
      2098  4.4149654E+00 -1.1410684E+00
      2099  4.4370955E+00 -1.1609616E+00
      2100  4.4593366E+00 -1.1788363E+00
      2101  4.4816891E+00 -1.1946299E+00
      2102  4.5041536E+00 -1.2082822E+00
      2103  4.5267308E+00 -1.2197365E+00
      2104  4.5494211E+00 -1.2289388E+00
      2105  4.5722252E+00 -1.2358389E+00
      2106  4.5951436E+00 -1.2403900E+00
      2107  4.6181768E+00 -1.2425491E+00
      2108  4.6413255E+00 -1.2422776E+00
      2109  4.6645903E+00 -1.2395411E+00
      2110  4.6879716E+00 -1.2343095E+00
      2111  4.7114702E+00 -1.2265577E+00
      2112  4.7350865E+00 -1.2162656E+00
      2113  4.7588212E+00 -1.2034181E+00
      2114  4.7826749E+00 -1.1880057E+00
      2115  4.8066482E+00 -1.1700243E+00
      2116  4.8307416E+00 -1.1494757E+00
      2117  4.8549558E+00 -1.1263676E+00
      2118  4.8792914E+00 -1.1007139E+00
      2119  4.9037489E+00 -1.0725349E+00
      2120  4.9283291E+00 -1.0418572E+00
      2121  4.9530324E+00 -1.0087141E+00
      2122  4.9778596E+00 -9.7314553E-01
      2123  5.0028112E+00 -9.3519848E-01
      2124  5.0278879E+00 -8.9492681E-01
      2125  5.0530903E+00 -8.5239143E-01
      2126  5.0784190E+00 -8.0766031E-01
      2127  5.1038747E+00 -7.6080867E-01
      2128  5.1294580E+00 -7.1191897E-01
      2129  5.1551695E+00 -6.6108080E-01
      2130  5.1810099E+00 -6.0839095E-01
      2131  5.2069798E+00 -5.5395345E-01
      2132  5.2330799E+00 -4.9787944E-01
      2133  5.2593108E+00 -4.4028705E-01
      2134  5.2856732E+00 -3.8130135E-01
      2135  5.3121678E+00 -3.2105424E-01
      2136  5.3387951E+00 -2.5968426E-01
      2137  5.3655560E+00 -1.9733637E-01
      2138  5.3924509E+00 -1.3416176E-01
      2139  5.4194807E+00 -7.0317642E-02
      2140  5.4466460E+00 -5.9669301E-03
      2141  5.4739474E+00  5.8722077E-02
      2142  5.5013857E+00  1.2357600E-01
      2143  5.5289615E+00  1.8841674E-01
      2144  5.5566755E+00  2.5306197E-01
      2145  5.5845285E+00  3.1732546E-01
      2146  5.6125210E+00  3.8101757E-01
      2147  5.6406539E+00  4.4394578E-01
      2148  5.6689278E+00  5.0591524E-01
      2149  5.6973434E+00  5.6672928E-01
      2150  5.7259015E+00  6.2618995E-01
      2151  5.7546027E+00  6.8409875E-01
      2152  5.7834477E+00  7.4025731E-01
      2153  5.8124374E+00  7.9446793E-01
      2154  5.8415724E+00  8.4653428E-01
      2155  5.8708534E+00  8.9626226E-01
      2156  5.9002811E+00  9.4346079E-01
      2157  5.9298564E+00  9.8794240E-01
      2158  5.9595799E+00  1.0295240E+00
      2159  5.9894525E+00  1.0680279E+00
      2160  6.0194747E+00  1.1032826E+00
      2161  6.0496475E+00  1.1351236E+00
      2162  6.0799714E+00  1.1633939E+00
      2163  6.1104474E+00  1.1879453E+00
      2164  6.1410762E+00  1.2086395E+00
      2165  6.1718584E+00  1.2253480E+00
      2166  6.2027950E+00  1.2379537E+00
      2167  6.2338867E+00  1.2463515E+00
      2168  6.2651341E+00  1.2504495E+00
      2169  6.2965383E+00  1.2501691E+00
      2170  6.3280998E+00  1.2454461E+00
      2171  6.3598195E+00  1.2362316E+00
      2172  6.3916983E+00  1.2224929E+00
      2173  6.4237368E+00  1.2042135E+00
      2174  6.4559359E+00  1.1813941E+00
      2175  6.4882964E+00  1.1540536E+00
      2176  6.5208191E+00  1.1222290E+00
      2177  6.5535049E+00  1.0859763E+00
      2178  6.5863544E+00  1.0453703E+00
      2179  6.6193687E+00  1.0005059E+00
      2180  6.6525484E+00  9.5149766E-01
      2181  6.6858944E+00  8.9848017E-01
      2182  6.7194076E+00  8.4160794E-01
      2183  6.7530888E+00  7.8105579E-01
      2184  6.7869388E+00  7.1701871E-01
      2185  6.8209585E+00  6.4971133E-01
      2186  6.8551487E+00  5.7936774E-01
      2187  6.8895102E+00  5.0624130E-01
      2188  6.9240441E+00  4.3060405E-01
      2189  6.9587510E+00  3.5274590E-01
      2190  6.9936319E+00  2.7297388E-01
      2191  7.0286876E+00  1.9161150E-01
      2192  7.0639190E+00  1.0899762E-01
      2193  7.0993271E+00  2.5485239E-02
      2194  7.1349126E+00 -5.8559678E-02
      2195  7.1706765E+00 -1.4275948E-01
      2196  7.2066197E+00 -2.2672649E-01
      2197  7.2427430E+00 -3.1006455E-01
      2198  7.2790474E+00 -3.9237063E-01
      2199  7.3155338E+00 -4.7323676E-01
      2200  7.3522030E+00 -5.5225217E-01
      2201  7.3890561E+00 -6.2900510E-01
      2202  7.4260939E+00 -7.0308483E-01
      2203  7.4633173E+00 -7.7408411E-01
      2204  7.5007274E+00 -8.4160177E-01
      2205  7.5383249E+00 -9.0524464E-01
      2206  7.5761109E+00 -9.6462986E-01
      2207  7.6140864E+00 -1.0193877E+00
      2208  7.6522521E+00 -1.0691645E+00
      2209  7.6906092E+00 -1.1136244E+00
      2210  7.7291585E+00 -1.1524519E+00
      2211  7.7679011E+00 -1.1853548E+00
      2212  7.8068379E+00 -1.2120671E+00
      2213  7.8459698E+00 -1.2323506E+00
      2214  7.8852979E+00 -1.2459972E+00
      2215  7.9248231E+00 -1.2528316E+00
      2216  7.9645465E+00 -1.2527145E+00
      2217  8.0044689E+00 -1.2455428E+00
      2218  8.0445915E+00 -1.2312520E+00
      2219  8.0849152E+00 -1.2098187E+00
      2220  8.1254410E+00 -1.1812622E+00
      2221  8.1661699E+00 -1.1456450E+00
      2222  8.2071030E+00 -1.1030738E+00
      2223  8.2482413E+00 -1.0537011E+00
      2224  8.2895858E+00 -9.9772627E-01
      2225  8.3311375E+00 -9.3539457E-01
      2226  8.3728975E+00 -8.6699733E-01
      2227  8.4148668E+00 -7.9287224E-01
      2228  8.4570465E+00 -7.1340293E-01
      2229  8.4994376E+00 -6.2901707E-01
      2230  8.5420412E+00 -5.4018505E-01
      2231  8.5848584E+00 -4.4741880E-01
      2232  8.6278902E+00 -3.5126971E-01
      2233  8.6711377E+00 -2.5232552E-01
      2234  8.7146019E+00 -1.5120757E-01
      2235  8.7582840E+00 -4.8567889E-02
      2236  8.8021851E+00  5.4914598E-02
      2237  8.8463063E+00  1.5853839E-01
      2238  8.8906486E+00  2.6158343E-01
      2239  8.9352131E+00  3.6331571E-01
      2240  8.9800011E+00  4.6299282E-01
      2241  9.0250135E+00  5.5986901E-01
      2242  9.0702516E+00  6.5320032E-01
      2243  9.1157164E+00  7.4225055E-01
      2244  9.1614091E+00  8.2629821E-01
      2245  9.2073309E+00  9.0464176E-01
      2246  9.2534828E+00  9.7660543E-01
      2247  9.2998661E+00  1.0415459E+00
      2248  9.3464819E+00  1.0988601E+00
      2249  9.3933313E+00  1.1479898E+00
      2250  9.4404156E+00  1.1884273E+00
      2251  9.4877358E+00  1.2197224E+00
      2252  9.5352933E+00  1.2414892E+00
      2253  9.5830892E+00  1.2534103E+00
      2254  9.6311246E+00  1.2552410E+00
      2255  9.6794008E+00  1.2468146E+00
      2256  9.7279190E+00  1.2280491E+00
      2257  9.7766804E+00  1.1989478E+00
      2258  9.8256862E+00  1.1596021E+00
      2259  9.8749377E+00  1.1101950E+00
      2260  9.9244360E+00  1.0510039E+00
      2261  9.9741825E+00  9.8239949E-01
      2262  1.0024178E+01  9.0484480E-01
      2263  1.0074425E+01  8.1889562E-01
      2264  1.0124923E+01  7.2519963E-01
      2265  1.0175674E+01  6.2449134E-01
      2266  1.0226680E+01  5.1758819E-01
      2267  1.0277942E+01  4.0538654E-01
      2268  1.0329460E+01  2.8885625E-01
      2269  1.0381237E+01  1.6903223E-01
      2270  1.0433273E+01  4.7006799E-02
      2271  1.0485570E+01 -7.6078434E-02
      2272  1.0538129E+01 -1.9904288E-01
      2273  1.0590951E+01 -3.2067815E-01
      2274  1.0644039E+01 -4.3975875E-01
      2275  1.0697392E+01 -5.5505386E-01
      2276  1.0751013E+01 -6.6534169E-01
      2277  1.0804903E+01 -7.6942197E-01
      2278  1.0859063E+01 -8.6612845E-01
      2279  1.0913494E+01 -9.5434281E-01
      2280  1.0968198E+01 -1.0330112E+00
      2281  1.1023176E+01 -1.1011563E+00
      2282  1.1078430E+01 -1.1578889E+00
      2283  1.1133961E+01 -1.2024223E+00
      2284  1.1189770E+01 -1.2340880E+00
      2285  1.1245859E+01 -1.2523444E+00
      2286  1.1302229E+01 -1.2567861E+00
      2287  1.1358882E+01 -1.2471542E+00
      2288  1.1415819E+01 -1.2233491E+00
      2289  1.1473041E+01 -1.1854327E+00
      2290  1.1530550E+01 -1.1336323E+00
      2291  1.1588347E+01 -1.0683451E+00
      2292  1.1646434E+01 -9.9014319E-01
      2293  1.1704812E+01 -8.9976815E-01
      2294  1.1763482E+01 -7.9812714E-01
      2295  1.1822447E+01 -6.8628898E-01
      2296  1.1881707E+01 -5.6547884E-01
      2297  1.1941264E+01 -4.3706436E-01
      2298  1.2001120E+01 -3.0254291E-01
      2299  1.2061276E+01 -1.6352833E-01
      2300  1.2121734E+01 -2.1734224E-02
      2301  1.2182494E+01  1.2104755E-01
      2302  1.2243559E+01  2.6296729E-01
      2303  1.2304930E+01  4.0213915E-01
      2304  1.2366609E+01  5.3666777E-01
      2305  1.2428597E+01  6.6467436E-01
      2306  1.2490895E+01  7.8432146E-01
      2307  1.2553506E+01  8.9383965E-01
      2308  1.2616431E+01  9.9155980E-01
      2309  1.2679671E+01  1.0759385E+00
      2310  1.2743228E+01  1.1455818E+00
      2311  1.2807104E+01  1.1992711E+00
      2312  1.2871300E+01  1.2359943E+00
      2313  1.2935817E+01  1.2549637E+00
      2314  1.3000658E+01  1.2556327E+00
      2315  1.3065824E+01  1.2377132E+00
      2316  1.3131317E+01  1.2011969E+00
      2317  1.3197138E+01  1.1463598E+00
      2318  1.3263289E+01  1.0737640E+00
      2319  1.3329772E+01  9.8426197E-01
      2320  1.3396587E+01  8.7899901E-01
      2321  1.3463738E+01  7.5939923E-01
      2322  1.3531225E+01  6.2714986E-01
      2323  1.3599051E+01  4.8418577E-01
      2324  1.3667216E+01  3.3266976E-01
      2325  1.3735724E+01  1.7495897E-01
      2326  1.3804574E+01  1.3571755E-02
      2327  1.3873770E+01 -1.4884658E-01
      2328  1.3943312E+01 -3.0956588E-01
      2329  1.4013204E+01 -4.6581875E-01
      2330  1.4083445E+01 -6.1484505E-01
      2331  1.4154039E+01 -7.5393874E-01
      2332  1.4224986E+01 -8.8050541E-01
      2333  1.4296289E+01 -9.9211179E-01
      2334  1.4367950E+01 -1.0865308E+00
      2335  1.4439969E+01 -1.1617891E+00
      2336  1.4512350E+01 -1.2162233E+00
      2337  1.4585093E+01 -1.2485182E+00
      2338  1.4658201E+01 -1.2577368E+00
      2339  1.4731676E+01 -1.2433528E+00
      2340  1.4805519E+01 -1.2052880E+00
      2341  1.4879732E+01 -1.1439218E+00
      2342  1.4954317E+01 -1.0600936E+00
