         1  1.2340980E-04 -3.1103527E-04
         2  1.2402840E-04 -3.1259434E-04
         3  1.2465009E-04 -3.1416123E-04
         4  1.2527490E-04 -3.1573597E-04
         5  1.2590285E-04 -3.1731860E-04
         6  1.2653394E-04 -3.1890916E-04
         7  1.2716819E-04 -3.2050770E-04
         8  1.2780563E-04 -3.2211425E-04
         9  1.2844625E-04 -3.2372886E-04
        10  1.2909009E-04 -3.2535156E-04
        11  1.2973716E-04 -3.2698239E-04
        12  1.3038747E-04 -3.2862139E-04
        13  1.3104104E-04 -3.3026862E-04
        14  1.3169789E-04 -3.3192409E-04
        15  1.3235802E-04 -3.3358787E-04
        16  1.3302147E-04 -3.3525999E-04
        17  1.3368824E-04 -3.3694048E-04
        18  1.3435836E-04 -3.3862941E-04
        19  1.3503183E-04 -3.4032679E-04
        20  1.3570868E-04 -3.4203269E-04
        21  1.3638893E-04 -3.4374713E-04
        22  1.3707258E-04 -3.4547017E-04
        23  1.3775966E-04 -3.4720185E-04
        24  1.3845018E-04 -3.4894221E-04
        25  1.3914417E-04 -3.5069129E-04
        26  1.3984163E-04 -3.5244913E-04
        27  1.4054259E-04 -3.5421579E-04
        28  1.4124706E-04 -3.5599131E-04
        29  1.4195506E-04 -3.5777572E-04
        30  1.4266662E-04 -3.5956908E-04
        31  1.4338174E-04 -3.6137143E-04
        32  1.4410044E-04 -3.6318281E-04
        33  1.4482275E-04 -3.6500327E-04
        34  1.4554867E-04 -3.6683286E-04
        35  1.4627824E-04 -3.6867161E-04
        36  1.4701146E-04 -3.7051959E-04
        37  1.4774836E-04 -3.7237682E-04
        38  1.4848895E-04 -3.7424337E-04
        39  1.4923326E-04 -3.7611927E-04
        40  1.4998129E-04 -3.7800458E-04
        41  1.5073308E-04 -3.7989933E-04
        42  1.5148863E-04 -3.8180359E-04
        43  1.5224797E-04 -3.8371739E-04
        44  1.5301111E-04 -3.8564078E-04
        45  1.5377809E-04 -3.8757381E-04
        46  1.5454890E-04 -3.8951653E-04
        47  1.5532358E-04 -3.9146899E-04
        48  1.5610214E-04 -3.9343124E-04
        49  1.5688461E-04 -3.9540332E-04
        50  1.5767100E-04 -3.9738529E-04
        51  1.5846133E-04 -3.9937719E-04
        52  1.5925562E-04 -4.0137908E-04
        53  1.6005389E-04 -4.0339100E-04
        54  1.6085616E-04 -4.0541300E-04
        55  1.6166246E-04 -4.0744514E-04
        56  1.6247279E-04 -4.0948747E-04
        57  1.6328719E-04 -4.1154004E-04
        58  1.6410567E-04 -4.1360289E-04
        59  1.6492825E-04 -4.1567608E-04
        60  1.6575496E-04 -4.1775967E-04
        61  1.6658581E-04 -4.1985370E-04
        62  1.6742083E-04 -4.2195822E-04
        63  1.6826003E-04 -4.2407330E-04
        64  1.6910343E-04 -4.2619897E-04
        65  1.6995107E-04 -4.2833530E-04
        66  1.7080295E-04 -4.3048234E-04
        67  1.7165910E-04 -4.3264014E-04
        68  1.7251955E-04 -4.3480876E-04
        69  1.7338431E-04 -4.3698825E-04
        70  1.7425340E-04 -4.3917866E-04
        71  1.7512685E-04 -4.4138005E-04
        72  1.7600468E-04 -4.4359248E-04
        73  1.7688690E-04 -4.4581600E-04
        74  1.7777355E-04 -4.4805066E-04
        75  1.7866465E-04 -4.5029652E-04
        76  1.7956021E-04 -4.5255364E-04
        77  1.8046025E-04 -4.5482208E-04
        78  1.8136482E-04 -4.5710188E-04
        79  1.8227391E-04 -4.5939312E-04
        80  1.8318756E-04 -4.6169583E-04
        81  1.8410579E-04 -4.6401009E-04
        82  1.8502863E-04 -4.6633595E-04
        83  1.8595609E-04 -4.6867347E-04
        84  1.8688820E-04 -4.7102271E-04
        85  1.8782498E-04 -4.7338372E-04
        86  1.8876645E-04 -4.7575656E-04
        87  1.8971265E-04 -4.7814130E-04
        88  1.9066359E-04 -4.8053800E-04
        89  1.9161929E-04 -4.8294670E-04
        90  1.9257979E-04 -4.8536748E-04
        91  1.9354510E-04 -4.8780040E-04
        92  1.9451525E-04 -4.9024551E-04
        93  1.9549026E-04 -4.9270287E-04
        94  1.9647016E-04 -4.9517256E-04
        95  1.9745497E-04 -4.9765462E-04
        96  1.9844472E-04 -5.0014912E-04
        97  1.9943943E-04 -5.0265613E-04
        98  2.0043912E-04 -5.0517571E-04
        99  2.0144382E-04 -5.0770791E-04
       100  2.0245357E-04 -5.1025281E-04
       101  2.0346837E-04 -5.1281046E-04
       102  2.0448826E-04 -5.1538093E-04
       103  2.0551326E-04 -5.1796429E-04
       104  2.0654340E-04 -5.2056060E-04
       105  2.0757870E-04 -5.2316992E-04
       106  2.0861920E-04 -5.2579232E-04
       107  2.0966490E-04 -5.2842786E-04
       108  2.1071585E-04 -5.3107662E-04
       109  2.1177207E-04 -5.3373865E-04
       110  2.1283358E-04 -5.3641403E-04
       111  2.1390042E-04 -5.3910281E-04
       112  2.1497260E-04 -5.4180508E-04
       113  2.1605015E-04 -5.4452089E-04
       114  2.1713311E-04 -5.4725031E-04
       115  2.1822149E-04 -5.4999341E-04
       116  2.1931533E-04 -5.5275026E-04
       117  2.2041465E-04 -5.5552094E-04
       118  2.2151949E-04 -5.5830550E-04
       119  2.2262986E-04 -5.6110401E-04
       120  2.2374579E-04 -5.6391656E-04
       121  2.2486732E-04 -5.6674320E-04
       122  2.2599448E-04 -5.6958402E-04
       123  2.2712728E-04 -5.7243907E-04
       124  2.2826576E-04 -5.7530843E-04
       125  2.2940995E-04 -5.7819218E-04
       126  2.3055987E-04 -5.8109038E-04
       127  2.3171555E-04 -5.8400310E-04
       128  2.3287703E-04 -5.8693043E-04
       129  2.3404433E-04 -5.8987243E-04
       130  2.3521749E-04 -5.9282918E-04
       131  2.3639652E-04 -5.9580075E-04
       132  2.3758146E-04 -5.9878721E-04
       133  2.3877234E-04 -6.0178864E-04
       134  2.3996919E-04 -6.0480512E-04
       135  2.4117204E-04 -6.0783672E-04
       136  2.4238092E-04 -6.1088351E-04
       137  2.4359586E-04 -6.1394558E-04
       138  2.4481689E-04 -6.1702300E-04
       139  2.4604404E-04 -6.2011584E-04
       140  2.4727734E-04 -6.2322418E-04
       141  2.4851683E-04 -6.2634810E-04
       142  2.4976252E-04 -6.2948769E-04
       143  2.5101446E-04 -6.3264301E-04
       144  2.5227268E-04 -6.3581414E-04
       145  2.5353720E-04 -6.3900117E-04
       146  2.5480806E-04 -6.4220418E-04
       147  2.5608529E-04 -6.4542324E-04
       148  2.5736892E-04 -6.4865844E-04
       149  2.5865899E-04 -6.5190985E-04
       150  2.5995552E-04 -6.5517757E-04
       151  2.6125856E-04 -6.5846166E-04
       152  2.6256812E-04 -6.6176221E-04
       153  2.6388425E-04 -6.6507931E-04
       154  2.6520697E-04 -6.6841303E-04
       155  2.6653633E-04 -6.7176346E-04
       156  2.6787235E-04 -6.7513069E-04
       157  2.6921506E-04 -6.7851480E-04
       158  2.7056451E-04 -6.8191587E-04
       159  2.7192072E-04 -6.8533398E-04
       160  2.7328373E-04 -6.8876924E-04
       161  2.7465357E-04 -6.9222171E-04
       162  2.7603028E-04 -6.9569148E-04
       163  2.7741388E-04 -6.9917865E-04
       164  2.7880443E-04 -7.0268330E-04
       165  2.8020194E-04 -7.0620551E-04
       166  2.8160646E-04 -7.0974538E-04
       167  2.8301802E-04 -7.1330299E-04
       168  2.8443665E-04 -7.1687844E-04
       169  2.8586239E-04 -7.2047181E-04
       170  2.8729529E-04 -7.2408319E-04
       171  2.8873536E-04 -7.2771267E-04
       172  2.9018265E-04 -7.3136034E-04
       173  2.9163720E-04 -7.3502630E-04
       174  2.9309904E-04 -7.3871064E-04
       175  2.9456820E-04 -7.4241344E-04
       176  2.9604473E-04 -7.4613480E-04
       177  2.9752866E-04 -7.4987482E-04
       178  2.9902003E-04 -7.5363358E-04
       179  3.0051887E-04 -7.5741118E-04
       180  3.0202523E-04 -7.6120772E-04
       181  3.0353914E-04 -7.6502329E-04
       182  3.0506063E-04 -7.6885799E-04
       183  3.0658976E-04 -7.7271190E-04
       184  3.0812654E-04 -7.7658514E-04
       185  3.0967104E-04 -7.8047779E-04
       186  3.1122327E-04 -7.8438995E-04
       187  3.1278328E-04 -7.8832172E-04
       188  3.1435111E-04 -7.9227320E-04
       189  3.1592681E-04 -7.9624448E-04
       190  3.1751040E-04 -8.0023567E-04
       191  3.1910192E-04 -8.0424687E-04
       192  3.2070143E-04 -8.0827818E-04
       193  3.2230895E-04 -8.1232969E-04
       194  3.2392453E-04 -8.1640151E-04
       195  3.2554821E-04 -8.2049374E-04
       196  3.2718003E-04 -8.2460648E-04
       197  3.2882002E-04 -8.2873983E-04
       198  3.3046824E-04 -8.3289391E-04
       199  3.3212472E-04 -8.3706881E-04
       200  3.3378950E-04 -8.4126463E-04
       201  3.3546263E-04 -8.4548149E-04
       202  3.3714414E-04 -8.4971948E-04
       203  3.3883408E-04 -8.5397872E-04
       204  3.4053250E-04 -8.5825930E-04
       205  3.4223942E-04 -8.6256135E-04
       206  3.4395490E-04 -8.6688495E-04
       207  3.4567899E-04 -8.7123023E-04
       208  3.4741171E-04 -8.7559729E-04
       209  3.4915312E-04 -8.7998624E-04
       210  3.5090325E-04 -8.8439719E-04
       211  3.5266216E-04 -8.8883025E-04
       212  3.5442989E-04 -8.9328553E-04
       213  3.5620648E-04 -8.9776314E-04
       214  3.5799197E-04 -9.0226319E-04
       215  3.5978641E-04 -9.0678581E-04
       216  3.6158985E-04 -9.1133109E-04
       217  3.6340233E-04 -9.1589915E-04
       218  3.6522389E-04 -9.2049012E-04
       219  3.6705458E-04 -9.2510409E-04
       220  3.6889445E-04 -9.2974120E-04
       221  3.7074354E-04 -9.3440154E-04
       222  3.7260190E-04 -9.3908525E-04
       223  3.7446957E-04 -9.4379243E-04
       224  3.7634661E-04 -9.4852321E-04
       225  3.7823306E-04 -9.5327770E-04
       226  3.8012896E-04 -9.5805603E-04
       227  3.8203436E-04 -9.6285830E-04
       228  3.8394932E-04 -9.6768465E-04
       229  3.8587387E-04 -9.7253519E-04
       230  3.8780807E-04 -9.7741004E-04
       231  3.8975197E-04 -9.8230933E-04
       232  3.9170561E-04 -9.8723317E-04
       233  3.9366904E-04 -9.9218170E-04
       234  3.9564231E-04 -9.9715503E-04
       235  3.9762548E-04 -1.0021533E-03
       236  3.9961859E-04 -1.0071766E-03
       237  4.0162168E-04 -1.0122251E-03
       238  4.0363482E-04 -1.0172989E-03
       239  4.0565805E-04 -1.0223981E-03
       240  4.0769142E-04 -1.0275229E-03
       241  4.0973498E-04 -1.0326734E-03
       242  4.1178878E-04 -1.0378497E-03
       243  4.1385288E-04 -1.0430519E-03
       244  4.1592733E-04 -1.0482803E-03
       245  4.1801217E-04 -1.0535348E-03
       246  4.2010747E-04 -1.0588156E-03
       247  4.2221327E-04 -1.0641230E-03
       248  4.2432962E-04 -1.0694569E-03
       249  4.2645658E-04 -1.0748176E-03
       250  4.2859420E-04 -1.0802051E-03
       251  4.3074254E-04 -1.0856197E-03
       252  4.3290165E-04 -1.0910614E-03
       253  4.3507158E-04 -1.0965303E-03
       254  4.3725238E-04 -1.1020267E-03
       255  4.3944412E-04 -1.1075507E-03
       256  4.4164684E-04 -1.1131023E-03
       257  4.4386060E-04 -1.1186817E-03
       258  4.4608546E-04 -1.1242891E-03
       259  4.4832148E-04 -1.1299247E-03
       260  4.5056870E-04 -1.1355884E-03
       261  4.5282718E-04 -1.1412806E-03
       262  4.5509699E-04 -1.1470013E-03
       263  4.5737817E-04 -1.1527507E-03
       264  4.5967079E-04 -1.1585288E-03
       265  4.6197490E-04 -1.1643360E-03
       266  4.6429056E-04 -1.1701722E-03
       267  4.6661782E-04 -1.1760378E-03
       268  4.6895676E-04 -1.1819327E-03
       269  4.7130741E-04 -1.1878571E-03
       270  4.7366985E-04 -1.1938113E-03
       271  4.7604413E-04 -1.1997953E-03
       272  4.7843031E-04 -1.2058093E-03
       273  4.8082845E-04 -1.2118534E-03
       274  4.8323861E-04 -1.2179279E-03
       275  4.8566086E-04 -1.2240328E-03
       276  4.8809524E-04 -1.2301682E-03
       277  4.9054183E-04 -1.2363345E-03
       278  4.9300068E-04 -1.2425316E-03
       279  4.9547186E-04 -1.2487599E-03
       280  4.9795542E-04 -1.2550193E-03
       281  5.0045143E-04 -1.2613101E-03
       282  5.0295996E-04 -1.2676324E-03
       283  5.0548105E-04 -1.2739865E-03
       284  5.0801479E-04 -1.2803724E-03
       285  5.1056122E-04 -1.2867902E-03
       286  5.1312042E-04 -1.2932403E-03
       287  5.1569245E-04 -1.2997227E-03
       288  5.1827737E-04 -1.3062376E-03
       289  5.2087524E-04 -1.3127851E-03
       290  5.2348614E-04 -1.3193655E-03
       291  5.2611013E-04 -1.3259788E-03
       292  5.2874727E-04 -1.3326253E-03
       293  5.3139762E-04 -1.3393051E-03
       294  5.3406126E-04 -1.3460184E-03
       295  5.3673826E-04 -1.3527654E-03
       296  5.3942867E-04 -1.3595461E-03
       297  5.4213257E-04 -1.3663609E-03
       298  5.4485002E-04 -1.3732098E-03
       299  5.4758109E-04 -1.3800930E-03
       300  5.5032585E-04 -1.3870108E-03
       301  5.5308437E-04 -1.3939632E-03
       302  5.5585672E-04 -1.4009505E-03
       303  5.5864296E-04 -1.4079728E-03
       304  5.6144317E-04 -1.4150303E-03
       305  5.6425742E-04 -1.4221231E-03
       306  5.6708577E-04 -1.4292515E-03
       307  5.6992830E-04 -1.4364157E-03
       308  5.7278507E-04 -1.4436158E-03
       309  5.7565617E-04 -1.4508519E-03
       310  5.7854166E-04 -1.4581243E-03
       311  5.8144161E-04 -1.4654332E-03
       312  5.8435610E-04 -1.4727787E-03
       313  5.8728520E-04 -1.4801611E-03
       314  5.9022898E-04 -1.4875804E-03
       315  5.9318751E-04 -1.4950369E-03
       316  5.9616088E-04 -1.5025308E-03
       317  5.9914915E-04 -1.5100623E-03
       318  6.0215239E-04 -1.5176315E-03
       319  6.0517069E-04 -1.5252387E-03
       320  6.0820413E-04 -1.5328839E-03
       321  6.1125276E-04 -1.5405676E-03
       322  6.1431668E-04 -1.5482897E-03
       323  6.1739595E-04 -1.5560505E-03
       324  6.2049066E-04 -1.5638502E-03
       325  6.2360089E-04 -1.5716891E-03
       326  6.2672670E-04 -1.5795672E-03
       327  6.2986818E-04 -1.5874848E-03
       328  6.3302541E-04 -1.5954421E-03
       329  6.3619846E-04 -1.6034393E-03
       330  6.3938742E-04 -1.6114766E-03
       331  6.4259236E-04 -1.6195541E-03
       332  6.4581337E-04 -1.6276722E-03
       333  6.4905052E-04 -1.6358309E-03
       334  6.5230390E-04 -1.6440305E-03
       335  6.5557359E-04 -1.6522713E-03
       336  6.5885966E-04 -1.6605533E-03
       337  6.6216221E-04 -1.6688769E-03
       338  6.6548131E-04 -1.6772421E-03
       339  6.6881705E-04 -1.6856494E-03
       340  6.7216951E-04 -1.6940987E-03
       341  6.7553878E-04 -1.7025904E-03
       342  6.7892493E-04 -1.7111247E-03
       343  6.8232805E-04 -1.7197017E-03
       344  6.8574824E-04 -1.7283218E-03
       345  6.8918556E-04 -1.7369850E-03
       346  6.9264012E-04 -1.7456917E-03
       347  6.9611199E-04 -1.7544420E-03
       348  6.9960127E-04 -1.7632362E-03
       349  7.0310804E-04 -1.7720744E-03
       350  7.0663238E-04 -1.7809570E-03
       351  7.1017439E-04 -1.7898841E-03
       352  7.1373415E-04 -1.7988559E-03
       353  7.1731176E-04 -1.8078727E-03
       354  7.2090730E-04 -1.8169347E-03
       355  7.2452086E-04 -1.8260421E-03
       356  7.2815254E-04 -1.8351952E-03
       357  7.3180242E-04 -1.8443941E-03
       358  7.3547059E-04 -1.8536392E-03
       359  7.3915716E-04 -1.8629306E-03
       360  7.4286220E-04 -1.8722685E-03
       361  7.4658581E-04 -1.8816533E-03
       362  7.5032809E-04 -1.8910852E-03
       363  7.5408912E-04 -1.9005643E-03
       364  7.5786901E-04 -1.9100909E-03
       365  7.6166784E-04 -1.9196652E-03
       366  7.6548572E-04 -1.9292876E-03
       367  7.6932273E-04 -1.9389582E-03
       368  7.7317898E-04 -1.9486772E-03
       369  7.7705455E-04 -1.9584450E-03
       370  7.8094956E-04 -1.9682618E-03
       371  7.8486408E-04 -1.9781277E-03
       372  7.8879823E-04 -1.9880431E-03
       373  7.9275210E-04 -1.9980082E-03
       374  7.9672578E-04 -2.0080233E-03
       375  8.0071939E-04 -2.0180885E-03
       376  8.0473301E-04 -2.0282042E-03
       377  8.0876675E-04 -2.0383706E-03
       378  8.1282071E-04 -2.0485880E-03
       379  8.1689499E-04 -2.0588566E-03
       380  8.2098970E-04 -2.0691767E-03
       381  8.2510492E-04 -2.0795484E-03
       382  8.2924078E-04 -2.0899722E-03
       383  8.3339737E-04 -2.1004482E-03
       384  8.3757479E-04 -2.1109768E-03
       385  8.4177315E-04 -2.1215581E-03
       386  8.4599255E-04 -2.1321924E-03
       387  8.5023311E-04 -2.1428801E-03
       388  8.5449492E-04 -2.1536213E-03
       389  8.5877809E-04 -2.1644164E-03
       390  8.6308274E-04 -2.1752655E-03
       391  8.6740896E-04 -2.1861691E-03
       392  8.7175686E-04 -2.1971273E-03
       393  8.7612656E-04 -2.2081405E-03
       394  8.8051816E-04 -2.2192088E-03
       395  8.8493178E-04 -2.2303326E-03
       396  8.8936752E-04 -2.2415122E-03
       397  8.9382549E-04 -2.2527478E-03
       398  8.9830581E-04 -2.2640398E-03
       399  9.0280859E-04 -2.2753883E-03
       400  9.0733394E-04 -2.2867937E-03
       401  9.1188197E-04 -2.2982563E-03
       402  9.1645279E-04 -2.3097764E-03
       403  9.2104653E-04 -2.3213542E-03
       404  9.2566330E-04 -2.3329900E-03
       405  9.3030320E-04 -2.3446841E-03
       406  9.3496637E-04 -2.3564369E-03
       407  9.3965291E-04 -2.3682486E-03
       408  9.4436294E-04 -2.3801195E-03
       409  9.4909657E-04 -2.3920499E-03
       410  9.5385394E-04 -2.4040401E-03
       411  9.5863515E-04 -2.4160904E-03
       412  9.6344033E-04 -2.4282011E-03
       413  9.6826960E-04 -2.4403725E-03
       414  9.7312307E-04 -2.4526049E-03
       415  9.7800087E-04 -2.4648986E-03
       416  9.8290312E-04 -2.4772539E-03
       417  9.8782994E-04 -2.4896712E-03
       418  9.9278146E-04 -2.5021507E-03
       419  9.9775780E-04 -2.5146928E-03
       420  1.0027591E-03 -2.5272977E-03
       421  1.0077854E-03 -2.5399659E-03
       422  1.0128370E-03 -2.5526975E-03
       423  1.0179138E-03 -2.5654929E-03
       424  1.0230162E-03 -2.5783525E-03
       425  1.0281440E-03 -2.5912765E-03
       426  1.0332976E-03 -2.6042654E-03
       427  1.0384771E-03 -2.6173193E-03
       428  1.0436825E-03 -2.6304386E-03
       429  1.0489139E-03 -2.6436238E-03
       430  1.0541716E-03 -2.6568750E-03
       431  1.0594557E-03 -2.6701926E-03
       432  1.0647662E-03 -2.6835770E-03
       433  1.0701034E-03 -2.6970284E-03
       434  1.0754673E-03 -2.7105473E-03
       435  1.0808581E-03 -2.7241340E-03
       436  1.0862759E-03 -2.7377888E-03
       437  1.0917209E-03 -2.7515120E-03
       438  1.0971932E-03 -2.7653040E-03
       439  1.1026929E-03 -2.7791651E-03
       440  1.1082202E-03 -2.7930957E-03
       441  1.1137751E-03 -2.8070962E-03
       442  1.1193580E-03 -2.8211668E-03
       443  1.1249688E-03 -2.8353079E-03
       444  1.1306077E-03 -2.8495199E-03
       445  1.1362749E-03 -2.8638032E-03
       446  1.1419705E-03 -2.8781581E-03
       447  1.1476947E-03 -2.8925849E-03
       448  1.1534475E-03 -2.9070840E-03
       449  1.1592292E-03 -2.9216558E-03
       450  1.1650398E-03 -2.9363007E-03
       451  1.1708796E-03 -2.9510189E-03
       452  1.1767487E-03 -2.9658109E-03
       453  1.1826472E-03 -2.9806771E-03
       454  1.1885752E-03 -2.9956178E-03
       455  1.1945330E-03 -3.0106334E-03
       456  1.2005206E-03 -3.0257242E-03
       457  1.2065382E-03 -3.0408907E-03
       458  1.2125860E-03 -3.0561332E-03
       459  1.2186641E-03 -3.0714521E-03
       460  1.2247727E-03 -3.0868478E-03
       461  1.2309119E-03 -3.1023207E-03
       462  1.2370819E-03 -3.1178711E-03
       463  1.2432828E-03 -3.1334995E-03
       464  1.2495148E-03 -3.1492062E-03
       465  1.2557780E-03 -3.1649917E-03
       466  1.2620726E-03 -3.1808562E-03
       467  1.2683988E-03 -3.1968003E-03
       468  1.2747566E-03 -3.2128243E-03
       469  1.2811464E-03 -3.2289287E-03
       470  1.2875681E-03 -3.2451137E-03
       471  1.2940221E-03 -3.2613799E-03
       472  1.3005084E-03 -3.2777276E-03
       473  1.3070272E-03 -3.2941573E-03
       474  1.3135787E-03 -3.3106693E-03
       475  1.3201631E-03 -3.3272640E-03
       476  1.3267804E-03 -3.3439420E-03
       477  1.3334309E-03 -3.3607036E-03
       478  1.3401148E-03 -3.3775491E-03
       479  1.3468321E-03 -3.3944791E-03
       480  1.3535832E-03 -3.4114940E-03
       481  1.3603680E-03 -3.4285942E-03
       482  1.3671869E-03 -3.4457801E-03
       483  1.3740400E-03 -3.4630521E-03
       484  1.3809274E-03 -3.4804107E-03
       485  1.3878493E-03 -3.4978563E-03
       486  1.3948059E-03 -3.5153893E-03
       487  1.4017974E-03 -3.5330103E-03
       488  1.4088240E-03 -3.5507195E-03
       489  1.4158857E-03 -3.5685176E-03
       490  1.4229829E-03 -3.5864048E-03
       491  1.4301156E-03 -3.6043817E-03
       492  1.4372841E-03 -3.6224487E-03
       493  1.4444885E-03 -3.6406063E-03
       494  1.4517290E-03 -3.6588549E-03
       495  1.4590058E-03 -3.6771949E-03
       496  1.4663191E-03 -3.6956269E-03
       497  1.4736691E-03 -3.7141513E-03
       498  1.4810559E-03 -3.7327685E-03
       499  1.4884797E-03 -3.7514790E-03
       500  1.4959408E-03 -3.7702834E-03
       501  1.5034392E-03 -3.7891820E-03
       502  1.5109752E-03 -3.8081753E-03
       503  1.5185490E-03 -3.8272638E-03
       504  1.5261608E-03 -3.8464480E-03
       505  1.5338107E-03 -3.8657284E-03
       506  1.5414989E-03 -3.8851054E-03
       507  1.5492257E-03 -3.9045795E-03
       508  1.5569913E-03 -3.9241513E-03
       509  1.5647957E-03 -3.9438211E-03
       510  1.5726393E-03 -3.9635896E-03
       511  1.5805222E-03 -3.9834571E-03
       512  1.5884446E-03 -4.0034242E-03
       513  1.5964067E-03 -4.0234915E-03
       514  1.6044087E-03 -4.0436592E-03
       515  1.6124508E-03 -4.0639281E-03
       516  1.6205333E-03 -4.0842986E-03
       517  1.6286562E-03 -4.1047712E-03
       518  1.6368199E-03 -4.1253464E-03
       519  1.6450245E-03 -4.1460248E-03
       520  1.6532702E-03 -4.1668067E-03
       521  1.6615573E-03 -4.1876929E-03
       522  1.6698859E-03 -4.2086838E-03
       523  1.6782562E-03 -4.2297798E-03
       524  1.6866685E-03 -4.2509816E-03
       525  1.6951230E-03 -4.2722897E-03
       526  1.7036198E-03 -4.2937046E-03
       527  1.7121592E-03 -4.3152269E-03
       528  1.7207415E-03 -4.3368570E-03
       529  1.7293667E-03 -4.3585955E-03
       530  1.7380352E-03 -4.3804430E-03
       531  1.7467471E-03 -4.4024000E-03
       532  1.7555027E-03 -4.4244671E-03
       533  1.7643022E-03 -4.4466448E-03
       534  1.7731458E-03 -4.4689336E-03
       535  1.7820338E-03 -4.4913342E-03
       536  1.7909663E-03 -4.5138470E-03
       537  1.7999435E-03 -4.5364727E-03
       538  1.8089658E-03 -4.5592118E-03
       539  1.8180332E-03 -4.5820649E-03
       540  1.8271462E-03 -4.6050326E-03
       541  1.8363048E-03 -4.6281153E-03
       542  1.8455093E-03 -4.6513138E-03
       543  1.8547599E-03 -4.6746285E-03
       544  1.8640570E-03 -4.6980601E-03
       545  1.8734006E-03 -4.7216092E-03
       546  1.8827911E-03 -4.7452763E-03
       547  1.8922286E-03 -4.7690620E-03
       548  1.9017134E-03 -4.7929670E-03
       549  1.9112458E-03 -4.8169918E-03
       550  1.9208260E-03 -4.8411370E-03
       551  1.9304541E-03 -4.8654032E-03
       552  1.9401306E-03 -4.8897911E-03
       553  1.9498555E-03 -4.9143012E-03
       554  1.9596292E-03 -4.9389341E-03
       555  1.9694519E-03 -4.9636906E-03
       556  1.9793238E-03 -4.9885711E-03
       557  1.9892452E-03 -5.0135763E-03
       558  1.9992164E-03 -5.0387069E-03
       559  2.0092375E-03 -5.0639634E-03
       560  2.0193088E-03 -5.0893466E-03
       561  2.0294306E-03 -5.1148570E-03
       562  2.0396032E-03 -5.1404952E-03
       563  2.0498268E-03 -5.1662620E-03
       564  2.0601016E-03 -5.1921579E-03
       565  2.0704279E-03 -5.2181836E-03
       566  2.0808059E-03 -5.2443398E-03
       567  2.0912360E-03 -5.2706270E-03
       568  2.1017184E-03 -5.2970461E-03
       569  2.1122533E-03 -5.3235975E-03
       570  2.1228410E-03 -5.3502821E-03
       571  2.1334818E-03 -5.3771004E-03
       572  2.1441759E-03 -5.4040531E-03
       573  2.1549236E-03 -5.4311409E-03
       574  2.1657252E-03 -5.4583645E-03
       575  2.1765810E-03 -5.4857246E-03
       576  2.1874911E-03 -5.5132218E-03
       577  2.1984560E-03 -5.5408569E-03
       578  2.2094758E-03 -5.5686304E-03
       579  2.2205508E-03 -5.5965432E-03
       580  2.2316814E-03 -5.6245959E-03
       581  2.2428677E-03 -5.6527892E-03
       582  2.2541101E-03 -5.6811238E-03
       583  2.2654089E-03 -5.7096004E-03
       584  2.2767643E-03 -5.7382198E-03
       585  2.2881767E-03 -5.7669826E-03
       586  2.2996462E-03 -5.7958896E-03
       587  2.3111732E-03 -5.8249415E-03
       588  2.3227580E-03 -5.8541390E-03
       589  2.3344009E-03 -5.8834829E-03
       590  2.3461021E-03 -5.9129739E-03
       591  2.3578620E-03 -5.9426126E-03
       592  2.3696808E-03 -5.9724000E-03
       593  2.3815589E-03 -6.0023366E-03
       594  2.3934965E-03 -6.0324233E-03
       595  2.4054940E-03 -6.0626608E-03
       596  2.4175516E-03 -6.0930499E-03
       597  2.4296696E-03 -6.1235913E-03
       598  2.4418484E-03 -6.1542858E-03
       599  2.4540882E-03 -6.1851341E-03
       600  2.4663893E-03 -6.2161371E-03
       601  2.4787522E-03 -6.2472955E-03
       602  2.4911770E-03 -6.2786100E-03
       603  2.5036641E-03 -6.3100815E-03
       604  2.5162137E-03 -6.3417108E-03
       605  2.5288263E-03 -6.3734986E-03
       606  2.5415021E-03 -6.4054457E-03
       607  2.5542414E-03 -6.4375530E-03
       608  2.5670446E-03 -6.4698212E-03
       609  2.5799120E-03 -6.5022511E-03
       610  2.5928438E-03 -6.5348436E-03
       611  2.6058405E-03 -6.5675995E-03
       612  2.6189023E-03 -6.6005196E-03
       613  2.6320297E-03 -6.6336046E-03
       614  2.6452228E-03 -6.6668555E-03
       615  2.6584820E-03 -6.7002731E-03
       616  2.6718077E-03 -6.7338582E-03
       617  2.6852002E-03 -6.7676116E-03
       618  2.6986598E-03 -6.8015342E-03
       619  2.7121869E-03 -6.8356268E-03
       620  2.7257818E-03 -6.8698903E-03
       621  2.7394448E-03 -6.9043256E-03
       622  2.7531763E-03 -6.9389335E-03
       623  2.7669767E-03 -6.9737148E-03
       624  2.7808462E-03 -7.0086705E-03
       625  2.7947853E-03 -7.0438014E-03
       626  2.8087942E-03 -7.0791084E-03
       627  2.8228733E-03 -7.1145923E-03
       628  2.8370230E-03 -7.1502542E-03
       629  2.8512437E-03 -7.1860947E-03
       630  2.8655356E-03 -7.2221150E-03
       631  2.8798992E-03 -7.2583157E-03
       632  2.8943347E-03 -7.2946980E-03
       633  2.9088426E-03 -7.3312625E-03
       634  2.9234233E-03 -7.3680104E-03
       635  2.9380770E-03 -7.4049425E-03
       636  2.9528042E-03 -7.4420596E-03
       637  2.9676051E-03 -7.4793629E-03
       638  2.9824803E-03 -7.5168531E-03
       639  2.9974301E-03 -7.5545312E-03
       640  3.0124548E-03 -7.5923982E-03
       641  3.0275547E-03 -7.6304549E-03
       642  3.0427304E-03 -7.6687025E-03
       643  3.0579822E-03 -7.7071417E-03
       644  3.0733104E-03 -7.7457737E-03
       645  3.0887154E-03 -7.7845992E-03
       646  3.1041977E-03 -7.8236194E-03
       647  3.1197575E-03 -7.8628352E-03
       648  3.1353954E-03 -7.9022475E-03
       649  3.1511116E-03 -7.9418574E-03
       650  3.1669066E-03 -7.9816658E-03
       651  3.1827808E-03 -8.0216737E-03
       652  3.1987346E-03 -8.0618822E-03
       653  3.2147683E-03 -8.1022922E-03
       654  3.2308824E-03 -8.1429048E-03
       655  3.2470772E-03 -8.1837210E-03
       656  3.2633533E-03 -8.2247417E-03
       657  3.2797109E-03 -8.2659680E-03
       658  3.2961505E-03 -8.3074010E-03
       659  3.3126725E-03 -8.3490417E-03
       660  3.3292774E-03 -8.3908911E-03
       661  3.3459655E-03 -8.4329502E-03
       662  3.3627372E-03 -8.4752202E-03
       663  3.3795930E-03 -8.5177020E-03
       664  3.3965332E-03 -8.5603968E-03
       665  3.4135584E-03 -8.6033056E-03
       666  3.4306690E-03 -8.6464294E-03
       667  3.4478653E-03 -8.6897695E-03
       668  3.4651478E-03 -8.7333267E-03
       669  3.4825169E-03 -8.7771023E-03
       670  3.4999731E-03 -8.8210973E-03
       671  3.5175168E-03 -8.8653128E-03
       672  3.5351484E-03 -8.9097499E-03
       673  3.5528684E-03 -8.9544098E-03
       674  3.5706772E-03 -8.9992935E-03
       675  3.5885753E-03 -9.0444022E-03
       676  3.6065631E-03 -9.0897370E-03
       677  3.6246411E-03 -9.1352990E-03
       678  3.6428097E-03 -9.1810894E-03
       679  3.6610694E-03 -9.2271093E-03
       680  3.6794205E-03 -9.2733599E-03
       681  3.6978637E-03 -9.3198424E-03
       682  3.7163993E-03 -9.3665578E-03
       683  3.7350279E-03 -9.4135073E-03
       684  3.7537498E-03 -9.4606922E-03
       685  3.7725655E-03 -9.5081136E-03
       686  3.7914756E-03 -9.5557727E-03
       687  3.8104804E-03 -9.6036706E-03
       688  3.8295805E-03 -9.6518087E-03
       689  3.8487764E-03 -9.7001880E-03
       690  3.8680685E-03 -9.7488099E-03
       691  3.8874572E-03 -9.7976754E-03
       692  3.9069432E-03 -9.8467859E-03
       693  3.9265268E-03 -9.8961425E-03
       694  3.9462086E-03 -9.9457465E-03
       695  3.9659891E-03 -9.9955992E-03
       696  3.9858687E-03 -1.0045702E-02
       697  4.0058479E-03 -1.0096055E-02
       698  4.0259273E-03 -1.0146661E-02
       699  4.0461074E-03 -1.0197521E-02
       700  4.0663886E-03 -1.0248636E-02
       701  4.0867714E-03 -1.0300007E-02
       702  4.1072565E-03 -1.0351635E-02
       703  4.1278442E-03 -1.0403522E-02
       704  4.1485351E-03 -1.0455669E-02
       705  4.1693297E-03 -1.0508078E-02
       706  4.1902285E-03 -1.0560749E-02
       707  4.2112322E-03 -1.0613684E-02
       708  4.2323410E-03 -1.0666885E-02
       709  4.2535557E-03 -1.0720352E-02
       710  4.2748768E-03 -1.0774087E-02
       711  4.2963047E-03 -1.0828092E-02
       712  4.3178400E-03 -1.0882367E-02
       713  4.3394833E-03 -1.0936914E-02
       714  4.3612350E-03 -1.0991735E-02
       715  4.3830958E-03 -1.1046831E-02
       716  4.4050662E-03 -1.1102202E-02
       717  4.4271466E-03 -1.1157851E-02
       718  4.4493378E-03 -1.1213779E-02
       719  4.4716402E-03 -1.1269988E-02
       720  4.4940544E-03 -1.1326478E-02
       721  4.5165809E-03 -1.1383251E-02
       722  4.5392204E-03 -1.1440309E-02
       723  4.5619733E-03 -1.1497653E-02
       724  4.5848403E-03 -1.1555284E-02
       725  4.6078219E-03 -1.1613205E-02
       726  4.6309187E-03 -1.1671415E-02
       727  4.6541313E-03 -1.1729917E-02
       728  4.6774602E-03 -1.1788713E-02
       729  4.7009061E-03 -1.1847803E-02
       730  4.7244695E-03 -1.1907189E-02
       731  4.7481510E-03 -1.1966873E-02
       732  4.7719512E-03 -1.2026856E-02
       733  4.7958707E-03 -1.2087140E-02
       734  4.8199101E-03 -1.2147726E-02
       735  4.8440700E-03 -1.2208616E-02
       736  4.8683510E-03 -1.2269810E-02
       737  4.8927537E-03 -1.2331312E-02
       738  4.9172788E-03 -1.2393122E-02
       739  4.9419267E-03 -1.2455241E-02
       740  4.9666982E-03 -1.2517672E-02
       741  4.9915939E-03 -1.2580416E-02
       742  5.0166144E-03 -1.2643475E-02
       743  5.0417603E-03 -1.2706849E-02
       744  5.0670322E-03 -1.2770541E-02
       745  5.0924308E-03 -1.2834552E-02
       746  5.1179567E-03 -1.2898885E-02
       747  5.1436106E-03 -1.2963539E-02
       748  5.1693930E-03 -1.3028518E-02
       749  5.1953047E-03 -1.3093822E-02
       750  5.2213463E-03 -1.3159454E-02
       751  5.2475184E-03 -1.3225414E-02
       752  5.2738217E-03 -1.3291706E-02
       753  5.3002568E-03 -1.3358329E-02
       754  5.3268245E-03 -1.3425287E-02
       755  5.3535253E-03 -1.3492580E-02
       756  5.3803600E-03 -1.3560210E-02
       757  5.4073291E-03 -1.3628179E-02
       758  5.4344335E-03 -1.3696489E-02
       759  5.4616737E-03 -1.3765142E-02
       760  5.4890504E-03 -1.3834138E-02
       761  5.5165644E-03 -1.3903480E-02
       762  5.5442163E-03 -1.3973170E-02
       763  5.5720068E-03 -1.4043209E-02
       764  5.5999366E-03 -1.4113599E-02
       765  5.6280064E-03 -1.4184342E-02
       766  5.6562169E-03 -1.4255440E-02
       767  5.6845688E-03 -1.4326894E-02
       768  5.7130628E-03 -1.4398706E-02
       769  5.7416997E-03 -1.4470878E-02
       770  5.7704801E-03 -1.4543411E-02
       771  5.7994047E-03 -1.4616309E-02
       772  5.8284744E-03 -1.4689571E-02
       773  5.8576897E-03 -1.4763201E-02
       774  5.8870515E-03 -1.4837200E-02
       775  5.9165605E-03 -1.4911570E-02
       776  5.9462174E-03 -1.4986312E-02
       777  5.9760229E-03 -1.5061429E-02
       778  6.0059778E-03 -1.5136923E-02
       779  6.0360829E-03 -1.5212795E-02
       780  6.0663389E-03 -1.5289047E-02
       781  6.0967466E-03 -1.5365682E-02
       782  6.1273066E-03 -1.5442700E-02
       783  6.1580199E-03 -1.5520105E-02
       784  6.1888871E-03 -1.5597897E-02
       785  6.2199090E-03 -1.5676080E-02
       786  6.2510864E-03 -1.5754654E-02
       787  6.2824201E-03 -1.5833622E-02
       788  6.3139109E-03 -1.5912986E-02
       789  6.3455595E-03 -1.5992748E-02
       790  6.3773668E-03 -1.6072909E-02
       791  6.4093334E-03 -1.6153473E-02
       792  6.4414604E-03 -1.6234440E-02
       793  6.4737483E-03 -1.6315812E-02
       794  6.5061981E-03 -1.6397593E-02
       795  6.5388106E-03 -1.6479784E-02
       796  6.5715865E-03 -1.6562386E-02
       797  6.6045267E-03 -1.6645403E-02
       798  6.6376320E-03 -1.6728835E-02
       799  6.6709033E-03 -1.6812686E-02
       800  6.7043413E-03 -1.6896957E-02
       801  6.7379470E-03 -1.6981650E-02
       802  6.7717211E-03 -1.7066768E-02
       803  6.8056645E-03 -1.7152312E-02
       804  6.8397780E-03 -1.7238286E-02
       805  6.8740626E-03 -1.7324690E-02
       806  6.9085189E-03 -1.7411527E-02
       807  6.9431480E-03 -1.7498799E-02
       808  6.9779507E-03 -1.7586509E-02
       809  7.0129278E-03 -1.7674658E-02
       810  7.0480803E-03 -1.7763250E-02
       811  7.0834089E-03 -1.7852285E-02
       812  7.1189147E-03 -1.7941766E-02
       813  7.1545984E-03 -1.8031696E-02
       814  7.1904609E-03 -1.8122077E-02
       815  7.2265033E-03 -1.8212910E-02
       816  7.2627263E-03 -1.8304199E-02
       817  7.2991308E-03 -1.8395946E-02
       818  7.3357179E-03 -1.8488152E-02
       819  7.3724883E-03 -1.8580820E-02
       820  7.4094431E-03 -1.8673953E-02
       821  7.4465831E-03 -1.8767552E-02
       822  7.4839092E-03 -1.8861621E-02
       823  7.5214225E-03 -1.8956161E-02
       824  7.5591238E-03 -1.9051175E-02
       825  7.5970140E-03 -1.9146665E-02
       826  7.6350942E-03 -1.9242634E-02
       827  7.6733653E-03 -1.9339084E-02
       828  7.7118282E-03 -1.9436017E-02
       829  7.7504839E-03 -1.9533436E-02
       830  7.7893334E-03 -1.9631343E-02
       831  7.8283775E-03 -1.9729741E-02
       832  7.8676175E-03 -1.9828632E-02
       833  7.9070541E-03 -1.9928018E-02
       834  7.9466883E-03 -2.0027903E-02
       835  7.9865213E-03 -2.0128288E-02
       836  8.0265539E-03 -2.0229177E-02
       837  8.0667871E-03 -2.0330571E-02
       838  8.1072221E-03 -2.0432473E-02
       839  8.1478597E-03 -2.0534886E-02
       840  8.1887010E-03 -2.0637812E-02
       841  8.2297470E-03 -2.0741254E-02
       842  8.2709988E-03 -2.0845214E-02
       843  8.3124574E-03 -2.0949696E-02
       844  8.3541237E-03 -2.1054701E-02
       845  8.3959990E-03 -2.1160232E-02
       846  8.4380841E-03 -2.1266293E-02
       847  8.4803802E-03 -2.1372884E-02
       848  8.5228882E-03 -2.1480010E-02
       849  8.5656094E-03 -2.1587673E-02
       850  8.6085447E-03 -2.1695876E-02
       851  8.6516952E-03 -2.1804620E-02
       852  8.6950620E-03 -2.1913910E-02
       853  8.7386462E-03 -2.2023748E-02
       854  8.7824488E-03 -2.2134135E-02
       855  8.8264710E-03 -2.2245076E-02
       856  8.8707139E-03 -2.2356574E-02
       857  8.9151785E-03 -2.2468629E-02
       858  8.9598661E-03 -2.2581247E-02
       859  9.0047776E-03 -2.2694429E-02
       860  9.0499142E-03 -2.2808178E-02
       861  9.0952771E-03 -2.2922497E-02
       862  9.1408674E-03 -2.3037389E-02
       863  9.1866862E-03 -2.3152857E-02
       864  9.2327346E-03 -2.3268903E-02
       865  9.2790139E-03 -2.3385531E-02
       866  9.3255251E-03 -2.3502744E-02
       867  9.3722695E-03 -2.3620544E-02
       868  9.4192482E-03 -2.3738934E-02
       869  9.4664624E-03 -2.3857918E-02
       870  9.5139132E-03 -2.3977498E-02
       871  9.5616019E-03 -2.4097677E-02
       872  9.6095297E-03 -2.4218458E-02
       873  9.6576976E-03 -2.4339845E-02
       874  9.7061070E-03 -2.4461840E-02
       875  9.7547591E-03 -2.4584446E-02
       876  9.8036550E-03 -2.4707667E-02
       877  9.8527961E-03 -2.4831506E-02
       878  9.9021834E-03 -2.4955965E-02
       879  9.9518183E-03 -2.5081047E-02
       880  1.0001702E-02 -2.5206757E-02
       881  1.0051836E-02 -2.5333096E-02
       882  1.0102221E-02 -2.5460069E-02
       883  1.0152858E-02 -2.5587678E-02
       884  1.0203750E-02 -2.5715926E-02
       885  1.0254896E-02 -2.5844817E-02
       886  1.0306299E-02 -2.5974354E-02
       887  1.0357960E-02 -2.6104540E-02
       888  1.0409879E-02 -2.6235379E-02
       889  1.0462059E-02 -2.6366873E-02
       890  1.0514500E-02 -2.6499026E-02
       891  1.0567204E-02 -2.6631842E-02
       892  1.0620173E-02 -2.6765323E-02
       893  1.0673407E-02 -2.6899473E-02
       894  1.0726907E-02 -2.7034295E-02
       895  1.0780676E-02 -2.7169792E-02
       896  1.0834714E-02 -2.7305969E-02
       897  1.0889024E-02 -2.7442828E-02
       898  1.0943605E-02 -2.7580373E-02
       899  1.0998460E-02 -2.7718607E-02
       900  1.1053590E-02 -2.7857534E-02
       901  1.1108997E-02 -2.7997157E-02
       902  1.1164681E-02 -2.8137480E-02
       903  1.1220644E-02 -2.8278506E-02
       904  1.1276888E-02 -2.8420239E-02
       905  1.1333413E-02 -2.8562681E-02
       906  1.1390222E-02 -2.8705838E-02
       907  1.1447316E-02 -2.8849712E-02
       908  1.1504696E-02 -2.8994307E-02
       909  1.1562363E-02 -2.9139626E-02
       910  1.1620320E-02 -2.9285674E-02
       911  1.1678567E-02 -2.9432454E-02
       912  1.1737106E-02 -2.9579969E-02
       913  1.1795939E-02 -2.9728223E-02
       914  1.1855066E-02 -2.9877220E-02
       915  1.1914490E-02 -3.0026964E-02
       916  1.1974211E-02 -3.0177458E-02
       917  1.2034232E-02 -3.0328706E-02
       918  1.2094554E-02 -3.0480712E-02
       919  1.2155178E-02 -3.0633479E-02
       920  1.2216106E-02 -3.0787012E-02
       921  1.2277340E-02 -3.0941315E-02
       922  1.2338880E-02 -3.1096391E-02
       923  1.2400729E-02 -3.1252243E-02
       924  1.2462888E-02 -3.1408877E-02
       925  1.2525359E-02 -3.1566295E-02
       926  1.2588142E-02 -3.1724503E-02
       927  1.2651241E-02 -3.1883503E-02
       928  1.2714655E-02 -3.2043299E-02
       929  1.2778388E-02 -3.2203897E-02
       930  1.2842440E-02 -3.2365299E-02
       931  1.2906813E-02 -3.2527509E-02
       932  1.2971508E-02 -3.2690533E-02
       933  1.3036528E-02 -3.2854373E-02
       934  1.3101874E-02 -3.3019034E-02
       935  1.3167547E-02 -3.3184521E-02
       936  1.3233550E-02 -3.3350836E-02
       937  1.3299884E-02 -3.3517985E-02
       938  1.3366549E-02 -3.3685971E-02
       939  1.3433550E-02 -3.3854799E-02
       940  1.3500886E-02 -3.4024473E-02
       941  1.3568559E-02 -3.4194997E-02
       942  1.3636572E-02 -3.4366375E-02
       943  1.3704925E-02 -3.4538613E-02
       944  1.3773622E-02 -3.4711713E-02
       945  1.3842662E-02 -3.4885680E-02
       946  1.3912049E-02 -3.5060519E-02
       947  1.3981783E-02 -3.5236234E-02
       948  1.4051867E-02 -3.5412829E-02
       949  1.4122302E-02 -3.5590309E-02
       950  1.4193091E-02 -3.5768678E-02
       951  1.4264234E-02 -3.5947941E-02
       952  1.4335734E-02 -3.6128102E-02
       953  1.4407592E-02 -3.6309166E-02
       954  1.4479810E-02 -3.6491137E-02
       955  1.4552391E-02 -3.6674019E-02
       956  1.4625335E-02 -3.6857818E-02
       957  1.4698645E-02 -3.7042537E-02
       958  1.4772322E-02 -3.7228182E-02
       959  1.4846368E-02 -3.7414757E-02
       960  1.4920786E-02 -3.7602267E-02
       961  1.4995577E-02 -3.7790716E-02
       962  1.5070742E-02 -3.7980110E-02
       963  1.5146285E-02 -3.8170452E-02
       964  1.5222206E-02 -3.8361748E-02
       965  1.5298508E-02 -3.8554002E-02
       966  1.5375192E-02 -3.8747219E-02
       967  1.5452260E-02 -3.8941404E-02
       968  1.5529715E-02 -3.9136562E-02
       969  1.5607558E-02 -3.9332698E-02
       970  1.5685791E-02 -3.9529816E-02
       971  1.5764416E-02 -3.9727922E-02
       972  1.5843436E-02 -3.9927020E-02
       973  1.5922852E-02 -4.0127116E-02
       974  1.6002665E-02 -4.0328214E-02
       975  1.6082879E-02 -4.0530319E-02
       976  1.6163495E-02 -4.0733437E-02
       977  1.6244514E-02 -4.0937572E-02
       978  1.6325940E-02 -4.1142730E-02
       979  1.6407775E-02 -4.1348916E-02
       980  1.6490019E-02 -4.1556135E-02
       981  1.6572675E-02 -4.1764391E-02
       982  1.6655746E-02 -4.1973691E-02
       983  1.6739234E-02 -4.2184039E-02
       984  1.6823139E-02 -4.2395441E-02
       985  1.6907466E-02 -4.2607902E-02
       986  1.6992215E-02 -4.2821427E-02
       987  1.7077389E-02 -4.3036022E-02
       988  1.7162989E-02 -4.3251691E-02
       989  1.7249019E-02 -4.3468441E-02
       990  1.7335480E-02 -4.3686277E-02
       991  1.7422375E-02 -4.3905203E-02
       992  1.7509705E-02 -4.4125227E-02
       993  1.7597472E-02 -4.4346352E-02
       994  1.7685680E-02 -4.4568585E-02
       995  1.7774330E-02 -4.4791931E-02
       996  1.7863424E-02 -4.5016396E-02
       997  1.7952965E-02 -4.5241985E-02
       998  1.8042955E-02 -4.5468704E-02
       999  1.8133395E-02 -4.5696559E-02
      1000  1.8224289E-02 -4.5925555E-02
      1001  1.8315639E-02 -4.6155698E-02
      1002  1.8407446E-02 -4.6386993E-02
      1003  1.8499714E-02 -4.6619447E-02
      1004  1.8592444E-02 -4.6853065E-02
      1005  1.8685639E-02 -4.7087853E-02
      1006  1.8779301E-02 -4.7323818E-02
      1007  1.8873433E-02 -4.7560964E-02
      1008  1.8968037E-02 -4.7799297E-02
      1009  1.9063114E-02 -4.8038825E-02
      1010  1.9158669E-02 -4.8279552E-02
      1011  1.9254702E-02 -4.8521484E-02
      1012  1.9351216E-02 -4.8764628E-02
      1013  1.9448215E-02 -4.9008990E-02
      1014  1.9545699E-02 -4.9254576E-02
      1015  1.9643673E-02 -4.9501392E-02
      1016  1.9742137E-02 -4.9749443E-02
      1017  1.9841095E-02 -4.9998737E-02
      1018  1.9940549E-02 -5.0249279E-02
      1019  2.0040501E-02 -5.0501076E-02
      1020  2.0140954E-02 -5.0754134E-02
      1021  2.0241911E-02 -5.1008459E-02
      1022  2.0343374E-02 -5.1264058E-02
      1023  2.0445346E-02 -5.1520937E-02
      1024  2.0547829E-02 -5.1779102E-02
      1025  2.0650825E-02 -5.2038560E-02
      1026  2.0754338E-02 -5.2299317E-02
      1027  2.0858369E-02 -5.2561380E-02
      1028  2.0962922E-02 -5.2824755E-02
      1029  2.1068000E-02 -5.3089449E-02
      1030  2.1173603E-02 -5.3355468E-02
      1031  2.1279736E-02 -5.3622819E-02
      1032  2.1386402E-02 -5.3891509E-02
      1033  2.1493601E-02 -5.4161545E-02
      1034  2.1601338E-02 -5.4432932E-02
      1035  2.1709616E-02 -5.4705678E-02
      1036  2.1818436E-02 -5.4979790E-02
      1037  2.1927801E-02 -5.5255275E-02
      1038  2.2037714E-02 -5.5532138E-02
      1039  2.2148179E-02 -5.5810388E-02
      1040  2.2259197E-02 -5.6090031E-02
      1041  2.2370772E-02 -5.6371074E-02
      1042  2.2482906E-02 -5.6653525E-02
      1043  2.2595602E-02 -5.6937389E-02
      1044  2.2708863E-02 -5.7222675E-02
      1045  2.2822691E-02 -5.7509388E-02
      1046  2.2937091E-02 -5.7797538E-02
      1047  2.3052063E-02 -5.8087129E-02
      1048  2.3167612E-02 -5.8378171E-02
      1049  2.3283740E-02 -5.8670669E-02
      1050  2.3400451E-02 -5.8964632E-02
      1051  2.3517746E-02 -5.9260067E-02
      1052  2.3635629E-02 -5.9556980E-02
      1053  2.3754103E-02 -5.9855380E-02
      1054  2.3873171E-02 -6.0155273E-02
      1055  2.3992836E-02 -6.0456668E-02
      1056  2.4113100E-02 -6.0759571E-02
      1057  2.4233968E-02 -6.1063991E-02
      1058  2.4355441E-02 -6.1369935E-02
      1059  2.4477523E-02 -6.1677409E-02
      1060  2.4600217E-02 -6.1986423E-02
      1061  2.4723526E-02 -6.2296984E-02
      1062  2.4847454E-02 -6.2609099E-02
      1063  2.4972002E-02 -6.2922777E-02
      1064  2.5097175E-02 -6.3238024E-02
      1065  2.5222975E-02 -6.3554849E-02
      1066  2.5349406E-02 -6.3873260E-02
      1067  2.5476470E-02 -6.4193265E-02
      1068  2.5604171E-02 -6.4514871E-02
      1069  2.5732513E-02 -6.4838087E-02
      1070  2.5861497E-02 -6.5162920E-02
      1071  2.5991129E-02 -6.5489379E-02
      1072  2.6121410E-02 -6.5817472E-02
      1073  2.6252344E-02 -6.6147207E-02
      1074  2.6383934E-02 -6.6478592E-02
      1075  2.6516184E-02 -6.6811635E-02
      1076  2.6649097E-02 -6.7146345E-02
      1077  2.6782676E-02 -6.7482730E-02
      1078  2.6916925E-02 -6.7820798E-02
      1079  2.7051847E-02 -6.8160558E-02
      1080  2.7187445E-02 -6.8502018E-02
      1081  2.7323722E-02 -6.8845187E-02
      1082  2.7460683E-02 -6.9190072E-02
      1083  2.7598330E-02 -6.9536684E-02
      1084  2.7736668E-02 -6.9885030E-02
      1085  2.7875698E-02 -7.0235118E-02
      1086  2.8015426E-02 -7.0586959E-02
      1087  2.8155854E-02 -7.0940559E-02
      1088  2.8296985E-02 -7.1295929E-02
      1089  2.8438825E-02 -7.1653077E-02
      1090  2.8581375E-02 -7.2012012E-02
      1091  2.8724640E-02 -7.2372742E-02
      1092  2.8868623E-02 -7.2735277E-02
      1093  2.9013327E-02 -7.3099625E-02
      1094  2.9158757E-02 -7.3465797E-02
      1095  2.9304916E-02 -7.3833800E-02
      1096  2.9451807E-02 -7.4203644E-02
      1097  2.9599435E-02 -7.4575338E-02
      1098  2.9747803E-02 -7.4948892E-02
      1099  2.9896914E-02 -7.5324314E-02
      1100  3.0046773E-02 -7.5701613E-02
      1101  3.0197383E-02 -7.6080801E-02
      1102  3.0348748E-02 -7.6461884E-02
      1103  3.0500872E-02 -7.6844874E-02
      1104  3.0653758E-02 -7.7229779E-02
      1105  3.0807411E-02 -7.7616610E-02
      1106  3.0961834E-02 -7.8005375E-02
      1107  3.1117031E-02 -7.8396084E-02
      1108  3.1273005E-02 -7.8788748E-02
      1109  3.1429762E-02 -7.9183375E-02
      1110  3.1587304E-02 -7.9579975E-02
      1111  3.1745636E-02 -7.9978559E-02
      1112  3.1904762E-02 -8.0379137E-02
      1113  3.2064685E-02 -8.0781717E-02
      1114  3.2225410E-02 -8.1186310E-02
      1115  3.2386941E-02 -8.1592927E-02
      1116  3.2549281E-02 -8.2001576E-02
      1117  3.2712435E-02 -8.2412269E-02
      1118  3.2876407E-02 -8.2825015E-02
      1119  3.3041200E-02 -8.3239825E-02
      1120  3.3206820E-02 -8.3656709E-02
      1121  3.3373270E-02 -8.4075677E-02
      1122  3.3540554E-02 -8.4496740E-02
      1123  3.3708677E-02 -8.4919908E-02
      1124  3.3877642E-02 -8.5345191E-02
      1125  3.4047455E-02 -8.5772600E-02
      1126  3.4218118E-02 -8.6202146E-02
      1127  3.4389637E-02 -8.6633839E-02
      1128  3.4562016E-02 -8.7067690E-02
      1129  3.4735259E-02 -8.7503710E-02
      1130  3.4909370E-02 -8.7941908E-02
      1131  3.5084354E-02 -8.8382297E-02
      1132  3.5260215E-02 -8.8824888E-02
      1133  3.5436958E-02 -8.9269690E-02
      1134  3.5614586E-02 -8.9716715E-02
      1135  3.5793105E-02 -9.0165974E-02
      1136  3.5972519E-02 -9.0617479E-02
      1137  3.6152832E-02 -9.1071239E-02
      1138  3.6334049E-02 -9.1527268E-02
      1139  3.6516174E-02 -9.1985575E-02
      1140  3.6699212E-02 -9.2446172E-02
      1141  3.6883167E-02 -9.2909070E-02
      1142  3.7068045E-02 -9.3374282E-02
      1143  3.7253849E-02 -9.3841818E-02
      1144  3.7440585E-02 -9.4311689E-02
      1145  3.7628257E-02 -9.4783908E-02
      1146  3.7816869E-02 -9.5258487E-02
      1147  3.8006427E-02 -9.5735436E-02
      1148  3.8196935E-02 -9.6214768E-02
      1149  3.8388398E-02 -9.6696494E-02
      1150  3.8580821E-02 -9.7180627E-02
      1151  3.8774208E-02 -9.7667178E-02
      1152  3.8968564E-02 -9.8156159E-02
      1153  3.9163895E-02 -9.8647582E-02
      1154  3.9360205E-02 -9.9141460E-02
      1155  3.9557499E-02 -9.9637805E-02
      1156  3.9755782E-02 -1.0013663E-01
      1157  3.9955058E-02 -1.0063794E-01
      1158  4.0155334E-02 -1.0114176E-01
      1159  4.0356613E-02 -1.0164809E-01
      1160  4.0558902E-02 -1.0215696E-01
      1161  4.0762204E-02 -1.0266836E-01
      1162  4.0966525E-02 -1.0318231E-01
      1163  4.1171871E-02 -1.0369884E-01
      1164  4.1378246E-02 -1.0421794E-01
      1165  4.1585655E-02 -1.0473963E-01
      1166  4.1794104E-02 -1.0526393E-01
      1167  4.2003598E-02 -1.0579084E-01
      1168  4.2214142E-02 -1.0632039E-01
      1169  4.2425741E-02 -1.0685257E-01
      1170  4.2638401E-02 -1.0738742E-01
      1171  4.2852127E-02 -1.0792493E-01
      1172  4.3066924E-02 -1.0846513E-01
      1173  4.3282798E-02 -1.0900802E-01
      1174  4.3499754E-02 -1.0955362E-01
      1175  4.3717797E-02 -1.1010195E-01
      1176  4.3936934E-02 -1.1065301E-01
      1177  4.4157168E-02 -1.1120682E-01
      1178  4.4378507E-02 -1.1176339E-01
      1179  4.4600955E-02 -1.1232274E-01
      1180  4.4824519E-02 -1.1288488E-01
      1181  4.5049202E-02 -1.1344983E-01
      1182  4.5275012E-02 -1.1401759E-01
      1183  4.5501954E-02 -1.1458819E-01
      1184  4.5730034E-02 -1.1516163E-01
      1185  4.5959257E-02 -1.1573793E-01
      1186  4.6189628E-02 -1.1631711E-01
      1187  4.6421155E-02 -1.1689917E-01
      1188  4.6653842E-02 -1.1748414E-01
      1189  4.6887695E-02 -1.1807203E-01
      1190  4.7122721E-02 -1.1866285E-01
      1191  4.7358924E-02 -1.1925661E-01
      1192  4.7596312E-02 -1.1985333E-01
      1193  4.7834889E-02 -1.2045303E-01
      1194  4.8074663E-02 -1.2105572E-01
      1195  4.8315638E-02 -1.2166141E-01
      1196  4.8557821E-02 -1.2227013E-01
      1197  4.8801218E-02 -1.2288187E-01
      1198  4.9045835E-02 -1.2349667E-01
      1199  4.9291679E-02 -1.2411453E-01
      1200  4.9538754E-02 -1.2473547E-01
      1201  4.9787068E-02 -1.2535951E-01
      1202  5.0036627E-02 -1.2598665E-01
      1203  5.0287437E-02 -1.2661692E-01
      1204  5.0539504E-02 -1.2725033E-01
      1205  5.0792834E-02 -1.2788690E-01
      1206  5.1047434E-02 -1.2852663E-01
      1207  5.1303310E-02 -1.2916956E-01
      1208  5.1560469E-02 -1.2981569E-01
      1209  5.1818917E-02 -1.3046503E-01
      1210  5.2078661E-02 -1.3111761E-01
      1211  5.2339706E-02 -1.3177344E-01
      1212  5.2602060E-02 -1.3243254E-01
      1213  5.2865729E-02 -1.3309492E-01
      1214  5.3130719E-02 -1.3376060E-01
      1215  5.3397038E-02 -1.3442959E-01
      1216  5.3664692E-02 -1.3510191E-01
      1217  5.3933687E-02 -1.3577758E-01
      1218  5.4204031E-02 -1.3645662E-01
      1219  5.4475730E-02 -1.3713903E-01
      1220  5.4748791E-02 -1.3782484E-01
      1221  5.5023220E-02 -1.3851406E-01
      1222  5.5299025E-02 -1.3920672E-01
      1223  5.5576213E-02 -1.3990282E-01
      1224  5.5854790E-02 -1.4060239E-01
      1225  5.6134763E-02 -1.4130543E-01
      1226  5.6416140E-02 -1.4201198E-01
      1227  5.6698927E-02 -1.4272204E-01
      1228  5.6983131E-02 -1.4343563E-01
      1229  5.7268760E-02 -1.4415277E-01
      1230  5.7555821E-02 -1.4487348E-01
      1231  5.7844321E-02 -1.4559777E-01
      1232  5.8134267E-02 -1.4632567E-01
      1233  5.8425666E-02 -1.4705718E-01
      1234  5.8718526E-02 -1.4779233E-01
      1235  5.9012854E-02 -1.4853114E-01
      1236  5.9308657E-02 -1.4927362E-01
      1237  5.9605943E-02 -1.5001979E-01
      1238  5.9904719E-02 -1.5076967E-01
      1239  6.0204992E-02 -1.5152328E-01
      1240  6.0506771E-02 -1.5228063E-01
      1241  6.0810063E-02 -1.5304174E-01
      1242  6.1114874E-02 -1.5380664E-01
      1243  6.1421214E-02 -1.5457534E-01
      1244  6.1729089E-02 -1.5534786E-01
      1245  6.2038507E-02 -1.5612421E-01
      1246  6.2349477E-02 -1.5690442E-01
      1247  6.2662005E-02 -1.5768851E-01
      1248  6.2976099E-02 -1.5847649E-01
      1249  6.3291768E-02 -1.5926838E-01
      1250  6.3609020E-02 -1.6006421E-01
      1251  6.3927861E-02 -1.6086399E-01
      1252  6.4248301E-02 -1.6166773E-01
      1253  6.4570347E-02 -1.6247547E-01
      1254  6.4894007E-02 -1.6328721E-01
      1255  6.5219290E-02 -1.6410299E-01
      1256  6.5546203E-02 -1.6492281E-01
      1257  6.5874754E-02 -1.6574670E-01
      1258  6.6204953E-02 -1.6657468E-01
      1259  6.6536807E-02 -1.6740676E-01
      1260  6.6870324E-02 -1.6824298E-01
      1261  6.7205513E-02 -1.6908334E-01
      1262  6.7542382E-02 -1.6992787E-01
      1263  6.7880939E-02 -1.7077658E-01
      1264  6.8221194E-02 -1.7162951E-01
      1265  6.8563154E-02 -1.7248666E-01
      1266  6.8906828E-02 -1.7334806E-01
      1267  6.9252225E-02 -1.7421373E-01
      1268  6.9599354E-02 -1.7508369E-01
      1269  6.9948222E-02 -1.7595797E-01
      1270  7.0298839E-02 -1.7683657E-01
      1271  7.0651213E-02 -1.7771953E-01
      1272  7.1005354E-02 -1.7860686E-01
      1273  7.1361270E-02 -1.7949858E-01
      1274  7.1718969E-02 -1.8039473E-01
      1275  7.2078462E-02 -1.8129531E-01
      1276  7.2439757E-02 -1.8220035E-01
      1277  7.2802863E-02 -1.8310987E-01
      1278  7.3167789E-02 -1.8402389E-01
      1279  7.3534544E-02 -1.8494243E-01
      1280  7.3903137E-02 -1.8586552E-01
      1281  7.4273578E-02 -1.8679318E-01
      1282  7.4645876E-02 -1.8772543E-01
      1283  7.5020040E-02 -1.8866229E-01
      1284  7.5396080E-02 -1.8960378E-01
      1285  7.5774004E-02 -1.9054993E-01
      1286  7.6153823E-02 -1.9150076E-01
      1287  7.6535545E-02 -1.9245629E-01
      1288  7.6919181E-02 -1.9341655E-01
      1289  7.7304740E-02 -1.9438155E-01
      1290  7.7692232E-02 -1.9535131E-01
      1291  7.8081666E-02 -1.9632587E-01
      1292  7.8473052E-02 -1.9730525E-01
      1293  7.8866400E-02 -1.9828946E-01
      1294  7.9261719E-02 -1.9927854E-01
      1295  7.9659020E-02 -2.0027250E-01
      1296  8.0058313E-02 -2.0127136E-01
      1297  8.0459607E-02 -2.0227516E-01
      1298  8.0862912E-02 -2.0328392E-01
      1299  8.1268239E-02 -2.0429765E-01
      1300  8.1675598E-02 -2.0531638E-01
      1301  8.2084999E-02 -2.0634014E-01
      1302  8.2496451E-02 -2.0736895E-01
      1303  8.2909967E-02 -2.0840284E-01
      1304  8.3325555E-02 -2.0944182E-01
      1305  8.3743226E-02 -2.1048592E-01
      1306  8.4162990E-02 -2.1153518E-01
      1307  8.4584859E-02 -2.1258960E-01
      1308  8.5008842E-02 -2.1364922E-01
      1309  8.5434951E-02 -2.1471407E-01
      1310  8.5863195E-02 -2.1578415E-01
      1311  8.6293586E-02 -2.1685951E-01
      1312  8.6726135E-02 -2.1794017E-01
      1313  8.7160851E-02 -2.1902614E-01
      1314  8.7597747E-02 -2.2011746E-01
      1315  8.8036833E-02 -2.2121415E-01
      1316  8.8478119E-02 -2.2231624E-01
      1317  8.8921617E-02 -2.2342375E-01
      1318  8.9367339E-02 -2.2453671E-01
      1319  8.9815295E-02 -2.2565515E-01
      1320  9.0265496E-02 -2.2677908E-01
      1321  9.0717953E-02 -2.2790854E-01
      1322  9.1172679E-02 -2.2904355E-01
      1323  9.1629684E-02 -2.3018413E-01
      1324  9.2088980E-02 -2.3133033E-01
      1325  9.2550578E-02 -2.3248215E-01
      1326  9.3014489E-02 -2.3363963E-01
      1327  9.3480726E-02 -2.3480279E-01
      1328  9.3949300E-02 -2.3597166E-01
      1329  9.4420223E-02 -2.3714627E-01
      1330  9.4893507E-02 -2.3832665E-01
      1331  9.5369162E-02 -2.3951281E-01
      1332  9.5847202E-02 -2.4070479E-01
      1333  9.6327638E-02 -2.4190262E-01
      1334  9.6810483E-02 -2.4310632E-01
      1335  9.7295747E-02 -2.4431592E-01
      1336  9.7783444E-02 -2.4553145E-01
      1337  9.8273586E-02 -2.4675294E-01
      1338  9.8766184E-02 -2.4798040E-01
      1339  9.9261252E-02 -2.4921388E-01
      1340  9.9758801E-02 -2.5045340E-01
      1341  1.0025884E-01 -2.5169898E-01
      1342  1.0076139E-01 -2.5295066E-01
      1343  1.0126646E-01 -2.5420847E-01
      1344  1.0177406E-01 -2.5547242E-01
      1345  1.0228421E-01 -2.5674256E-01
      1346  1.0279691E-01 -2.5801890E-01
      1347  1.0331218E-01 -2.5930149E-01
      1348  1.0383003E-01 -2.6059034E-01
      1349  1.0435048E-01 -2.6188548E-01
      1350  1.0487354E-01 -2.6318696E-01
      1351  1.0539922E-01 -2.6449478E-01
      1352  1.0592754E-01 -2.6580899E-01
      1353  1.0645850E-01 -2.6712961E-01
      1354  1.0699213E-01 -2.6845668E-01
      1355  1.0752843E-01 -2.6979021E-01
      1356  1.0806742E-01 -2.7113025E-01
      1357  1.0860911E-01 -2.7247682E-01
      1358  1.0915351E-01 -2.7382995E-01
      1359  1.0970065E-01 -2.7518967E-01
      1360  1.1025053E-01 -2.7655602E-01
      1361  1.1080316E-01 -2.7792901E-01
      1362  1.1135856E-01 -2.7930869E-01
      1363  1.1191675E-01 -2.8069508E-01
      1364  1.1247773E-01 -2.8208822E-01
      1365  1.1304153E-01 -2.8348813E-01
      1366  1.1360815E-01 -2.8489484E-01
      1367  1.1417762E-01 -2.8630839E-01
      1368  1.1474993E-01 -2.8772881E-01
      1369  1.1532512E-01 -2.8915612E-01
      1370  1.1590319E-01 -2.9059037E-01
      1371  1.1648416E-01 -2.9203157E-01
      1372  1.1706804E-01 -2.9347977E-01
      1373  1.1765484E-01 -2.9493499E-01
      1374  1.1824459E-01 -2.9639726E-01
      1375  1.1883729E-01 -2.9786662E-01
      1376  1.1943297E-01 -2.9934310E-01
      1377  1.2003163E-01 -3.0082674E-01
      1378  1.2063329E-01 -3.0231755E-01
      1379  1.2123797E-01 -3.0381558E-01
      1380  1.2184567E-01 -3.0532086E-01
      1381  1.2245643E-01 -3.0683341E-01
      1382  1.2307024E-01 -3.0835328E-01
      1383  1.2368714E-01 -3.0988050E-01
      1384  1.2430712E-01 -3.1141509E-01
      1385  1.2493021E-01 -3.1295709E-01
      1386  1.2555643E-01 -3.1450654E-01
      1387  1.2618578E-01 -3.1606346E-01
      1388  1.2681829E-01 -3.1762789E-01
      1389  1.2745397E-01 -3.1919986E-01
      1390  1.2809284E-01 -3.2077941E-01
      1391  1.2873490E-01 -3.2236657E-01
      1392  1.2938019E-01 -3.2396137E-01
      1393  1.3002871E-01 -3.2556385E-01
      1394  1.3068048E-01 -3.2717404E-01
      1395  1.3133552E-01 -3.2879197E-01
      1396  1.3199384E-01 -3.3041768E-01
      1397  1.3265547E-01 -3.3205120E-01
      1398  1.3332040E-01 -3.3369257E-01
      1399  1.3398867E-01 -3.3534182E-01
      1400  1.3466030E-01 -3.3699898E-01
      1401  1.3533528E-01 -3.3866409E-01
      1402  1.3601365E-01 -3.4033719E-01
      1403  1.3669543E-01 -3.4201830E-01
      1404  1.3738061E-01 -3.4370746E-01
      1405  1.3806924E-01 -3.4540471E-01
      1406  1.3876131E-01 -3.4711009E-01
      1407  1.3945686E-01 -3.4882361E-01
      1408  1.4015589E-01 -3.5054534E-01
      1409  1.4085842E-01 -3.5227528E-01
      1410  1.4156448E-01 -3.5401349E-01
      1411  1.4227407E-01 -3.5576000E-01
      1412  1.4298722E-01 -3.5751484E-01
      1413  1.4370395E-01 -3.5927805E-01
      1414  1.4442427E-01 -3.6104966E-01
      1415  1.4514820E-01 -3.6282971E-01
      1416  1.4587576E-01 -3.6461824E-01
      1417  1.4660696E-01 -3.6641528E-01
      1418  1.4734183E-01 -3.6822086E-01
      1419  1.4808039E-01 -3.7003503E-01
      1420  1.4882264E-01 -3.7185781E-01
      1421  1.4956862E-01 -3.7368925E-01
      1422  1.5031834E-01 -3.7552938E-01
      1423  1.5107181E-01 -3.7737823E-01
      1424  1.5182906E-01 -3.7923585E-01
      1425  1.5259011E-01 -3.8110227E-01
      1426  1.5335497E-01 -3.8297752E-01
      1427  1.5412366E-01 -3.8486165E-01
      1428  1.5489621E-01 -3.8675469E-01
      1429  1.5567263E-01 -3.8865667E-01
      1430  1.5645294E-01 -3.9056763E-01
      1431  1.5723717E-01 -3.9248761E-01
      1432  1.5802532E-01 -3.9441665E-01
      1433  1.5881743E-01 -3.9635478E-01
      1434  1.5961350E-01 -3.9830204E-01
      1435  1.6041357E-01 -4.0025846E-01
      1436  1.6121764E-01 -4.0222409E-01
      1437  1.6202575E-01 -4.0419896E-01
      1438  1.6283791E-01 -4.0618311E-01
      1439  1.6365414E-01 -4.0817657E-01
      1440  1.6447446E-01 -4.1017938E-01
      1441  1.6529889E-01 -4.1219158E-01
      1442  1.6612745E-01 -4.1421321E-01
      1443  1.6696017E-01 -4.1624431E-01
      1444  1.6779706E-01 -4.1828490E-01
      1445  1.6863815E-01 -4.2033504E-01
      1446  1.6948345E-01 -4.2239475E-01
      1447  1.7033299E-01 -4.2446407E-01
      1448  1.7118679E-01 -4.2654304E-01
      1449  1.7204486E-01 -4.2863171E-01
      1450  1.7290724E-01 -4.3073010E-01
      1451  1.7377394E-01 -4.3283825E-01
      1452  1.7464499E-01 -4.3495621E-01
      1453  1.7552040E-01 -4.3708400E-01
      1454  1.7640020E-01 -4.3922168E-01
      1455  1.7728441E-01 -4.4136926E-01
      1456  1.7817305E-01 -4.4352680E-01
      1457  1.7906615E-01 -4.4569433E-01
      1458  1.7996372E-01 -4.4787189E-01
      1459  1.8086579E-01 -4.5005951E-01
      1460  1.8177239E-01 -4.5225724E-01
      1461  1.8268352E-01 -4.5446510E-01
      1462  1.8359923E-01 -4.5668315E-01
      1463  1.8451952E-01 -4.5891141E-01
      1464  1.8544443E-01 -4.6114993E-01
      1465  1.8637398E-01 -4.6339873E-01
      1466  1.8730818E-01 -4.6565787E-01
      1467  1.8824707E-01 -4.6792737E-01
      1468  1.8919066E-01 -4.7020728E-01
      1469  1.9013898E-01 -4.7249763E-01
      1470  1.9109206E-01 -4.7479847E-01
      1471  1.9204991E-01 -4.7710981E-01
      1472  1.9301256E-01 -4.7943172E-01
      1473  1.9398004E-01 -4.8176421E-01
      1474  1.9495237E-01 -4.8410734E-01
      1475  1.9592957E-01 -4.8646113E-01
      1476  1.9691168E-01 -4.8882563E-01
      1477  1.9789870E-01 -4.9120087E-01
      1478  1.9889067E-01 -4.9358689E-01
      1479  1.9988761E-01 -4.9598373E-01
      1480  2.0088955E-01 -4.9839142E-01
      1481  2.0189652E-01 -5.0080999E-01
      1482  2.0290853E-01 -5.0323950E-01
      1483  2.0392561E-01 -5.0567997E-01
      1484  2.0494779E-01 -5.0813145E-01
      1485  2.0597510E-01 -5.1059396E-01
      1486  2.0700755E-01 -5.1306754E-01
      1487  2.0804518E-01 -5.1555224E-01
      1488  2.0908801E-01 -5.1804808E-01
      1489  2.1013607E-01 -5.2055511E-01
      1490  2.1118938E-01 -5.2307336E-01
      1491  2.1224797E-01 -5.2560286E-01
      1492  2.1331187E-01 -5.2814366E-01
      1493  2.1438110E-01 -5.3069578E-01
      1494  2.1545569E-01 -5.3325927E-01
      1495  2.1653567E-01 -5.3583416E-01
      1496  2.1762106E-01 -5.3842048E-01
      1497  2.1871189E-01 -5.4101828E-01
      1498  2.1980818E-01 -5.4362758E-01
      1499  2.2090998E-01 -5.4624842E-01
      1500  2.2201729E-01 -5.4888083E-01
      1501  2.2313016E-01 -5.5152486E-01
      1502  2.2424860E-01 -5.5418053E-01
      1503  2.2537266E-01 -5.5684788E-01
      1504  2.2650234E-01 -5.5952694E-01
      1505  2.2763769E-01 -5.6221775E-01
      1506  2.2877873E-01 -5.6492034E-01
      1507  2.2992549E-01 -5.6763475E-01
      1508  2.3107799E-01 -5.7036100E-01
      1509  2.3223627E-01 -5.7309914E-01
      1510  2.3340036E-01 -5.7584919E-01
      1511  2.3457029E-01 -5.7861119E-01
      1512  2.3574608E-01 -5.8138516E-01
      1513  2.3692776E-01 -5.8417115E-01
      1514  2.3811536E-01 -5.8696919E-01
      1515  2.3930892E-01 -5.8977930E-01
      1516  2.4050846E-01 -5.9260151E-01
      1517  2.4171402E-01 -5.9543587E-01
      1518  2.4292561E-01 -5.9828239E-01
      1519  2.4414328E-01 -6.0114111E-01
      1520  2.4536706E-01 -6.0401207E-01
      1521  2.4659696E-01 -6.0689528E-01
      1522  2.4783304E-01 -6.0979079E-01
      1523  2.4907530E-01 -6.1269861E-01
      1524  2.5032380E-01 -6.1561879E-01
      1525  2.5157855E-01 -6.1855134E-01
      1526  2.5283960E-01 -6.2149630E-01
      1527  2.5410696E-01 -6.2445369E-01
      1528  2.5538068E-01 -6.2742354E-01
      1529  2.5666078E-01 -6.3040588E-01
      1530  2.5794729E-01 -6.3340074E-01
      1531  2.5924026E-01 -6.3640814E-01
      1532  2.6053971E-01 -6.3942812E-01
      1533  2.6184567E-01 -6.4246068E-01
      1534  2.6315818E-01 -6.4550587E-01
      1535  2.6447726E-01 -6.4856370E-01
      1536  2.6580296E-01 -6.5163420E-01
      1537  2.6713530E-01 -6.5471740E-01
      1538  2.6847432E-01 -6.5781331E-01
      1539  2.6982006E-01 -6.6092196E-01
      1540  2.7117254E-01 -6.6404338E-01
      1541  2.7253179E-01 -6.6717758E-01
      1542  2.7389786E-01 -6.7032459E-01
      1543  2.7527078E-01 -6.7348443E-01
      1544  2.7665058E-01 -6.7665711E-01
      1545  2.7803730E-01 -6.7984267E-01
      1546  2.7943097E-01 -6.8304111E-01
      1547  2.8083162E-01 -6.8625246E-01
      1548  2.8223930E-01 -6.8947674E-01
      1549  2.8365403E-01 -6.9271396E-01
      1550  2.8507585E-01 -6.9596415E-01
      1551  2.8650480E-01 -6.9922731E-01
      1552  2.8794091E-01 -7.0250346E-01
      1553  2.8938422E-01 -7.0579263E-01
      1554  2.9083476E-01 -7.0909482E-01
      1555  2.9229258E-01 -7.1241004E-01
      1556  2.9375770E-01 -7.1573832E-01
      1557  2.9523017E-01 -7.1907966E-01
      1558  2.9671001E-01 -7.2243408E-01
      1559  2.9819728E-01 -7.2580159E-01
      1560  2.9969200E-01 -7.2918220E-01
      1561  3.0119421E-01 -7.3257591E-01
      1562  3.0270395E-01 -7.3598274E-01
      1563  3.0422126E-01 -7.3940270E-01
      1564  3.0574618E-01 -7.4283579E-01
      1565  3.0727874E-01 -7.4628201E-01
      1566  3.0881898E-01 -7.4974139E-01
      1567  3.1036694E-01 -7.5321391E-01
      1568  3.1192266E-01 -7.5669959E-01
      1569  3.1348618E-01 -7.6019843E-01
      1570  3.1505754E-01 -7.6371043E-01
      1571  3.1663677E-01 -7.6723559E-01
      1572  3.1822392E-01 -7.7077392E-01
      1573  3.1981902E-01 -7.7432540E-01
      1574  3.2142212E-01 -7.7789005E-01
      1575  3.2303326E-01 -7.8146786E-01
      1576  3.2465247E-01 -7.8505882E-01
      1577  3.2627979E-01 -7.8866293E-01
      1578  3.2791528E-01 -7.9228019E-01
      1579  3.2955896E-01 -7.9591059E-01
      1580  3.3121088E-01 -7.9955412E-01
      1581  3.3287108E-01 -8.0321077E-01
      1582  3.3453961E-01 -8.0688054E-01
      1583  3.3621649E-01 -8.1056341E-01
      1584  3.3790179E-01 -8.1425937E-01
      1585  3.3959553E-01 -8.1796841E-01
      1586  3.4129776E-01 -8.2169052E-01
      1587  3.4300852E-01 -8.2542567E-01
      1588  3.4472785E-01 -8.2917385E-01
      1589  3.4645581E-01 -8.3293505E-01
      1590  3.4819243E-01 -8.3670924E-01
      1591  3.4993775E-01 -8.4049641E-01
      1592  3.5169182E-01 -8.4429653E-01
      1593  3.5345468E-01 -8.4810957E-01
      1594  3.5522638E-01 -8.5193552E-01
      1595  3.5700696E-01 -8.5577435E-01
      1596  3.5879647E-01 -8.5962602E-01
      1597  3.6059494E-01 -8.6349052E-01
      1598  3.6240243E-01 -8.6736781E-01
      1599  3.6421898E-01 -8.7125786E-01
      1600  3.6604463E-01 -8.7516063E-01
      1601  3.6787944E-01 -8.7907610E-01
      1602  3.6972344E-01 -8.8300421E-01
      1603  3.7157669E-01 -8.8694495E-01
      1604  3.7343923E-01 -8.9089826E-01
      1605  3.7531110E-01 -8.9486410E-01
      1606  3.7719235E-01 -8.9884244E-01
      1607  3.7908304E-01 -9.0283322E-01
      1608  3.8098320E-01 -9.0683640E-01
      1609  3.8289289E-01 -9.1085193E-01
      1610  3.8481214E-01 -9.1487977E-01
      1611  3.8674102E-01 -9.1891985E-01
      1612  3.8867957E-01 -9.2297213E-01
      1613  3.9062784E-01 -9.2703655E-01
      1614  3.9258587E-01 -9.3111305E-01
      1615  3.9455371E-01 -9.3520157E-01
      1616  3.9653142E-01 -9.3930206E-01
      1617  3.9851904E-01 -9.4341444E-01
      1618  4.0051663E-01 -9.4753865E-01
      1619  4.0252422E-01 -9.5167463E-01
      1620  4.0454189E-01 -9.5582230E-01
      1621  4.0656966E-01 -9.5998159E-01
      1622  4.0860760E-01 -9.6415242E-01
      1623  4.1065575E-01 -9.6833473E-01
      1624  4.1271417E-01 -9.7252843E-01
      1625  4.1478291E-01 -9.7673344E-01
      1626  4.1686202E-01 -9.8094968E-01
      1627  4.1895155E-01 -9.8517706E-01
      1628  4.2105155E-01 -9.8941550E-01
      1629  4.2316208E-01 -9.9366489E-01
      1630  4.2528319E-01 -9.9792516E-01
      1631  4.2741493E-01 -1.0021962E+00
      1632  4.2955736E-01 -1.0064779E+00
      1633  4.3171052E-01 -1.0107702E+00
      1634  4.3387448E-01 -1.0150730E+00
      1635  4.3604929E-01 -1.0193861E+00
      1636  4.3823499E-01 -1.0237095E+00
      1637  4.4043165E-01 -1.0280430E+00
      1638  4.4263933E-01 -1.0323866E+00
      1639  4.4485807E-01 -1.0367401E+00
      1640  4.4708793E-01 -1.0411033E+00
      1641  4.4932896E-01 -1.0454763E+00
      1642  4.5158123E-01 -1.0498588E+00
      1643  4.5384480E-01 -1.0542507E+00
      1644  4.5611970E-01 -1.0586519E+00
      1645  4.5840601E-01 -1.0630622E+00
      1646  4.6070378E-01 -1.0674815E+00
      1647  4.6301307E-01 -1.0719098E+00
      1648  4.6533393E-01 -1.0763467E+00
      1649  4.6766643E-01 -1.0807922E+00
      1650  4.7001061E-01 -1.0852461E+00
      1651  4.7236655E-01 -1.0897083E+00
      1652  4.7473430E-01 -1.0941787E+00
      1653  4.7711392E-01 -1.0986569E+00
      1654  4.7950546E-01 -1.1031430E+00
      1655  4.8190899E-01 -1.1076366E+00
      1656  4.8432457E-01 -1.1121377E+00
      1657  4.8675226E-01 -1.1166461E+00
      1658  4.8919211E-01 -1.1211616E+00
      1659  4.9164420E-01 -1.1256839E+00
      1660  4.9410857E-01 -1.1302130E+00
      1661  4.9658530E-01 -1.1347486E+00
      1662  4.9907445E-01 -1.1392905E+00
      1663  5.0157607E-01 -1.1438386E+00
      1664  5.0409023E-01 -1.1483926E+00
      1665  5.0661699E-01 -1.1529522E+00
      1666  5.0915642E-01 -1.1575174E+00
      1667  5.1170858E-01 -1.1620879E+00
      1668  5.1427353E-01 -1.1666635E+00
      1669  5.1685133E-01 -1.1712438E+00
      1670  5.1944206E-01 -1.1758288E+00
      1671  5.2204578E-01 -1.1804182E+00
      1672  5.2466254E-01 -1.1850117E+00
      1673  5.2729242E-01 -1.1896091E+00
      1674  5.2993549E-01 -1.1942102E+00
      1675  5.3259180E-01 -1.1988146E+00
      1676  5.3526143E-01 -1.2034222E+00
      1677  5.3794444E-01 -1.2080327E+00
      1678  5.4064090E-01 -1.2126458E+00
      1679  5.4335087E-01 -1.2172612E+00
      1680  5.4607443E-01 -1.2218787E+00
      1681  5.4881164E-01 -1.2264979E+00
      1682  5.5156257E-01 -1.2311186E+00
      1683  5.5432728E-01 -1.2357406E+00
      1684  5.5710586E-01 -1.2403634E+00
      1685  5.5989837E-01 -1.2449868E+00
      1686  5.6270487E-01 -1.2496105E+00
      1687  5.6552544E-01 -1.2542342E+00
      1688  5.6836015E-01 -1.2588575E+00
      1689  5.7120906E-01 -1.2634802E+00
      1690  5.7407226E-01 -1.2681018E+00
      1691  5.7694981E-01 -1.2727221E+00
      1692  5.7984178E-01 -1.2773407E+00
      1693  5.8274825E-01 -1.2819573E+00
      1694  5.8566929E-01 -1.2865715E+00
      1695  5.8860497E-01 -1.2911829E+00
      1696  5.9155536E-01 -1.2957912E+00
      1697  5.9452055E-01 -1.3003960E+00
      1698  5.9750059E-01 -1.3049969E+00
      1699  6.0049558E-01 -1.3095936E+00
      1700  6.0350558E-01 -1.3141856E+00
      1701  6.0653066E-01 -1.3187725E+00
      1702  6.0957091E-01 -1.3233540E+00
      1703  6.1262639E-01 -1.3279296E+00
      1704  6.1569720E-01 -1.3324989E+00
      1705  6.1878339E-01 -1.3370615E+00
      1706  6.2188506E-01 -1.3416169E+00
      1707  6.2500227E-01 -1.3461647E+00
      1708  6.2813511E-01 -1.3507045E+00
      1709  6.3128365E-01 -1.3552357E+00
      1710  6.3444797E-01 -1.3597580E+00
      1711  6.3762815E-01 -1.3642709E+00
      1712  6.4082428E-01 -1.3687738E+00
      1713  6.4403642E-01 -1.3732663E+00
      1714  6.4726467E-01 -1.3777480E+00
      1715  6.5050909E-01 -1.3822182E+00
      1716  6.5376979E-01 -1.3866765E+00
      1717  6.5704682E-01 -1.3911225E+00
      1718  6.6034028E-01 -1.3955554E+00
      1719  6.6365025E-01 -1.3999750E+00
      1720  6.6697681E-01 -1.4043804E+00
      1721  6.7032005E-01 -1.4087714E+00
      1722  6.7368004E-01 -1.4131472E+00
      1723  6.7705687E-01 -1.4175073E+00
      1724  6.8045064E-01 -1.4218511E+00
      1725  6.8386141E-01 -1.4261781E+00
      1726  6.8728928E-01 -1.4304877E+00
      1727  6.9073433E-01 -1.4347792E+00
      1728  6.9419665E-01 -1.4390521E+00
      1729  6.9767633E-01 -1.4433057E+00
      1730  7.0117344E-01 -1.4475394E+00
      1731  7.0468809E-01 -1.4517527E+00
      1732  7.0822035E-01 -1.4559447E+00
      1733  7.1177032E-01 -1.4601149E+00
      1734  7.1533809E-01 -1.4642626E+00
      1735  7.1892373E-01 -1.4683872E+00
      1736  7.2252735E-01 -1.4724879E+00
      1737  7.2614904E-01 -1.4765641E+00
      1738  7.2978887E-01 -1.4806150E+00
      1739  7.3344696E-01 -1.4846400E+00
      1740  7.3712337E-01 -1.4886384E+00
      1741  7.4081822E-01 -1.4926093E+00
      1742  7.4453159E-01 -1.4965521E+00
      1743  7.4826357E-01 -1.5004660E+00
      1744  7.5201425E-01 -1.5043502E+00
      1745  7.5578374E-01 -1.5082040E+00
      1746  7.5957212E-01 -1.5120266E+00
      1747  7.6337949E-01 -1.5158172E+00
      1748  7.6720595E-01 -1.5195749E+00
      1749  7.7105159E-01 -1.5232991E+00
      1750  7.7491650E-01 -1.5269888E+00
      1751  7.7880078E-01 -1.5306432E+00
      1752  7.8270454E-01 -1.5342615E+00
      1753  7.8662786E-01 -1.5378428E+00
      1754  7.9057085E-01 -1.5413863E+00
      1755  7.9453360E-01 -1.5448910E+00
      1756  7.9851622E-01 -1.5483561E+00
      1757  8.0251880E-01 -1.5517806E+00
      1758  8.0654144E-01 -1.5551638E+00
      1759  8.1058425E-01 -1.5585045E+00
      1760  8.1464732E-01 -1.5618020E+00
      1761  8.1873075E-01 -1.5650552E+00
      1762  8.2283466E-01 -1.5682633E+00
      1763  8.2695913E-01 -1.5714251E+00
      1764  8.3110428E-01 -1.5745398E+00
      1765  8.3527021E-01 -1.5776064E+00
      1766  8.3945702E-01 -1.5806238E+00
      1767  8.4366482E-01 -1.5835910E+00
      1768  8.4789370E-01 -1.5865070E+00
      1769  8.5214379E-01 -1.5893708E+00
      1770  8.5641518E-01 -1.5921813E+00
      1771  8.6070798E-01 -1.5949374E+00
      1772  8.6502229E-01 -1.5976381E+00
      1773  8.6935824E-01 -1.6002823E+00
      1774  8.7371591E-01 -1.6028688E+00
      1775  8.7809543E-01 -1.6053967E+00
      1776  8.8249690E-01 -1.6078646E+00
      1777  8.8692044E-01 -1.6102716E+00
      1778  8.9136614E-01 -1.6126164E+00
      1779  8.9583414E-01 -1.6148978E+00
      1780  9.0032452E-01 -1.6171148E+00
      1781  9.0483742E-01 -1.6192662E+00
      1782  9.0937293E-01 -1.6213506E+00
      1783  9.1393119E-01 -1.6233670E+00
      1784  9.1851228E-01 -1.6253141E+00
      1785  9.2311635E-01 -1.6271906E+00
      1786  9.2774349E-01 -1.6289953E+00
      1787  9.3239382E-01 -1.6307270E+00
      1788  9.3706746E-01 -1.6323844E+00
      1789  9.4176453E-01 -1.6339662E+00
      1790  9.4648515E-01 -1.6354710E+00
      1791  9.5122942E-01 -1.6368977E+00
      1792  9.5599748E-01 -1.6382448E+00
      1793  9.6078944E-01 -1.6395111E+00
      1794  9.6560542E-01 -1.6406951E+00
      1795  9.7044553E-01 -1.6417956E+00
      1796  9.7530991E-01 -1.6428111E+00
      1797  9.8019867E-01 -1.6437403E+00
      1798  9.8511194E-01 -1.6445818E+00
      1799  9.9004983E-01 -1.6453342E+00
      1800  9.9501248E-01 -1.6459961E+00
      1801  1.0000000E+00 -1.6465660E+00
      1802  1.0050125E+00 -1.6470425E+00
      1803  1.0100502E+00 -1.6474242E+00
      1804  1.0151131E+00 -1.6477096E+00
      1805  1.0202013E+00 -1.6478972E+00
      1806  1.0253151E+00 -1.6479855E+00
      1807  1.0304545E+00 -1.6479731E+00
      1808  1.0356197E+00 -1.6478584E+00
      1809  1.0408108E+00 -1.6476400E+00
      1810  1.0460279E+00 -1.6473162E+00
      1811  1.0512711E+00 -1.6468856E+00
      1812  1.0565406E+00 -1.6463467E+00
      1813  1.0618365E+00 -1.6456978E+00
      1814  1.0671590E+00 -1.6449374E+00
      1815  1.0725082E+00 -1.6440640E+00
      1816  1.0778842E+00 -1.6430759E+00
      1817  1.0832871E+00 -1.6419716E+00
      1818  1.0887171E+00 -1.6407494E+00
      1819  1.0941743E+00 -1.6394078E+00
      1820  1.0996589E+00 -1.6379451E+00
      1821  1.1051709E+00 -1.6363597E+00
      1822  1.1107106E+00 -1.6346500E+00
      1823  1.1162781E+00 -1.6328144E+00
      1824  1.1218734E+00 -1.6308512E+00
      1825  1.1274969E+00 -1.6287587E+00
      1826  1.1331485E+00 -1.6265353E+00
      1827  1.1388284E+00 -1.6241794E+00
      1828  1.1445368E+00 -1.6216892E+00
      1829  1.1502738E+00 -1.6190631E+00
      1830  1.1560396E+00 -1.6162994E+00
      1831  1.1618342E+00 -1.6133965E+00
      1832  1.1676580E+00 -1.6103526E+00
      1833  1.1735109E+00 -1.6071661E+00
      1834  1.1793931E+00 -1.6038352E+00
      1835  1.1853049E+00 -1.6003584E+00
      1836  1.1912462E+00 -1.5967338E+00
      1837  1.1972174E+00 -1.5929599E+00
      1838  1.2032184E+00 -1.5890348E+00
      1839  1.2092496E+00 -1.5849570E+00
      1840  1.2153110E+00 -1.5807246E+00
      1841  1.2214028E+00 -1.5763361E+00
      1842  1.2275251E+00 -1.5717897E+00
      1843  1.2336781E+00 -1.5670838E+00
      1844  1.2398619E+00 -1.5622166E+00
      1845  1.2460767E+00 -1.5571865E+00
      1846  1.2523227E+00 -1.5519919E+00
      1847  1.2586000E+00 -1.5466309E+00
      1848  1.2649088E+00 -1.5411020E+00
      1849  1.2712492E+00 -1.5354036E+00
      1850  1.2776213E+00 -1.5295339E+00
      1851  1.2840254E+00 -1.5234913E+00
      1852  1.2904616E+00 -1.5172742E+00
      1853  1.2969301E+00 -1.5108810E+00
      1854  1.3034310E+00 -1.5043101E+00
      1855  1.3099645E+00 -1.4975598E+00
      1856  1.3165307E+00 -1.4906286E+00
      1857  1.3231298E+00 -1.4835149E+00
      1858  1.3297620E+00 -1.4762172E+00
      1859  1.3364275E+00 -1.4687340E+00
      1860  1.3431264E+00 -1.4610636E+00
      1861  1.3498588E+00 -1.4532047E+00
      1862  1.3566250E+00 -1.4451556E+00
      1863  1.3634251E+00 -1.4369151E+00
      1864  1.3702593E+00 -1.4284815E+00
      1865  1.3771278E+00 -1.4198536E+00
      1866  1.3840306E+00 -1.4110299E+00
      1867  1.3909681E+00 -1.4020091E+00
      1868  1.3979404E+00 -1.3927898E+00
      1869  1.4049476E+00 -1.3833707E+00
      1870  1.4119899E+00 -1.3737505E+00
      1871  1.4190675E+00 -1.3639280E+00
      1872  1.4261807E+00 -1.3539020E+00
      1873  1.4333294E+00 -1.3436713E+00
      1874  1.4405140E+00 -1.3332347E+00
      1875  1.4477346E+00 -1.3225911E+00
      1876  1.4549914E+00 -1.3117396E+00
      1877  1.4622846E+00 -1.3006789E+00
      1878  1.4696143E+00 -1.2894082E+00
      1879  1.4769808E+00 -1.2779266E+00
      1880  1.4843842E+00 -1.2662330E+00
      1881  1.4918247E+00 -1.2543268E+00
      1882  1.4993025E+00 -1.2422070E+00
      1883  1.5068178E+00 -1.2298729E+00
      1884  1.5143707E+00 -1.2173238E+00
      1885  1.5219616E+00 -1.2045592E+00
      1886  1.5295904E+00 -1.1915783E+00
      1887  1.5372575E+00 -1.1783807E+00
      1888  1.5449631E+00 -1.1649660E+00
      1889  1.5527072E+00 -1.1513337E+00
      1890  1.5604902E+00 -1.1374834E+00
      1891  1.5683122E+00 -1.1234150E+00
      1892  1.5761734E+00 -1.1091282E+00
      1893  1.5840740E+00 -1.0946229E+00
      1894  1.5920142E+00 -1.0798990E+00
      1895  1.5999942E+00 -1.0649567E+00
      1896  1.6080142E+00 -1.0497958E+00
      1897  1.6160744E+00 -1.0344168E+00
      1898  1.6241750E+00 -1.0188198E+00
      1899  1.6323162E+00 -1.0030052E+00
      1900  1.6404982E+00 -9.8697337E-01
      1901  1.6487213E+00 -9.7072494E-01
      1902  1.6569855E+00 -9.5426050E-01
      1903  1.6652912E+00 -9.3758079E-01
      1904  1.6736385E+00 -9.2068662E-01
      1905  1.6820276E+00 -9.0357893E-01
      1906  1.6904588E+00 -8.8625873E-01
      1907  1.6989323E+00 -8.6872718E-01
      1908  1.7074482E+00 -8.5098552E-01
      1909  1.7160069E+00 -8.3303511E-01
      1910  1.7246084E+00 -8.1487744E-01
      1911  1.7332530E+00 -7.9651408E-01
      1912  1.7419410E+00 -7.7794678E-01
      1913  1.7506725E+00 -7.5917735E-01
      1914  1.7594478E+00 -7.4020779E-01
      1915  1.7682671E+00 -7.2104018E-01
      1916  1.7771305E+00 -7.0167677E-01
      1917  1.7860384E+00 -6.8211992E-01
      1918  1.7949910E+00 -6.6237214E-01
      1919  1.8039884E+00 -6.4243610E-01
      1920  1.8130309E+00 -6.2231458E-01
      1921  1.8221188E+00 -6.0201054E-01
      1922  1.8312522E+00 -5.8152708E-01
      1923  1.8404314E+00 -5.6086746E-01
      1924  1.8496566E+00 -5.4003509E-01
      1925  1.8589280E+00 -5.1903355E-01
      1926  1.8682460E+00 -4.9786659E-01
      1927  1.8776106E+00 -4.7653810E-01
      1928  1.8870221E+00 -4.5505218E-01
      1929  1.8964809E+00 -4.3341308E-01
      1930  1.9059870E+00 -4.1162523E-01
      1931  1.9155408E+00 -3.8969325E-01
      1932  1.9251425E+00 -3.6762193E-01
      1933  1.9347923E+00 -3.4541626E-01
      1934  1.9444905E+00 -3.2308142E-01
      1935  1.9542373E+00 -3.0062276E-01
      1936  1.9640330E+00 -2.7804586E-01
      1937  1.9738777E+00 -2.5535647E-01
      1938  1.9837718E+00 -2.3256056E-01
      1939  1.9937155E+00 -2.0966430E-01
      1940  2.0037091E+00 -1.8667405E-01
      1941  2.0137527E+00 -1.6359641E-01
      1942  2.0238467E+00 -1.4043817E-01
      1943  2.0339913E+00 -1.1720635E-01
      1944  2.0441867E+00 -9.3908164E-02
      1945  2.0544332E+00 -7.0551074E-02
      1946  2.0647311E+00 -4.7142748E-02
      1947  2.0750806E+00 -2.3691082E-02
      1948  2.0854820E+00 -2.0419658E-04
      1949  2.0959355E+00  2.3309557E-02
      1950  2.1064414E+00  4.6841600E-02
      1951  2.1170000E+00  7.0383119E-02
      1952  2.1276115E+00  9.3925073E-02
      1953  2.1382762E+00  1.1745818E-01
      1954  2.1489944E+00  1.4097293E-01
      1955  2.1597663E+00  1.6445957E-01
      1956  2.1705921E+00  1.8790811E-01
      1957  2.1814723E+00  2.1130833E-01
      1958  2.1924069E+00  2.3464977E-01
      1959  2.2033964E+00  2.5792173E-01
      1960  2.2144410E+00  2.8111327E-01
      1961  2.2255409E+00  3.0421321E-01
      1962  2.2366965E+00  3.2721014E-01
      1963  2.2479080E+00  3.5009243E-01
      1964  2.2591757E+00  3.7284818E-01
      1965  2.2704998E+00  3.9546530E-01
      1966  2.2818808E+00  4.1793142E-01
      1967  2.2933187E+00  4.4023400E-01
      1968  2.3048140E+00  4.6236022E-01
      1969  2.3163670E+00  4.8429708E-01
      1970  2.3279778E+00  5.0603135E-01
      1971  2.3396469E+00  5.2754957E-01
      1972  2.3513744E+00  5.4883808E-01
      1973  2.3631607E+00  5.6988303E-01
      1974  2.3750061E+00  5.9067036E-01
      1975  2.3869109E+00  6.1118581E-01
      1976  2.3988753E+00  6.3141494E-01
      1977  2.4108997E+00  6.5134314E-01
      1978  2.4229844E+00  6.7095561E-01
      1979  2.4351297E+00  6.9023741E-01
      1980  2.4473358E+00  7.0917342E-01
      1981  2.4596031E+00  7.2774839E-01
      1982  2.4719319E+00  7.4594695E-01
      1983  2.4843225E+00  7.6375357E-01
      1984  2.4967753E+00  7.8115266E-01
      1985  2.5092904E+00  7.9812848E-01
      1986  2.5218683E+00  8.1466524E-01
      1987  2.5345092E+00  8.3074706E-01
      1988  2.5472135E+00  8.4635804E-01
      1989  2.5599814E+00  8.6148219E-01
      1990  2.5728134E+00  8.7610354E-01
      1991  2.5857097E+00  8.9020609E-01
      1992  2.5986706E+00  9.0377388E-01
      1993  2.6116965E+00  9.1679097E-01
      1994  2.6247877E+00  9.2924148E-01
      1995  2.6379445E+00  9.4110961E-01
      1996  2.6511672E+00  9.5237967E-01
      1997  2.6644562E+00  9.6303609E-01
      1998  2.6778119E+00  9.7306345E-01
      1999  2.6912345E+00  9.8244654E-01
      2000  2.7047243E+00  9.9117034E-01
      2001  2.7182818E+00  9.9922006E-01
      2002  2.7319073E+00  1.0065812E+00
      2003  2.7456010E+00  1.0132395E+00
      2004  2.7593634E+00  1.0191812E+00
      2005  2.7731948E+00  1.0243926E+00
      2006  2.7870955E+00  1.0288606E+00
      2007  2.8010658E+00  1.0325722E+00
      2008  2.8151062E+00  1.0355151E+00
      2009  2.8292170E+00  1.0376773E+00
      2010  2.8433985E+00  1.0390472E+00
      2011  2.8576511E+00  1.0396137E+00
      2012  2.8719752E+00  1.0393663E+00
      2013  2.8863710E+00  1.0382948E+00
      2014  2.9008390E+00  1.0363897E+00
      2015  2.9153795E+00  1.0336421E+00
      2016  2.9299929E+00  1.0300437E+00
      2017  2.9446796E+00  1.0255866E+00
      2018  2.9594398E+00  1.0202638E+00
      2019  2.9742741E+00  1.0140688E+00
      2020  2.9891827E+00  1.0069960E+00
      2021  3.0041660E+00  9.9904027E-01
      2022  3.0192245E+00  9.9019739E-01
      2023  3.0343584E+00  9.8046389E-01
      2024  3.0495682E+00  9.6983707E-01
      2025  3.0648542E+00  9.5831506E-01
      2026  3.0802168E+00  9.4589685E-01
      2027  3.0956565E+00  9.3258231E-01
      2028  3.1111735E+00  9.1837221E-01
      2029  3.1267684E+00  9.0326821E-01
      2030  3.1424414E+00  8.8727297E-01
      2031  3.1581929E+00  8.7039009E-01
      2032  3.1740234E+00  8.5262419E-01
      2033  3.1899333E+00  8.3398089E-01
      2034  3.2059229E+00  8.1446685E-01
      2035  3.2219926E+00  7.9408983E-01
      2036  3.2381429E+00  7.7285865E-01
      2037  3.2543742E+00  7.5078323E-01
      2038  3.2706868E+00  7.2787463E-01
      2039  3.2870812E+00  7.0414506E-01
      2040  3.3035578E+00  6.7960790E-01
      2041  3.3201169E+00  6.5427769E-01
      2042  3.3367591E+00  6.2817018E-01
      2043  3.3534847E+00  6.0130233E-01
      2044  3.3702941E+00  5.7369234E-01
      2045  3.3871877E+00  5.4535963E-01
      2046  3.4041661E+00  5.1632489E-01
      2047  3.4212295E+00  4.8661005E-01
      2048  3.4383785E+00  4.5623832E-01
      2049  3.4556135E+00  4.2523419E-01
      2050  3.4729348E+00  3.9362342E-01
      2051  3.4903430E+00  3.6143306E-01
      2052  3.5078384E+00  3.2869144E-01
      2053  3.5254215E+00  2.9542817E-01
      2054  3.5430927E+00  2.6167415E-01
      2055  3.5608526E+00  2.2746155E-01
      2056  3.5787014E+00  1.9282382E-01
      2057  3.5966397E+00  1.5779566E-01
      2058  3.6146680E+00  1.2241303E-01
      2059  3.6327866E+00  8.6713096E-02
      2060  3.6509960E+00  5.0734277E-02
      2061  3.6692967E+00  1.4516172E-02
      2062  3.6876891E+00 -2.1900438E-02
      2063  3.7061737E+00 -5.8473622E-02
      2064  3.7247510E+00 -9.5160326E-02
      2065  3.7434214E+00 -1.3191640E-01
      2066  3.7621854E+00 -1.6869662E-01
      2067  3.7810434E+00 -2.0545477E-01
      2068  3.7999959E+00 -2.4214361E-01
      2069  3.8190435E+00 -2.7871500E-01
      2070  3.8381865E+00 -3.1511988E-01
      2071  3.8574255E+00 -3.5130833E-01
      2072  3.8767610E+00 -3.8722968E-01
      2073  3.8961933E+00 -4.2283248E-01
      2074  3.9157231E+00 -4.5806464E-01
      2075  3.9353507E+00 -4.9287342E-01
      2076  3.9550767E+00 -5.2720558E-01
      2077  3.9749016E+00 -5.6100736E-01
      2078  3.9948259E+00 -5.9422461E-01
      2079  4.0148501E+00 -6.2680287E-01
      2080  4.0349746E+00 -6.5868743E-01
      2081  4.0552000E+00 -6.8982343E-01
      2082  4.0755267E+00 -7.2015590E-01
      2083  4.0959554E+00 -7.4962994E-01
      2084  4.1164865E+00 -7.7819075E-01
      2085  4.1371204E+00 -8.0578374E-01
      2086  4.1578578E+00 -8.3235462E-01
      2087  4.1786992E+00 -8.5784956E-01
      2088  4.1996450E+00 -8.8221524E-01
      2089  4.2206958E+00 -9.0539900E-01
      2090  4.2418521E+00 -9.2734889E-01
      2091  4.2631145E+00 -9.4801388E-01
      2092  4.2844835E+00 -9.6734394E-01
      2093  4.3059595E+00 -9.8529015E-01
      2094  4.3275432E+00 -1.0018048E+00
      2095  4.3492351E+00 -1.0168415E+00
      2096  4.3710358E+00 -1.0303557E+00
      2097  4.3929457E+00 -1.0423039E+00
      2098  4.4149654E+00 -1.0526449E+00
      2099  4.4370955E+00 -1.0613391E+00
      2100  4.4593366E+00 -1.0683491E+00
      2101  4.4816891E+00 -1.0736396E+00
      2102  4.5041536E+00 -1.0771776E+00
      2103  4.5267308E+00 -1.0789325E+00
      2104  4.5494211E+00 -1.0788764E+00
      2105  4.5722252E+00 -1.0769841E+00
      2106  4.5951436E+00 -1.0732332E+00
      2107  4.6181768E+00 -1.0676044E+00
      2108  4.6413255E+00 -1.0600815E+00
      2109  4.6645903E+00 -1.0506515E+00
      2110  4.6879716E+00 -1.0393048E+00
      2111  4.7114702E+00 -1.0260354E+00
      2112  4.7350865E+00 -1.0108408E+00
      2113  4.7588212E+00 -9.9372259E-01
      2114  4.7826749E+00 -9.7468583E-01
      2115  4.8066482E+00 -9.5373984E-01
      2116  4.8307416E+00 -9.3089798E-01
      2117  4.8549558E+00 -9.0617781E-01
      2118  4.8792914E+00 -8.7960114E-01
      2119  4.9037489E+00 -8.5119421E-01
      2120  4.9283291E+00 -8.2098776E-01
      2121  4.9530324E+00 -7.8901701E-01
      2122  4.9778596E+00 -7.5532175E-01
      2123  5.0028112E+00 -7.1994650E-01
      2124  5.0278879E+00 -6.8294046E-01
      2125  5.0530903E+00 -6.4435754E-01
      2126  5.0784190E+00 -6.0425639E-01
      2127  5.1038747E+00 -5.6270047E-01
      2128  5.1294580E+00 -5.1975801E-01
      2129  5.1551695E+00 -4.7550196E-01
      2130  5.1810099E+00 -4.3000998E-01
      2131  5.2069798E+00 -3.8336448E-01
      2132  5.2330799E+00 -3.3565246E-01
      2133  5.2593108E+00 -2.8696548E-01
      2134  5.2856732E+00 -2.3739958E-01
      2135  5.3121678E+00 -1.8705516E-01
      2136  5.3387951E+00 -1.3603692E-01
      2137  5.3655560E+00 -8.4453606E-02
      2138  5.3924509E+00 -3.2417974E-02
      2139  5.4194807E+00  1.9953434E-02
      2140  5.4466460E+00  7.2540482E-02
      2141  5.4739474E+00  1.2521964E-01
      2142  5.5013857E+00  1.7786420E-01
      2143  5.5289615E+00  2.3034454E-01
      2144  5.5566755E+00  2.8252839E-01
      2145  5.5845285E+00  3.3428110E-01
      2146  5.6125210E+00  3.8546593E-01
      2147  5.6406539E+00  4.3594441E-01
      2148  5.6689278E+00  4.8557671E-01
      2149  5.6973434E+00  5.3422190E-01
      2150  5.7259015E+00  5.8173836E-01
      2151  5.7546027E+00  6.2798427E-01
      2152  5.7834477E+00  6.7281794E-01
      2153  5.8124374E+00  7.1609827E-01
      2154  5.8415724E+00  7.5768511E-01
      2155  5.8708534E+00  7.9743984E-01
      2156  5.9002811E+00  8.3522589E-01
      2157  5.9298564E+00  8.7090909E-01
      2158  5.9595799E+00  9.0435815E-01
      2159  5.9894525E+00  9.3544534E-01
      2160  6.0194747E+00  9.6404701E-01
      2161  6.0496475E+00  9.9004397E-01
      2162  6.0799714E+00  1.0133220E+00
      2163  6.1104474E+00  1.0337727E+00
      2164  6.1410762E+00  1.0512937E+00
      2165  6.1718584E+00  1.0657896E+00
      2166  6.2027950E+00  1.0771719E+00
      2167  6.2338867E+00  1.0853600E+00
      2168  6.2651341E+00  1.0902820E+00
      2169  6.2965383E+00  1.0918746E+00
      2170  6.3280998E+00  1.0900839E+00
      2171  6.3598195E+00  1.0848658E+00
      2172  6.3916983E+00  1.0761870E+00
      2173  6.4237368E+00  1.0640249E+00
      2174  6.4559359E+00  1.0483680E+00
      2175  6.4882964E+00  1.0292166E+00
      2176  6.5208191E+00  1.0065836E+00
      2177  6.5535049E+00  9.8049404E-01
      2178  6.5863544E+00  9.5098561E-01
      2179  6.6193687E+00  9.1810942E-01
      2180  6.6525484E+00  8.8193002E-01
      2181  6.6858944E+00  8.4252540E-01
      2182  6.7194076E+00  7.9998721E-01
      2183  6.7530888E+00  7.5442104E-01
      2184  6.7869388E+00  7.0594650E-01
      2185  6.8209585E+00  6.5469696E-01
      2186  6.8551487E+00  6.0081954E-01
      2187  6.8895102E+00  5.4447516E-01
      2188  6.9240441E+00  4.8583832E-01
      2189  6.9587510E+00  4.2509666E-01
      2190  6.9936319E+00  3.6245068E-01
      2191  7.0286876E+00  2.9811343E-01
      2192  7.0639190E+00  2.3231008E-01
      2193  7.0993271E+00  1.6527713E-01
      2194  7.1349126E+00  9.7261938E-02
      2195  7.1706765E+00  2.8522030E-02
      2196  7.2066197E+00 -4.0675748E-02
      2197  7.2427430E+00 -1.1005612E-01
      2198  7.2790474E+00 -1.7933627E-01
      2199  7.3155338E+00 -2.4822682E-01
      2200  7.3522030E+00 -3.1643311E-01
      2201  7.3890561E+00 -3.8365621E-01
      2202  7.4260939E+00 -4.4959413E-01
      2203  7.4633173E+00 -5.1394321E-01
      2204  7.5007274E+00 -5.7639965E-01
      2205  7.5383249E+00 -6.3666073E-01
      2206  7.5761109E+00 -6.9442622E-01
      2207  7.6140864E+00 -7.4940009E-01
      2208  7.6522521E+00 -8.0129235E-01
      2209  7.6906092E+00 -8.4982029E-01
      2210  7.7291585E+00 -8.9471006E-01
      2211  7.7679011E+00 -9.3569862E-01
      2212  7.8068379E+00 -9.7253569E-01
      2213  7.8459698E+00 -1.0049850E+00
      2214  7.8852979E+00 -1.0328259E+00
      2215  7.9248231E+00 -1.0558554E+00
      2216  7.9645465E+00 -1.0738900E+00
      2217  8.0044689E+00 -1.0867670E+00
      2218  8.0445915E+00 -1.0943457E+00
      2219  8.0849152E+00 -1.0965096E+00
      2220  8.1254410E+00 -1.0931678E+00
      2221  8.1661699E+00 -1.0842563E+00
      2222  8.2071030E+00 -1.0697385E+00
      2223  8.2482413E+00 -1.0496074E+00
      2224  8.2895858E+00 -1.0238865E+00
      2225  8.3311375E+00 -9.9263035E-01
      2226  8.3728975E+00 -9.5592493E-01
      2227  8.4148668E+00 -9.1388897E-01
      2228  8.4570465E+00 -8.6667453E-01
      2229  8.4994376E+00 -8.1446652E-01
      2230  8.5420412E+00 -7.5748277E-01
      2231  8.5848584E+00 -6.9597422E-01
      2232  8.6278902E+00 -6.3022483E-01
      2233  8.6711377E+00 -5.6055026E-01
      2234  8.7146019E+00 -4.8729710E-01
      2235  8.7582840E+00 -4.1084211E-01
      2236  8.8021851E+00 -3.3159103E-01
      2237  8.8463063E+00 -2.4997644E-01
      2238  8.8906486E+00 -1.6645610E-01
      2239  8.9352131E+00 -8.1511077E-02
      2240  8.9800011E+00  4.3566711E-03
      2241  9.0250135E+00  9.0627121E-02
      2242  9.0702516E+00  1.7676480E-01
      2243  9.1157164E+00  2.6222175E-01
      2244  9.1614091E+00  3.4644116E-01
      2245  9.2073309E+00  4.2886070E-01
      2246  9.2534828E+00  5.0891596E-01
      2247  9.2998661E+00  5.8604438E-01
      2248  9.3464819E+00  6.5968987E-01
      2249  9.3933313E+00  7.2930644E-01
      2250  9.4404156E+00  7.9436212E-01
      2251  9.4877358E+00  8.5434354E-01
      2252  9.5352933E+00  9.0876123E-01
      2253  9.5830892E+00  9.5715304E-01
      2254  9.6311246E+00  9.9908818E-01
      2255  9.6794008E+00  1.0341720E+00
      2256  9.7279190E+00  1.0620512E+00
      2257  9.7766804E+00  1.0824169E+00
      2258  9.8256862E+00  1.0950079E+00
      2259  9.8749377E+00  1.0996151E+00
      2260  9.9244360E+00  1.0960861E+00
      2261  9.9741825E+00  1.0843270E+00
      2262  1.0024178E+01  1.0643045E+00
      2263  1.0074425E+01  1.0360494E+00
      2264  1.0124923E+01  9.9965934E-01
      2265  1.0175674E+01  9.5529896E-01
      2266  1.0226680E+01  9.0320050E-01
      2267  1.0277942E+01  8.4366491E-01
      2268  1.0329460E+01  7.7706286E-01
      2269  1.0381237E+01  7.0383229E-01
      2270  1.0433273E+01  6.2447692E-01
      2271  1.0485570E+01  5.3956486E-01
      2272  1.0538129E+01  4.4972659E-01
      2273  1.0590951E+01  3.5565021E-01
      2274  1.0644039E+01  2.5807738E-01
      2275  1.0697392E+01  1.5779919E-01
      2276  1.0751013E+01  5.5650678E-02
      2277  1.0804903E+01 -4.7496004E-02
      2278  1.0859063E+01 -1.5073805E-01
      2279  1.0913494E+01 -2.5314896E-01
      2280  1.0968198E+01 -3.5378714E-01
      2281  1.1023176E+01 -4.5170435E-01
      2282  1.1078430E+01 -5.4595398E-01
      2283  1.1133961E+01 -6.3560013E-01
      2284  1.1189770E+01 -7.1972870E-01
      2285  1.1245859E+01 -7.9745633E-01
      2286  1.1302229E+01 -8.6793936E-01
      2287  1.1358882E+01 -9.3038393E-01
      2288  1.1415819E+01 -9.8405814E-01
      2289  1.1473041E+01 -1.0282999E+00
      2290  1.1530550E+01 -1.0625253E+00
      2291  1.1588347E+01 -1.0862376E+00
      2292  1.1646434E+01 -1.0990390E+00
      2293  1.1704812E+01 -1.1006354E+00
      2294  1.1763482E+01 -1.0908419E+00
      2295  1.1822447E+01 -1.0695902E+00
      2296  1.1881707E+01 -1.0369356E+00
      2297  1.1941264E+01 -9.9305833E-01
      2298  1.2001120E+01 -9.3826473E-01
      2299  1.2061276E+01 -8.7298923E-01
      2300  1.2121734E+01 -7.9779666E-01
      2301  1.2182494E+01 -7.1337729E-01
      2302  1.2243559E+01 -6.2054254E-01
      2303  1.2304930E+01 -5.2022095E-01
      2304  1.2366609E+01 -4.1345301E-01
      2305  1.2428597E+01 -3.0138012E-01
      2306  1.2490895E+01 -1.8523431E-01
      2307  1.2553506E+01 -6.6327619E-02
      2308  1.2616431E+01  5.3961113E-02
      2309  1.2679671E+01  1.7420248E-01
      2310  1.2743228E+01  2.9293195E-01
      2311  1.2807104E+01  4.0866615E-01
      2312  1.2871300E+01  5.1992301E-01
      2313  1.2935817E+01  6.2524091E-01
      2314  1.3000658E+01  7.2319687E-01
      2315  1.3065824E+01  8.1242608E-01
      2316  1.3131317E+01  8.9164579E-01
      2317  1.3197138E+01  9.5967380E-01
      2318  1.3263289E+01  1.0154456E+00
      2319  1.3329772E+01  1.0580333E+00
      2320  1.3396587E+01  1.0866681E+00
      2321  1.3463738E+01  1.1007539E+00
      2322  1.3531225E+01  1.0998786E+00
      2323  1.3599051E+01  1.0838277E+00
      2324  1.3667216E+01  1.0525994E+00
      2325  1.3735724E+01  1.0064088E+00
      2326  1.3804574E+01  9.4568887E-01
      2327  1.3873770E+01  8.7109382E-01
      2328  1.3943312E+01  7.8350203E-01
      2329  1.4013204E+01  6.8400623E-01
      2330  1.4083445E+01  5.7390253E-01
      2331  1.4154039E+01  4.5467974E-01
      2332  1.4224986E+01  3.2800624E-01
      2333  1.4296289E+01  1.9570616E-01
      2334  1.4367950E+01  5.9735714E-02
      2335  1.4439969E+01 -7.7841084E-02
      2336  1.4512350E+01 -2.1488205E-01
      2337  1.4585093E+01 -3.4920138E-01
      2338  1.4658201E+01 -4.7860229E-01
      2339  1.4731676E+01 -6.0091111E-01
      2340  1.4805519E+01 -7.1401843E-01
      2341  1.4879732E+01 -8.1591745E-01
      2342  1.4954317E+01 -9.0473763E-01
