         1  1.2340980E-04  3.8488187E-09
         2  1.2402840E-04  3.8874999E-09
         3  1.2465009E-04  3.9265700E-09
         4  1.2527490E-04  3.9660326E-09
         5  1.2590285E-04  4.0058919E-09
         6  1.2653394E-04  4.0461518E-09
         7  1.2716819E-04  4.0868163E-09
         8  1.2780563E-04  4.1278895E-09
         9  1.2844625E-04  4.1693755E-09
        10  1.2909009E-04  4.2112784E-09
        11  1.2973716E-04  4.2536025E-09
        12  1.3038747E-04  4.2963519E-09
        13  1.3104104E-04  4.3395309E-09
        14  1.3169789E-04  4.3831439E-09
        15  1.3235802E-04  4.4271953E-09
        16  1.3302147E-04  4.4716893E-09
        17  1.3368824E-04  4.5166305E-09
        18  1.3435836E-04  4.5620234E-09
        19  1.3503183E-04  4.6078725E-09
        20  1.3570868E-04  4.6541824E-09
        21  1.3638893E-04  4.7009577E-09
        22  1.3707258E-04  4.7482031E-09
        23  1.3775966E-04  4.7959234E-09
        24  1.3845018E-04  4.8441232E-09
        25  1.3914417E-04  4.8928075E-09
        26  1.3984163E-04  4.9419810E-09
        27  1.4054259E-04  4.9916487E-09
        28  1.4124706E-04  5.0418156E-09
        29  1.4195506E-04  5.0924867E-09
        30  1.4266662E-04  5.1436671E-09
        31  1.4338174E-04  5.1953618E-09
        32  1.4410044E-04  5.2475760E-09
        33  1.4482275E-04  5.3003150E-09
        34  1.4554867E-04  5.3535841E-09
        35  1.4627824E-04  5.4073885E-09
        36  1.4701146E-04  5.4617337E-09
        37  1.4774836E-04  5.5166250E-09
        38  1.4848895E-04  5.5720680E-09
        39  1.4923326E-04  5.6280682E-09
        40  1.4998129E-04  5.6846312E-09
        41  1.5073308E-04  5.7417627E-09
        42  1.5148863E-04  5.7994684E-09
        43  1.5224797E-04  5.8577540E-09
        44  1.5301111E-04  5.9166254E-09
        45  1.5377809E-04  5.9760885E-09
        46  1.5454890E-04  6.0361492E-09
        47  1.5532358E-04  6.0968135E-09
        48  1.5610214E-04  6.1580875E-09
        49  1.5688461E-04  6.2199773E-09
        50  1.5767100E-04  6.2824891E-09
        51  1.5846133E-04  6.3456292E-09
        52  1.5925562E-04  6.4094038E-09
        53  1.6005389E-04  6.4738194E-09
        54  1.6085616E-04  6.5388824E-09
        55  1.6166246E-04  6.6045992E-09
        56  1.6247279E-04  6.6709765E-09
        57  1.6328719E-04  6.7380210E-09
        58  1.6410567E-04  6.8057392E-09
        59  1.6492825E-04  6.8741380E-09
        60  1.6575496E-04  6.9432243E-09
        61  1.6658581E-04  7.0130048E-09
        62  1.6742083E-04  7.0834867E-09
        63  1.6826003E-04  7.1546769E-09
        64  1.6910343E-04  7.2265826E-09
        65  1.6995107E-04  7.2992110E-09
        66  1.7080295E-04  7.3725693E-09
        67  1.7165910E-04  7.4466648E-09
        68  1.7251955E-04  7.5215051E-09
        69  1.7338431E-04  7.5970974E-09
        70  1.7425340E-04  7.6734495E-09
        71  1.7512685E-04  7.7505690E-09
        72  1.7600468E-04  7.8284635E-09
        73  1.7688690E-04  7.9071409E-09
        74  1.7777355E-04  7.9866089E-09
        75  1.7866465E-04  8.0668757E-09
        76  1.7956021E-04  8.1479492E-09
        77  1.8046025E-04  8.2298374E-09
        78  1.8136482E-04  8.3125486E-09
        79  1.8227391E-04  8.3960911E-09
        80  1.8318756E-04  8.4804733E-09
        81  1.8410579E-04  8.5657034E-09
        82  1.8502863E-04  8.6517902E-09
        83  1.8595609E-04  8.7387421E-09
        84  1.8688820E-04  8.8265679E-09
        85  1.8782498E-04  8.9152764E-09
        86  1.8876645E-04  9.0048764E-09
        87  1.8971265E-04  9.0953770E-09
        88  1.9066359E-04  9.1867870E-09
        89  1.9161929E-04  9.2791158E-09
        90  1.9257979E-04  9.3723724E-09
        91  1.9354510E-04  9.4665663E-09
        92  1.9451525E-04  9.5617069E-09
        93  1.9549026E-04  9.6578036E-09
        94  1.9647016E-04  9.7548662E-09
        95  1.9745497E-04  9.8529042E-09
        96  1.9844472E-04  9.9519276E-09
        97  1.9943943E-04  1.0051946E-08
        98  2.0043912E-04  1.0152970E-08
        99  2.0144382E-04  1.0255009E-08
       100  2.0245357E-04  1.0358073E-08
       101  2.0346837E-04  1.0462174E-08
       102  2.0448826E-04  1.0567320E-08
       103  2.0551326E-04  1.0673524E-08
       104  2.0654340E-04  1.0780794E-08
       105  2.0757870E-04  1.0889143E-08
       106  2.0861920E-04  1.0998581E-08
       107  2.0966490E-04  1.1109118E-08
       108  2.1071585E-04  1.1220767E-08
       109  2.1177207E-04  1.1333538E-08
       110  2.1283358E-04  1.1447442E-08
       111  2.1390042E-04  1.1562490E-08
       112  2.1497260E-04  1.1678695E-08
       113  2.1605015E-04  1.1796068E-08
       114  2.1713311E-04  1.1914620E-08
       115  2.1822149E-04  1.2034364E-08
       116  2.1931533E-04  1.2155312E-08
       117  2.2041465E-04  1.2277475E-08
       118  2.2151949E-04  1.2400865E-08
       119  2.2262986E-04  1.2525496E-08
       120  2.2374579E-04  1.2651379E-08
       121  2.2486732E-04  1.2778528E-08
       122  2.2599448E-04  1.2906954E-08
       123  2.2712728E-04  1.3036671E-08
       124  2.2826576E-04  1.3167692E-08
       125  2.2940995E-04  1.3300030E-08
       126  2.3055987E-04  1.3433697E-08
       127  2.3171555E-04  1.3568708E-08
       128  2.3287703E-04  1.3705076E-08
       129  2.3404433E-04  1.3842814E-08
       130  2.3521749E-04  1.3981937E-08
       131  2.3639652E-04  1.4122457E-08
       132  2.3758146E-04  1.4264390E-08
       133  2.3877234E-04  1.4407750E-08
       134  2.3996919E-04  1.4552550E-08
       135  2.4117204E-04  1.4698806E-08
       136  2.4238092E-04  1.4846531E-08
       137  2.4359586E-04  1.4995741E-08
       138  2.4481689E-04  1.5146451E-08
       139  2.4604404E-04  1.5298675E-08
       140  2.4727734E-04  1.5452430E-08
       141  2.4851683E-04  1.5607729E-08
       142  2.4976252E-04  1.5764589E-08
       143  2.5101446E-04  1.5923026E-08
       144  2.5227268E-04  1.6083055E-08
       145  2.5353720E-04  1.6244693E-08
       146  2.5480806E-04  1.6407955E-08
       147  2.5608529E-04  1.6572857E-08
       148  2.5736892E-04  1.6739417E-08
       149  2.5865899E-04  1.6907651E-08
       150  2.5995552E-04  1.7077576E-08
       151  2.6125856E-04  1.7249208E-08
       152  2.6256812E-04  1.7422566E-08
       153  2.6388425E-04  1.7597666E-08
       154  2.6520697E-04  1.7774525E-08
       155  2.6653633E-04  1.7953162E-08
       156  2.6787235E-04  1.8133594E-08
       157  2.6921506E-04  1.8315840E-08
       158  2.7056451E-04  1.8499917E-08
       159  2.7192072E-04  1.8685844E-08
       160  2.7328373E-04  1.8873640E-08
       161  2.7465357E-04  1.9063323E-08
       162  2.7603028E-04  1.9254913E-08
       163  2.7741388E-04  1.9448428E-08
       164  2.7880443E-04  1.9643888E-08
       165  2.8020194E-04  1.9841312E-08
       166  2.8160646E-04  2.0040721E-08
       167  2.8301802E-04  2.0242134E-08
       168  2.8443665E-04  2.0445570E-08
       169  2.8586239E-04  2.0651052E-08
       170  2.8729529E-04  2.0858598E-08
       171  2.8873536E-04  2.1068231E-08
       172  2.9018265E-04  2.1279970E-08
       173  2.9163720E-04  2.1493837E-08
       174  2.9309904E-04  2.1709854E-08
       175  2.9456820E-04  2.1928041E-08
       176  2.9604473E-04  2.2148422E-08
       177  2.9752866E-04  2.2371017E-08
       178  2.9902003E-04  2.2595850E-08
       179  3.0051887E-04  2.2822942E-08
       180  3.0202523E-04  2.3052316E-08
       181  3.0353914E-04  2.3283996E-08
       182  3.0506063E-04  2.3518004E-08
       183  3.0658976E-04  2.3754364E-08
       184  3.0812654E-04  2.3993099E-08
       185  3.0967104E-04  2.4234234E-08
       186  3.1122327E-04  2.4477792E-08
       187  3.1278328E-04  2.4723798E-08
       188  3.1435111E-04  2.4972276E-08
       189  3.1592681E-04  2.5223252E-08
       190  3.1751040E-04  2.5476749E-08
       191  3.1910192E-04  2.5732795E-08
       192  3.2070143E-04  2.5991414E-08
       193  3.2230895E-04  2.6252632E-08
       194  3.2392453E-04  2.6516475E-08
       195  3.2554821E-04  2.6782970E-08
       196  3.2718003E-04  2.7052144E-08
       197  3.2882002E-04  2.7324022E-08
       198  3.3046824E-04  2.7598633E-08
       199  3.3212472E-04  2.7876004E-08
       200  3.3378950E-04  2.8156162E-08
       201  3.3546263E-04  2.8439137E-08
       202  3.3714414E-04  2.8724955E-08
       203  3.3883408E-04  2.9013645E-08
       204  3.4053250E-04  2.9305237E-08
       205  3.4223942E-04  2.9599760E-08
       206  3.4395490E-04  2.9897242E-08
       207  3.4567899E-04  3.0197715E-08
       208  3.4741171E-04  3.0501207E-08
       209  3.4915312E-04  3.0807749E-08
       210  3.5090325E-04  3.1117372E-08
       211  3.5266216E-04  3.1430107E-08
       212  3.5442989E-04  3.1745984E-08
       213  3.5620648E-04  3.2065037E-08
       214  3.5799197E-04  3.2387296E-08
       215  3.5978641E-04  3.2712794E-08
       216  3.6158985E-04  3.3041563E-08
       217  3.6340233E-04  3.3373636E-08
       218  3.6522389E-04  3.3709046E-08
       219  3.6705458E-04  3.4047828E-08
       220  3.6889445E-04  3.4390014E-08
       221  3.7074354E-04  3.4735640E-08
       222  3.7260190E-04  3.5084739E-08
       223  3.7446957E-04  3.5437346E-08
       224  3.7634661E-04  3.5793497E-08
       225  3.7823306E-04  3.6153228E-08
       226  3.8012896E-04  3.6516574E-08
       227  3.8203436E-04  3.6883572E-08
       228  3.8394932E-04  3.7254258E-08
       229  3.8587387E-04  3.7628669E-08
       230  3.8780807E-04  3.8006844E-08
       231  3.8975197E-04  3.8388819E-08
       232  3.9170561E-04  3.8774633E-08
       233  3.9366904E-04  3.9164324E-08
       234  3.9564231E-04  3.9557932E-08
       235  3.9762548E-04  3.9955496E-08
       236  3.9961859E-04  4.0357056E-08
       237  4.0162168E-04  4.0762651E-08
       238  4.0363482E-04  4.1172322E-08
       239  4.0565805E-04  4.1586111E-08
       240  4.0769142E-04  4.2004058E-08
       241  4.0973498E-04  4.2426206E-08
       242  4.1178878E-04  4.2852596E-08
       243  4.1385288E-04  4.3283272E-08
       244  4.1592733E-04  4.3718276E-08
       245  4.1801217E-04  4.4157652E-08
       246  4.2010747E-04  4.4601444E-08
       247  4.2221327E-04  4.5049696E-08
       248  4.2432962E-04  4.5502453E-08
       249  4.2645658E-04  4.5959760E-08
       250  4.2859420E-04  4.6421663E-08
       251  4.3074254E-04  4.6888209E-08
       252  4.3290165E-04  4.7359443E-08
       253  4.3507158E-04  4.7835414E-08
       254  4.3725238E-04  4.8316167E-08
       255  4.3944412E-04  4.8801753E-08
       256  4.4164684E-04  4.9292219E-08
       257  4.4386060E-04  4.9787614E-08
       258  4.4608546E-04  5.0287988E-08
       259  4.4832148E-04  5.0793390E-08
       260  4.5056870E-04  5.1303872E-08
       261  4.5282718E-04  5.1819485E-08
       262  4.5509699E-04  5.2340279E-08
       263  4.5737817E-04  5.2866308E-08
       264  4.5967079E-04  5.3397623E-08
       265  4.6197490E-04  5.3934278E-08
       266  4.6429056E-04  5.4476327E-08
       267  4.6661782E-04  5.5023823E-08
       268  4.6895676E-04  5.5576821E-08
       269  4.7130741E-04  5.6135378E-08
       270  4.7366985E-04  5.6699548E-08
       271  4.7604413E-04  5.7269387E-08
       272  4.7843031E-04  5.7844954E-08
       273  4.8082845E-04  5.8426306E-08
       274  4.8323861E-04  5.9013500E-08
       275  4.8566086E-04  5.9606595E-08
       276  4.8809524E-04  6.0205652E-08
       277  4.9054183E-04  6.0810728E-08
       278  4.9300068E-04  6.1421886E-08
       279  4.9547186E-04  6.2039187E-08
       280  4.9795542E-04  6.2662691E-08
       281  5.0045143E-04  6.3292461E-08
       282  5.0295996E-04  6.3928561E-08
       283  5.0548105E-04  6.4571054E-08
       284  5.0801479E-04  6.5220004E-08
       285  5.1056122E-04  6.5875476E-08
       286  5.1312042E-04  6.6537535E-08
       287  5.1569245E-04  6.7206248E-08
       288  5.1827737E-04  6.7881682E-08
       289  5.2087524E-04  6.8563905E-08
       290  5.2348614E-04  6.9252983E-08
       291  5.2611013E-04  6.9948987E-08
       292  5.2874727E-04  7.0651986E-08
       293  5.3139762E-04  7.1362050E-08
       294  5.3406126E-04  7.2079251E-08
       295  5.3673826E-04  7.2803659E-08
       296  5.3942867E-04  7.3535348E-08
       297  5.4213257E-04  7.4274391E-08
       298  5.4485002E-04  7.5020861E-08
       299  5.4758109E-04  7.5774833E-08
       300  5.5032585E-04  7.6536383E-08
       301  5.5308437E-04  7.7305586E-08
       302  5.5585672E-04  7.8082520E-08
       303  5.5864296E-04  7.8867262E-08
       304  5.6144317E-04  7.9659892E-08
       305  5.6425742E-04  8.0460487E-08
       306  5.6708577E-04  8.1269128E-08
       307  5.6992830E-04  8.2085896E-08
       308  5.7278507E-04  8.2910873E-08
       309  5.7565617E-04  8.3744141E-08
       310  5.7854166E-04  8.4585784E-08
       311  5.8144161E-04  8.5435885E-08
       312  5.8435610E-04  8.6294530E-08
       313  5.8728520E-04  8.7161804E-08
       314  5.9022898E-04  8.8037795E-08
       315  5.9318751E-04  8.8922590E-08
       316  5.9616088E-04  8.9816276E-08
       317  5.9914915E-04  9.0718945E-08
       318  6.0215239E-04  9.1630686E-08
       319  6.0517069E-04  9.2551589E-08
       320  6.0820413E-04  9.3481748E-08
       321  6.1125276E-04  9.4421255E-08
       322  6.1431668E-04  9.5370205E-08
       323  6.1739595E-04  9.6328691E-08
       324  6.2049066E-04  9.7296810E-08
       325  6.2360089E-04  9.8274660E-08
       326  6.2672670E-04  9.9262336E-08
       327  6.2986818E-04  1.0025994E-07
       328  6.3302541E-04  1.0126757E-07
       329  6.3619846E-04  1.0228532E-07
       330  6.3938742E-04  1.0331331E-07
       331  6.4259236E-04  1.0435162E-07
       332  6.4581337E-04  1.0540038E-07
       333  6.4905052E-04  1.0645967E-07
       334  6.5230390E-04  1.0752960E-07
       335  6.5557359E-04  1.0861030E-07
       336  6.5885966E-04  1.0970185E-07
       337  6.6216221E-04  1.1080437E-07
       338  6.6548131E-04  1.1191797E-07
       339  6.6881705E-04  1.1304277E-07
       340  6.7216951E-04  1.1417886E-07
       341  6.7553878E-04  1.1532638E-07
       342  6.7892493E-04  1.1648543E-07
       343  6.8232805E-04  1.1765613E-07
       344  6.8574824E-04  1.1883859E-07
       345  6.8918556E-04  1.2003294E-07
       346  6.9264012E-04  1.2123929E-07
       347  6.9611199E-04  1.2245776E-07
       348  6.9960127E-04  1.2368849E-07
       349  7.0310804E-04  1.2493158E-07
       350  7.0663238E-04  1.2618716E-07
       351  7.1017439E-04  1.2745536E-07
       352  7.1373415E-04  1.2873631E-07
       353  7.1731176E-04  1.3003013E-07
       354  7.2090730E-04  1.3133695E-07
       355  7.2452086E-04  1.3265691E-07
       356  7.2815254E-04  1.3399014E-07
       357  7.3180242E-04  1.3533676E-07
       358  7.3547059E-04  1.3669692E-07
       359  7.3915716E-04  1.3807074E-07
       360  7.4286220E-04  1.3945838E-07
       361  7.4658581E-04  1.4085996E-07
       362  7.5032809E-04  1.4227562E-07
       363  7.5408912E-04  1.4370552E-07
       364  7.5786901E-04  1.4514978E-07
       365  7.6166784E-04  1.4660856E-07
       366  7.6548572E-04  1.4808200E-07
       367  7.6932273E-04  1.4957025E-07
       368  7.7317898E-04  1.5107346E-07
       369  7.7705455E-04  1.5259177E-07
       370  7.8094956E-04  1.5412534E-07
       371  7.8486408E-04  1.5567433E-07
       372  7.8879823E-04  1.5723888E-07
       373  7.9275210E-04  1.5881916E-07
       374  7.9672578E-04  1.6041532E-07
       375  8.0071939E-04  1.6202752E-07
       376  8.0473301E-04  1.6365592E-07
       377  8.0876675E-04  1.6530069E-07
       378  8.1282071E-04  1.6696199E-07
       379  8.1689499E-04  1.6863998E-07
       380  8.2098970E-04  1.7033484E-07
       381  8.2510492E-04  1.7204674E-07
       382  8.2924078E-04  1.7377584E-07
       383  8.3339737E-04  1.7552231E-07
       384  8.3757479E-04  1.7728634E-07
       385  8.4177315E-04  1.7906810E-07
       386  8.4599255E-04  1.8086776E-07
       387  8.5023311E-04  1.8268551E-07
       388  8.5449492E-04  1.8452153E-07
       389  8.5877809E-04  1.8637600E-07
       390  8.6308274E-04  1.8824911E-07
       391  8.6740896E-04  1.9014105E-07
       392  8.7175686E-04  1.9205200E-07
       393  8.7612656E-04  1.9398215E-07
       394  8.8051816E-04  1.9593170E-07
       395  8.8493178E-04  1.9790085E-07
       396  8.8936752E-04  1.9988979E-07
       397  8.9382549E-04  2.0189871E-07
       398  8.9830581E-04  2.0392783E-07
       399  9.0280859E-04  2.0597734E-07
       400  9.0733394E-04  2.0804744E-07
       401  9.1188197E-04  2.1013835E-07
       402  9.1645279E-04  2.1225028E-07
       403  9.2104653E-04  2.1438343E-07
       404  9.2566330E-04  2.1653802E-07
       405  9.3030320E-04  2.1871426E-07
       406  9.3496637E-04  2.2091238E-07
       407  9.3965291E-04  2.2313258E-07
       408  9.4436294E-04  2.2537510E-07
       409  9.4909657E-04  2.2764016E-07
       410  9.5385394E-04  2.2992798E-07
       411  9.5863515E-04  2.3223880E-07
       412  9.6344033E-04  2.3457283E-07
       413  9.6826960E-04  2.3693033E-07
       414  9.7312307E-04  2.3931152E-07
       415  9.7800087E-04  2.4171664E-07
       416  9.8290312E-04  2.4414593E-07
       417  9.8782994E-04  2.4659964E-07
       418  9.9278146E-04  2.4907801E-07
       419  9.9775780E-04  2.5158128E-07
       420  1.0027591E-03  2.5410971E-07
       421  1.0077854E-03  2.5666356E-07
       422  1.0128370E-03  2.5924307E-07
       423  1.0179138E-03  2.6184851E-07
       424  1.0230162E-03  2.6448013E-07
       425  1.0281440E-03  2.6713820E-07
       426  1.0332976E-03  2.6982298E-07
       427  1.0384771E-03  2.7253474E-07
       428  1.0436825E-03  2.7527376E-07
       429  1.0489139E-03  2.7804031E-07
       430  1.0541716E-03  2.8083466E-07
       431  1.0594557E-03  2.8365710E-07
       432  1.0647662E-03  2.8650790E-07
       433  1.0701034E-03  2.8938735E-07
       434  1.0754673E-03  2.9229574E-07
       435  1.0808581E-03  2.9523336E-07
       436  1.0862759E-03  2.9820050E-07
       437  1.0917209E-03  3.0119747E-07
       438  1.0971932E-03  3.0422455E-07
       439  1.1026929E-03  3.0728206E-07
       440  1.1082202E-03  3.1037030E-07
       441  1.1137751E-03  3.1348957E-07
       442  1.1193580E-03  3.1664019E-07
       443  1.1249688E-03  3.1982248E-07
       444  1.1306077E-03  3.2303675E-07
       445  1.1362749E-03  3.2628332E-07
       446  1.1419705E-03  3.2956252E-07
       447  1.1476947E-03  3.3287468E-07
       448  1.1534475E-03  3.3622012E-07
       449  1.1592292E-03  3.3959919E-07
       450  1.1650398E-03  3.4301222E-07
       451  1.1708796E-03  3.4645955E-07
       452  1.1767487E-03  3.4994152E-07
       453  1.1826472E-03  3.5345849E-07
       454  1.1885752E-03  3.5701081E-07
       455  1.1945330E-03  3.6059883E-07
       456  1.2005206E-03  3.6422291E-07
       457  1.2065382E-03  3.6788341E-07
       458  1.2125860E-03  3.7158069E-07
       459  1.2186641E-03  3.7531514E-07
       460  1.2247727E-03  3.7908712E-07
       461  1.2309119E-03  3.8289701E-07
       462  1.2370819E-03  3.8674519E-07
       463  1.2432828E-03  3.9063204E-07
       464  1.2495148E-03  3.9455796E-07
       465  1.2557780E-03  3.9852333E-07
       466  1.2620726E-03  4.0252855E-07
       467  1.2683988E-03  4.0657403E-07
       468  1.2747566E-03  4.1066017E-07
       469  1.2811464E-03  4.1478737E-07
       470  1.2875681E-03  4.1895605E-07
       471  1.2940221E-03  4.2316663E-07
       472  1.3005084E-03  4.2741952E-07
       473  1.3070272E-03  4.3171516E-07
       474  1.3135787E-03  4.3605397E-07
       475  1.3201631E-03  4.4043638E-07
       476  1.3267804E-03  4.4486284E-07
       477  1.3334309E-03  4.4933379E-07
       478  1.3401148E-03  4.5384966E-07
       479  1.3468321E-03  4.5841093E-07
       480  1.3535832E-03  4.6301803E-07
       481  1.3603680E-03  4.6767144E-07
       482  1.3671869E-03  4.7237162E-07
       483  1.3740400E-03  4.7711903E-07
       484  1.3809274E-03  4.8191415E-07
       485  1.3878493E-03  4.8675747E-07
       486  1.3948059E-03  4.9164946E-07
       487  1.4017974E-03  4.9659062E-07
       488  1.4088240E-03  5.0158144E-07
       489  1.4158857E-03  5.0662241E-07
       490  1.4229829E-03  5.1171405E-07
       491  1.4301156E-03  5.1685686E-07
       492  1.4372841E-03  5.2205136E-07
       493  1.4444885E-03  5.2729806E-07
       494  1.4517290E-03  5.3259749E-07
       495  1.4590058E-03  5.3795018E-07
       496  1.4663191E-03  5.4335667E-07
       497  1.4736691E-03  5.4881749E-07
       498  1.4810559E-03  5.5433320E-07
       499  1.4884797E-03  5.5990434E-07
       500  1.4959408E-03  5.6553147E-07
       501  1.5034392E-03  5.7121515E-07
       502  1.5109752E-03  5.7695596E-07
       503  1.5185490E-03  5.8275446E-07
       504  1.5261608E-03  5.8861124E-07
       505  1.5338107E-03  5.9452688E-07
       506  1.5414989E-03  6.0050197E-07
       507  1.5492257E-03  6.0653711E-07
       508  1.5569913E-03  6.1263291E-07
       509  1.5647957E-03  6.1878997E-07
       510  1.5726393E-03  6.2500891E-07
       511  1.5805222E-03  6.3129035E-07
       512  1.5884446E-03  6.3763493E-07
       513  1.5964067E-03  6.4404326E-07
       514  1.6044087E-03  6.5051600E-07
       515  1.6124508E-03  6.5705379E-07
       516  1.6205333E-03  6.6365729E-07
       517  1.6286562E-03  6.7032715E-07
       518  1.6368199E-03  6.7706405E-07
       519  1.6450245E-03  6.8386866E-07
       520  1.6532702E-03  6.9074165E-07
       521  1.6615573E-03  6.9768371E-07
       522  1.6698859E-03  7.0469555E-07
       523  1.6782562E-03  7.1177785E-07
       524  1.6866685E-03  7.1893134E-07
       525  1.6951230E-03  7.2615672E-07
       526  1.7036198E-03  7.3345471E-07
       527  1.7121592E-03  7.4082605E-07
       528  1.7207415E-03  7.4827147E-07
       529  1.7293667E-03  7.5579172E-07
       530  1.7380352E-03  7.6338755E-07
       531  1.7467471E-03  7.7105972E-07
       532  1.7555027E-03  7.7880899E-07
       533  1.7643022E-03  7.8663615E-07
       534  1.7731458E-03  7.9454197E-07
       535  1.7820338E-03  8.0252725E-07
       536  1.7909663E-03  8.1059278E-07
       537  1.7999435E-03  8.1873937E-07
       538  1.8089658E-03  8.2696783E-07
       539  1.8180332E-03  8.3527899E-07
       540  1.8271462E-03  8.4367368E-07
       541  1.8363048E-03  8.5215274E-07
       542  1.8455093E-03  8.6071701E-07
       543  1.8547599E-03  8.6936736E-07
       544  1.8640570E-03  8.7810464E-07
       545  1.8734006E-03  8.8692973E-07
       546  1.8827911E-03  8.9584352E-07
       547  1.8922286E-03  9.0484689E-07
       548  1.9017134E-03  9.1394075E-07
       549  1.9112458E-03  9.2312600E-07
       550  1.9208260E-03  9.3240357E-07
       551  1.9304541E-03  9.4177438E-07
       552  1.9401306E-03  9.5123936E-07
       553  1.9498555E-03  9.6079947E-07
       554  1.9596292E-03  9.7045566E-07
       555  1.9694519E-03  9.8020890E-07
       556  1.9793238E-03  9.9006015E-07
       557  1.9892452E-03  1.0000104E-06
       558  1.9992164E-03  1.0100607E-06
       559  2.0092375E-03  1.0202120E-06
       560  2.0193088E-03  1.0304653E-06
       561  2.0294306E-03  1.0408216E-06
       562  2.0396032E-03  1.0512820E-06
       563  2.0498268E-03  1.0618476E-06
       564  2.0601016E-03  1.0725193E-06
       565  2.0704279E-03  1.0832983E-06
       566  2.0808059E-03  1.0941856E-06
       567  2.0912360E-03  1.1051824E-06
       568  2.1017184E-03  1.1162896E-06
       569  2.1122533E-03  1.1275085E-06
       570  2.1228410E-03  1.1388402E-06
       571  2.1334818E-03  1.1502857E-06
       572  2.1441759E-03  1.1618462E-06
       573  2.1549236E-03  1.1735230E-06
       574  2.1657252E-03  1.1853171E-06
       575  2.1765810E-03  1.1972297E-06
       576  2.1874911E-03  1.2092621E-06
       577  2.1984560E-03  1.2214153E-06
       578  2.2094758E-03  1.2336908E-06
       579  2.2205508E-03  1.2460895E-06
       580  2.2316814E-03  1.2586129E-06
       581  2.2428677E-03  1.2712622E-06
       582  2.2541101E-03  1.2840386E-06
       583  2.2654089E-03  1.2969434E-06
       584  2.2767643E-03  1.3099779E-06
       585  2.2881767E-03  1.3231434E-06
       586  2.2996462E-03  1.3364412E-06
       587  2.3111732E-03  1.3498726E-06
       588  2.3227580E-03  1.3634390E-06
       589  2.3344009E-03  1.3771418E-06
       590  2.3461021E-03  1.3909823E-06
       591  2.3578620E-03  1.4049619E-06
       592  2.3696808E-03  1.4190820E-06
       593  2.3815589E-03  1.4333440E-06
       594  2.3934965E-03  1.4477493E-06
       595  2.4054940E-03  1.4622994E-06
       596  2.4175516E-03  1.4769958E-06
       597  2.4296696E-03  1.4918398E-06
       598  2.4418484E-03  1.5068331E-06
       599  2.4540882E-03  1.5219770E-06
       600  2.4663893E-03  1.5372731E-06
       601  2.4787522E-03  1.5527229E-06
       602  2.4911770E-03  1.5683280E-06
       603  2.5036641E-03  1.5840900E-06
       604  2.5162137E-03  1.6000103E-06
       605  2.5288263E-03  1.6160907E-06
       606  2.5415021E-03  1.6323326E-06
       607  2.5542414E-03  1.6487378E-06
       608  2.5670446E-03  1.6653079E-06
       609  2.5799120E-03  1.6820445E-06
       610  2.5928438E-03  1.6989493E-06
       611  2.6058405E-03  1.7160240E-06
       612  2.6189023E-03  1.7332704E-06
       613  2.6320297E-03  1.7506900E-06
       614  2.6452228E-03  1.7682847E-06
       615  2.6584820E-03  1.7860562E-06
       616  2.6718077E-03  1.8040064E-06
       617  2.6852002E-03  1.8221369E-06
       618  2.6986598E-03  1.8404497E-06
       619  2.7121869E-03  1.8589465E-06
       620  2.7257818E-03  1.8776292E-06
       621  2.7394448E-03  1.8964997E-06
       622  2.7531763E-03  1.9155598E-06
       623  2.7669767E-03  1.9348115E-06
       624  2.7808462E-03  1.9542566E-06
       625  2.7947853E-03  1.9738972E-06
       626  2.8087942E-03  1.9937352E-06
       627  2.8228733E-03  2.0137725E-06
       628  2.8370230E-03  2.0340113E-06
       629  2.8512437E-03  2.0544534E-06
       630  2.8655356E-03  2.0751010E-06
       631  2.8798992E-03  2.0959561E-06
       632  2.8943347E-03  2.1170207E-06
       633  2.9088426E-03  2.1382971E-06
       634  2.9234233E-03  2.1597873E-06
       635  2.9380770E-03  2.1814935E-06
       636  2.9528042E-03  2.2034179E-06
       637  2.9676051E-03  2.2255626E-06
       638  2.9824803E-03  2.2479298E-06
       639  2.9974301E-03  2.2705219E-06
       640  3.0124548E-03  2.2933410E-06
       641  3.0275547E-03  2.3163894E-06
       642  3.0427304E-03  2.3396695E-06
       643  3.0579822E-03  2.3631835E-06
       644  3.0733104E-03  2.3869339E-06
       645  3.0887154E-03  2.4109229E-06
       646  3.1041977E-03  2.4351531E-06
       647  3.1197575E-03  2.4596267E-06
       648  3.1353954E-03  2.4843463E-06
       649  3.1511116E-03  2.5093144E-06
       650  3.1669066E-03  2.5345334E-06
       651  3.1827808E-03  2.5600058E-06
       652  3.1987346E-03  2.5857343E-06
       653  3.2147683E-03  2.6117213E-06
       654  3.2308824E-03  2.6379695E-06
       655  3.2470772E-03  2.6644815E-06
       656  3.2633533E-03  2.6912599E-06
       657  3.2797109E-03  2.7183075E-06
       658  3.2961505E-03  2.7456269E-06
       659  3.3126725E-03  2.7732209E-06
       660  3.3292774E-03  2.8010922E-06
       661  3.3459655E-03  2.8292436E-06
       662  3.3627372E-03  2.8576779E-06
       663  3.3795930E-03  2.8863980E-06
       664  3.3965332E-03  2.9154067E-06
       665  3.4135584E-03  2.9447070E-06
       666  3.4306690E-03  2.9743018E-06
       667  3.4478653E-03  3.0041939E-06
       668  3.4651478E-03  3.0343865E-06
       669  3.4825169E-03  3.0648826E-06
       670  3.4999731E-03  3.0956851E-06
       671  3.5175168E-03  3.1267972E-06
       672  3.5351484E-03  3.1582220E-06
       673  3.5528684E-03  3.1899626E-06
       674  3.5706772E-03  3.2220222E-06
       675  3.5885753E-03  3.2544040E-06
       676  3.6065631E-03  3.2871112E-06
       677  3.6246411E-03  3.3201472E-06
       678  3.6428097E-03  3.3535151E-06
       679  3.6610694E-03  3.3872185E-06
       680  3.6794205E-03  3.4212605E-06
       681  3.6978637E-03  3.4556447E-06
       682  3.7163993E-03  3.4903744E-06
       683  3.7350279E-03  3.5254532E-06
       684  3.7537498E-03  3.5608845E-06
       685  3.7725655E-03  3.5966719E-06
       686  3.7914756E-03  3.6328190E-06
       687  3.8104804E-03  3.6693294E-06
       688  3.8295805E-03  3.7062067E-06
       689  3.8487764E-03  3.7434546E-06
       690  3.8680685E-03  3.7810769E-06
       691  3.8874572E-03  3.8190772E-06
       692  3.9069432E-03  3.8574595E-06
       693  3.9265268E-03  3.8962275E-06
       694  3.9462086E-03  3.9353852E-06
       695  3.9659891E-03  3.9749364E-06
       696  3.9858687E-03  4.0148851E-06
       697  4.0058479E-03  4.0552352E-06
       698  4.0259273E-03  4.0959909E-06
       699  4.0461074E-03  4.1371562E-06
       700  4.0663886E-03  4.1787352E-06
       701  4.0867714E-03  4.2207321E-06
       702  4.1072565E-03  4.2631511E-06
       703  4.1278442E-03  4.3059964E-06
       704  4.1485351E-03  4.3492722E-06
       705  4.1693297E-03  4.3929830E-06
       706  4.1902285E-03  4.4371331E-06
       707  4.2112322E-03  4.4817270E-06
       708  4.2323410E-03  4.5267690E-06
       709  4.2535557E-03  4.5722636E-06
       710  4.2748768E-03  4.6182155E-06
       711  4.2963047E-03  4.6646292E-06
       712  4.3178400E-03  4.7115094E-06
       713  4.3394833E-03  4.7588607E-06
       714  4.3612350E-03  4.8066880E-06
       715  4.3830958E-03  4.8549958E-06
       716  4.4050662E-03  4.9037892E-06
       717  4.4271466E-03  4.9530730E-06
       718  4.4493378E-03  5.0028521E-06
       719  4.4716402E-03  5.0531314E-06
       720  4.4940544E-03  5.1039161E-06
       721  4.5165809E-03  5.1552111E-06
       722  4.5392204E-03  5.2070217E-06
       723  4.5619733E-03  5.2593530E-06
       724  4.5848403E-03  5.3122102E-06
       725  4.6078219E-03  5.3655987E-06
       726  4.6309187E-03  5.4195237E-06
       727  4.6541313E-03  5.4739906E-06
       728  4.6774602E-03  5.5290050E-06
       729  4.7009061E-03  5.5845722E-06
       730  4.7244695E-03  5.6406979E-06
       731  4.7481510E-03  5.6973877E-06
       732  4.7719512E-03  5.7546472E-06
       733  4.7958707E-03  5.8124822E-06
       734  4.8199101E-03  5.8708984E-06
       735  4.8440700E-03  5.9299017E-06
       736  4.8683510E-03  5.9894980E-06
       737  4.8927537E-03  6.0496933E-06
       738  4.9172788E-03  6.1104935E-06
       739  4.9419267E-03  6.1719048E-06
       740  4.9666982E-03  6.2339332E-06
       741  4.9915939E-03  6.2965851E-06
       742  5.0166144E-03  6.3598666E-06
       743  5.0417603E-03  6.4237841E-06
       744  5.0670322E-03  6.4883439E-06
       745  5.0924308E-03  6.5535526E-06
       746  5.1179567E-03  6.6194167E-06
       747  5.1436106E-03  6.6859427E-06
       748  5.1693930E-03  6.7531373E-06
       749  5.1953047E-03  6.8210071E-06
       750  5.2213463E-03  6.8895591E-06
       751  5.2475184E-03  6.9588001E-06
       752  5.2738217E-03  7.0287369E-06
       753  5.3002568E-03  7.0993766E-06
       754  5.3268245E-03  7.1707262E-06
       755  5.3535253E-03  7.2427930E-06
       756  5.3803600E-03  7.3155839E-06
       757  5.4073291E-03  7.3891065E-06
       758  5.4344335E-03  7.4633679E-06
       759  5.4616737E-03  7.5383757E-06
       760  5.4890504E-03  7.6141373E-06
       761  5.5165644E-03  7.6906603E-06
       762  5.5442163E-03  7.7679524E-06
       763  5.5720068E-03  7.8460213E-06
       764  5.5999366E-03  7.9248747E-06
       765  5.6280064E-03  8.0045207E-06
       766  5.6562169E-03  8.0849671E-06
       767  5.6845688E-03  8.1662220E-06
       768  5.7130628E-03  8.2482935E-06
       769  5.7416997E-03  8.3311898E-06
       770  5.7704801E-03  8.4149193E-06
       771  5.7994047E-03  8.4994902E-06
       772  5.8284744E-03  8.5849111E-06
       773  5.8576897E-03  8.6711905E-06
       774  5.8870515E-03  8.7583370E-06
       775  5.9165605E-03  8.8463593E-06
       776  5.9462174E-03  8.9352662E-06
       777  5.9760229E-03  9.0250667E-06
       778  6.0059778E-03  9.1157697E-06
       779  6.0360829E-03  9.2073842E-06
       780  6.0663389E-03  9.2999194E-06
       781  6.0967466E-03  9.3933847E-06
       782  6.1273066E-03  9.4877893E-06
       783  6.1580199E-03  9.5831426E-06
       784  6.1888871E-03  9.6794543E-06
       785  6.2199090E-03  9.7767339E-06
       786  6.2510864E-03  9.8749911E-06
       787  6.2824201E-03  9.9742359E-06
       788  6.3139109E-03  1.0074478E-05
       789  6.3455595E-03  1.0175728E-05
       790  6.3773668E-03  1.0277995E-05
       791  6.4093334E-03  1.0381290E-05
       792  6.4414604E-03  1.0485623E-05
       793  6.4737483E-03  1.0591005E-05
       794  6.5061981E-03  1.0697445E-05
       795  6.5388106E-03  1.0804956E-05
       796  6.5715865E-03  1.0913547E-05
       797  6.6045267E-03  1.1023229E-05
       798  6.6376320E-03  1.1134014E-05
       799  6.6709033E-03  1.1245912E-05
       800  6.7043413E-03  1.1358934E-05
       801  6.7379470E-03  1.1473093E-05
       802  6.7717211E-03  1.1588398E-05
       803  6.8056645E-03  1.1704863E-05
       804  6.8397780E-03  1.1822498E-05
       805  6.8740626E-03  1.1941315E-05
       806  6.9085189E-03  1.2061327E-05
       807  6.9431480E-03  1.2182544E-05
       808  6.9779507E-03  1.2304980E-05
       809  7.0129278E-03  1.2428646E-05
       810  7.0480803E-03  1.2553555E-05
       811  7.0834089E-03  1.2679720E-05
       812  7.1189147E-03  1.2807152E-05
       813  7.1545984E-03  1.2935865E-05
       814  7.1904609E-03  1.3065872E-05
       815  7.2265033E-03  1.3197185E-05
       816  7.2627263E-03  1.3329818E-05
       817  7.2991308E-03  1.3463784E-05
       818  7.3357179E-03  1.3599096E-05
       819  7.3724883E-03  1.3735768E-05
       820  7.4094431E-03  1.3873814E-05
       821  7.4465831E-03  1.4013247E-05
       822  7.4839092E-03  1.4154081E-05
       823  7.5214225E-03  1.4296331E-05
       824  7.5591238E-03  1.4440010E-05
       825  7.5970140E-03  1.4585134E-05
       826  7.6350942E-03  1.4731715E-05
       827  7.6733653E-03  1.4879770E-05
       828  7.7118282E-03  1.5029313E-05
       829  7.7504839E-03  1.5180359E-05
       830  7.7893334E-03  1.5332923E-05
       831  7.8283775E-03  1.5487020E-05
       832  7.8676175E-03  1.5642666E-05
       833  7.9070541E-03  1.5799876E-05
       834  7.9466883E-03  1.5958666E-05
       835  7.9865213E-03  1.6119051E-05
       836  8.0265539E-03  1.6281049E-05
       837  8.0667871E-03  1.6444675E-05
       838  8.1072221E-03  1.6609945E-05
       839  8.1478597E-03  1.6776876E-05
       840  8.1887010E-03  1.6945485E-05
       841  8.2297470E-03  1.7115788E-05
       842  8.2709988E-03  1.7287803E-05
       843  8.3124574E-03  1.7461547E-05
       844  8.3541237E-03  1.7637036E-05
       845  8.3959990E-03  1.7814290E-05
       846  8.4380841E-03  1.7993325E-05
       847  8.4803802E-03  1.8174159E-05
       848  8.5228882E-03  1.8356810E-05
       849  8.5656094E-03  1.8541297E-05
       850  8.6085447E-03  1.8727638E-05
       851  8.6516952E-03  1.8915852E-05
       852  8.6950620E-03  1.9105958E-05
       853  8.7386462E-03  1.9297974E-05
       854  8.7824488E-03  1.9491919E-05
       855  8.8264710E-03  1.9687814E-05
       856  8.8707139E-03  1.9885678E-05
       857  8.9151785E-03  2.0085530E-05
       858  8.9598661E-03  2.0287391E-05
       859  9.0047776E-03  2.0491280E-05
       860  9.0499142E-03  2.0697218E-05
       861  9.0952771E-03  2.0905226E-05
       862  9.1408674E-03  2.1115325E-05
       863  9.1866862E-03  2.1327535E-05
       864  9.2327346E-03  2.1541878E-05
       865  9.2790139E-03  2.1758374E-05
       866  9.3255251E-03  2.1977047E-05
       867  9.3722695E-03  2.2197917E-05
       868  9.4192482E-03  2.2421007E-05
       869  9.4664624E-03  2.2646339E-05
       870  9.5139132E-03  2.2873936E-05
       871  9.5616019E-03  2.3103820E-05
       872  9.6095297E-03  2.3336014E-05
       873  9.6576976E-03  2.3570541E-05
       874  9.7061070E-03  2.3807426E-05
       875  9.7547591E-03  2.4046692E-05
       876  9.8036550E-03  2.4288362E-05
       877  9.8527961E-03  2.4532460E-05
       878  9.9021834E-03  2.4779012E-05
       879  9.9518183E-03  2.5028042E-05
       880  1.0001702E-02  2.5279574E-05
       881  1.0051836E-02  2.5533635E-05
       882  1.0102221E-02  2.5790248E-05
       883  1.0152858E-02  2.6049441E-05
       884  1.0203750E-02  2.6311238E-05
       885  1.0254896E-02  2.6575666E-05
       886  1.0306299E-02  2.6842752E-05
       887  1.0357960E-02  2.7112522E-05
       888  1.0409879E-02  2.7385003E-05
       889  1.0462059E-02  2.7660223E-05
       890  1.0514500E-02  2.7938208E-05
       891  1.0567204E-02  2.8218988E-05
       892  1.0620173E-02  2.8502589E-05
       893  1.0673407E-02  2.8789040E-05
       894  1.0726907E-02  2.9078370E-05
       895  1.0780676E-02  2.9370607E-05
       896  1.0834714E-02  2.9665782E-05
       897  1.0889024E-02  2.9963923E-05
       898  1.0943605E-02  3.0265060E-05
       899  1.0998460E-02  3.0569224E-05
       900  1.1053590E-02  3.0876444E-05
       901  1.1108997E-02  3.1186752E-05
       902  1.1164681E-02  3.1500179E-05
       903  1.1220644E-02  3.1816755E-05
       904  1.1276888E-02  3.2136513E-05
       905  1.1333413E-02  3.2459484E-05
       906  1.1390222E-02  3.2785702E-05
       907  1.1447316E-02  3.3115197E-05
       908  1.1504696E-02  3.3448004E-05
       909  1.1562363E-02  3.3784156E-05
       910  1.1620320E-02  3.4123686E-05
       911  1.1678567E-02  3.4466628E-05
       912  1.1737106E-02  3.4813016E-05
       913  1.1795939E-02  3.5162886E-05
       914  1.1855066E-02  3.5516272E-05
       915  1.1914490E-02  3.5873209E-05
       916  1.1974211E-02  3.6233733E-05
       917  1.2034232E-02  3.6597881E-05
       918  1.2094554E-02  3.6965688E-05
       919  1.2155178E-02  3.7337192E-05
       920  1.2216106E-02  3.7712429E-05
       921  1.2277340E-02  3.8091437E-05
       922  1.2338880E-02  3.8474254E-05
       923  1.2400729E-02  3.8860918E-05
       924  1.2462888E-02  3.9251468E-05
       925  1.2525359E-02  3.9645943E-05
       926  1.2588142E-02  4.0044382E-05
       927  1.2651241E-02  4.0446826E-05
       928  1.2714655E-02  4.0853314E-05
       929  1.2778388E-02  4.1263887E-05
       930  1.2842440E-02  4.1678586E-05
       931  1.2906813E-02  4.2097453E-05
       932  1.2971508E-02  4.2520529E-05
       933  1.3036528E-02  4.2947857E-05
       934  1.3101874E-02  4.3379480E-05
       935  1.3167547E-02  4.3815440E-05
       936  1.3233550E-02  4.4255782E-05
       937  1.3299884E-02  4.4700549E-05
       938  1.3366549E-02  4.5149785E-05
       939  1.3433550E-02  4.5603536E-05
       940  1.3500886E-02  4.6061848E-05
       941  1.3568559E-02  4.6524765E-05
       942  1.3636572E-02  4.6992334E-05
       943  1.3704925E-02  4.7464602E-05
       944  1.3773622E-02  4.7941616E-05
       945  1.3842662E-02  4.8423425E-05
       946  1.3912049E-02  4.8910075E-05
       947  1.3981783E-02  4.9401615E-05
       948  1.4051867E-02  4.9898096E-05
       949  1.4122302E-02  5.0399566E-05
       950  1.4193091E-02  5.0906075E-05
       951  1.4264234E-02  5.1417675E-05
       952  1.4335734E-02  5.1934416E-05
       953  1.4407592E-02  5.2456350E-05
       954  1.4479810E-02  5.2983530E-05
       955  1.4552391E-02  5.3516007E-05
       956  1.4625335E-02  5.4053835E-05
       957  1.4698645E-02  5.4597069E-05
       958  1.4772322E-02  5.5145761E-05
       959  1.4846368E-02  5.5699968E-05
       960  1.4920786E-02  5.6259744E-05
       961  1.4995577E-02  5.6825146E-05
       962  1.5070742E-02  5.7396230E-05
       963  1.5146285E-02  5.7973052E-05
       964  1.5222206E-02  5.8555672E-05
       965  1.5298508E-02  5.9144147E-05
       966  1.5375192E-02  5.9738535E-05
       967  1.5452260E-02  6.0338897E-05
       968  1.5529715E-02  6.0945292E-05
       969  1.5607558E-02  6.1557781E-05
       970  1.5685791E-02  6.2176426E-05
       971  1.5764416E-02  6.2801287E-05
       972  1.5843436E-02  6.3432428E-05
       973  1.5922852E-02  6.4069911E-05
       974  1.6002665E-02  6.4713801E-05
       975  1.6082879E-02  6.5364162E-05
       976  1.6163495E-02  6.6021058E-05
       977  1.6244514E-02  6.6684556E-05
       978  1.6325940E-02  6.7354721E-05
       979  1.6407775E-02  6.8031621E-05
       980  1.6490019E-02  6.8715324E-05
       981  1.6572675E-02  6.9405897E-05
       982  1.6655746E-02  7.0103411E-05
       983  1.6739234E-02  7.0807934E-05
       984  1.6823139E-02  7.1519536E-05
       985  1.6907466E-02  7.2238290E-05
       986  1.6992215E-02  7.2964267E-05
       987  1.7077389E-02  7.3697540E-05
       988  1.7162989E-02  7.4438182E-05
       989  1.7249019E-02  7.5186266E-05
       990  1.7335480E-02  7.5941868E-05
       991  1.7422375E-02  7.6705064E-05
       992  1.7509705E-02  7.7475929E-05
       993  1.7597472E-02  7.8254540E-05
       994  1.7685680E-02  7.9040976E-05
       995  1.7774330E-02  7.9835316E-05
       996  1.7863424E-02  8.0637637E-05
       997  1.7952965E-02  8.1448022E-05
       998  1.8042955E-02  8.2266550E-05
       999  1.8133395E-02  8.3093304E-05
      1000  1.8224289E-02  8.3928366E-05
      1001  1.8315639E-02  8.4771820E-05
      1002  1.8407446E-02  8.5623750E-05
      1003  1.8499714E-02  8.6484241E-05
      1004  1.8592444E-02  8.7353379E-05
      1005  1.8685639E-02  8.8231251E-05
      1006  1.8779301E-02  8.9117946E-05
      1007  1.8873433E-02  9.0013550E-05
      1008  1.8968037E-02  9.0918155E-05
      1009  1.9063114E-02  9.1831851E-05
      1010  1.9158669E-02  9.2754728E-05
      1011  1.9254702E-02  9.3686879E-05
      1012  1.9351216E-02  9.4628397E-05
      1013  1.9448215E-02  9.5579377E-05
      1014  1.9545699E-02  9.6539914E-05
      1015  1.9643673E-02  9.7510103E-05
      1016  1.9742137E-02  9.8490041E-05
      1017  1.9841095E-02  9.9479827E-05
      1018  1.9940549E-02  1.0047956E-04
      1019  2.0040501E-02  1.0148934E-04
      1020  2.0140954E-02  1.0250926E-04
      1021  2.0241911E-02  1.0353944E-04
      1022  2.0343374E-02  1.0457997E-04
      1023  2.0445346E-02  1.0563095E-04
      1024  2.0547829E-02  1.0669249E-04
      1025  2.0650825E-02  1.0776471E-04
      1026  2.0754338E-02  1.0884769E-04
      1027  2.0858369E-02  1.0994156E-04
      1028  2.0962922E-02  1.1104642E-04
      1029  2.1068000E-02  1.1216239E-04
      1030  2.1173603E-02  1.1328957E-04
      1031  2.1279736E-02  1.1442807E-04
      1032  2.1386402E-02  1.1557802E-04
      1033  2.1493601E-02  1.1673952E-04
      1034  2.1601338E-02  1.1791270E-04
      1035  2.1709616E-02  1.1909766E-04
      1036  2.1818436E-02  1.2029453E-04
      1037  2.1927801E-02  1.2150343E-04
      1038  2.2037714E-02  1.2272447E-04
      1039  2.2148179E-02  1.2395779E-04
      1040  2.2259197E-02  1.2520349E-04
      1041  2.2370772E-02  1.2646172E-04
      1042  2.2482906E-02  1.2773259E-04
      1043  2.2595602E-02  1.2901623E-04
      1044  2.2708863E-02  1.3031277E-04
      1045  2.2822691E-02  1.3162234E-04
      1046  2.2937091E-02  1.3294507E-04
      1047  2.3052063E-02  1.3428108E-04
      1048  2.3167612E-02  1.3563053E-04
      1049  2.3283740E-02  1.3699353E-04
      1050  2.3400451E-02  1.3837023E-04
      1051  2.3517746E-02  1.3976077E-04
      1052  2.3635629E-02  1.4116528E-04
      1053  2.3754103E-02  1.4258390E-04
      1054  2.3873171E-02  1.4401677E-04
      1055  2.3992836E-02  1.4546405E-04
      1056  2.4113100E-02  1.4692586E-04
      1057  2.4233968E-02  1.4840237E-04
      1058  2.4355441E-02  1.4989371E-04
      1059  2.4477523E-02  1.5140004E-04
      1060  2.4600217E-02  1.5292150E-04
      1061  2.4723526E-02  1.5445826E-04
      1062  2.4847454E-02  1.5601045E-04
      1063  2.4972002E-02  1.5757824E-04
      1064  2.5097175E-02  1.5916179E-04
      1065  2.5222975E-02  1.6076125E-04
      1066  2.5349406E-02  1.6237677E-04
      1067  2.5476470E-02  1.6400854E-04
      1068  2.5604171E-02  1.6565670E-04
      1069  2.5732513E-02  1.6732142E-04
      1070  2.5861497E-02  1.6900286E-04
      1071  2.5991129E-02  1.7070121E-04
      1072  2.6121410E-02  1.7241662E-04
      1073  2.6252344E-02  1.7414926E-04
      1074  2.6383934E-02  1.7589932E-04
      1075  2.6516184E-02  1.7766696E-04
      1076  2.6649097E-02  1.7945236E-04
      1077  2.6782676E-02  1.8125570E-04
      1078  2.6916925E-02  1.8307716E-04
      1079  2.7051847E-02  1.8491693E-04
      1080  2.7187445E-02  1.8677518E-04
      1081  2.7323722E-02  1.8865210E-04
      1082  2.7460683E-02  1.9054788E-04
      1083  2.7598330E-02  1.9246271E-04
      1084  2.7736668E-02  1.9439678E-04
      1085  2.7875698E-02  1.9635029E-04
      1086  2.8015426E-02  1.9832342E-04
      1087  2.8155854E-02  2.0031638E-04
      1088  2.8296985E-02  2.0232936E-04
      1089  2.8438825E-02  2.0436257E-04
      1090  2.8581375E-02  2.0641621E-04
      1091  2.8724640E-02  2.0849048E-04
      1092  2.8868623E-02  2.1058560E-04
      1093  2.9013327E-02  2.1270176E-04
      1094  2.9158757E-02  2.1483919E-04
      1095  2.9304916E-02  2.1699810E-04
      1096  2.9451807E-02  2.1917870E-04
      1097  2.9599435E-02  2.2138120E-04
      1098  2.9747803E-02  2.2360584E-04
      1099  2.9896914E-02  2.2585283E-04
      1100  3.0046773E-02  2.2812240E-04
      1101  3.0197383E-02  2.3041477E-04
      1102  3.0348748E-02  2.3273017E-04
      1103  3.0500872E-02  2.3506884E-04
      1104  3.0653758E-02  2.3743100E-04
      1105  3.0807411E-02  2.3981690E-04
      1106  3.0961834E-02  2.4222677E-04
      1107  3.1117031E-02  2.4466086E-04
      1108  3.1273005E-02  2.4711940E-04
      1109  3.1429762E-02  2.4960264E-04
      1110  3.1587304E-02  2.5211083E-04
      1111  3.1745636E-02  2.5464422E-04
      1112  3.1904762E-02  2.5720307E-04
      1113  3.2064685E-02  2.5978762E-04
      1114  3.2225410E-02  2.6239814E-04
      1115  3.2386941E-02  2.6503489E-04
      1116  3.2549281E-02  2.6769814E-04
      1117  3.2712435E-02  2.7038814E-04
      1118  3.2876407E-02  2.7310517E-04
      1119  3.3041200E-02  2.7584949E-04
      1120  3.3206820E-02  2.7862139E-04
      1121  3.3373270E-02  2.8142114E-04
      1122  3.3540554E-02  2.8424901E-04
      1123  3.3708677E-02  2.8710530E-04
      1124  3.3877642E-02  2.8999028E-04
      1125  3.4047455E-02  2.9290425E-04
      1126  3.4218118E-02  2.9584750E-04
      1127  3.4389637E-02  2.9882031E-04
      1128  3.4562016E-02  3.0182300E-04
      1129  3.4735259E-02  3.0485585E-04
      1130  3.4909370E-02  3.0791917E-04
      1131  3.5084354E-02  3.1101326E-04
      1132  3.5260215E-02  3.1413844E-04
      1133  3.5436958E-02  3.1729502E-04
      1134  3.5614586E-02  3.2048331E-04
      1135  3.5793105E-02  3.2370364E-04
      1136  3.5972519E-02  3.2695631E-04
      1137  3.6152832E-02  3.3024167E-04
      1138  3.6334049E-02  3.3356003E-04
      1139  3.6516174E-02  3.3691172E-04
      1140  3.6699212E-02  3.4029709E-04
      1141  3.6883167E-02  3.4371647E-04
      1142  3.7068045E-02  3.4717020E-04
      1143  3.7253849E-02  3.5065863E-04
      1144  3.7440585E-02  3.5418211E-04
      1145  3.7628257E-02  3.5774098E-04
      1146  3.7816869E-02  3.6133560E-04
      1147  3.8006427E-02  3.6496634E-04
      1148  3.8196935E-02  3.6863355E-04
      1149  3.8388398E-02  3.7233760E-04
      1150  3.8580821E-02  3.7607886E-04
      1151  3.8774208E-02  3.7985770E-04
      1152  3.8968564E-02  3.8367451E-04
      1153  3.9163895E-02  3.8752966E-04
      1154  3.9360205E-02  3.9142354E-04
      1155  3.9557499E-02  3.9535653E-04
      1156  3.9755782E-02  3.9932904E-04
      1157  3.9955058E-02  4.0334145E-04
      1158  4.0155334E-02  4.0739416E-04
      1159  4.0356613E-02  4.1148759E-04
      1160  4.0558902E-02  4.1562214E-04
      1161  4.0762204E-02  4.1979823E-04
      1162  4.0966525E-02  4.2401626E-04
      1163  4.1171871E-02  4.2827666E-04
      1164  4.1378246E-02  4.3257986E-04
      1165  4.1585655E-02  4.3692629E-04
      1166  4.1794104E-02  4.4131638E-04
      1167  4.2003598E-02  4.4575057E-04
      1168  4.2214142E-02  4.5022930E-04
      1169  4.2425741E-02  4.5475302E-04
      1170  4.2638401E-02  4.5932218E-04
      1171  4.2852127E-02  4.6393724E-04
      1172  4.3066924E-02  4.6859865E-04
      1173  4.3282798E-02  4.7330689E-04
      1174  4.3499754E-02  4.7806242E-04
      1175  4.3717797E-02  4.8286572E-04
      1176  4.3936934E-02  4.8771726E-04
      1177  4.4157168E-02  4.9261754E-04
      1178  4.4378507E-02  4.9756704E-04
      1179  4.4600955E-02  5.0256625E-04
      1180  4.4824519E-02  5.0761568E-04
      1181  4.5049202E-02  5.1271583E-04
      1182  4.5275012E-02  5.1786720E-04
      1183  4.5501954E-02  5.2307032E-04
      1184  4.5730034E-02  5.2832570E-04
      1185  4.5959257E-02  5.3363386E-04
      1186  4.6189628E-02  5.3899534E-04
      1187  4.6421155E-02  5.4441067E-04
      1188  4.6653842E-02  5.4988039E-04
      1189  4.6887695E-02  5.5540505E-04
      1190  4.7122721E-02  5.6098519E-04
      1191  4.7358924E-02  5.6662138E-04
      1192  4.7596312E-02  5.7231419E-04
      1193  4.7834889E-02  5.7806416E-04
      1194  4.8074663E-02  5.8387189E-04
      1195  4.8315638E-02  5.8973795E-04
      1196  4.8557821E-02  5.9566292E-04
      1197  4.8801218E-02  6.0164740E-04
      1198  4.9045835E-02  6.0769199E-04
      1199  4.9291679E-02  6.1379728E-04
      1200  4.9538754E-02  6.1996388E-04
      1201  4.9787068E-02  6.2619242E-04
      1202  5.0036627E-02  6.3248352E-04
      1203  5.0287437E-02  6.3883779E-04
      1204  5.0539504E-02  6.4525588E-04
      1205  5.0792834E-02  6.5173842E-04
      1206  5.1047434E-02  6.5828607E-04
      1207  5.1303310E-02  6.6489947E-04
      1208  5.1560469E-02  6.7157929E-04
      1209  5.1818917E-02  6.7832619E-04
      1210  5.2078661E-02  6.8514085E-04
      1211  5.2339706E-02  6.9202394E-04
      1212  5.2602060E-02  6.9897615E-04
      1213  5.2865729E-02  7.0599818E-04
      1214  5.3130719E-02  7.1309073E-04
      1215  5.3397038E-02  7.2025450E-04
      1216  5.3664692E-02  7.2749020E-04
      1217  5.3933687E-02  7.3479857E-04
      1218  5.4204031E-02  7.4218033E-04
      1219  5.4475730E-02  7.4963621E-04
      1220  5.4748791E-02  7.5716696E-04
      1221  5.5023220E-02  7.6477333E-04
      1222  5.5299025E-02  7.7245608E-04
      1223  5.5576213E-02  7.8021597E-04
      1224  5.5854790E-02  7.8805379E-04
      1225  5.6134763E-02  7.9597030E-04
      1226  5.6416140E-02  8.0396631E-04
      1227  5.6698927E-02  8.1204260E-04
      1228  5.6983131E-02  8.2019999E-04
      1229  5.7268760E-02  8.2843928E-04
      1230  5.7555821E-02  8.3676130E-04
      1231  5.7844321E-02  8.4516688E-04
      1232  5.8134267E-02  8.5365686E-04
      1233  5.8425666E-02  8.6223208E-04
      1234  5.8718526E-02  8.7089340E-04
      1235  5.9012854E-02  8.7964168E-04
      1236  5.9308657E-02  8.8847779E-04
      1237  5.9605943E-02  8.9740262E-04
      1238  5.9904719E-02  9.0641705E-04
      1239  6.0204992E-02  9.1552199E-04
      1240  6.0506771E-02  9.2471834E-04
      1241  6.0810063E-02  9.3400701E-04
      1242  6.1114874E-02  9.4338894E-04
      1243  6.1421214E-02  9.5286506E-04
      1244  6.1729089E-02  9.6243631E-04
      1245  6.2038507E-02  9.7210365E-04
      1246  6.2349477E-02  9.8186804E-04
      1247  6.2662005E-02  9.9173046E-04
      1248  6.2976099E-02  1.0016919E-03
      1249  6.3291768E-02  1.0117533E-03
      1250  6.3609020E-02  1.0219157E-03
      1251  6.3927861E-02  1.0321802E-03
      1252  6.4248301E-02  1.0425476E-03
      1253  6.4570347E-02  1.0530192E-03
      1254  6.4894007E-02  1.0635959E-03
      1255  6.5219290E-02  1.0742787E-03
      1256  6.5546203E-02  1.0850688E-03
      1257  6.5874754E-02  1.0959671E-03
      1258  6.6204953E-02  1.1069749E-03
      1259  6.6536807E-02  1.1180932E-03
      1260  6.6870324E-02  1.1293230E-03
      1261  6.7205513E-02  1.1406656E-03
      1262  6.7542382E-02  1.1521220E-03
      1263  6.7880939E-02  1.1636935E-03
      1264  6.8221194E-02  1.1753810E-03
      1265  6.8563154E-02  1.1871859E-03
      1266  6.8906828E-02  1.1991092E-03
      1267  6.9252225E-02  1.2111522E-03
      1268  6.9599354E-02  1.2233161E-03
      1269  6.9948222E-02  1.2356021E-03
      1270  7.0298839E-02  1.2480113E-03
      1271  7.0651213E-02  1.2605451E-03
      1272  7.1005354E-02  1.2732047E-03
      1273  7.1361270E-02  1.2859913E-03
      1274  7.1718969E-02  1.2989063E-03
      1275  7.2078462E-02  1.3119508E-03
      1276  7.2439757E-02  1.3251263E-03
      1277  7.2802863E-02  1.3384340E-03
      1278  7.3167789E-02  1.3518752E-03
      1279  7.3534544E-02  1.3654513E-03
      1280  7.3903137E-02  1.3791636E-03
      1281  7.4273578E-02  1.3930136E-03
      1282  7.4645876E-02  1.4070025E-03
      1283  7.5020040E-02  1.4211317E-03
      1284  7.5396080E-02  1.4354028E-03
      1285  7.5774004E-02  1.4498170E-03
      1286  7.6153823E-02  1.4643759E-03
      1287  7.6535545E-02  1.4790808E-03
      1288  7.6919181E-02  1.4939333E-03
      1289  7.7304740E-02  1.5089347E-03
      1290  7.7692232E-02  1.5240867E-03
      1291  7.8081666E-02  1.5393908E-03
      1292  7.8473052E-02  1.5548483E-03
      1293  7.8866400E-02  1.5704609E-03
      1294  7.9261719E-02  1.5862302E-03
      1295  7.9659020E-02  1.6021577E-03
      1296  8.0058313E-02  1.6182449E-03
      1297  8.0459607E-02  1.6344935E-03
      1298  8.0862912E-02  1.6509051E-03
      1299  8.1268239E-02  1.6674814E-03
      1300  8.1675598E-02  1.6842239E-03
      1301  8.2084999E-02  1.7011344E-03
      1302  8.2496451E-02  1.7182145E-03
      1303  8.2909967E-02  1.7354659E-03
      1304  8.3325555E-02  1.7528904E-03
      1305  8.3743226E-02  1.7704896E-03
      1306  8.4162990E-02  1.7882654E-03
      1307  8.4584859E-02  1.8062194E-03
      1308  8.5008842E-02  1.8243535E-03
      1309  8.5434951E-02  1.8426695E-03
      1310  8.5863195E-02  1.8611692E-03
      1311  8.6293586E-02  1.8798544E-03
      1312  8.6726135E-02  1.8987269E-03
      1313  8.7160851E-02  1.9177888E-03
      1314  8.7597747E-02  1.9370418E-03
      1315  8.8036833E-02  1.9564879E-03
      1316  8.8478119E-02  1.9761290E-03
      1317  8.8921617E-02  1.9959670E-03
      1318  8.9367339E-02  2.0160040E-03
      1319  8.9815295E-02  2.0362419E-03
      1320  9.0265496E-02  2.0566827E-03
      1321  9.0717953E-02  2.0773284E-03
      1322  9.1172679E-02  2.0981812E-03
      1323  9.1629684E-02  2.1192430E-03
      1324  9.2088980E-02  2.1405160E-03
      1325  9.2550578E-02  2.1620023E-03
      1326  9.3014489E-02  2.1837040E-03
      1327  9.3480726E-02  2.2056232E-03
      1328  9.3949300E-02  2.2277622E-03
      1329  9.4420223E-02  2.2501231E-03
      1330  9.4893507E-02  2.2727082E-03
      1331  9.5369162E-02  2.2955197E-03
      1332  9.5847202E-02  2.3185598E-03
      1333  9.6327638E-02  2.3418309E-03
      1334  9.6810483E-02  2.3653353E-03
      1335  9.7295747E-02  2.3890752E-03
      1336  9.7783444E-02  2.4130531E-03
      1337  9.8273586E-02  2.4372713E-03
      1338  9.8766184E-02  2.4617322E-03
      1339  9.9261252E-02  2.4864383E-03
      1340  9.9758801E-02  2.5113919E-03
      1341  1.0025884E-01  2.5365957E-03
      1342  1.0076139E-01  2.5620520E-03
      1343  1.0126646E-01  2.5877634E-03
      1344  1.0177406E-01  2.6137324E-03
      1345  1.0228421E-01  2.6399617E-03
      1346  1.0279691E-01  2.6664538E-03
      1347  1.0331218E-01  2.6932113E-03
      1348  1.0383003E-01  2.7202369E-03
      1349  1.0435048E-01  2.7475333E-03
      1350  1.0487354E-01  2.7751032E-03
      1351  1.0539922E-01  2.8029492E-03
      1352  1.0592754E-01  2.8310743E-03
      1353  1.0645850E-01  2.8594811E-03
      1354  1.0699213E-01  2.8881724E-03
      1355  1.0752843E-01  2.9171512E-03
      1356  1.0806742E-01  2.9464202E-03
      1357  1.0860911E-01  2.9759825E-03
      1358  1.0915351E-01  3.0058408E-03
      1359  1.0970065E-01  3.0359981E-03
      1360  1.1025053E-01  3.0664575E-03
      1361  1.1080316E-01  3.0972220E-03
      1362  1.1135856E-01  3.1282946E-03
      1363  1.1191675E-01  3.1596783E-03
      1364  1.1247773E-01  3.1913763E-03
      1365  1.1304153E-01  3.2233917E-03
      1366  1.1360815E-01  3.2557277E-03
      1367  1.1417762E-01  3.2883875E-03
      1368  1.1474993E-01  3.3213743E-03
      1369  1.1532512E-01  3.3546914E-03
      1370  1.1590319E-01  3.3883420E-03
      1371  1.1648416E-01  3.4223295E-03
      1372  1.1706804E-01  3.4566573E-03
      1373  1.1765484E-01  3.4913287E-03
      1374  1.1824459E-01  3.5263472E-03
      1375  1.1883729E-01  3.5617162E-03
      1376  1.1943297E-01  3.5974392E-03
      1377  1.2003163E-01  3.6335198E-03
      1378  1.2063329E-01  3.6699615E-03
      1379  1.2123797E-01  3.7067680E-03
      1380  1.2184567E-01  3.7439427E-03
      1381  1.2245643E-01  3.7814895E-03
      1382  1.2307024E-01  3.8194120E-03
      1383  1.2368714E-01  3.8577140E-03
      1384  1.2430712E-01  3.8963993E-03
      1385  1.2493021E-01  3.9354716E-03
      1386  1.2555643E-01  3.9749348E-03
      1387  1.2618578E-01  4.0147929E-03
      1388  1.2681829E-01  4.0550496E-03
      1389  1.2745397E-01  4.0957092E-03
      1390  1.2809284E-01  4.1367754E-03
      1391  1.2873490E-01  4.1782524E-03
      1392  1.2938019E-01  4.2201443E-03
      1393  1.3002871E-01  4.2624552E-03
      1394  1.3068048E-01  4.3051893E-03
      1395  1.3133552E-01  4.3483507E-03
      1396  1.3199384E-01  4.3919438E-03
      1397  1.3265547E-01  4.4359728E-03
      1398  1.3332040E-01  4.4804420E-03
      1399  1.3398867E-01  4.5253559E-03
      1400  1.3466030E-01  4.5707189E-03
      1401  1.3533528E-01  4.6165354E-03
      1402  1.3601365E-01  4.6628100E-03
      1403  1.3669543E-01  4.7095471E-03
      1404  1.3738061E-01  4.7567514E-03
      1405  1.3806924E-01  4.8044276E-03
      1406  1.3876131E-01  4.8525803E-03
      1407  1.3945686E-01  4.9012143E-03
      1408  1.4015589E-01  4.9503343E-03
      1409  1.4085842E-01  4.9999452E-03
      1410  1.4156448E-01  5.0500518E-03
      1411  1.4227407E-01  5.1006592E-03
      1412  1.4298722E-01  5.1517722E-03
      1413  1.4370395E-01  5.2033958E-03
      1414  1.4442427E-01  5.2555353E-03
      1415  1.4514820E-01  5.3081955E-03
      1416  1.4587576E-01  5.3613819E-03
      1417  1.4660696E-01  5.4150995E-03
      1418  1.4734183E-01  5.4693536E-03
      1419  1.4808039E-01  5.5241496E-03
      1420  1.4882264E-01  5.5794928E-03
      1421  1.4956862E-01  5.6353887E-03
      1422  1.5031834E-01  5.6918428E-03
      1423  1.5107181E-01  5.7488605E-03
      1424  1.5182906E-01  5.8064476E-03
      1425  1.5259011E-01  5.8646095E-03
      1426  1.5335497E-01  5.9233521E-03
      1427  1.5412366E-01  5.9826811E-03
      1428  1.5489621E-01  6.0426022E-03
      1429  1.5567263E-01  6.1031214E-03
      1430  1.5645294E-01  6.1642447E-03
      1431  1.5723717E-01  6.2259778E-03
      1432  1.5802532E-01  6.2883271E-03
      1433  1.5881743E-01  6.3512984E-03
      1434  1.5961350E-01  6.4148980E-03
      1435  1.6041357E-01  6.4791322E-03
      1436  1.6121764E-01  6.5440071E-03
      1437  1.6202575E-01  6.6095291E-03
      1438  1.6283791E-01  6.6757047E-03
      1439  1.6365414E-01  6.7425403E-03
      1440  1.6447446E-01  6.8100424E-03
      1441  1.6529889E-01  6.8782177E-03
      1442  1.6612745E-01  6.9470728E-03
      1443  1.6696017E-01  7.0166143E-03
      1444  1.6779706E-01  7.0868492E-03
      1445  1.6863815E-01  7.1577842E-03
      1446  1.6948345E-01  7.2294264E-03
      1447  1.7033299E-01  7.3017825E-03
      1448  1.7118679E-01  7.3748598E-03
      1449  1.7204486E-01  7.4486654E-03
      1450  1.7290724E-01  7.5232064E-03
      1451  1.7377394E-01  7.5984901E-03
      1452  1.7464499E-01  7.6745239E-03
      1453  1.7552040E-01  7.7513151E-03
      1454  1.7640020E-01  7.8288712E-03
      1455  1.7728441E-01  7.9071998E-03
      1456  1.7817305E-01  7.9863085E-03
      1457  1.7906615E-01  8.0662050E-03
      1458  1.7996372E-01  8.1468971E-03
      1459  1.8086579E-01  8.2283925E-03
      1460  1.8177239E-01  8.3106993E-03
      1461  1.8268352E-01  8.3938255E-03
      1462  1.8359923E-01  8.4777790E-03
      1463  1.8451952E-01  8.5625682E-03
      1464  1.8544443E-01  8.6482011E-03
      1465  1.8637398E-01  8.7346861E-03
      1466  1.8730818E-01  8.8220316E-03
      1467  1.8824707E-01  8.9102461E-03
      1468  1.8919066E-01  8.9993382E-03
      1469  1.9013898E-01  9.0893164E-03
      1470  1.9109206E-01  9.1801895E-03
      1471  1.9204991E-01  9.2719662E-03
      1472  1.9301256E-01  9.3646556E-03
      1473  1.9398004E-01  9.4582665E-03
      1474  1.9495237E-01  9.5528080E-03
      1475  1.9592957E-01  9.6482893E-03
      1476  1.9691168E-01  9.7447196E-03
      1477  1.9789870E-01  9.8421082E-03
      1478  1.9889067E-01  9.9404645E-03
      1479  1.9988761E-01  1.0039798E-02
      1480  2.0088955E-01  1.0140119E-02
      1481  2.0189652E-01  1.0241435E-02
      1482  2.0290853E-01  1.0343759E-02
      1483  2.0392561E-01  1.0447098E-02
      1484  2.0494779E-01  1.0551464E-02
      1485  2.0597510E-01  1.0656865E-02
      1486  2.0700755E-01  1.0763313E-02
      1487  2.0804518E-01  1.0870818E-02
      1488  2.0908801E-01  1.0979390E-02
      1489  2.1013607E-01  1.1089039E-02
      1490  2.1118938E-01  1.1199776E-02
      1491  2.1224797E-01  1.1311612E-02
      1492  2.1331187E-01  1.1424557E-02
      1493  2.1438110E-01  1.1538622E-02
      1494  2.1545569E-01  1.1653819E-02
      1495  2.1653567E-01  1.1770157E-02
      1496  2.1762106E-01  1.1887650E-02
      1497  2.1871189E-01  1.2006306E-02
      1498  2.1980818E-01  1.2126139E-02
      1499  2.2090998E-01  1.2247160E-02
      1500  2.2201729E-01  1.2369380E-02
      1501  2.2313016E-01  1.2492810E-02
      1502  2.2424860E-01  1.2617463E-02
      1503  2.2537266E-01  1.2743351E-02
      1504  2.2650234E-01  1.2870486E-02
      1505  2.2763769E-01  1.2998879E-02
      1506  2.2877873E-01  1.3128544E-02
      1507  2.2992549E-01  1.3259492E-02
      1508  2.3107799E-01  1.3391736E-02
      1509  2.3223627E-01  1.3525288E-02
      1510  2.3340036E-01  1.3660162E-02
      1511  2.3457029E-01  1.3796370E-02
      1512  2.3574608E-01  1.3933925E-02
      1513  2.3692776E-01  1.4072841E-02
      1514  2.3811536E-01  1.4213130E-02
      1515  2.3930892E-01  1.4354806E-02
      1516  2.4050846E-01  1.4497882E-02
      1517  2.4171402E-01  1.4642372E-02
      1518  2.4292561E-01  1.4788290E-02
      1519  2.4414328E-01  1.4935649E-02
      1520  2.4536706E-01  1.5084464E-02
      1521  2.4659696E-01  1.5234748E-02
      1522  2.4783304E-01  1.5386517E-02
      1523  2.4907530E-01  1.5539783E-02
      1524  2.5032380E-01  1.5694563E-02
      1525  2.5157855E-01  1.5850869E-02
      1526  2.5283960E-01  1.6008718E-02
      1527  2.5410696E-01  1.6168124E-02
      1528  2.5538068E-01  1.6329103E-02
      1529  2.5666078E-01  1.6491668E-02
      1530  2.5794729E-01  1.6655836E-02
      1531  2.5924026E-01  1.6821623E-02
      1532  2.6053971E-01  1.6989043E-02
      1533  2.6184567E-01  1.7158113E-02
      1534  2.6315818E-01  1.7328849E-02
      1535  2.6447726E-01  1.7501266E-02
      1536  2.6580296E-01  1.7675380E-02
      1537  2.6713530E-01  1.7851209E-02
      1538  2.6847432E-01  1.8028769E-02
      1539  2.6982006E-01  1.8208076E-02
      1540  2.7117254E-01  1.8389147E-02
      1541  2.7253179E-01  1.8571999E-02
      1542  2.7389786E-01  1.8756649E-02
      1543  2.7527078E-01  1.8943115E-02
      1544  2.7665058E-01  1.9131413E-02
      1545  2.7803730E-01  1.9321563E-02
      1546  2.7943097E-01  1.9513580E-02
      1547  2.8083162E-01  1.9707484E-02
      1548  2.8223930E-01  1.9903292E-02
      1549  2.8365403E-01  2.0101023E-02
      1550  2.8507585E-01  2.0300694E-02
      1551  2.8650480E-01  2.0502325E-02
      1552  2.8794091E-01  2.0705934E-02
      1553  2.8938422E-01  2.0911541E-02
      1554  2.9083476E-01  2.1119163E-02
      1555  2.9229258E-01  2.1328822E-02
      1556  2.9375770E-01  2.1540535E-02
      1557  2.9523017E-01  2.1754323E-02
      1558  2.9671001E-01  2.1970205E-02
      1559  2.9819728E-01  2.2188201E-02
      1560  2.9969200E-01  2.2408332E-02
      1561  3.0119421E-01  2.2630617E-02
      1562  3.0270395E-01  2.2855078E-02
      1563  3.0422126E-01  2.3081735E-02
      1564  3.0574618E-01  2.3310609E-02
      1565  3.0727874E-01  2.3541720E-02
      1566  3.0881898E-01  2.3775091E-02
      1567  3.1036694E-01  2.4010742E-02
      1568  3.1192266E-01  2.4248695E-02
      1569  3.1348618E-01  2.4488972E-02
      1570  3.1505754E-01  2.4731596E-02
      1571  3.1663677E-01  2.4976587E-02
      1572  3.1822392E-01  2.5223969E-02
      1573  3.1981902E-01  2.5473764E-02
      1574  3.2142212E-01  2.5725995E-02
      1575  3.2303326E-01  2.5980685E-02
      1576  3.2465247E-01  2.6237857E-02
      1577  3.2627979E-01  2.6497535E-02
      1578  3.2791528E-01  2.6759741E-02
      1579  3.2955896E-01  2.7024501E-02
      1580  3.3121088E-01  2.7291837E-02
      1581  3.3287108E-01  2.7561775E-02
      1582  3.3453961E-01  2.7834338E-02
      1583  3.3621649E-01  2.8109551E-02
      1584  3.3790179E-01  2.8387440E-02
      1585  3.3959553E-01  2.8668028E-02
      1586  3.4129776E-01  2.8951342E-02
      1587  3.4300852E-01  2.9237407E-02
      1588  3.4472785E-01  2.9526248E-02
      1589  3.4645581E-01  2.9817892E-02
      1590  3.4819243E-01  3.0112365E-02
      1591  3.4993775E-01  3.0409693E-02
      1592  3.5169182E-01  3.0709902E-02
      1593  3.5345468E-01  3.1013020E-02
      1594  3.5522638E-01  3.1319073E-02
      1595  3.5700696E-01  3.1628090E-02
      1596  3.5879647E-01  3.1940096E-02
      1597  3.6059494E-01  3.2255121E-02
      1598  3.6240243E-01  3.2573192E-02
      1599  3.6421898E-01  3.2894337E-02
      1600  3.6604463E-01  3.3218585E-02
      1601  3.6787944E-01  3.3545964E-02
      1602  3.6972344E-01  3.3876504E-02
      1603  3.7157669E-01  3.4210234E-02
      1604  3.7343923E-01  3.4547182E-02
      1605  3.7531110E-01  3.4887379E-02
      1606  3.7719235E-01  3.5230855E-02
      1607  3.7908304E-01  3.5577639E-02
      1608  3.8098320E-01  3.5927762E-02
      1609  3.8289289E-01  3.6281255E-02
      1610  3.8481214E-01  3.6638148E-02
      1611  3.8674102E-01  3.6998473E-02
      1612  3.8867957E-01  3.7362262E-02
      1613  3.9062784E-01  3.7729545E-02
      1614  3.9258587E-01  3.8100354E-02
      1615  3.9455371E-01  3.8474723E-02
      1616  3.9653142E-01  3.8852682E-02
      1617  3.9851904E-01  3.9234266E-02
      1618  4.0051663E-01  3.9619507E-02
      1619  4.0252422E-01  4.0008437E-02
      1620  4.0454189E-01  4.0401091E-02
      1621  4.0656966E-01  4.0797502E-02
      1622  4.0860760E-01  4.1197705E-02
      1623  4.1065575E-01  4.1601733E-02
      1624  4.1271417E-01  4.2009621E-02
      1625  4.1478291E-01  4.2421403E-02
      1626  4.1686202E-01  4.2837116E-02
      1627  4.1895155E-01  4.3256794E-02
      1628  4.2105155E-01  4.3680473E-02
      1629  4.2316208E-01  4.4108188E-02
      1630  4.2528319E-01  4.4539977E-02
      1631  4.2741493E-01  4.4975874E-02
      1632  4.2955736E-01  4.5415918E-02
      1633  4.3171052E-01  4.5860145E-02
      1634  4.3387448E-01  4.6308592E-02
      1635  4.3604929E-01  4.6761296E-02
      1636  4.3823499E-01  4.7218297E-02
      1637  4.4043165E-01  4.7679631E-02
      1638  4.4263933E-01  4.8145338E-02
      1639  4.4485807E-01  4.8615455E-02
      1640  4.4708793E-01  4.9090023E-02
      1641  4.4932896E-01  4.9569079E-02
      1642  4.5158123E-01  5.0052665E-02
      1643  4.5384480E-01  5.0540818E-02
      1644  4.5611970E-01  5.1033581E-02
      1645  4.5840601E-01  5.1530992E-02
      1646  4.6070378E-01  5.2033093E-02
      1647  4.6301307E-01  5.2539925E-02
      1648  4.6533393E-01  5.3051529E-02
      1649  4.6766643E-01  5.3567946E-02
      1650  4.7001061E-01  5.4089219E-02
      1651  4.7236655E-01  5.4615389E-02
      1652  4.7473430E-01  5.5146500E-02
      1653  4.7711392E-01  5.5682593E-02
      1654  4.7950546E-01  5.6223712E-02
      1655  4.8190899E-01  5.6769901E-02
      1656  4.8432457E-01  5.7321202E-02
      1657  4.8675226E-01  5.7877660E-02
      1658  4.8919211E-01  5.8439318E-02
      1659  4.9164420E-01  5.9006222E-02
      1660  4.9410857E-01  5.9578417E-02
      1661  4.9658530E-01  6.0155947E-02
      1662  4.9907445E-01  6.0738857E-02
      1663  5.0157607E-01  6.1327194E-02
      1664  5.0409023E-01  6.1921004E-02
      1665  5.0661699E-01  6.2520332E-02
      1666  5.0915642E-01  6.3125225E-02
      1667  5.1170858E-01  6.3735731E-02
      1668  5.1427353E-01  6.4351896E-02
      1669  5.1685133E-01  6.4973768E-02
      1670  5.1944206E-01  6.5601394E-02
      1671  5.2204578E-01  6.6234823E-02
      1672  5.2466254E-01  6.6874103E-02
      1673  5.2729242E-01  6.7519282E-02
      1674  5.2993549E-01  6.8170410E-02
      1675  5.3259180E-01  6.8827536E-02
      1676  5.3526143E-01  6.9490708E-02
      1677  5.3794444E-01  7.0159978E-02
      1678  5.4064090E-01  7.0835395E-02
      1679  5.4335087E-01  7.1517009E-02
      1680  5.4607443E-01  7.2204871E-02
      1681  5.4881164E-01  7.2899032E-02
      1682  5.5156257E-01  7.3599543E-02
      1683  5.5432728E-01  7.4306456E-02
      1684  5.5710586E-01  7.5019822E-02
      1685  5.5989837E-01  7.5739694E-02
      1686  5.6270487E-01  7.6466123E-02
      1687  5.6552544E-01  7.7199162E-02
      1688  5.6836015E-01  7.7938865E-02
      1689  5.7120906E-01  7.8685284E-02
      1690  5.7407226E-01  7.9438473E-02
      1691  5.7694981E-01  8.0198485E-02
      1692  5.7984178E-01  8.0965374E-02
      1693  5.8274825E-01  8.1739194E-02
      1694  5.8566929E-01  8.2520001E-02
      1695  5.8860497E-01  8.3307847E-02
      1696  5.9155536E-01  8.4102790E-02
      1697  5.9452055E-01  8.4904882E-02
      1698  5.9750059E-01  8.5714181E-02
      1699  6.0049558E-01  8.6530741E-02
      1700  6.0350558E-01  8.7354619E-02
      1701  6.0653066E-01  8.8185870E-02
      1702  6.0957091E-01  8.9024551E-02
      1703  6.1262639E-01  8.9870719E-02
      1704  6.1569720E-01  9.0724430E-02
      1705  6.1878339E-01  9.1585742E-02
      1706  6.2188506E-01  9.2454711E-02
      1707  6.2500227E-01  9.3331394E-02
      1708  6.2813511E-01  9.4215851E-02
      1709  6.3128365E-01  9.5108138E-02
      1710  6.3444797E-01  9.6008313E-02
      1711  6.3762815E-01  9.6916435E-02
      1712  6.4082428E-01  9.7832562E-02
      1713  6.4403642E-01  9.8756752E-02
      1714  6.4726467E-01  9.9689065E-02
      1715  6.5050909E-01  1.0062956E-01
      1716  6.5376979E-01  1.0157829E-01
      1717  6.5704682E-01  1.0253533E-01
      1718  6.6034028E-01  1.0350072E-01
      1719  6.6365025E-01  1.0447453E-01
      1720  6.6697681E-01  1.0545682E-01
      1721  6.7032005E-01  1.0644764E-01
      1722  6.7368004E-01  1.0744707E-01
      1723  6.7705687E-01  1.0845515E-01
      1724  6.8045064E-01  1.0947195E-01
      1725  6.8386141E-01  1.1049752E-01
      1726  6.8728928E-01  1.1153193E-01
      1727  6.9073433E-01  1.1257525E-01
      1728  6.9419665E-01  1.1362752E-01
      1729  6.9767633E-01  1.1468881E-01
      1730  7.0117344E-01  1.1575917E-01
      1731  7.0468809E-01  1.1683868E-01
      1732  7.0822035E-01  1.1792739E-01
      1733  7.1177032E-01  1.1902536E-01
      1734  7.1533809E-01  1.2013265E-01
      1735  7.1892373E-01  1.2124933E-01
      1736  7.2252735E-01  1.2237544E-01
      1737  7.2614904E-01  1.2351106E-01
      1738  7.2978887E-01  1.2465625E-01
      1739  7.3344696E-01  1.2581105E-01
      1740  7.3712337E-01  1.2697555E-01
      1741  7.4081822E-01  1.2814978E-01
      1742  7.4453159E-01  1.2933382E-01
      1743  7.4826357E-01  1.3052773E-01
      1744  7.5201425E-01  1.3173156E-01
      1745  7.5578374E-01  1.3294538E-01
      1746  7.5957212E-01  1.3416924E-01
      1747  7.6337949E-01  1.3540320E-01
      1748  7.6720595E-01  1.3664733E-01
      1749  7.7105159E-01  1.3790168E-01
      1750  7.7491650E-01  1.3916632E-01
      1751  7.7880078E-01  1.4044129E-01
      1752  7.8270454E-01  1.4172666E-01
      1753  7.8662786E-01  1.4302249E-01
      1754  7.9057085E-01  1.4432884E-01
      1755  7.9453360E-01  1.4564576E-01
      1756  7.9851622E-01  1.4697331E-01
      1757  8.0251880E-01  1.4831154E-01
      1758  8.0654144E-01  1.4966052E-01
      1759  8.1058425E-01  1.5102030E-01
      1760  8.1464732E-01  1.5239094E-01
      1761  8.1873075E-01  1.5377249E-01
      1762  8.2283466E-01  1.5516501E-01
      1763  8.2695913E-01  1.5656855E-01
      1764  8.3110428E-01  1.5798316E-01
      1765  8.3527021E-01  1.5940891E-01
      1766  8.3945702E-01  1.6084584E-01
      1767  8.4366482E-01  1.6229400E-01
      1768  8.4789370E-01  1.6375345E-01
      1769  8.5214379E-01  1.6522425E-01
      1770  8.5641518E-01  1.6670643E-01
      1771  8.6070798E-01  1.6820006E-01
      1772  8.6502229E-01  1.6970517E-01
      1773  8.6935824E-01  1.7122183E-01
      1774  8.7371591E-01  1.7275007E-01
      1775  8.7809543E-01  1.7428995E-01
      1776  8.8249690E-01  1.7584151E-01
      1777  8.8692044E-01  1.7740480E-01
      1778  8.9136614E-01  1.7897986E-01
      1779  8.9583414E-01  1.8056674E-01
      1780  9.0032452E-01  1.8216549E-01
      1781  9.0483742E-01  1.8377613E-01
      1782  9.0937293E-01  1.8539872E-01
      1783  9.1393119E-01  1.8703330E-01
      1784  9.1851228E-01  1.8867990E-01
      1785  9.2311635E-01  1.9033857E-01
      1786  9.2774349E-01  1.9200934E-01
      1787  9.3239382E-01  1.9369225E-01
      1788  9.3706746E-01  1.9538733E-01
      1789  9.4176453E-01  1.9709461E-01
      1790  9.4648515E-01  1.9881414E-01
      1791  9.5122942E-01  2.0054594E-01
      1792  9.5599748E-01  2.0229004E-01
      1793  9.6078944E-01  2.0404647E-01
      1794  9.6560542E-01  2.0581526E-01
      1795  9.7044553E-01  2.0759644E-01
      1796  9.7530991E-01  2.0939002E-01
      1797  9.8019867E-01  2.1119604E-01
      1798  9.8511194E-01  2.1301451E-01
      1799  9.9004983E-01  2.1484546E-01
      1800  9.9501248E-01  2.1668890E-01
      1801  1.0000000E+00  2.1854485E-01
      1802  1.0050125E+00  2.2041332E-01
      1803  1.0100502E+00  2.2229434E-01
      1804  1.0151131E+00  2.2418790E-01
      1805  1.0202013E+00  2.2609402E-01
      1806  1.0253151E+00  2.2801271E-01
      1807  1.0304545E+00  2.2994398E-01
      1808  1.0356197E+00  2.3188782E-01
      1809  1.0408108E+00  2.3384425E-01
      1810  1.0460279E+00  2.3581325E-01
      1811  1.0512711E+00  2.3779483E-01
      1812  1.0565406E+00  2.3978898E-01
      1813  1.0618365E+00  2.4179570E-01
      1814  1.0671590E+00  2.4381498E-01
      1815  1.0725082E+00  2.4584680E-01
      1816  1.0778842E+00  2.4789116E-01
      1817  1.0832871E+00  2.4994803E-01
      1818  1.0887171E+00  2.5201740E-01
      1819  1.0941743E+00  2.5409924E-01
      1820  1.0996589E+00  2.5619354E-01
      1821  1.1051709E+00  2.5830026E-01
      1822  1.1107106E+00  2.6041938E-01
      1823  1.1162781E+00  2.6255086E-01
      1824  1.1218734E+00  2.6469467E-01
      1825  1.1274969E+00  2.6685077E-01
      1826  1.1331485E+00  2.6901913E-01
      1827  1.1388284E+00  2.7119968E-01
      1828  1.1445368E+00  2.7339240E-01
      1829  1.1502738E+00  2.7559723E-01
      1830  1.1560396E+00  2.7781411E-01
      1831  1.1618342E+00  2.8004298E-01
      1832  1.1676580E+00  2.8228380E-01
      1833  1.1735109E+00  2.8453649E-01
      1834  1.1793931E+00  2.8680098E-01
      1835  1.1853049E+00  2.8907722E-01
      1836  1.1912462E+00  2.9136511E-01
      1837  1.1972174E+00  2.9366458E-01
      1838  1.2032184E+00  2.9597556E-01
      1839  1.2092496E+00  2.9829795E-01
      1840  1.2153110E+00  3.0063167E-01
      1841  1.2214028E+00  3.0297661E-01
      1842  1.2275251E+00  3.0533269E-01
      1843  1.2336781E+00  3.0769981E-01
      1844  1.2398619E+00  3.1007784E-01
      1845  1.2460767E+00  3.1246669E-01
      1846  1.2523227E+00  3.1486624E-01
      1847  1.2586000E+00  3.1727637E-01
      1848  1.2649088E+00  3.1969695E-01
      1849  1.2712492E+00  3.2212786E-01
      1850  1.2776213E+00  3.2456896E-01
      1851  1.2840254E+00  3.2702012E-01
      1852  1.2904616E+00  3.2948118E-01
      1853  1.2969301E+00  3.3195201E-01
      1854  1.3034310E+00  3.3443246E-01
      1855  1.3099645E+00  3.3692235E-01
      1856  1.3165307E+00  3.3942154E-01
      1857  1.3231298E+00  3.4192984E-01
      1858  1.3297620E+00  3.4444709E-01
      1859  1.3364275E+00  3.4697311E-01
      1860  1.3431264E+00  3.4950772E-01
      1861  1.3498588E+00  3.5205072E-01
      1862  1.3566250E+00  3.5460191E-01
      1863  1.3634251E+00  3.5716110E-01
      1864  1.3702593E+00  3.5972808E-01
      1865  1.3771278E+00  3.6230264E-01
      1866  1.3840306E+00  3.6488455E-01
      1867  1.3909681E+00  3.6747359E-01
      1868  1.3979404E+00  3.7006954E-01
      1869  1.4049476E+00  3.7267214E-01
      1870  1.4119899E+00  3.7528117E-01
      1871  1.4190675E+00  3.7789637E-01
      1872  1.4261807E+00  3.8051748E-01
      1873  1.4333294E+00  3.8314424E-01
      1874  1.4405140E+00  3.8577638E-01
      1875  1.4477346E+00  3.8841363E-01
      1876  1.4549914E+00  3.9105570E-01
      1877  1.4622846E+00  3.9370230E-01
      1878  1.4696143E+00  3.9635315E-01
      1879  1.4769808E+00  3.9900793E-01
      1880  1.4843842E+00  4.0166633E-01
      1881  1.4918247E+00  4.0432805E-01
      1882  1.4993025E+00  4.0699275E-01
      1883  1.5068178E+00  4.0966010E-01
      1884  1.5143707E+00  4.1232978E-01
      1885  1.5219616E+00  4.1500142E-01
      1886  1.5295904E+00  4.1767469E-01
      1887  1.5372575E+00  4.2034921E-01
      1888  1.5449631E+00  4.2302463E-01
      1889  1.5527072E+00  4.2570057E-01
      1890  1.5604902E+00  4.2837665E-01
      1891  1.5683122E+00  4.3105248E-01
      1892  1.5761734E+00  4.3372765E-01
      1893  1.5840740E+00  4.3640178E-01
      1894  1.5920142E+00  4.3907445E-01
      1895  1.5999942E+00  4.4174523E-01
      1896  1.6080142E+00  4.4441371E-01
      1897  1.6160744E+00  4.4707944E-01
      1898  1.6241750E+00  4.4974199E-01
      1899  1.6323162E+00  4.5240091E-01
      1900  1.6404982E+00  4.5505574E-01
      1901  1.6487213E+00  4.5770601E-01
      1902  1.6569855E+00  4.6035126E-01
      1903  1.6652912E+00  4.6299101E-01
      1904  1.6736385E+00  4.6562476E-01
      1905  1.6820276E+00  4.6825203E-01
      1906  1.6904588E+00  4.7087232E-01
      1907  1.6989323E+00  4.7348510E-01
      1908  1.7074482E+00  4.7608988E-01
      1909  1.7160069E+00  4.7868613E-01
      1910  1.7246084E+00  4.8127330E-01
      1911  1.7332530E+00  4.8385088E-01
      1912  1.7419410E+00  4.8641831E-01
      1913  1.7506725E+00  4.8897504E-01
      1914  1.7594478E+00  4.9152051E-01
      1915  1.7682671E+00  4.9405416E-01
      1916  1.7771305E+00  4.9657542E-01
      1917  1.7860384E+00  4.9908370E-01
      1918  1.7949910E+00  5.0157842E-01
      1919  1.8039884E+00  5.0405900E-01
      1920  1.8130309E+00  5.0652483E-01
      1921  1.8221188E+00  5.0897532E-01
      1922  1.8312522E+00  5.1140985E-01
      1923  1.8404314E+00  5.1382781E-01
      1924  1.8496566E+00  5.1622858E-01
      1925  1.8589280E+00  5.1861153E-01
      1926  1.8682460E+00  5.2097604E-01
      1927  1.8776106E+00  5.2332148E-01
      1928  1.8870221E+00  5.2564719E-01
      1929  1.8964809E+00  5.2795255E-01
      1930  1.9059870E+00  5.3023691E-01
      1931  1.9155408E+00  5.3249960E-01
      1932  1.9251425E+00  5.3473999E-01
      1933  1.9347923E+00  5.3695741E-01
      1934  1.9444905E+00  5.3915121E-01
      1935  1.9542373E+00  5.4132072E-01
      1936  1.9640330E+00  5.4346528E-01
      1937  1.9738777E+00  5.4558422E-01
      1938  1.9837718E+00  5.4767687E-01
      1939  1.9937155E+00  5.4974258E-01
      1940  2.0037091E+00  5.5178067E-01
      1941  2.0137527E+00  5.5379047E-01
      1942  2.0238467E+00  5.5577132E-01
      1943  2.0339913E+00  5.5772254E-01
      1944  2.0441867E+00  5.5964348E-01
      1945  2.0544332E+00  5.6153347E-01
      1946  2.0647311E+00  5.6339184E-01
      1947  2.0750806E+00  5.6521795E-01
      1948  2.0854820E+00  5.6701112E-01
      1949  2.0959355E+00  5.6877072E-01
      1950  2.1064414E+00  5.7049610E-01
      1951  2.1170000E+00  5.7218661E-01
      1952  2.1276115E+00  5.7384161E-01
      1953  2.1382762E+00  5.7546048E-01
      1954  2.1489944E+00  5.7704260E-01
      1955  2.1597663E+00  5.7858734E-01
      1956  2.1705921E+00  5.8009411E-01
      1957  2.1814723E+00  5.8156230E-01
      1958  2.1924069E+00  5.8299131E-01
      1959  2.2033964E+00  5.8438058E-01
      1960  2.2144410E+00  5.8572954E-01
      1961  2.2255409E+00  5.8703762E-01
      1962  2.2366965E+00  5.8830429E-01
      1963  2.2479080E+00  5.8952900E-01
      1964  2.2591757E+00  5.9071125E-01
      1965  2.2704998E+00  5.9185053E-01
      1966  2.2818808E+00  5.9294634E-01
      1967  2.2933187E+00  5.9399823E-01
      1968  2.3048140E+00  5.9500572E-01
      1969  2.3163670E+00  5.9596838E-01
      1970  2.3279778E+00  5.9688579E-01
      1971  2.3396469E+00  5.9775755E-01
      1972  2.3513744E+00  5.9858327E-01
      1973  2.3631607E+00  5.9936259E-01
      1974  2.3750061E+00  6.0009517E-01
      1975  2.3869109E+00  6.0078068E-01
      1976  2.3988753E+00  6.0141882E-01
      1977  2.4108997E+00  6.0200932E-01
      1978  2.4229844E+00  6.0255193E-01
      1979  2.4351297E+00  6.0304640E-01
      1980  2.4473358E+00  6.0349254E-01
      1981  2.4596031E+00  6.0389015E-01
      1982  2.4719319E+00  6.0423909E-01
      1983  2.4843225E+00  6.0453922E-01
      1984  2.4967753E+00  6.0479043E-01
      1985  2.5092904E+00  6.0499263E-01
      1986  2.5218683E+00  6.0514578E-01
      1987  2.5345092E+00  6.0524983E-01
      1988  2.5472135E+00  6.0530478E-01
      1989  2.5599814E+00  6.0531065E-01
      1990  2.5728134E+00  6.0526748E-01
      1991  2.5857097E+00  6.0517533E-01
      1992  2.5986706E+00  6.0503430E-01
      1993  2.6116965E+00  6.0484449E-01
      1994  2.6247877E+00  6.0460604E-01
      1995  2.6379445E+00  6.0431911E-01
      1996  2.6511672E+00  6.0398387E-01
      1997  2.6644562E+00  6.0360050E-01
      1998  2.6778119E+00  6.0316921E-01
      1999  2.6912345E+00  6.0269023E-01
      2000  2.7047243E+00  6.0216378E-01
      2001  2.7182818E+00  6.0159011E-01
      2002  2.7319073E+00  6.0096945E-01
      2003  2.7456010E+00  6.0030206E-01
      2004  2.7593634E+00  5.9958819E-01
      2005  2.7731948E+00  5.9882812E-01
      2006  2.7870955E+00  5.9802210E-01
      2007  2.8010658E+00  5.9717042E-01
      2008  2.8151062E+00  5.9627335E-01
      2009  2.8292170E+00  5.9533119E-01
      2010  2.8433985E+00  5.9434422E-01
      2011  2.8576511E+00  5.9331275E-01
      2012  2.8719752E+00  5.9223708E-01
      2013  2.8863710E+00  5.9111752E-01
      2014  2.9008390E+00  5.8995440E-01
      2015  2.9153795E+00  5.8874802E-01
      2016  2.9299929E+00  5.8749872E-01
      2017  2.9446796E+00  5.8620683E-01
      2018  2.9594398E+00  5.8487268E-01
      2019  2.9742741E+00  5.8349663E-01
      2020  2.9891827E+00  5.8207903E-01
      2021  3.0041660E+00  5.8062022E-01
      2022  3.0192245E+00  5.7912056E-01
      2023  3.0343584E+00  5.7758042E-01
      2024  3.0495682E+00  5.7600018E-01
      2025  3.0648542E+00  5.7438019E-01
      2026  3.0802168E+00  5.7272085E-01
      2027  3.0956565E+00  5.7102254E-01
      2028  3.1111735E+00  5.6928565E-01
      2029  3.1267684E+00  5.6751057E-01
      2030  3.1424414E+00  5.6569769E-01
      2031  3.1581929E+00  5.6384743E-01
      2032  3.1740234E+00  5.6196019E-01
      2033  3.1899333E+00  5.6003639E-01
      2034  3.2059229E+00  5.5807643E-01
      2035  3.2219926E+00  5.5608074E-01
      2036  3.2381429E+00  5.5404975E-01
      2037  3.2543742E+00  5.5198389E-01
      2038  3.2706868E+00  5.4988358E-01
      2039  3.2870812E+00  5.4774927E-01
      2040  3.3035578E+00  5.4558141E-01
      2041  3.3201169E+00  5.4338042E-01
      2042  3.3367591E+00  5.4114677E-01
      2043  3.3534847E+00  5.3888092E-01
      2044  3.3702941E+00  5.3658330E-01
      2045  3.3871877E+00  5.3425440E-01
      2046  3.4041661E+00  5.3189467E-01
      2047  3.4212295E+00  5.2950458E-01
      2048  3.4383785E+00  5.2708460E-01
      2049  3.4556135E+00  5.2463522E-01
      2050  3.4729348E+00  5.2215690E-01
      2051  3.4903430E+00  5.1965013E-01
      2052  3.5078384E+00  5.1711540E-01
      2053  3.5254215E+00  5.1455319E-01
      2054  3.5430927E+00  5.1196400E-01
      2055  3.5608526E+00  5.0934833E-01
      2056  3.5787014E+00  5.0670666E-01
      2057  3.5966397E+00  5.0403951E-01
      2058  3.6146680E+00  5.0134737E-01
      2059  3.6327866E+00  4.9863075E-01
      2060  3.6509960E+00  4.9589017E-01
      2061  3.6692967E+00  4.9312613E-01
      2062  3.6876891E+00  4.9033915E-01
      2063  3.7061737E+00  4.8752974E-01
      2064  3.7247510E+00  4.8469843E-01
      2065  3.7434214E+00  4.8184574E-01
      2066  3.7621854E+00  4.7897218E-01
      2067  3.7810434E+00  4.7607830E-01
      2068  3.7999959E+00  4.7316461E-01
      2069  3.8190435E+00  4.7023165E-01
      2070  3.8381865E+00  4.6727995E-01
      2071  3.8574255E+00  4.6431004E-01
      2072  3.8767610E+00  4.6132246E-01
      2073  3.8961933E+00  4.5831775E-01
      2074  3.9157231E+00  4.5529644E-01
      2075  3.9353507E+00  4.5225907E-01
      2076  3.9550767E+00  4.4920619E-01
      2077  3.9749016E+00  4.4613834E-01
      2078  3.9948259E+00  4.4305607E-01
      2079  4.0148501E+00  4.3995991E-01
      2080  4.0349746E+00  4.3685041E-01
      2081  4.0552000E+00  4.3372812E-01
      2082  4.0755267E+00  4.3059359E-01
      2083  4.0959554E+00  4.2744736E-01
      2084  4.1164865E+00  4.2428998E-01
      2085  4.1371204E+00  4.2112199E-01
      2086  4.1578578E+00  4.1794395E-01
      2087  4.1786992E+00  4.1475640E-01
      2088  4.1996450E+00  4.1155989E-01
      2089  4.2206958E+00  4.0835496E-01
      2090  4.2418521E+00  4.0514216E-01
      2091  4.2631145E+00  4.0192203E-01
      2092  4.2844835E+00  3.9869512E-01
      2093  4.3059595E+00  3.9546197E-01
      2094  4.3275432E+00  3.9222312E-01
      2095  4.3492351E+00  3.8897912E-01
      2096  4.3710358E+00  3.8573049E-01
      2097  4.3929457E+00  3.8247777E-01
      2098  4.4149654E+00  3.7922151E-01
      2099  4.4370955E+00  3.7596222E-01
      2100  4.4593366E+00  3.7270045E-01
      2101  4.4816891E+00  3.6943671E-01
      2102  4.5041536E+00  3.6617153E-01
      2103  4.5267308E+00  3.6290543E-01
      2104  4.5494211E+00  3.5963893E-01
      2105  4.5722252E+00  3.5637254E-01
      2106  4.5951436E+00  3.5310677E-01
      2107  4.6181768E+00  3.4984214E-01
      2108  4.6413255E+00  3.4657913E-01
      2109  4.6645903E+00  3.4331826E-01
      2110  4.6879716E+00  3.4006001E-01
      2111  4.7114702E+00  3.3680488E-01
      2112  4.7350865E+00  3.3355335E-01
      2113  4.7588212E+00  3.3030590E-01
      2114  4.7826749E+00  3.2706300E-01
      2115  4.8066482E+00  3.2382513E-01
      2116  4.8307416E+00  3.2059275E-01
      2117  4.8549558E+00  3.1736631E-01
      2118  4.8792914E+00  3.1414628E-01
      2119  4.9037489E+00  3.1093310E-01
      2120  4.9283291E+00  3.0772721E-01
      2121  4.9530324E+00  3.0452904E-01
      2122  4.9778596E+00  3.0133902E-01
      2123  5.0028112E+00  2.9815758E-01
      2124  5.0278879E+00  2.9498514E-01
      2125  5.0530903E+00  2.9182209E-01
      2126  5.0784190E+00  2.8866884E-01
      2127  5.1038747E+00  2.8552580E-01
      2128  5.1294580E+00  2.8239334E-01
      2129  5.1551695E+00  2.7927185E-01
      2130  5.1810099E+00  2.7616169E-01
      2131  5.2069798E+00  2.7306325E-01
      2132  5.2330799E+00  2.6997688E-01
      2133  5.2593108E+00  2.6690292E-01
      2134  5.2856732E+00  2.6384173E-01
      2135  5.3121678E+00  2.6079364E-01
      2136  5.3387951E+00  2.5775898E-01
      2137  5.3655560E+00  2.5473807E-01
      2138  5.3924509E+00  2.5173123E-01
      2139  5.4194807E+00  2.4873877E-01
      2140  5.4466460E+00  2.4576097E-01
      2141  5.4739474E+00  2.4279814E-01
      2142  5.5013857E+00  2.3985056E-01
      2143  5.5289615E+00  2.3691851E-01
      2144  5.5566755E+00  2.3400225E-01
      2145  5.5845285E+00  2.3110204E-01
      2146  5.6125210E+00  2.2821814E-01
      2147  5.6406539E+00  2.2535079E-01
      2148  5.6689278E+00  2.2250024E-01
      2149  5.6973434E+00  2.1966671E-01
      2150  5.7259015E+00  2.1685043E-01
      2151  5.7546027E+00  2.1405161E-01
      2152  5.7834477E+00  2.1127046E-01
      2153  5.8124374E+00  2.0850719E-01
      2154  5.8415724E+00  2.0576198E-01
      2155  5.8708534E+00  2.0303504E-01
      2156  5.9002811E+00  2.0032653E-01
      2157  5.9298564E+00  1.9763663E-01
      2158  5.9595799E+00  1.9496551E-01
      2159  5.9894525E+00  1.9231333E-01
      2160  6.0194747E+00  1.8968024E-01
      2161  6.0496475E+00  1.8706639E-01
      2162  6.0799714E+00  1.8447192E-01
      2163  6.1104474E+00  1.8189696E-01
      2164  6.1410762E+00  1.7934164E-01
      2165  6.1718584E+00  1.7680609E-01
      2166  6.2027950E+00  1.7429042E-01
      2167  6.2338867E+00  1.7179473E-01
      2168  6.2651341E+00  1.6931914E-01
      2169  6.2965383E+00  1.6686374E-01
      2170  6.3280998E+00  1.6442862E-01
      2171  6.3598195E+00  1.6201388E-01
      2172  6.3916983E+00  1.5961958E-01
      2173  6.4237368E+00  1.5724582E-01
      2174  6.4559359E+00  1.5489265E-01
      2175  6.4882964E+00  1.5256015E-01
      2176  6.5208191E+00  1.5024837E-01
      2177  6.5535049E+00  1.4795738E-01
      2178  6.5863544E+00  1.4568722E-01
      2179  6.6193687E+00  1.4343794E-01
      2180  6.6525484E+00  1.4120958E-01
      2181  6.6858944E+00  1.3900218E-01
      2182  6.7194076E+00  1.3681577E-01
      2183  6.7530888E+00  1.3465037E-01
      2184  6.7869388E+00  1.3250603E-01
      2185  6.8209585E+00  1.3038274E-01
      2186  6.8551487E+00  1.2828054E-01
      2187  6.8895102E+00  1.2619943E-01
      2188  6.9240441E+00  1.2413941E-01
      2189  6.9587510E+00  1.2210050E-01
      2190  6.9936319E+00  1.2008270E-01
      2191  7.0286876E+00  1.1808599E-01
      2192  7.0639190E+00  1.1611038E-01
      2193  7.0993271E+00  1.1415585E-01
      2194  7.1349126E+00  1.1222239E-01
      2195  7.1706765E+00  1.1030999E-01
      2196  7.2066197E+00  1.0841861E-01
      2197  7.2427430E+00  1.0654823E-01
      2198  7.2790474E+00  1.0469884E-01
      2199  7.3155338E+00  1.0287039E-01
      2200  7.3522030E+00  1.0106286E-01
      2201  7.3890561E+00  9.9276198E-02
      2202  7.4260939E+00  9.7510375E-02
      2203  7.4633173E+00  9.5765343E-02
      2204  7.5007274E+00  9.4041057E-02
      2205  7.5383249E+00  9.2337467E-02
      2206  7.5761109E+00  9.0654520E-02
      2207  7.6140864E+00  8.8992161E-02
      2208  7.6522521E+00  8.7350332E-02
      2209  7.6906092E+00  8.5728972E-02
      2210  7.7291585E+00  8.4128016E-02
      2211  7.7679011E+00  8.2547397E-02
      2212  7.8068379E+00  8.0987047E-02
      2213  7.8459698E+00  7.9446892E-02
      2214  7.8852979E+00  7.7926858E-02
      2215  7.9248231E+00  7.6426865E-02
      2216  7.9645465E+00  7.4946835E-02
      2217  8.0044689E+00  7.3486683E-02
      2218  8.0445915E+00  7.2046324E-02
      2219  8.0849152E+00  7.0625669E-02
      2220  8.1254410E+00  6.9224627E-02
      2221  8.1661699E+00  6.7843104E-02
      2222  8.2071030E+00  6.6481003E-02
      2223  8.2482413E+00  6.5138226E-02
      2224  8.2895858E+00  6.3814672E-02
      2225  8.3311375E+00  6.2510236E-02
      2226  8.3728975E+00  6.1224813E-02
      2227  8.4148668E+00  5.9958292E-02
      2228  8.4570465E+00  5.8710564E-02
      2229  8.4994376E+00  5.7481515E-02
      2230  8.5420412E+00  5.6271029E-02
      2231  8.5848584E+00  5.5078987E-02
      2232  8.6278902E+00  5.3905269E-02
      2233  8.6711377E+00  5.2749752E-02
      2234  8.7146019E+00  5.1612311E-02
      2235  8.7582840E+00  5.0492820E-02
      2236  8.8021851E+00  4.9391148E-02
      2237  8.8463063E+00  4.8307165E-02
      2238  8.8906486E+00  4.7240737E-02
      2239  8.9352131E+00  4.6191728E-02
      2240  8.9800011E+00  4.5160002E-02
      2241  9.0250135E+00  4.4145418E-02
      2242  9.0702516E+00  4.3147836E-02
      2243  9.1157164E+00  4.2167112E-02
      2244  9.1614091E+00  4.1203102E-02
      2245  9.2073309E+00  4.0255659E-02
      2246  9.2534828E+00  3.9324635E-02
      2247  9.2998661E+00  3.8409880E-02
      2248  9.3464819E+00  3.7511243E-02
      2249  9.3933313E+00  3.6628570E-02
      2250  9.4404156E+00  3.5761708E-02
      2251  9.4877358E+00  3.4910500E-02
      2252  9.5352933E+00  3.4074790E-02
      2253  9.5830892E+00  3.3254420E-02
      2254  9.6311246E+00  3.2449229E-02
      2255  9.6794008E+00  3.1659056E-02
      2256  9.7279190E+00  3.0883741E-02
      2257  9.7766804E+00  3.0123121E-02
      2258  9.8256862E+00  2.9377031E-02
      2259  9.8749377E+00  2.8645306E-02
      2260  9.9244360E+00  2.7927783E-02
      2261  9.9741825E+00  2.7224293E-02
      2262  1.0024178E+01  2.6534671E-02
      2263  1.0074425E+01  2.5858748E-02
      2264  1.0124923E+01  2.5196356E-02
      2265  1.0175674E+01  2.4547328E-02
      2266  1.0226680E+01  2.3911493E-02
      2267  1.0277942E+01  2.3288682E-02
      2268  1.0329460E+01  2.2678726E-02
      2269  1.0381237E+01  2.2081454E-02
      2270  1.0433273E+01  2.1496696E-02
      2271  1.0485570E+01  2.0924283E-02
      2272  1.0538129E+01  2.0364042E-02
      2273  1.0590951E+01  1.9815806E-02
      2274  1.0644039E+01  1.9279402E-02
      2275  1.0697392E+01  1.8754661E-02
      2276  1.0751013E+01  1.8241413E-02
      2277  1.0804903E+01  1.7739488E-02
      2278  1.0859063E+01  1.7248717E-02
      2279  1.0913494E+01  1.6768931E-02
      2280  1.0968198E+01  1.6299961E-02
      2281  1.1023176E+01  1.5841640E-02
      2282  1.1078430E+01  1.5393800E-02
      2283  1.1133961E+01  1.4956274E-02
      2284  1.1189770E+01  1.4528895E-02
      2285  1.1245859E+01  1.4111499E-02
      2286  1.1302229E+01  1.3703921E-02
      2287  1.1358882E+01  1.3305996E-02
      2288  1.1415819E+01  1.2917561E-02
      2289  1.1473041E+01  1.2538455E-02
      2290  1.1530550E+01  1.2168517E-02
      2291  1.1588347E+01  1.1807585E-02
      2292  1.1646434E+01  1.1455501E-02
      2293  1.1704812E+01  1.1112106E-02
      2294  1.1763482E+01  1.0777245E-02
      2295  1.1822447E+01  1.0450760E-02
      2296  1.1881707E+01  1.0132498E-02
      2297  1.1941264E+01  9.8223048E-03
      2298  1.2001120E+01  9.5200288E-03
      2299  1.2061276E+01  9.2255191E-03
      2300  1.2121734E+01  8.9386264E-03
      2301  1.2182494E+01  8.6592028E-03
      2302  1.2243559E+01  8.3871015E-03
      2303  1.2304930E+01  8.1221774E-03
      2304  1.2366609E+01  7.8642869E-03
      2305  1.2428597E+01  7.6132878E-03
      2306  1.2490895E+01  7.3690395E-03
      2307  1.2553506E+01  7.1314028E-03
      2308  1.2616431E+01  6.9002401E-03
      2309  1.2679671E+01  6.6754155E-03
      2310  1.2743228E+01  6.4567947E-03
      2311  1.2807104E+01  6.2442448E-03
      2312  1.2871300E+01  6.0376348E-03
      2313  1.2935817E+01  5.8368353E-03
      2314  1.3000658E+01  5.6417184E-03
      2315  1.3065824E+01  5.4521580E-03
      2316  1.3131317E+01  5.2680299E-03
      2317  1.3197138E+01  5.0892112E-03
      2318  1.3263289E+01  4.9155810E-03
      2319  1.3329772E+01  4.7470200E-03
      2320  1.3396587E+01  4.5834107E-03
      2321  1.3463738E+01  4.4246374E-03
      2322  1.3531225E+01  4.2705859E-03
      2323  1.3599051E+01  4.1211439E-03
      2324  1.3667216E+01  3.9762008E-03
      2325  1.3735724E+01  3.8356480E-03
      2326  1.3804574E+01  3.6993782E-03
      2327  1.3873770E+01  3.5672862E-03
      2328  1.3943312E+01  3.4392683E-03
      2329  1.4013204E+01  3.3152229E-03
      2330  1.4083445E+01  3.1950496E-03
      2331  1.4154039E+01  3.0786503E-03
      2332  1.4224986E+01  2.9659282E-03
      2333  1.4296289E+01  2.8567885E-03
      2334  1.4367950E+01  2.7511379E-03
      2335  1.4439969E+01  2.6488851E-03
      2336  1.4512350E+01  2.5499401E-03
      2337  1.4585093E+01  2.4542150E-03
      2338  1.4658201E+01  2.3616234E-03
      2339  1.4731676E+01  2.2720804E-03
      2340  1.4805519E+01  2.1855031E-03
      2341  1.4879732E+01  2.1018100E-03
      2342  1.4954317E+01  2.0209214E-03
