         1  1.2340980E-04  7.5766592E-05
         2  1.2402840E-04  7.6146374E-05
         3  1.2465009E-04  7.6528059E-05
         4  1.2527490E-04  7.6911658E-05
         5  1.2590285E-04  7.7297179E-05
         6  1.2653394E-04  7.7684633E-05
         7  1.2716819E-04  7.8074028E-05
         8  1.2780563E-04  7.8465376E-05
         9  1.2844625E-04  7.8858686E-05
        10  1.2909009E-04  7.9253966E-05
        11  1.2973716E-04  7.9651228E-05
        12  1.3038747E-04  8.0050482E-05
        13  1.3104104E-04  8.0451737E-05
        14  1.3169789E-04  8.0855003E-05
        15  1.3235802E-04  8.1260290E-05
        16  1.3302147E-04  8.1667609E-05
        17  1.3368824E-04  8.2076970E-05
        18  1.3435836E-04  8.2488382E-05
        19  1.3503183E-04  8.2901857E-05
        20  1.3570868E-04  8.3317404E-05
        21  1.3638893E-04  8.3735034E-05
        22  1.3707258E-04  8.4154758E-05
        23  1.3775966E-04  8.4576585E-05
        24  1.3845018E-04  8.5000527E-05
        25  1.3914417E-04  8.5426594E-05
        26  1.3984163E-04  8.5854797E-05
        27  1.4054259E-04  8.6285146E-05
        28  1.4124706E-04  8.6717652E-05
        29  1.4195506E-04  8.7152326E-05
        30  1.4266662E-04  8.7589179E-05
        31  1.4338174E-04  8.8028221E-05
        32  1.4410044E-04  8.8469465E-05
        33  1.4482275E-04  8.8912920E-05
        34  1.4554867E-04  8.9358597E-05
        35  1.4627824E-04  8.9806509E-05
        36  1.4701146E-04  9.0256666E-05
        37  1.4774836E-04  9.0709080E-05
        38  1.4848895E-04  9.1163761E-05
        39  1.4923326E-04  9.1620721E-05
        40  1.4998129E-04  9.2079972E-05
        41  1.5073308E-04  9.2541525E-05
        42  1.5148863E-04  9.3005391E-05
        43  1.5224797E-04  9.3471582E-05
        44  1.5301111E-04  9.3940111E-05
        45  1.5377809E-04  9.4410987E-05
        46  1.5454890E-04  9.4884225E-05
        47  1.5532358E-04  9.5359834E-05
        48  1.5610214E-04  9.5837827E-05
        49  1.5688461E-04  9.6318216E-05
        50  1.5767100E-04  9.6801013E-05
        51  1.5846133E-04  9.7286230E-05
        52  1.5925562E-04  9.7773879E-05
        53  1.6005389E-04  9.8263973E-05
        54  1.6085616E-04  9.8756523E-05
        55  1.6166246E-04  9.9251542E-05
        56  1.6247279E-04  9.9749043E-05
        57  1.6328719E-04  1.0024904E-04
        58  1.6410567E-04  1.0075154E-04
        59  1.6492825E-04  1.0125656E-04
        60  1.6575496E-04  1.0176411E-04
        61  1.6658581E-04  1.0227420E-04
        62  1.6742083E-04  1.0278685E-04
        63  1.6826003E-04  1.0330207E-04
        64  1.6910343E-04  1.0381988E-04
        65  1.6995107E-04  1.0434028E-04
        66  1.7080295E-04  1.0486329E-04
        67  1.7165910E-04  1.0538891E-04
        68  1.7251955E-04  1.0591718E-04
        69  1.7338431E-04  1.0644809E-04
        70  1.7425340E-04  1.0698166E-04
        71  1.7512685E-04  1.0751791E-04
        72  1.7600468E-04  1.0805685E-04
        73  1.7688690E-04  1.0859849E-04
        74  1.7777355E-04  1.0914284E-04
        75  1.7866465E-04  1.0968992E-04
        76  1.7956021E-04  1.1023974E-04
        77  1.8046025E-04  1.1079232E-04
        78  1.8136482E-04  1.1134767E-04
        79  1.8227391E-04  1.1190580E-04
        80  1.8318756E-04  1.1246673E-04
        81  1.8410579E-04  1.1303047E-04
        82  1.8502863E-04  1.1359704E-04
        83  1.8595609E-04  1.1416645E-04
        84  1.8688820E-04  1.1473871E-04
        85  1.8782498E-04  1.1531384E-04
        86  1.8876645E-04  1.1589185E-04
        87  1.8971265E-04  1.1647276E-04
        88  1.9066359E-04  1.1705659E-04
        89  1.9161929E-04  1.1764333E-04
        90  1.9257979E-04  1.1823302E-04
        91  1.9354510E-04  1.1882567E-04
        92  1.9451525E-04  1.1942129E-04
        93  1.9549026E-04  1.2001989E-04
        94  1.9647016E-04  1.2062149E-04
        95  1.9745497E-04  1.2122611E-04
        96  1.9844472E-04  1.2183376E-04
        97  1.9943943E-04  1.2244445E-04
        98  2.0043912E-04  1.2305821E-04
        99  2.0144382E-04  1.2367504E-04
       100  2.0245357E-04  1.2429496E-04
       101  2.0346837E-04  1.2491799E-04
       102  2.0448826E-04  1.2554415E-04
       103  2.0551326E-04  1.2617344E-04
       104  2.0654340E-04  1.2680589E-04
       105  2.0757870E-04  1.2744150E-04
       106  2.0861920E-04  1.2808031E-04
       107  2.0966490E-04  1.2872231E-04
       108  2.1071585E-04  1.2936753E-04
       109  2.1177207E-04  1.3001599E-04
       110  2.1283358E-04  1.3066770E-04
       111  2.1390042E-04  1.3132267E-04
       112  2.1497260E-04  1.3198093E-04
       113  2.1605015E-04  1.3264249E-04
       114  2.1713311E-04  1.3330736E-04
       115  2.1822149E-04  1.3397557E-04
       116  2.1931533E-04  1.3464712E-04
       117  2.2041465E-04  1.3532205E-04
       118  2.2151949E-04  1.3600035E-04
       119  2.2262986E-04  1.3668205E-04
       120  2.2374579E-04  1.3736718E-04
       121  2.2486732E-04  1.3805573E-04
       122  2.2599448E-04  1.3874774E-04
       123  2.2712728E-04  1.3944321E-04
       124  2.2826576E-04  1.4014218E-04
       125  2.2940995E-04  1.4084464E-04
       126  2.3055987E-04  1.4155063E-04
       127  2.3171555E-04  1.4226015E-04
       128  2.3287703E-04  1.4297324E-04
       129  2.3404433E-04  1.4368989E-04
       130  2.3521749E-04  1.4441014E-04
       131  2.3639652E-04  1.4513400E-04
       132  2.3758146E-04  1.4586149E-04
       133  2.3877234E-04  1.4659262E-04
       134  2.3996919E-04  1.4732742E-04
       135  2.4117204E-04  1.4806590E-04
       136  2.4238092E-04  1.4880808E-04
       137  2.4359586E-04  1.4955399E-04
       138  2.4481689E-04  1.5030363E-04
       139  2.4604404E-04  1.5105703E-04
       140  2.4727734E-04  1.5181421E-04
       141  2.4851683E-04  1.5257518E-04
       142  2.4976252E-04  1.5333997E-04
       143  2.5101446E-04  1.5410859E-04
       144  2.5227268E-04  1.5488106E-04
       145  2.5353720E-04  1.5565740E-04
       146  2.5480806E-04  1.5643764E-04
       147  2.5608529E-04  1.5722179E-04
       148  2.5736892E-04  1.5800986E-04
       149  2.5865899E-04  1.5880189E-04
       150  2.5995552E-04  1.5959789E-04
       151  2.6125856E-04  1.6039788E-04
       152  2.6256812E-04  1.6120187E-04
       153  2.6388425E-04  1.6200990E-04
       154  2.6520697E-04  1.6282198E-04
       155  2.6653633E-04  1.6363813E-04
       156  2.6787235E-04  1.6445837E-04
       157  2.6921506E-04  1.6528272E-04
       158  2.7056451E-04  1.6611120E-04
       159  2.7192072E-04  1.6694384E-04
       160  2.7328373E-04  1.6778065E-04
       161  2.7465357E-04  1.6862165E-04
       162  2.7603028E-04  1.6946687E-04
       163  2.7741388E-04  1.7031633E-04
       164  2.7880443E-04  1.7117004E-04
       165  2.8020194E-04  1.7202803E-04
       166  2.8160646E-04  1.7289033E-04
       167  2.8301802E-04  1.7375694E-04
       168  2.8443665E-04  1.7462791E-04
       169  2.8586239E-04  1.7550323E-04
       170  2.8729529E-04  1.7638294E-04
       171  2.8873536E-04  1.7726707E-04
       172  2.9018265E-04  1.7815562E-04
       173  2.9163720E-04  1.7904863E-04
       174  2.9309904E-04  1.7994612E-04
       175  2.9456820E-04  1.8084810E-04
       176  2.9604473E-04  1.8175460E-04
       177  2.9752866E-04  1.8266565E-04
       178  2.9902003E-04  1.8358127E-04
       179  3.0051887E-04  1.8450147E-04
       180  3.0202523E-04  1.8542629E-04
       181  3.0353914E-04  1.8635574E-04
       182  3.0506063E-04  1.8728986E-04
       183  3.0658976E-04  1.8822865E-04
       184  3.0812654E-04  1.8917215E-04
       185  3.0967104E-04  1.9012038E-04
       186  3.1122327E-04  1.9107336E-04
       187  3.1278328E-04  1.9203112E-04
       188  3.1435111E-04  1.9299368E-04
       189  3.1592681E-04  1.9396107E-04
       190  3.1751040E-04  1.9493330E-04
       191  3.1910192E-04  1.9591041E-04
       192  3.2070143E-04  1.9689241E-04
       193  3.2230895E-04  1.9787934E-04
       194  3.2392453E-04  1.9887121E-04
       195  3.2554821E-04  1.9986806E-04
       196  3.2718003E-04  2.0086990E-04
       197  3.2882002E-04  2.0187677E-04
       198  3.3046824E-04  2.0288868E-04
       199  3.3212472E-04  2.0390566E-04
       200  3.3378950E-04  2.0492774E-04
       201  3.3546263E-04  2.0595495E-04
       202  3.3714414E-04  2.0698730E-04
       203  3.3883408E-04  2.0802483E-04
       204  3.4053250E-04  2.0906756E-04
       205  3.4223942E-04  2.1011551E-04
       206  3.4395490E-04  2.1116872E-04
       207  3.4567899E-04  2.1222721E-04
       208  3.4741171E-04  2.1329100E-04
       209  3.4915312E-04  2.1436013E-04
       210  3.5090325E-04  2.1543461E-04
       211  3.5266216E-04  2.1651448E-04
       212  3.5442989E-04  2.1759977E-04
       213  3.5620648E-04  2.1869049E-04
       214  3.5799197E-04  2.1978668E-04
       215  3.5978641E-04  2.2088837E-04
       216  3.6158985E-04  2.2199557E-04
       217  3.6340233E-04  2.2310833E-04
       218  3.6522389E-04  2.2422667E-04
       219  3.6705458E-04  2.2535061E-04
       220  3.6889445E-04  2.2648018E-04
       221  3.7074354E-04  2.2761542E-04
       222  3.7260190E-04  2.2875635E-04
       223  3.7446957E-04  2.2990299E-04
       224  3.7634661E-04  2.3105539E-04
       225  3.7823306E-04  2.3221356E-04
       226  3.8012896E-04  2.3337753E-04
       227  3.8203436E-04  2.3454734E-04
       228  3.8394932E-04  2.3572301E-04
       229  3.8587387E-04  2.3690458E-04
       230  3.8780807E-04  2.3809207E-04
       231  3.8975197E-04  2.3928551E-04
       232  3.9170561E-04  2.4048493E-04
       233  3.9366904E-04  2.4169037E-04
       234  3.9564231E-04  2.4290185E-04
       235  3.9762548E-04  2.4411940E-04
       236  3.9961859E-04  2.4534305E-04
       237  4.0162168E-04  2.4657284E-04
       238  4.0363482E-04  2.4780879E-04
       239  4.0565805E-04  2.4905094E-04
       240  4.0769142E-04  2.5029931E-04
       241  4.0973498E-04  2.5155394E-04
       242  4.1178878E-04  2.5281486E-04
       243  4.1385288E-04  2.5408210E-04
       244  4.1592733E-04  2.5535569E-04
       245  4.1801217E-04  2.5663567E-04
       246  4.2010747E-04  2.5792206E-04
       247  4.2221327E-04  2.5921490E-04
       248  4.2432962E-04  2.6051422E-04
       249  4.2645658E-04  2.6182005E-04
       250  4.2859420E-04  2.6313243E-04
       251  4.3074254E-04  2.6445139E-04
       252  4.3290165E-04  2.6577696E-04
       253  4.3507158E-04  2.6710917E-04
       254  4.3725238E-04  2.6844806E-04
       255  4.3944412E-04  2.6979366E-04
       256  4.4164684E-04  2.7114601E-04
       257  4.4386060E-04  2.7250513E-04
       258  4.4608546E-04  2.7387107E-04
       259  4.4832148E-04  2.7524385E-04
       260  4.5056870E-04  2.7662352E-04
       261  4.5282718E-04  2.7801010E-04
       262  4.5509699E-04  2.7940363E-04
       263  4.5737817E-04  2.8080415E-04
       264  4.5967079E-04  2.8221168E-04
       265  4.6197490E-04  2.8362628E-04
       266  4.6429056E-04  2.8504796E-04
       267  4.6661782E-04  2.8647677E-04
       268  4.6895676E-04  2.8791274E-04
       269  4.7130741E-04  2.8935591E-04
       270  4.7366985E-04  2.9080631E-04
       271  4.7604413E-04  2.9226398E-04
       272  4.7843031E-04  2.9372896E-04
       273  4.8082845E-04  2.9520128E-04
       274  4.8323861E-04  2.9668099E-04
       275  4.8566086E-04  2.9816810E-04
       276  4.8809524E-04  2.9966268E-04
       277  4.9054183E-04  3.0116474E-04
       278  4.9300068E-04  3.0267434E-04
       279  4.9547186E-04  3.0419150E-04
       280  4.9795542E-04  3.0571627E-04
       281  5.0045143E-04  3.0724867E-04
       282  5.0295996E-04  3.0878877E-04
       283  5.0548105E-04  3.1033658E-04
       284  5.0801479E-04  3.1189214E-04
       285  5.1056122E-04  3.1345551E-04
       286  5.1312042E-04  3.1502671E-04
       287  5.1569245E-04  3.1660579E-04
       288  5.1827737E-04  3.1819278E-04
       289  5.2087524E-04  3.1978773E-04
       290  5.2348614E-04  3.2139067E-04
       291  5.2611013E-04  3.2300165E-04
       292  5.2874727E-04  3.2462070E-04
       293  5.3139762E-04  3.2624787E-04
       294  5.3406126E-04  3.2788320E-04
       295  5.3673826E-04  3.2952672E-04
       296  5.3942867E-04  3.3117848E-04
       297  5.4213257E-04  3.3283851E-04
       298  5.4485002E-04  3.3450687E-04
       299  5.4758109E-04  3.3618360E-04
       300  5.5032585E-04  3.3786872E-04
       301  5.5308437E-04  3.3956230E-04
       302  5.5585672E-04  3.4126436E-04
       303  5.5864296E-04  3.4297496E-04
       304  5.6144317E-04  3.4469412E-04
       305  5.6425742E-04  3.4642191E-04
       306  5.6708577E-04  3.4815836E-04
       307  5.6992830E-04  3.4990351E-04
       308  5.7278507E-04  3.5165741E-04
       309  5.7565617E-04  3.5342010E-04
       310  5.7854166E-04  3.5519162E-04
       311  5.8144161E-04  3.5697203E-04
       312  5.8435610E-04  3.5876136E-04
       313  5.8728520E-04  3.6055966E-04
       314  5.9022898E-04  3.6236697E-04
       315  5.9318751E-04  3.6418334E-04
       316  5.9616088E-04  3.6600882E-04
       317  5.9914915E-04  3.6784344E-04
       318  6.0215239E-04  3.6968727E-04
       319  6.0517069E-04  3.7154033E-04
       320  6.0820413E-04  3.7340269E-04
       321  6.1125276E-04  3.7527437E-04
       322  6.1431668E-04  3.7715544E-04
       323  6.1739595E-04  3.7904594E-04
       324  6.2049066E-04  3.8094592E-04
       325  6.2360089E-04  3.8285542E-04
       326  6.2672670E-04  3.8477449E-04
       327  6.2986818E-04  3.8670318E-04
       328  6.3302541E-04  3.8864154E-04
       329  6.3619846E-04  3.9058961E-04
       330  6.3938742E-04  3.9254745E-04
       331  6.4259236E-04  3.9451510E-04
       332  6.4581337E-04  3.9649262E-04
       333  6.4905052E-04  3.9848004E-04
       334  6.5230390E-04  4.0047743E-04
       335  6.5557359E-04  4.0248483E-04
       336  6.5885966E-04  4.0450230E-04
       337  6.6216221E-04  4.0652987E-04
       338  6.6548131E-04  4.0856761E-04
       339  6.6881705E-04  4.1061557E-04
       340  6.7216951E-04  4.1267379E-04
       341  6.7553878E-04  4.1474232E-04
       342  6.7892493E-04  4.1682123E-04
       343  6.8232805E-04  4.1891055E-04
       344  6.8574824E-04  4.2101035E-04
       345  6.8918556E-04  4.2312067E-04
       346  6.9264012E-04  4.2524157E-04
       347  6.9611199E-04  4.2737310E-04
       348  6.9960127E-04  4.2951532E-04
       349  7.0310804E-04  4.3166827E-04
       350  7.0663238E-04  4.3383202E-04
       351  7.1017439E-04  4.3600661E-04
       352  7.1373415E-04  4.3819210E-04
       353  7.1731176E-04  4.4038855E-04
       354  7.2090730E-04  4.4259601E-04
       355  7.2452086E-04  4.4481453E-04
       356  7.2815254E-04  4.4704417E-04
       357  7.3180242E-04  4.4928499E-04
       358  7.3547059E-04  4.5153704E-04
       359  7.3915716E-04  4.5380038E-04
       360  7.4286220E-04  4.5607506E-04
       361  7.4658581E-04  4.5836115E-04
       362  7.5032809E-04  4.6065869E-04
       363  7.5408912E-04  4.6296775E-04
       364  7.5786901E-04  4.6528839E-04
       365  7.6166784E-04  4.6762066E-04
       366  7.6548572E-04  4.6996461E-04
       367  7.6932273E-04  4.7232032E-04
       368  7.7317898E-04  4.7468784E-04
       369  7.7705455E-04  4.7706722E-04
       370  7.8094956E-04  4.7945853E-04
       371  7.8486408E-04  4.8186182E-04
       372  7.8879823E-04  4.8427716E-04
       373  7.9275210E-04  4.8670461E-04
       374  7.9672578E-04  4.8914423E-04
       375  8.0071939E-04  4.9159608E-04
       376  8.0473301E-04  4.9406021E-04
       377  8.0876675E-04  4.9653670E-04
       378  8.1282071E-04  4.9902560E-04
       379  8.1689499E-04  5.0152697E-04
       380  8.2098970E-04  5.0404089E-04
       381  8.2510492E-04  5.0656740E-04
       382  8.2924078E-04  5.0910658E-04
       383  8.3339737E-04  5.1165849E-04
       384  8.3757479E-04  5.1422319E-04
       385  8.4177315E-04  5.1680074E-04
       386  8.4599255E-04  5.1939122E-04
       387  8.5023311E-04  5.2199468E-04
       388  8.5449492E-04  5.2461118E-04
       389  8.5877809E-04  5.2724081E-04
       390  8.6308274E-04  5.2988361E-04
       391  8.6740896E-04  5.3253967E-04
       392  8.7175686E-04  5.3520903E-04
       393  8.7612656E-04  5.3789178E-04
       394  8.8051816E-04  5.4058797E-04
       395  8.8493178E-04  5.4329768E-04
       396  8.8936752E-04  5.4602097E-04
       397  8.9382549E-04  5.4875791E-04
       398  8.9830581E-04  5.5150857E-04
       399  9.0280859E-04  5.5427302E-04
       400  9.0733394E-04  5.5705132E-04
       401  9.1188197E-04  5.5984355E-04
       402  9.1645279E-04  5.6264978E-04
       403  9.2104653E-04  5.6547007E-04
       404  9.2566330E-04  5.6830450E-04
       405  9.3030320E-04  5.7115314E-04
       406  9.3496637E-04  5.7401606E-04
       407  9.3965291E-04  5.7689332E-04
       408  9.4436294E-04  5.7978501E-04
       409  9.4909657E-04  5.8269120E-04
       410  9.5385394E-04  5.8561195E-04
       411  9.5863515E-04  5.8854734E-04
       412  9.6344033E-04  5.9149745E-04
       413  9.6826960E-04  5.9446234E-04
       414  9.7312307E-04  5.9744209E-04
       415  9.7800087E-04  6.0043678E-04
       416  9.8290312E-04  6.0344648E-04
       417  9.8782994E-04  6.0647127E-04
       418  9.9278146E-04  6.0951122E-04
       419  9.9775780E-04  6.1256641E-04
       420  1.0027591E-03  6.1563691E-04
       421  1.0077854E-03  6.1872280E-04
       422  1.0128370E-03  6.2182416E-04
       423  1.0179138E-03  6.2494107E-04
       424  1.0230162E-03  6.2807360E-04
       425  1.0281440E-03  6.3122183E-04
       426  1.0332976E-03  6.3438584E-04
       427  1.0384771E-03  6.3756571E-04
       428  1.0436825E-03  6.4076152E-04
       429  1.0489139E-03  6.4397335E-04
       430  1.0541716E-03  6.4720128E-04
       431  1.0594557E-03  6.5044539E-04
       432  1.0647662E-03  6.5370576E-04
       433  1.0701034E-03  6.5698247E-04
       434  1.0754673E-03  6.6027561E-04
       435  1.0808581E-03  6.6358526E-04
       436  1.0862759E-03  6.6691149E-04
       437  1.0917209E-03  6.7025440E-04
       438  1.0971932E-03  6.7361406E-04
       439  1.1026929E-03  6.7699057E-04
       440  1.1082202E-03  6.8038399E-04
       441  1.1137751E-03  6.8379443E-04
       442  1.1193580E-03  6.8722196E-04
       443  1.1249688E-03  6.9066668E-04
       444  1.1306077E-03  6.9412866E-04
       445  1.1362749E-03  6.9760799E-04
       446  1.1419705E-03  7.0110477E-04
       447  1.1476947E-03  7.0461907E-04
       448  1.1534475E-03  7.0815098E-04
       449  1.1592292E-03  7.1170060E-04
       450  1.1650398E-03  7.1526802E-04
       451  1.1708796E-03  7.1885331E-04
       452  1.1767487E-03  7.2245658E-04
       453  1.1826472E-03  7.2607791E-04
       454  1.1885752E-03  7.2971739E-04
       455  1.1945330E-03  7.3337511E-04
       456  1.2005206E-03  7.3705117E-04
       457  1.2065382E-03  7.4074565E-04
       458  1.2125860E-03  7.4445865E-04
       459  1.2186641E-03  7.4819026E-04
       460  1.2247727E-03  7.5194058E-04
       461  1.2309119E-03  7.5570970E-04
       462  1.2370819E-03  7.5949771E-04
       463  1.2432828E-03  7.6330470E-04
       464  1.2495148E-03  7.6713078E-04
       465  1.2557780E-03  7.7097604E-04
       466  1.2620726E-03  7.7484057E-04
       467  1.2683988E-03  7.7872448E-04
       468  1.2747566E-03  7.8262785E-04
       469  1.2811464E-03  7.8655079E-04
       470  1.2875681E-03  7.9049339E-04
       471  1.2940221E-03  7.9445575E-04
       472  1.3005084E-03  7.9843797E-04
       473  1.3070272E-03  8.0244016E-04
       474  1.3135787E-03  8.0646241E-04
       475  1.3201631E-03  8.1050482E-04
       476  1.3267804E-03  8.1456749E-04
       477  1.3334309E-03  8.1865052E-04
       478  1.3401148E-03  8.2275402E-04
       479  1.3468321E-03  8.2687809E-04
       480  1.3535832E-03  8.3102283E-04
       481  1.3603680E-03  8.3518835E-04
       482  1.3671869E-03  8.3937475E-04
       483  1.3740400E-03  8.4358213E-04
       484  1.3809274E-03  8.4781060E-04
       485  1.3878493E-03  8.5206027E-04
       486  1.3948059E-03  8.5633124E-04
       487  1.4017974E-03  8.6062361E-04
       488  1.4088240E-03  8.6493751E-04
       489  1.4158857E-03  8.6927302E-04
       490  1.4229829E-03  8.7363027E-04
       491  1.4301156E-03  8.7800936E-04
       492  1.4372841E-03  8.8241040E-04
       493  1.4444885E-03  8.8683349E-04
       494  1.4517290E-03  8.9127876E-04
       495  1.4590058E-03  8.9574632E-04
       496  1.4663191E-03  9.0023626E-04
       497  1.4736691E-03  9.0474871E-04
       498  1.4810559E-03  9.0928378E-04
       499  1.4884797E-03  9.1384158E-04
       500  1.4959408E-03  9.1842223E-04
       501  1.5034392E-03  9.2302584E-04
       502  1.5109752E-03  9.2765252E-04
       503  1.5185490E-03  9.3230240E-04
       504  1.5261608E-03  9.3697558E-04
       505  1.5338107E-03  9.4167219E-04
       506  1.5414989E-03  9.4639234E-04
       507  1.5492257E-03  9.5113615E-04
       508  1.5569913E-03  9.5590373E-04
       509  1.5647957E-03  9.6069522E-04
       510  1.5726393E-03  9.6551072E-04
       511  1.5805222E-03  9.7035036E-04
       512  1.5884446E-03  9.7521426E-04
       513  1.5964067E-03  9.8010254E-04
       514  1.6044087E-03  9.8501532E-04
       515  1.6124508E-03  9.8995273E-04
       516  1.6205333E-03  9.9491489E-04
       517  1.6286562E-03  9.9990191E-04
       518  1.6368199E-03  1.0049139E-03
       519  1.6450245E-03  1.0099511E-03
       520  1.6532702E-03  1.0150135E-03
       521  1.6615573E-03  1.0201013E-03
       522  1.6698859E-03  1.0252145E-03
       523  1.6782562E-03  1.0303534E-03
       524  1.6866685E-03  1.0355181E-03
       525  1.6951230E-03  1.0407087E-03
       526  1.7036198E-03  1.0459252E-03
       527  1.7121592E-03  1.0511680E-03
       528  1.7207415E-03  1.0564369E-03
       529  1.7293667E-03  1.0617324E-03
       530  1.7380352E-03  1.0670543E-03
       531  1.7467471E-03  1.0724029E-03
       532  1.7555027E-03  1.0777784E-03
       533  1.7643022E-03  1.0831808E-03
       534  1.7731458E-03  1.0886102E-03
       535  1.7820338E-03  1.0940669E-03
       536  1.7909663E-03  1.0995509E-03
       537  1.7999435E-03  1.1050625E-03
       538  1.8089658E-03  1.1106016E-03
       539  1.8180332E-03  1.1161685E-03
       540  1.8271462E-03  1.1217633E-03
       541  1.8363048E-03  1.1273862E-03
       542  1.8455093E-03  1.1330372E-03
       543  1.8547599E-03  1.1387166E-03
       544  1.8640570E-03  1.1444244E-03
       545  1.8734006E-03  1.1501609E-03
       546  1.8827911E-03  1.1559261E-03
       547  1.8922286E-03  1.1617202E-03
       548  1.9017134E-03  1.1675433E-03
       549  1.9112458E-03  1.1733956E-03
       550  1.9208260E-03  1.1792773E-03
       551  1.9304541E-03  1.1851885E-03
       552  1.9401306E-03  1.1911292E-03
       553  1.9498555E-03  1.1970998E-03
       554  1.9596292E-03  1.2031003E-03
       555  1.9694519E-03  1.2091308E-03
       556  1.9793238E-03  1.2151916E-03
       557  1.9892452E-03  1.2212828E-03
       558  1.9992164E-03  1.2274045E-03
       559  2.0092375E-03  1.2335569E-03
       560  2.0193088E-03  1.2397401E-03
       561  2.0294306E-03  1.2459543E-03
       562  2.0396032E-03  1.2521997E-03
       563  2.0498268E-03  1.2584764E-03
       564  2.0601016E-03  1.2647845E-03
       565  2.0704279E-03  1.2711242E-03
       566  2.0808059E-03  1.2774958E-03
       567  2.0912360E-03  1.2838992E-03
       568  2.1017184E-03  1.2903348E-03
       569  2.1122533E-03  1.2968026E-03
       570  2.1228410E-03  1.3033029E-03
       571  2.1334818E-03  1.3098357E-03
       572  2.1441759E-03  1.3164013E-03
       573  2.1549236E-03  1.3229998E-03
       574  2.1657252E-03  1.3296313E-03
       575  2.1765810E-03  1.3362961E-03
       576  2.1874911E-03  1.3429943E-03
       577  2.1984560E-03  1.3497261E-03
       578  2.2094758E-03  1.3564916E-03
       579  2.2205508E-03  1.3632911E-03
       580  2.2316814E-03  1.3701246E-03
       581  2.2428677E-03  1.3769924E-03
       582  2.2541101E-03  1.3838945E-03
       583  2.2654089E-03  1.3908313E-03
       584  2.2767643E-03  1.3978029E-03
       585  2.2881767E-03  1.4048094E-03
       586  2.2996462E-03  1.4118510E-03
       587  2.3111732E-03  1.4189280E-03
       588  2.3227580E-03  1.4260404E-03
       589  2.3344009E-03  1.4331884E-03
       590  2.3461021E-03  1.4403723E-03
       591  2.3578620E-03  1.4475922E-03
       592  2.3696808E-03  1.4548483E-03
       593  2.3815589E-03  1.4621407E-03
       594  2.3934965E-03  1.4694697E-03
       595  2.4054940E-03  1.4768354E-03
       596  2.4175516E-03  1.4842381E-03
       597  2.4296696E-03  1.4916779E-03
       598  2.4418484E-03  1.4991549E-03
       599  2.4540882E-03  1.5066695E-03
       600  2.4663893E-03  1.5142217E-03
       601  2.4787522E-03  1.5218117E-03
       602  2.4911770E-03  1.5294398E-03
       603  2.5036641E-03  1.5371062E-03
       604  2.5162137E-03  1.5448109E-03
       605  2.5288263E-03  1.5525543E-03
       606  2.5415021E-03  1.5603365E-03
       607  2.5542414E-03  1.5681577E-03
       608  2.5670446E-03  1.5760181E-03
       609  2.5799120E-03  1.5839180E-03
       610  2.5928438E-03  1.5918574E-03
       611  2.6058405E-03  1.5998366E-03
       612  2.6189023E-03  1.6078558E-03
       613  2.6320297E-03  1.6159152E-03
       614  2.6452228E-03  1.6240150E-03
       615  2.6584820E-03  1.6321554E-03
       616  2.6718077E-03  1.6403366E-03
       617  2.6852002E-03  1.6485588E-03
       618  2.6986598E-03  1.6568222E-03
       619  2.7121869E-03  1.6651270E-03
       620  2.7257818E-03  1.6734735E-03
       621  2.7394448E-03  1.6818618E-03
       622  2.7531763E-03  1.6902922E-03
       623  2.7669767E-03  1.6987648E-03
       624  2.7808462E-03  1.7072799E-03
       625  2.7947853E-03  1.7158376E-03
       626  2.8087942E-03  1.7244383E-03
       627  2.8228733E-03  1.7330821E-03
       628  2.8370230E-03  1.7417692E-03
       629  2.8512437E-03  1.7504998E-03
       630  2.8655356E-03  1.7592742E-03
       631  2.8798992E-03  1.7680926E-03
       632  2.8943347E-03  1.7769552E-03
       633  2.9088426E-03  1.7858622E-03
       634  2.9234233E-03  1.7948138E-03
       635  2.9380770E-03  1.8038104E-03
       636  2.9528042E-03  1.8128520E-03
       637  2.9676051E-03  1.8219389E-03
       638  2.9824803E-03  1.8310714E-03
       639  2.9974301E-03  1.8402497E-03
       640  3.0124548E-03  1.8494740E-03
       641  3.0275547E-03  1.8587445E-03
       642  3.0427304E-03  1.8680614E-03
       643  3.0579822E-03  1.8774251E-03
       644  3.0733104E-03  1.8868357E-03
       645  3.0887154E-03  1.8962935E-03
       646  3.1041977E-03  1.9057987E-03
       647  3.1197575E-03  1.9153515E-03
       648  3.1353954E-03  1.9249523E-03
       649  3.1511116E-03  1.9346011E-03
       650  3.1669066E-03  1.9442983E-03
       651  3.1827808E-03  1.9540441E-03
       652  3.1987346E-03  1.9638388E-03
       653  3.2147683E-03  1.9736826E-03
       654  3.2308824E-03  1.9835757E-03
       655  3.2470772E-03  1.9935184E-03
       656  3.2633533E-03  2.0035109E-03
       657  3.2797109E-03  2.0135535E-03
       658  3.2961505E-03  2.0236465E-03
       659  3.3126725E-03  2.0337900E-03
       660  3.3292774E-03  2.0439844E-03
       661  3.3459655E-03  2.0542299E-03
       662  3.3627372E-03  2.0645267E-03
       663  3.3795930E-03  2.0748752E-03
       664  3.3965332E-03  2.0852755E-03
       665  3.4135584E-03  2.0957280E-03
       666  3.4306690E-03  2.1062328E-03
       667  3.4478653E-03  2.1167904E-03
       668  3.4651478E-03  2.1274008E-03
       669  3.4825169E-03  2.1380644E-03
       670  3.4999731E-03  2.1487815E-03
       671  3.5175168E-03  2.1595523E-03
       672  3.5351484E-03  2.1703770E-03
       673  3.5528684E-03  2.1812561E-03
       674  3.5706772E-03  2.1921896E-03
       675  3.5885753E-03  2.2031780E-03
       676  3.6065631E-03  2.2142214E-03
       677  3.6246411E-03  2.2253202E-03
       678  3.6428097E-03  2.2364747E-03
       679  3.6610694E-03  2.2476850E-03
       680  3.6794205E-03  2.2589515E-03
       681  3.6978637E-03  2.2702746E-03
       682  3.7163993E-03  2.2816543E-03
       683  3.7350279E-03  2.2930911E-03
       684  3.7537498E-03  2.3045853E-03
       685  3.7725655E-03  2.3161370E-03
       686  3.7914756E-03  2.3277467E-03
       687  3.8104804E-03  2.3394145E-03
       688  3.8295805E-03  2.3511408E-03
       689  3.8487764E-03  2.3629259E-03
       690  3.8680685E-03  2.3747701E-03
       691  3.8874572E-03  2.3866737E-03
       692  3.9069432E-03  2.3986369E-03
       693  3.9265268E-03  2.4106601E-03
       694  3.9462086E-03  2.4227435E-03
       695  3.9659891E-03  2.4348875E-03
       696  3.9858687E-03  2.4470924E-03
       697  4.0058479E-03  2.4593585E-03
       698  4.0259273E-03  2.4716860E-03
       699  4.0461074E-03  2.4840754E-03
       700  4.0663886E-03  2.4965268E-03
       701  4.0867714E-03  2.5090406E-03
       702  4.1072565E-03  2.5216172E-03
       703  4.1278442E-03  2.5342568E-03
       704  4.1485351E-03  2.5469598E-03
       705  4.1693297E-03  2.5597264E-03
       706  4.1902285E-03  2.5725571E-03
       707  4.2112322E-03  2.5854520E-03
       708  4.2323410E-03  2.5984116E-03
       709  4.2535557E-03  2.6114362E-03
       710  4.2748768E-03  2.6245260E-03
       711  4.2963047E-03  2.6376814E-03
       712  4.3178400E-03  2.6509028E-03
       713  4.3394833E-03  2.6641905E-03
       714  4.3612350E-03  2.6775447E-03
       715  4.3830958E-03  2.6909659E-03
       716  4.4050662E-03  2.7044544E-03
       717  4.4271466E-03  2.7180105E-03
       718  4.4493378E-03  2.7316345E-03
       719  4.4716402E-03  2.7453268E-03
       720  4.4940544E-03  2.7590878E-03
       721  4.5165809E-03  2.7729177E-03
       722  4.5392204E-03  2.7868169E-03
       723  4.5619733E-03  2.8007859E-03
       724  4.5848403E-03  2.8148248E-03
       725  4.6078219E-03  2.8289341E-03
       726  4.6309187E-03  2.8431141E-03
       727  4.6541313E-03  2.8573652E-03
       728  4.6774602E-03  2.8716878E-03
       729  4.7009061E-03  2.8860821E-03
       730  4.7244695E-03  2.9005486E-03
       731  4.7481510E-03  2.9150876E-03
       732  4.7719512E-03  2.9296994E-03
       733  4.7958707E-03  2.9443846E-03
       734  4.8199101E-03  2.9591433E-03
       735  4.8440700E-03  2.9739760E-03
       736  4.8683510E-03  2.9888830E-03
       737  4.8927537E-03  3.0038648E-03
       738  4.9172788E-03  3.0189216E-03
       739  4.9419267E-03  3.0340540E-03
       740  4.9666982E-03  3.0492622E-03
       741  4.9915939E-03  3.0645466E-03
       742  5.0166144E-03  3.0799076E-03
       743  5.0417603E-03  3.0953456E-03
       744  5.0670322E-03  3.1108610E-03
       745  5.0924308E-03  3.1264542E-03
       746  5.1179567E-03  3.1421255E-03
       747  5.1436106E-03  3.1578754E-03
       748  5.1693930E-03  3.1737042E-03
       749  5.1953047E-03  3.1896124E-03
       750  5.2213463E-03  3.2056003E-03
       751  5.2475184E-03  3.2216684E-03
       752  5.2738217E-03  3.2378169E-03
       753  5.3002568E-03  3.2540465E-03
       754  5.3268245E-03  3.2703574E-03
       755  5.3535253E-03  3.2867500E-03
       756  5.3803600E-03  3.3032248E-03
       757  5.4073291E-03  3.3197822E-03
       758  5.4344335E-03  3.3364226E-03
       759  5.4616737E-03  3.3531463E-03
       760  5.4890504E-03  3.3699540E-03
       761  5.5165644E-03  3.3868458E-03
       762  5.5442163E-03  3.4038223E-03
       763  5.5720068E-03  3.4208840E-03
       764  5.5999366E-03  3.4380311E-03
       765  5.6280064E-03  3.4552642E-03
       766  5.6562169E-03  3.4725837E-03
       767  5.6845688E-03  3.4899900E-03
       768  5.7130628E-03  3.5074835E-03
       769  5.7416997E-03  3.5250647E-03
       770  5.7704801E-03  3.5427340E-03
       771  5.7994047E-03  3.5604919E-03
       772  5.8284744E-03  3.5783389E-03
       773  5.8576897E-03  3.5962752E-03
       774  5.8870515E-03  3.6143015E-03
       775  5.9165605E-03  3.6324181E-03
       776  5.9462174E-03  3.6506256E-03
       777  5.9760229E-03  3.6689243E-03
       778  6.0059778E-03  3.6873147E-03
       779  6.0360829E-03  3.7057973E-03
       780  6.0663389E-03  3.7243726E-03
       781  6.0967466E-03  3.7430409E-03
       782  6.1273066E-03  3.7618028E-03
       783  6.1580199E-03  3.7806588E-03
       784  6.1888871E-03  3.7996093E-03
       785  6.2199090E-03  3.8186548E-03
       786  6.2510864E-03  3.8377957E-03
       787  6.2824201E-03  3.8570326E-03
       788  6.3139109E-03  3.8763659E-03
       789  6.3455595E-03  3.8957961E-03
       790  6.3773668E-03  3.9153237E-03
       791  6.4093334E-03  3.9349491E-03
       792  6.4414604E-03  3.9546730E-03
       793  6.4737483E-03  3.9744957E-03
       794  6.5061981E-03  3.9944178E-03
       795  6.5388106E-03  4.0144397E-03
       796  6.5715865E-03  4.0345620E-03
       797  6.6045267E-03  4.0547851E-03
       798  6.6376320E-03  4.0751096E-03
       799  6.6709033E-03  4.0955360E-03
       800  6.7043413E-03  4.1160648E-03
       801  6.7379470E-03  4.1366965E-03
       802  6.7717211E-03  4.1574315E-03
       803  6.8056645E-03  4.1782706E-03
       804  6.8397780E-03  4.1992140E-03
       805  6.8740626E-03  4.2202625E-03
       806  6.9085189E-03  4.2414164E-03
       807  6.9431480E-03  4.2626764E-03
       808  6.9779507E-03  4.2840429E-03
       809  7.0129278E-03  4.3055166E-03
       810  7.0480803E-03  4.3270978E-03
       811  7.0834089E-03  4.3487873E-03
       812  7.1189147E-03  4.3705854E-03
       813  7.1545984E-03  4.3924929E-03
       814  7.1904609E-03  4.4145101E-03
       815  7.2265033E-03  4.4366377E-03
       816  7.2627263E-03  4.4588762E-03
       817  7.2991308E-03  4.4812261E-03
       818  7.3357179E-03  4.5036881E-03
       819  7.3724883E-03  4.5262627E-03
       820  7.4094431E-03  4.5489504E-03
       821  7.4465831E-03  4.5717519E-03
       822  7.4839092E-03  4.5946676E-03
       823  7.5214225E-03  4.6176982E-03
       824  7.5591238E-03  4.6408443E-03
       825  7.5970140E-03  4.6641063E-03
       826  7.6350942E-03  4.6874850E-03
       827  7.6733653E-03  4.7109808E-03
       828  7.7118282E-03  4.7345944E-03
       829  7.7504839E-03  4.7583264E-03
       830  7.7893334E-03  4.7821773E-03
       831  7.8283775E-03  4.8061477E-03
       832  7.8676175E-03  4.8302383E-03
       833  7.9070541E-03  4.8544497E-03
       834  7.9466883E-03  4.8787824E-03
       835  7.9865213E-03  4.9032371E-03
       836  8.0265539E-03  4.9278144E-03
       837  8.0667871E-03  4.9525148E-03
       838  8.1072221E-03  4.9773390E-03
       839  8.1478597E-03  5.0022877E-03
       840  8.1887010E-03  5.0273614E-03
       841  8.2297470E-03  5.0525609E-03
       842  8.2709988E-03  5.0778866E-03
       843  8.3124574E-03  5.1033392E-03
       844  8.3541237E-03  5.1289194E-03
       845  8.3959990E-03  5.1546279E-03
       846  8.4380841E-03  5.1804652E-03
       847  8.4803802E-03  5.2064320E-03
       848  8.5228882E-03  5.2325290E-03
       849  8.5656094E-03  5.2587567E-03
       850  8.6085447E-03  5.2851159E-03
       851  8.6516952E-03  5.3116073E-03
       852  8.6950620E-03  5.3382314E-03
       853  8.7386462E-03  5.3649890E-03
       854  8.7824488E-03  5.3918807E-03
       855  8.8264710E-03  5.4189072E-03
       856  8.8707139E-03  5.4460691E-03
       857  8.9151785E-03  5.4733672E-03
       858  8.9598661E-03  5.5008021E-03
       859  9.0047776E-03  5.5283746E-03
       860  9.0499142E-03  5.5560852E-03
       861  9.0952771E-03  5.5839347E-03
       862  9.1408674E-03  5.6119238E-03
       863  9.1866862E-03  5.6400532E-03
       864  9.2327346E-03  5.6683236E-03
       865  9.2790139E-03  5.6967357E-03
       866  9.3255251E-03  5.7252902E-03
       867  9.3722695E-03  5.7539878E-03
       868  9.4192482E-03  5.7828293E-03
       869  9.4664624E-03  5.8118153E-03
       870  9.5139132E-03  5.8409466E-03
       871  9.5616019E-03  5.8702239E-03
       872  9.6095297E-03  5.8996480E-03
       873  9.6576976E-03  5.9292195E-03
       874  9.7061070E-03  5.9589393E-03
       875  9.7547591E-03  5.9888080E-03
       876  9.8036550E-03  6.0188264E-03
       877  9.8527961E-03  6.0489953E-03
       878  9.9021834E-03  6.0793154E-03
       879  9.9518183E-03  6.1097875E-03
       880  1.0001702E-02  6.1404123E-03
       881  1.0051836E-02  6.1711906E-03
       882  1.0102221E-02  6.2021232E-03
       883  1.0152858E-02  6.2332108E-03
       884  1.0203750E-02  6.2644542E-03
       885  1.0254896E-02  6.2958543E-03
       886  1.0306299E-02  6.3274117E-03
       887  1.0357960E-02  6.3591273E-03
       888  1.0409879E-02  6.3910018E-03
       889  1.0462059E-02  6.4230361E-03
       890  1.0514500E-02  6.4552310E-03
       891  1.0567204E-02  6.4875872E-03
       892  1.0620173E-02  6.5201056E-03
       893  1.0673407E-02  6.5527870E-03
       894  1.0726907E-02  6.5856322E-03
       895  1.0780676E-02  6.6186421E-03
       896  1.0834714E-02  6.6518174E-03
       897  1.0889024E-02  6.6851589E-03
       898  1.0943605E-02  6.7186676E-03
       899  1.0998460E-02  6.7523442E-03
       900  1.1053590E-02  6.7861896E-03
       901  1.1108997E-02  6.8202047E-03
       902  1.1164681E-02  6.8543902E-03
       903  1.1220644E-02  6.8887471E-03
       904  1.1276888E-02  6.9232762E-03
       905  1.1333413E-02  6.9579784E-03
       906  1.1390222E-02  6.9928544E-03
       907  1.1447316E-02  7.0279053E-03
       908  1.1504696E-02  7.0631319E-03
       909  1.1562363E-02  7.0985350E-03
       910  1.1620320E-02  7.1341156E-03
       911  1.1678567E-02  7.1698745E-03
       912  1.1737106E-02  7.2058126E-03
       913  1.1795939E-02  7.2419309E-03
       914  1.1855066E-02  7.2782302E-03
       915  1.1914490E-02  7.3147114E-03
       916  1.1974211E-02  7.3513754E-03
       917  1.2034232E-02  7.3882233E-03
       918  1.2094554E-02  7.4252558E-03
       919  1.2155178E-02  7.4624739E-03
       920  1.2216106E-02  7.4998786E-03
       921  1.2277340E-02  7.5374707E-03
       922  1.2338880E-02  7.5752512E-03
       923  1.2400729E-02  7.6132211E-03
       924  1.2462888E-02  7.6513814E-03
       925  1.2525359E-02  7.6897328E-03
       926  1.2588142E-02  7.7282765E-03
       927  1.2651241E-02  7.7670134E-03
       928  1.2714655E-02  7.8059444E-03
       929  1.2778388E-02  7.8450706E-03
       930  1.2842440E-02  7.8843928E-03
       931  1.2906813E-02  7.9239122E-03
       932  1.2971508E-02  7.9636296E-03
       933  1.3036528E-02  8.0035460E-03
       934  1.3101874E-02  8.0436626E-03
       935  1.3167547E-02  8.0839801E-03
       936  1.3233550E-02  8.1244998E-03
       937  1.3299884E-02  8.1652226E-03
       938  1.3366549E-02  8.2061494E-03
       939  1.3433550E-02  8.2472814E-03
       940  1.3500886E-02  8.2886195E-03
       941  1.3568559E-02  8.3301648E-03
       942  1.3636572E-02  8.3719183E-03
       943  1.3704925E-02  8.4138811E-03
       944  1.3773622E-02  8.4560542E-03
       945  1.3842662E-02  8.4984387E-03
       946  1.3912049E-02  8.5410356E-03
       947  1.3981783E-02  8.5838460E-03
       948  1.4051867E-02  8.6268710E-03
       949  1.4122302E-02  8.6701116E-03
       950  1.4193091E-02  8.7135689E-03
       951  1.4264234E-02  8.7572440E-03
       952  1.4335734E-02  8.8011381E-03
       953  1.4407592E-02  8.8452521E-03
       954  1.4479810E-02  8.8895872E-03
       955  1.4552391E-02  8.9341445E-03
       956  1.4625335E-02  8.9789251E-03
       957  1.4698645E-02  9.0239301E-03
       958  1.4772322E-02  9.0691608E-03
       959  1.4846368E-02  9.1146181E-03
       960  1.4920786E-02  9.1603032E-03
       961  1.4995577E-02  9.2062173E-03
       962  1.5070742E-02  9.2523615E-03
       963  1.5146285E-02  9.2987369E-03
       964  1.5222206E-02  9.3453448E-03
       965  1.5298508E-02  9.3921863E-03
       966  1.5375192E-02  9.4392626E-03
       967  1.5452260E-02  9.4865748E-03
       968  1.5529715E-02  9.5341241E-03
       969  1.5607558E-02  9.5819117E-03
       970  1.5685791E-02  9.6299388E-03
       971  1.5764416E-02  9.6782066E-03
       972  1.5843436E-02  9.7267163E-03
       973  1.5922852E-02  9.7754691E-03
       974  1.6002665E-02  9.8244663E-03
       975  1.6082879E-02  9.8737090E-03
       976  1.6163495E-02  9.9231985E-03
       977  1.6244514E-02  9.9729361E-03
       978  1.6325940E-02  1.0022923E-02
       979  1.6407775E-02  1.0073160E-02
       980  1.6490019E-02  1.0123649E-02
       981  1.6572675E-02  1.0174391E-02
       982  1.6655746E-02  1.0225388E-02
       983  1.6739234E-02  1.0276640E-02
       984  1.6823139E-02  1.0328149E-02
       985  1.6907466E-02  1.0379916E-02
       986  1.6992215E-02  1.0431942E-02
       987  1.7077389E-02  1.0484230E-02
       988  1.7162989E-02  1.0536779E-02
       989  1.7249019E-02  1.0589591E-02
       990  1.7335480E-02  1.0642669E-02
       991  1.7422375E-02  1.0696012E-02
       992  1.7509705E-02  1.0749623E-02
       993  1.7597472E-02  1.0803502E-02
       994  1.7685680E-02  1.0857651E-02
       995  1.7774330E-02  1.0912072E-02
       996  1.7863424E-02  1.0966765E-02
       997  1.7952965E-02  1.1021733E-02
       998  1.8042955E-02  1.1076976E-02
       999  1.8133395E-02  1.1132495E-02
      1000  1.8224289E-02  1.1188294E-02
      1001  1.8315639E-02  1.1244371E-02
      1002  1.8407446E-02  1.1300730E-02
      1003  1.8499714E-02  1.1357371E-02
      1004  1.8592444E-02  1.1414296E-02
      1005  1.8685639E-02  1.1471506E-02
      1006  1.8779301E-02  1.1529003E-02
      1007  1.8873433E-02  1.1586789E-02
      1008  1.8968037E-02  1.1644863E-02
      1009  1.9063114E-02  1.1703229E-02
      1010  1.9158669E-02  1.1761887E-02
      1011  1.9254702E-02  1.1820840E-02
      1012  1.9351216E-02  1.1880087E-02
      1013  1.9448215E-02  1.1939632E-02
      1014  1.9545699E-02  1.1999475E-02
      1015  1.9643673E-02  1.2059618E-02
      1016  1.9742137E-02  1.2120062E-02
      1017  1.9841095E-02  1.2180809E-02
      1018  1.9940549E-02  1.2241861E-02
      1019  2.0040501E-02  1.2303218E-02
      1020  2.0140954E-02  1.2364883E-02
      1021  2.0241911E-02  1.2426857E-02
      1022  2.0343374E-02  1.2489142E-02
      1023  2.0445346E-02  1.2551738E-02
      1024  2.0547829E-02  1.2614649E-02
      1025  2.0650825E-02  1.2677874E-02
      1026  2.0754338E-02  1.2741417E-02
      1027  2.0858369E-02  1.2805278E-02
      1028  2.0962922E-02  1.2869459E-02
      1029  2.1068000E-02  1.2933961E-02
      1030  2.1173603E-02  1.2998787E-02
      1031  2.1279736E-02  1.3063938E-02
      1032  2.1386402E-02  1.3129415E-02
      1033  2.1493601E-02  1.3195220E-02
      1034  2.1601338E-02  1.3261355E-02
      1035  2.1709616E-02  1.3327821E-02
      1036  2.1818436E-02  1.3394621E-02
      1037  2.1927801E-02  1.3461755E-02
      1038  2.2037714E-02  1.3529226E-02
      1039  2.2148179E-02  1.3597034E-02
      1040  2.2259197E-02  1.3665183E-02
      1041  2.2370772E-02  1.3733673E-02
      1042  2.2482906E-02  1.3802506E-02
      1043  2.2595602E-02  1.3871684E-02
      1044  2.2708863E-02  1.3941209E-02
      1045  2.2822691E-02  1.4011082E-02
      1046  2.2937091E-02  1.4081305E-02
      1047  2.3052063E-02  1.4151880E-02
      1048  2.3167612E-02  1.4222809E-02
      1049  2.3283740E-02  1.4294093E-02
      1050  2.3400451E-02  1.4365735E-02
      1051  2.3517746E-02  1.4437735E-02
      1052  2.3635629E-02  1.4510096E-02
      1053  2.3754103E-02  1.4582820E-02
      1054  2.3873171E-02  1.4655908E-02
      1055  2.3992836E-02  1.4729363E-02
      1056  2.4113100E-02  1.4803185E-02
      1057  2.4233968E-02  1.4877377E-02
      1058  2.4355441E-02  1.4951941E-02
      1059  2.4477523E-02  1.5026879E-02
      1060  2.4600217E-02  1.5102192E-02
      1061  2.4723526E-02  1.5177883E-02
      1062  2.4847454E-02  1.5253953E-02
      1063  2.4972002E-02  1.5330404E-02
      1064  2.5097175E-02  1.5407238E-02
      1065  2.5222975E-02  1.5484457E-02
      1066  2.5349406E-02  1.5562063E-02
      1067  2.5476470E-02  1.5640057E-02
      1068  2.5604171E-02  1.5718443E-02
      1069  2.5732513E-02  1.5797221E-02
      1070  2.5861497E-02  1.5876394E-02
      1071  2.5991129E-02  1.5955964E-02
      1072  2.6121410E-02  1.6035932E-02
      1073  2.6252344E-02  1.6116301E-02
      1074  2.6383934E-02  1.6197073E-02
      1075  2.6516184E-02  1.6278250E-02
      1076  2.6649097E-02  1.6359833E-02
      1077  2.6782676E-02  1.6441825E-02
      1078  2.6916925E-02  1.6524227E-02
      1079  2.7051847E-02  1.6607043E-02
      1080  2.7187445E-02  1.6690274E-02
      1081  2.7323722E-02  1.6773921E-02
      1082  2.7460683E-02  1.6857988E-02
      1083  2.7598330E-02  1.6942476E-02
      1084  2.7736668E-02  1.7027387E-02
      1085  2.7875698E-02  1.7112723E-02
      1086  2.8015426E-02  1.7198487E-02
      1087  2.8155854E-02  1.7284681E-02
      1088  2.8296985E-02  1.7371307E-02
      1089  2.8438825E-02  1.7458366E-02
      1090  2.8581375E-02  1.7545862E-02
      1091  2.8724640E-02  1.7633796E-02
      1092  2.8868623E-02  1.7722171E-02
      1093  2.9013327E-02  1.7810988E-02
      1094  2.9158757E-02  1.7900250E-02
      1095  2.9304916E-02  1.7989960E-02
      1096  2.9451807E-02  1.8080119E-02
      1097  2.9599435E-02  1.8170730E-02
      1098  2.9747803E-02  1.8261794E-02
      1099  2.9896914E-02  1.8353315E-02
      1100  3.0046773E-02  1.8445294E-02
      1101  3.0197383E-02  1.8537734E-02
      1102  3.0348748E-02  1.8630638E-02
      1103  3.0500872E-02  1.8724006E-02
      1104  3.0653758E-02  1.8817843E-02
      1105  3.0807411E-02  1.8912149E-02
      1106  3.0961834E-02  1.9006928E-02
      1107  3.1117031E-02  1.9102182E-02
      1108  3.1273005E-02  1.9197913E-02
      1109  3.1429762E-02  1.9294123E-02
      1110  3.1587304E-02  1.9390815E-02
      1111  3.1745636E-02  1.9487992E-02
      1112  3.1904762E-02  1.9585656E-02
      1113  3.2064685E-02  1.9683808E-02
      1114  3.2225410E-02  1.9782453E-02
      1115  3.2386941E-02  1.9881592E-02
      1116  3.2549281E-02  1.9981227E-02
      1117  3.2712435E-02  2.0081361E-02
      1118  3.2876407E-02  2.0181997E-02
      1119  3.3041200E-02  2.0283137E-02
      1120  3.3206820E-02  2.0384784E-02
      1121  3.3373270E-02  2.0486939E-02
      1122  3.3540554E-02  2.0589607E-02
      1123  3.3708677E-02  2.0692789E-02
      1124  3.3877642E-02  2.0796487E-02
      1125  3.4047455E-02  2.0900705E-02
      1126  3.4218118E-02  2.1005445E-02
      1127  3.4389637E-02  2.1110710E-02
      1128  3.4562016E-02  2.1216502E-02
      1129  3.4735259E-02  2.1322824E-02
      1130  3.4909370E-02  2.1429678E-02
      1131  3.5084354E-02  2.1537068E-02
      1132  3.5260215E-02  2.1644995E-02
      1133  3.5436958E-02  2.1753463E-02
      1134  3.5614586E-02  2.1862474E-02
      1135  3.5793105E-02  2.1972032E-02
      1136  3.5972519E-02  2.2082138E-02
      1137  3.6152832E-02  2.2192795E-02
      1138  3.6334049E-02  2.2304007E-02
      1139  3.6516174E-02  2.2415776E-02
      1140  3.6699212E-02  2.2528104E-02
      1141  3.6883167E-02  2.2640995E-02
      1142  3.7068045E-02  2.2754452E-02
      1143  3.7253849E-02  2.2868476E-02
      1144  3.7440585E-02  2.2983072E-02
      1145  3.7628257E-02  2.3098242E-02
      1146  3.7816869E-02  2.3213988E-02
      1147  3.8006427E-02  2.3330314E-02
      1148  3.8196935E-02  2.3447223E-02
      1149  3.8388398E-02  2.3564717E-02
      1150  3.8580821E-02  2.3682799E-02
      1151  3.8774208E-02  2.3801473E-02
      1152  3.8968564E-02  2.3920742E-02
      1153  3.9163895E-02  2.4040607E-02
      1154  3.9360205E-02  2.4161073E-02
      1155  3.9557499E-02  2.4282142E-02
      1156  3.9755782E-02  2.4403817E-02
      1157  3.9955058E-02  2.4526101E-02
      1158  4.0155334E-02  2.4648998E-02
      1159  4.0356613E-02  2.4772511E-02
      1160  4.0558902E-02  2.4896641E-02
      1161  4.0762204E-02  2.5021394E-02
      1162  4.0966525E-02  2.5146771E-02
      1163  4.1171871E-02  2.5272776E-02
      1164  4.1378246E-02  2.5399412E-02
      1165  4.1585655E-02  2.5526681E-02
      1166  4.1794104E-02  2.5654589E-02
      1167  4.2003598E-02  2.5783136E-02
      1168  4.2214142E-02  2.5912327E-02
      1169  4.2425741E-02  2.6042165E-02
      1170  4.2638401E-02  2.6172654E-02
      1171  4.2852127E-02  2.6303795E-02
      1172  4.3066924E-02  2.6435593E-02
      1173  4.3282798E-02  2.6568051E-02
      1174  4.3499754E-02  2.6701172E-02
      1175  4.3717797E-02  2.6834960E-02
      1176  4.3936934E-02  2.6969418E-02
      1177  4.4157168E-02  2.7104548E-02
      1178  4.4378507E-02  2.7240355E-02
      1179  4.4600955E-02  2.7376842E-02
      1180  4.4824519E-02  2.7514013E-02
      1181  4.5049202E-02  2.7651870E-02
      1182  4.5275012E-02  2.7790417E-02
      1183  4.5501954E-02  2.7929658E-02
      1184  4.5730034E-02  2.8069596E-02
      1185  4.5959257E-02  2.8210234E-02
      1186  4.6189628E-02  2.8351577E-02
      1187  4.6421155E-02  2.8493627E-02
      1188  4.6653842E-02  2.8636388E-02
      1189  4.6887695E-02  2.8779864E-02
      1190  4.7122721E-02  2.8924057E-02
      1191  4.7358924E-02  2.9068973E-02
      1192  4.7596312E-02  2.9214614E-02
      1193  4.7834889E-02  2.9360984E-02
      1194  4.8074663E-02  2.9508087E-02
      1195  4.8315638E-02  2.9655926E-02
      1196  4.8557821E-02  2.9804505E-02
      1197  4.8801218E-02  2.9953828E-02
      1198  4.9045835E-02  3.0103898E-02
      1199  4.9291679E-02  3.0254719E-02
      1200  4.9538754E-02  3.0406295E-02
      1201  4.9787068E-02  3.0558629E-02
      1202  5.0036627E-02  3.0711726E-02
      1203  5.0287437E-02  3.0865590E-02
      1204  5.0539504E-02  3.1020223E-02
      1205  5.0792834E-02  3.1175630E-02
      1206  5.1047434E-02  3.1331815E-02
      1207  5.1303310E-02  3.1488781E-02
      1208  5.1560469E-02  3.1646533E-02
      1209  5.1818917E-02  3.1805075E-02
      1210  5.2078661E-02  3.1964410E-02
      1211  5.2339706E-02  3.2124542E-02
      1212  5.2602060E-02  3.2285475E-02
      1213  5.2865729E-02  3.2447214E-02
      1214  5.3130719E-02  3.2609762E-02
      1215  5.3397038E-02  3.2773123E-02
      1216  5.3664692E-02  3.2937302E-02
      1217  5.3933687E-02  3.3102303E-02
      1218  5.4204031E-02  3.3268129E-02
      1219  5.4475730E-02  3.3434784E-02
      1220  5.4748791E-02  3.3602273E-02
      1221  5.5023220E-02  3.3770601E-02
      1222  5.5299025E-02  3.3939770E-02
      1223  5.5576213E-02  3.4109786E-02
      1224  5.5854790E-02  3.4280653E-02
      1225  5.6134763E-02  3.4452374E-02
      1226  5.6416140E-02  3.4624954E-02
      1227  5.6698927E-02  3.4798398E-02
      1228  5.6983131E-02  3.4972710E-02
      1229  5.7268760E-02  3.5147893E-02
      1230  5.7555821E-02  3.5323953E-02
      1231  5.7844321E-02  3.5500893E-02
      1232  5.8134267E-02  3.5678719E-02
      1233  5.8425666E-02  3.5857434E-02
      1234  5.8718526E-02  3.6037042E-02
      1235  5.9012854E-02  3.6217550E-02
      1236  5.9308657E-02  3.6398960E-02
      1237  5.9605943E-02  3.6581277E-02
      1238  5.9904719E-02  3.6764506E-02
      1239  6.0204992E-02  3.6948652E-02
      1240  6.0506771E-02  3.7133719E-02
      1241  6.0810063E-02  3.7319711E-02
      1242  6.1114874E-02  3.7506633E-02
      1243  6.1421214E-02  3.7694490E-02
      1244  6.1729089E-02  3.7883287E-02
      1245  6.2038507E-02  3.8073028E-02
      1246  6.2349477E-02  3.8263717E-02
      1247  6.2662005E-02  3.8455360E-02
      1248  6.2976099E-02  3.8647962E-02
      1249  6.3291768E-02  3.8841526E-02
      1250  6.3609020E-02  3.9036058E-02
      1251  6.3927861E-02  3.9231563E-02
      1252  6.4248301E-02  3.9428045E-02
      1253  6.4570347E-02  3.9625510E-02
      1254  6.4894007E-02  3.9823962E-02
      1255  6.5219290E-02  4.0023406E-02
      1256  6.5546203E-02  4.0223847E-02
      1257  6.5874754E-02  4.0425290E-02
      1258  6.6204953E-02  4.0627740E-02
      1259  6.6536807E-02  4.0831203E-02
      1260  6.6870324E-02  4.1035682E-02
      1261  6.7205513E-02  4.1241183E-02
      1262  6.7542382E-02  4.1447712E-02
      1263  6.7880939E-02  4.1655273E-02
      1264  6.8221194E-02  4.1863871E-02
      1265  6.8563154E-02  4.2073512E-02
      1266  6.8906828E-02  4.2284201E-02
      1267  6.9252225E-02  4.2495942E-02
      1268  6.9599354E-02  4.2708742E-02
      1269  6.9948222E-02  4.2922606E-02
      1270  7.0298839E-02  4.3137538E-02
      1271  7.0651213E-02  4.3353544E-02
      1272  7.1005354E-02  4.3570629E-02
      1273  7.1361270E-02  4.3788800E-02
      1274  7.1718969E-02  4.4008060E-02
      1275  7.2078462E-02  4.4228416E-02
      1276  7.2439757E-02  4.4449873E-02
      1277  7.2802863E-02  4.4672436E-02
      1278  7.3167789E-02  4.4896111E-02
      1279  7.3534544E-02  4.5120904E-02
      1280  7.3903137E-02  4.5346820E-02
      1281  7.4273578E-02  4.5573864E-02
      1282  7.4645876E-02  4.5802043E-02
      1283  7.5020040E-02  4.6031361E-02
      1284  7.5396080E-02  4.6261825E-02
      1285  7.5774004E-02  4.6493440E-02
      1286  7.6153823E-02  4.6726211E-02
      1287  7.6535545E-02  4.6960146E-02
      1288  7.6919181E-02  4.7195248E-02
      1289  7.7304740E-02  4.7431525E-02
      1290  7.7692232E-02  4.7668982E-02
      1291  7.8081666E-02  4.7907624E-02
      1292  7.8473052E-02  4.8147459E-02
      1293  7.8866400E-02  4.8388490E-02
      1294  7.9261719E-02  4.8630726E-02
      1295  7.9659020E-02  4.8874170E-02
      1296  8.0058313E-02  4.9118831E-02
      1297  8.0459607E-02  4.9364712E-02
      1298  8.0862912E-02  4.9611822E-02
      1299  8.1268239E-02  4.9860165E-02
      1300  8.1675598E-02  5.0109747E-02
      1301  8.2084999E-02  5.0360576E-02
      1302  8.2496451E-02  5.0612656E-02
      1303  8.2909967E-02  5.0865995E-02
      1304  8.3325555E-02  5.1120598E-02
      1305  8.3743226E-02  5.1376472E-02
      1306  8.4162990E-02  5.1633623E-02
      1307  8.4584859E-02  5.1892057E-02
      1308  8.5008842E-02  5.2151781E-02
      1309  8.5434951E-02  5.2412801E-02
      1310  8.5863195E-02  5.2675123E-02
      1311  8.6293586E-02  5.2938754E-02
      1312  8.6726135E-02  5.3203701E-02
      1313  8.7160851E-02  5.3469969E-02
      1314  8.7597747E-02  5.3737566E-02
      1315  8.8036833E-02  5.4006498E-02
      1316  8.8478119E-02  5.4276771E-02
      1317  8.8921617E-02  5.4548392E-02
      1318  8.9367339E-02  5.4821369E-02
      1319  8.9815295E-02  5.5095706E-02
      1320  9.0265496E-02  5.5371412E-02
      1321  9.0717953E-02  5.5648493E-02
      1322  9.1172679E-02  5.5926956E-02
      1323  9.1629684E-02  5.6206808E-02
      1324  9.2088980E-02  5.6488054E-02
      1325  9.2550578E-02  5.6770704E-02
      1326  9.3014489E-02  5.7054762E-02
      1327  9.3480726E-02  5.7340237E-02
      1328  9.3949300E-02  5.7627135E-02
      1329  9.4420223E-02  5.7915463E-02
      1330  9.4893507E-02  5.8205228E-02
      1331  9.5369162E-02  5.8496438E-02
      1332  9.5847202E-02  5.8789099E-02
      1333  9.6327638E-02  5.9083218E-02
      1334  9.6810483E-02  5.9378804E-02
      1335  9.7295747E-02  5.9675862E-02
      1336  9.7783444E-02  5.9974401E-02
      1337  9.8273586E-02  6.0274427E-02
      1338  9.8766184E-02  6.0575948E-02
      1339  9.9261252E-02  6.0878972E-02
      1340  9.9758801E-02  6.1183505E-02
      1341  1.0025884E-01  6.1489555E-02
      1342  1.0076139E-01  6.1797129E-02
      1343  1.0126646E-01  6.2106236E-02
      1344  1.0177406E-01  6.2416882E-02
      1345  1.0228421E-01  6.2729075E-02
      1346  1.0279691E-01  6.3042823E-02
      1347  1.0331218E-01  6.3358133E-02
      1348  1.0383003E-01  6.3675013E-02
      1349  1.0435048E-01  6.3993471E-02
      1350  1.0487354E-01  6.4313515E-02
      1351  1.0539922E-01  6.4635151E-02
      1352  1.0592754E-01  6.4958389E-02
      1353  1.0645850E-01  6.5283236E-02
      1354  1.0699213E-01  6.5609700E-02
      1355  1.0752843E-01  6.5937788E-02
      1356  1.0806742E-01  6.6267509E-02
      1357  1.0860911E-01  6.6598871E-02
      1358  1.0915351E-01  6.6931881E-02
      1359  1.0970065E-01  6.7266549E-02
      1360  1.1025053E-01  6.7602881E-02
      1361  1.1080316E-01  6.7940887E-02
      1362  1.1135856E-01  6.8280574E-02
      1363  1.1191675E-01  6.8621950E-02
      1364  1.1247773E-01  6.8965025E-02
      1365  1.1304153E-01  6.9309805E-02
      1366  1.1360815E-01  6.9656300E-02
      1367  1.1417762E-01  7.0004518E-02
      1368  1.1474993E-01  7.0354467E-02
      1369  1.1532512E-01  7.0706156E-02
      1370  1.1590319E-01  7.1059593E-02
      1371  1.1648416E-01  7.1414787E-02
      1372  1.1706804E-01  7.1771746E-02
      1373  1.1765484E-01  7.2130480E-02
      1374  1.1824459E-01  7.2490996E-02
      1375  1.1883729E-01  7.2853303E-02
      1376  1.1943297E-01  7.3217411E-02
      1377  1.2003163E-01  7.3583327E-02
      1378  1.2063329E-01  7.3951061E-02
      1379  1.2123797E-01  7.4320622E-02
      1380  1.2184567E-01  7.4692018E-02
      1381  1.2245643E-01  7.5065259E-02
      1382  1.2307024E-01  7.5440353E-02
      1383  1.2368714E-01  7.5817310E-02
      1384  1.2430712E-01  7.6196138E-02
      1385  1.2493021E-01  7.6576847E-02
      1386  1.2555643E-01  7.6959445E-02
      1387  1.2618578E-01  7.7343943E-02
      1388  1.2681829E-01  7.7730349E-02
      1389  1.2745397E-01  7.8118672E-02
      1390  1.2809284E-01  7.8508922E-02
      1391  1.2873490E-01  7.8901108E-02
      1392  1.2938019E-01  7.9295239E-02
      1393  1.3002871E-01  7.9691326E-02
      1394  1.3068048E-01  8.0089377E-02
      1395  1.3133552E-01  8.0489403E-02
      1396  1.3199384E-01  8.0891411E-02
      1397  1.3265547E-01  8.1295413E-02
      1398  1.3332040E-01  8.1701418E-02
      1399  1.3398867E-01  8.2109436E-02
      1400  1.3466030E-01  8.2519476E-02
      1401  1.3533528E-01  8.2931548E-02
      1402  1.3601365E-01  8.3345662E-02
      1403  1.3669543E-01  8.3761827E-02
      1404  1.3738061E-01  8.4180055E-02
      1405  1.3806924E-01  8.4600354E-02
      1406  1.3876131E-01  8.5022735E-02
      1407  1.3945686E-01  8.5447208E-02
      1408  1.4015589E-01  8.5873782E-02
      1409  1.4085842E-01  8.6302469E-02
      1410  1.4156448E-01  8.6733278E-02
      1411  1.4227407E-01  8.7166220E-02
      1412  1.4298722E-01  8.7601304E-02
      1413  1.4370395E-01  8.8038541E-02
      1414  1.4442427E-01  8.8477942E-02
      1415  1.4514820E-01  8.8919516E-02
      1416  1.4587576E-01  8.9363275E-02
      1417  1.4660696E-01  8.9809229E-02
      1418  1.4734183E-01  9.0257388E-02
      1419  1.4808039E-01  9.0707763E-02
      1420  1.4882264E-01  9.1160365E-02
      1421  1.4956862E-01  9.1615204E-02
      1422  1.5031834E-01  9.2072291E-02
      1423  1.5107181E-01  9.2531637E-02
      1424  1.5182906E-01  9.2993253E-02
      1425  1.5259011E-01  9.3457149E-02
      1426  1.5335497E-01  9.3923337E-02
      1427  1.5412366E-01  9.4391827E-02
      1428  1.5489621E-01  9.4862631E-02
      1429  1.5567263E-01  9.5335759E-02
      1430  1.5645294E-01  9.5811223E-02
      1431  1.5723717E-01  9.6289034E-02
      1432  1.5802532E-01  9.6769203E-02
      1433  1.5881743E-01  9.7251742E-02
      1434  1.5961350E-01  9.7736661E-02
      1435  1.6041357E-01  9.8223972E-02
      1436  1.6121764E-01  9.8713686E-02
      1437  1.6202575E-01  9.9205815E-02
      1438  1.6283791E-01  9.9700371E-02
      1439  1.6365414E-01  1.0019736E-01
      1440  1.6447446E-01  1.0069681E-01
      1441  1.6529889E-01  1.0119871E-01
      1442  1.6612745E-01  1.0170309E-01
      1443  1.6696017E-01  1.0220995E-01
      1444  1.6779706E-01  1.0271931E-01
      1445  1.6863815E-01  1.0323117E-01
      1446  1.6948345E-01  1.0374556E-01
      1447  1.7033299E-01  1.0426248E-01
      1448  1.7118679E-01  1.0478194E-01
      1449  1.7204486E-01  1.0530396E-01
      1450  1.7290724E-01  1.0582855E-01
      1451  1.7377394E-01  1.0635572E-01
      1452  1.7464499E-01  1.0688547E-01
      1453  1.7552040E-01  1.0741784E-01
      1454  1.7640020E-01  1.0795282E-01
      1455  1.7728441E-01  1.0849043E-01
      1456  1.7817305E-01  1.0903068E-01
      1457  1.7906615E-01  1.0957359E-01
      1458  1.7996372E-01  1.1011917E-01
      1459  1.8086579E-01  1.1066742E-01
      1460  1.8177239E-01  1.1121836E-01
      1461  1.8268352E-01  1.1177201E-01
      1462  1.8359923E-01  1.1232838E-01
      1463  1.8451952E-01  1.1288748E-01
      1464  1.8544443E-01  1.1344932E-01
      1465  1.8637398E-01  1.1401391E-01
      1466  1.8730818E-01  1.1458127E-01
      1467  1.8824707E-01  1.1515142E-01
      1468  1.8919066E-01  1.1572436E-01
      1469  1.9013898E-01  1.1630010E-01
      1470  1.9109206E-01  1.1687867E-01
      1471  1.9204991E-01  1.1746007E-01
      1472  1.9301256E-01  1.1804432E-01
      1473  1.9398004E-01  1.1863143E-01
      1474  1.9495237E-01  1.1922141E-01
      1475  1.9592957E-01  1.1981428E-01
      1476  1.9691168E-01  1.2041004E-01
      1477  1.9789870E-01  1.2100873E-01
      1478  1.9889067E-01  1.2161034E-01
      1479  1.9988761E-01  1.2221489E-01
      1480  2.0088955E-01  1.2282239E-01
      1481  2.0189652E-01  1.2343286E-01
      1482  2.0290853E-01  1.2404632E-01
      1483  2.0392561E-01  1.2466276E-01
      1484  2.0494779E-01  1.2528222E-01
      1485  2.0597510E-01  1.2590471E-01
      1486  2.0700755E-01  1.2653022E-01
      1487  2.0804518E-01  1.2715879E-01
      1488  2.0908801E-01  1.2779043E-01
      1489  2.1013607E-01  1.2842514E-01
      1490  2.1118938E-01  1.2906295E-01
      1491  2.1224797E-01  1.2970386E-01
      1492  2.1331187E-01  1.3034790E-01
      1493  2.1438110E-01  1.3099507E-01
      1494  2.1545569E-01  1.3164540E-01
      1495  2.1653567E-01  1.3229888E-01
      1496  2.1762106E-01  1.3295555E-01
      1497  2.1871189E-01  1.3361541E-01
      1498  2.1980818E-01  1.3427847E-01
      1499  2.2090998E-01  1.3494476E-01
      1500  2.2201729E-01  1.3561429E-01
      1501  2.2313016E-01  1.3628707E-01
      1502  2.2424860E-01  1.3696312E-01
      1503  2.2537266E-01  1.3764244E-01
      1504  2.2650234E-01  1.3832507E-01
      1505  2.2763769E-01  1.3901100E-01
      1506  2.2877873E-01  1.3970026E-01
      1507  2.2992549E-01  1.4039286E-01
      1508  2.3107799E-01  1.4108882E-01
      1509  2.3223627E-01  1.4178815E-01
      1510  2.3340036E-01  1.4249086E-01
      1511  2.3457029E-01  1.4319698E-01
      1512  2.3574608E-01  1.4390651E-01
      1513  2.3692776E-01  1.4461947E-01
      1514  2.3811536E-01  1.4533588E-01
      1515  2.3930892E-01  1.4605576E-01
      1516  2.4050846E-01  1.4677911E-01
      1517  2.4171402E-01  1.4750595E-01
      1518  2.4292561E-01  1.4823631E-01
      1519  2.4414328E-01  1.4897019E-01
      1520  2.4536706E-01  1.4970760E-01
      1521  2.4659696E-01  1.5044858E-01
      1522  2.4783304E-01  1.5119312E-01
      1523  2.4907530E-01  1.5194126E-01
      1524  2.5032380E-01  1.5269299E-01
      1525  2.5157855E-01  1.5344835E-01
      1526  2.5283960E-01  1.5420733E-01
      1527  2.5410696E-01  1.5496997E-01
      1528  2.5538068E-01  1.5573628E-01
      1529  2.5666078E-01  1.5650627E-01
      1530  2.5794729E-01  1.5727995E-01
      1531  2.5924026E-01  1.5805736E-01
      1532  2.6053971E-01  1.5883849E-01
      1533  2.6184567E-01  1.5962337E-01
      1534  2.6315818E-01  1.6041201E-01
      1535  2.6447726E-01  1.6120443E-01
      1536  2.6580296E-01  1.6200065E-01
      1537  2.6713530E-01  1.6280068E-01
      1538  2.6847432E-01  1.6360454E-01
      1539  2.6982006E-01  1.6441224E-01
      1540  2.7117254E-01  1.6522381E-01
      1541  2.7253179E-01  1.6603925E-01
      1542  2.7389786E-01  1.6685859E-01
      1543  2.7527078E-01  1.6768184E-01
      1544  2.7665058E-01  1.6850902E-01
      1545  2.7803730E-01  1.6934014E-01
      1546  2.7943097E-01  1.7017522E-01
      1547  2.8083162E-01  1.7101428E-01
      1548  2.8223930E-01  1.7185734E-01
      1549  2.8365403E-01  1.7270440E-01
      1550  2.8507585E-01  1.7355550E-01
      1551  2.8650480E-01  1.7441064E-01
      1552  2.8794091E-01  1.7526984E-01
      1553  2.8938422E-01  1.7613313E-01
      1554  2.9083476E-01  1.7700051E-01
      1555  2.9229258E-01  1.7787200E-01
      1556  2.9375770E-01  1.7874762E-01
      1557  2.9523017E-01  1.7962739E-01
      1558  2.9671001E-01  1.8051133E-01
      1559  2.9819728E-01  1.8139944E-01
      1560  2.9969200E-01  1.8229176E-01
      1561  3.0119421E-01  1.8318829E-01
      1562  3.0270395E-01  1.8408906E-01
      1563  3.0422126E-01  1.8499407E-01
      1564  3.0574618E-01  1.8590336E-01
      1565  3.0727874E-01  1.8681693E-01
      1566  3.0881898E-01  1.8773480E-01
      1567  3.1036694E-01  1.8865699E-01
      1568  3.1192266E-01  1.8958352E-01
      1569  3.1348618E-01  1.9051440E-01
      1570  3.1505754E-01  1.9144966E-01
      1571  3.1663677E-01  1.9238931E-01
      1572  3.1822392E-01  1.9333336E-01
      1573  3.1981902E-01  1.9428184E-01
      1574  3.2142212E-01  1.9523476E-01
      1575  3.2303326E-01  1.9619215E-01
      1576  3.2465247E-01  1.9715400E-01
      1577  3.2627979E-01  1.9812036E-01
      1578  3.2791528E-01  1.9909123E-01
      1579  3.2955896E-01  2.0006662E-01
      1580  3.3121088E-01  2.0104657E-01
      1581  3.3287108E-01  2.0203108E-01
      1582  3.3453961E-01  2.0302017E-01
      1583  3.3621649E-01  2.0401386E-01
      1584  3.3790179E-01  2.0501218E-01
      1585  3.3959553E-01  2.0601513E-01
      1586  3.4129776E-01  2.0702273E-01
      1587  3.4300852E-01  2.0803500E-01
      1588  3.4472785E-01  2.0905197E-01
      1589  3.4645581E-01  2.1007363E-01
      1590  3.4819243E-01  2.1110003E-01
      1591  3.4993775E-01  2.1213116E-01
      1592  3.5169182E-01  2.1316706E-01
      1593  3.5345468E-01  2.1420773E-01
      1594  3.5522638E-01  2.1525320E-01
      1595  3.5700696E-01  2.1630348E-01
      1596  3.5879647E-01  2.1735860E-01
      1597  3.6059494E-01  2.1841855E-01
      1598  3.6240243E-01  2.1948338E-01
      1599  3.6421898E-01  2.2055309E-01
      1600  3.6604463E-01  2.2162770E-01
      1601  3.6787944E-01  2.2270723E-01
      1602  3.6972344E-01  2.2379169E-01
      1603  3.7157669E-01  2.2488111E-01
      1604  3.7343923E-01  2.2597549E-01
      1605  3.7531110E-01  2.2707487E-01
      1606  3.7719235E-01  2.2817925E-01
      1607  3.7908304E-01  2.2928866E-01
      1608  3.8098320E-01  2.3040311E-01
      1609  3.8289289E-01  2.3152261E-01
      1610  3.8481214E-01  2.3264719E-01
      1611  3.8674102E-01  2.3377687E-01
      1612  3.8867957E-01  2.3491165E-01
      1613  3.9062784E-01  2.3605156E-01
      1614  3.9258587E-01  2.3719662E-01
      1615  3.9455371E-01  2.3834684E-01
      1616  3.9653142E-01  2.3950223E-01
      1617  3.9851904E-01  2.4066283E-01
      1618  4.0051663E-01  2.4182863E-01
      1619  4.0252422E-01  2.4299967E-01
      1620  4.0454189E-01  2.4417595E-01
      1621  4.0656966E-01  2.4535750E-01
      1622  4.0860760E-01  2.4654433E-01
      1623  4.1065575E-01  2.4773645E-01
      1624  4.1271417E-01  2.4893389E-01
      1625  4.1478291E-01  2.5013666E-01
      1626  4.1686202E-01  2.5134478E-01
      1627  4.1895155E-01  2.5255826E-01
      1628  4.2105155E-01  2.5377712E-01
      1629  4.2316208E-01  2.5500137E-01
      1630  4.2528319E-01  2.5623104E-01
      1631  4.2741493E-01  2.5746614E-01
      1632  4.2955736E-01  2.5870668E-01
      1633  4.3171052E-01  2.5995269E-01
      1634  4.3387448E-01  2.6120417E-01
      1635  4.3604929E-01  2.6246114E-01
      1636  4.3823499E-01  2.6372362E-01
      1637  4.4043165E-01  2.6499162E-01
      1638  4.4263933E-01  2.6626517E-01
      1639  4.4485807E-01  2.6754426E-01
      1640  4.4708793E-01  2.6882893E-01
      1641  4.4932896E-01  2.7011919E-01
      1642  4.5158123E-01  2.7141504E-01
      1643  4.5384480E-01  2.7271651E-01
      1644  4.5611970E-01  2.7402361E-01
      1645  4.5840601E-01  2.7533635E-01
      1646  4.6070378E-01  2.7665475E-01
      1647  4.6301307E-01  2.7797883E-01
      1648  4.6533393E-01  2.7930859E-01
      1649  4.6766643E-01  2.8064405E-01
      1650  4.7001061E-01  2.8198523E-01
      1651  4.7236655E-01  2.8333214E-01
      1652  4.7473430E-01  2.8468480E-01
      1653  4.7711392E-01  2.8604321E-01
      1654  4.7950546E-01  2.8740739E-01
      1655  4.8190899E-01  2.8877735E-01
      1656  4.8432457E-01  2.9015311E-01
      1657  4.8675226E-01  2.9153468E-01
      1658  4.8919211E-01  2.9292207E-01
      1659  4.9164420E-01  2.9431530E-01
      1660  4.9410857E-01  2.9571437E-01
      1661  4.9658530E-01  2.9711930E-01
      1662  4.9907445E-01  2.9853010E-01
      1663  5.0157607E-01  2.9994678E-01
      1664  5.0409023E-01  3.0136936E-01
      1665  5.0661699E-01  3.0279784E-01
      1666  5.0915642E-01  3.0423224E-01
      1667  5.1170858E-01  3.0567256E-01
      1668  5.1427353E-01  3.0711882E-01
      1669  5.1685133E-01  3.0857103E-01
      1670  5.1944206E-01  3.1002919E-01
      1671  5.2204578E-01  3.1149333E-01
      1672  5.2466254E-01  3.1296343E-01
      1673  5.2729242E-01  3.1443953E-01
      1674  5.2993549E-01  3.1592162E-01
      1675  5.3259180E-01  3.1740972E-01
      1676  5.3526143E-01  3.1890382E-01
      1677  5.3794444E-01  3.2040395E-01
      1678  5.4064090E-01  3.2191011E-01
      1679  5.4335087E-01  3.2342230E-01
      1680  5.4607443E-01  3.2494054E-01
      1681  5.4881164E-01  3.2646483E-01
      1682  5.5156257E-01  3.2799517E-01
      1683  5.5432728E-01  3.2953158E-01
      1684  5.5710586E-01  3.3107406E-01
      1685  5.5989837E-01  3.3262262E-01
      1686  5.6270487E-01  3.3417725E-01
      1687  5.6552544E-01  3.3573797E-01
      1688  5.6836015E-01  3.3730478E-01
      1689  5.7120906E-01  3.3887769E-01
      1690  5.7407226E-01  3.4045669E-01
      1691  5.7694981E-01  3.4204180E-01
      1692  5.7984178E-01  3.4363301E-01
      1693  5.8274825E-01  3.4523033E-01
      1694  5.8566929E-01  3.4683376E-01
      1695  5.8860497E-01  3.4844330E-01
      1696  5.9155536E-01  3.5005896E-01
      1697  5.9452055E-01  3.5168073E-01
      1698  5.9750059E-01  3.5330861E-01
      1699  6.0049558E-01  3.5494262E-01
      1700  6.0350558E-01  3.5658273E-01
      1701  6.0653066E-01  3.5822896E-01
      1702  6.0957091E-01  3.5988131E-01
      1703  6.1262639E-01  3.6153976E-01
      1704  6.1569720E-01  3.6320433E-01
      1705  6.1878339E-01  3.6487500E-01
      1706  6.2188506E-01  3.6655177E-01
      1707  6.2500227E-01  3.6823465E-01
      1708  6.2813511E-01  3.6992362E-01
      1709  6.3128365E-01  3.7161868E-01
      1710  6.3444797E-01  3.7331982E-01
      1711  6.3762815E-01  3.7502704E-01
      1712  6.4082428E-01  3.7674034E-01
      1713  6.4403642E-01  3.7845970E-01
      1714  6.4726467E-01  3.8018511E-01
      1715  6.5050909E-01  3.8191658E-01
      1716  6.5376979E-01  3.8365408E-01
      1717  6.5704682E-01  3.8539762E-01
      1718  6.6034028E-01  3.8714717E-01
      1719  6.6365025E-01  3.8890274E-01
      1720  6.6697681E-01  3.9066430E-01
      1721  6.7032005E-01  3.9243185E-01
      1722  6.7368004E-01  3.9420537E-01
      1723  6.7705687E-01  3.9598484E-01
      1724  6.8045064E-01  3.9777026E-01
      1725  6.8386141E-01  3.9956161E-01
      1726  6.8728928E-01  4.0135888E-01
      1727  6.9073433E-01  4.0316203E-01
      1728  6.9419665E-01  4.0497107E-01
      1729  6.9767633E-01  4.0678597E-01
      1730  7.0117344E-01  4.0860671E-01
      1731  7.0468809E-01  4.1043327E-01
      1732  7.0822035E-01  4.1226563E-01
      1733  7.1177032E-01  4.1410377E-01
      1734  7.1533809E-01  4.1594766E-01
      1735  7.1892373E-01  4.1779729E-01
      1736  7.2252735E-01  4.1965263E-01
      1737  7.2614904E-01  4.2151365E-01
      1738  7.2978887E-01  4.2338033E-01
      1739  7.3344696E-01  4.2525264E-01
      1740  7.3712337E-01  4.2713056E-01
      1741  7.4081822E-01  4.2901405E-01
      1742  7.4453159E-01  4.3090308E-01
      1743  7.4826357E-01  4.3279762E-01
      1744  7.5201425E-01  4.3469765E-01
      1745  7.5578374E-01  4.3660313E-01
      1746  7.5957212E-01  4.3851401E-01
      1747  7.6337949E-01  4.4043028E-01
      1748  7.6720595E-01  4.4235189E-01
      1749  7.7105159E-01  4.4427881E-01
      1750  7.7491650E-01  4.4621099E-01
      1751  7.7880078E-01  4.4814840E-01
      1752  7.8270454E-01  4.5009100E-01
      1753  7.8662786E-01  4.5203874E-01
      1754  7.9057085E-01  4.5399158E-01
      1755  7.9453360E-01  4.5594948E-01
      1756  7.9851622E-01  4.5791239E-01
      1757  8.0251880E-01  4.5988026E-01
      1758  8.0654144E-01  4.6185305E-01
      1759  8.1058425E-01  4.6383070E-01
      1760  8.1464732E-01  4.6581317E-01
      1761  8.1873075E-01  4.6780040E-01
      1762  8.2283466E-01  4.6979234E-01
      1763  8.2695913E-01  4.7178893E-01
      1764  8.3110428E-01  4.7379012E-01
      1765  8.3527021E-01  4.7579585E-01
      1766  8.3945702E-01  4.7780606E-01
      1767  8.4366482E-01  4.7982069E-01
      1768  8.4789370E-01  4.8183967E-01
      1769  8.5214379E-01  4.8386295E-01
      1770  8.5641518E-01  4.8589045E-01
      1771  8.6070798E-01  4.8792211E-01
      1772  8.6502229E-01  4.8995786E-01
      1773  8.6935824E-01  4.9199763E-01
      1774  8.7371591E-01  4.9404135E-01
      1775  8.7809543E-01  4.9608894E-01
      1776  8.8249690E-01  4.9814033E-01
      1777  8.8692044E-01  5.0019544E-01
      1778  8.9136614E-01  5.0225419E-01
      1779  8.9583414E-01  5.0431650E-01
      1780  9.0032452E-01  5.0638229E-01
      1781  9.0483742E-01  5.0845147E-01
      1782  9.0937293E-01  5.1052396E-01
      1783  9.1393119E-01  5.1259967E-01
      1784  9.1851228E-01  5.1467850E-01
      1785  9.2311635E-01  5.1676037E-01
      1786  9.2774349E-01  5.1884518E-01
      1787  9.3239382E-01  5.2093284E-01
      1788  9.3706746E-01  5.2302324E-01
      1789  9.4176453E-01  5.2511629E-01
      1790  9.4648515E-01  5.2721188E-01
      1791  9.5122942E-01  5.2930990E-01
      1792  9.5599748E-01  5.3141026E-01
      1793  9.6078944E-01  5.3351284E-01
      1794  9.6560542E-01  5.3561753E-01
      1795  9.7044553E-01  5.3772422E-01
      1796  9.7530991E-01  5.3983279E-01
      1797  9.8019867E-01  5.4194311E-01
      1798  9.8511194E-01  5.4405508E-01
      1799  9.9004983E-01  5.4616857E-01
      1800  9.9501248E-01  5.4828345E-01
      1801  1.0000000E+00  5.5039959E-01
      1802  1.0050125E+00  5.5251686E-01
      1803  1.0100502E+00  5.5463514E-01
      1804  1.0151131E+00  5.5675427E-01
      1805  1.0202013E+00  5.5887414E-01
      1806  1.0253151E+00  5.6099458E-01
      1807  1.0304545E+00  5.6311547E-01
      1808  1.0356197E+00  5.6523665E-01
      1809  1.0408108E+00  5.6735798E-01
      1810  1.0460279E+00  5.6947930E-01
      1811  1.0512711E+00  5.7160045E-01
      1812  1.0565406E+00  5.7372129E-01
      1813  1.0618365E+00  5.7584164E-01
      1814  1.0671590E+00  5.7796135E-01
      1815  1.0725082E+00  5.8008024E-01
      1816  1.0778842E+00  5.8219816E-01
      1817  1.0832871E+00  5.8431492E-01
      1818  1.0887171E+00  5.8643035E-01
      1819  1.0941743E+00  5.8854428E-01
      1820  1.0996589E+00  5.9065651E-01
      1821  1.1051709E+00  5.9276686E-01
      1822  1.1107106E+00  5.9487515E-01
      1823  1.1162781E+00  5.9698119E-01
      1824  1.1218734E+00  5.9908477E-01
      1825  1.1274969E+00  6.0118570E-01
      1826  1.1331485E+00  6.0328378E-01
      1827  1.1388284E+00  6.0537880E-01
      1828  1.1445368E+00  6.0747056E-01
      1829  1.1502738E+00  6.0955883E-01
      1830  1.1560396E+00  6.1164341E-01
      1831  1.1618342E+00  6.1372408E-01
      1832  1.1676580E+00  6.1580060E-01
      1833  1.1735109E+00  6.1787277E-01
      1834  1.1793931E+00  6.1994034E-01
      1835  1.1853049E+00  6.2200307E-01
      1836  1.1912462E+00  6.2406075E-01
      1837  1.1972174E+00  6.2611311E-01
      1838  1.2032184E+00  6.2815992E-01
      1839  1.2092496E+00  6.3020092E-01
      1840  1.2153110E+00  6.3223586E-01
      1841  1.2214028E+00  6.3426449E-01
      1842  1.2275251E+00  6.3628655E-01
      1843  1.2336781E+00  6.3830176E-01
      1844  1.2398619E+00  6.4030985E-01
      1845  1.2460767E+00  6.4231057E-01
      1846  1.2523227E+00  6.4430361E-01
      1847  1.2586000E+00  6.4628872E-01
      1848  1.2649088E+00  6.4826559E-01
      1849  1.2712492E+00  6.5023394E-01
      1850  1.2776213E+00  6.5219347E-01
      1851  1.2840254E+00  6.5414389E-01
      1852  1.2904616E+00  6.5608489E-01
      1853  1.2969301E+00  6.5801616E-01
      1854  1.3034310E+00  6.5993740E-01
      1855  1.3099645E+00  6.6184828E-01
      1856  1.3165307E+00  6.6374849E-01
      1857  1.3231298E+00  6.6563769E-01
      1858  1.3297620E+00  6.6751556E-01
      1859  1.3364275E+00  6.6938177E-01
      1860  1.3431264E+00  6.7123598E-01
      1861  1.3498588E+00  6.7307784E-01
      1862  1.3566250E+00  6.7490701E-01
      1863  1.3634251E+00  6.7672313E-01
      1864  1.3702593E+00  6.7852584E-01
      1865  1.3771278E+00  6.8031479E-01
      1866  1.3840306E+00  6.8208961E-01
      1867  1.3909681E+00  6.8384993E-01
      1868  1.3979404E+00  6.8559537E-01
      1869  1.4049476E+00  6.8732556E-01
      1870  1.4119899E+00  6.8904010E-01
      1871  1.4190675E+00  6.9073861E-01
      1872  1.4261807E+00  6.9242070E-01
      1873  1.4333294E+00  6.9408596E-01
      1874  1.4405140E+00  6.9573400E-01
      1875  1.4477346E+00  6.9736440E-01
      1876  1.4549914E+00  6.9897676E-01
      1877  1.4622846E+00  7.0057065E-01
      1878  1.4696143E+00  7.0214566E-01
      1879  1.4769808E+00  7.0370135E-01
      1880  1.4843842E+00  7.0523731E-01
      1881  1.4918247E+00  7.0675308E-01
      1882  1.4993025E+00  7.0824825E-01
      1883  1.5068178E+00  7.0972235E-01
      1884  1.5143707E+00  7.1117494E-01
      1885  1.5219616E+00  7.1260558E-01
      1886  1.5295904E+00  7.1401379E-01
      1887  1.5372575E+00  7.1539913E-01
      1888  1.5449631E+00  7.1676112E-01
      1889  1.5527072E+00  7.1809930E-01
      1890  1.5604902E+00  7.1941319E-01
      1891  1.5683122E+00  7.2070231E-01
      1892  1.5761734E+00  7.2196619E-01
      1893  1.5840740E+00  7.2320433E-01
      1894  1.5920142E+00  7.2441625E-01
      1895  1.5999942E+00  7.2560146E-01
      1896  1.6080142E+00  7.2675945E-01
      1897  1.6160744E+00  7.2788973E-01
      1898  1.6241750E+00  7.2899180E-01
      1899  1.6323162E+00  7.3006515E-01
      1900  1.6404982E+00  7.3110926E-01
      1901  1.6487213E+00  7.3212363E-01
      1902  1.6569855E+00  7.3310774E-01
      1903  1.6652912E+00  7.3406107E-01
      1904  1.6736385E+00  7.3498309E-01
      1905  1.6820276E+00  7.3587330E-01
      1906  1.6904588E+00  7.3673115E-01
      1907  1.6989323E+00  7.3755612E-01
      1908  1.7074482E+00  7.3834769E-01
      1909  1.7160069E+00  7.3910531E-01
      1910  1.7246084E+00  7.3982846E-01
      1911  1.7332530E+00  7.4051659E-01
      1912  1.7419410E+00  7.4116918E-01
      1913  1.7506725E+00  7.4178569E-01
      1914  1.7594478E+00  7.4236558E-01
      1915  1.7682671E+00  7.4290831E-01
      1916  1.7771305E+00  7.4341333E-01
      1917  1.7860384E+00  7.4388012E-01
      1918  1.7949910E+00  7.4430814E-01
      1919  1.8039884E+00  7.4469684E-01
      1920  1.8130309E+00  7.4504569E-01
      1921  1.8221188E+00  7.4535415E-01
      1922  1.8312522E+00  7.4562170E-01
      1923  1.8404314E+00  7.4584778E-01
      1924  1.8496566E+00  7.4603188E-01
      1925  1.8589280E+00  7.4617347E-01
      1926  1.8682460E+00  7.4627202E-01
      1927  1.8776106E+00  7.4632701E-01
      1928  1.8870221E+00  7.4633791E-01
      1929  1.8964809E+00  7.4630422E-01
      1930  1.9059870E+00  7.4622543E-01
      1931  1.9155408E+00  7.4610102E-01
      1932  1.9251425E+00  7.4593049E-01
      1933  1.9347923E+00  7.4571336E-01
      1934  1.9444905E+00  7.4544913E-01
      1935  1.9542373E+00  7.4513731E-01
      1936  1.9640330E+00  7.4477744E-01
      1937  1.9738777E+00  7.4436905E-01
      1938  1.9837718E+00  7.4391166E-01
      1939  1.9937155E+00  7.4340484E-01
      1940  2.0037091E+00  7.4284814E-01
      1941  2.0137527E+00  7.4224112E-01
      1942  2.0238467E+00  7.4158336E-01
      1943  2.0339913E+00  7.4087445E-01
      1944  2.0441867E+00  7.4011398E-01
      1945  2.0544332E+00  7.3930158E-01
      1946  2.0647311E+00  7.3843685E-01
      1947  2.0750806E+00  7.3751944E-01
      1948  2.0854820E+00  7.3654899E-01
      1949  2.0959355E+00  7.3552517E-01
      1950  2.1064414E+00  7.3444765E-01
      1951  2.1170000E+00  7.3331614E-01
      1952  2.1276115E+00  7.3213033E-01
      1953  2.1382762E+00  7.3088996E-01
      1954  2.1489944E+00  7.2959478E-01
      1955  2.1597663E+00  7.2824453E-01
      1956  2.1705921E+00  7.2683902E-01
      1957  2.1814723E+00  7.2537803E-01
      1958  2.1924069E+00  7.2386139E-01
      1959  2.2033964E+00  7.2228894E-01
      1960  2.2144410E+00  7.2066054E-01
      1961  2.2255409E+00  7.1897609E-01
      1962  2.2366965E+00  7.1723549E-01
      1963  2.2479080E+00  7.1543868E-01
      1964  2.2591757E+00  7.1358561E-01
      1965  2.2704998E+00  7.1167626E-01
      1966  2.2818808E+00  7.0971065E-01
      1967  2.2933187E+00  7.0768881E-01
      1968  2.3048140E+00  7.0561081E-01
      1969  2.3163670E+00  7.0347673E-01
      1970  2.3279778E+00  7.0128668E-01
      1971  2.3396469E+00  6.9904083E-01
      1972  2.3513744E+00  6.9673934E-01
      1973  2.3631607E+00  6.9438242E-01
      1974  2.3750061E+00  6.9197030E-01
      1975  2.3869109E+00  6.8950327E-01
      1976  2.3988753E+00  6.8698160E-01
      1977  2.4108997E+00  6.8440564E-01
      1978  2.4229844E+00  6.8177575E-01
      1979  2.4351297E+00  6.7909232E-01
      1980  2.4473358E+00  6.7635577E-01
      1981  2.4596031E+00  6.7356657E-01
      1982  2.4719319E+00  6.7072520E-01
      1983  2.4843225E+00  6.6783219E-01
      1984  2.4967753E+00  6.6488810E-01
      1985  2.5092904E+00  6.6189352E-01
      1986  2.5218683E+00  6.5884905E-01
      1987  2.5345092E+00  6.5575535E-01
      1988  2.5472135E+00  6.5261311E-01
      1989  2.5599814E+00  6.4942302E-01
      1990  2.5728134E+00  6.4618583E-01
      1991  2.5857097E+00  6.4290231E-01
      1992  2.5986706E+00  6.3957325E-01
      1993  2.6116965E+00  6.3619946E-01
      1994  2.6247877E+00  6.3278178E-01
      1995  2.6379445E+00  6.2932108E-01
      1996  2.6511672E+00  6.2581824E-01
      1997  2.6644562E+00  6.2227415E-01
      1998  2.6778119E+00  6.1868974E-01
      1999  2.6912345E+00  6.1506591E-01
      2000  2.7047243E+00  6.1140361E-01
      2001  2.7182818E+00  6.0770378E-01
      2002  2.7319073E+00  6.0396734E-01
      2003  2.7456010E+00  6.0019525E-01
      2004  2.7593634E+00  5.9638844E-01
      2005  2.7731948E+00  5.9254785E-01
      2006  2.7870955E+00  5.8867442E-01
      2007  2.8010658E+00  5.8476911E-01
      2008  2.8151062E+00  5.8083285E-01
      2009  2.8292170E+00  5.7686659E-01
      2010  2.8433985E+00  5.7287128E-01
      2011  2.8576511E+00  5.6884784E-01
      2012  2.8719752E+00  5.6479724E-01
      2013  2.8863710E+00  5.6072040E-01
      2014  2.9008390E+00  5.5661828E-01
      2015  2.9153795E+00  5.5249180E-01
      2016  2.9299929E+00  5.4834191E-01
      2017  2.9446796E+00  5.4416955E-01
      2018  2.9594398E+00  5.3997564E-01
      2019  2.9742741E+00  5.3576112E-01
      2020  2.9891827E+00  5.3152692E-01
      2021  3.0041660E+00  5.2727396E-01
      2022  3.0192245E+00  5.2300316E-01
      2023  3.0343584E+00  5.1871546E-01
      2024  3.0495682E+00  5.1441175E-01
      2025  3.0648542E+00  5.1009297E-01
      2026  3.0802168E+00  5.0576001E-01
      2027  3.0956565E+00  5.0141378E-01
      2028  3.1111735E+00  4.9705518E-01
      2029  3.1267684E+00  4.9268511E-01
      2030  3.1424414E+00  4.8830445E-01
      2031  3.1581929E+00  4.8391411E-01
      2032  3.1740234E+00  4.7951495E-01
      2033  3.1899333E+00  4.7510786E-01
      2034  3.2059229E+00  4.7069370E-01
      2035  3.2219926E+00  4.6627334E-01
      2036  3.2381429E+00  4.6184764E-01
      2037  3.2543742E+00  4.5741746E-01
      2038  3.2706868E+00  4.5298364E-01
      2039  3.2870812E+00  4.4854701E-01
      2040  3.3035578E+00  4.4410843E-01
      2041  3.3201169E+00  4.3966871E-01
      2042  3.3367591E+00  4.3522867E-01
      2043  3.3534847E+00  4.3078913E-01
      2044  3.3702941E+00  4.2635090E-01
      2045  3.3871877E+00  4.2191476E-01
      2046  3.4041661E+00  4.1748153E-01
      2047  3.4212295E+00  4.1305197E-01
      2048  3.4383785E+00  4.0862687E-01
      2049  3.4556135E+00  4.0420698E-01
      2050  3.4729348E+00  3.9979309E-01
      2051  3.4903430E+00  3.9538592E-01
      2052  3.5078384E+00  3.9098623E-01
      2053  3.5254215E+00  3.8659475E-01
      2054  3.5430927E+00  3.8221221E-01
      2055  3.5608526E+00  3.7783933E-01
      2056  3.5787014E+00  3.7347681E-01
      2057  3.5966397E+00  3.6912534E-01
      2058  3.6146680E+00  3.6478563E-01
      2059  3.6327866E+00  3.6045836E-01
      2060  3.6509960E+00  3.5614418E-01
      2061  3.6692967E+00  3.5184377E-01
      2062  3.6876891E+00  3.4755778E-01
      2063  3.7061737E+00  3.4328684E-01
      2064  3.7247510E+00  3.3903160E-01
      2065  3.7434214E+00  3.3479267E-01
      2066  3.7621854E+00  3.3057067E-01
      2067  3.7810434E+00  3.2636620E-01
      2068  3.7999959E+00  3.2217985E-01
      2069  3.8190435E+00  3.1801220E-01
      2070  3.8381865E+00  3.1386383E-01
      2071  3.8574255E+00  3.0973529E-01
      2072  3.8767610E+00  3.0562714E-01
      2073  3.8961933E+00  3.0153992E-01
      2074  3.9157231E+00  2.9747415E-01
      2075  3.9353507E+00  2.9343036E-01
      2076  3.9550767E+00  2.8940904E-01
      2077  3.9749016E+00  2.8541071E-01
      2078  3.9948259E+00  2.8143584E-01
      2079  4.0148501E+00  2.7748490E-01
      2080  4.0349746E+00  2.7355837E-01
      2081  4.0552000E+00  2.6965670E-01
      2082  4.0755267E+00  2.6578032E-01
      2083  4.0959554E+00  2.6192966E-01
      2084  4.1164865E+00  2.5810515E-01
      2085  4.1371204E+00  2.5430719E-01
      2086  4.1578578E+00  2.5053618E-01
      2087  4.1786992E+00  2.4679250E-01
      2088  4.1996450E+00  2.4307652E-01
      2089  4.2206958E+00  2.3938861E-01
      2090  4.2418521E+00  2.3572911E-01
      2091  4.2631145E+00  2.3209837E-01
      2092  4.2844835E+00  2.2849671E-01
      2093  4.3059595E+00  2.2492444E-01
      2094  4.3275432E+00  2.2138187E-01
      2095  4.3492351E+00  2.1786930E-01
      2096  4.3710358E+00  2.1438699E-01
      2097  4.3929457E+00  2.1093522E-01
      2098  4.4149654E+00  2.0751424E-01
      2099  4.4370955E+00  2.0412431E-01
      2100  4.4593366E+00  2.0076565E-01
      2101  4.4816891E+00  1.9743848E-01
      2102  4.5041536E+00  1.9414302E-01
      2103  4.5267308E+00  1.9087947E-01
      2104  4.5494211E+00  1.8764800E-01
      2105  4.5722252E+00  1.8444880E-01
      2106  4.5951436E+00  1.8128202E-01
      2107  4.6181768E+00  1.7814783E-01
      2108  4.6413255E+00  1.7504636E-01
      2109  4.6645903E+00  1.7197774E-01
      2110  4.6879716E+00  1.6894209E-01
      2111  4.7114702E+00  1.6593952E-01
      2112  4.7350865E+00  1.6297012E-01
      2113  4.7588212E+00  1.6003397E-01
      2114  4.7826749E+00  1.5713115E-01
      2115  4.8066482E+00  1.5426172E-01
      2116  4.8307416E+00  1.5142574E-01
      2117  4.8549558E+00  1.4862324E-01
      2118  4.8792914E+00  1.4585425E-01
      2119  4.9037489E+00  1.4311879E-01
      2120  4.9283291E+00  1.4041687E-01
      2121  4.9530324E+00  1.3774849E-01
      2122  4.9778596E+00  1.3511364E-01
      2123  5.0028112E+00  1.3251230E-01
      2124  5.0278879E+00  1.2994443E-01
      2125  5.0530903E+00  1.2740999E-01
      2126  5.0784190E+00  1.2490893E-01
      2127  5.1038747E+00  1.2244119E-01
      2128  5.1294580E+00  1.2000670E-01
      2129  5.1551695E+00  1.1760538E-01
      2130  5.1810099E+00  1.1523714E-01
      2131  5.2069798E+00  1.1290189E-01
      2132  5.2330799E+00  1.1059951E-01
      2133  5.2593108E+00  1.0832989E-01
      2134  5.2856732E+00  1.0609292E-01
      2135  5.3121678E+00  1.0388845E-01
      2136  5.3387951E+00  1.0171635E-01
      2137  5.3655560E+00  9.9576466E-02
      2138  5.3924509E+00  9.7468653E-02
      2139  5.4194807E+00  9.5392743E-02
      2140  5.4466460E+00  9.3348567E-02
      2141  5.4739474E+00  9.1335949E-02
      2142  5.5013857E+00  8.9354705E-02
      2143  5.5289615E+00  8.7404645E-02
      2144  5.5566755E+00  8.5485571E-02
      2145  5.5845285E+00  8.3597282E-02
      2146  5.6125210E+00  8.1739568E-02
      2147  5.6406539E+00  7.9912215E-02
      2148  5.6689278E+00  7.8115001E-02
      2149  5.6973434E+00  7.6347702E-02
      2150  5.7259015E+00  7.4610085E-02
      2151  5.7546027E+00  7.2901915E-02
      2152  5.7834477E+00  7.1222951E-02
      2153  5.8124374E+00  6.9572947E-02
      2154  5.8415724E+00  6.7951652E-02
      2155  5.8708534E+00  6.6358814E-02
      2156  5.9002811E+00  6.4794172E-02
      2157  5.9298564E+00  6.3257466E-02
      2158  5.9595799E+00  6.1748428E-02
      2159  5.9894525E+00  6.0266791E-02
      2160  6.0194747E+00  5.8812281E-02
      2161  6.0496475E+00  5.7384623E-02
      2162  6.0799714E+00  5.5983539E-02
      2163  6.1104474E+00  5.4608746E-02
      2164  6.1410762E+00  5.3259963E-02
      2165  6.1718584E+00  5.1936902E-02
      2166  6.2027950E+00  5.0639275E-02
      2167  6.2338867E+00  4.9366793E-02
      2168  6.2651341E+00  4.8119164E-02
      2169  6.2965383E+00  4.6896094E-02
      2170  6.3280998E+00  4.5697288E-02
      2171  6.3598195E+00  4.4522450E-02
      2172  6.3916983E+00  4.3371282E-02
      2173  6.4237368E+00  4.2243487E-02
      2174  6.4559359E+00  4.1138764E-02
      2175  6.4882964E+00  4.0056814E-02
      2176  6.5208191E+00  3.8997337E-02
      2177  6.5535049E+00  3.7960032E-02
      2178  6.5863544E+00  3.6944597E-02
      2179  6.6193687E+00  3.5950732E-02
      2180  6.6525484E+00  3.4978135E-02
      2181  6.6858944E+00  3.4026505E-02
      2182  6.7194076E+00  3.3095542E-02
      2183  6.7530888E+00  3.2184946E-02
      2184  6.7869388E+00  3.1294416E-02
      2185  6.8209585E+00  3.0423653E-02
      2186  6.8551487E+00  2.9572359E-02
      2187  6.8895102E+00  2.8740236E-02
      2188  6.9240441E+00  2.7926988E-02
      2189  6.9587510E+00  2.7132319E-02
      2190  6.9936319E+00  2.6355935E-02
      2191  7.0286876E+00  2.5597542E-02
      2192  7.0639190E+00  2.4856849E-02
      2193  7.0993271E+00  2.4133565E-02
      2194  7.1349126E+00  2.3427402E-02
      2195  7.1706765E+00  2.2738071E-02
      2196  7.2066197E+00  2.2065289E-02
      2197  7.2427430E+00  2.1408770E-02
      2198  7.2790474E+00  2.0768233E-02
      2199  7.3155338E+00  2.0143397E-02
      2200  7.3522030E+00  1.9533986E-02
      2201  7.3890561E+00  1.8939721E-02
      2202  7.4260939E+00  1.8360331E-02
      2203  7.4633173E+00  1.7795541E-02
      2204  7.5007274E+00  1.7245084E-02
      2205  7.5383249E+00  1.6708692E-02
      2206  7.5761109E+00  1.6186100E-02
      2207  7.6140864E+00  1.5677044E-02
      2208  7.6522521E+00  1.5181265E-02
      2209  7.6906092E+00  1.4698506E-02
      2210  7.7291585E+00  1.4228510E-02
      2211  7.7679011E+00  1.3771025E-02
      2212  7.8068379E+00  1.3325801E-02
      2213  7.8459698E+00  1.2892591E-02
      2214  7.8852979E+00  1.2471149E-02
      2215  7.9248231E+00  1.2061233E-02
      2216  7.9645465E+00  1.1662605E-02
      2217  8.0044689E+00  1.1275026E-02
      2218  8.0445915E+00  1.0898265E-02
      2219  8.0849152E+00  1.0532088E-02
      2220  8.1254410E+00  1.0176268E-02
      2221  8.1661699E+00  9.8305798E-03
      2222  8.2071030E+00  9.4948004E-03
      2223  8.2482413E+00  9.1687101E-03
      2224  8.2895858E+00  8.8520922E-03
      2225  8.3311375E+00  8.5447328E-03
      2226  8.3728975E+00  8.2464209E-03
      2227  8.4148668E+00  7.9569483E-03
      2228  8.4570465E+00  7.6761101E-03
      2229  8.4994376E+00  7.4037042E-03
      2230  8.5420412E+00  7.1395313E-03
      2231  8.5848584E+00  6.8833952E-03
      2232  8.6278902E+00  6.6351028E-03
      2233  8.6711377E+00  6.3944639E-03
      2234  8.7146019E+00  6.1612910E-03
      2235  8.7582840E+00  5.9353998E-03
      2236  8.8021851E+00  5.7166092E-03
      2237  8.8463063E+00  5.5047409E-03
      2238  8.8906486E+00  5.2996192E-03
      2239  8.9352131E+00  5.1010719E-03
      2240  8.9800011E+00  4.9089296E-03
      2241  9.0250135E+00  4.7230257E-03
      2242  9.0702516E+00  4.5431967E-03
      2243  9.1157164E+00  4.3692819E-03
      2244  9.1614091E+00  4.2011237E-03
      2245  9.2073309E+00  4.0385673E-03
      2246  9.2534828E+00  3.8814607E-03
      2247  9.2998661E+00  3.7296549E-03
      2248  9.3464819E+00  3.5830038E-03
      2249  9.3933313E+00  3.4413641E-03
      2250  9.4404156E+00  3.3045953E-03
      2251  9.4877358E+00  3.1725598E-03
      2252  9.5352933E+00  3.0451226E-03
      2253  9.5830892E+00  2.9221517E-03
      2254  9.6311246E+00  2.8035177E-03
      2255  9.6794008E+00  2.6890940E-03
      2256  9.7279190E+00  2.5787566E-03
      2257  9.7766804E+00  2.4723845E-03
      2258  9.8256862E+00  2.3698588E-03
      2259  9.8749377E+00  2.2710637E-03
      2260  9.9244360E+00  2.1758858E-03
      2261  9.9741825E+00  2.0842144E-03
      2262  1.0024178E+01  1.9959412E-03
      2263  1.0074425E+01  1.9109604E-03
      2264  1.0124923E+01  1.8291689E-03
      2265  1.0175674E+01  1.7504659E-03
      2266  1.0226680E+01  1.6747529E-03
      2267  1.0277942E+01  1.6019341E-03
      2268  1.0329460E+01  1.5319158E-03
      2269  1.0381237E+01  1.4646069E-03
      2270  1.0433273E+01  1.3999183E-03
      2271  1.0485570E+01  1.3377633E-03
      2272  1.0538129E+01  1.2780576E-03
      2273  1.0590951E+01  1.2207188E-03
      2274  1.0644039E+01  1.1656668E-03
      2275  1.0697392E+01  1.1128237E-03
      2276  1.0751013E+01  1.0621135E-03
      2277  1.0804903E+01  1.0134627E-03
      2278  1.0859063E+01  9.6679922E-04
      2279  1.0913494E+01  9.2205336E-04
      2280  1.0968198E+01  8.7915732E-04
      2281  1.1023176E+01  8.3804521E-04
      2282  1.1078430E+01  7.9865298E-04
      2283  1.1133961E+01  7.6091841E-04
      2284  1.1189770E+01  7.2478120E-04
      2285  1.1245859E+01  6.9018278E-04
      2286  1.1302229E+01  6.5706629E-04
      2287  1.1358882E+01  6.2537656E-04
      2288  1.1415819E+01  5.9506019E-04
      2289  1.1473041E+01  5.6606538E-04
      2290  1.1530550E+01  5.3834189E-04
      2291  1.1588347E+01  5.1184103E-04
      2292  1.1646434E+01  4.8651574E-04
      2293  1.1704812E+01  4.6232042E-04
      2294  1.1763482E+01  4.3921090E-04
      2295  1.1822447E+01  4.1714444E-04
      2296  1.1881707E+01  3.9607973E-04
      2297  1.1941264E+01  3.7597685E-04
      2298  1.2001120E+01  3.5679714E-04
      2299  1.2061276E+01  3.3850326E-04
      2300  1.2121734E+01  3.2105916E-04
      2301  1.2182494E+01  3.0443003E-04
      2302  1.2243559E+01  2.8858223E-04
      2303  1.2304930E+01  2.7348327E-04
      2304  1.2366609E+01  2.5910185E-04
      2305  1.2428597E+01  2.4540779E-04
      2306  1.2490895E+01  2.3237193E-04
      2307  1.2553506E+01  2.1996616E-04
      2308  1.2616431E+01  2.0816346E-04
      2309  1.2679671E+01  1.9693774E-04
      2310  1.2743228E+01  1.8626391E-04
      2311  1.2807104E+01  1.7611775E-04
      2312  1.2871300E+01  1.6647602E-04
      2313  1.2935817E+01  1.5731635E-04
      2314  1.3000658E+01  1.4861719E-04
      2315  1.3065824E+01  1.4035782E-04
      2316  1.3131317E+01  1.3251835E-04
      2317  1.3197138E+01  1.2507968E-04
      2318  1.3263289E+01  1.1802341E-04
      2319  1.3329772E+01  1.1133190E-04
      2320  1.3396587E+01  1.0498822E-04
      2321  1.3463738E+01  9.8976124E-05
      2322  1.3531225E+01  9.3280022E-05
      2323  1.3599051E+01  8.7884946E-05
      2324  1.3667216E+01  8.2776570E-05
      2325  1.3735724E+01  7.7941163E-05
      2326  1.3804574E+01  7.3365557E-05
      2327  1.3873770E+01  6.9037135E-05
      2328  1.3943312E+01  6.4943833E-05
      2329  1.4013204E+01  6.1074106E-05
      2330  1.4083445E+01  5.7416896E-05
      2331  1.4154039E+01  5.3961621E-05
      2332  1.4224986E+01  5.0698179E-05
      2333  1.4296289E+01  4.7616914E-05
      2334  1.4367950E+01  4.4708590E-05
      2335  1.4439969E+01  4.1964380E-05
      2336  1.4512350E+01  3.9375870E-05
      2337  1.4585093E+01  3.6935028E-05
      2338  1.4658201E+01  3.4634181E-05
      2339  1.4731676E+01  3.2466009E-05
      2340  1.4805519E+01  3.0423540E-05
      2341  1.4879732E+01  2.8500130E-05
      2342  1.4954317E+01  2.6689442E-05
