   0.0000000E+00  -8.5696002E+03   0.0000000E+00
   8.8911955E-07   1.8203617E+04   7.0048113E-24
   1.7841772E-06   2.0780827E+04   1.1358154E-22
   2.6852126E-06   1.8006404E+04   5.8273424E-22
   3.5922658E-06   1.7859162E+04   1.8665071E-21
   4.5053768E-06   1.7452351E+04   4.6182801E-21
   5.4245861E-06   1.7010153E+04   9.7055967E-21
   6.3499346E-06   1.6674124E+04   1.8223542E-20
   7.2814630E-06   1.6388599E+04   3.1508694E-20
   8.2192129E-06   1.6139527E+04   5.1153661E-20
   9.1632256E-06   1.5921696E+04   7.9022238E-20
   1.0113543E-05   1.5727810E+04   1.1726519E-19
   1.1070207E-05   1.5553782E+04   1.6833671E-19
   1.2033261E-05   1.5396401E+04   2.3501151E-19
   1.3002746E-05   1.5253087E+04   3.2040269E-19
   1.3978707E-05   1.5121813E+04   4.2798027E-19
   1.4961185E-05   1.5000950E+04   5.6159051E-19
   1.5950225E-05   1.4889175E+04   7.2547598E-19
   1.6945870E-05   1.4785395E+04   9.2429650E-19
   1.7948165E-05   1.4688703E+04   1.1631508E-18
   1.8957154E-05   1.4598335E+04   1.4475993E-18
   1.9972882E-05   1.4513645E+04   1.7836873E-18
   2.0995393E-05   1.4434077E+04   2.1779697E-18
   2.2024733E-05   1.4359158E+04   2.6375362E-18
   2.3060948E-05   1.4288472E+04   3.1700378E-18
   2.4104084E-05   1.4221660E+04   3.7837140E-18
   2.5154186E-05   1.4158407E+04   4.4874213E-18
   2.6211301E-05   1.4098433E+04   5.2906632E-18
   2.7275476E-05   1.4041492E+04   6.2036200E-18
   2.8346759E-05   1.3987364E+04   7.2371814E-18
   2.9425197E-05   1.3935854E+04   8.4029793E-18
   3.0510836E-05   1.3886784E+04   9.7134221E-18
   3.1603727E-05   1.3839998E+04   1.1181730E-17
   3.2703917E-05   1.3795351E+04   1.2821973E-17
   3.3811454E-05   1.3752714E+04   1.4649108E-17
   3.4926388E-05   1.3711970E+04   1.6679019E-17
   3.6048768E-05   1.3673011E+04   1.8928558E-17
   3.7178645E-05   1.3635740E+04   2.1415589E-17
   3.8316067E-05   1.3600066E+04   2.4159031E-17
   3.9461086E-05   1.3565906E+04   2.7178904E-17
   4.0613752E-05   1.3533187E+04   3.0496378E-17
   4.1774116E-05   1.3501836E+04   3.4133820E-17
   4.2942230E-05   1.3471790E+04   3.8114848E-17
   4.4118146E-05   1.3442989E+04   4.2464382E-17
   4.5301915E-05   1.3415378E+04   4.7208699E-17
   4.6493589E-05   1.3388905E+04   5.2375491E-17
   4.7693223E-05   1.3363522E+04   5.7993924E-17
   4.8900869E-05   1.3339185E+04   6.4094697E-17
   5.0116580E-05   1.3315852E+04   7.0710107E-17
   5.1340410E-05   1.3293483E+04   7.7874116E-17
   5.2572414E-05   1.3272044E+04   8.5622414E-17
   5.3812646E-05   1.3251498E+04   9.3992495E-17
   5.5061161E-05   1.3231816E+04   1.0302372E-16
   5.6318014E-05   1.3212965E+04   1.1275742E-16
   5.7583261E-05   1.3194919E+04   1.2323692E-16
   5.8856959E-05   1.3177650E+04   1.3450768E-16
   6.0139163E-05   1.3161133E+04   1.4661734E-16
   6.1429931E-05   1.3145345E+04   1.5961581E-16
   6.2729319E-05   1.3130262E+04   1.7355538E-16
   6.4037385E-05   1.3115866E+04   1.8849080E-16
   6.5354187E-05   1.3102134E+04   2.0447936E-16
   6.6679784E-05   1.3089048E+04   2.2158101E-16
   6.8014234E-05   1.3076590E+04   2.3985846E-16
   6.9357596E-05   1.3064743E+04   2.5937728E-16
   7.0709930E-05   1.3053492E+04   2.8020601E-16
   7.2071296E-05   1.3042820E+04   3.0241626E-16
   7.3441754E-05   1.3032713E+04   3.2608286E-16
   7.4821365E-05   1.3023157E+04   3.5128396E-16
   7.6210190E-05   1.3014139E+04   3.7810113E-16
   7.7608290E-05   1.3005646E+04   4.0661956E-16
   7.9015728E-05   1.2997667E+04   4.3692810E-16
   8.0432565E-05   1.2990189E+04   4.6911949E-16
   8.1858865E-05   1.2983203E+04   5.0329043E-16
   8.3294690E-05   1.2976697E+04   5.3954178E-16
   8.4740105E-05   1.2970662E+04   5.7797866E-16
   8.6195174E-05   1.2965089E+04   6.1871067E-16
   8.7659960E-05   1.2959968E+04   6.6185199E-16
   8.9134529E-05   1.2955290E+04   7.0752160E-16
   9.0618946E-05   1.2951048E+04   7.5584343E-16
   9.2113278E-05   1.2947233E+04   8.0694651E-16
   9.3617589E-05   1.2943839E+04   8.6096522E-16
   9.5131947E-05   1.2940857E+04   9.1803944E-16
   9.6656419E-05   1.2938281E+04   9.7831475E-16
   9.8191072E-05   1.2936104E+04   1.0419426E-15
   9.9735974E-05   1.2934320E+04   1.1090807E-15
   1.0129119E-04   1.2932924E+04   1.1798929E-15
   1.0285680E-04   1.2931908E+04   1.2545497E-15
   1.0443287E-04   1.2931269E+04   1.3332285E-15
   1.0601945E-04   1.2930999E+04   1.4161135E-15
   1.0761664E-04   1.2931096E+04   1.5033965E-15
   1.0922449E-04   1.2931552E+04   1.5952765E-15
   1.1084308E-04   1.2932365E+04   1.6919604E-15
   1.1247248E-04   1.2933529E+04   1.7936635E-15
   1.1411277E-04   1.2935041E+04   1.9006089E-15
   1.1576401E-04   1.2936896E+04   2.0130288E-15
   1.1742627E-04   1.2939090E+04   2.1311641E-15
   1.1909964E-04   1.2941620E+04   2.2552651E-15
   1.2078418E-04   1.2944483E+04   2.3855914E-15
   1.2247998E-04   1.2947674E+04   2.5224129E-15
   1.2418710E-04   1.2951191E+04   2.6660095E-15
   1.2590562E-04   1.2955031E+04   2.8166717E-15
   1.2763562E-04   1.2959191E+04   2.9747009E-15
   1.2937717E-04   1.2963668E+04   3.1404101E-15
   1.3113035E-04   1.2968459E+04   3.3141236E-15
   1.3289524E-04   1.2973562E+04   3.4961781E-15
   1.3467192E-04   1.2978975E+04   3.6869228E-15
   1.3646047E-04   1.2984696E+04   3.8867198E-15
   1.3826096E-04   1.2990721E+04   4.0959444E-15
   1.4007347E-04   1.2997050E+04   4.3149860E-15
   1.4189809E-04   1.3003680E+04   4.5442482E-15
   1.4373490E-04   1.3010610E+04   4.7841493E-15
   1.4558397E-04   1.3017838E+04   5.0351229E-15
   1.4744540E-04   1.3025361E+04   5.2976184E-15
   1.4931925E-04   1.3033180E+04   5.5721014E-15
   1.5120562E-04   1.3041292E+04   5.8590545E-15
   1.5310459E-04   1.3049697E+04   6.1589776E-15
   1.5501624E-04   1.3058392E+04   6.4723885E-15
   1.5694066E-04   1.3067377E+04   6.7998238E-15
   1.5887793E-04   1.3076650E+04   7.1418389E-15
   1.6082813E-04   1.3086212E+04   7.4990095E-15
   1.6279137E-04   1.3096060E+04   7.8719312E-15
   1.6476771E-04   1.3106194E+04   8.2612213E-15
   1.6675726E-04   1.3116614E+04   8.6675184E-15
   1.6876009E-04   1.3127318E+04   9.0914841E-15
   1.7077630E-04   1.3138307E+04   9.5338029E-15
   1.7280597E-04   1.3149579E+04   9.9951835E-15
   1.7484920E-04   1.3161134E+04   1.0476359E-14
   1.7690607E-04   1.3172972E+04   1.0978090E-14
   1.7897668E-04   1.3185092E+04   1.1501160E-14
   1.8106113E-04   1.3197494E+04   1.2046383E-14
   1.8315949E-04   1.3210179E+04   1.2614600E-14
   1.8527186E-04   1.3223145E+04   1.3206681E-14
   1.8739835E-04   1.3236392E+04   1.3823526E-14
   1.8953903E-04   1.3249922E+04   1.4466067E-14
   1.9169402E-04   1.3263733E+04   1.5135266E-14
   1.9386339E-04   1.3277826E+04   1.5832119E-14
   1.9604726E-04   1.3292201E+04   1.6557657E-14
   1.9824571E-04   1.3306857E+04   1.7312946E-14
   2.0045884E-04   1.3321797E+04   1.8099086E-14
   2.0268675E-04   1.3337018E+04   1.8917217E-14
   2.0492954E-04   1.3352523E+04   1.9768517E-14
   2.0718731E-04   1.3368311E+04   2.0654203E-14
   2.0946016E-04   1.3384382E+04   2.1575534E-14
   2.1174819E-04   1.3400738E+04   2.2533811E-14
   2.1405150E-04   1.3417378E+04   2.3530379E-14
   2.1637019E-04   1.3434304E+04   2.4566628E-14
   2.1870437E-04   1.3451515E+04   2.5643995E-14
   2.2105414E-04   1.3469013E+04   2.6763964E-14
   2.2341960E-04   1.3486797E+04   2.7928069E-14
   2.2580086E-04   1.3504870E+04   2.9137896E-14
   2.2819802E-04   1.3523231E+04   3.0395083E-14
   2.3061120E-04   1.3541881E+04   3.1701322E-14
   2.3304049E-04   1.3560821E+04   3.3058361E-14
   2.3548600E-04   1.3580053E+04   3.4468008E-14
   2.3794785E-04   1.3599576E+04   3.5932127E-14
   2.4042613E-04   1.3619392E+04   3.7452646E-14
   2.4292097E-04   1.3639502E+04   3.9031556E-14
   2.4543248E-04   1.3659907E+04   4.0670914E-14
   2.4796075E-04   1.3680607E+04   4.2372841E-14
   2.5050591E-04   1.3701604E+04   4.4139533E-14
   2.5306807E-04   1.3722900E+04   4.5973253E-14
   2.5564734E-04   1.3744494E+04   4.7876340E-14
   2.5824384E-04   1.3766389E+04   4.9851208E-14
   2.6085768E-04   1.3788585E+04   5.1900352E-14
   2.6348897E-04   1.3811084E+04   5.4026344E-14
   2.6613784E-04   1.3833887E+04   5.6231843E-14
   2.6880440E-04   1.3856995E+04   5.8519593E-14
   2.7148877E-04   1.3880410E+04   6.0892425E-14
   2.7419106E-04   1.3904133E+04   6.3353264E-14
   2.7691141E-04   1.3928165E+04   6.5905126E-14
   2.7964992E-04   1.3952508E+04   6.8551127E-14
   2.8240672E-04   1.3977163E+04   7.1294482E-14
   2.8518193E-04   1.4002132E+04   7.4138509E-14
   2.8797568E-04   1.4027417E+04   7.7086631E-14
   2.9078809E-04   1.4053018E+04   8.0142384E-14
   2.9361927E-04   1.4078937E+04   8.3309412E-14
   2.9646937E-04   1.4105176E+04   8.6591479E-14
   2.9933850E-04   1.4131737E+04   8.9992468E-14
   3.0222680E-04   1.4158621E+04   9.3516385E-14
   3.0513438E-04   1.4185830E+04   9.7167363E-14
   3.0806139E-04   1.4213366E+04   1.0094967E-13
   3.1100794E-04   1.4241230E+04   1.0486769E-13
   3.1397417E-04   1.4269424E+04   1.0892599E-13
   3.1696021E-04   1.4297950E+04   1.1312922E-13
   3.1996619E-04   1.4326810E+04   1.1748224E-13
   3.2299225E-04   1.4356005E+04   1.2199000E-13
   3.2603852E-04   1.4385538E+04   1.2665767E-13
   3.2910514E-04   1.4415410E+04   1.3149053E-13
   3.3219223E-04   1.4445624E+04   1.3649405E-13
   3.3529994E-04   1.4476181E+04   1.4167387E-13
   3.3842841E-04   1.4507084E+04   1.4703580E-13
   3.4157777E-04   1.4538334E+04   1.5258584E-13
   3.4474817E-04   1.4569933E+04   1.5833018E-13
   3.4793974E-04   1.4601884E+04   1.6427518E-13
   3.5115262E-04   1.4634188E+04   1.7042743E-13
   3.5438696E-04   1.4666848E+04   1.7679370E-13
   3.5764291E-04   1.4699866E+04   1.8338099E-13
   3.6092060E-04   1.4733245E+04   1.9019649E-13
   3.6422018E-04   1.4766985E+04   1.9724765E-13
   3.6754179E-04   1.4801091E+04   2.0454212E-13
   3.7088559E-04   1.4835563E+04   2.1208780E-13
   3.7425172E-04   1.4870405E+04   2.1989283E-13
   3.7764034E-04   1.4905618E+04   2.2796561E-13
   3.8105158E-04   1.4941205E+04   2.3631479E-13
   3.8448561E-04   1.4977168E+04   2.4494929E-13
   3.8794257E-04   1.5013511E+04   2.5387831E-13
   3.9142262E-04   1.5050234E+04   2.6311131E-13
   3.9492591E-04   1.5087342E+04   2.7265807E-13
   3.9845260E-04   1.5124835E+04   2.8252865E-13
   4.0200284E-04   1.5162718E+04   2.9273344E-13
   4.0557679E-04   1.5200992E+04   3.0328311E-13
   4.0917462E-04   1.5239660E+04   3.1418871E-13
   4.1279647E-04   1.5278724E+04   3.2546158E-13
   4.1644251E-04   1.5318188E+04   3.3711342E-13
   4.2011290E-04   1.5358054E+04   3.4915631E-13
   4.2380780E-04   1.5398325E+04   3.6160267E-13
   4.2752738E-04   1.5439004E+04   3.7446530E-13
   4.3127180E-04   1.5480093E+04   3.8775740E-13
   4.3504123E-04   1.5521595E+04   4.0149258E-13
   4.3883584E-04   1.5563513E+04   4.1568484E-13
   4.4265578E-04   1.5605850E+04   4.3034862E-13
   4.4650124E-04   1.5648609E+04   4.4549880E-13
   4.5037238E-04   1.5691792E+04   4.6115069E-13
   4.5426938E-04   1.5735404E+04   4.7732008E-13
   4.5819240E-04   1.5779446E+04   4.9402325E-13
   4.6214162E-04   1.5823923E+04   5.1127694E-13
   4.6611722E-04   1.5868836E+04   5.2909841E-13
   4.7011937E-04   1.5914189E+04   5.4750545E-13
   4.7414825E-04   1.5959986E+04   5.6651638E-13
   4.7820404E-04   1.6006229E+04   5.8615006E-13
   4.8228691E-04   1.6052922E+04   6.0642593E-13
   4.8639705E-04   1.6100067E+04   6.2736401E-13
   4.9053464E-04   1.6147669E+04   6.4898491E-13
   4.9469987E-04   1.6195730E+04   6.7130989E-13
   4.9889291E-04   1.6244254E+04   6.9436081E-13
   5.0311396E-04   1.6293245E+04   7.1816020E-13
   5.0736320E-04   1.6342705E+04   7.4273127E-13
   5.1164081E-04   1.6392638E+04   7.6809792E-13
   5.1594700E-04   1.6443048E+04   7.9428476E-13
   5.2028194E-04   1.6493938E+04   8.2131714E-13
   5.2464584E-04   1.6545312E+04   8.4922116E-13
   5.2903888E-04   1.6597173E+04   8.7802371E-13
   5.3346126E-04   1.6649525E+04   9.0775245E-13
   5.3791318E-04   1.6702371E+04   9.3843591E-13
   5.4239483E-04   1.6755716E+04   9.7010343E-13
   5.4690641E-04   1.6809563E+04   1.0027852E-12
   5.5144812E-04   1.6863916E+04   1.0365125E-12
   5.5602017E-04   1.6918779E+04   1.0713171E-12
   5.6062275E-04   1.6974155E+04   1.1072323E-12
   5.6525606E-04   1.7030049E+04   1.1442918E-12
   5.6992033E-04   1.7086464E+04   1.1825308E-12
   5.7461574E-04   1.7143405E+04   1.2219852E-12
   5.7934251E-04   1.7200874E+04   1.2626922E-12
   5.8410085E-04   1.7258878E+04   1.3046898E-12
   5.8889098E-04   1.7317419E+04   1.3480174E-12
   5.9371309E-04   1.7376501E+04   1.3927154E-12
   5.9856740E-04   1.7436129E+04   1.4388256E-12
   6.0345414E-04   1.7496308E+04   1.4863907E-12
   6.0837352E-04   1.7557040E+04   1.5354550E-12
   6.1332574E-04   1.7618331E+04   1.5860639E-12
   6.1831105E-04   1.7680185E+04   1.6382641E-12
   6.2332965E-04   1.7742607E+04   1.6921039E-12
   6.2838176E-04   1.7805600E+04   1.7476328E-12
   6.3346762E-04   1.7869169E+04   1.8049018E-12
   6.3858744E-04   1.7933319E+04   1.8639635E-12
   6.4374146E-04   1.7998054E+04   1.9248718E-12
   6.4892990E-04   1.8063379E+04   1.9876826E-12
   6.5415299E-04   1.8129298E+04   2.0524530E-12
   6.5941096E-04   1.8195817E+04   2.1192420E-12
   6.6470405E-04   1.8262939E+04   2.1881103E-12
   6.7003249E-04   1.8330670E+04   2.2591203E-12
   6.7539652E-04   1.8399014E+04   2.3323363E-12
   6.8079637E-04   1.8467976E+04   2.4078245E-12
   6.8623228E-04   1.8537561E+04   2.4856530E-12
   6.9170450E-04   1.8607774E+04   2.5658918E-12
   6.9721327E-04   1.8678621E+04   2.6486129E-12
   7.0275883E-04   1.8750105E+04   2.7338908E-12
   7.0834142E-04   1.8822233E+04   2.8218016E-12
   7.1396130E-04   1.8895008E+04   2.9124241E-12
   7.1961871E-04   1.8968437E+04   3.0058390E-12
   7.2531391E-04   1.9042525E+04   3.1021297E-12
   7.3104714E-04   1.9117277E+04   3.2013817E-12
   7.3681866E-04   1.9192697E+04   3.3036833E-12
   7.4262873E-04   1.9268792E+04   3.4091250E-12
   7.4847760E-04   1.9345567E+04   3.5178002E-12
   7.5436553E-04   1.9423028E+04   3.6298050E-12
   7.6029279E-04   1.9501179E+04   3.7452381E-12
   7.6625964E-04   1.9580027E+04   3.8642013E-12
   7.7226633E-04   1.9659577E+04   3.9867991E-12
   7.7831314E-04   1.9739834E+04   4.1131391E-12
   7.8440033E-04   1.9820805E+04   4.2433322E-12
   7.9052818E-04   1.9902495E+04   4.3774922E-12
   7.9669696E-04   1.9984910E+04   4.5157365E-12
   8.0290693E-04   2.0068055E+04   4.6581856E-12
   8.0915838E-04   2.0151937E+04   4.8049636E-12
   8.1545158E-04   2.0236562E+04   4.9561983E-12
   8.2178681E-04   2.0321935E+04   5.1120210E-12
   8.2816435E-04   2.0408063E+04   5.2725668E-12
   8.3458448E-04   2.0494952E+04   5.4379748E-12
   8.4104749E-04   2.0582608E+04   5.6083880E-12
   8.4755367E-04   2.0671037E+04   5.7839537E-12
   8.5410329E-04   2.0760245E+04   5.9648231E-12
   8.6069666E-04   2.0850240E+04   6.1511521E-12
   8.6733407E-04   2.0941026E+04   6.3431008E-12
   8.7401580E-04   2.1032611E+04   6.5408340E-12
   8.8074216E-04   2.1125001E+04   6.7445214E-12
   8.8751344E-04   2.1218202E+04   6.9543374E-12
   8.9432995E-04   2.1312222E+04   7.1704613E-12
   9.0119198E-04   2.1407066E+04   7.3930777E-12
   9.0809984E-04   2.1502742E+04   7.6223764E-12
   9.1505383E-04   2.1599257E+04   7.8585529E-12
   9.2205427E-04   2.1696616E+04   8.1018078E-12
   9.2910146E-04   2.1794828E+04   8.3523479E-12
   9.3619571E-04   2.1893899E+04   8.6103858E-12
   9.4333735E-04   2.1993835E+04   8.8761399E-12
   9.5052668E-04   2.2094645E+04   9.1498352E-12
   9.5776403E-04   2.2196335E+04   9.4317030E-12
   9.6504971E-04   2.2298912E+04   9.7219811E-12
   9.7238405E-04   2.2402383E+04   1.0020914E-11
   9.7976738E-04   2.2506757E+04   1.0328754E-11
   9.8720001E-04   2.2612040E+04   1.0645760E-11
   9.9468229E-04   2.2718239E+04   1.0972197E-11
   1.0022145E-03   2.2825362E+04   1.1308339E-11
   1.0097971E-03   2.2933417E+04   1.1654469E-11
   1.0174303E-03   2.3042412E+04   1.2010876E-11
   1.0251145E-03   2.3152353E+04   1.2377858E-11
   1.0328499E-03   2.3263249E+04   1.2755720E-11
   1.0406371E-03   2.3375107E+04   1.3144779E-11
   1.0484763E-03   2.3487935E+04   1.3545358E-11
   1.0563678E-03   2.3601741E+04   1.3957790E-11
   1.0643120E-03   2.3716534E+04   1.4382419E-11
   1.0723093E-03   2.3832320E+04   1.4819595E-11
   1.0803600E-03   2.3949109E+04   1.5269683E-11
   1.0884644E-03   2.4066909E+04   1.5733055E-11
   1.0966230E-03   2.4185726E+04   1.6210094E-11
   1.1048361E-03   2.4305571E+04   1.6701193E-11
   1.1131040E-03   2.4426451E+04   1.7206760E-11
   1.1214272E-03   2.4548375E+04   1.7727210E-11
   1.1298059E-03   2.4671351E+04   1.8262972E-11
   1.1382406E-03   2.4795387E+04   1.8814487E-11
   1.1467316E-03   2.4920493E+04   1.9382208E-11
   1.1552793E-03   2.5046677E+04   1.9966601E-11
   1.1638841E-03   2.5173947E+04   2.0568146E-11
   1.1725464E-03   2.5302313E+04   2.1187335E-11
   1.1812666E-03   2.5431784E+04   2.1824675E-11
   1.1900449E-03   2.5562368E+04   2.2480688E-11
   1.1988819E-03   2.5694074E+04   2.3155909E-11
   1.2077780E-03   2.5826912E+04   2.3850889E-11
   1.2167334E-03   2.5960891E+04   2.4566195E-11
   1.2257487E-03   2.6096019E+04   2.5302409E-11
   1.2348241E-03   2.6232306E+04   2.6060130E-11
   1.2439602E-03   2.6369762E+04   2.6839974E-11
   1.2531573E-03   2.6508396E+04   2.7642575E-11
   1.2624158E-03   2.6648218E+04   2.8468582E-11
   1.2717361E-03   2.6789236E+04   2.9318667E-11
   1.2811187E-03   2.6931461E+04   3.0193517E-11
   1.2905640E-03   2.7074902E+04   3.1093839E-11
   1.3000723E-03   2.7219569E+04   3.2020362E-11
   1.3096441E-03   2.7365473E+04   3.2973833E-11
   1.3192799E-03   2.7512622E+04   3.3955021E-11
   1.3289800E-03   2.7661027E+04   3.4964719E-11
   1.3387449E-03   2.7810698E+04   3.6003737E-11
   1.3485750E-03   2.7961645E+04   3.7072913E-11
   1.3584708E-03   2.8113878E+04   3.8173106E-11
   1.3684327E-03   2.8267407E+04   3.9305198E-11
   1.3784611E-03   2.8422244E+04   4.0470100E-11
   1.3885564E-03   2.8578397E+04   4.1668744E-11
   1.3987192E-03   2.8735879E+04   4.2902090E-11
   1.4089499E-03   2.8894698E+04   4.4171126E-11
   1.4192489E-03   2.9054867E+04   4.5476866E-11
   1.4296167E-03   2.9216395E+04   4.6820354E-11
   1.4400537E-03   2.9379293E+04   4.8202662E-11
   1.4505604E-03   2.9543572E+04   4.9624892E-11
   1.4611373E-03   2.9709244E+04   5.1088179E-11
   1.4717848E-03   2.9876318E+04   5.2593686E-11
   1.4825035E-03   3.0044807E+04   5.4142613E-11
   1.4932937E-03   3.0214721E+04   5.5736189E-11
   1.5041560E-03   3.0386071E+04   5.7375683E-11
   1.5150908E-03   3.0558869E+04   5.9062393E-11
   1.5260987E-03   3.0733126E+04   6.0797659E-11
   1.5371801E-03   3.0908853E+04   6.2582856E-11
   1.5483355E-03   3.1086062E+04   6.4419397E-11
   1.5595654E-03   3.1264765E+04   6.6308735E-11
   1.5708703E-03   3.1444973E+04   6.8252364E-11
   1.5822507E-03   3.1626697E+04   7.0251820E-11
   1.5937071E-03   3.1809950E+04   7.2308681E-11
   1.6052400E-03   3.1994744E+04   7.4424569E-11
   1.6168500E-03   3.2181089E+04   7.6601154E-11
   1.6285374E-03   3.2368999E+04   7.8840148E-11
   1.6403030E-03   3.2558485E+04   8.1143315E-11
   1.6521471E-03   3.2749560E+04   8.3512466E-11
   1.6640703E-03   3.2942235E+04   8.5949462E-11
   1.6760732E-03   3.3136523E+04   8.8456219E-11
   1.6881562E-03   3.3332436E+04   9.1034703E-11
   1.7003199E-03   3.3529986E+04   9.3686937E-11
   1.7125648E-03   3.3729187E+04   9.6414999E-11
   1.7248916E-03   3.3930050E+04   9.9221026E-11
   1.7373006E-03   3.4132589E+04   1.0210721E-10
   1.7497925E-03   3.4336815E+04   1.0507582E-10
   1.7623679E-03   3.4542742E+04   1.0812917E-10
   1.7750272E-03   3.4750382E+04   1.1126963E-10
   1.7877711E-03   3.4959748E+04   1.1449968E-10
   1.8006001E-03   3.5170854E+04   1.1782182E-10
   1.8135148E-03   3.5383712E+04   1.2123864E-10
   1.8265158E-03   3.5598335E+04   1.2475280E-10
   1.8396035E-03   3.5814736E+04   1.2836705E-10
   1.8527787E-03   3.6032929E+04   1.3208419E-10
   1.8660419E-03   3.6252927E+04   1.3590711E-10
   1.8793936E-03   3.6474743E+04   1.3983879E-10
   1.8928345E-03   3.6698391E+04   1.4388227E-10
   1.9063652E-03   3.6923884E+04   1.4804069E-10
   1.9199863E-03   3.7151235E+04   1.5231728E-10
   1.9336983E-03   3.7380459E+04   1.5671536E-10
   1.9475019E-03   3.7611568E+04   1.6123832E-10
   1.9613977E-03   3.7844576E+04   1.6588968E-10
   1.9753863E-03   3.8079498E+04   1.7067302E-10
   1.9894683E-03   3.8316347E+04   1.7559205E-10
   2.0036444E-03   3.8555137E+04   1.8065057E-10
   2.0179151E-03   3.8795882E+04   1.8585248E-10
   2.0322811E-03   3.9038595E+04   1.9120180E-10
   2.0467431E-03   3.9283291E+04   1.9670265E-10
   2.0613017E-03   3.9529985E+04   2.0235927E-10
   2.0759576E-03   3.9778689E+04   2.0817603E-10
   2.0907112E-03   4.0029419E+04   2.1415740E-10
   2.1055635E-03   4.0282188E+04   2.2030799E-10
   2.1205149E-03   4.0537011E+04   2.2663251E-10
   2.1355662E-03   4.0793902E+04   2.3313585E-10
   2.1507180E-03   4.1052876E+04   2.3982298E-10
   2.1659710E-03   4.1313947E+04   2.4669905E-10
   2.1813259E-03   4.1577129E+04   2.5376934E-10
   2.1967833E-03   4.1842438E+04   2.6103926E-10
   2.2123439E-03   4.2109887E+04   2.6851439E-10
   2.2280085E-03   4.2379492E+04   2.7620045E-10
   2.2437777E-03   4.2651266E+04   2.8410333E-10
   2.2596522E-03   4.2925225E+04   2.9222908E-10
   2.2756327E-03   4.3201383E+04   3.0058392E-10
   2.2917200E-03   4.3479756E+04   3.0917423E-10
   2.3079147E-03   4.3760357E+04   3.1800657E-10
   2.3242175E-03   4.4043203E+04   3.2708770E-10
   2.3406293E-03   4.4328307E+04   3.3642454E-10
   2.3571506E-03   4.4615684E+04   3.4602421E-10
   2.3737823E-03   4.4905351E+04   3.5589405E-10
   2.3905251E-03   4.5197320E+04   3.6604156E-10
   2.4073796E-03   4.5491608E+04   3.7647449E-10
   2.4243468E-03   4.5788230E+04   3.8720077E-10
   2.4414273E-03   4.6087200E+04   3.9822857E-10
   2.4586218E-03   4.6388534E+04   4.0956627E-10
   2.4759312E-03   4.6692247E+04   4.2122251E-10
   2.4933562E-03   4.6998353E+04   4.3320612E-10
   2.5108975E-03   4.7306868E+04   4.4552623E-10
   2.5285560E-03   4.7617807E+04   4.5819218E-10
   2.5463325E-03   4.7931185E+04   4.7121359E-10
   2.5642276E-03   4.8247017E+04   4.8460032E-10
   2.5822423E-03   4.8565319E+04   4.9836254E-10
   2.6003773E-03   4.8886106E+04   5.1251066E-10
   2.6186334E-03   4.9209392E+04   5.2705542E-10
   2.6370114E-03   4.9535193E+04   5.4200781E-10
   2.6555122E-03   4.9863523E+04   5.5737917E-10
   2.6741365E-03   5.0194399E+04   5.7318110E-10
   2.6928853E-03   5.0527836E+04   5.8942557E-10
   2.7117592E-03   5.0863847E+04   6.0612485E-10
   2.7307592E-03   5.1202449E+04   6.2329155E-10
   2.7498861E-03   5.1543657E+04   6.4093864E-10
   2.7691407E-03   5.1887485E+04   6.5907944E-10
   2.7885239E-03   5.2233949E+04   6.7772764E-10
   2.8080366E-03   5.2583063E+04   6.9689730E-10
   2.8276796E-03   5.2934843E+04   7.1660286E-10
   2.8474538E-03   5.3289304E+04   7.3685919E-10
   2.8673600E-03   5.3646461E+04   7.5768154E-10
   2.8873992E-03   5.4006328E+04   7.7908558E-10
   2.9075722E-03   5.4368920E+04   8.0108743E-10
   2.9278800E-03   5.4734253E+04   8.2370363E-10
   2.9483234E-03   5.5102340E+04   8.4695119E-10
   2.9689033E-03   5.5473197E+04   8.7084759E-10
   2.9896207E-03   5.5846839E+04   8.9541079E-10
   3.0104764E-03   5.6223279E+04   9.2065922E-10
   3.0314714E-03   5.6602533E+04   9.4661186E-10
   3.0526066E-03   5.6984615E+04   9.7328817E-10
   3.0738830E-03   5.7369539E+04   1.0007082E-09
   3.0953015E-03   5.7757320E+04   1.0288924E-09
   3.1168630E-03   5.8147972E+04   1.0578621E-09
   3.1385686E-03   5.8541509E+04   1.0876388E-09
   3.1604191E-03   5.8937946E+04   1.1182449E-09
   3.1824155E-03   5.9337295E+04   1.1497033E-09
   3.2045588E-03   5.9739573E+04   1.1820376E-09
   3.2268501E-03   6.0144791E+04   1.2152720E-09
   3.2492901E-03   6.0552964E+04   1.2494312E-09
   3.2718801E-03   6.0964106E+04   1.2845409E-09
   3.2946210E-03   6.1378230E+04   1.3206273E-09
   3.3175137E-03   6.1795349E+04   1.3577173E-09
   3.3405593E-03   6.2215477E+04   1.3958388E-09
   3.3637588E-03   6.2638627E+04   1.4350200E-09
   3.3871133E-03   6.3064812E+04   1.4752903E-09
   3.4106237E-03   6.3494045E+04   1.5166796E-09
   3.4342912E-03   6.3926339E+04   1.5592190E-09
   3.4581167E-03   6.4361706E+04   1.6029401E-09
   3.4821013E-03   6.4800159E+04   1.6478754E-09
   3.5062461E-03   6.5241710E+04   1.6940585E-09
   3.5305522E-03   6.5686372E+04   1.7415238E-09
   3.5550206E-03   6.6134156E+04   1.7903065E-09
   3.5796525E-03   6.6585074E+04   1.8404431E-09
   3.6044488E-03   6.7039139E+04   1.8919708E-09
   3.6294108E-03   6.7496361E+04   1.9449279E-09
   3.6545394E-03   6.7956752E+04   1.9993538E-09
   3.6798359E-03   6.8420323E+04   2.0552891E-09
   3.7053013E-03   6.8887085E+04   2.1127751E-09
   3.7309368E-03   6.9357049E+04   2.1718548E-09
   3.7567435E-03   6.9830225E+04   2.2325718E-09
   3.7827226E-03   7.0306623E+04   2.2949714E-09
   3.8088752E-03   7.0786255E+04   2.3590997E-09
   3.8352024E-03   7.1269128E+04   2.4250045E-09
   3.8617055E-03   7.1755255E+04   2.4927345E-09
   3.8883856E-03   7.2244642E+04   2.5623401E-09
   3.9152438E-03   7.2737301E+04   2.6338727E-09
   3.9422814E-03   7.3233240E+04   2.7073855E-09
   3.9694996E-03   7.3732467E+04   2.7829328E-09
   3.9968996E-03   7.4234990E+04   2.8605706E-09
   4.0244826E-03   7.4740819E+04   2.9403564E-09
   4.0522498E-03   7.5249961E+04   3.0223493E-09
   4.0802025E-03   7.5762423E+04   3.1066099E-09
   4.1083418E-03   7.6278212E+04   3.1932005E-09
   4.1366691E-03   7.6797336E+04   3.2821852E-09
   4.1651855E-03   7.7319802E+04   3.3736298E-09
   4.1938924E-03   7.7845615E+04   3.4676019E-09
   4.2227911E-03   7.8374782E+04   3.5641709E-09
   4.2518827E-03   7.8907308E+04   3.6634081E-09
   4.2811686E-03   7.9443199E+04   3.7653868E-09
   4.3106501E-03   7.9982459E+04   3.8701824E-09
   4.3403285E-03   8.0525094E+04   3.9778720E-09
   4.3702052E-03   8.1071108E+04   4.0885353E-09
   4.4002813E-03   8.1620505E+04   4.2022539E-09
   4.4305583E-03   8.2173287E+04   4.3191116E-09
   4.4610376E-03   8.2729459E+04   4.4391945E-09
   4.4917204E-03   8.3289023E+04   4.5625913E-09
   4.5226081E-03   8.3851982E+04   4.6893927E-09
   4.5537021E-03   8.4418337E+04   4.8196923E-09
   4.5850038E-03   8.4988091E+04   4.9535860E-09
   4.6165145E-03   8.5561243E+04   5.0911724E-09
   4.6482356E-03   8.6137795E+04   5.2325527E-09
   4.6801687E-03   8.6717748E+04   5.3778311E-09
   4.7123150E-03   8.7301100E+04   5.5271144E-09
   4.7446759E-03   8.7887852E+04   5.6805124E-09
   4.7772531E-03   8.8478001E+04   5.8381379E-09
   4.8100477E-03   8.9071547E+04   6.0001069E-09
   4.8430615E-03   8.9668487E+04   6.1665384E-09
   4.8762956E-03   9.0268819E+04   6.3375546E-09
   4.9097518E-03   9.0872540E+04   6.5132812E-09
   4.9434314E-03   9.1479645E+04   6.6938474E-09
   4.9773359E-03   9.2090131E+04   6.8793856E-09
   5.0114669E-03   9.2703993E+04   7.0700321E-09
   5.0458258E-03   9.3321225E+04   7.2659269E-09
   5.0804142E-03   9.3941823E+04   7.4672136E-09
   5.1152336E-03   9.4565779E+04   7.6740400E-09
   5.1502855E-03   9.5193086E+04   7.8865578E-09
   5.1855716E-03   9.5823738E+04   8.1049228E-09
   5.2210933E-03   9.6457725E+04   8.3292951E-09
   5.2568522E-03   9.7095039E+04   8.5598391E-09
   5.2928499E-03   9.7735670E+04   8.7967238E-09
   5.3290881E-03   9.8379610E+04   9.0401228E-09
   5.3655683E-03   9.9026846E+04   9.2902143E-09
   5.4022921E-03   9.9677367E+04   9.5471815E-09
   5.4392612E-03   1.0033116E+05   9.8112126E-09
   5.4764772E-03   1.0098822E+05   1.0082501E-08
   5.5139418E-03   1.0164852E+05   1.0361244E-08
   5.5516566E-03   1.0231206E+05   1.0647648E-08
   5.5896232E-03   1.0297882E+05   1.0941920E-08
   5.6278434E-03   1.0364878E+05   1.1244277E-08
   5.6663189E-03   1.0432192E+05   1.1554940E-08
   5.7050513E-03   1.0499824E+05   1.1874134E-08
   5.7440425E-03   1.0567771E+05   1.2202095E-08
   5.7832940E-03   1.0636032E+05   1.2539061E-08
   5.8228077E-03   1.0704604E+05   1.2885279E-08
   5.8625852E-03   1.0773485E+05   1.3241002E-08
   5.9026285E-03   1.0842674E+05   1.3606489E-08
   5.9429391E-03   1.0912168E+05   1.3982008E-08
   5.9835190E-03   1.0981966E+05   1.4367831E-08
   6.0243699E-03   1.1052064E+05   1.4764242E-08
   6.0654936E-03   1.1122460E+05   1.5171530E-08
   6.1068920E-03   1.1193153E+05   1.5589991E-08
   6.1485669E-03   1.1264138E+05   1.6019930E-08
   6.1905201E-03   1.1335414E+05   1.6461662E-08
   6.2327535E-03   1.1406978E+05   1.6915509E-08
   6.2752689E-03   1.1478827E+05   1.7381801E-08
   6.3180683E-03   1.1550958E+05   1.7860878E-08
   6.3611536E-03   1.1623369E+05   1.8353090E-08
   6.4045266E-03   1.1696055E+05   1.8858794E-08
   6.4481892E-03   1.1769014E+05   1.9378360E-08
   6.4921435E-03   1.1842242E+05   1.9912166E-08
   6.5363913E-03   1.1915737E+05   2.0460601E-08
   6.5809347E-03   1.1989494E+05   2.1024064E-08
   6.6257755E-03   1.2063510E+05   2.1602965E-08
   6.6709158E-03   1.2137782E+05   2.2197726E-08
   6.7163576E-03   1.2212305E+05   2.2808779E-08
   6.7621028E-03   1.2287075E+05   2.3436569E-08
   6.8081536E-03   1.2362089E+05   2.4081553E-08
   6.8545120E-03   1.2437343E+05   2.4744200E-08
   6.9011799E-03   1.2512832E+05   2.5424991E-08
   6.9481596E-03   1.2588552E+05   2.6124423E-08
   6.9954530E-03   1.2664499E+05   2.6843002E-08
   7.0430622E-03   1.2740668E+05   2.7581253E-08
   7.0909894E-03   1.2817054E+05   2.8339710E-08
   7.1392367E-03   1.2893653E+05   2.9118926E-08
   7.1878063E-03   1.2970460E+05   2.9919466E-08
   7.2367002E-03   1.3047469E+05   3.0741912E-08
   7.2859206E-03   1.3124677E+05   3.1586862E-08
   7.3354698E-03   1.3202077E+05   3.2454928E-08
   7.3853499E-03   1.3279665E+05   3.3346741E-08
   7.4355631E-03   1.3357434E+05   3.4262948E-08
   7.4861117E-03   1.3435380E+05   3.5204216E-08
   7.5369979E-03   1.3513497E+05   3.6171225E-08
   7.5882239E-03   1.3591778E+05   3.7164679E-08
   7.6397921E-03   1.3670219E+05   3.8185298E-08
   7.6917046E-03   1.3748812E+05   3.9233822E-08
   7.7439639E-03   1.3827553E+05   4.0311011E-08
   7.7965722E-03   1.3906434E+05   4.1417648E-08
   7.8495318E-03   1.3985450E+05   4.2554534E-08
   7.9028452E-03   1.4064593E+05   4.3722493E-08
   7.9565146E-03   1.4143857E+05   4.4922372E-08
   8.0105424E-03   1.4223236E+05   4.6155040E-08
   8.0649311E-03   1.4302723E+05   4.7421391E-08
   8.1196830E-03   1.4382310E+05   4.8722342E-08
   8.1748006E-03   1.4461990E+05   5.0058836E-08
   8.2302863E-03   1.4541756E+05   5.1431841E-08
   8.2861425E-03   1.4621602E+05   5.2842350E-08
   8.3423718E-03   1.4701518E+05   5.4291386E-08
   8.3989767E-03   1.4781498E+05   5.5779997E-08
   8.4559595E-03   1.4861534E+05   5.7309261E-08
   8.5133230E-03   1.4941618E+05   5.8880285E-08
   8.5710695E-03   1.5021742E+05   6.0494205E-08
   8.6292018E-03   1.5101897E+05   6.2152191E-08
   8.6877222E-03   1.5182076E+05   6.3855440E-08
   8.7466336E-03   1.5262270E+05   6.5605186E-08
   8.8059383E-03   1.5342470E+05   6.7402693E-08
   8.8656391E-03   1.5422668E+05   6.9249263E-08
   8.9257387E-03   1.5502855E+05   7.1146229E-08
   8.9862396E-03   1.5583022E+05   7.3094965E-08
   9.0471446E-03   1.5663160E+05   7.5096877E-08
   9.1084564E-03   1.5743260E+05   7.7153415E-08
   9.1701776E-03   1.5823311E+05   7.9266063E-08
   9.2323111E-03   1.5903306E+05   8.1436348E-08
   9.2948595E-03   1.5983233E+05   8.3665840E-08
   9.3578257E-03   1.6063084E+05   8.5956148E-08
   9.4212124E-03   1.6142849E+05   8.8308926E-08
   9.4850224E-03   1.6222517E+05   9.0725875E-08
   9.5492586E-03   1.6302078E+05   9.3208740E-08
   9.6139238E-03   1.6381522E+05   9.5759314E-08
   9.6790209E-03   1.6460839E+05   9.8379438E-08
   9.7445527E-03   1.6540017E+05   1.0107100E-07
   9.8105222E-03   1.6619047E+05   1.0383595E-07
   9.8769323E-03   1.6697918E+05   1.0667628E-07
   9.9437859E-03   1.6776618E+05   1.0959405E-07
   1.0011086E-02   1.6855136E+05   1.1259134E-07
   1.0078836E-02   1.6933462E+05   1.1567034E-07
   1.0147038E-02   1.7011583E+05   1.1883325E-07
   1.0215695E-02   1.7089489E+05   1.2208237E-07
   1.0284811E-02   1.7167168E+05   1.2542003E-07
   1.0354389E-02   1.7244608E+05   1.2884864E-07
   1.0424431E-02   1.7321797E+05   1.3237068E-07
   1.0494942E-02   1.7398723E+05   1.3598867E-07
   1.0565923E-02   1.7475374E+05   1.3970525E-07
   1.0637378E-02   1.7551738E+05   1.4352307E-07
   1.0709310E-02   1.7627803E+05   1.4744489E-07
   1.0781723E-02   1.7703556E+05   1.5147355E-07
   1.0854619E-02   1.7778984E+05   1.5561193E-07
   1.0928003E-02   1.7854075E+05   1.5986304E-07
   1.1001876E-02   1.7928816E+05   1.6422991E-07
   1.1076243E-02   1.8003194E+05   1.6871571E-07
   1.1151106E-02   1.8077196E+05   1.7332367E-07
   1.1226469E-02   1.8150809E+05   1.7805710E-07
   1.1302336E-02   1.8224019E+05   1.8291941E-07
   1.1378709E-02   1.8296814E+05   1.8791411E-07
   1.1455593E-02   1.8369179E+05   1.9304478E-07
   1.1532990E-02   1.8441101E+05   1.9831513E-07
   1.1610904E-02   1.8512567E+05   2.0372895E-07
   1.1689338E-02   1.8583562E+05   2.0929013E-07
   1.1768296E-02   1.8654073E+05   2.1500268E-07
   1.1847781E-02   1.8724085E+05   2.2087070E-07
   1.1927798E-02   1.8793585E+05   2.2689843E-07
   1.2008348E-02   1.8862559E+05   2.3309020E-07
   1.2089437E-02   1.8930992E+05   2.3945046E-07
   1.2171067E-02   1.8998869E+05   2.4598379E-07
   1.2253242E-02   1.9066177E+05   2.5269488E-07
   1.2335966E-02   1.9132901E+05   2.5958857E-07
   1.2419243E-02   1.9199026E+05   2.6666982E-07
   1.2503076E-02   1.9264538E+05   2.7394371E-07
   1.2587468E-02   1.9329422E+05   2.8141548E-07
   1.2672425E-02   1.9393663E+05   2.8909049E-07
   1.2757948E-02   1.9457246E+05   2.9697427E-07
   1.2844043E-02   1.9520157E+05   3.0507249E-07
   1.2930713E-02   1.9582380E+05   3.1339096E-07
   1.3017962E-02   1.9643900E+05   3.2193566E-07
   1.3105793E-02   1.9704703E+05   3.3071273E-07
   1.3194211E-02   1.9764772E+05   3.3972849E-07
   1.3283220E-02   1.9824094E+05   3.4898941E-07
   1.3372823E-02   1.9882652E+05   3.5850214E-07
   1.3463024E-02   1.9940432E+05   3.6827352E-07
   1.3553828E-02   1.9997418E+05   3.7831056E-07
   1.3645239E-02   2.0053595E+05   3.8862048E-07
   1.3737259E-02   2.0108948E+05   3.9921069E-07
   1.3829895E-02   2.0163460E+05   4.1008878E-07
   1.3923149E-02   2.0217118E+05   4.2126257E-07
   1.4017026E-02   2.0269905E+05   4.3274009E-07
   1.4111529E-02   2.0321806E+05   4.4452957E-07
   1.4206664E-02   2.0372805E+05   4.5663947E-07
   1.4302435E-02   2.0422888E+05   4.6907850E-07
   1.4398845E-02   2.0472039E+05   4.8185559E-07
   1.4495899E-02   2.0520243E+05   4.9497989E-07
   1.4593601E-02   2.0567483E+05   5.0846084E-07
   1.4691955E-02   2.0613746E+05   5.2230810E-07
   1.4790967E-02   2.0659016E+05   5.3653162E-07
   1.4890639E-02   2.0703276E+05   5.5114159E-07
   1.4990978E-02   2.0746513E+05   5.6614852E-07
   1.5091986E-02   2.0788711E+05   5.8156315E-07
   1.5193669E-02   2.0829855E+05   5.9739655E-07
   1.5296032E-02   2.0869930E+05   6.1366007E-07
   1.5399077E-02   2.0908921E+05   6.3036539E-07
   1.5502811E-02   2.0946813E+05   6.4752449E-07
   1.5607238E-02   2.0983590E+05   6.6514966E-07
   1.5712363E-02   2.1019240E+05   6.8325355E-07
   1.5818189E-02   2.1053746E+05   7.0184915E-07
   1.5924722E-02   2.1087094E+05   7.2094978E-07
   1.6031967E-02   2.1119269E+05   7.4056914E-07
   1.6139928E-02   2.1150258E+05   7.6072130E-07
   1.6248610E-02   2.1180046E+05   7.8142071E-07
   1.6358017E-02   2.1208618E+05   8.0268219E-07
   1.6468156E-02   2.1235962E+05   8.2452100E-07
   1.6579030E-02   2.1262062E+05   8.4695278E-07
   1.6690644E-02   2.1286905E+05   8.6999361E-07
   1.6803004E-02   2.1310478E+05   8.9366001E-07
   1.6916115E-02   2.1332767E+05   9.1796892E-07
   1.7029980E-02   2.1353758E+05   9.4293778E-07
   1.7144607E-02   2.1373440E+05   9.6858447E-07
   1.7259999E-02   2.1391797E+05   9.9492737E-07
   1.7376161E-02   2.1408819E+05   1.0219853E-06
   1.7493099E-02   2.1424492E+05   1.0497778E-06
   1.7610819E-02   2.1438803E+05   1.0783246E-06
   1.7729324E-02   2.1451741E+05   1.1076462E-06
   1.7848621E-02   2.1463294E+05   1.1377637E-06
   1.7968715E-02   2.1473449E+05   1.1686985E-06
   1.8089610E-02   2.1482196E+05   1.2004729E-06
   1.8211314E-02   2.1489522E+05   1.2331096E-06
   1.8333830E-02   2.1495417E+05   1.2666319E-06
   1.8457164E-02   2.1499870E+05   1.3010639E-06
   1.8581322E-02   2.1502870E+05   1.3364302E-06
   1.8706309E-02   2.1504407E+05   1.3727562E-06
   1.8832131E-02   2.1504471E+05   1.4100678E-06
   1.8958793E-02   2.1503051E+05   1.4483918E-06
   1.9086301E-02   2.1500139E+05   1.4877556E-06
   1.9214661E-02   2.1495725E+05   1.5281873E-06
   1.9343878E-02   2.1489800E+05   1.5697160E-06
   1.9473958E-02   2.1482356E+05   1.6123712E-06
   1.9604906E-02   2.1473383E+05   1.6561836E-06
   1.9736730E-02   2.1462875E+05   1.7011845E-06
   1.9869433E-02   2.1450823E+05   1.7474062E-06
   2.0003023E-02   2.1437220E+05   1.7948816E-06
   2.0137505E-02   2.1422058E+05   1.8436447E-06
   2.0272886E-02   2.1405332E+05   1.8937305E-06
   2.0409170E-02   2.1387034E+05   1.9451747E-06
   2.0546365E-02   2.1367159E+05   1.9980143E-06
   2.0684476E-02   2.1345702E+05   2.0522869E-06
   2.0823509E-02   2.1322655E+05   2.1080313E-06
   2.0963471E-02   2.1298016E+05   2.1652876E-06
   2.1104368E-02   2.1271779E+05   2.2240965E-06
   2.1246205E-02   2.1243940E+05   2.2845003E-06
   2.1388990E-02   2.1214496E+05   2.3465420E-06
   2.1532729E-02   2.1183442E+05   2.4102660E-06
   2.1677427E-02   2.1150777E+05   2.4757180E-06
   2.1823092E-02   2.1116498E+05   2.5429447E-06
   2.1969730E-02   2.1080602E+05   2.6119942E-06
   2.2117347E-02   2.1043088E+05   2.6829158E-06
   2.2265950E-02   2.1003954E+05   2.7557603E-06
   2.2415546E-02   2.0963201E+05   2.8305797E-06
   2.2566140E-02   2.0920827E+05   2.9074275E-06
   2.2717740E-02   2.0876833E+05   2.9863588E-06
   2.2870353E-02   2.0831219E+05   3.0674298E-06
   2.3023985E-02   2.0783986E+05   3.1506985E-06
   2.3178643E-02   2.0735136E+05   3.2362245E-06
   2.3334334E-02   2.0684671E+05   3.3240689E-06
   2.3491065E-02   2.0632593E+05   3.4142945E-06
   2.3648843E-02   2.0578904E+05   3.5069657E-06
   2.3807674E-02   2.0523610E+05   3.6021488E-06
   2.3967566E-02   2.0466712E+05   3.6999118E-06
   2.4128526E-02   2.0408217E+05   3.8003245E-06
   2.4290561E-02   2.0348128E+05   3.9034588E-06
   2.4453678E-02   2.0286451E+05   4.0093883E-06
   2.4617884E-02   2.0223192E+05   4.1181887E-06
   2.4783188E-02   2.0158357E+05   4.2299377E-06
   2.4949595E-02   2.0091953E+05   4.3447152E-06
   2.5117113E-02   2.0023988E+05   4.4626031E-06
   2.5285751E-02   1.9954469E+05   4.5836857E-06
   2.5455514E-02   1.9883405E+05   4.7080496E-06
   2.5626412E-02   1.9810805E+05   4.8357834E-06
   2.5798450E-02   1.9736678E+05   4.9669785E-06
   2.5971638E-02   1.9661035E+05   5.1017286E-06
   2.6145983E-02   1.9583886E+05   5.2401300E-06
   2.6321491E-02   1.9505241E+05   5.3822814E-06
   2.6498172E-02   1.9425114E+05   5.5282844E-06
   2.6676033E-02   1.9343514E+05   5.6782433E-06
   2.6855082E-02   1.9260456E+05   5.8322652E-06
   2.7035327E-02   1.9175953E+05   5.9904600E-06
   2.7216775E-02   1.9090017E+05   6.1529408E-06
   2.7399435E-02   1.9002664E+05   6.3198236E-06
   2.7583315E-02   1.8913908E+05   6.4912274E-06
   2.7768424E-02   1.8823764E+05   6.6672749E-06
   2.7954768E-02   1.8732248E+05   6.8480915E-06
   2.8142357E-02   1.8639377E+05   7.0338065E-06
   2.8331199E-02   1.8545166E+05   7.2245524E-06
   2.8521302E-02   1.8449634E+05   7.4204655E-06
   2.8712675E-02   1.8352799E+05   7.6216855E-06
   2.8905326E-02   1.8254678E+05   7.8283562E-06
   2.9099263E-02   1.8155290E+05   8.0406250E-06
   2.9294496E-02   1.8054656E+05   8.2586436E-06
   2.9491032E-02   1.7952794E+05   8.4825675E-06
   2.9688882E-02   1.7849725E+05   8.7125567E-06
   2.9888052E-02   1.7745469E+05   8.9487752E-06
   3.0088553E-02   1.7640049E+05   9.1913917E-06
   3.0290393E-02   1.7533486E+05   9.4405793E-06
   3.0493580E-02   1.7425802E+05   9.6965160E-06
   3.0698125E-02   1.7317020E+05   9.9593843E-06
   3.0904036E-02   1.7207163E+05   1.0229372E-05
   3.1111322E-02   1.7096254E+05   1.0506672E-05
   3.1319993E-02   1.6984318E+05   1.0791481E-05
   3.1530057E-02   1.6871380E+05   1.1084004E-05
   3.1741524E-02   1.6757464E+05   1.1384449E-05
   3.1954404E-02   1.6642595E+05   1.1693030E-05
   3.2168705E-02   1.6526800E+05   1.2009967E-05
   3.2384437E-02   1.6410104E+05   1.2335488E-05
   3.2601610E-02   1.6292534E+05   1.2669823E-05
   3.2820234E-02   1.6174117E+05   1.3013212E-05
   3.3040318E-02   1.6054880E+05   1.3365899E-05
   3.3261871E-02   1.5934852E+05   1.3728137E-05
   3.3484904E-02   1.5814060E+05   1.4100184E-05
   3.3709427E-02   1.5692532E+05   1.4482304E-05
   3.3935450E-02   1.5570297E+05   1.4874772E-05
   3.4162981E-02   1.5447384E+05   1.5277867E-05
   3.4392033E-02   1.5323823E+05   1.5691876E-05
   3.4622614E-02   1.5199643E+05   1.6117094E-05
   3.4854735E-02   1.5074875E+05   1.6553826E-05
   3.5088407E-02   1.4949547E+05   1.7002383E-05
   3.5323639E-02   1.4823692E+05   1.7463085E-05
   3.5560442E-02   1.4697339E+05   1.7936260E-05
   3.5798827E-02   1.4570519E+05   1.8422246E-05
   3.6038803E-02   1.4443264E+05   1.8921391E-05
   3.6280383E-02   1.4315605E+05   1.9434048E-05
   3.6523575E-02   1.4187574E+05   1.9960586E-05
   3.6768392E-02   1.4059201E+05   2.0501379E-05
   3.7014845E-02   1.3930520E+05   2.1056812E-05
   3.7262943E-02   1.3801562E+05   2.1627283E-05
   3.7512698E-02   1.3672359E+05   2.2213198E-05
   3.7764121E-02   1.3542944E+05   2.2814975E-05
   3.8017223E-02   1.3413348E+05   2.3433044E-05
   3.8272015E-02   1.3283605E+05   2.4067844E-05
   3.8528510E-02   1.3153747E+05   2.4719830E-05
   3.8786717E-02   1.3023806E+05   2.5389466E-05
   3.9046649E-02   1.2893815E+05   2.6077229E-05
   3.9308316E-02   1.2763807E+05   2.6783611E-05
   3.9571732E-02   1.2633814E+05   2.7509115E-05
   3.9836906E-02   1.2503868E+05   2.8254258E-05
   4.0103852E-02   1.2374004E+05   2.9019573E-05
   4.0372580E-02   1.2244251E+05   2.9805605E-05
   4.0643103E-02   1.2114645E+05   3.0612914E-05
   4.0915433E-02   1.1985216E+05   3.1442077E-05
   4.1189582E-02   1.1855996E+05   3.2293685E-05
   4.1465561E-02   1.1727019E+05   3.3168345E-05
   4.1743384E-02   1.1598315E+05   3.4066681E-05
   4.2023062E-02   1.1469918E+05   3.4989334E-05
   4.2304609E-02   1.1341857E+05   3.5936961E-05
   4.2588035E-02   1.1214166E+05   3.6910240E-05
   4.2873354E-02   1.1086875E+05   3.7909864E-05
   4.3160579E-02   1.0960014E+05   3.8936545E-05
   4.3449723E-02   1.0833616E+05   3.9991017E-05
   4.3740797E-02   1.0707710E+05   4.1074031E-05
   4.4033815E-02   1.0582326E+05   4.2186359E-05
   4.4328790E-02   1.0457495E+05   4.3328796E-05
   4.4625736E-02   1.0333246E+05   4.4502156E-05
   4.4924664E-02   1.0209609E+05   4.5707275E-05
   4.5225589E-02   1.0086612E+05   4.6945014E-05
   4.5528524E-02   9.9642832E+04   4.8216254E-05
   4.5833481E-02   9.8426518E+04   4.9521904E-05
   4.6140476E-02   9.7217452E+04   5.0862893E-05
   4.6449521E-02   9.6015908E+04   5.2240179E-05
   4.6760630E-02   9.4822155E+04   5.3654744E-05
   4.7073816E-02   9.3636457E+04   5.5107596E-05
   4.7389095E-02   9.2459076E+04   5.6599772E-05
   4.7706479E-02   9.1290266E+04   5.8132337E-05
   4.8025982E-02   9.0130278E+04   5.9706382E-05
   4.8347620E-02   8.8979357E+04   6.1323032E-05
   4.8671405E-02   8.7837744E+04   6.2983439E-05
   4.8997353E-02   8.6705673E+04   6.4688788E-05
   4.9325478E-02   8.5583375E+04   6.6440294E-05
   4.9655795E-02   8.4471072E+04   6.8239208E-05
   4.9988317E-02   8.3368982E+04   7.0086812E-05
   5.0323060E-02   8.2277318E+04   7.1984424E-05
   5.0660039E-02   8.1196286E+04   7.3933397E-05
   5.0999269E-02   8.0126085E+04   7.5935123E-05
   5.1340764E-02   7.9066909E+04   7.7991029E-05
   5.1684539E-02   7.8018945E+04   8.0102581E-05
   5.2030611E-02   7.6982375E+04   8.2271286E-05
   5.2378994E-02   7.5957372E+04   8.4498691E-05
   5.2729704E-02   7.4944104E+04   8.6786384E-05
   5.3082756E-02   7.3942732E+04   8.9135998E-05
   5.3438165E-02   7.2953410E+04   9.1549209E-05
   5.3795949E-02   7.1976283E+04   9.4027739E-05
   5.4156122E-02   7.1011494E+04   9.6573355E-05
   5.4518700E-02   7.0059173E+04   9.9187873E-05
   5.4883701E-02   6.9119447E+04   1.0187316E-04
   5.5251138E-02   6.8192434E+04   1.0463113E-04
   5.5621030E-02   6.7278246E+04   1.0746375E-04
   5.5993392E-02   6.6376984E+04   1.1037305E-04
   5.6368241E-02   6.5488747E+04   1.1336109E-04
   5.6745593E-02   6.4613623E+04   1.1643001E-04
   5.7125466E-02   6.3751692E+04   1.1958201E-04
   5.7507876E-02   6.2903029E+04   1.2281932E-04
   5.7892839E-02   6.2067700E+04   1.2614426E-04
   5.8280374E-02   6.1245762E+04   1.2955920E-04
   5.8670497E-02   6.0437268E+04   1.3306658E-04
   5.9063225E-02   5.9642260E+04   1.3666891E-04
   5.9458577E-02   5.8860773E+04   1.4036874E-04
   5.9856568E-02   5.8092836E+04   1.4416873E-04
   6.0257218E-02   5.7338469E+04   1.4807158E-04
   6.0660544E-02   5.6597685E+04   1.5208008E-04
   6.1066563E-02   5.5870488E+04   1.5619709E-04
   6.1475294E-02   5.5156876E+04   1.6042556E-04
   6.1886754E-02   5.4456838E+04   1.6476848E-04
   6.2300963E-02   5.3770358E+04   1.6922898E-04
   6.2717938E-02   5.3097409E+04   1.7381023E-04
   6.3137698E-02   5.2437959E+04   1.7851550E-04
   6.3560261E-02   5.1791968E+04   1.8334814E-04
   6.3985646E-02   5.1159388E+04   1.8831162E-04
   6.4413873E-02   5.0540164E+04   1.9340948E-04
   6.4844959E-02   4.9934234E+04   1.9864534E-04
   6.5278925E-02   4.9341529E+04   2.0402296E-04
   6.5715788E-02   4.8761973E+04   2.0954616E-04
   6.6155570E-02   4.8195482E+04   2.1521890E-04
   6.6598288E-02   4.7641965E+04   2.2104523E-04
   6.7043964E-02   4.7101327E+04   2.2702930E-04
   6.7492615E-02   4.6573462E+04   2.3317539E-04
   6.7944263E-02   4.6058260E+04   2.3948789E-04
   6.8398928E-02   4.5555604E+04   2.4597130E-04
   6.8856629E-02   4.5065371E+04   2.5263026E-04
   6.9317387E-02   4.4587431E+04   2.5946952E-04
   6.9781222E-02   4.4121648E+04   2.6649396E-04
   7.0248155E-02   4.3667880E+04   2.7370861E-04
   7.0718207E-02   4.3225979E+04   2.8111862E-04
   7.1191397E-02   4.2795791E+04   2.8872928E-04
   7.1667748E-02   4.2377158E+04   2.9654603E-04
   7.2147281E-02   4.1969914E+04   3.0457445E-04
   7.2630016E-02   4.1573890E+04   3.1282028E-04
   7.3115975E-02   4.1188911E+04   3.2128941E-04
   7.3605179E-02   4.0814795E+04   3.2998789E-04
   7.4097651E-02   4.0451359E+04   3.3892194E-04
   7.4593412E-02   4.0098412E+04   3.4809794E-04
   7.5092484E-02   3.9755761E+04   3.5752246E-04
   7.5594889E-02   3.9423206E+04   3.6720221E-04
   7.6100649E-02   3.9100545E+04   3.7714414E-04
   7.6609787E-02   3.8787572E+04   3.8735533E-04
   7.7122326E-02   3.8484076E+04   3.9784309E-04
   7.7638287E-02   3.8189843E+04   4.0861492E-04
   7.8157695E-02   3.7904657E+04   4.1967852E-04
   7.8680571E-02   3.7628295E+04   4.3104179E-04
   7.9206940E-02   3.7360536E+04   4.4271287E-04
   7.9736824E-02   3.7101152E+04   4.5470010E-04
   8.0270247E-02   3.6849914E+04   4.6701205E-04
   8.0807232E-02   3.6606592E+04   4.7965752E-04
   8.1347804E-02   3.6370952E+04   4.9264557E-04
   8.1891986E-02   3.6142758E+04   5.0598547E-04
   8.2439802E-02   3.5921773E+04   5.1968678E-04
   8.2991277E-02   3.5707758E+04   5.3375929E-04
   8.3546436E-02   3.5500474E+04   5.4821307E-04
   8.4105301E-02   3.5299678E+04   5.6305847E-04
   8.4667900E-02   3.5105129E+04   5.7830609E-04
   8.5234256E-02   3.4916584E+04   5.9396687E-04
   8.5804394E-02   3.4733799E+04   6.1005199E-04
   8.6378340E-02   3.4556530E+04   6.2657298E-04
   8.6956119E-02   3.4384533E+04   6.4354166E-04
   8.7537757E-02   3.4217566E+04   6.6097018E-04
   8.8123279E-02   3.4055384E+04   6.7887100E-04
   8.8712712E-02   3.3897744E+04   6.9725696E-04
   8.9306082E-02   3.3744405E+04   7.1614121E-04
   8.9903414E-02   3.3595125E+04   7.3553727E-04
   9.0504736E-02   3.3449664E+04   7.5545904E-04
   9.1110074E-02   3.3307784E+04   7.7592078E-04
   9.1719455E-02   3.3169248E+04   7.9693715E-04
   9.2332906E-02   3.3033820E+04   8.1852320E-04
   9.2950453E-02   3.2901268E+04   8.4069440E-04
   9.3572125E-02   3.2771360E+04   8.6346662E-04
   9.4197949E-02   3.2643867E+04   8.8685620E-04
   9.4827953E-02   3.2518564E+04   9.1087988E-04
   9.5462164E-02   3.2395226E+04   9.3555489E-04
   9.6100610E-02   3.2273634E+04   9.6089891E-04
   9.6743321E-02   3.2153570E+04   9.8693011E-04
   9.7390324E-02   3.2034820E+04   1.0136671E-03
   9.8041649E-02   3.1917173E+04   1.0411292E-03
   9.8697323E-02   3.1800423E+04   1.0693359E-03
   9.9357376E-02   3.1684365E+04   1.0983076E-03
   1.0002184E-01   3.1568802E+04   1.1280650E-03
   1.0069074E-01   3.1453538E+04   1.1586294E-03
   1.0136410E-01   3.1338382E+04   1.1900228E-03
   1.0204197E-01   3.1223148E+04   1.2222677E-03
   1.0272436E-01   3.1107653E+04   1.2553873E-03
   1.0341131E-01   3.0991722E+04   1.2894052E-03
   1.0410284E-01   3.0875181E+04   1.3243460E-03
   1.0479900E-01   3.0757863E+04   1.3602346E-03
   1.0549980E-01   3.0639607E+04   1.3970970E-03
   1.0620529E-01   3.0520255E+04   1.4349594E-03
   1.0691548E-01   3.0399655E+04   1.4738492E-03
   1.0763042E-01   3.0277661E+04   1.5137942E-03
   1.0835014E-01   3.0154133E+04   1.5548231E-03
   1.0907466E-01   3.0028936E+04   1.5969655E-03
   1.0980402E-01   2.9901939E+04   1.6402515E-03
   1.1053825E-01   2.9773021E+04   1.6847123E-03
   1.1127738E-01   2.9642062E+04   1.7303798E-03
   1.1202145E-01   2.9508951E+04   1.7772869E-03
   1.1277049E-01   2.9373583E+04   1.8254673E-03
   1.1352454E-01   2.9235857E+04   1.8749556E-03
   1.1428362E-01   2.9095680E+04   1.9257874E-03
   1.1504776E-01   2.8952965E+04   1.9779992E-03
   1.1581702E-01   2.8807631E+04   2.0316286E-03
   1.1659141E-01   2.8659601E+04   2.0867142E-03
   1.1737097E-01   2.8508808E+04   2.1432957E-03
   1.1815573E-01   2.8355189E+04   2.2014136E-03
   1.1894574E-01   2.8198687E+04   2.2611099E-03
   1.1974103E-01   2.8039253E+04   2.3224276E-03
   1.2054163E-01   2.7876842E+04   2.3854107E-03
   1.2134757E-01   2.7711416E+04   2.4501046E-03
   1.2215890E-01   2.7542945E+04   2.5165559E-03
   1.2297564E-01   2.7371404E+04   2.5848125E-03
   1.2379784E-01   2.7196772E+04   2.6549235E-03
   1.2462553E-01   2.7019037E+04   2.7269395E-03
   1.2545875E-01   2.6838192E+04   2.8009123E-03
   1.2629753E-01   2.6654236E+04   2.8768953E-03
   1.2714192E-01   2.6467174E+04   2.9549433E-03
   1.2799194E-01   2.6277017E+04   3.0351124E-03
   1.2884764E-01   2.6083781E+04   3.1174606E-03
   1.2970906E-01   2.5887489E+04   3.2020471E-03
   1.3057623E-01   2.5688168E+04   3.2889332E-03
   1.3144919E-01   2.5485851E+04   3.3781813E-03
   1.3232798E-01   2.5280579E+04   3.4698560E-03
   1.3321264E-01   2.5072393E+04   3.5640234E-03
   1.3410321E-01   2.4861345E+04   3.6607514E-03
   1.3499973E-01   2.4647488E+04   3.7601101E-03
   1.3590223E-01   2.4430882E+04   3.8621710E-03
   1.3681076E-01   2.4211590E+04   3.9670079E-03
   1.3772536E-01   2.3989681E+04   4.0746966E-03
   1.3864607E-01   2.3765228E+04   4.1853148E-03
   1.3957293E-01   2.3538310E+04   4.2989426E-03
   1.4050597E-01   2.3309007E+04   4.4156621E-03
   1.4144525E-01   2.3077406E+04   4.5355577E-03
   1.4239080E-01   2.2843596E+04   4.6587161E-03
   1.4334267E-01   2.2607670E+04   4.7852264E-03
   1.4430089E-01   2.2369726E+04   4.9151801E-03
   1.4526552E-01   2.2129865E+04   5.0486713E-03
   1.4623658E-01   2.1888188E+04   5.1857966E-03
   1.4721413E-01   2.1644804E+04   5.3266554E-03
   1.4819821E-01   2.1399821E+04   5.4713495E-03
   1.4918886E-01   2.1153352E+04   5.6199839E-03
   1.5018613E-01   2.0905510E+04   5.7726662E-03
   1.5119006E-01   2.0656412E+04   5.9295070E-03
   1.5220069E-01   2.0406178E+04   6.0906202E-03
   1.5321808E-01   2.0154928E+04   6.2561224E-03
   1.5424226E-01   1.9902783E+04   6.4261337E-03
   1.5527327E-01   1.9649868E+04   6.6007774E-03
   1.5631118E-01   1.9396307E+04   6.7801803E-03
   1.5735601E-01   1.9142227E+04   6.9644725E-03
   1.5840783E-01   1.8887754E+04   7.1537879E-03
   1.5946667E-01   1.8633015E+04   7.3482638E-03
   1.6053257E-01   1.8378139E+04   7.5480417E-03
   1.6160560E-01   1.8123254E+04   7.7532665E-03
   1.6268580E-01   1.7868487E+04   7.9640874E-03
   1.6377321E-01   1.7613967E+04   8.1806577E-03
   1.6486788E-01   1.7359821E+04   8.4031349E-03
   1.6596986E-01   1.7106176E+04   8.6316806E-03
   1.6707921E-01   1.6853159E+04   8.8664613E-03
   1.6819596E-01   1.6600894E+04   9.1076476E-03
   1.6932017E-01   1.6349507E+04   9.3554152E-03
   1.7045188E-01   1.6099120E+04   9.6099445E-03
   1.7159116E-01   1.5849854E+04   9.8714208E-03
   1.7273805E-01   1.5601830E+04   1.0140035E-02
   1.7389259E-01   1.5355164E+04   1.0415982E-02
   1.7505485E-01   1.5109974E+04   1.0699463E-02
   1.7622486E-01   1.4866373E+04   1.0990685E-02
   1.7740270E-01   1.4624472E+04   1.1289861E-02
   1.7858839E-01   1.4384380E+04   1.1597209E-02
   1.7978201E-01   1.4146204E+04   1.1912952E-02
   1.8098360E-01   1.3910047E+04   1.2237322E-02
   1.8219321E-01   1.3676010E+04   1.2570555E-02
   1.8341091E-01   1.3444190E+04   1.2912895E-02
   1.8463673E-01   1.3214684E+04   1.3264592E-02
   1.8587074E-01   1.2987580E+04   1.3625902E-02
   1.8711300E-01   1.2762969E+04   1.3997091E-02
   1.8836355E-01   1.2540934E+04   1.4378429E-02
   1.8962245E-01   1.2321556E+04   1.4770195E-02
   1.9088976E-01   1.2104914E+04   1.5172676E-02
   1.9216553E-01   1.1891079E+04   1.5586167E-02
   1.9344983E-01   1.1680124E+04   1.6010970E-02
   1.9474270E-01   1.1472113E+04   1.6447397E-02
   1.9604420E-01   1.1267108E+04   1.6895767E-02
   1.9735440E-01   1.1065170E+04   1.7356410E-02
   1.9867335E-01   1.0866350E+04   1.7829662E-02
   2.0000111E-01   1.0670701E+04   1.8315870E-02
   2.0133773E-01   1.0478267E+04   1.8815392E-02
   2.0268328E-01   1.0289092E+04   1.9328595E-02
   2.0403782E-01   1.0103213E+04   1.9855854E-02
   2.0540141E-01   9.9206647E+03   2.0397557E-02
   2.0677410E-01   9.7414761E+03   2.0954103E-02
   2.0815596E-01   9.5656733E+03   2.1525899E-02
   2.0954705E-01   9.3932780E+03   2.2113368E-02
   2.1094743E-01   9.2243076E+03   2.2716939E-02
   2.1235716E-01   9.0587755E+03   2.3337058E-02
   2.1377630E-01   8.8966913E+03   2.3974182E-02
   2.1520493E-01   8.7380602E+03   2.4628778E-02
   2.1664310E-01   8.5828838E+03   2.5301329E-02
   2.1809087E-01   8.4311595E+03   2.5992331E-02
   2.1954831E-01   8.2828810E+03   2.6702293E-02
   2.2101548E-01   8.1380381E+03   2.7431738E-02
   2.2249245E-01   7.9966169E+03   2.8181204E-02
   2.2397929E-01   7.8585999E+03   2.8951245E-02
   2.2547606E-01   7.7239657E+03   2.9742428E-02
   2.2698282E-01   7.5926899E+03   3.0555338E-02
   2.2849964E-01   7.4647441E+03   3.1390575E-02
   2.3002660E-01   7.3400970E+03   3.2248757E-02
   2.3156376E-01   7.2187138E+03   3.3130517E-02
   2.3311118E-01   7.1005568E+03   3.4036507E-02
   2.3466893E-01   6.9855850E+03   3.4967399E-02
   2.3623709E-01   6.8737546E+03   3.5923880E-02
   2.3781572E-01   6.7650191E+03   3.6906659E-02
   2.3940490E-01   6.6593292E+03   3.7916464E-02
   2.4100469E-01   6.5566329E+03   3.8954042E-02
   2.4261516E-01   6.4568760E+03   4.0020162E-02
   2.4423639E-01   6.3600018E+03   4.1115615E-02
   2.4586845E-01   6.2659516E+03   4.2241214E-02
   2.4751140E-01   6.1746644E+03   4.3397793E-02
   2.4916533E-01   6.0860775E+03   4.4586211E-02
   2.5083031E-01   6.0001262E+03   4.5807350E-02
   2.5250640E-01   5.9167443E+03   4.7062117E-02
   2.5419369E-01   5.8358641E+03   4.8351444E-02
   2.5589225E-01   5.7574164E+03   4.9676291E-02
   2.5760215E-01   5.6813309E+03   5.1037641E-02
   2.5932347E-01   5.6075360E+03   5.2436508E-02
   2.6105629E-01   5.5359594E+03   5.3873933E-02
   2.6280068E-01   5.4665278E+03   5.5350985E-02
   2.6455672E-01   5.3991673E+03   5.6868765E-02
   2.6632449E-01   5.3338034E+03   5.8428403E-02
   2.6810407E-01   5.2703612E+03   6.0031061E-02
   2.6989553E-01   5.2087656E+03   6.1677935E-02
   2.7169895E-01   5.1489413E+03   6.3370253E-02
   2.7351442E-01   5.0908129E+03   6.5109276E-02
   2.7534202E-01   5.0343053E+03   6.6896304E-02
   2.7718182E-01   4.9793436E+03   6.8732669E-02
   2.7903390E-01   4.9258532E+03   7.0619744E-02
   2.8089836E-01   4.8737599E+03   7.2558939E-02
   2.8277527E-01   4.8229904E+03   7.4551702E-02
   2.8466471E-01   4.7734719E+03   7.6599523E-02
   2.8656678E-01   4.7251325E+03   7.8703935E-02
   2.8848154E-01   4.6779012E+03   8.0866510E-02
   2.9040910E-01   4.6317081E+03   8.3088869E-02
   2.9234952E-01   4.5864844E+03   8.5372674E-02
   2.9430291E-01   4.5421626E+03   8.7719636E-02
   2.9626934E-01   4.4986764E+03   9.0131513E-02
   2.9824891E-01   4.4559612E+03   9.2610112E-02
   3.0024170E-01   4.4139535E+03   9.5157291E-02
   3.0224779E-01   4.3725918E+03   9.7774960E-02
   3.0426729E-01   4.3318159E+03   1.0046508E-01
   3.0630027E-01   4.2915675E+03   1.0322968E-01
   3.0834683E-01   4.2517901E+03   1.0607082E-01
   3.1040706E-01   4.2124291E+03   1.0899064E-01
   3.1248104E-01   4.1734315E+03   1.1199133E-01
   3.1456888E-01   4.1347466E+03   1.1507514E-01
   3.1667066E-01   4.0963256E+03   1.1824440E-01
   3.1878648E-01   4.0581216E+03   1.2150148E-01
   3.2091643E-01   4.0200899E+03   1.2484884E-01
   3.2306061E-01   3.9821878E+03   1.2828898E-01
   3.2521910E-01   3.9443749E+03   1.3182450E-01
   3.2739201E-01   3.9066128E+03   1.3545805E-01
   3.2957944E-01   3.8688653E+03   1.3919237E-01
   3.3178147E-01   3.8310985E+03   1.4303027E-01
   3.3399821E-01   3.7932805E+03   1.4697464E-01
   3.3622975E-01   3.7553816E+03   1.5102844E-01
   3.3847620E-01   3.7173745E+03   1.5519474E-01
   3.4073765E-01   3.6792339E+03   1.5947665E-01
   3.4301420E-01   3.6409367E+03   1.6387742E-01
   3.4530596E-01   3.6024620E+03   1.6840035E-01
   3.4761303E-01   3.5637909E+03   1.7304885E-01
   3.4993550E-01   3.5249070E+03   1.7782643E-01
   3.5227348E-01   3.4857955E+03   1.8273668E-01
   3.5462708E-01   3.4464440E+03   1.8778330E-01
   3.5699640E-01   3.4068421E+03   1.9297009E-01
   3.5938154E-01   3.3669812E+03   1.9830098E-01
   3.6178261E-01   3.3268550E+03   2.0377996E-01
   3.6419971E-01   3.2864587E+03   2.0941117E-01
   3.6663296E-01   3.2457898E+03   2.1519886E-01
   3.6908246E-01   3.2048473E+03   2.2114738E-01
   3.7154832E-01   3.1636321E+03   2.2726122E-01
   3.7403065E-01   3.1221470E+03   2.3354498E-01
   3.7652955E-01   3.0803961E+03   2.4000341E-01
   3.7904515E-01   3.0383854E+03   2.4664135E-01
   3.8157755E-01   2.9961224E+03   2.5346383E-01
   3.8412685E-01   2.9536160E+03   2.6047596E-01
   3.8669319E-01   2.9108766E+03   2.6768304E-01
   3.8927666E-01   2.8679161E+03   2.7509048E-01
   3.9187739E-01   2.8247474E+03   2.8270387E-01
   3.9449549E-01   2.7813848E+03   2.9052894E-01
   3.9713107E-01   2.7378439E+03   2.9857157E-01
   3.9978426E-01   2.6941411E+03   3.0683780E-01
   4.0245517E-01   2.6502941E+03   3.1533386E-01
   4.0514391E-01   2.6063214E+03   3.2406614E-01
   4.0785061E-01   2.5622425E+03   3.3304119E-01
   4.1057539E-01   2.5180776E+03   3.4226575E-01
   4.1331836E-01   2.4738476E+03   3.5174674E-01
   4.1607966E-01   2.4295744E+03   3.6149129E-01
   4.1885939E-01   2.3852800E+03   3.7150671E-01
   4.2165769E-01   2.3409873E+03   3.8180049E-01
   4.2447468E-01   2.2967196E+03   3.9238035E-01
   4.2731049E-01   2.2525004E+03   4.0325421E-01
   4.3016523E-01   2.2083538E+03   4.1443021E-01
   4.3303904E-01   2.1643039E+03   4.2591670E-01
   4.3593204E-01   2.1203752E+03   4.3772227E-01
   4.3884437E-01   2.0765920E+03   4.4985574E-01
   4.4177614E-01   2.0329790E+03   4.6232614E-01
   4.4472749E-01   1.9895607E+03   4.7514279E-01
   4.4769856E-01   1.9463616E+03   4.8831523E-01
   4.5068947E-01   1.9034058E+03   5.0185325E-01
   4.5370035E-01   1.8607177E+03   5.1576691E-01
   4.5673134E-01   1.8183210E+03   5.3006657E-01
   4.5978258E-01   1.7762393E+03   5.4476281E-01
   4.6285419E-01   1.7344958E+03   5.5986653E-01
   4.6594631E-01   1.6931133E+03   5.7538891E-01
   4.6905909E-01   1.6521141E+03   5.9134141E-01
   4.7219266E-01   1.6115200E+03   6.0773583E-01
   4.7534715E-01   1.5713524E+03   6.2458424E-01
   4.7852272E-01   1.5316318E+03   6.4189905E-01
   4.8171949E-01   1.4923784E+03   6.5969299E-01
   4.8493761E-01   1.4536115E+03   6.7797912E-01
   4.8817722E-01   1.4153498E+03   6.9677084E-01
   4.9143847E-01   1.3776113E+03   7.1608190E-01
   4.9472151E-01   1.3404131E+03   7.3592640E-01
   4.9802646E-01   1.3037716E+03   7.5631882E-01
   5.0135349E-01   1.2677023E+03   7.7727399E-01
   5.0470274E-01   1.2322201E+03   7.9880713E-01
   5.0807436E-01   1.1973385E+03   8.2093387E-01
   5.1146850E-01   1.1630707E+03   8.4367019E-01
   5.1488530E-01   1.1294286E+03   8.6703251E-01
   5.1832493E-01   1.0964233E+03   8.9103765E-01
   5.2178752E-01   1.0640649E+03   9.1570288E-01
   5.2527324E-01   1.0323625E+03   9.4104585E-01
   5.2878224E-01   1.0013244E+03   9.6708470E-01
   5.3231468E-01   9.7095769E+02   9.9383799E-01
   5.3587071E-01   9.4126865E+02   1.0213247E+00
   5.3945049E-01   9.1226247E+02   1.0495645E+00
   5.4305417E-01   8.8394337E+02   1.0785771E+00
   5.4668193E-01   8.5631460E+02   1.1083831E+00
   5.5033391E-01   8.2937842E+02   1.1390035E+00
   5.5401028E-01   8.0313614E+02   1.1704596E+00
   5.5771121E-01   7.7758811E+02   1.2027735E+00
   5.6143685E-01   7.5273379E+02   1.2359676E+00
   5.6518738E-01   7.2857172E+02   1.2700649E+00
   5.6896295E-01   7.0509956E+02   1.3050890E+00
   5.7276374E-01   6.8231415E+02   1.3410640E+00
   5.7658991E-01   6.6021153E+02   1.3780145E+00
   5.8044164E-01   6.3878693E+02   1.4159658E+00
   5.8431909E-01   6.1803489E+02   1.4549436E+00
   5.8822244E-01   5.9794920E+02   1.4949744E+00
   5.9215185E-01   5.7852300E+02   1.5360850E+00
   5.9610751E-01   5.5974880E+02   1.5783030E+00
   6.0008959E-01   5.4161849E+02   1.6216566E+00
   6.0409827E-01   5.2412338E+02   1.6661745E+00
   6.0813371E-01   5.0725424E+02   1.7118861E+00
   6.1219611E-01   4.9100133E+02   1.7588216E+00
   6.1628564E-01   4.7535441E+02   1.8070113E+00
   6.2040248E-01   4.6030279E+02   1.8564868E+00
   6.2454681E-01   4.4583533E+02   1.9072798E+00
   6.2871883E-01   4.3194051E+02   1.9594229E+00
   6.3291870E-01   4.1860640E+02   2.0129494E+00
   6.3714663E-01   4.0582074E+02   2.0678931E+00
   6.4140279E-01   3.9357094E+02   2.1242885E+00
   6.4568738E-01   3.8184412E+02   2.1821709E+00
   6.5000059E-01   3.7062713E+02   2.2415760E+00
   6.5434260E-01   3.5990657E+02   2.3025403E+00
   6.5871361E-01   3.4966885E+02   2.3651011E+00
   6.6311381E-01   3.3990018E+02   2.4292961E+00
   6.6754340E-01   3.3058663E+02   2.4951638E+00
   6.7200257E-01   3.2171413E+02   2.5627433E+00
   6.7649152E-01   3.1326852E+02   2.6320745E+00
   6.8101046E-01   3.0523558E+02   2.7031977E+00
   6.8555957E-01   2.9760102E+02   2.7761540E+00
   6.9013907E-01   2.9035056E+02   2.8509850E+00
   6.9474915E-01   2.8346991E+02   2.9277332E+00
   6.9939002E-01   2.7694482E+02   3.0064413E+00
   7.0406189E-01   2.7076110E+02   3.0871528E+00
   7.0876495E-01   2.6490464E+02   3.1699120E+00
   7.1349943E-01   2.5936144E+02   3.2547633E+00
   7.1826553E-01   2.5411762E+02   3.3417519E+00
   7.2306345E-01   2.4915944E+02   3.4309236E+00
   7.2789343E-01   2.4447336E+02   3.5223246E+00
   7.3275565E-01   2.4004598E+02   3.6160014E+00
   7.3765036E-01   2.3586415E+02   3.7120012E+00
   7.4257775E-01   2.3191492E+02   3.8103716E+00
   7.4753805E-01   2.2818559E+02   3.9111603E+00
   7.5253148E-01   2.2466369E+02   4.0144156E+00
   7.5755826E-01   2.2133706E+02   4.1201861E+00
   7.6261861E-01   2.1819380E+02   4.2285205E+00
   7.6771275E-01   2.1522229E+02   4.3394678E+00
   7.7284092E-01   2.1241123E+02   4.4530771E+00
   7.7800334E-01   2.0974965E+02   4.5693978E+00
   7.8320023E-01   2.0722689E+02   4.6884790E+00
   7.8843184E-01   2.0483262E+02   4.8103701E+00
   7.9369838E-01   2.0255685E+02   4.9351203E+00
   7.9900010E-01   2.0038994E+02   5.0627785E+00
   8.0433722E-01   1.9832261E+02   5.1933937E+00
   8.0970999E-01   1.9634592E+02   5.3270144E+00
   8.1511864E-01   1.9445129E+02   5.4636885E+00
   8.2056342E-01   1.9263052E+02   5.6034637E+00
   8.2604456E-01   1.9087574E+02   5.7463871E+00
   8.3156230E-01   1.8917947E+02   5.8925050E+00
   8.3711690E-01   1.8753457E+02   6.0418629E+00
   8.4270859E-01   1.8593428E+02   6.1945053E+00
   8.4833763E-01   1.8437218E+02   6.3504760E+00
   8.5400427E-01   1.8284222E+02   6.5098173E+00
   8.5970874E-01   1.8133868E+02   6.6725703E+00
   8.6545132E-01   1.7985623E+02   6.8387746E+00
   8.7123225E-01   1.7838983E+02   7.0084683E+00
   8.7705179E-01   1.7693481E+02   7.1816878E+00
   8.8291019E-01   1.7548681E+02   7.3584673E+00
   8.8880772E-01   1.7404182E+02   7.5388392E+00
   8.9474464E-01   1.7259613E+02   7.7228335E+00
   9.0072121E-01   1.7114632E+02   7.9104776E+00
   9.0673769E-01   1.6968931E+02   8.1017963E+00
   9.1279436E-01   1.6822228E+02   8.2968118E+00
   9.1889148E-01   1.6674271E+02   8.4955427E+00
   9.2502931E-01   1.6524834E+02   8.6980045E+00
   9.3120814E-01   1.6373719E+02   8.9042092E+00
   9.3742824E-01   1.6220752E+02   9.1141649E+00
   9.4368987E-01   1.6065784E+02   9.3278755E+00
   9.4999333E-01   1.5908691E+02   9.5453406E+00
   9.5633889E-01   1.5749368E+02   9.7665552E+00
   9.6272682E-01   1.5587735E+02   9.9915095E+00
   9.6915742E-01   1.5423730E+02   1.0220188E+01
   9.7563096E-01   1.5257311E+02   1.0452570E+01
   9.8214774E-01   1.5088455E+02   1.0688629E+01
   9.8870804E-01   1.4917155E+02   1.0928333E+01
   9.9531216E-01   1.4743422E+02   1.1171641E+01
   1.0019604E+00   1.4567281E+02   1.1418508E+01
   1.0086530E+00   1.4388771E+02   1.1668879E+01
   1.0153903E+00   1.4207945E+02   1.1922694E+01
   1.0221726E+00   1.4024869E+02   1.2179883E+01
   1.0290003E+00   1.3839618E+02   1.2440369E+01
   1.0358735E+00   1.3652279E+02   1.2704065E+01
   1.0427926E+00   1.3462949E+02   1.2970876E+01
   1.0497579E+00   1.3271733E+02   1.3240695E+01
   1.0567698E+00   1.3078744E+02   1.3513407E+01
   1.0638284E+00   1.2884100E+02   1.3788886E+01
   1.0709343E+00   1.2687928E+02   1.4066995E+01
   1.0780875E+00   1.2490359E+02   1.4347585E+01
   1.0852886E+00   1.2291528E+02   1.4630497E+01
   1.0925377E+00   1.2091575E+02   1.4915556E+01
   1.0998353E+00   1.1890643E+02   1.5202578E+01
   1.1071816E+00   1.1688876E+02   1.5491365E+01
   1.1145769E+00   1.1486421E+02   1.5781702E+01
   1.1220217E+00   1.1283427E+02   1.6073365E+01
   1.1295162E+00   1.1080042E+02   1.6366112E+01
   1.1370607E+00   1.0876416E+02   1.6659686E+01
   1.1446556E+00   1.0672696E+02   1.6953817E+01
   1.1523012E+00   1.0469032E+02   1.7248218E+01
   1.1599979E+00   1.0265569E+02   1.7542584E+01
   1.1677460E+00   1.0062452E+02   1.7836596E+01
   1.1755459E+00   9.8598239E+01   1.8129918E+01
   1.1833978E+00   9.6578246E+01   1.8422195E+01
   1.1913022E+00   9.4565916E+01   1.8713055E+01
   1.1992594E+00   9.2562592E+01   1.9002110E+01
   1.2072697E+00   9.0569582E+01   1.9288953E+01
   1.2153335E+00   8.8588160E+01   1.9573158E+01
   1.2234512E+00   8.6619559E+01   1.9854282E+01
   1.2316231E+00   8.4664971E+01   2.0131864E+01
   1.2398495E+00   8.2725550E+01   2.0405424E+01
   1.2481309E+00   8.0802399E+01   2.0674464E+01
   1.2564676E+00   7.8896583E+01   2.0938468E+01
   1.2648600E+00   7.7009114E+01   2.1196903E+01
   1.2733084E+00   7.5140962E+01   2.1449218E+01
   1.2818133E+00   7.3293045E+01   2.1694846E+01
   1.2903750E+00   7.1466234E+01   2.1933201E+01
   1.2989938E+00   6.9661352E+01   2.2163685E+01
   1.3076702E+00   6.7879171E+01   2.2385682E+01
   1.3164046E+00   6.6120414E+01   2.2598563E+01
   1.3251972E+00   6.4385756E+01   2.2801687E+01
   1.3340487E+00   6.2675821E+01   2.2994400E+01
   1.3429592E+00   6.0991187E+01   2.3176038E+01
   1.3519292E+00   5.9332383E+01   2.3345928E+01
   1.3609592E+00   5.7699889E+01   2.3503390E+01
   1.3700494E+00   5.6094139E+01   2.3647740E+01
   1.3792004E+00   5.4515523E+01   2.3778288E+01
   1.3884124E+00   5.2964383E+01   2.3894346E+01
   1.3976860E+00   5.1441019E+01   2.3995228E+01
   1.4070216E+00   4.9945686E+01   2.4080251E+01
   1.4164195E+00   4.8478599E+01   2.4148741E+01
   1.4258801E+00   4.7039931E+01   2.4200035E+01
   1.4354039E+00   4.5629814E+01   2.4233483E+01
   1.4449914E+00   4.4248345E+01   2.4248456E+01
   1.4546428E+00   4.2895581E+01   2.4244347E+01
   1.4643588E+00   4.1571544E+01   2.4220574E+01
   1.4741396E+00   4.0276222E+01   2.4176590E+01
   1.4839857E+00   3.9009569E+01   2.4111881E+01
   1.4938976E+00   3.7771509E+01   2.4025979E+01
   1.5038757E+00   3.6561934E+01   2.3918460E+01
   1.5139205E+00   3.5380707E+01   2.3788953E+01
   1.5240323E+00   3.4227666E+01   2.3637150E+01
   1.5342116E+00   3.3102619E+01   2.3462803E+01
   1.5444590E+00   3.2005352E+01   2.3265740E+01
   1.5547748E+00   3.0935627E+01   2.3045865E+01
   1.5651594E+00   2.9893184E+01   2.2803168E+01
   1.5756135E+00   2.8877742E+01   2.2537729E+01
   1.5861373E+00   2.7889003E+01   2.2249729E+01
   1.5967314E+00   2.6926647E+01   2.1939451E+01
   1.6073963E+00   2.5990340E+01   2.1607291E+01
   1.6181324E+00   2.5079732E+01   2.1253765E+01
   1.6289403E+00   2.4194460E+01   2.0879509E+01
   1.6398203E+00   2.3334145E+01   2.0485290E+01
   1.6507729E+00   2.2498400E+01   2.0072008E+01
   1.6617987E+00   2.1686824E+01   1.9640702E+01
   1.6728982E+00   2.0899008E+01   1.9192551E+01
   1.6840718E+00   2.0134535E+01   1.8728874E+01
   1.6953200E+00   1.9392980E+01   1.8251135E+01
   1.7066433E+00   1.8673910E+01   1.7760935E+01
   1.7180422E+00   1.7976888E+01   1.7260014E+01
   1.7295173E+00   1.7301474E+01   1.6750237E+01
   1.7410690E+00   1.6647221E+01   1.6233591E+01
   1.7526979E+00   1.6013682E+01   1.5712168E+01
   1.7644044E+00   1.5400405E+01   1.5188148E+01
   1.7761892E+00   1.4806940E+01   1.4663775E+01
   1.7880526E+00   1.4232834E+01   1.4141333E+01
   1.7999952E+00   1.3677635E+01   1.3623107E+01
   1.8120176E+00   1.3140893E+01   1.3111347E+01
   1.8241203E+00   1.2622157E+01   1.2608211E+01
   1.8363039E+00   1.2120979E+01   1.2115712E+01
   1.8485688E+00   1.1636916E+01   1.1635648E+01
   1.8609156E+00   1.1169525E+01   1.1169513E+01
   1.8733449E+00   1.0718367E+01   1.0718412E+01
   1.8858572E+00   1.0283009E+01   1.0282942E+01
   1.8984530E+00   9.8630209E+00   9.8630657E+00
   1.9111330E+00   9.4579782E+00   9.4579782E+00
   1.9238977E+00   9.0674612E+00   9.0674612E+00
   1.9367476E+00   8.6910562E+00   8.6910562E+00
   1.9496833E+00   8.3283552E+00   8.3283552E+00
   1.9627055E+00   7.9789565E+00   7.9789565E+00
   1.9758145E+00   7.6424647E+00   7.6424647E+00
   1.9890112E+00   7.3184913E+00   7.3184913E+00
   2.0022960E+00   7.0066546E+00   7.0066546E+00
   2.0156695E+00   6.7065798E+00   6.7065798E+00
   2.0291323E+00   6.4178995E+00   6.4178995E+00
   2.0426851E+00   6.1402535E+00   6.1402535E+00
   2.0563283E+00   5.8732892E+00   5.8732892E+00
   2.0700627E+00   5.6166614E+00   5.6166614E+00
   2.0838888E+00   5.3700326E+00   5.3700326E+00
   2.0978072E+00   5.1330728E+00   5.1330728E+00
   2.1118186E+00   4.9054600E+00   4.9054600E+00
   2.1259236E+00   4.6868795E+00   4.6868795E+00
   2.1401227E+00   4.4770247E+00   4.4770247E+00
   2.1544168E+00   4.2755965E+00   4.2755965E+00
   2.1688062E+00   4.0823035E+00   4.0823035E+00
   2.1832918E+00   3.8968619E+00   3.8968619E+00
   2.1978741E+00   3.7189955E+00   3.7189955E+00
   2.2125538E+00   3.5484357E+00   3.5484357E+00
   2.2273316E+00   3.3849212E+00   3.3849212E+00
   2.2422080E+00   3.2281982E+00   3.2281982E+00
   2.2571838E+00   3.0780201E+00   3.0780201E+00
   2.2722596E+00   2.9341475E+00   2.9341475E+00
   2.2874361E+00   2.7963480E+00   2.7963480E+00
   2.3027140E+00   2.6643963E+00   2.6643963E+00
   2.3180939E+00   2.5380737E+00   2.5380737E+00
   2.3335765E+00   2.4171686E+00   2.4171686E+00
   2.3491625E+00   2.3014756E+00   2.3014756E+00
   2.3648526E+00   2.1907960E+00   2.1907960E+00
   2.3806475E+00   2.0849373E+00   2.0849373E+00
   2.3965479E+00   1.9837135E+00   1.9837135E+00
   2.4125544E+00   1.8869442E+00   1.8869442E+00
   2.4286679E+00   1.7944553E+00   1.7944553E+00
   2.4448890E+00   1.7060783E+00   1.7060783E+00
   2.4612184E+00   1.6216505E+00   1.6216505E+00
   2.4776569E+00   1.5410146E+00   1.5410146E+00
   2.4942052E+00   1.4640187E+00   1.4640187E+00
   2.5108640E+00   1.3905162E+00   1.3905162E+00
   2.5276340E+00   1.3203654E+00   1.3203654E+00
   2.5445161E+00   1.2534298E+00   1.2534298E+00
   2.5615109E+00   1.1895776E+00   1.1895776E+00
   2.5786192E+00   1.1286818E+00   1.1286818E+00
   2.5958418E+00   1.0706197E+00   1.0706197E+00
   2.6131793E+00   1.0152734E+00   1.0152734E+00
   2.6306327E+00   9.6252892E-01   9.6252892E-01
   2.6482027E+00   9.1227672E-01   9.1227672E-01
   2.6658900E+00   8.6441119E-01   8.6441119E-01
   2.6836954E+00   8.1883066E-01   8.1883066E-01
   2.7016197E+00   7.7543727E-01   7.7543727E-01
   2.7196637E+00   7.3413682E-01   7.3413682E-01
   2.7378283E+00   6.9483870E-01   6.9483870E-01
   2.7561142E+00   6.5745575E-01   6.5745575E-01
   2.7745222E+00   6.2190413E-01   6.2190413E-01
   2.7930531E+00   5.8810326E-01   5.8810326E-01
   2.8117078E+00   5.5597568E-01   5.5597568E-01
   2.8304871E+00   5.2544694E-01   5.2544694E-01
   2.8493918E+00   4.9644554E-01   4.9644554E-01
   2.8684227E+00   4.6890277E-01   4.6890277E-01
   2.8875808E+00   4.4275269E-01   4.4275269E-01
   2.9068668E+00   4.1793197E-01   4.1793197E-01
   2.9262816E+00   3.9437983E-01   3.9437983E-01
   2.9458261E+00   3.7203795E-01   3.7203795E-01
   2.9655011E+00   3.5085038E-01   3.5085038E-01
   2.9853075E+00   3.3076346E-01   3.3076346E-01
   3.0052462E+00   3.1172574E-01   3.1172574E-01
   3.0253180E+00   2.9368789E-01   2.9368789E-01
   3.0455239E+00   2.7660266E-01   2.7660266E-01
   3.0658648E+00   2.6042473E-01   2.6042473E-01
   3.0863415E+00   2.4511073E-01   2.4511073E-01
   3.1069550E+00   2.3061911E-01   2.3061911E-01
   3.1277061E+00   2.1691010E-01   2.1691010E-01
   3.1485958E+00   2.0394561E-01   2.0394561E-01
   3.1696251E+00   1.9168921E-01   1.9168921E-01
   3.1907947E+00   1.8010605E-01   1.8010605E-01
   3.2121058E+00   1.6916280E-01   1.6916280E-01
   3.2335592E+00   1.5882758E-01   1.5882758E-01
   3.2551559E+00   1.4906993E-01   1.4906993E-01
   3.2768968E+00   1.3986073E-01   1.3986073E-01
   3.2987829E+00   1.3117218E-01   1.3117218E-01
   3.3208152E+00   1.2297772E-01   1.2297772E-01
   3.3429946E+00   1.1525198E-01   1.1525198E-01
   3.3653222E+00   1.0797075E-01   1.0797075E-01
   3.3877988E+00   1.0111095E-01   1.0111095E-01
   3.4104256E+00   9.4650535E-02   9.4650535E-02
   3.4332035E+00   8.8568497E-02   8.8568497E-02
   3.4561335E+00   8.2844807E-02   8.2844807E-02
   3.4792167E+00   7.7460376E-02   7.7460376E-02
   3.5024540E+00   7.2397017E-02   7.2397017E-02
   3.5258466E+00   6.7637411E-02   6.7637411E-02
   3.5493953E+00   6.3165067E-02   6.3165067E-02
   3.5731014E+00   5.8964290E-02   5.8964290E-02
   3.5969657E+00   5.5020148E-02   5.5020148E-02
   3.6209895E+00   5.1318437E-02   5.1318437E-02
   3.6451736E+00   4.7845654E-02   4.7845654E-02
   3.6695193E+00   4.4588964E-02   4.4588964E-02
   3.6940276E+00   4.1536173E-02   4.1536173E-02
   3.7186996E+00   3.8675700E-02   3.8675700E-02
   3.7435364E+00   3.5996549E-02   3.5996549E-02
   3.7685390E+00   3.3488285E-02   3.3488285E-02
   3.7937086E+00   3.1141007E-02   3.1141007E-02
   3.8190463E+00   2.8945328E-02   2.8945328E-02
   3.8445533E+00   2.6892347E-02   2.6892347E-02
   3.8702305E+00   2.4973630E-02   2.4973630E-02
   3.8960793E+00   2.3181190E-02   2.3181190E-02
   3.9221007E+00   2.1507463E-02   2.1507463E-02
   3.9482959E+00   1.9945289E-02   1.9945289E-02
   3.9746661E+00   1.8487896E-02   1.8487896E-02
   4.0012123E+00   1.7128879E-02   1.7128879E-02
   4.0279359E+00   1.5862184E-02   1.5862184E-02
   4.0548379E+00   1.4682091E-02   1.4682091E-02
   4.0819196E+00   1.3583197E-02   1.3583197E-02
   4.1091822E+00   1.2560401E-02   1.2560401E-02
   4.1366269E+00   1.1608890E-02   1.1608890E-02
   4.1642548E+00   1.0724125E-02   1.0724125E-02
   4.1920673E+00   9.9018243E-03   9.9018243E-03
   4.2200655E+00   9.1379556E-03   9.1379556E-03
   4.2482507E+00   8.4287192E-03   8.4287192E-03
   4.2766241E+00   7.7705382E-03   7.7705382E-03
   4.3051870E+00   7.1600464E-03   7.1600464E-03
   4.3339407E+00   6.5940773E-03   6.5940773E-03
   4.3628864E+00   6.0696541E-03   6.0696541E-03
   4.3920255E+00   5.5839795E-03   5.5839795E-03
   4.4213592E+00   5.1344260E-03   5.1344260E-03
   4.4508887E+00   4.7185271E-03   4.7185271E-03
   4.4806155E+00   4.3339682E-03   4.3339682E-03
   4.5105408E+00   3.9785787E-03   3.9785787E-03
   4.5406660E+00   3.6503242E-03   3.6503242E-03
   4.5709924E+00   3.3472983E-03   3.3472983E-03
   4.6015213E+00   3.0677161E-03   3.0677161E-03
   4.6322541E+00   2.8099070E-03   2.8099070E-03
   4.6631922E+00   2.5723085E-03   2.5723085E-03
   4.6943368E+00   2.3534598E-03   2.3534598E-03
   4.7256895E+00   2.1519957E-03   2.1519957E-03
   4.7572516E+00   1.9666415E-03   1.9666415E-03
   4.7890245E+00   1.7962075E-03   1.7962075E-03
   4.8210095E+00   1.6395838E-03   1.6395838E-03
   4.8532082E+00   1.4957356E-03   1.4957356E-03
   4.8856220E+00   1.3636989E-03   1.3636989E-03
   4.9182522E+00   1.2425759E-03   1.2425759E-03
   4.9511003E+00   1.1315310E-03   1.1315310E-03
   4.9841678E+00   1.0297870E-03   1.0297870E-03
   5.0174562E+00   9.3662149E-04   9.3662149E-04
   5.0509669E+00   8.5136337E-04   8.5136337E-04
   5.0847014E+00   7.7338949E-04   7.7338949E-04
   5.1186612E+00   7.0212169E-04   7.0212169E-04
   5.1528478E+00   6.3702383E-04   6.3702383E-04
   5.1872627E+00   5.7759909E-04   5.7759909E-04
   5.2219074E+00   5.2338733E-04   5.2338733E-04
   5.2567836E+00   4.7396268E-04   4.7396268E-04
   5.2918926E+00   4.2893125E-04   4.2893125E-04
   5.3272362E+00   3.8792894E-04   3.8792894E-04
   5.3628158E+00   3.5061942E-04   3.5061942E-04
   5.3986330E+00   3.1669223E-04   3.1669223E-04
   5.4346894E+00   2.8586096E-04   2.8586096E-04
   5.4709867E+00   2.5786156E-04   2.5786156E-04
   5.5075263E+00   2.3245079E-04   2.3245079E-04
   5.5443100E+00   2.0940470E-04   2.0940470E-04
   5.5813394E+00   1.8851726E-04   1.8851726E-04
   5.6186160E+00   1.6959905E-04   1.6959905E-04
   5.6561416E+00   1.5247603E-04   1.5247603E-04
   5.6939179E+00   1.3698845E-04   1.3698845E-04
   5.7319464E+00   1.2298969E-04   1.2298969E-04
   5.7702289E+00   1.1034539E-04   1.1034539E-04
   5.8087671E+00   9.8932410E-05   9.8932410E-05
   5.8475627E+00   8.8638035E-05   8.8638035E-05
   5.8866174E+00   7.9359147E-05   7.9359147E-05
   5.9259329E+00   7.1001477E-05   7.1001477E-05
   5.9655109E+00   6.3478910E-05   6.3478910E-05
   6.0053533E+00   5.6712835E-05   5.6712835E-05
   6.0454618E+00   5.0631547E-05   5.0631547E-05
   6.0858382E+00   4.5169686E-05   4.5169686E-05
   6.1264842E+00   4.0267721E-05   4.0267721E-05
   6.1674017E+00   3.5871471E-05   3.5871471E-05
   6.2085925E+00   3.1931659E-05   3.1931659E-05
   6.2500583E+00   2.8403506E-05   2.8403506E-05
   6.2918011E+00   2.5246346E-05   2.5246346E-05
   6.3338227E+00   2.2423283E-05   2.2423283E-05
   6.3761249E+00   1.9900859E-05   1.9900859E-05
   6.4187097E+00   1.7648764E-05   1.7648764E-05
   6.4615788E+00   1.5639558E-05   1.5639558E-05
   6.5047343E+00   1.3848418E-05   1.3848418E-05
   6.5481780E+00   1.2252907E-05   1.2252907E-05
   6.5919118E+00   1.0832762E-05   1.0832762E-05
   6.6359377E+00   9.5696931E-06   9.5696931E-06
   6.6802577E+00   8.4472101E-06   8.4472101E-06
   6.7248736E+00   7.4504534E-06   7.4504534E-06
   6.7697875E+00   6.5660450E-06   6.5660450E-06
   6.8150014E+00   5.7819502E-06   5.7819502E-06
   6.8605173E+00   5.0873513E-06   5.0873513E-06
   6.9063371E+00   4.4725329E-06   4.4725329E-06
   6.9524629E+00   3.9287760E-06   3.9287760E-06
   6.9988968E+00   3.4482628E-06   3.4482628E-06
   7.0456409E+00   3.0239894E-06   3.0239894E-06
   7.0926971E+00   2.6496857E-06   2.6496857E-06
   7.1400675E+00   2.3197438E-06   2.3197438E-06
   7.1877544E+00   2.0291521E-06   2.0291521E-06
   7.2357597E+00   1.7734353E-06   1.7734353E-06
   7.2840857E+00   1.5486012E-06   1.5486012E-06
   7.3327343E+00   1.3510909E-06   1.3510909E-06
   7.3817079E+00   1.1777346E-06   1.1777346E-06
   7.4310086E+00   1.0257120E-06   1.0257120E-06
   7.4806386E+00   8.9251546E-07   8.9251546E-07
   7.5306000E+00   7.7591732E-07   7.7591732E-07
   7.5808950E+00   6.7394067E-07   6.7394067E-07
   7.6315260E+00   5.8483248E-07   5.8483248E-07
   7.6824951E+00   5.0703969E-07   5.0703969E-07
   7.7338047E+00   4.3918766E-07   4.3918766E-07
   7.7854569E+00   3.8006073E-07   3.8006073E-07
   7.8374540E+00   3.2858487E-07   3.2858487E-07
   7.8897985E+00   2.8381203E-07   2.8381203E-07
   7.9424925E+00   2.4490612E-07   2.4490612E-07
   7.9955385E+00   2.1113052E-07   2.1113052E-07
   8.0489387E+00   1.8183683E-07   1.8183683E-07
   8.1026956E+00   1.5645485E-07   1.5645485E-07
   8.1568115E+00   1.3448364E-07   1.3448364E-07
   8.2112888E+00   1.1548350E-07   1.1548350E-07
   8.2661299E+00   9.9068902E-08   9.9068902E-08
   8.3213374E+00   8.4902117E-08   8.4902117E-08
   8.3769135E+00   7.2687589E-08   7.2687589E-08
   8.4328608E+00   6.2166924E-08   6.2166924E-08
   8.4891817E+00   5.3114446E-08   5.3114446E-08
   8.5458788E+00   4.5333251E-08   4.5333251E-08
   8.6029546E+00   3.8651715E-08   3.8651715E-08
   8.6604115E+00   3.2920401E-08   3.2920401E-08
   8.7182522E+00   2.8009326E-08   2.8009326E-08
   8.7764792E+00   2.3805543E-08   2.3805543E-08
   8.8350951E+00   2.0211016E-08   2.0211016E-08
   8.8941024E+00   1.7140739E-08   1.7140739E-08
   8.9535038E+00   1.4521080E-08   1.4521080E-08
   9.0133020E+00   1.2288334E-08   1.2288334E-08
   9.0734995E+00   1.0387439E-08   1.0387439E-08
   9.1340990E+00   8.7708553E-09   8.7708553E-09
   9.1951033E+00   7.3975870E-09   7.3975870E-09
   9.2565150E+00   6.2323167E-09   6.2323167E-09
   9.3183368E+00   5.2446544E-09   5.2446544E-09
   9.3805716E+00   4.4084789E-09   4.4084789E-09
   9.4432219E+00   3.7013639E-09   3.7013639E-09
   9.5062907E+00   3.1040773E-09   3.1040773E-09
   9.5697807E+00   2.6001449E-09   2.6001449E-09
   9.6336948E+00   2.1754717E-09   2.1754717E-09
   9.6980356E+00   1.8180119E-09   1.8180119E-09
   9.7628063E+00   1.5174833E-09   1.5174833E-09
   9.8280094E+00   1.2651197E-09   1.2651197E-09
   9.8936481E+00   1.0534556E-09   1.0534556E-09
   9.9597251E+00   8.7614167E-10   8.7614167E-10
   1.0026243E+01   7.2778376E-10   7.2778376E-10
   1.0093206E+01   6.0380511E-10   6.0380511E-10
   1.0160616E+01   5.0032712E-10   5.0032712E-10
   1.0228476E+01   4.1406696E-10   4.1406696E-10
   1.0296789E+01   3.4224947E-10   3.4224947E-10
   1.0365559E+01   2.8253164E-10   2.8253164E-10
   1.0434787E+01   2.3293773E-10   2.3293773E-10
   1.0504478E+01   1.9180390E-10   1.9180390E-10
   1.0574635E+01   1.5773068E-10   1.5773068E-10
   1.0645260E+01   1.2954254E-10   1.2954254E-10
   1.0716357E+01   1.0625330E-10   1.0625330E-10
   1.0787928E+01   8.7036724E-11   8.7036724E-11
   1.0859978E+01   7.1201475E-11   7.1201475E-11
   1.0932509E+01   5.8169861E-11   5.8169861E-11
   1.1005524E+01   4.7459797E-11   4.7459797E-11
   1.1079027E+01   3.8669517E-11   3.8669517E-11
   1.1153021E+01   3.1464643E-11   3.1464643E-11
   1.1227509E+01   2.5567262E-11   2.5567262E-11
   1.1302494E+01   2.0746704E-11   2.0746704E-11
   1.1377980E+01   1.6811777E-11   1.6811777E-11
   1.1453970E+01   1.3604225E-11   1.3604225E-11
   1.1530468E+01   1.0993241E-11   1.0993241E-11
   1.1607477E+01   8.8708549E-12   8.8708549E-12
   1.1685000E+01   7.1480737E-12   7.1480737E-12
   1.1763041E+01   5.7516489E-12   5.7516489E-12
   1.1841603E+01   4.6213778E-12   4.6213778E-12
   1.1920690E+01   3.7078511E-12   3.7078511E-12
   1.2000305E+01   2.9705763E-12   2.9705763E-12
   1.2080451E+01   2.3764170E-12   2.3764170E-12
   1.2161133E+01   1.8982960E-12   1.8982960E-12
   1.2242354E+01   1.5141204E-12   1.5141204E-12
   1.2324117E+01   1.2058906E-12   1.2058906E-12
   1.2406426E+01   9.5896369E-13   9.5896369E-13
   1.2489285E+01   7.6144570E-13   7.6144570E-13
   1.2572698E+01   6.0368996E-13   6.0368996E-13
   1.2656667E+01   4.7788445E-13   4.7788445E-13
   1.2741197E+01   3.7771257E-13   3.7771257E-13
   1.2826292E+01   2.9807475E-13   2.9807475E-13
   1.2911955E+01   2.3486038E-13   2.3486038E-13
   1.2998191E+01   1.8476118E-13   1.8476118E-13
   1.3085002E+01   1.4511878E-13   1.4511878E-13
   1.3172393E+01   1.1380045E-13   1.1380045E-13
   1.3260367E+01   8.9097848E-14   8.9097848E-14
   1.3348929E+01   6.9644821E-14   6.9644821E-14
   1.3438083E+01   5.4350584E-14   5.4350584E-14
   1.3527832E+01   4.2345646E-14   4.2345646E-14
   1.3618181E+01   3.2938044E-14   3.2938044E-14
   1.3709132E+01   2.5578006E-14   2.5578006E-14
   1.3800692E+01   1.9829449E-14   1.9829449E-14
   1.3892862E+01   1.5347053E-14   1.5347053E-14
   1.3985649E+01   1.1857821E-14   1.1857821E-14
   1.4079055E+01   9.1463023E-15   9.1463023E-15
   1.4173085E+01   7.0427474E-15   7.0427474E-15
   1.4267743E+01   5.4136439E-15   5.4136439E-15
   1.4363033E+01   4.1541614E-15   4.1541614E-15
   1.4458959E+01   3.1821319E-15   3.1821319E-15
   1.4555526E+01   2.4332635E-15   2.4332635E-15
   1.4652738E+01   1.8573392E-15   1.8573392E-15
   1.4750599E+01   1.4152050E-15   1.4152050E-15
   1.4849114E+01   1.0763871E-15   1.0763871E-15
   1.4948287E+01   8.1720949E-16   8.1720949E-16
   1.5048122E+01   6.1931128E-16   6.1931128E-16
   1.5148624E+01   4.6847890E-16   4.6847890E-16
   1.5249797E+01   3.5372950E-16   3.5372950E-16
   1.5351646E+01   2.6659220E-16   2.6659220E-16
   1.5454175E+01   2.0054563E-16   2.0054563E-16
   1.5557389E+01   1.5057859E-16   1.5057859E-16
   1.5661292E+01   1.1284754E-16   1.1284754E-16
   1.5765889E+01   8.4410089E-17   8.4410089E-17
   1.5871185E+01   6.3017995E-17   6.3017995E-17
   1.5977184E+01   4.6956663E-17   4.6956663E-17
   1.6083891E+01   3.4921007E-17   3.4921007E-17
   1.6191310E+01   2.5919558E-17   2.5919558E-17
   1.6299447E+01   1.9200568E-17   1.9200568E-17
   1.6408306E+01   1.4195169E-17   1.4195169E-17
   1.6517892E+01   1.0473729E-17   1.0473729E-17
   1.6628210E+01   7.7124191E-18   7.7124191E-18
   1.6739265E+01   5.6676453E-18   5.6676453E-18
   1.6851061E+01   4.1565367E-18   4.1565367E-18
   1.6963604E+01   3.0420869E-18   3.0420869E-18
   1.7076899E+01   2.2218603E-18   2.2218603E-18
   1.7190950E+01   1.6194258E-18   1.6194258E-18
   1.7305764E+01   1.1778732E-18   1.1778732E-18
   1.7421343E+01   8.5491540E-19   8.5491540E-19
   1.7537695E+01   6.1919696E-19   6.1919696E-19
   1.7654824E+01   4.4751687E-19   4.4751687E-19
   1.7772735E+01   3.2274445E-19   3.2274445E-19
   1.7891434E+01   2.3225801E-19   2.3225801E-19
   1.8010925E+01   1.6677806E-19   1.6677806E-19
   1.8131215E+01   1.1949704E-19   1.1949704E-19
   1.8252307E+01   8.5431700E-20   8.5431700E-20
   1.8374209E+01   6.0942213E-20   6.0942213E-20
   1.8496925E+01   4.3375874E-20   4.3375874E-20
   1.8620460E+01   3.0803682E-20   3.0803682E-20
   1.8744820E+01   2.1826036E-20   2.1826036E-20
   1.8870011E+01   1.5429733E-20   1.5429733E-20
   1.8996038E+01   1.0882950E-20   1.0882950E-20
   1.9122907E+01   7.6583086E-21   7.6583086E-21
   1.9250623E+01   5.3766334E-21   5.3766334E-21
   1.9379191E+01   3.7659327E-21   3.7659327E-21
   1.9508619E+01   2.6315551E-21   2.6315551E-21
   1.9638911E+01   1.8345236E-21   1.8345236E-21
   1.9770073E+01   1.2758458E-21   1.2758458E-21
   1.9902111E+01   8.8517717E-22   8.8517717E-22
   2.0035031E+01   6.1264985E-22   6.1264985E-22
   2.0168839E+01   4.2299725E-22   4.2299725E-22
   2.0303540E+01   2.9133910E-22   2.9133910E-22
   2.0439141E+01   2.0016535E-22   2.0016535E-22
   2.0575648E+01   1.3718313E-22   1.3718313E-22
   2.0713066E+01   9.3783622E-23   9.3783622E-23
   2.0851402E+01   6.3952937E-23   6.3952937E-23
   2.0990662E+01   4.3500461E-23   4.3500461E-23
   2.1130852E+01   2.9513433E-23   2.9513433E-23
   2.1271979E+01   1.9972418E-23   1.9972418E-23
   2.1414047E+01   1.3480909E-23   1.3480909E-23
   2.1557065E+01   9.0756504E-24   9.0756504E-24
   2.1701038E+01   6.0939491E-24   6.0939491E-24
   2.1845972E+01   4.0810765E-24   4.0810765E-24
   2.1991875E+01   2.7258240E-24   2.7258240E-24
   2.2138751E+01   1.8157679E-24   1.8157679E-24
   2.2286609E+01   1.2062976E-24   1.2062976E-24
   2.2435454E+01   7.9923091E-25   7.9923091E-25
   2.2585293E+01   5.2808966E-25   5.2808966E-25
   2.2736133E+01   3.4797730E-25   3.4797730E-25
   2.2887981E+01   2.2866083E-25   2.2866083E-25
   2.3040842E+01   1.4983900E-25   1.4983900E-25
   2.3194725E+01   9.7913302E-26   9.7913302E-26
   2.3349635E+01   6.3801977E-26   6.3801977E-26
   2.3505580E+01   4.1456625E-26   4.1456625E-26
   2.3662566E+01   2.6860423E-26   2.6860423E-26
   2.3820601E+01   1.7353318E-26   1.7353318E-26
   2.3979691E+01   1.1178784E-26   1.1178784E-26
   2.4139844E+01   7.1802657E-27   7.1802657E-27
   2.4301066E+01   4.5984546E-27   4.5984546E-27
   2.4463365E+01   2.9362981E-27   2.9362981E-27
   2.4626748E+01   1.8693759E-27   1.8693759E-27
   2.4791222E+01   1.1865681E-27   1.1865681E-27
   2.4956794E+01   7.5089562E-28   7.5089562E-28
   2.5123473E+01   4.7374920E-28   4.7374920E-28
   2.5291264E+01   2.9798239E-28   2.9798239E-28
   2.5460177E+01   1.8685167E-28   1.8685167E-28
   2.5630217E+01   1.1680425E-28   1.1680425E-28
   2.5801393E+01   7.2789144E-29   7.2789144E-29
   2.5973712E+01   4.5218041E-29   4.5218041E-29
   2.6147182E+01   2.8001731E-29   2.8001731E-29
   2.6321811E+01   1.7285297E-29   1.7285297E-29
   2.6497606E+01   1.0636000E-29   1.0636000E-29
   2.6674574E+01   6.5234899E-30   6.5234899E-30
   2.6852725E+01   3.9881589E-30   3.9881589E-30
   2.7032066E+01   2.4302236E-30   2.4302236E-30
   2.7212604E+01   1.4760185E-30   1.4760185E-30
   2.7394348E+01   8.9351034E-31   8.9351034E-31
   2.7577306E+01   5.3908829E-31   5.3908829E-31
   2.7761486E+01   3.2416270E-31   3.2416270E-31
   2.7946896E+01   1.9426708E-31   1.9426708E-31
   2.8133544E+01   1.1602687E-31   1.1602687E-31
   2.8321439E+01   6.9060738E-32   6.9060738E-32
   2.8510589E+01   4.0964451E-32   4.0964451E-32
   2.8701002E+01   2.4214544E-32   2.4214544E-32
   2.8892686E+01   1.4263582E-32   1.4263582E-32
   2.9085651E+01   8.3724740E-33   8.3724740E-33
   2.9279905E+01   4.8971318E-33   4.8971318E-33
   2.9475456E+01   2.8541863E-33   2.8541863E-33
   2.9672313E+01   1.6575406E-33   1.6575406E-33
   2.9870484E+01   9.5912931E-34   9.5912931E-34
   3.0069979E+01   5.5298227E-34   5.5298227E-34
   3.0270807E+01   3.1765507E-34   3.1765507E-34
   3.0472976E+01   1.8180265E-34   1.8180265E-34
   3.0676495E+01   1.0366536E-34   1.0366536E-34
   3.0881373E+01   5.8890510E-35   5.8890510E-35
   3.1087620E+01   3.3329151E-35   3.3329151E-35
   3.1295244E+01   1.8791414E-35   1.8791414E-35
   3.1504254E+01   1.0554556E-35   1.0554556E-35
   3.1714661E+01   5.9054715E-36   5.9054715E-36
   3.1926472E+01   3.2914871E-36   3.2914871E-36
   3.2139699E+01   1.8274329E-36   1.8274329E-36
   3.2354349E+01   1.0106274E-36   1.0106274E-36
   3.2570433E+01   5.5671085E-37   5.5671085E-37
   3.2787960E+01   3.0545397E-37   3.0545397E-37
   3.3006940E+01   1.6692744E-37   1.6692744E-37
   3.3227383E+01   9.0858155E-38   9.0858155E-38
   3.3449298E+01   4.9254302E-38   4.9254302E-38
   3.3672694E+01   2.6592249E-38   2.6592249E-38
   3.3897583E+01   1.4298228E-38   1.4298228E-38
   3.4123974E+01   7.6562600E-39   7.6562600E-39
   3.4351877E+01   4.0826862E-39   4.0826862E-39
   3.4581301E+01   2.1679939E-39   2.1679939E-39
   3.4812258E+01   1.1464119E-39   1.1464119E-39
   3.5044758E+01   6.0364491E-40   6.0364491E-40
   3.5278810E+01   3.1649607E-40   3.1649607E-40
   3.5514426E+01   1.6522987E-40   1.6522987E-40
   3.5751615E+01   8.5887454E-41   8.5887454E-41
   3.5990388E+01   4.4450763E-41   4.4450763E-41
   3.6230756E+01   2.2904686E-41   2.2904686E-41
   3.6472729E+01   1.1750391E-41   1.1750391E-41
   3.6716318E+01   6.0013680E-42   6.0013680E-42
   3.6961534E+01   3.0514428E-42   3.0514428E-42
   3.7208388E+01   1.5445579E-42   1.5445579E-42
   3.7456890E+01   7.7827668E-43   7.7827668E-43
   3.7707052E+01   3.9037454E-43   3.9037454E-43
   3.7958885E+01   1.9490963E-43   1.9490963E-43
   3.8212400E+01   9.6867045E-44   9.6867045E-44
   3.8467608E+01   4.7917735E-44   4.7917735E-44
   3.8724520E+01   2.3592849E-44   2.3592849E-44
   3.8983148E+01   1.1561515E-44   1.1561515E-44
   3.9243504E+01   5.6387852E-45   5.6387852E-45
   3.9505598E+01   2.7370264E-45   2.7370264E-45
   3.9769442E+01   1.3221511E-45   1.3221511E-45
   4.0035049E+01   6.3559115E-46   6.3559115E-46
   4.0302430E+01   3.0405707E-46   3.0405707E-46
   4.0571596E+01   1.4474336E-46   1.4474336E-46
   4.0842560E+01   6.8563687E-47   6.8563687E-47
   4.1115334E+01   3.2316716E-47   3.2316716E-47
   4.1389930E+01   1.5155955E-47   1.5155955E-47
   4.1666359E+01   7.0720903E-48   7.0720903E-48
   4.1944635E+01   3.2832655E-48   3.2832655E-48
   4.2224769E+01   1.5165024E-48   1.5165024E-48
   4.2506774E+01   6.9685782E-49   6.9685782E-49
   4.2790662E+01   3.1856219E-49   3.1856219E-49
   4.3076447E+01   1.4486989E-49   1.4486989E-49
   4.3364140E+01   6.5536113E-50   6.5536113E-50
   4.3653754E+01   2.9490800E-50   2.9490800E-50
   4.3945303E+01   1.3200194E-50   1.3200194E-50
   4.4238799E+01   5.8768753E-51   5.8768753E-51
   4.4534255E+01   2.6023720E-51   2.6023720E-51
   4.4831684E+01   1.1461283E-51   1.1461283E-51
   4.5131100E+01   5.0202143E-52   5.0202143E-52
   4.5432515E+01   2.1868644E-52   2.1868644E-52
   4.5735943E+01   9.4735876E-53   9.4735876E-53
   4.6041398E+01   4.0811360E-53   4.0811360E-53
   4.6348893E+01   1.7482714E-53   1.7482714E-53
   4.6658442E+01   7.4469920E-54   7.4469920E-54
   4.6970058E+01   3.1541378E-54   3.1541378E-54
   4.7283755E+01   1.3282859E-54   1.3282859E-54
   4.7599547E+01   5.5615630E-55   5.5615630E-55
   4.7917448E+01   2.3151531E-55   2.3151531E-55
   4.8237473E+01   9.5812717E-56   9.5812717E-56
   4.8559634E+01   3.9419410E-56   3.9419410E-56
   4.8883948E+01   1.6122167E-56   1.6122167E-56
   4.9210427E+01   6.5545930E-57   6.5545930E-57
   4.9539087E+01   2.6488639E-57   2.6488639E-57
   4.9869942E+01   1.0640146E-57   1.0640146E-57
   5.0203006E+01   4.2480727E-58   4.2480727E-58
   5.0538295E+01   1.6856790E-58   1.6856790E-58
   5.0875823E+01   6.6478084E-59   6.6478084E-59
   5.1215605E+01   2.6054621E-59   2.6054621E-59
   5.1557657E+01   1.0147885E-59   1.0147885E-59
   5.1901993E+01   3.9276477E-60   3.9276477E-60
   5.2248629E+01   1.5105577E-60   1.5105577E-60
   5.2597579E+01   5.7725991E-61   5.7725991E-61
   5.2948861E+01   2.1918765E-61   2.1918765E-61
   5.3302488E+01   8.2689925E-62   8.2689925E-62
   5.3658477E+01   3.0992885E-62   3.0992885E-62
   5.4016844E+01   1.1540517E-62   1.1540517E-62
   5.4377604E+01   4.2689710E-63   4.2689710E-63
   5.4740774E+01   1.5686877E-63   1.5686877E-63
   5.5106368E+01   5.7259253E-64   5.7259253E-64
   5.5474405E+01   2.0760183E-64   2.0760183E-64
   5.5844900E+01   7.4760687E-65   7.4760687E-65
   5.6217869E+01   2.6739429E-65   2.6739429E-65
   5.6593329E+01   9.4983399E-66   9.4983399E-66
   5.6971296E+01   3.3507336E-66   3.3507336E-66
   5.7351788E+01   1.1738386E-66   1.1738386E-66
   5.7734821E+01   4.0835020E-67   4.0835020E-67
   5.8120412E+01   1.4105672E-67   1.4105672E-67
   5.8508578E+01   4.8380374E-68   4.8380374E-68
   5.8899337E+01   1.6475363E-68   1.6475363E-68
   5.9292706E+01   5.5702434E-69   5.5702434E-69
   5.9688701E+01   1.8696697E-69   1.8696697E-69
   6.0087342E+01   6.2299683E-70   6.2299683E-70
   6.0488644E+01   2.0607038E-70   2.0607038E-70
   6.0892627E+01   6.7660078E-71   6.7660078E-71
   6.1299308E+01   2.2050317E-71   2.2050317E-71
   6.1708705E+01   7.1324821E-72   7.1324821E-72
   6.2120837E+01   2.2897496E-72   2.2897496E-72
   6.2535720E+01   7.2951549E-73   7.2951549E-73
   6.2953375E+01   2.3065235E-73   2.3065235E-73
   6.3373819E+01   7.2366161E-74   7.2366161E-74
   6.3797071E+01   2.2529149E-74   2.2529149E-74
   6.4223150E+01   6.9592549E-75   6.9592549E-75
   6.4652074E+01   2.1328799E-75   2.1328799E-75
   6.5083863E+01   6.4853370E-76   6.4853370E-76
   6.5518536E+01   1.9563107E-76   1.9563107E-76
   6.5956112E+01   5.8540804E-77   5.8540804E-77
   6.6396610E+01   1.7376865E-77   1.7376865E-77
   6.6840050E+01   0.0000000E+00   0.0000000E+00
   6.7286452E+01   0.0000000E+00   0.0000000E+00
   6.7735835E+01   0.0000000E+00   0.0000000E+00
   6.8188219E+01   0.0000000E+00   0.0000000E+00
   6.8643625E+01   0.0000000E+00   0.0000000E+00
   6.9102072E+01   0.0000000E+00   0.0000000E+00
   6.9563581E+01   0.0000000E+00   0.0000000E+00
   7.0028172E+01   0.0000000E+00   0.0000000E+00
   7.0495866E+01   0.0000000E+00   0.0000000E+00
   7.0966683E+01   0.0000000E+00   0.0000000E+00
   7.1440645E+01   0.0000000E+00   0.0000000E+00
   7.1917773E+01   0.0000000E+00   0.0000000E+00
   7.2398087E+01   0.0000000E+00   0.0000000E+00
   7.2881609E+01   0.0000000E+00   0.0000000E+00
   7.3368360E+01   0.0000000E+00   0.0000000E+00
   7.3858362E+01   0.0000000E+00   0.0000000E+00
   7.4351636E+01   0.0000000E+00   0.0000000E+00
   7.4848205E+01   0.0000000E+00   0.0000000E+00
   7.5348090E+01   0.0000000E+00   0.0000000E+00
   7.5851314E+01   0.0000000E+00   0.0000000E+00
   7.6357899E+01   0.0000000E+00   0.0000000E+00
   7.6867867E+01   0.0000000E+00   0.0000000E+00
   7.7381241E+01   0.0000000E+00   0.0000000E+00
   7.7898043E+01   0.0000000E+00   0.0000000E+00
   7.8418297E+01   0.0000000E+00   0.0000000E+00
   7.8942026E+01   0.0000000E+00   0.0000000E+00
   7.9469252E+01   0.0000000E+00   0.0000000E+00
   8.0000000E+01   0.0000000E+00   0.0000000E+00
