  0.0000000E+00  0.0000000E+00  0.0000000E+00
  8.8911955E-07  3.6083537E-06  4.8498676E-12
  1.7841772E-06  1.3198347E-05  1.9529249E-11
  2.6852126E-06  2.8254131E-05  4.4235091E-11
  3.5922658E-06  4.8573010E-05  7.9167418E-11
  4.5053768E-06  7.4043752E-05  1.2452937E-10
  5.4245861E-06  1.0461526E-04  1.8052726E-10
  6.3499346E-06  1.4025797E-04  2.4737059E-10
  7.2814630E-06  1.8096233E-04  3.2527214E-10
  8.2192129E-06  2.2673376E-04  4.1444797E-10
  9.1632256E-06  2.7758800E-04  5.1511752E-10
  1.0113543E-05  3.3354935E-04  6.2750360E-10
  1.1070207E-05  3.9464890E-04  7.5183246E-10
  1.2033261E-05  4.6092343E-04  8.8833388E-10
  1.3002746E-05  5.3241454E-04  1.0372412E-09
  1.3978707E-05  6.0916803E-04  1.1987912E-09
  1.4961185E-05  6.9123342E-04  1.3732245E-09
  1.5950225E-05  7.7866355E-04  1.5607853E-09
  1.6945870E-05  8.7151427E-04  1.7617217E-09
  1.7948165E-05  9.6984421E-04  1.9762855E-09
  1.8957154E-05  1.0737145E-03  2.2047322E-09
  1.9972882E-05  1.1831889E-03  2.4473215E-09
  2.0995393E-05  1.2983331E-03  2.7043169E-09
  2.2024733E-05  1.4192151E-03  2.9759860E-09
  2.3060948E-05  1.5459050E-03  3.2626004E-09
  2.4104084E-05  1.6784748E-03  3.5644359E-09
  2.5154186E-05  1.8169984E-03  3.8817726E-09
  2.6211301E-05  1.9615516E-03  4.2148946E-09
  2.7275476E-05  2.1122119E-03  4.5640906E-09
  2.8346759E-05  2.2690587E-03  4.9296534E-09
  2.9425197E-05  2.4321730E-03  5.3118806E-09
  3.0510836E-05  2.6016375E-03  5.7110740E-09
  3.1603727E-05  2.7775365E-03  6.1275401E-09
  3.2703917E-05  2.9599563E-03  6.5615901E-09
  3.3811454E-05  3.1489843E-03  7.0135396E-09
  3.4926388E-05  3.3447100E-03  7.4837093E-09
  3.6048768E-05  3.5472242E-03  7.9724247E-09
  3.7178645E-05  3.7566195E-03  8.4800160E-09
  3.8316067E-05  3.9729900E-03  9.0068186E-09
  3.9461086E-05  4.1964313E-03  9.5531727E-09
  4.0613752E-05  4.4270408E-03  1.0119424E-08
  4.1774116E-05  4.6649174E-03  1.0705923E-08
  4.2942230E-05  4.9101616E-03  1.1313025E-08
  4.4118146E-05  5.1628755E-03  1.1941093E-08
  4.5301915E-05  5.4231628E-03  1.2590491E-08
  4.6493589E-05  5.6911288E-03  1.3261594E-08
  4.7693223E-05  5.9668805E-03  1.3954777E-08
  4.8900869E-05  6.2505265E-03  1.4670425E-08
  5.0116580E-05  6.5421768E-03  1.5408927E-08
  5.1340410E-05  6.8419435E-03  1.6170678E-08
  5.2572414E-05  7.1499399E-03  1.6956078E-08
  5.3812646E-05  7.4662813E-03  1.7765533E-08
  5.5061161E-05  7.7910846E-03  1.8599458E-08
  5.6318014E-05  8.1244682E-03  1.9458270E-08
  5.7583261E-05  8.4665524E-03  2.0342395E-08
  5.8856959E-05  8.8174593E-03  2.1252264E-08
  6.0139163E-05  9.1773124E-03  2.2188315E-08
  6.1429931E-05  9.5462373E-03  2.3150992E-08
  6.2729319E-05  9.9243611E-03  2.4140747E-08
  6.4037385E-05  1.0311813E-02  2.5158036E-08
  6.5354187E-05  1.0708723E-02  2.6203325E-08
  6.6679784E-05  1.1115225E-02  2.7277083E-08
  6.8014234E-05  1.1531453E-02  2.8379790E-08
  6.9357596E-05  1.1957543E-02  2.9511931E-08
  7.0709930E-05  1.2393633E-02  3.0673998E-08
  7.2071296E-05  1.2839863E-02  3.1866490E-08
  7.3441754E-05  1.3296376E-02  3.3089915E-08
  7.4821365E-05  1.3763314E-02  3.4344786E-08
  7.6210190E-05  1.4240825E-02  3.5631627E-08
  7.7608290E-05  1.4729055E-02  3.6950965E-08
  7.9015728E-05  1.5228154E-02  3.8303340E-08
  8.0432565E-05  1.5738275E-02  3.9689296E-08
  8.1858865E-05  1.6259570E-02  4.1109387E-08
  8.3294690E-05  1.6792196E-02  4.2564173E-08
  8.4740105E-05  1.7336311E-02  4.4054225E-08
  8.6195174E-05  1.7892075E-02  4.5580120E-08
  8.7659960E-05  1.8459650E-02  4.7142444E-08
  8.9134529E-05  1.9039199E-02  4.8741794E-08
  9.0618946E-05  1.9630890E-02  5.0378772E-08
  9.2113278E-05  2.0234891E-02  5.2053991E-08
  9.3617589E-05  2.0851373E-02  5.3768072E-08
  9.5131947E-05  2.1480509E-02  5.5521645E-08
  9.6656419E-05  2.2122474E-02  5.7315351E-08
  9.8191072E-05  2.2777446E-02  5.9149838E-08
  9.9735974E-05  2.3445605E-02  6.1025765E-08
  1.0129119E-04  2.4127132E-02  6.2943799E-08
  1.0285680E-04  2.4822213E-02  6.4904617E-08
  1.0443287E-04  2.5531035E-02  6.6908909E-08
  1.0601945E-04  2.6253787E-02  6.8957370E-08
  1.0761664E-04  2.6990660E-02  7.1050710E-08
  1.0922449E-04  2.7741850E-02  7.3189644E-08
  1.1084308E-04  2.8507553E-02  7.5374902E-08
  1.1247248E-04  2.9287968E-02  7.7607222E-08
  1.1411277E-04  3.0083297E-02  7.9887354E-08
  1.1576401E-04  3.0893745E-02  8.2216058E-08
  1.1742627E-04  3.1719519E-02  8.4594106E-08
  1.1909964E-04  3.2560829E-02  8.7022279E-08
  1.2078418E-04  3.3417887E-02  8.9501371E-08
  1.2247998E-04  3.4290908E-02  9.2032188E-08
  1.2418710E-04  3.5180110E-02  9.4615547E-08
  1.2590562E-04  3.6085714E-02  9.7252275E-08
  1.2763562E-04  3.7007943E-02  9.9943214E-08
  1.2937717E-04  3.7947023E-02  1.0268922E-07
  1.3113035E-04  3.8903184E-02  1.0549114E-07
  1.3289524E-04  3.9876658E-02  1.0834988E-07
  1.3467192E-04  4.0867680E-02  1.1126631E-07
  1.3646047E-04  4.1876487E-02  1.1424133E-07
  1.3826096E-04  4.2903321E-02  1.1727587E-07
  1.4007347E-04  4.3948426E-02  1.2037086E-07
  1.4189809E-04  4.5012048E-02  1.2352722E-07
  1.4373490E-04  4.6094438E-02  1.2674593E-07
  1.4558397E-04  4.7195849E-02  1.3002794E-07
  1.4744540E-04  4.8316538E-02  1.3337425E-07
  1.4931925E-04  4.9456763E-02  1.3678585E-07
  1.5120562E-04  5.0616789E-02  1.4026374E-07
  1.5310459E-04  5.1796882E-02  1.4380897E-07
  1.5501624E-04  5.2997310E-02  1.4742256E-07
  1.5694066E-04  5.4218347E-02  1.5110557E-07
  1.5887793E-04  5.5460269E-02  1.5485908E-07
  1.6082813E-04  5.6723356E-02  1.5868417E-07
  1.6279137E-04  5.8007891E-02  1.6258194E-07
  1.6476771E-04  5.9314161E-02  1.6655351E-07
  1.6675726E-04  6.0642456E-02  1.7060000E-07
  1.6876009E-04  6.1993070E-02  1.7472258E-07
  1.7077630E-04  6.3366300E-02  1.7892241E-07
  1.7280597E-04  6.4762448E-02  1.8320066E-07
  1.7484920E-04  6.6181819E-02  1.8755854E-07
  1.7690607E-04  6.7624721E-02  1.9199726E-07
  1.7897668E-04  6.9091467E-02  1.9651806E-07
  1.8106113E-04  7.0582373E-02  2.0112219E-07
  1.8315949E-04  7.2097759E-02  2.0581091E-07
  1.8527186E-04  7.3637950E-02  2.1058552E-07
  1.8739835E-04  7.5203274E-02  2.1544731E-07
  1.8953903E-04  7.6794064E-02  2.2039761E-07
  1.9169402E-04  7.8410654E-02  2.2543777E-07
  1.9386339E-04  8.0053386E-02  2.3056914E-07
  1.9604726E-04  8.1722604E-02  2.3579310E-07
  1.9824571E-04  8.3418658E-02  2.4111106E-07
  2.0045884E-04  8.5141899E-02  2.4652443E-07
  2.0268675E-04  8.6892686E-02  2.5203466E-07
  2.0492954E-04  8.8671381E-02  2.5764320E-07
  2.0718731E-04  9.0478348E-02  2.6335154E-07
  2.0946016E-04  9.2313960E-02  2.6916118E-07
  2.1174819E-04  9.4178590E-02  2.7507364E-07
  2.1405150E-04  9.6072620E-02  2.8109046E-07
  2.1637019E-04  9.7996432E-02  2.8721322E-07
  2.1870437E-04  9.9950416E-02  2.9344349E-07
  2.2105414E-04  1.0193497E-01  2.9978290E-07
  2.2341960E-04  1.0395048E-01  3.0623308E-07
  2.2580086E-04  1.0599736E-01  3.1279567E-07
  2.2819802E-04  1.0807602E-01  3.1947237E-07
  2.3061120E-04  1.1018686E-01  3.2626488E-07
  2.3304049E-04  1.1233031E-01  3.3317492E-07
  2.3548600E-04  1.1450679E-01  3.4020425E-07
  2.3794785E-04  1.1671673E-01  3.4735464E-07
  2.4042613E-04  1.1896056E-01  3.5462790E-07
  2.4292097E-04  1.2123872E-01  3.6202585E-07
  2.4543248E-04  1.2355165E-01  3.6955034E-07
  2.4796075E-04  1.2589980E-01  3.7720326E-07
  2.5050591E-04  1.2828363E-01  3.8498651E-07
  2.5306807E-04  1.3070360E-01  3.9290202E-07
  2.5564734E-04  1.3316017E-01  4.0095175E-07
  2.5824384E-04  1.3565381E-01  4.0913769E-07
  2.6085768E-04  1.3818501E-01  4.1746185E-07
  2.6348897E-04  1.4075423E-01  4.2592627E-07
  2.6613784E-04  1.4336198E-01  4.3453304E-07
  2.6880440E-04  1.4600874E-01  4.4328424E-07
  2.7148877E-04  1.4869501E-01  4.5218200E-07
  2.7419106E-04  1.5142131E-01  4.6122850E-07
  2.7691141E-04  1.5418814E-01  4.7042591E-07
  2.7964992E-04  1.5699601E-01  4.7977646E-07
  2.8240672E-04  1.5984546E-01  4.8928240E-07
  2.8518193E-04  1.6273701E-01  4.9894602E-07
  2.8797568E-04  1.6567121E-01  5.0876962E-07
  2.9078809E-04  1.6864858E-01  5.1875556E-07
  2.9361927E-04  1.7166969E-01  5.2890621E-07
  2.9646937E-04  1.7473509E-01  5.3922400E-07
  2.9933850E-04  1.7784533E-01  5.4971136E-07
  3.0222680E-04  1.8100100E-01  5.6037079E-07
  3.0513438E-04  1.8420266E-01  5.7120479E-07
  3.0806139E-04  1.8745090E-01  5.8221592E-07
  3.1100794E-04  1.9074630E-01  5.9340676E-07
  3.1397417E-04  1.9408947E-01  6.0477994E-07
  3.1696021E-04  1.9748100E-01  6.1633812E-07
  3.1996619E-04  2.0092150E-01  6.2808400E-07
  3.2299225E-04  2.0441160E-01  6.4002030E-07
  3.2603852E-04  2.0795192E-01  6.5214981E-07
  3.2910514E-04  2.1154309E-01  6.6447533E-07
  3.3219223E-04  2.1518574E-01  6.7699971E-07
  3.3529994E-04  2.1888053E-01  6.8972585E-07
  3.3842841E-04  2.2262811E-01  7.0265667E-07
  3.4157777E-04  2.2642914E-01  7.1579514E-07
  3.4474817E-04  2.3028430E-01  7.2914428E-07
  3.4793974E-04  2.3419425E-01  7.4270715E-07
  3.5115262E-04  2.3815968E-01  7.5648683E-07
  3.5438696E-04  2.4218129E-01  7.7048647E-07
  3.5764291E-04  2.4625978E-01  7.8470925E-07
  3.6092060E-04  2.5039585E-01  7.9915841E-07
  3.6422018E-04  2.5459023E-01  8.1383720E-07
  3.6754179E-04  2.5884364E-01  8.2874896E-07
  3.7088559E-04  2.6315681E-01  8.4389703E-07
  3.7425172E-04  2.6753049E-01  8.5928485E-07
  3.7764034E-04  2.7196543E-01  8.7491586E-07
  3.8105158E-04  2.7646239E-01  8.9079356E-07
  3.8448561E-04  2.8102213E-01  9.0692153E-07
  3.8794257E-04  2.8564543E-01  9.2330335E-07
  3.9142262E-04  2.9033309E-01  9.3994268E-07
  3.9492591E-04  2.9508588E-01  9.5684323E-07
  3.9845260E-04  2.9990463E-01  9.7400875E-07
  4.0200284E-04  3.0479014E-01  9.9144306E-07
  4.0557679E-04  3.0974324E-01  1.0091500E-06
  4.0917462E-04  3.1476475E-01  1.0271335E-06
  4.1279647E-04  3.1985552E-01  1.0453975E-06
  4.1644251E-04  3.2501640E-01  1.0639461E-06
  4.2011290E-04  3.3024826E-01  1.0827833E-06
  4.2380780E-04  3.3555195E-01  1.1019133E-06
  4.2752738E-04  3.4092837E-01  1.1213402E-06
  4.3127180E-04  3.4637840E-01  1.1410683E-06
  4.3504123E-04  3.5190294E-01  1.1611020E-06
  4.3883584E-04  3.5750291E-01  1.1814455E-06
  4.4265578E-04  3.6317923E-01  1.2021034E-06
  4.4650124E-04  3.6893282E-01  1.2230800E-06
  4.5037238E-04  3.7476463E-01  1.2443800E-06
  4.5426938E-04  3.8067561E-01  1.2660080E-06
  4.5819240E-04  3.8666672E-01  1.2879686E-06
  4.6214162E-04  3.9273894E-01  1.3102667E-06
  4.6611722E-04  3.9889326E-01  1.3329069E-06
  4.7011937E-04  4.0513066E-01  1.3558942E-06
  4.7414825E-04  4.1145217E-01  1.3792336E-06
  4.7820404E-04  4.1785878E-01  1.4029300E-06
  4.8228691E-04  4.2435155E-01  1.4269885E-06
  4.8639705E-04  4.3093149E-01  1.4514143E-06
  4.9053464E-04  4.3759968E-01  1.4762125E-06
  4.9469987E-04  4.4435717E-01  1.5013886E-06
  4.9889291E-04  4.5120503E-01  1.5269478E-06
  5.0311396E-04  4.5814437E-01  1.5528956E-06
  5.0736320E-04  4.6517627E-01  1.5792375E-06
  5.1164081E-04  4.7230186E-01  1.6059790E-06
  5.1594700E-04  4.7952225E-01  1.6331260E-06
  5.2028194E-04  4.8683858E-01  1.6606841E-06
  5.2464584E-04  4.9425200E-01  1.6886591E-06
  5.2903888E-04  5.0176368E-01  1.7170569E-06
  5.3346126E-04  5.0937479E-01  1.7458836E-06
  5.3791318E-04  5.1708651E-01  1.7751452E-06
  5.4239483E-04  5.2490005E-01  1.8048478E-06
  5.4690641E-04  5.3281663E-01  1.8349977E-06
  5.5144812E-04  5.4083746E-01  1.8656013E-06
  5.5602017E-04  5.4896380E-01  1.8966648E-06
  5.6062275E-04  5.5719689E-01  1.9281949E-06
  5.6525606E-04  5.6553801E-01  1.9601981E-06
  5.6992033E-04  5.7398843E-01  1.9926811E-06
  5.7461574E-04  5.8254945E-01  2.0256506E-06
  5.7934251E-04  5.9122238E-01  2.0591136E-06
  5.8410085E-04  6.0000854E-01  2.0930769E-06
  5.8889098E-04  6.0890928E-01  2.1275476E-06
  5.9371309E-04  6.1792594E-01  2.1625330E-06
  5.9856740E-04  6.2705990E-01  2.1980402E-06
  6.0345414E-04  6.3631253E-01  2.2340765E-06
  6.0837352E-04  6.4568523E-01  2.2706495E-06
  6.1332574E-04  6.5517941E-01  2.3077666E-06
  6.1831105E-04  6.6479651E-01  2.3454355E-06
  6.2332965E-04  6.7453795E-01  2.3836641E-06
  6.2838176E-04  6.8440521E-01  2.4224601E-06
  6.3346762E-04  6.9439975E-01  2.4618315E-06
  6.3858744E-04  7.0452306E-01  2.5017864E-06
  6.4374146E-04  7.1477664E-01  2.5423330E-06
  6.4892990E-04  7.2516203E-01  2.5834797E-06
  6.5415299E-04  7.3568074E-01  2.6252347E-06
  6.5941096E-04  7.4633435E-01  2.6676067E-06
  6.6470405E-04  7.5712441E-01  2.7106043E-06
  6.7003249E-04  7.6805251E-01  2.7542363E-06
  6.7539652E-04  7.7912025E-01  2.7985116E-06
  6.8079637E-04  7.9032926E-01  2.8434391E-06
  6.8623228E-04  8.0168117E-01  2.8890281E-06
  6.9170450E-04  8.1317763E-01  2.9352877E-06
  6.9721327E-04  8.2482032E-01  2.9822274E-06
  7.0275883E-04  8.3661092E-01  3.0298567E-06
  7.0834142E-04  8.4855114E-01  3.0781852E-06
  7.1396130E-04  8.6064270E-01  3.1272227E-06
  7.1961871E-04  8.7288734E-01  3.1769791E-06
  7.2531391E-04  8.8528683E-01  3.2274645E-06
  7.3104714E-04  8.9784294E-01  3.2786890E-06
  7.3681866E-04  9.1055746E-01  3.3306630E-06
  7.4262873E-04  9.2343222E-01  3.3833969E-06
  7.4847760E-04  9.3646905E-01  3.4369014E-06
  7.5436553E-04  9.4966979E-01  3.4911872E-06
  7.6029279E-04  9.6303632E-01  3.5462651E-06
  7.6625964E-04  9.7657052E-01  3.6021463E-06
  7.7226633E-04  9.9027432E-01  3.6588420E-06
  7.7831314E-04  1.0041496E+00  3.7163634E-06
  7.8440033E-04  1.0181984E+00  3.7747221E-06
  7.9052818E-04  1.0324226E+00  3.8339298E-06
  7.9669696E-04  1.0468243E+00  3.8939983E-06
  8.0290693E-04  1.0614053E+00  3.9549396E-06
  8.0915838E-04  1.0761678E+00  4.0167658E-06
  8.1545158E-04  1.0911139E+00  4.0794893E-06
  8.2178681E-04  1.1062455E+00  4.1431224E-06
  8.2816435E-04  1.1215648E+00  4.2076780E-06
  8.3458448E-04  1.1370738E+00  4.2731687E-06
  8.4104749E-04  1.1527748E+00  4.3396077E-06
  8.4755367E-04  1.1686699E+00  4.4070080E-06
  8.5410329E-04  1.1847611E+00  4.4753831E-06
  8.6069666E-04  1.2010509E+00  4.5447465E-06
  8.6733407E-04  1.2175412E+00  4.6151119E-06
  8.7401580E-04  1.2342345E+00  4.6864932E-06
  8.8074216E-04  1.2511329E+00  4.7589045E-06
  8.8751344E-04  1.2682388E+00  4.8323602E-06
  8.9432995E-04  1.2855544E+00  4.9068746E-06
  9.0119198E-04  1.3030822E+00  4.9824626E-06
  9.0809984E-04  1.3208243E+00  5.0591389E-06
  9.1505383E-04  1.3387832E+00  5.1369187E-06
  9.2205427E-04  1.3569614E+00  5.2158173E-06
  9.2910146E-04  1.3753612E+00  5.2958501E-06
  9.3619571E-04  1.3939850E+00  5.3770329E-06
  9.4333735E-04  1.4128354E+00  5.4593817E-06
  9.5052668E-04  1.4319149E+00  5.5429125E-06
  9.5776403E-04  1.4512258E+00  5.6276417E-06
  9.6504971E-04  1.4707709E+00  5.7135859E-06
  9.7238405E-04  1.4905526E+00  5.8007620E-06
  9.7976738E-04  1.5105736E+00  5.8891869E-06
  9.8720001E-04  1.5308364E+00  5.9788779E-06
  9.9468229E-04  1.5513437E+00  6.0698527E-06
  1.0022145E-03  1.5720982E+00  6.1621288E-06
  1.0097971E-03  1.5931025E+00  6.2557243E-06
  1.0174303E-03  1.6143594E+00  6.3506575E-06
  1.0251145E-03  1.6358716E+00  6.4469467E-06
  1.0328499E-03  1.6576418E+00  6.5446109E-06
  1.0406371E-03  1.6796729E+00  6.6436688E-06
  1.0484763E-03  1.7019676E+00  6.7441398E-06
  1.0563678E-03  1.7245289E+00  6.8460435E-06
  1.0643120E-03  1.7473595E+00  6.9493994E-06
  1.0723093E-03  1.7704624E+00  7.0542278E-06
  1.0803600E-03  1.7938406E+00  7.1605490E-06
  1.0884644E-03  1.8174968E+00  7.2683834E-06
  1.0966230E-03  1.8414342E+00  7.3777520E-06
  1.1048361E-03  1.8656556E+00  7.4886760E-06
  1.1131040E-03  1.8901643E+00  7.6011767E-06
  1.1214272E-03  1.9149631E+00  7.7152760E-06
  1.1298059E-03  1.9400552E+00  7.8309958E-06
  1.1382406E-03  1.9654437E+00  7.9483585E-06
  1.1467316E-03  1.9911317E+00  8.0673868E-06
  1.1552793E-03  2.0171225E+00  8.1881034E-06
  1.1638841E-03  2.0434191E+00  8.3105318E-06
  1.1725464E-03  2.0700249E+00  8.4346955E-06
  1.1812666E-03  2.0969430E+00  8.5606182E-06
  1.1900449E-03  2.1241768E+00  8.6883244E-06
  1.1988819E-03  2.1517296E+00  8.8178385E-06
  1.2077780E-03  2.1796046E+00  8.9491853E-06
  1.2167334E-03  2.2078053E+00  9.0823902E-06
  1.2257487E-03  2.2363351E+00  9.2174786E-06
  1.2348241E-03  2.2651974E+00  9.3544764E-06
  1.2439602E-03  2.2943956E+00  9.4934099E-06
  1.2531573E-03  2.3239332E+00  9.6343058E-06
  1.2624158E-03  2.3538138E+00  9.7771909E-06
  1.2717361E-03  2.3840408E+00  9.9220926E-06
  1.2811187E-03  2.4146180E+00  1.0069039E-05
  1.2905640E-03  2.4455487E+00  1.0218057E-05
  1.3000723E-03  2.4768368E+00  1.0369176E-05
  1.3096441E-03  2.5084858E+00  1.0522425E-05
  1.3192799E-03  2.5404995E+00  1.0677833E-05
  1.3289800E-03  2.5728815E+00  1.0835430E-05
  1.3387449E-03  2.6056357E+00  1.0995245E-05
  1.3485750E-03  2.6387658E+00  1.1157309E-05
  1.3584708E-03  2.6722756E+00  1.1321653E-05
  1.3684327E-03  2.7061690E+00  1.1488308E-05
  1.3784611E-03  2.7404498E+00  1.1657307E-05
  1.3885564E-03  2.7751221E+00  1.1828680E-05
  1.3987192E-03  2.8101896E+00  1.2002461E-05
  1.4089499E-03  2.8456564E+00  1.2178682E-05
  1.4192489E-03  2.8815266E+00  1.2357377E-05
  1.4296167E-03  2.9178040E+00  1.2538581E-05
  1.4400537E-03  2.9544928E+00  1.2722327E-05
  1.4505604E-03  2.9915971E+00  1.2908649E-05
  1.4611373E-03  3.0291211E+00  1.3097585E-05
  1.4717848E-03  3.0670688E+00  1.3289168E-05
  1.4825035E-03  3.1054445E+00  1.3483436E-05
  1.4932937E-03  3.1442524E+00  1.3680426E-05
  1.5041560E-03  3.1834968E+00  1.3880174E-05
  1.5150908E-03  3.2231819E+00  1.4082718E-05
  1.5260987E-03  3.2633121E+00  1.4288097E-05
  1.5371801E-03  3.3038917E+00  1.4496349E-05
  1.5483355E-03  3.3449251E+00  1.4707513E-05
  1.5595654E-03  3.3864168E+00  1.4921631E-05
  1.5708703E-03  3.4283712E+00  1.5138741E-05
  1.5822507E-03  3.4707927E+00  1.5358885E-05
  1.5937071E-03  3.5136859E+00  1.5582104E-05
  1.6052400E-03  3.5570553E+00  1.5808441E-05
  1.6168500E-03  3.6009056E+00  1.6037937E-05
  1.6285374E-03  3.6452413E+00  1.6270637E-05
  1.6403030E-03  3.6900671E+00  1.6506584E-05
  1.6521471E-03  3.7353876E+00  1.6745822E-05
  1.6640703E-03  3.7812075E+00  1.6988397E-05
  1.6760732E-03  3.8275317E+00  1.7234353E-05
  1.6881562E-03  3.8743649E+00  1.7483738E-05
  1.7003199E-03  3.9217118E+00  1.7736597E-05
  1.7125648E-03  3.9695773E+00  1.7992979E-05
  1.7248916E-03  4.0179664E+00  1.8252931E-05
  1.7373006E-03  4.0668838E+00  1.8516502E-05
  1.7497925E-03  4.1163346E+00  1.8783742E-05
  1.7623679E-03  4.1663237E+00  1.9054701E-05
  1.7750272E-03  4.2168561E+00  1.9329429E-05
  1.7877711E-03  4.2679367E+00  1.9607978E-05
  1.8006001E-03  4.3195708E+00  1.9890400E-05
  1.8135148E-03  4.3717634E+00  2.0176748E-05
  1.8265158E-03  4.4245196E+00  2.0467076E-05
  1.8396035E-03  4.4778445E+00  2.0761437E-05
  1.8527787E-03  4.5317434E+00  2.1059887E-05
  1.8660419E-03  4.5862215E+00  2.1362481E-05
  1.8793936E-03  4.6412839E+00  2.1669276E-05
  1.8928345E-03  4.6969361E+00  2.1980330E-05
  1.9063652E-03  4.7531833E+00  2.2295699E-05
  1.9199863E-03  4.8100309E+00  2.2615444E-05
  1.9336983E-03  4.8674841E+00  2.2939624E-05
  1.9475019E-03  4.9255486E+00  2.3268299E-05
  1.9613977E-03  4.9842295E+00  2.3601530E-05
  1.9753863E-03  5.0435325E+00  2.3939380E-05
  1.9894683E-03  5.1034630E+00  2.4281912E-05
  2.0036444E-03  5.1640265E+00  2.4629188E-05
  2.0179151E-03  5.2252287E+00  2.4981274E-05
  2.0322811E-03  5.2870749E+00  2.5338236E-05
  2.0467431E-03  5.3495710E+00  2.5700139E-05
  2.0613017E-03  5.4127224E+00  2.6067052E-05
  2.0759576E-03  5.4765349E+00  2.6439041E-05
  2.0907112E-03  5.5410142E+00  2.6816177E-05
  2.1055635E-03  5.6061659E+00  2.7198529E-05
  2.1205149E-03  5.6719959E+00  2.7586169E-05
  2.1355662E-03  5.7385098E+00  2.7979168E-05
  2.1507180E-03  5.8057135E+00  2.8377599E-05
  2.1659710E-03  5.8736129E+00  2.8781536E-05
  2.1813259E-03  5.9422136E+00  2.9191054E-05
  2.1967833E-03  6.0115217E+00  2.9606229E-05
  2.2123439E-03  6.0815431E+00  3.0027138E-05
  2.2280085E-03  6.1522836E+00  3.0453859E-05
  2.2437777E-03  6.2237491E+00  3.0886470E-05
  2.2596522E-03  6.2959458E+00  3.1325053E-05
  2.2756327E-03  6.3688795E+00  3.1769688E-05
  2.2917200E-03  6.4425562E+00  3.2220457E-05
  2.3079147E-03  6.5169821E+00  3.2677444E-05
  2.3242175E-03  6.5921631E+00  3.3140733E-05
  2.3406293E-03  6.6681054E+00  3.3610410E-05
  2.3571506E-03  6.7448151E+00  3.4086562E-05
  2.3737823E-03  6.8222982E+00  3.4569277E-05
  2.3905251E-03  6.9005609E+00  3.5058644E-05
  2.4073796E-03  6.9796093E+00  3.5554753E-05
  2.4243468E-03  7.0594497E+00  3.6057695E-05
  2.4414273E-03  7.1400883E+00  3.6567565E-05
  2.4586218E-03  7.2215311E+00  3.7084455E-05
  2.4759312E-03  7.3037846E+00  3.7608461E-05
  2.4933562E-03  7.3868548E+00  3.8139681E-05
  2.5108975E-03  7.4707481E+00  3.8678210E-05
  2.5285560E-03  7.5554707E+00  3.9224150E-05
  2.5463325E-03  7.6410290E+00  3.9777600E-05
  2.5642276E-03  7.7274291E+00  4.0338663E-05
  2.5822423E-03  7.8146775E+00  4.0907441E-05
  2.6003773E-03  7.9027804E+00  4.1484040E-05
  2.6186334E-03  7.9917442E+00  4.2068565E-05
  2.6370114E-03  8.0815752E+00  4.2661125E-05
  2.6555122E-03  8.1722797E+00  4.3261828E-05
  2.6741365E-03  8.2638641E+00  4.3870785E-05
  2.6928853E-03  8.3563348E+00  4.4488107E-05
  2.7117592E-03  8.4496980E+00  4.5113908E-05
  2.7307592E-03  8.5439603E+00  4.5748304E-05
  2.7498861E-03  8.6391280E+00  4.6391410E-05
  2.7691407E-03  8.7352074E+00  4.7043345E-05
  2.7885239E-03  8.8322049E+00  4.7704229E-05
  2.8080366E-03  8.9301270E+00  4.8374182E-05
  2.8276796E-03  9.0289799E+00  4.9053329E-05
  2.8474538E-03  9.1287701E+00  4.9741792E-05
  2.8673600E-03  9.2295039E+00  5.0439700E-05
  2.8873992E-03  9.3311878E+00  5.1147180E-05
  2.9075722E-03  9.4338280E+00  5.1864361E-05
  2.9278800E-03  9.5374309E+00  5.2591375E-05
  2.9483234E-03  9.6420030E+00  5.3328355E-05
  2.9689033E-03  9.7475505E+00  5.4075437E-05
  2.9896207E-03  9.8540797E+00  5.4832757E-05
  3.0104764E-03  9.9615971E+00  5.5600454E-05
  3.0314714E-03  1.0070109E+01  5.6378669E-05
  3.0526066E-03  1.0179621E+01  5.7167543E-05
  3.0738830E-03  1.0290141E+01  5.7967222E-05
  3.0953015E-03  1.0401673E+01  5.8777852E-05
  3.1168630E-03  1.0514226E+01  5.9599581E-05
  3.1385686E-03  1.0627804E+01  6.0432559E-05
  3.1604191E-03  1.0742414E+01  6.1276940E-05
  3.1824155E-03  1.0858062E+01  6.2132876E-05
  3.2045588E-03  1.0974754E+01  6.3000525E-05
  3.2268501E-03  1.1092497E+01  6.3880045E-05
  3.2492901E-03  1.1211296E+01  6.4771597E-05
  3.2718801E-03  1.1331158E+01  6.5675344E-05
  3.2946210E-03  1.1452089E+01  6.6591450E-05
  3.3175137E-03  1.1574095E+01  6.7520084E-05
  3.3405593E-03  1.1697181E+01  6.8461415E-05
  3.3637588E-03  1.1821353E+01  6.9415614E-05
  3.3871133E-03  1.1946619E+01  7.0382856E-05
  3.4106237E-03  1.2072983E+01  7.1363317E-05
  3.4342912E-03  1.2200451E+01  7.2357176E-05
  3.4581167E-03  1.2329029E+01  7.3364615E-05
  3.4821013E-03  1.2458723E+01  7.4385816E-05
  3.5062461E-03  1.2589539E+01  7.5420967E-05
  3.5305522E-03  1.2721481E+01  7.6470256E-05
  3.5550206E-03  1.2854557E+01  7.7533874E-05
  3.5796525E-03  1.2988771E+01  7.8612016E-05
  3.6044488E-03  1.3124128E+01  7.9704876E-05
  3.6294108E-03  1.3260635E+01  8.0812656E-05
  3.6545394E-03  1.3398297E+01  8.1935555E-05
  3.6798359E-03  1.3537119E+01  8.3073780E-05
  3.7053013E-03  1.3677106E+01  8.4227536E-05
  3.7309368E-03  1.3818263E+01  8.5397034E-05
  3.7567435E-03  1.3960596E+01  8.6582487E-05
  3.7827226E-03  1.4104110E+01  8.7784111E-05
  3.8088752E-03  1.4248809E+01  8.9002124E-05
  3.8352024E-03  1.4394699E+01  9.0236747E-05
  3.8617055E-03  1.4541784E+01  9.1488206E-05
  3.8883856E-03  1.4690069E+01  9.2756727E-05
  3.9152438E-03  1.4839559E+01  9.4042542E-05
  3.9422814E-03  1.4990258E+01  9.5345884E-05
  3.9694996E-03  1.5142172E+01  9.6666989E-05
  3.9968996E-03  1.5295303E+01  9.8006099E-05
  4.0244826E-03  1.5449657E+01  9.9363456E-05
  4.0522498E-03  1.5605238E+01  1.0073931E-04
  4.0802025E-03  1.5762050E+01  1.0213390E-04
  4.1083418E-03  1.5920097E+01  1.0354749E-04
  4.1366691E-03  1.6079383E+01  1.0498034E-04
  4.1651855E-03  1.6239912E+01  1.0643270E-04
  4.1938924E-03  1.6401687E+01  1.0790483E-04
  4.2227911E-03  1.6564713E+01  1.0939701E-04
  4.2518827E-03  1.6728991E+01  1.1090951E-04
  4.2811686E-03  1.6894527E+01  1.1244259E-04
  4.3106501E-03  1.7061323E+01  1.1399654E-04
  4.3403285E-03  1.7229382E+01  1.1557165E-04
  4.3702052E-03  1.7398708E+01  1.1716818E-04
  4.4002813E-03  1.7569303E+01  1.1878644E-04
  4.4305583E-03  1.7741170E+01  1.2042672E-04
  4.4610376E-03  1.7914311E+01  1.2208931E-04
  4.4917204E-03  1.8088729E+01  1.2377452E-04
  4.5226081E-03  1.8264427E+01  1.2548266E-04
  4.5537021E-03  1.8441406E+01  1.2721402E-04
  4.5850038E-03  1.8619669E+01  1.2896892E-04
  4.6165145E-03  1.8799217E+01  1.3074769E-04
  4.6482356E-03  1.8980053E+01  1.3255065E-04
  4.6801687E-03  1.9162177E+01  1.3437811E-04
  4.7123150E-03  1.9345591E+01  1.3623042E-04
  4.7446759E-03  1.9530297E+01  1.3810790E-04
  4.7772531E-03  1.9716296E+01  1.4001090E-04
  4.8100477E-03  1.9903588E+01  1.4193976E-04
  4.8430615E-03  2.0092173E+01  1.4389483E-04
  4.8762956E-03  2.0282054E+01  1.4587647E-04
  4.9097518E-03  2.0473230E+01  1.4788502E-04
  4.9434314E-03  2.0665701E+01  1.4992087E-04
  4.9773359E-03  2.0859467E+01  1.5198436E-04
  5.0114669E-03  2.1054529E+01  1.5407588E-04
  5.0458258E-03  2.1250885E+01  1.5619581E-04
  5.0804142E-03  2.1448535E+01  1.5834452E-04
  5.1152336E-03  2.1647479E+01  1.6052241E-04
  5.1502855E-03  2.1847715E+01  1.6272987E-04
  5.1855716E-03  2.2049241E+01  1.6496730E-04
  5.2210933E-03  2.2252058E+01  1.6723510E-04
  5.2568522E-03  2.2456163E+01  1.6953368E-04
  5.2928499E-03  2.2661553E+01  1.7186346E-04
  5.3290881E-03  2.2868228E+01  1.7422486E-04
  5.3655683E-03  2.3076185E+01  1.7661830E-04
  5.4022921E-03  2.3285421E+01  1.7904422E-04
  5.4392612E-03  2.3495933E+01  1.8150306E-04
  5.4764772E-03  2.3707718E+01  1.8399525E-04
  5.5139418E-03  2.3920774E+01  1.8652125E-04
  5.5516566E-03  2.4135095E+01  1.8908151E-04
  5.5896232E-03  2.4350680E+01  1.9167650E-04
  5.6278434E-03  2.4567523E+01  1.9430668E-04
  5.6663189E-03  2.4785621E+01  1.9697253E-04
  5.7050513E-03  2.5004968E+01  1.9967453E-04
  5.7440425E-03  2.5225561E+01  2.0241317E-04
  5.7832940E-03  2.5447393E+01  2.0518893E-04
  5.8228077E-03  2.5670459E+01  2.0800233E-04
  5.8625852E-03  2.5894754E+01  2.1085386E-04
  5.9026285E-03  2.6120272E+01  2.1374405E-04
  5.9429391E-03  2.6347006E+01  2.1667341E-04
  5.9835190E-03  2.6574950E+01  2.1964247E-04
  6.0243699E-03  2.6804098E+01  2.2265176E-04
  6.0654936E-03  2.7034441E+01  2.2570183E-04
  6.1068920E-03  2.7265972E+01  2.2879323E-04
  6.1485669E-03  2.7498685E+01  2.3192651E-04
  6.1905201E-03  2.7732569E+01  2.3510224E-04
  6.2327535E-03  2.7967618E+01  2.3832099E-04
  6.2752689E-03  2.8203823E+01  2.4158334E-04
  6.3180683E-03  2.8441173E+01  2.4488988E-04
  6.3611536E-03  2.8679661E+01  2.4824120E-04
  6.4045266E-03  2.8919276E+01  2.5163791E-04
  6.4481892E-03  2.9160008E+01  2.5508061E-04
  6.4921435E-03  2.9401847E+01  2.5856993E-04
  6.5363913E-03  2.9644782E+01  2.6210649E-04
  6.5809347E-03  2.9888802E+01  2.6569093E-04
  6.6257755E-03  3.0133896E+01  2.6932390E-04
  6.6709158E-03  3.0380051E+01  2.7300605E-04
  6.7163576E-03  3.0627256E+01  2.7673804E-04
  6.7621028E-03  3.0875498E+01  2.8052055E-04
  6.8081536E-03  3.1124764E+01  2.8435424E-04
  6.8545120E-03  3.1375040E+01  2.8823982E-04
  6.9011799E-03  3.1626314E+01  2.9217798E-04
  6.9481596E-03  3.1878571E+01  2.9616943E-04
  6.9954530E-03  3.2131797E+01  3.0021489E-04
  7.0430622E-03  3.2385977E+01  3.0431508E-04
  7.0909894E-03  3.2641095E+01  3.0847074E-04
  7.1392367E-03  3.2897137E+01  3.1268261E-04
  7.1878063E-03  3.3154085E+01  3.1695146E-04
  7.2367002E-03  3.3411925E+01  3.2127806E-04
  7.2859206E-03  3.3670639E+01  3.2566317E-04
  7.3354698E-03  3.3930209E+01  3.3010759E-04
  7.3853499E-03  3.4190619E+01  3.3461211E-04
  7.4355631E-03  3.4451849E+01  3.3917755E-04
  7.4861117E-03  3.4713883E+01  3.4380472E-04
  7.5369979E-03  3.4976701E+01  3.4849446E-04
  7.5882239E-03  3.5240283E+01  3.5324760E-04
  7.6397921E-03  3.5504611E+01  3.5806501E-04
  7.6917046E-03  3.5769663E+01  3.6294754E-04
  7.7439639E-03  3.6035420E+01  3.6789607E-04
  7.7965722E-03  3.6301860E+01  3.7291149E-04
  7.8495318E-03  3.6568962E+01  3.7799470E-04
  7.9028452E-03  3.6836705E+01  3.8314662E-04
  7.9565146E-03  3.7105065E+01  3.8836816E-04
  8.0105424E-03  3.7374021E+01  3.9366027E-04
  8.0649311E-03  3.7643549E+01  3.9902388E-04
  8.1196830E-03  3.7913625E+01  4.0445998E-04
  8.1748006E-03  3.8184226E+01  4.0996953E-04
  8.2302863E-03  3.8455327E+01  4.1555351E-04
  8.2861425E-03  3.8726903E+01  4.2121294E-04
  8.3423718E-03  3.8998928E+01  4.2694882E-04
  8.3989767E-03  3.9271378E+01  4.3276219E-04
  8.4559595E-03  3.9544226E+01  4.3865408E-04
  8.5133230E-03  3.9817444E+01  4.4462556E-04
  8.5710695E-03  4.0091007E+01  4.5067769E-04
  8.6292018E-03  4.0364885E+01  4.5681156E-04
  8.6877222E-03  4.0639052E+01  4.6302827E-04
  8.7466336E-03  4.0913479E+01  4.6932893E-04
  8.8059383E-03  4.1188136E+01  4.7571467E-04
  8.8656391E-03  4.1462995E+01  4.8218664E-04
  8.9257387E-03  4.1738026E+01  4.8874600E-04
  8.9862396E-03  4.2013197E+01  4.9539392E-04
  9.0471446E-03  4.2288480E+01  5.0213159E-04
  9.1084564E-03  4.2563841E+01  5.0896022E-04
  9.1701776E-03  4.2839251E+01  5.1588103E-04
  9.2323111E-03  4.3114676E+01  5.2289527E-04
  9.2948595E-03  4.3390084E+01  5.3000418E-04
  9.3578257E-03  4.3665442E+01  5.3720905E-04
  9.4212124E-03  4.3940718E+01  5.4451117E-04
  9.4850224E-03  4.4215876E+01  5.5191183E-04
  9.5492586E-03  4.4490883E+01  5.5941237E-04
  9.6139238E-03  4.4765704E+01  5.6701412E-04
  9.6790209E-03  4.5040304E+01  5.7471846E-04
  9.7445527E-03  4.5314648E+01  5.8252676E-04
  9.8105222E-03  4.5588700E+01  5.9044041E-04
  9.8769323E-03  4.5862422E+01  5.9846084E-04
  9.9437859E-03  4.6135779E+01  6.0658947E-04
  1.0011086E-02  4.6408734E+01  6.1482777E-04
  1.0078836E-02  4.6681248E+01  6.2317721E-04
  1.0147038E-02  4.6953284E+01  6.3163928E-04
  1.0215695E-02  4.7224803E+01  6.4021550E-04
  1.0284811E-02  4.7495767E+01  6.4890740E-04
  1.0354389E-02  4.7766137E+01  6.5771653E-04
  1.0424431E-02  4.8035873E+01  6.6664448E-04
  1.0494942E-02  4.8304935E+01  6.7569283E-04
  1.0565923E-02  4.8573283E+01  6.8486321E-04
  1.0637378E-02  4.8840876E+01  6.9415727E-04
  1.0709310E-02  4.9107674E+01  7.0357665E-04
  1.0781723E-02  4.9373636E+01  7.1312304E-04
  1.0854619E-02  4.9638719E+01  7.2279816E-04
  1.0928003E-02  4.9902882E+01  7.3260373E-04
  1.1001876E-02  5.0166082E+01  7.4254151E-04
  1.1076243E-02  5.0428278E+01  7.5261327E-04
  1.1151106E-02  5.0689426E+01  7.6282081E-04
  1.1226469E-02  5.0949483E+01  7.7316596E-04
  1.1302336E-02  5.1208406E+01  7.8365056E-04
  1.1378709E-02  5.1466151E+01  7.9427650E-04
  1.1455593E-02  5.1722675E+01  8.0504567E-04
  1.1532990E-02  5.1977932E+01  8.1595999E-04
  1.1610904E-02  5.2231880E+01  8.2702142E-04
  1.1689338E-02  5.2484473E+01  8.3823193E-04
  1.1768296E-02  5.2735666E+01  8.4959353E-04
  1.1847781E-02  5.2985414E+01  8.6110824E-04
  1.1927798E-02  5.3233673E+01  8.7277812E-04
  1.2008348E-02  5.3480397E+01  8.8460526E-04
  1.2089437E-02  5.3725540E+01  8.9659178E-04
  1.2171067E-02  5.3969057E+01  9.0873980E-04
  1.2253242E-02  5.4210902E+01  9.2105151E-04
  1.2335966E-02  5.4451029E+01  9.3352910E-04
  1.2419243E-02  5.4689392E+01  9.4617480E-04
  1.2503076E-02  5.4925945E+01  9.5899086E-04
  1.2587468E-02  5.5160643E+01  9.7197959E-04
  1.2672425E-02  5.5393438E+01  9.8514329E-04
  1.2757948E-02  5.5624284E+01  9.9848431E-04
  1.2844043E-02  5.5853137E+01  1.0120050E-03
  1.2930713E-02  5.6079948E+01  1.0257079E-03
  1.3017962E-02  5.6304672E+01  1.0395953E-03
  1.3105793E-02  5.6527263E+01  1.0536698E-03
  1.3194211E-02  5.6747674E+01  1.0679338E-03
  1.3283220E-02  5.6965861E+01  1.0823900E-03
  1.3372823E-02  5.7181776E+01  1.0970408E-03
  1.3463024E-02  5.7395373E+01  1.1118890E-03
  1.3553828E-02  5.7606608E+01  1.1269370E-03
  1.3645239E-02  5.7815435E+01  1.1421878E-03
  1.3737259E-02  5.8021808E+01  1.1576439E-03
  1.3829895E-02  5.8225681E+01  1.1733081E-03
  1.3923149E-02  5.8427011E+01  1.1891832E-03
  1.4017026E-02  5.8625753E+01  1.2052720E-03
  1.4111529E-02  5.8821861E+01  1.2215775E-03
  1.4206664E-02  5.9015292E+01  1.2381025E-03
  1.4302435E-02  5.9206002E+01  1.2548500E-03
  1.4398845E-02  5.9393948E+01  1.2718229E-03
  1.4495899E-02  5.9579086E+01  1.2890243E-03
  1.4593601E-02  5.9761373E+01  1.3064573E-03
  1.4691955E-02  5.9940768E+01  1.3241249E-03
  1.4790967E-02  6.0117228E+01  1.3420304E-03
  1.4890639E-02  6.0290711E+01  1.3601768E-03
  1.4990978E-02  6.0461177E+01  1.3785676E-03
  1.5091986E-02  6.0628585E+01  1.3972058E-03
  1.5193669E-02  6.0792896E+01  1.4160949E-03
  1.5296032E-02  6.0954069E+01  1.4352382E-03
  1.5399077E-02  6.1112066E+01  1.4546391E-03
  1.5502811E-02  6.1266849E+01  1.4743011E-03
  1.5607238E-02  6.1418381E+01  1.4942277E-03
  1.5712363E-02  6.1566623E+01  1.5144224E-03
  1.5818189E-02  6.1711541E+01  1.5348889E-03
  1.5924722E-02  6.1853098E+01  1.5556308E-03
  1.6031967E-02  6.1991260E+01  1.5766518E-03
  1.6139928E-02  6.2125994E+01  1.5979556E-03
  1.6248610E-02  6.2257265E+01  1.6195460E-03
  1.6358017E-02  6.2385041E+01  1.6414270E-03
  1.6468156E-02  6.2509292E+01  1.6636023E-03
  1.6579030E-02  6.2629987E+01  1.6860759E-03
  1.6690644E-02  6.2747095E+01  1.7088519E-03
  1.6803004E-02  6.2860589E+01  1.7319342E-03
  1.6916115E-02  6.2970441E+01  1.7553271E-03
  1.7029980E-02  6.3076623E+01  1.7790346E-03
  1.7144607E-02  6.3179112E+01  1.8030611E-03
  1.7259999E-02  6.3277881E+01  1.8274107E-03
  1.7376161E-02  6.3372908E+01  1.8520878E-03
  1.7493099E-02  6.3464171E+01  1.8770968E-03
  1.7610819E-02  6.3551648E+01  1.9024422E-03
  1.7729324E-02  6.3635319E+01  1.9281285E-03
  1.7848621E-02  6.3715166E+01  1.9541602E-03
  1.7968715E-02  6.3791172E+01  1.9805421E-03
  1.8089610E-02  6.3863320E+01  2.0072787E-03
  1.8211314E-02  6.3931595E+01  2.0343748E-03
  1.8333830E-02  6.3995985E+01  2.0618354E-03
  1.8457164E-02  6.4056476E+01  2.0896651E-03
  1.8581322E-02  6.4113059E+01  2.1178691E-03
  1.8706309E-02  6.4165724E+01  2.1464524E-03
  1.8832131E-02  6.4214464E+01  2.1754199E-03
  1.8958793E-02  6.4259272E+01  2.2047770E-03
  1.9086301E-02  6.4300144E+01  2.2345288E-03
  1.9214661E-02  6.4337076E+01  2.2646805E-03
  1.9343878E-02  6.4370067E+01  2.2952377E-03
  1.9473958E-02  6.4399117E+01  2.3262056E-03
  1.9604906E-02  6.4424227E+01  2.3575899E-03
  1.9736730E-02  6.4445401E+01  2.3893960E-03
  1.9869433E-02  6.4462645E+01  2.4216298E-03
  2.0003023E-02  6.4475964E+01  2.4542968E-03
  2.0137505E-02  6.4485368E+01  2.4874030E-03
  2.0272886E-02  6.4490866E+01  2.5209542E-03
  2.0409170E-02  6.4492471E+01  2.5549563E-03
  2.0546365E-02  6.4490197E+01  2.5894155E-03
  2.0684476E-02  6.4484059E+01  2.6243378E-03
  2.0823509E-02  6.4474075E+01  2.6597295E-03
  2.0963471E-02  6.4460265E+01  2.6955968E-03
  2.1104368E-02  6.4442650E+01  2.7319462E-03
  2.1246205E-02  6.4421254E+01  2.7687842E-03
  2.1388990E-02  6.4396101E+01  2.8061171E-03
  2.1532729E-02  6.4367220E+01  2.8439518E-03
  2.1677427E-02  6.4334639E+01  2.8822949E-03
  2.1823092E-02  6.4298390E+01  2.9211533E-03
  2.1969730E-02  6.4258507E+01  2.9605338E-03
  2.2117347E-02  6.4215024E+01  3.0004435E-03
  2.2265950E-02  6.4167979E+01  3.0408895E-03
  2.2415546E-02  6.4117412E+01  3.0818789E-03
  2.2566140E-02  6.4063365E+01  3.1234190E-03
  2.2717740E-02  6.4005880E+01  3.1655173E-03
  2.2870353E-02  6.3945005E+01  3.2081812E-03
  2.3023985E-02  6.3880787E+01  3.2514182E-03
  2.3178643E-02  6.3813276E+01  3.2952362E-03
  2.3334334E-02  6.3742525E+01  3.3396428E-03
  2.3491065E-02  6.3668588E+01  3.3846460E-03
  2.3648843E-02  6.3591521E+01  3.4302538E-03
  2.3807674E-02  6.3511384E+01  3.4764742E-03
  2.3967566E-02  6.3428238E+01  3.5233155E-03
  2.4128526E-02  6.3342144E+01  3.5707860E-03
  2.4290561E-02  6.3253170E+01  3.6188941E-03
  2.4453678E-02  6.3161382E+01  3.6676485E-03
  2.4617884E-02  6.3066849E+01  3.7170577E-03
  2.4783188E-02  6.2969645E+01  3.7671305E-03
  2.4949595E-02  6.2869841E+01  3.8178759E-03
  2.5117113E-02  6.2767515E+01  3.8693028E-03
  2.5285751E-02  6.2662745E+01  3.9214204E-03
  2.5455514E-02  6.2555611E+01  3.9742379E-03
  2.5626412E-02  6.2446196E+01  4.0277647E-03
  2.5798450E-02  6.2334584E+01  4.0820104E-03
  2.5971638E-02  6.2220861E+01  4.1369846E-03
  2.6145983E-02  6.2105117E+01  4.1926970E-03
  2.6321491E-02  6.1987441E+01  4.2491575E-03
  2.6498172E-02  6.1867928E+01  4.3063762E-03
  2.6676033E-02  6.1746672E+01  4.3643631E-03
  2.6855082E-02  6.1623768E+01  4.4231287E-03
  2.7035327E-02  6.1499317E+01  4.4826834E-03
  2.7216775E-02  6.1373419E+01  4.5430376E-03
  2.7399435E-02  6.1246176E+01  4.6042022E-03
  2.7583315E-02  6.1117693E+01  4.6661880E-03
  2.7768424E-02  6.0988076E+01  4.7290060E-03
  2.7954768E-02  6.0857432E+01  4.7926674E-03
  2.8142357E-02  6.0725873E+01  4.8571834E-03
  2.8331199E-02  6.0593508E+01  4.9225655E-03
  2.8521302E-02  6.0460452E+01  4.9888253E-03
  2.8712675E-02  6.0326820E+01  5.0559746E-03
  2.8905326E-02  6.0192727E+01  5.1240253E-03
  2.9099263E-02  6.0058291E+01  5.1929895E-03
  2.9294496E-02  5.9923632E+01  5.2628794E-03
  2.9491032E-02  5.9788871E+01  5.3337073E-03
  2.9688882E-02  5.9654130E+01  5.4054860E-03
  2.9888052E-02  5.9519533E+01  5.4782280E-03
  3.0088553E-02  5.9385204E+01  5.5519464E-03
  3.0290393E-02  5.9251269E+01  5.6266542E-03
  3.0493580E-02  5.9117855E+01  5.7023646E-03
  3.0698125E-02  5.8985091E+01  5.7790911E-03
  3.0904036E-02  5.8853105E+01  5.8568473E-03
  3.1111322E-02  5.8722029E+01  5.9356470E-03
  3.1319993E-02  5.8591992E+01  6.0155042E-03
  3.1530057E-02  5.8463128E+01  6.0964330E-03
  3.1741524E-02  5.8335567E+01  6.1784477E-03
  3.1954404E-02  5.8209444E+01  6.2615630E-03
  3.2168705E-02  5.8084891E+01  6.3457935E-03
  3.2384437E-02  5.7962044E+01  6.4311543E-03
  3.2601610E-02  5.7841037E+01  6.5176603E-03
  3.2820234E-02  5.7722004E+01  6.6053271E-03
  3.3040318E-02  5.7605081E+01  6.6941700E-03
  3.3261871E-02  5.7490402E+01  6.7842049E-03
  3.3484904E-02  5.7378104E+01  6.8754478E-03
  3.3709427E-02  5.7268321E+01  6.9679147E-03
  3.3935450E-02  5.7161189E+01  7.0616221E-03
  3.4162981E-02  5.7056841E+01  7.1565866E-03
  3.4392033E-02  5.6955414E+01  7.2528251E-03
  3.4622614E-02  5.6857039E+01  7.3503545E-03
  3.4854735E-02  5.6761852E+01  7.4491922E-03
  3.5088407E-02  5.6669984E+01  7.5493556E-03
  3.5323639E-02  5.6581569E+01  7.6508626E-03
  3.5560442E-02  5.6496736E+01  7.7537311E-03
  3.5798827E-02  5.6415616E+01  7.8579793E-03
  3.6038803E-02  5.6338338E+01  7.9636257E-03
  3.6280383E-02  5.6265031E+01  8.0706891E-03
  3.6523575E-02  5.6195820E+01  8.1791883E-03
  3.6768392E-02  5.6130831E+01  8.2891426E-03
  3.7014845E-02  5.6070187E+01  8.4005715E-03
  3.7262943E-02  5.6014011E+01  8.5134947E-03
  3.7512698E-02  5.5962423E+01  8.6279322E-03
  3.7764121E-02  5.5915541E+01  8.7439042E-03
  3.8017223E-02  5.5873481E+01  8.8614314E-03
  3.8272015E-02  5.5836357E+01  8.9805345E-03
  3.8528510E-02  5.5804283E+01  9.1012345E-03
  3.8786717E-02  5.5777367E+01  9.2235530E-03
  3.9046649E-02  5.5755716E+01  9.3475114E-03
  3.9308316E-02  5.5739435E+01  9.4731318E-03
  3.9571732E-02  5.5728626E+01  9.6004364E-03
  3.9836906E-02  5.5723388E+01  9.7294477E-03
  4.0103852E-02  5.5723817E+01  9.8601886E-03
  4.0372580E-02  5.5730006E+01  9.9926821E-03
  4.0643103E-02  5.5742044E+01  1.0126952E-02
  4.0915433E-02  5.5760019E+01  1.0263021E-02
  4.1189582E-02  5.5784014E+01  1.0400915E-02
  4.1465561E-02  5.5814107E+01  1.0540657E-02
  4.1743384E-02  5.5850374E+01  1.0682272E-02
  4.2023062E-02  5.5892889E+01  1.0825785E-02
  4.2304609E-02  5.5941718E+01  1.0971221E-02
  4.2588035E-02  5.5996926E+01  1.1118607E-02
  4.2873354E-02  5.6058574E+01  1.1267968E-02
  4.3160579E-02  5.6126716E+01  1.1419331E-02
  4.3449723E-02  5.6201405E+01  1.1572722E-02
  4.3740797E-02  5.6282686E+01  1.1728169E-02
  4.4033815E-02  5.6370603E+01  1.1885698E-02
  4.4328790E-02  5.6465194E+01  1.2045339E-02
  4.4625736E-02  5.6566491E+01  1.2207119E-02
  4.4924664E-02  5.6674522E+01  1.2371066E-02
  4.5225589E-02  5.6789311E+01  1.2537211E-02
  4.5528524E-02  5.6910876E+01  1.2705581E-02
  4.5833481E-02  5.7039229E+01  1.2876207E-02
  4.6140476E-02  5.7174378E+01  1.3049119E-02
  4.6449521E-02  5.7316326E+01  1.3224347E-02
  4.6760630E-02  5.7465069E+01  1.3401923E-02
  4.7073816E-02  5.7620599E+01  1.3581878E-02
  4.7389095E-02  5.7782902E+01  1.3764243E-02
  4.7706479E-02  5.7951957E+01  1.3949051E-02
  4.8025982E-02  5.8127740E+01  1.4136335E-02
  4.8347620E-02  5.8310219E+01  1.4326126E-02
  4.8671405E-02  5.8499357E+01  1.4518460E-02
  4.8997353E-02  5.8695110E+01  1.4713370E-02
  4.9325478E-02  5.8897430E+01  1.4910891E-02
  4.9655795E-02  5.9106262E+01  1.5111056E-02
  4.9988317E-02  5.9321544E+01  1.5313902E-02
  5.0323060E-02  5.9543210E+01  1.5519464E-02
  5.0660039E-02  5.9771185E+01  1.5727779E-02
  5.0999269E-02  6.0005392E+01  1.5938884E-02
  5.1340764E-02  6.0245743E+01  1.6152814E-02
  5.1684539E-02  6.0492148E+01  1.6369610E-02
  5.2030611E-02  6.0744507E+01  1.6589307E-02
  5.2378994E-02  6.1002718E+01  1.6811947E-02
  5.2729704E-02  6.1266669E+01  1.7037566E-02
  5.3082756E-02  6.1536243E+01  1.7266206E-02
  5.3438165E-02  6.1811319E+01  1.7497907E-02
  5.3795949E-02  6.2091765E+01  1.7732709E-02
  5.4156122E-02  6.2377448E+01  1.7970654E-02
  5.4518700E-02  6.2668226E+01  1.8211784E-02
  5.4883701E-02  6.2963952E+01  1.8456142E-02
  5.5251138E-02  6.3264471E+01  1.8703769E-02
  5.5621030E-02  6.3569623E+01  1.8954711E-02
  5.5993392E-02  6.3879245E+01  1.9209011E-02
  5.6368241E-02  6.4193163E+01  1.9466714E-02
  5.6745593E-02  6.4511201E+01  1.9727865E-02
  5.7125466E-02  6.4833174E+01  1.9992511E-02
  5.7507876E-02  6.5158896E+01  2.0260698E-02
  5.7892839E-02  6.5488170E+01  2.0532473E-02
  5.8280374E-02  6.5820798E+01  2.0807883E-02
  5.8670497E-02  6.6156573E+01  2.1086979E-02
  5.9063225E-02  6.6495286E+01  2.1369808E-02
  5.9458577E-02  6.6836719E+01  2.1656420E-02
  5.9856568E-02  6.7180653E+01  2.1946867E-02
  6.0257218E-02  6.7526862E+01  2.2241198E-02
  6.0660544E-02  6.7875115E+01  2.2539466E-02
  6.1066563E-02  6.8225176E+01  2.2841723E-02
  6.1475294E-02  6.8576806E+01  2.3148022E-02
  6.1886754E-02  6.8929761E+01  2.3458418E-02
  6.2300963E-02  6.9283792E+01  2.3772964E-02
  6.2717938E-02  6.9638648E+01  2.4091716E-02
  6.3137698E-02  6.9994072E+01  2.4414731E-02
  6.3560261E-02  7.0349805E+01  2.4742064E-02
  6.3985646E-02  7.0705583E+01  2.5073773E-02
  6.4413873E-02  7.1061140E+01  2.5409917E-02
  6.4844959E-02  7.1416207E+01  2.5750554E-02
  6.5278925E-02  7.1770511E+01  2.6095745E-02
  6.5715788E-02  7.2123778E+01  2.6445550E-02
  6.6155570E-02  7.2475730E+01  2.6800031E-02
  6.6598288E-02  7.2826088E+01  2.7159249E-02
  6.7043964E-02  7.3174571E+01  2.7523268E-02
  6.7492615E-02  7.3520895E+01  2.7892151E-02
  6.7944263E-02  7.3864777E+01  2.8265964E-02
  6.8398928E-02  7.4205932E+01  2.8644772E-02
  6.8856629E-02  7.4544072E+01  2.9028641E-02
  6.9317387E-02  7.4878911E+01  2.9417638E-02
  6.9781222E-02  7.5210161E+01  2.9811833E-02
  7.0248155E-02  7.5537535E+01  3.0211293E-02
  7.0718207E-02  7.5860747E+01  3.0616089E-02
  7.1191397E-02  7.6179508E+01  3.1026293E-02
  7.1667748E-02  7.6493534E+01  3.1441975E-02
  7.2147281E-02  7.6802540E+01  3.1863208E-02
  7.2630016E-02  7.7106242E+01  3.2290067E-02
  7.3115975E-02  7.7404358E+01  3.2722626E-02
  7.3605179E-02  7.7696608E+01  3.3160961E-02
  7.4097651E-02  7.7982716E+01  3.3605148E-02
  7.4593412E-02  7.8262406E+01  3.4055266E-02
  7.5092484E-02  7.8535406E+01  3.4511392E-02
  7.5594889E-02  7.8801447E+01  3.4973608E-02
  7.6100649E-02  7.9060265E+01  3.5441993E-02
  7.6609787E-02  7.9311598E+01  3.5916630E-02
  7.7122326E-02  7.9555188E+01  3.6397601E-02
  7.7638287E-02  7.9790783E+01  3.6884991E-02
  7.8157695E-02  8.0018135E+01  3.7378884E-02
  7.8680571E-02  8.0237001E+01  3.7879368E-02
  7.9206940E-02  8.0447145E+01  3.8386529E-02
  7.9736824E-02  8.0648333E+01  3.8900456E-02
  8.0270247E-02  8.0840342E+01  3.9421239E-02
  8.0807232E-02  8.1022951E+01  3.9948969E-02
  8.1347804E-02  8.1195948E+01  4.0483737E-02
  8.1891986E-02  8.1359128E+01  4.1025638E-02
  8.2439802E-02  8.1512293E+01  4.1574765E-02
  8.2991277E-02  8.1655252E+01  4.2131215E-02
  8.3546436E-02  8.1787822E+01  4.2695083E-02
  8.4105301E-02  8.1909830E+01  4.3266470E-02
  8.4667900E-02  8.2021108E+01  4.3845474E-02
  8.5234256E-02  8.2121501E+01  4.4432195E-02
  8.5804394E-02  8.2210859E+01  4.5026738E-02
  8.6378340E-02  8.2289044E+01  4.5629203E-02
  8.6956119E-02  8.2355927E+01  4.6239698E-02
  8.7537757E-02  8.2411389E+01  4.6858328E-02
  8.8123279E-02  8.2455319E+01  4.7485200E-02
  8.8712712E-02  8.2487619E+01  4.8120423E-02
  8.9306082E-02  8.2508201E+01  4.8764109E-02
  8.9903414E-02  8.2516987E+01  4.9416369E-02
  9.0504736E-02  8.2513910E+01  5.0077316E-02
  9.1110074E-02  8.2498914E+01  5.0747065E-02
  9.1719455E-02  8.2471956E+01  5.1425733E-02
  9.2332906E-02  8.2433004E+01  5.2113437E-02
  9.2950453E-02  8.2382035E+01  5.2810296E-02
  9.3572125E-02  8.2319042E+01  5.3516432E-02
  9.4197949E-02  8.2244028E+01  5.4231968E-02
  9.4827953E-02  8.2157008E+01  5.4957026E-02
  9.5462164E-02  8.2058010E+01  5.5691734E-02
  9.6100610E-02  8.1947074E+01  5.6436217E-02
  9.6743321E-02  8.1824253E+01  5.7190606E-02
  9.7390324E-02  8.1689612E+01  5.7955031E-02
  9.8041649E-02  8.1543229E+01  5.8729624E-02
  9.8697323E-02  8.1385195E+01  5.9514519E-02
  9.9357376E-02  8.1215614E+01  6.0309853E-02
  1.0002184E-01  8.1034601E+01  6.1115762E-02
  1.0069074E-01  8.0842286E+01  6.1932386E-02
  1.0136410E-01  8.0638811E+01  6.2759866E-02
  1.0204197E-01  8.0424331E+01  6.3598345E-02
  1.0272436E-01  8.0199013E+01  6.4447968E-02
  1.0341131E-01  7.9963038E+01  6.5308882E-02
  1.0410284E-01  7.9716597E+01  6.6181235E-02
  1.0479900E-01  7.9459897E+01  6.7065178E-02
  1.0549980E-01  7.9193155E+01  6.7960863E-02
  1.0620529E-01  7.8916602E+01  6.8868444E-02
  1.0691548E-01  7.8630478E+01  6.9788078E-02
  1.0763042E-01  7.8335040E+01  7.0719924E-02
  1.0835014E-01  7.8030552E+01  7.1664141E-02
  1.0907466E-01  7.7717292E+01  7.2620893E-02
  1.0980402E-01  7.7395549E+01  7.3590343E-02
  1.1053825E-01  7.7065624E+01  7.4572659E-02
  1.1127738E-01  7.6727827E+01  7.5568010E-02
  1.1202145E-01  7.6382481E+01  7.6576565E-02
  1.1277049E-01  7.6029916E+01  7.7598500E-02
  1.1352454E-01  7.5670477E+01  7.8633988E-02
  1.1428362E-01  7.5304514E+01  7.9683208E-02
  1.1504776E-01  7.4932388E+01  8.0746339E-02
  1.1581702E-01  7.4554472E+01  8.1823565E-02
  1.1659141E-01  7.4171142E+01  8.2915068E-02
  1.1737097E-01  7.3782787E+01  8.4021037E-02
  1.1815573E-01  7.3389803E+01  8.5141661E-02
  1.1894574E-01  7.2992591E+01  8.6277131E-02
  1.1974103E-01  7.2591563E+01  8.7427641E-02
  1.2054163E-01  7.2187133E+01  8.8593389E-02
  1.2134757E-01  7.1779725E+01  8.9774573E-02
  1.2215890E-01  7.1369766E+01  9.0971395E-02
  1.2297564E-01  7.0957691E+01  9.2184058E-02
  1.2379784E-01  7.0543936E+01  9.3412771E-02
  1.2462553E-01  7.0128944E+01  9.4657742E-02
  1.2545875E-01  6.9713161E+01  9.5919184E-02
  1.2629753E-01  6.9297035E+01  9.7197311E-02
  1.2714192E-01  6.8881017E+01  9.8492340E-02
  1.2799194E-01  6.8465560E+01  9.9804493E-02
  1.2884764E-01  6.8051118E+01  1.0113399E-01
  1.2970906E-01  6.7638146E+01  1.0248106E-01
  1.3057623E-01  6.7227100E+01  1.0384593E-01
  1.3144919E-01  6.6818434E+01  1.0522884E-01
  1.3232798E-01  6.6412601E+01  1.0663001E-01
  1.3321264E-01  6.6010053E+01  1.0804968E-01
  1.3410321E-01  6.5611240E+01  1.0948810E-01
  1.3499973E-01  6.5216608E+01  1.1094550E-01
  1.3590223E-01  6.4826599E+01  1.1242214E-01
  1.3681076E-01  6.4441654E+01  1.1391827E-01
  1.3772536E-01  6.4062204E+01  1.1543413E-01
  1.3864607E-01  6.3688679E+01  1.1696998E-01
  1.3957293E-01  6.3321501E+01  1.1852609E-01
  1.4050597E-01  6.2961084E+01  1.2010271E-01
  1.4144525E-01  6.2607837E+01  1.2170010E-01
  1.4239080E-01  6.2262159E+01  1.2331855E-01
  1.4334267E-01  6.1924441E+01  1.2495832E-01
  1.4430089E-01  6.1595065E+01  1.2661968E-01
  1.4526552E-01  6.1274403E+01  1.2830291E-01
  1.4623658E-01  6.0962815E+01  1.3000831E-01
  1.4721413E-01  6.0660652E+01  1.3173615E-01
  1.4819821E-01  6.0368253E+01  1.3348672E-01
  1.4918886E-01  6.0085942E+01  1.3526031E-01
  1.5018613E-01  5.9814033E+01  1.3705723E-01
  1.5119006E-01  5.9552826E+01  1.3887777E-01
  1.5220069E-01  5.9302605E+01  1.4072224E-01
  1.5321808E-01  5.9063642E+01  1.4259095E-01
  1.5424226E-01  5.8836193E+01  1.4448419E-01
  1.5527327E-01  5.8620497E+01  1.4640231E-01
  1.5631118E-01  5.8416779E+01  1.4834560E-01
  1.5735601E-01  5.8225247E+01  1.5031439E-01
  1.5840783E-01  5.8046090E+01  1.5230902E-01
  1.5946667E-01  5.7879483E+01  1.5432981E-01
  1.6053257E-01  5.7725580E+01  1.5637709E-01
  1.6160560E-01  5.7584519E+01  1.5845121E-01
  1.6268580E-01  5.7456419E+01  1.6055251E-01
  1.6377321E-01  5.7341378E+01  1.6268134E-01
  1.6486788E-01  5.7239478E+01  1.6483805E-01
  1.6596986E-01  5.7150779E+01  1.6702299E-01
  1.6707921E-01  5.7075323E+01  1.6923652E-01
  1.6819596E-01  5.7013131E+01  1.7147901E-01
  1.6932017E-01  5.6964204E+01  1.7375083E-01
  1.7045188E-01  5.6928523E+01  1.7605236E-01
  1.7159116E-01  5.6906047E+01  1.7838396E-01
  1.7273805E-01  5.6896717E+01  1.8074602E-01
  1.7389259E-01  5.6900451E+01  1.8313893E-01
  1.7505485E-01  5.6917148E+01  1.8556308E-01
  1.7622486E-01  5.6946684E+01  1.8801887E-01
  1.7740270E-01  5.6988916E+01  1.9050669E-01
  1.7858839E-01  5.7043681E+01  1.9302695E-01
  1.7978201E-01  5.7110794E+01  1.9558007E-01
  1.8098360E-01  5.7190048E+01  1.9816645E-01
  1.8219321E-01  5.7281219E+01  2.0078653E-01
  1.8341091E-01  5.7384062E+01  2.0344071E-01
  1.8463673E-01  5.7498309E+01  2.0612944E-01
  1.8587074E-01  5.7623676E+01  2.0885314E-01
  1.8711300E-01  5.7759858E+01  2.1161227E-01
  1.8836355E-01  5.7906531E+01  2.1440726E-01
  1.8962245E-01  5.8063353E+01  2.1723856E-01
  1.9088976E-01  5.8229962E+01  2.2010663E-01
  1.9216553E-01  5.8405980E+01  2.2301193E-01
  1.9344983E-01  5.8591010E+01  2.2595493E-01
  1.9474270E-01  5.8784639E+01  2.2893609E-01
  1.9604420E-01  5.8986437E+01  2.3195591E-01
  1.9735440E-01  5.9195958E+01  2.3501485E-01
  1.9867335E-01  5.9412742E+01  2.3811340E-01
  2.0000111E-01  5.9636312E+01  2.4125207E-01
  2.0133773E-01  5.9866179E+01  2.4443135E-01
  2.0268328E-01  6.0101840E+01  2.4765174E-01
  2.0403782E-01  6.0342777E+01  2.5091375E-01
  2.0540141E-01  6.0588465E+01  2.5421791E-01
  2.0677410E-01  6.0838362E+01  2.5756473E-01
  2.0815596E-01  6.1091919E+01  2.6095474E-01
  2.0954705E-01  6.1348577E+01  2.6438848E-01
  2.1094743E-01  6.1607767E+01  2.6786649E-01
  2.1235716E-01  6.1868913E+01  2.7138930E-01
  2.1377630E-01  6.2131430E+01  2.7495748E-01
  2.1520493E-01  6.2394728E+01  2.7857158E-01
  2.1664310E-01  6.2658211E+01  2.8223217E-01
  2.1809087E-01  6.2921278E+01  2.8593981E-01
  2.1954831E-01  6.3183327E+01  2.8969509E-01
  2.2101548E-01  6.3443748E+01  2.9349858E-01
  2.2249245E-01  6.3701934E+01  2.9735088E-01
  2.2397929E-01  6.3957275E+01  3.0125258E-01
  2.2547606E-01  6.4209160E+01  3.0520429E-01
  2.2698282E-01  6.4456981E+01  3.0920661E-01
  2.2849964E-01  6.4700130E+01  3.1326015E-01
  2.3002660E-01  6.4938003E+01  3.1736554E-01
  2.3156376E-01  6.5170001E+01  3.2152342E-01
  2.3311118E-01  6.5395527E+01  3.2573440E-01
  2.3466893E-01  6.5613992E+01  3.2999914E-01
  2.3623709E-01  6.5824812E+01  3.3431828E-01
  2.3781572E-01  6.6027412E+01  3.3869248E-01
  2.3940490E-01  6.6221226E+01  3.4312240E-01
  2.4100469E-01  6.6405695E+01  3.4760870E-01
  2.4261516E-01  6.6580273E+01  3.5215207E-01
  2.4423639E-01  6.6744424E+01  3.5675319E-01
  2.4586845E-01  6.6897625E+01  3.6141274E-01
  2.4751140E-01  6.7039367E+01  3.6613143E-01
  2.4916533E-01  6.7169152E+01  3.7090996E-01
  2.5083031E-01  6.7286500E+01  3.7574903E-01
  2.5250640E-01  6.7390945E+01  3.8064936E-01
  2.5419369E-01  6.7482038E+01  3.8561169E-01
  2.5589225E-01  6.7559348E+01  3.9063674E-01
  2.5760215E-01  6.7622460E+01  3.9572525E-01
  2.5932347E-01  6.7670979E+01  4.0087797E-01
  2.6105629E-01  6.7704531E+01  4.0609565E-01
  2.6280068E-01  6.7722758E+01  4.1137906E-01
  2.6455672E-01  6.7725328E+01  4.1672895E-01
  2.6632449E-01  6.7711926E+01  4.2214611E-01
  2.6810407E-01  6.7682261E+01  4.2763132E-01
  2.6989553E-01  6.7636063E+01  4.3318538E-01
  2.7169895E-01  6.7573088E+01  4.3880907E-01
  2.7351442E-01  6.7493112E+01  4.4450320E-01
  2.7534202E-01  6.7395936E+01  4.5026859E-01
  2.7718182E-01  6.7281387E+01  4.5610605E-01
  2.7903390E-01  6.7149313E+01  4.6201642E-01
  2.8089836E-01  6.6999590E+01  4.6800052E-01
  2.8277527E-01  6.6832119E+01  4.7405920E-01
  2.8466471E-01  6.6646824E+01  4.8019331E-01
  2.8656678E-01  6.6443657E+01  4.8640371E-01
  2.8848154E-01  6.6222594E+01  4.9269126E-01
  2.9040910E-01  6.5983638E+01  4.9905683E-01
  2.9234952E-01  6.5726818E+01  5.0550130E-01
  2.9430291E-01  6.5452186E+01  5.1202556E-01
  2.9626934E-01  6.5159824E+01  5.1863050E-01
  2.9824891E-01  6.4849837E+01  5.2531702E-01
  3.0024170E-01  6.4522356E+01  5.3208603E-01
  3.0224779E-01  6.4177539E+01  5.3893846E-01
  3.0426729E-01  6.3815566E+01  5.4587521E-01
  3.0630027E-01  6.3436646E+01  5.5289722E-01
  3.0834683E-01  6.3041010E+01  5.6000544E-01
  3.1040706E-01  6.2628913E+01  5.6720080E-01
  3.1248104E-01  6.2200636E+01  5.7448425E-01
  3.1456888E-01  6.1756482E+01  5.8185676E-01
  3.1667066E-01  6.1296777E+01  5.8931929E-01
  3.1878648E-01  6.0821872E+01  5.9687281E-01
  3.2091643E-01  6.0332136E+01  6.0451831E-01
  3.2306061E-01  5.9827963E+01  6.1225676E-01
  3.2521910E-01  5.9309766E+01  6.2008918E-01
  3.2739201E-01  5.8777979E+01  6.2801654E-01
  3.2957944E-01  5.8233054E+01  6.3603987E-01
  3.3178147E-01  5.7675463E+01  6.4416018E-01
  3.3399821E-01  5.7105698E+01  6.5237847E-01
  3.3622975E-01  5.6524263E+01  6.6069579E-01
  3.3847620E-01  5.5931684E+01  6.6911316E-01
  3.4073765E-01  5.5328499E+01  6.7763163E-01
  3.4301420E-01  5.4715263E+01  6.8625223E-01
  3.4530596E-01  5.4092542E+01  6.9497602E-01
  3.4761303E-01  5.3460917E+01  7.0380405E-01
  3.4993550E-01  5.2820981E+01  7.1273738E-01
  3.5227348E-01  5.2173338E+01  7.2177709E-01
  3.5462708E-01  5.1518601E+01  7.3092424E-01
  3.5699640E-01  5.0857392E+01  7.4017991E-01
  3.5938154E-01  5.0190343E+01  7.4954519E-01
  3.6178261E-01  4.9518090E+01  7.5902116E-01
  3.6419971E-01  4.8841277E+01  7.6860892E-01
  3.6663296E-01  4.8160554E+01  7.7830956E-01
  3.6908246E-01  4.7476571E+01  7.8812418E-01
  3.7154832E-01  4.6789984E+01  7.9805389E-01
  3.7403065E-01  4.6101451E+01  8.0809979E-01
  3.7652955E-01  4.5411627E+01  8.1826301E-01
  3.7904515E-01  4.4721172E+01  8.2854464E-01
  3.8157755E-01  4.4030740E+01  8.3894583E-01
  3.8412685E-01  4.3340984E+01  8.4946767E-01
  3.8669319E-01  4.2652555E+01  8.6011131E-01
  3.8927666E-01  4.1966097E+01  8.7087786E-01
  3.9187739E-01  4.1282250E+01  8.8176845E-01
  3.9449549E-01  4.0601647E+01  8.9278422E-01
  3.9713107E-01  3.9924912E+01  9.0392630E-01
  3.9978426E-01  3.9252662E+01  9.1519581E-01
  4.0245517E-01  3.8585505E+01  9.2659390E-01
  4.0514391E-01  3.7924036E+01  9.3812170E-01
  4.0785061E-01  3.7268841E+01  9.4978033E-01
  4.1057539E-01  3.6620492E+01  9.6157094E-01
  4.1331836E-01  3.5979549E+01  9.7349465E-01
  4.1607966E-01  3.5346556E+01  9.8555261E-01
  4.1885939E-01  3.4722045E+01  9.9774593E-01
  4.2165769E-01  3.4106529E+01  1.0100757E+00
  4.2447468E-01  3.3500506E+01  1.0225432E+00
  4.2731049E-01  3.2904459E+01  1.0351494E+00
  4.3016523E-01  3.2318848E+01  1.0478954E+00
  4.3303904E-01  3.1744120E+01  1.0607824E+00
  4.3593204E-01  3.1180699E+01  1.0738115E+00
  4.3884437E-01  3.0628990E+01  1.0869838E+00
  4.4177614E-01  3.0089380E+01  1.1003004E+00
  4.4472749E-01  2.9562231E+01  1.1137624E+00
  4.4769856E-01  2.9047888E+01  1.1273708E+00
  4.5068947E-01  2.8546672E+01  1.1411268E+00
  4.5370035E-01  2.8058882E+01  1.1550315E+00
  4.5673134E-01  2.7584795E+01  1.1690858E+00
  4.5978258E-01  2.7124666E+01  1.1832908E+00
  4.6285419E-01  2.6678725E+01  1.1976477E+00
  4.6594631E-01  2.6247181E+01  1.2121573E+00
  4.6905909E-01  2.5830219E+01  1.2268208E+00
  4.7219266E-01  2.5427999E+01  1.2416391E+00
  4.7534715E-01  2.5040660E+01  1.2566133E+00
  4.7852272E-01  2.4668317E+01  1.2717443E+00
  4.8171949E-01  2.4311058E+01  1.2870331E+00
  4.8493761E-01  2.3968953E+01  1.3024806E+00
  4.8817722E-01  2.3642044E+01  1.3180878E+00
  4.9143847E-01  2.3330352E+01  1.3338556E+00
  4.9472151E-01  2.3033873E+01  1.3497848E+00
  4.9802646E-01  2.2752583E+01  1.3658765E+00
  5.0135349E-01  2.2486432E+01  1.3821313E+00
  5.0470274E-01  2.2235350E+01  1.3985502E+00
  5.0807436E-01  2.1999242E+01  1.4151340E+00
  5.1146850E-01  2.1777995E+01  1.4318835E+00
  5.1488530E-01  2.1571470E+01  1.4487994E+00
  5.1832493E-01  2.1379512E+01  1.4658825E+00
  5.2178752E-01  2.1201941E+01  1.4831335E+00
  5.2527324E-01  2.1038560E+01  1.5005530E+00
  5.2878224E-01  2.0889149E+01  1.5181417E+00
  5.3231468E-01  2.0753473E+01  1.5359004E+00
  5.3587071E-01  2.0631275E+01  1.5538294E+00
  5.3945049E-01  2.0522282E+01  1.5719295E+00
  5.4305417E-01  2.0426203E+01  1.5902010E+00
  5.4668193E-01  2.0342731E+01  1.6086446E+00
  5.5033391E-01  2.0271542E+01  1.6272606E+00
  5.5401028E-01  2.0212299E+01  1.6460495E+00
  5.5771121E-01  2.0164649E+01  1.6650116E+00
  5.6143685E-01  2.0128226E+01  1.6841473E+00
  5.6518738E-01  2.0102651E+01  1.7034568E+00
  5.6896295E-01  2.0087535E+01  1.7229403E+00
  5.7276374E-01  2.0082474E+01  1.7425981E+00
  5.7658991E-01  2.0087060E+01  1.7624303E+00
  5.8044164E-01  2.0100870E+01  1.7824370E+00
  5.8431909E-01  2.0123478E+01  1.8026182E+00
  5.8822244E-01  2.0154447E+01  1.8229738E+00
  5.9215185E-01  2.0193335E+01  1.8435038E+00
  5.9610751E-01  2.0239697E+01  1.8642080E+00
  6.0008959E-01  2.0293078E+01  1.8850863E+00
  6.0409827E-01  2.0353026E+01  1.9061384E+00
  6.0813371E-01  2.0419081E+01  1.9273639E+00
  6.1219611E-01  2.0490785E+01  1.9487625E+00
  6.1628564E-01  2.0567676E+01  1.9703336E+00
  6.2040248E-01  2.0649293E+01  1.9920767E+00
  6.2454681E-01  2.0735177E+01  2.0139912E+00
  6.2871883E-01  2.0824868E+01  2.0360764E+00
  6.3291870E-01  2.0917909E+01  2.0583316E+00
  6.3714663E-01  2.1013848E+01  2.0807558E+00
  6.4140279E-01  2.1112233E+01  2.1033481E+00
  6.4568738E-01  2.1212619E+01  2.1261074E+00
  6.5000059E-01  2.1314565E+01  2.1490328E+00
  6.5434260E-01  2.1417636E+01  2.1721228E+00
  6.5871361E-01  2.1521404E+01  2.1953763E+00
  6.6311381E-01  2.1625447E+01  2.2187917E+00
  6.6754340E-01  2.1729351E+01  2.2423676E+00
  6.7200257E-01  2.1832710E+01  2.2661024E+00
  6.7649152E-01  2.1935127E+01  2.2899943E+00
  6.8101046E-01  2.2036215E+01  2.3140414E+00
  6.8555957E-01  2.2135596E+01  2.3382419E+00
  6.9013907E-01  2.2232903E+01  2.3625936E+00
  6.9474915E-01  2.2327778E+01  2.3870943E+00
  6.9939002E-01  2.2419877E+01  2.4117417E+00
  7.0406189E-01  2.2508865E+01  2.4365333E+00
  7.0876495E-01  2.2594421E+01  2.4614666E+00
  7.1349943E-01  2.2676236E+01  2.4865388E+00
  7.1826553E-01  2.2754013E+01  2.5117470E+00
  7.2306345E-01  2.2827469E+01  2.5370883E+00
  7.2789343E-01  2.2896332E+01  2.5625595E+00
  7.3275565E-01  2.2960346E+01  2.5881573E+00
  7.3765036E-01  2.3019267E+01  2.6138782E+00
  7.4257775E-01  2.3072867E+01  2.6397185E+00
  7.4753805E-01  2.3120929E+01  2.6656746E+00
  7.5253148E-01  2.3163253E+01  2.6917424E+00
  7.5755826E-01  2.3199651E+01  2.7179178E+00
  7.6261861E-01  2.3229950E+01  2.7441965E+00
  7.6771275E-01  2.3253992E+01  2.7705740E+00
  7.7284092E-01  2.3271631E+01  2.7970456E+00
  7.7800334E-01  2.3282738E+01  2.8236065E+00
  7.8320023E-01  2.3287197E+01  2.8502516E+00
  7.8843184E-01  2.3284904E+01  2.8769757E+00
  7.9369838E-01  2.3275772E+01  2.9037733E+00
  7.9900010E-01  2.3259726E+01  2.9306386E+00
  8.0433722E-01  2.3236706E+01  2.9575660E+00
  8.0970999E-01  2.3206664E+01  2.9845491E+00
  8.1511864E-01  2.3169565E+01  3.0115817E+00
  8.2056342E-01  2.3125387E+01  3.0386573E+00
  8.2604456E-01  2.3074123E+01  3.0657690E+00
  8.3156230E-01  2.3015776E+01  3.0929098E+00
  8.3711690E-01  2.2950361E+01  3.1200725E+00
  8.4270859E-01  2.2877907E+01  3.1472495E+00
  8.4833763E-01  2.2798451E+01  3.1744330E+00
  8.5400427E-01  2.2712045E+01  3.2016150E+00
  8.5970874E-01  2.2618748E+01  3.2287872E+00
  8.6545132E-01  2.2518633E+01  3.2559411E+00
  8.7123225E-01  2.2411779E+01  3.2830678E+00
  8.7705179E-01  2.2298280E+01  3.3101581E+00
  8.8291019E-01  2.2178233E+01  3.3372026E+00
  8.8880772E-01  2.2051748E+01  3.3641917E+00
  8.9474464E-01  2.1918942E+01  3.3911153E+00
  9.0072121E-01  2.1779940E+01  3.4179632E+00
  9.0673769E-01  2.1634875E+01  3.4447247E+00
  9.1279436E-01  2.1483887E+01  3.4713890E+00
  9.1889148E-01  2.1327121E+01  3.4979447E+00
  9.2502931E-01  2.1164731E+01  3.5243803E+00
  9.3120814E-01  2.0996875E+01  3.5506839E+00
  9.3742824E-01  2.0823715E+01  3.5768434E+00
  9.4368987E-01  2.0645422E+01  3.6028461E+00
  9.4999333E-01  2.0462168E+01  3.6286792E+00
  9.5633889E-01  2.0274131E+01  3.6543294E+00
  9.6272682E-01  2.0081490E+01  3.6797832E+00
  9.6915742E-01  1.9884431E+01  3.7050265E+00
  9.7563096E-01  1.9683141E+01  3.7300452E+00
  9.8214774E-01  1.9477807E+01  3.7548244E+00
  9.8870804E-01  1.9268623E+01  3.7793492E+00
  9.9531216E-01  1.9055781E+01  3.8036042E+00
  1.0019604E+00  1.8839475E+01  3.8275735E+00
  1.0086530E+00  1.8619900E+01  3.8512411E+00
  1.0153903E+00  1.8397253E+01  3.8745904E+00
  1.0221726E+00  1.8171730E+01  3.8976044E+00
  1.0290003E+00  1.7943525E+01  3.9202659E+00
  1.0358735E+00  1.7712835E+01  3.9425572E+00
  1.0427926E+00  1.7479854E+01  3.9644601E+00
  1.0497579E+00  1.7244776E+01  3.9859563E+00
  1.0567698E+00  1.7007794E+01  4.0070268E+00
  1.0638284E+00  1.6769096E+01  4.0276524E+00
  1.0709343E+00  1.6528874E+01  4.0478135E+00
  1.0780875E+00  1.6287312E+01  4.0674899E+00
  1.0852886E+00  1.6044595E+01  4.0866614E+00
  1.0925377E+00  1.5800904E+01  4.1053070E+00
  1.0998353E+00  1.5556419E+01  4.1234056E+00
  1.1071816E+00  1.5311315E+01  4.1409356E+00
  1.1145769E+00  1.5065765E+01  4.1578751E+00
  1.1220217E+00  1.4819937E+01  4.1742017E+00
  1.1295162E+00  1.4573997E+01  4.1898926E+00
  1.1370607E+00  1.4328106E+01  4.2049250E+00
  1.1446556E+00  1.4082424E+01  4.2192753E+00
  1.1523012E+00  1.3837104E+01  4.2329198E+00
  1.1599979E+00  1.3592295E+01  4.2458343E+00
  1.1677460E+00  1.3348144E+01  4.2579946E+00
  1.1755459E+00  1.3104792E+01  4.2693757E+00
  1.1833978E+00  1.2862375E+01  4.2799528E+00
  1.1913022E+00  1.2621028E+01  4.2897004E+00
  1.1992594E+00  1.2380877E+01  4.2985930E+00
  1.2072697E+00  1.2142046E+01  4.3066046E+00
  1.2153335E+00  1.1904655E+01  4.3137093E+00
  1.2234512E+00  1.1668818E+01  4.3198806E+00
  1.2316231E+00  1.1434645E+01  4.3250921E+00
  1.2398495E+00  1.1202241E+01  4.3293171E+00
  1.2481309E+00  1.0971706E+01  4.3325288E+00
  1.2564676E+00  1.0743136E+01  4.3347002E+00
  1.2648600E+00  1.0516624E+01  4.3358042E+00
  1.2733084E+00  1.0292254E+01  4.3358137E+00
  1.2818133E+00  1.0070111E+01  4.3347018E+00
  1.2903750E+00  9.8502701E+00  4.3324411E+00
  1.2989938E+00  9.6328061E+00  4.3290047E+00
  1.3076702E+00  9.4177873E+00  4.3243656E+00
  1.3164046E+00  9.2052780E+00  4.3184970E+00
  1.3251972E+00  8.9953383E+00  4.3113722E+00
  1.3340487E+00  8.7880240E+00  4.3029648E+00
  1.3429592E+00  8.5833867E+00  4.2932487E+00
  1.3519292E+00  8.3814739E+00  4.2821982E+00
  1.3609592E+00  8.1823292E+00  4.2697879E+00
  1.3700494E+00  7.9859922E+00  4.2559930E+00
  1.3792004E+00  7.7924985E+00  4.2407891E+00
  1.3884124E+00  7.6018801E+00  4.2241526E+00
  1.3976860E+00  7.4141653E+00  4.2060604E+00
  1.4070216E+00  7.2293788E+00  4.1864903E+00
  1.4164195E+00  7.0475419E+00  4.1654211E+00
  1.4258801E+00  6.8686724E+00  4.1428323E+00
  1.4354039E+00  6.6927849E+00  4.1187048E+00
  1.4449914E+00  6.5198908E+00  4.0930203E+00
  1.4546428E+00  6.3499985E+00  4.0657620E+00
  1.4643588E+00  6.1831133E+00  4.0369145E+00
  1.4741396E+00  6.0192378E+00  4.0064640E+00
  1.4839857E+00  5.8583717E+00  3.9743981E+00
  1.4938976E+00  5.7005120E+00  3.9407065E+00
  1.5038757E+00  5.5456533E+00  3.9053807E+00
  1.5139205E+00  5.3937878E+00  3.8684143E+00
  1.5240323E+00  5.2449052E+00  3.8298031E+00
  1.5342116E+00  5.0989930E+00  3.7895456E+00
  1.5444590E+00  4.9560365E+00  3.7476426E+00
  1.5547748E+00  4.8160193E+00  3.7040979E+00
  1.5651594E+00  4.6789225E+00  3.6589183E+00
  1.5756135E+00  4.5447260E+00  3.6121137E+00
  1.5861373E+00  4.4134074E+00  3.5636977E+00
  1.5967314E+00  4.2849430E+00  3.5136873E+00
  1.6073963E+00  4.1593076E+00  3.4621037E+00
  1.6181324E+00  4.0364741E+00  3.4089720E+00
  1.6289403E+00  3.9164146E+00  3.3543221E+00
  1.6398203E+00  3.7990996E+00  3.2981885E+00
  1.6507729E+00  3.6844985E+00  3.2406107E+00
  1.6617987E+00  3.5725795E+00  3.1816336E+00
  1.6728982E+00  3.4633099E+00  3.1213079E+00
  1.6840718E+00  3.3566561E+00  3.0596905E+00
  1.6953200E+00  3.2525834E+00  2.9968443E+00
  1.7066433E+00  3.1510566E+00  2.9328396E+00
  1.7180422E+00  3.0520396E+00  2.8677534E+00
  1.7295173E+00  2.9554958E+00  2.8016707E+00
  1.7410690E+00  2.8613879E+00  2.7346847E+00
  1.7526979E+00  2.7696780E+00  2.6668968E+00
  1.7644044E+00  2.6803281E+00  2.5984177E+00
  1.7761892E+00  2.5932996E+00  2.5293679E+00
  1.7880526E+00  2.5085535E+00  2.4598778E+00
  1.7999952E+00  2.4260507E+00  2.3900885E+00
  1.8120176E+00  2.3457519E+00  2.3201525E+00
  1.8241203E+00  2.2676174E+00  2.2502344E+00
  1.8363039E+00  2.1916078E+00  2.1805111E+00
  1.8485688E+00  2.1176832E+00  2.1111731E+00
  1.8609156E+00  2.0458041E+00  2.0424247E+00
  1.8733449E+00  1.9759306E+00  1.9744851E+00
  1.8858572E+00  1.9080233E+00  1.9075890E+00
  1.8984530E+00  1.8420427E+00  1.8419877E+00
  1.9111330E+00  1.7779495E+00  1.7779495E+00
  1.9238977E+00  1.7157044E+00  1.7157044E+00
  1.9367476E+00  1.6552686E+00  1.6552686E+00
  1.9496833E+00  1.5966034E+00  1.5966034E+00
  1.9627055E+00  1.5396703E+00  1.5396703E+00
  1.9758145E+00  1.4844314E+00  1.4844314E+00
  1.9890112E+00  1.4308488E+00  1.4308488E+00
  2.0022960E+00  1.3788850E+00  1.3788850E+00
  2.0156695E+00  1.3285031E+00  1.3285031E+00
  2.0291323E+00  1.2796664E+00  1.2796664E+00
  2.0426851E+00  1.2323386E+00  1.2323386E+00
  2.0563283E+00  1.1864840E+00  1.1864840E+00
  2.0700627E+00  1.1420671E+00  1.1420671E+00
  2.0838888E+00  1.0990531E+00  1.0990531E+00
  2.0978072E+00  1.0574075E+00  1.0574075E+00
  2.1118186E+00  1.0170963E+00  1.0170963E+00
  2.1259236E+00  9.7808614E-01  9.7808614E-01
  2.1401227E+00  9.4034394E-01  9.4034394E-01
  2.1544168E+00  9.0383727E-01  9.0383727E-01
  2.1688062E+00  8.6853419E-01  8.6853419E-01
  2.1832918E+00  8.3440324E-01  8.3440324E-01
  2.1978741E+00  8.0141353E-01  8.0141353E-01
  2.2125538E+00  7.6953467E-01  7.6953467E-01
  2.2273316E+00  7.3873680E-01  7.3873680E-01
  2.2422080E+00  7.0899060E-01  7.0899060E-01
  2.2571838E+00  6.8026728E-01  6.8026728E-01
  2.2722596E+00  6.5253858E-01  6.5253858E-01
  2.2874361E+00  6.2577678E-01  6.2577678E-01
  2.3027140E+00  5.9995468E-01  5.9995468E-01
  2.3180939E+00  5.7504562E-01  5.7504562E-01
  2.3335765E+00  5.5102347E-01  5.5102347E-01
  2.3491625E+00  5.2786262E-01  5.2786262E-01
  2.3648526E+00  5.0553799E-01  5.0553799E-01
  2.3806475E+00  4.8402503E-01  4.8402503E-01
  2.3965479E+00  4.6329969E-01  4.6329969E-01
  2.4125544E+00  4.4333843E-01  4.4333843E-01
  2.4286679E+00  4.2411825E-01  4.2411825E-01
  2.4448890E+00  4.0561662E-01  4.0561662E-01
  2.4612184E+00  3.8781153E-01  3.8781153E-01
  2.4776569E+00  3.7068147E-01  3.7068147E-01
  2.4942052E+00  3.5420540E-01  3.5420540E-01
  2.5108640E+00  3.3836279E-01  3.3836279E-01
  2.5276340E+00  3.2313356E-01  3.2313356E-01
  2.5445161E+00  3.0849813E-01  3.0849813E-01
  2.5615109E+00  2.9443737E-01  2.9443737E-01
  2.5786192E+00  2.8093264E-01  2.8093264E-01
  2.5958418E+00  2.6796571E-01  2.6796571E-01
  2.6131793E+00  2.5551883E-01  2.5551883E-01
  2.6306327E+00  2.4357471E-01  2.4357471E-01
  2.6482027E+00  2.3211645E-01  2.3211645E-01
  2.6658900E+00  2.2112762E-01  2.2112762E-01
  2.6836954E+00  2.1059220E-01  2.1059220E-01
  2.7016197E+00  2.0049459E-01  2.0049459E-01
  2.7196637E+00  1.9081959E-01  1.9081959E-01
  2.7378283E+00  1.8155243E-01  1.8155243E-01
  2.7561142E+00  1.7267872E-01  1.7267872E-01
  2.7745222E+00  1.6418445E-01  1.6418445E-01
  2.7930531E+00  1.5605602E-01  1.5605602E-01
  2.8117078E+00  1.4828020E-01  1.4828020E-01
  2.8304871E+00  1.4084413E-01  1.4084413E-01
  2.8493918E+00  1.3373530E-01  1.3373530E-01
  2.8684227E+00  1.2694159E-01  1.2694159E-01
  2.8875808E+00  1.2045121E-01  1.2045121E-01
  2.9068668E+00  1.1425272E-01  1.1425272E-01
  2.9262816E+00  1.0833501E-01  1.0833501E-01
  2.9458261E+00  1.0268732E-01  1.0268732E-01
  2.9655011E+00  9.7299208E-02  9.7299208E-02
  2.9853075E+00  9.2160541E-02  9.2160541E-02
  3.0052462E+00  8.7261509E-02  8.7261509E-02
  3.0253180E+00  8.2592606E-02  8.2592606E-02
  3.0455239E+00  7.8144625E-02  7.8144625E-02
  3.0658648E+00  7.3908653E-02  7.3908653E-02
  3.0863415E+00  6.9876064E-02  6.9876064E-02
  3.1069550E+00  6.6038511E-02  6.6038511E-02
  3.1277061E+00  6.2387923E-02  6.2387923E-02
  3.1485958E+00  5.8916496E-02  5.8916496E-02
  3.1696251E+00  5.5616689E-02  5.5616689E-02
  3.1907947E+00  5.2481217E-02  5.2481217E-02
  3.2121058E+00  4.9503043E-02  4.9503043E-02
  3.2335592E+00  4.6675375E-02  4.6675375E-02
  3.2551559E+00  4.3991659E-02  4.3991659E-02
  3.2768968E+00  4.1445574E-02  4.1445574E-02
  3.2987829E+00  3.9031022E-02  3.9031022E-02
  3.3208152E+00  3.6742128E-02  3.6742128E-02
  3.3429946E+00  3.4573231E-02  3.4573231E-02
  3.3653222E+00  3.2518879E-02  3.2518879E-02
  3.3877988E+00  3.0573821E-02  3.0573821E-02
  3.4104256E+00  2.8733008E-02  2.8733008E-02
  3.4332035E+00  2.6991579E-02  2.6991579E-02
  3.4561335E+00  2.5344864E-02  2.5344864E-02
  3.4792167E+00  2.3788373E-02  2.3788373E-02
  3.5024540E+00  2.2317790E-02  2.2317790E-02
  3.5258466E+00  2.0928975E-02  2.0928975E-02
  3.5493953E+00  1.9617950E-02  1.9617950E-02
  3.5731014E+00  1.8380901E-02  1.8380901E-02
  3.5969657E+00  1.7214168E-02  1.7214168E-02
  3.6209895E+00  1.6114245E-02  1.6114245E-02
  3.6451736E+00  1.5077770E-02  1.5077770E-02
  3.6695193E+00  1.4101526E-02  1.4101526E-02
  3.6940276E+00  1.3182430E-02  1.3182430E-02
  3.7186996E+00  1.2317534E-02  1.2317534E-02
  3.7435364E+00  1.1504018E-02  1.1504018E-02
  3.7685390E+00  1.0739187E-02  1.0739187E-02
  3.7937086E+00  1.0020464E-02  1.0020464E-02
  3.8190463E+00  9.3453885E-03  9.3453885E-03
  3.8445533E+00  8.7116128E-03  8.7116128E-03
  3.8702305E+00  8.1168956E-03  8.1168956E-03
  3.8960793E+00  7.5590996E-03  7.5590996E-03
  3.9221007E+00  7.0361876E-03  7.0361876E-03
  3.9482959E+00  6.5462186E-03  6.5462186E-03
  3.9746661E+00  6.0873444E-03  6.0873444E-03
  4.0012123E+00  5.6578056E-03  5.6578056E-03
  4.0279359E+00  5.2559285E-03  5.2559285E-03
  4.0548379E+00  4.8801220E-03  4.8801220E-03
  4.0819196E+00  4.5288736E-03  4.5288736E-03
  4.1091822E+00  4.2007469E-03  4.2007469E-03
  4.1366269E+00  3.8943782E-03  3.8943782E-03
  4.1642548E+00  3.6084735E-03  3.6084735E-03
  4.1920673E+00  3.3418058E-03  3.3418058E-03
  4.2200655E+00  3.0932118E-03  3.0932118E-03
  4.2482507E+00  2.8615899E-03  2.8615899E-03
  4.2766241E+00  2.6458967E-03  2.6458967E-03
  4.3051870E+00  2.4451450E-03  2.4451450E-03
  4.3339407E+00  2.2584012E-03  2.2584012E-03
  4.3628864E+00  2.0847827E-03  2.0847827E-03
  4.3920255E+00  1.9234558E-03  1.9234558E-03
  4.4213592E+00  1.7736332E-03  1.7736332E-03
  4.4508887E+00  1.6345722E-03  1.6345722E-03
  4.4806155E+00  1.5055722E-03  1.5055722E-03
  4.5105408E+00  1.3859728E-03  1.3859728E-03
  4.5406660E+00  1.2751520E-03  1.2751520E-03
  4.5709924E+00  1.1725242E-03  1.1725242E-03
  4.6015213E+00  1.0775385E-03  1.0775385E-03
  4.6322541E+00  9.8967674E-04  9.8967674E-04
  4.6631922E+00  9.0845199E-04  9.0845199E-04
  4.6943368E+00  8.3340698E-04  8.3340698E-04
  4.7256895E+00  7.6411248E-04  7.6411248E-04
  4.7572516E+00  7.0016588E-04  7.0016588E-04
  4.7890245E+00  6.4118970E-04  6.4118970E-04
  4.8210095E+00  5.8683033E-04  5.8683033E-04
  4.8532082E+00  5.3675667E-04  5.3675667E-04
  4.8856220E+00  4.9065890E-04  4.9065890E-04
  4.9182522E+00  4.4824732E-04  4.4824732E-04
  4.9511003E+00  4.0925121E-04  4.0925121E-04
  4.9841678E+00  3.7341772E-04  3.7341772E-04
  5.0174562E+00  3.4051088E-04  3.4051088E-04
  5.0509669E+00  3.1031060E-04  3.1031060E-04
  5.0847014E+00  2.8261174E-04  2.8261174E-04
  5.1186612E+00  2.5722322E-04  2.5722322E-04
  5.1528478E+00  2.3396718E-04  2.3396718E-04
  5.1872627E+00  2.1267816E-04  2.1267816E-04
  5.2219074E+00  1.9320235E-04  1.9320235E-04
  5.2567836E+00  1.7539688E-04  1.7539688E-04
  5.2918926E+00  1.5912911E-04  1.5912911E-04
  5.3272362E+00  1.4427599E-04  1.4427599E-04
  5.3628158E+00  1.3072345E-04  1.3072345E-04
  5.3986330E+00  1.1836580E-04  1.1836580E-04
  5.4346894E+00  1.0710522E-04  1.0710522E-04
  5.4709867E+00  9.6851180E-05  9.6851180E-05
  5.5075263E+00  8.7520021E-05  8.7520021E-05
  5.5443100E+00  7.9034439E-05  7.9034439E-05
  5.5813394E+00  7.1323072E-05  7.1323072E-05
  5.6186160E+00  6.4320090E-05  6.4320090E-05
  5.6561416E+00  5.7964805E-05  5.7964805E-05
  5.6939179E+00  5.2201316E-05  5.2201316E-05
  5.7319464E+00  4.6978163E-05  4.6978163E-05
  5.7702289E+00  4.2248009E-05  4.2248009E-05
  5.8087671E+00  3.7967346E-05  3.7967346E-05
  5.8475627E+00  3.4096211E-05  3.4096211E-05
  5.8866174E+00  3.0597924E-05  3.0597924E-05
  5.9259329E+00  2.7438846E-05  2.7438846E-05
  5.9655109E+00  2.4588145E-05  2.4588145E-05
  6.0053533E+00  2.2017590E-05  2.2017590E-05
  6.0454618E+00  1.9701345E-05  1.9701345E-05
  6.0858382E+00  1.7615785E-05  1.7615785E-05
  6.1264842E+00  1.5739325E-05  1.5739325E-05
  6.1674017E+00  1.4052258E-05  1.4052258E-05
  6.2085925E+00  1.2536603E-05  1.2536603E-05
  6.2500583E+00  1.1175973E-05  1.1175973E-05
  6.2918011E+00  9.9554353E-06  9.9554353E-06
  6.3338227E+00  8.8614031E-06  8.8614031E-06
  6.3761249E+00  7.8815172E-06  7.8815172E-06
  6.4187097E+00  7.0045464E-06  7.0045464E-06
  6.4615788E+00  6.2202923E-06  6.2202923E-06
  6.5047343E+00  5.5195017E-06  5.5195017E-06
  6.5481780E+00  4.8937856E-06  4.8937856E-06
  6.5919118E+00  4.3355445E-06  4.3355445E-06
  6.6359377E+00  3.8378997E-06  3.8378997E-06
  6.6802577E+00  3.3946302E-06  3.3946302E-06
  6.7248736E+00  3.0001142E-06  3.0001142E-06
  6.7697875E+00  2.6492753E-06  2.6492753E-06
  6.8150014E+00  2.3375341E-06  2.3375341E-06
  6.8605173E+00  2.0607620E-06  2.0607620E-06
  6.9063371E+00  1.8152408E-06  1.8152408E-06
  6.9524629E+00  1.5976242E-06  1.5976242E-06
  6.9988968E+00  1.4049032E-06  1.4049032E-06
  7.0456409E+00  1.2343746E-06  1.2343746E-06
  7.0926971E+00  1.0836119E-06  1.0836119E-06
  7.1400675E+00  9.5043863E-07  9.5043863E-07
  7.1877544E+00  8.3290465E-07  8.3290465E-07
  7.2357597E+00  7.2926387E-07  7.2926387E-07
  7.2840857E+00  6.3795434E-07  6.3795434E-07
  7.3327343E+00  5.5758011E-07  5.5758011E-07
  7.3817079E+00  4.8689461E-07  4.8689461E-07
  7.4310086E+00  4.2478572E-07  4.2478572E-07
  7.4806386E+00  3.7026216E-07  3.7026216E-07
  7.5306000E+00  3.2244111E-07  3.2244111E-07
  7.5808950E+00  2.8053711E-07  2.8053711E-07
  7.6315260E+00  2.4385194E-07  2.4385194E-07
  7.6824951E+00  2.1176553E-07  2.1176553E-07
  7.7338047E+00  1.8372767E-07  1.8372767E-07
  7.7854569E+00  1.5925065E-07  1.5925065E-07
  7.8374540E+00  1.3790257E-07  1.3790257E-07
  7.8897985E+00  1.1930125E-07  1.1930125E-07
  7.9424925E+00  1.0310892E-07  1.0310892E-07
  7.9955385E+00  8.9027277E-08  8.9027277E-08
  8.0489387E+00  7.6793173E-08  7.6793173E-08
  8.1026956E+00  6.6174674E-08  6.6174674E-08
  8.1568115E+00  5.6967568E-08  5.6967568E-08
  8.2112888E+00  4.8992231E-08  4.8992231E-08
  8.2661299E+00  4.2090819E-08  4.2090819E-08
  8.3213374E+00  3.6124774E-08  3.6124774E-08
  8.3769135E+00  3.0972583E-08  3.0972583E-08
  8.4328608E+00  2.6527797E-08  2.6527797E-08
  8.4891817E+00  2.2697255E-08  2.2697255E-08
  8.5458788E+00  1.9399511E-08  1.9399511E-08
  8.6029546E+00  1.6563435E-08  1.6563435E-08
  8.6604115E+00  1.4126972E-08  1.4126972E-08
  8.7182522E+00  1.2036042E-08  1.2036042E-08
  8.7764792E+00  1.0243565E-08  1.0243565E-08
  8.8350951E+00  8.7085959E-09  8.7085959E-09
  8.8941024E+00  7.3955693E-09  7.3955693E-09
  8.9535038E+00  6.2736220E-09  6.2736220E-09
  9.0133020E+00  5.3160021E-09  5.3160021E-09
  9.0734995E+00  4.4995470E-09  4.4995470E-09
  9.1340990E+00  3.8042237E-09  3.8042237E-09
  9.1951033E+00  3.2127259E-09  3.2127259E-09
  9.2565150E+00  2.7101194E-09  2.7101194E-09
  9.3183368E+00  2.2835315E-09  2.2835315E-09
  9.3805716E+00  1.9218795E-09  1.9218795E-09
  9.4432219E+00  1.6156324E-09  1.6156324E-09
  9.5062907E+00  1.3566034E-09  1.3566034E-09
  9.5697807E+00  1.1377683E-09  1.1377683E-09
  9.6336948E+00  9.5310775E-10  9.5310775E-10
  9.6980356E+00  7.9746948E-10  7.9746948E-10
  9.7628063E+00  6.6644856E-10  6.6644856E-10
  9.8280094E+00  5.5628366E-10  5.5628366E-10
  9.8936481E+00  4.6376679E-10  4.6376679E-10
  9.9597251E+00  3.8616529E-10  3.8616529E-10
  1.0026243E+01  3.2115421E-10  3.2115421E-10
  1.0093206E+01  2.6675792E-10  2.6675792E-10
  1.0160616E+01  2.2129971E-10  2.2129971E-10
  1.0228476E+01  1.8335835E-10  1.8335835E-10
  1.0296789E+01  1.5173065E-10  1.5173065E-10
  1.0365559E+01  1.2539932E-10  1.2539932E-10
  1.0434787E+01  1.0350533E-10  1.0350533E-10
  1.0504478E+01  8.5324216E-11  8.5324216E-11
  1.0574635E+01  7.0245800E-11  7.0245800E-11
  1.0645260E+01  5.7756817E-11  5.7756817E-11
  1.0716357E+01  4.7426089E-11  4.7426089E-11
  1.0787928E+01  3.8891874E-11  3.8891874E-11
  1.0859978E+01  3.1851084E-11  3.1851084E-11
  1.0932509E+01  2.6050115E-11  2.6050115E-11
  1.1005524E+01  2.1277048E-11  2.1277048E-11
  1.1079027E+01  1.7355043E-11  1.7355043E-11
  1.1153021E+01  1.4136723E-11  1.4136723E-11
  1.1227509E+01  1.1499442E-11  1.1499442E-11
  1.1302494E+01  9.3412688E-12  9.3412688E-12
  1.1377980E+01  7.5776095E-12  7.5776095E-12
  1.1453970E+01  6.1383538E-12  6.1383538E-12
  1.1530468E+01  4.9654777E-12  4.9654777E-12
  1.1607477E+01  4.0110275E-12  4.0110275E-12
  1.1685000E+01  3.2354282E-12  3.2354282E-12
  1.1763041E+01  2.6060659E-12  2.6060659E-12
  1.1841603E+01  2.0961026E-12  2.0961026E-12
  1.1920690E+01  1.6834845E-12  1.6834845E-12
  1.2000305E+01  1.3501160E-12  1.3501160E-12
  1.2080451E+01  1.0811708E-12  1.0811708E-12
  1.2161133E+01  8.6451921E-13  8.6451921E-13
  1.2242354E+01  6.9025247E-13  6.9025247E-13
  1.2324117E+01  5.5028804E-13  5.5028804E-13
  1.2406426E+01  4.3804300E-13  4.3804300E-13
  1.2489285E+01  3.4816390E-13  3.4816390E-13
  1.2572698E+01  2.7630374E-13  2.7630374E-13
  1.2656667E+01  2.1893819E-13  2.1893819E-13
  1.2741197E+01  1.7321428E-13  1.7321428E-13
  1.2826292E+01  1.3682608E-13  1.3682608E-13
  1.2911955E+01  1.0791274E-13  1.0791274E-13
  1.2998191E+01  8.4974916E-14  8.4974916E-14
  1.3085002E+01  6.6806470E-14  6.6806470E-14
  1.3172393E+01  5.2438657E-14  5.2438657E-14
  1.3260367E+01  4.1094654E-14  4.1094654E-14
  1.3348929E+01  3.2152540E-14  3.2152540E-14
  1.3438083E+01  2.5115211E-14  2.5115211E-14
  1.3527832E+01  1.9585982E-14  1.9585982E-14
  1.3618181E+01  1.5248819E-14  1.5248819E-14
  1.3709132E+01  1.1852356E-14  1.1852356E-14
  1.3800692E+01  9.1969983E-15  9.1969983E-15
  1.3892862E+01  7.1245214E-15  7.1245214E-15
  1.3985649E+01  5.5097092E-15  5.5097092E-15
  1.4079055E+01  4.2536351E-15  4.2536351E-15
  1.4173085E+01  3.2782759E-15  3.2782759E-15
  1.4267743E+01  2.5222005E-15  2.5222005E-15
  1.4363033E+01  1.9371249E-15  1.9371249E-15
  1.4458959E+01  1.4851647E-15  1.4851647E-15
  1.4555526E+01  1.1366468E-15  1.1366468E-15
  1.4652738E+01  8.6837124E-16  8.6837124E-16
  1.4750599E+01  6.6223052E-16  6.6223052E-16
  1.4849114E+01  5.0411744E-16  5.0411744E-16
  1.4948287E+01  3.8306097E-16  3.8306097E-16
  1.5048122E+01  2.9054443E-16  2.9054443E-16
  1.5148624E+01  2.1996849E-16  2.1996849E-16
  1.5249797E+01  1.6622885E-16  1.6622885E-16
  1.5351646E+01  1.2538485E-16  1.2538485E-16
  1.5454175E+01  9.4399820E-17  9.4399820E-17
  1.5557389E+01  7.0938063E-17  7.0938063E-17
  1.5661292E+01  5.3206434E-17  5.3206434E-17
  1.5765889E+01  3.9830909E-17  3.9830909E-17
  1.5871185E+01  2.9760625E-17  2.9760625E-17
  1.5977184E+01  2.2193415E-17  2.2193415E-17
  1.6083891E+01  1.6518131E-17  1.6518131E-17
  1.6191310E+01  1.2270064E-17  1.2270064E-17
  1.6299447E+01  9.0965400E-18  9.0965400E-18
  1.6408306E+01  6.7304401E-18  6.7304401E-18
  1.6517892E+01  4.9698446E-18  4.9698446E-18
  1.6628210E+01  3.6624233E-18  3.6624233E-18
  1.6739265E+01  2.6934867E-18  2.6934867E-18
  1.6851061E+01  1.9768600E-18  1.9768600E-18
  1.6963604E+01  1.4479243E-18  1.4479243E-18
  1.7076899E+01  1.0583244E-18  1.0583244E-18
  1.7190950E+01  7.7194930E-19  7.7194930E-19
  1.7305764E+01  5.6188803E-19  5.6188803E-19
  1.7421343E+01  4.0812744E-19  4.0812744E-19
  1.7537695E+01  2.9581536E-19  2.9581536E-19
  1.7654824E+01  2.1395304E-19  2.1395304E-19
  1.7772735E+01  1.5441264E-19  1.5441264E-19
  1.7891434E+01  1.1120074E-19  1.1120074E-19
  1.8010925E+01  7.9907346E-20  7.9907346E-20
  1.8131215E+01  5.7294592E-20  5.7294592E-20
  1.8252307E+01  4.0990397E-20  4.0990397E-20
  1.8374209E+01  2.9260774E-20  2.9260774E-20
  1.8496925E+01  2.0840985E-20  2.0840985E-20
  1.8620460E+01  1.4810611E-20  1.4810611E-20
  1.8744820E+01  1.0501311E-20  1.0501311E-20
  1.8870011E+01  7.4288787E-21  7.4288787E-21
  1.8996038E+01  5.2433114E-21  5.2433114E-21
  1.9122907E+01  3.6921897E-21  3.6921897E-21
  1.9250623E+01  2.5938905E-21  2.5938905E-21
  1.9379191E+01  1.8180332E-21  1.8180332E-21
  1.9508619E+01  1.2712406E-21  1.2712406E-21
  1.9638911E+01  8.8679369E-22  8.8679369E-22
  1.9770073E+01  6.1713402E-22  6.1713402E-22
  1.9902111E+01  4.2844146E-22  4.2844146E-22
  2.0035031E+01  2.9672329E-22  2.9672329E-22
  2.0168839E+01  2.0499954E-22  2.0499954E-22
  2.0303540E+01  1.4128244E-22  1.4128244E-22
  2.0439141E+01  9.7129330E-23  9.7129330E-23
  2.0575648E+01  6.6608915E-23  6.6608915E-23
  2.0713066E+01  4.5564527E-23  4.5564527E-23
  2.0851402E+01  3.1090424E-23  3.1090424E-23
  2.0990662E+01  2.1160424E-23  2.1160424E-23
  2.1130852E+01  1.4365233E-23  1.4365233E-23
  2.1271979E+01  9.7271172E-24  9.7271172E-24
  2.1414047E+01  6.5694850E-24  6.5694850E-24
  2.1557065E+01  4.4253404E-24  4.4253404E-24
  2.1701038E+01  2.9731900E-24  2.9731900E-24
  2.1845972E+01  1.9922857E-24  1.9922857E-24
  2.1991875E+01  1.3314532E-24  1.3314532E-24
  2.2138751E+01  8.8743753E-25  8.8743753E-25
  2.2286609E+01  5.8990148E-25  5.8990148E-25
  2.2435454E+01  3.9105981E-25  3.9105981E-25
  2.2585293E+01  2.5853596E-25  2.5853596E-25
  2.2736133E+01  1.7045285E-25  1.7045285E-25
  2.2887981E+01  1.1206905E-25  1.1206905E-25
  2.3040842E+01  7.3477988E-26  7.3477988E-26
  2.3194725E+01  4.8040864E-26  4.8040864E-26
  2.3349635E+01  3.1321186E-26  3.1321186E-26
  2.3505580E+01  2.0362507E-26  2.0362507E-26
  2.3662566E+01  1.3200234E-26  1.3200234E-26
  2.3820601E+01  8.5325942E-27  8.5325942E-27
  2.3979691E+01  5.4994748E-27  5.4994748E-27
  2.4139844E+01  3.5342200E-27  3.5342200E-27
  2.4301066E+01  2.2645905E-27  2.2645905E-27
  2.4463365E+01  1.4467750E-27  1.4467750E-27
  2.4626748E+01  9.2154998E-28  9.2154998E-28
  2.4791222E+01  5.8524097E-28  5.8524097E-28
  2.4956794E+01  3.7054397E-28  3.7054397E-28
  2.5123473E+01  2.3389730E-28  2.3389730E-28
  2.5291264E+01  1.4719134E-28  1.4719134E-28
  2.5460177E+01  9.2342577E-29  9.2342577E-29
  2.5630217E+01  5.7753119E-29  5.7753119E-29
  2.5801393E+01  3.6007553E-29  3.6007553E-29
  2.5973712E+01  2.2379346E-29  2.2379346E-29
  2.6147182E+01  1.3865249E-29  1.3865249E-29
  2.6321811E+01  8.5629858E-30  8.5629858E-30
  2.6497606E+01  5.2714586E-30  5.2714586E-30
  2.6674574E+01  3.2347078E-30  3.2347078E-30
  2.6852725E+01  1.9784662E-30  1.9784662E-30
  2.7032066E+01  1.2061520E-30  1.2061520E-30
  2.7212604E+01  7.3290181E-31  7.3290181E-31
  2.7394348E+01  4.4386438E-31  4.4386438E-31
  2.7577306E+01  2.6792048E-31  2.6792048E-31
  2.7761486E+01  1.6117695E-31  1.6117695E-31
  2.7946896E+01  9.6634359E-32  9.6634359E-32
  2.8133544E+01  5.7740694E-32  5.7740694E-32
  2.8321439E+01  3.4383043E-32  3.4383043E-32
  2.8510589E+01  2.0403681E-32  2.0403681E-32
  2.8701002E+01  1.2066036E-32  1.2066036E-32
  2.8892686E+01  7.1105377E-33  7.1105377E-33
  2.9085651E+01  4.1755321E-33  4.1755321E-33
  2.9279905E+01  2.4433324E-33  2.4433324E-33
  2.9475456E+01  1.4246368E-33  1.4246368E-33
  2.9672313E+01  8.2768739E-34  8.2768739E-34
  2.9870484E+01  4.7913599E-34  4.7913599E-34
  3.0069979E+01  2.7635736E-34  2.7635736E-34
  3.0270807E+01  1.5881535E-34  1.5881535E-34
  3.0472976E+01  9.0931098E-35  9.0931098E-35
  3.0676495E+01  5.1870466E-35  5.1870466E-35
  3.0881373E+01  2.9478460E-35  2.9478460E-35
  3.1087620E+01  1.6689968E-35  1.6689968E-35
  3.1295244E+01  9.4137209E-36  9.4137209E-36
  3.1504254E+01  5.2894585E-36  5.2894585E-36
  3.1714661E+01  2.9606978E-36  2.9606978E-36
  3.1926472E+01  1.6508164E-36  1.6508164E-36
  3.2139699E+01  9.1688326E-37  9.1688326E-37
  3.2354349E+01  5.0725759E-37  5.0725759E-37
  3.2570433E+01  2.7953161E-37  2.7953161E-37
  3.2787960E+01  1.5342979E-37  1.5342979E-37
  3.3006940E+01  8.3879008E-38  8.3879008E-38
  3.3227383E+01  4.5672009E-38  4.5672009E-38
  3.3449298E+01  2.4767855E-38  2.4767855E-38
  3.3672694E+01  1.3376900E-38  1.3376900E-38
  3.3897583E+01  7.1951585E-39  7.1951585E-39
  3.4123974E+01  3.8541724E-39  3.8541724E-39
  3.4351877E+01  2.0559653E-39  2.0559653E-39
  3.4581301E+01  1.0921497E-39  1.0921497E-39
  3.4812258E+01  5.7772096E-40  5.7772096E-40
  3.5044758E+01  3.0430662E-40  3.0430662E-40
  3.5278810E+01  1.5960616E-40  1.5960616E-40
  3.5514426E+01  8.3352842E-41  8.3352842E-41
  3.5751615E+01  4.3342225E-41  4.3342225E-41
  3.5990388E+01  2.2439306E-41  2.2439306E-41
  3.6230756E+01  1.1566511E-41  1.1566511E-41
  3.6472729E+01  5.9357736E-42  5.9357736E-42
  3.6716318E+01  3.0326437E-42  3.0326437E-42
  3.6961534E+01  1.5424875E-42  1.5424875E-42
  3.7208388E+01  7.8102521E-43  7.8102521E-43
  3.7456890E+01  3.9367562E-43  3.9367562E-43
  3.7707052E+01  1.9752807E-43  1.9752807E-43
  3.7958885E+01  9.8655818E-44  9.8655818E-44
  3.8212400E+01  4.9046357E-44  4.9046357E-44
  3.8467608E+01  2.4269874E-44  2.4269874E-44
  3.8724520E+01  1.1953400E-44  1.1953400E-44
  3.8983148E+01  5.8595583E-45  5.8595583E-45
  3.9243504E+01  2.8587362E-45  2.8587362E-45
  3.9505598E+01  1.3880503E-45  1.3880503E-45
  3.9769442E+01  6.7072476E-46  6.7072476E-46
  4.0035049E+01  3.2253545E-46  3.2253545E-46
  4.0302430E+01  1.5434424E-46  1.5434424E-46
  4.0571596E+01  7.3496910E-47  7.3496910E-47
  4.0842560E+01  3.4825638E-47  3.4825638E-47
  4.1115334E+01  1.6419731E-47  1.6419731E-47
  4.1389930E+01  7.7029209E-48  7.7029209E-48
  4.1666359E+01  3.5954455E-48  3.5954455E-48
  4.1944635E+01  1.6697180E-48  1.6697180E-48
  4.2224769E+01  7.7145737E-49  7.7145737E-49
  4.2506774E+01  3.5460447E-49  3.5460447E-49
  4.2790662E+01  1.6215299E-49  1.6215299E-49
  4.3076447E+01  7.3763091E-50  7.3763091E-50
  4.3364140E+01  3.3378856E-50  3.3378856E-50
  4.3653754E+01  1.5024730E-50  1.5024730E-50
  4.3945303E+01  6.7271234E-51  6.7271234E-51
  4.4238799E+01  2.9958778E-51  2.9958778E-51
  4.4534255E+01  1.3270130E-51  1.3270130E-51
  4.4831684E+01  5.8461088E-52  5.8461088E-52
  4.5131100E+01  2.5614357E-52  2.5614357E-52
  4.5432515E+01  1.1161148E-52  1.1161148E-52
  4.5735943E+01  4.8364403E-53  4.8364403E-53
  4.6041398E+01  2.0841042E-53  2.0841042E-53
  4.6348893E+01  8.9304515E-54  8.9304515E-54
  4.6658442E+01  3.8051468E-54  3.8051468E-54
  4.6970058E+01  1.6121184E-54  1.6121184E-54
  4.7283755E+01  6.7909947E-55  6.7909947E-55
  4.7599547E+01  2.8442258E-55  2.8442258E-55
  4.7917448E+01  1.1843284E-55  1.1843284E-55
  4.8237473E+01  4.9027610E-56  4.9027610E-56
  4.8559634E+01  2.0176819E-56  2.0176819E-56
  4.8883948E+01  8.2545033E-57  8.2545033E-57
  4.9210427E+01  3.3568981E-57  3.3568981E-57
  4.9539087E+01  1.3569909E-57  1.3569909E-57
  4.9869942E+01  5.4524260E-58  5.4524260E-58
  5.0203006E+01  2.1775043E-58  2.1775043E-58
  5.0538295E+01  8.6430481E-59  8.6430481E-59
  5.0875823E+01  3.4095385E-59  3.4095385E-59
  5.1215605E+01  1.3366787E-59  1.3366787E-59
  5.1557657E+01  5.2076659E-60  5.2076659E-60
  5.1901993E+01  2.0161627E-60  2.0161627E-60
  5.2248629E+01  7.7563258E-61  7.7563258E-61
  5.2597579E+01  2.9649408E-61  2.9649408E-61
  5.2948861E+01  1.1261257E-61  1.1261257E-61
  5.3302488E+01  4.2496176E-62  4.2496176E-62
  5.3658477E+01  1.5932578E-62  1.5932578E-62
  5.4016844E+01  5.9343952E-63  5.9343952E-63
  5.4377604E+01  2.1958464E-63  2.1958464E-63
  5.4740774E+01  8.0712949E-64  8.0712949E-64
  5.5106368E+01  2.9470048E-64  2.9470048E-64
  5.5474405E+01  1.0687972E-64  1.0687972E-64
  5.5844900E+01  3.8500547E-65  3.8500547E-65
  5.6217869E+01  1.3774499E-65  1.3774499E-65
  5.6593329E+01  4.8944296E-66  4.8944296E-66
  5.6971296E+01  1.7271324E-66  1.7271324E-66
  5.7351788E+01  6.0523802E-67  6.0523802E-67
  5.7734821E+01  2.1061216E-67  2.1061216E-67
  5.8120412E+01  7.2774080E-68  7.2774080E-68
  5.8508578E+01  2.4968001E-68  2.4968001E-68
  5.8899337E+01  8.5052171E-69  8.5052171E-69
  5.9292706E+01  2.8764752E-69  2.8764752E-69
  5.9688701E+01  9.6580259E-70  9.6580259E-70
  6.0087342E+01  3.2191955E-70  3.2191955E-70
  6.0488644E+01  1.0651633E-70  1.0651633E-70
  6.0892627E+01  3.4984311E-71  3.4984311E-71
  6.1299308E+01  1.1405047E-71  1.1405047E-71
  6.1708705E+01  3.6903329E-72  3.6903329E-72
  6.2120837E+01  1.1851048E-72  1.1851048E-72
  6.2535720E+01  3.7770133E-73  3.7770133E-73
  6.2953375E+01  1.1945890E-73  1.1945890E-73
  6.3373819E+01  3.7492491E-74  3.7492491E-74
  6.3797071E+01  1.1676244E-74  1.1676244E-74
  6.4223150E+01  3.6080485E-75  3.6080485E-75
  6.4652074E+01  1.1061879E-75  1.1061879E-75
  6.5083863E+01  3.3647256E-76  3.3647256E-76
  6.5518536E+01  1.0153396E-76  1.0153396E-76
  6.5956112E+01  3.0394182E-77  3.0394182E-77
  6.6396610E+01  9.0253368E-78  9.0253368E-78
  6.6840050E+01  2.6583147E-78  2.6583147E-78
  6.7286452E+01  7.7659650E-79  7.7659650E-79
  6.7735835E+01  2.2501235E-79  2.2501235E-79
  6.8188219E+01  6.4656901E-80  6.4656901E-80
  6.8643625E+01  1.8424533E-80  1.8424533E-80
  6.9102072E+01  5.2062678E-81  5.2062678E-81
  6.9563581E+01  1.4587473E-81  1.4587473E-81
  7.0028172E+01  4.0525854E-82  4.0525854E-82
  7.0495866E+01  1.1162400E-82  1.1162400E-82
  7.0966683E+01  3.0481115E-83  3.0481115E-83
  7.1440645E+01  8.2513772E-84  8.2513772E-84
  7.1917773E+01  2.2142087E-84  2.2142087E-84
  7.2398087E+01  5.8895379E-85  5.8895379E-85
  7.2881609E+01  1.5527026E-85  1.5527026E-85
  7.3368360E+01  4.0570782E-86  4.0570782E-86
  7.3858362E+01  1.0505820E-86  1.0505820E-86
  7.4351636E+01  2.6959465E-87  2.6959465E-87
  7.4848205E+01  6.8553621E-88  6.8553621E-88
  7.5348090E+01  1.7272697E-88  1.7272697E-88
  7.5851314E+01  4.3119483E-89  4.3119483E-89
  7.6357899E+01  1.0664566E-89  1.0664566E-89
  7.6867867E+01  2.6130415E-90  2.6130415E-90
  7.7381241E+01  6.3422838E-91  6.3422838E-91
  7.7898043E+01  1.5253239E-91  1.5253239E-91
  7.8418297E+01  3.6407698E-92  3.6407698E-92
  7.8942026E+01  8.6073431E-93  8.6073431E-93
  7.9469252E+01  2.0154035E-93  2.0154035E-93
  8.0000000E+01  4.6735187E-94  4.6735187E-94
