   7.5000000E-02  -1.0003455E+19
   1.5000000E-01  -1.3783832E+19
   2.2500000E-01   4.9591620E+18
   3.0000000E-01   3.0629765E+19
   3.7500000E-01   2.6270916E+19
   4.5000000E-01  -1.2458799E+19
   5.2500000E-01  -4.1631966E+19
   6.0000000E-01  -2.2268394E+19
   6.7500000E-01   2.5325856E+19
   7.5000000E-01   4.2804564E+19
   8.2500000E-01   7.8058936E+18
   9.0000000E-01  -3.5977731E+19
   9.7500000E-01  -3.4070325E+19
   1.0500000E+00   9.4820772E+18
   1.1250000E+00   3.8785872E+19
   1.2000000E+00   1.8549158E+19
   1.2750000E+00  -2.2762333E+19
   1.3500000E+00  -3.2625662E+19
   1.4250000E+00  -1.7419995E+18
   1.5000000E+00   2.8041479E+19
   1.5750000E+00   2.0406573E+19
   1.6500000E+00  -1.1062625E+19
   1.7250000E+00  -2.5140643E+19
   1.8000000E+00  -6.9794237E+18
   1.8750000E+00   1.6991336E+19
   1.9500000E+00   1.6969391E+19
   2.0250000E+00  -3.3462734E+18
   2.1000000E+00  -1.6292329E+19
   2.1750000E+00  -7.6241788E+18
   2.2500000E+00   8.4761617E+18
   2.3250000E+00   1.1491744E+19
   2.4000000E+00   4.1543784E+17
   2.4750000E+00  -8.8041361E+18
   2.5500000E+00  -5.7475207E+18
   2.6250000E+00   3.2408239E+18
   2.7000000E+00   6.3059383E+18
   2.7750000E+00   1.3812869E+18
   2.8500000E+00  -3.7730814E+18
   2.9250000E+00  -3.2032996E+18
   3.0000000E+00   7.6664510E+17
   3.0750000E+00   2.6040978E+18
   3.1500000E+00   9.6006416E+17
   3.2250000E+00  -1.1043786E+18
   3.3000000E+00  -1.1566145E+18
   3.3750000E+00   1.8645158E+16
   3.4500000E+00   5.8077385E+17
   3.5250000E+00   2.4042262E+17
   3.6000000E+00  -8.6205614E+16
   3.6750000E+00  -1.5285479E+16
   3.7500000E+00   2.2778674E+16
   3.8250000E+00  -1.7345225E+17
   3.9000000E+00  -2.2082308E+17
   3.9750000E+00   8.7743329E+16
   4.0500000E+00   3.4740895E+17
   4.1250000E+00   1.5717051E+17
   4.2000000E+00  -2.4415325E+17
   4.2750000E+00  -3.1870759E+17
   4.3500000E+00   5.5197347E+15
   4.4250000E+00   2.7618712E+17
   4.5000000E+00   1.7348177E+17
   4.5750000E+00  -1.0306400E+17
   4.6500000E+00  -1.8829206E+17
   4.7250000E+00  -4.1996600E+16
   4.8000000E+00   9.0411529E+16
   4.8750000E+00   6.8113119E+16
   4.9500000E+00  -6.2232630E+15
   5.0250000E+00  -1.2980110E+16
   5.1000000E+00   9.1898359E+15
   5.1750000E+00  -2.0438533E+16
   5.2500000E+00  -6.2503464E+16
   5.3250000E+00  -2.3405074E+16
   5.4000000E+00   7.3190052E+16
   5.4750000E+00   9.7292228E+16
   5.5500000E+00  -4.4981021E+14
   5.6250000E+00  -1.0621420E+17
   5.7000000E+00  -9.0176961E+16
   5.7750000E+00   2.4141009E+16
   5.8500000E+00   9.8434564E+16
   5.9250000E+00   5.9671950E+16
   6.0000000E+00  -2.4621886E+16
   6.0750000E+00  -5.4872827E+16
   6.1500000E+00  -2.2942042E+16
   6.2250000E+00   6.8441360E+15
   6.3000000E+00   1.6202204E+15
   6.3750000E+00  -7.5152268E+15
   6.4500000E+00   8.6691888E+15
   6.5250000E+00   2.8288583E+16
   6.6000000E+00   1.6546044E+16
   6.6750000E+00  -1.6501119E+16
   6.7500000E+00  -2.8446199E+16
   6.8250000E+00  -5.2460646E+15
   6.9000000E+00   2.0804662E+16
   6.9750000E+00   1.7945872E+16
   7.0500000E+00  -4.4885119E+15
   7.1250000E+00  -1.5535237E+16
   7.2000000E+00  -6.1176469E+15
   7.2750000E+00   5.6434317E+15
   7.3500000E+00   5.6013310E+15
   7.4250000E+00   1.8639108E+14
   7.5000000E+00  -3.4761452E+14
   7.5750000E+00   1.3525746E+15
   7.6500000E+00  -1.5082865E+15
   7.7250000E+00  -5.3395552E+15
   7.8000000E+00  -2.0544550E+15
   7.8750000E+00   5.6432008E+15
   7.9500000E+00   6.6728259E+15
   8.0250000E+00  -1.2612389E+15
   8.1000000E+00  -7.4285454E+15
   8.1750000E+00  -3.7599271E+15
   8.2500000E+00   3.8711330E+15
   8.3250000E+00   5.2520566E+15
   8.4000000E+00   2.9667522E+14
   8.4750000E+00  -3.0383437E+15
   8.5500000E+00  -1.5351586E+15
   8.6250000E+00   4.2101302E+14
   8.7000000E+00  -1.0457501E+14
   8.7750000E+00  -3.2472262E+14
   8.8500000E+00   1.6555984E+15
   8.9250000E+00   2.4158393E+15
   9.0000000E+00  -7.2783320E+14
   9.0750000E+00  -3.9197878E+15
   9.1500000E+00  -2.0599291E+15
   9.2250000E+00   2.8284021E+15
   9.3000000E+00   4.0300265E+15
   9.3750000E+00   3.8639827E+13
   9.4500000E+00  -3.4312695E+15
   9.5250000E+00  -2.1057838E+15
   9.6000000E+00   1.1926526E+15
   9.6750000E+00   1.8507697E+15
   9.7500000E+00   2.6009523E+14
   9.8250000E+00  -2.9573052E+14
   9.9000000E+00   3.2925357E+14
   9.9750000E+00  -2.8502802E+14
   1.0050000E+01  -1.7895154E+15
   1.0125000E+01  -1.0810724E+15
   1.0200000E+01   1.9315674E+15
   1.0275000E+01   3.0191399E+15
   1.0350000E+01  -2.4133734E+13
   1.0425000E+01  -3.3507403E+15
   1.0500000E+01  -2.3558143E+15
   1.0575000E+01   1.5285788E+15
   1.0650000E+01   3.0268848E+15
   1.0725000E+01   7.0077668E+14
   1.0800000E+01  -1.6345218E+15
   1.0875000E+01  -1.2040620E+15
   1.0950000E+01   1.1212854E+14
   1.1025000E+01  -6.8972159E+13
   1.1100000E+01  -4.8840618E+14
   1.1175000E+01   8.7868197E+14
   1.1250000E+01   2.3281031E+15
   1.1325000E+01   6.7977232E+14
   1.1400000E+01  -2.9022886E+15
   1.1475000E+01  -3.4857641E+15
   1.1550000E+01   4.7525852E+14
   1.1625000E+01   4.2073244E+15
   1.1700000E+01   2.9379866E+15
   1.1775000E+01  -1.5352696E+15
   1.1850000E+01  -3.5687370E+15
   1.1925000E+01  -1.4266511E+15
   1.2000000E+01   1.1919381E+15
   1.2075000E+01   1.1989793E+15
   1.2150000E+01   8.7199367E+13
   1.2225000E+01   4.5750213E+14
   1.2300000E+01   1.4844100E+15
   1.2375000E+01   5.5706810E+14
   1.2450000E+01  -1.9830310E+15
   1.2525000E+01  -2.8358917E+15
   1.2600000E+01  -5.6870506E+14
   1.2675000E+01   2.1531969E+15
   1.2750000E+01   2.2189108E+15
   1.2825000E+01   1.0161438E+14
   1.2900000E+01  -1.3089939E+15
   1.2975000E+01  -7.5532521E+14
   1.3050000E+01   3.3650856E+14
   1.3125000E+01   4.8718070E+14
   1.3200000E+01   2.5088179E+13
   1.3275000E+01  -9.9367939E+13
   1.3350000E+01   6.0690649E+13
   1.3425000E+01  -7.6330530E+13
   1.3500000E+01  -3.6175572E+14
   1.3575000E+01  -1.8348948E+14
   1.3650000E+01   3.5003909E+14
   1.3725000E+01   4.6051550E+14
   1.3800000E+01  -6.5583740E+13
   1.3875000E+01  -5.0491541E+14
   1.3950000E+01  -2.8044572E+14
   1.4025000E+01   2.2968409E+14
   1.4100000E+01   3.3842263E+14
   1.4175000E+01   2.9867523E+13
   1.4250000E+01  -1.8321660E+14
   1.4325000E+01  -9.5419986E+13
   1.4400000E+01   2.0435760E+13
   1.4475000E+01  -1.1756995E+13
   1.4550000E+01  -2.2758465E+13
   1.4625000E+01   9.4549286E+13
   1.4700000E+01   1.4010089E+14
   1.4775000E+01  -3.2182495E+13
   1.4850000E+01  -2.0559411E+14
   1.4925000E+01  -1.1220826E+14
   1.5000000E+01   1.3394245E+14
