   7.5000000E-02   2.5631893E-01
   1.5000000E-01   9.3063252E-01
   2.2500000E-01   1.7964457E+00
   3.0000000E-01   2.6150232E+00
   3.7500000E-01   3.2250428E+00
   4.5000000E-01   3.5645786E+00
   5.2500000E-01   3.6468969E+00
   6.0000000E-01   3.5244150E+00
   6.7500000E-01   3.2604178E+00
   7.5000000E-01   2.9129757E+00
   8.2500000E-01   2.5284147E+00
   9.0000000E-01   2.1403602E+00
   9.7500000E-01   1.7713149E+00
   1.0500000E+00   1.4349926E+00
   1.1250000E+00   1.1385711E+00
   1.2000000E+00   8.8457160E-01
   1.2750000E+00   6.7232794E-01
   1.3500000E+00   4.9910599E-01
   1.4250000E+00   3.6094516E-01
   1.5000000E+00   2.5328358E-01
   1.5750000E+00   1.7141151E-01
   1.6500000E+00   1.1078588E-01
   1.7250000E+00   6.7232762E-02
   1.8000000E+00   3.7061023E-02
   1.8750000E+00   1.7108951E-02
   1.9500000E+00   4.7429844E-03
   2.0250000E+00  -2.1747754E-03
   2.1000000E+00  -5.3370614E-03
   2.1750000E+00  -6.0500784E-03
   2.2500000E+00  -5.2935509E-03
   2.3250000E+00  -3.7779956E-03
   2.4000000E+00  -1.9969361E-03
   2.4750000E+00  -2.7305664E-04
   2.5500000E+00   1.2019264E-03
   2.6250000E+00   2.3334776E-03
   2.7000000E+00   3.0961403E-03
   2.7750000E+00   3.5106401E-03
   2.8500000E+00   3.6256934E-03
   2.9250000E+00   3.5040057E-03
   3.0000000E+00   3.2119457E-03
   3.0750000E+00   2.8123708E-03
   3.1500000E+00   2.3600855E-03
   3.2250000E+00   1.8994223E-03
   3.3000000E+00   1.4634610E-03
   3.3750000E+00   1.0744411E-03
   3.4500000E+00   7.4497028E-04
   3.5250000E+00   4.7969349E-04
   3.6000000E+00   2.7715010E-04
   3.6750000E+00   1.3161119E-04
   3.7500000E+00   3.4750341E-05
   3.8250000E+00  -2.2943592E-05
   3.9000000E+00  -5.1056430E-05
   3.9750000E+00  -5.8448835E-05
   4.0500000E+00  -5.2746385E-05
   4.1250000E+00  -4.0080854E-05
   4.2000000E+00  -2.5033703E-05
   4.2750000E+00  -1.0729362E-05
   4.3500000E+00   9.7230980E-07
   4.4250000E+00   9.2294376E-06
   4.5000000E+00   1.3954644E-05
   4.5750000E+00   1.5563021E-05
   4.6500000E+00   1.4751047E-05
   4.7250000E+00   1.2317771E-05
   4.8000000E+00   9.0326262E-06
   4.8750000E+00   5.5487763E-06
   4.9500000E+00   2.3570009E-06
   5.0250000E+00  -2.2731302E-07
   5.1000000E+00  -2.0525785E-06
   5.1750000E+00  -3.1033518E-06
   5.2500000E+00  -3.4643620E-06
   5.3250000E+00  -3.2826608E-06
   5.4000000E+00  -2.7327397E-06
   5.4750000E+00  -1.9878093E-06
   5.5500000E+00  -1.1988987E-06
   5.6250000E+00  -4.8212728E-07
   5.7000000E+00   8.6503000E-08
   5.7750000E+00   4.7012768E-07
   5.8500000E+00   6.6554331E-07
   5.9250000E+00   6.9501605E-07
   6.0000000E+00   5.9702505E-07
   6.0750000E+00   4.1730830E-07
   6.1500000E+00   2.0121133E-07
   6.2250000E+00  -1.2053727E-08
   6.3000000E+00  -1.9300052E-07
   6.3750000E+00  -3.2338398E-07
   6.4500000E+00  -3.9594108E-07
   6.5250000E+00  -4.1280092E-07
   6.6000000E+00  -3.8306656E-07
   6.6750000E+00  -3.2005716E-07
   6.7500000E+00  -2.3863016E-07
   6.8250000E+00  -1.5290062E-07
   6.9000000E+00  -7.4556055E-08
   6.9750000E+00  -1.1848884E-08
   7.0500000E+00   3.0752598E-08
   7.1250000E+00   5.2351351E-08
   7.2000000E+00   5.4992570E-08
   7.2750000E+00   4.2785587E-08
   7.3500000E+00   2.0940108E-08
   7.4250000E+00  -5.1427145E-09
   7.5000000E+00  -3.0619418E-08
   7.5750000E+00  -5.1729945E-08
   7.6500000E+00  -6.6077249E-08
   7.7250000E+00  -7.2673704E-08
   7.8000000E+00  -7.1794255E-08
   7.8750000E+00  -6.4692970E-08
   7.9500000E+00  -5.3246062E-08
   8.0250000E+00  -3.9581687E-08
   8.1000000E+00  -2.5747052E-08
   8.1750000E+00  -1.3449010E-08
   8.2500000E+00  -3.8880799E-09
   8.3250000E+00   2.3098261E-09
   8.4000000E+00   5.0731106E-09
   8.4750000E+00   4.7945076E-09
   8.5500000E+00   2.1958107E-09
   8.6250000E+00  -1.8267364E-09
   8.7000000E+00  -6.3526954E-09
   8.7750000E+00  -1.0564430E-08
   8.8500000E+00  -1.3838004E-08
   8.9250000E+00  -1.5792685E-08
   9.0000000E+00  -1.6299544E-08
   9.0750000E+00  -1.5454781E-08
   9.1500000E+00  -1.3528179E-08
   9.2250000E+00  -1.0896709E-08
   9.3000000E+00  -7.9751778E-09
   9.3750000E+00  -5.1539238E-09
   9.4500000E+00  -2.7493540E-09
   9.5250000E+00  -9.7350252E-10
   9.6000000E+00   7.8035675E-11
   9.6750000E+00   4.2027630E-10
   9.7500000E+00   1.5927116E-10
   9.8250000E+00  -5.3693889E-10
   9.9000000E+00  -1.4701695E-09
   9.9750000E+00  -2.4441561E-09
   1.0050000E+01  -3.2902693E-09
   1.0125000E+01  -3.8853581E-09
   1.0200000E+01  -4.1629026E-09
   1.0275000E+01  -4.1097791E-09
   1.0350000E+01  -3.7644280E-09
   1.0425000E+01  -3.1976277E-09
   1.0500000E+01  -2.5043675E-09
   1.0575000E+01  -1.7806984E-09
   1.0650000E+01  -1.1161989E-09
   1.0725000E+01  -5.7809902E-10
   1.0800000E+01  -2.0863859E-10
   1.0875000E+01  -2.1080747E-11
   1.0950000E+01  -3.0381634E-12
   1.1025000E+01  -1.2147677E-10
   1.1100000E+01  -3.3071587E-10
   1.1175000E+01  -5.7912467E-10
   1.1250000E+01  -8.1958460E-10
   1.1325000E+01  -1.0108710E-09
   1.1400000E+01  -1.1284625E-09
   1.1475000E+01  -1.1578031E-09
   1.1550000E+01  -1.1033192E-09
   1.1625000E+01  -9.7673807E-10
   1.1700000E+01  -8.0121019E-10
   1.1775000E+01  -6.0284732E-10
   1.1850000E+01  -4.0575234E-10
   1.1925000E+01  -2.3573038E-10
   1.2000000E+01  -1.0372096E-10
   1.2075000E+01  -2.4281248E-11
   1.2150000E+01   7.4879322E-12
   1.2225000E+01  -6.5666628E-12
   1.2300000E+01  -5.4893715E-11
   1.2375000E+01  -1.1971395E-10
   1.2450000E+01  -1.9567905E-10
   1.2525000E+01  -2.5670688E-10
   1.2600000E+01  -3.0709409E-10
   1.2675000E+01  -3.2956263E-10
   1.2750000E+01  -3.2486226E-10
   1.2825000E+01  -3.0569274E-10
   1.2900000E+01  -2.5033076E-10
   1.2975000E+01  -2.0761358E-10
   1.3050000E+01  -1.3413346E-10
   1.3125000E+01  -8.8629561E-11
   1.3200000E+01  -3.6114025E-11
   1.3275000E+01  -3.1872066E-12
   1.3350000E+01   1.0441237E-11
   1.3425000E+01   1.8705874E-11
   1.3500000E+01   5.8473508E-12
   1.3575000E+01  -1.2516012E-11
   1.3650000E+01  -3.2991341E-11
   1.3725000E+01  -5.5335274E-11
   1.3800000E+01  -8.2013455E-11
   1.3875000E+01  -7.7292585E-11
   1.3950000E+01  -1.0552152E-10
   1.4025000E+01  -8.1915857E-11
   1.4100000E+01  -7.7960934E-11
   1.4175000E+01  -7.7245796E-11
   1.4250000E+01  -2.6346353E-11
   1.4325000E+01  -4.5443742E-11
   1.4400000E+01  -2.9245013E-12
   1.4475000E+01   7.9567042E-12
   1.4550000E+01  -2.9764129E-12
   1.4625000E+01   2.8845964E-11
   1.4700000E+01   7.1932087E-12
   1.4775000E+01   9.1589938E-12
   1.4850000E+01   3.7089831E-12
   1.4925000E+01  -1.7829140E-12
   1.5000000E+01  -1.9613971E-11
