 # l=           0 basis function with energy   -0.77875014271222709     
  0.0000E+00  0.0000E+00  0.0000E+00  0.0000E+00
  8.8912E-07  2.6798E-05  5.4587E-07  1.0996E-06
  1.7842E-06  5.1251E-05  1.0954E-06  2.2065E-06
  2.6852E-06  7.4987E-05  1.6486E-06  3.3208E-06
  3.5923E-06  9.8320E-05  2.2054E-06  4.4426E-06
  4.5054E-06  1.2139E-04  2.7660E-06  5.5718E-06
  5.4246E-06  1.4429E-04  3.3304E-06  6.7086E-06
  6.3499E-06  1.6707E-04  3.8985E-06  7.8530E-06
  7.2815E-06  1.8977E-04  4.4704E-06  9.0051E-06
  8.2192E-06  2.1242E-04  5.0461E-06  1.0165E-05
  9.1632E-06  2.3504E-04  5.6257E-06  1.1332E-05
  1.0114E-05  2.5764E-04  6.2091E-06  1.2508E-05
  1.1070E-05  2.8025E-04  6.7965E-06  1.3691E-05
  1.2033E-05  3.0286E-04  7.3877E-06  1.4882E-05
  1.3003E-05  3.2551E-04  7.9829E-06  1.6081E-05
  1.3979E-05  3.4818E-04  8.5821E-06  1.7288E-05
  1.4961E-05  3.7089E-04  9.1853E-06  1.8503E-05
  1.5950E-05  3.9365E-04  9.7925E-06  1.9726E-05
  1.6946E-05  4.1645E-04  1.0404E-05  2.0957E-05
  1.7948E-05  4.3932E-04  1.1019E-05  2.2197E-05
  1.8957E-05  4.6224E-04  1.1639E-05  2.3444E-05
  1.9973E-05  4.8524E-04  1.2262E-05  2.4701E-05
  2.0995E-05  5.0830E-04  1.2890E-05  2.5965E-05
  2.2025E-05  5.3143E-04  1.3522E-05  2.7238E-05
  2.3061E-05  5.5464E-04  1.4158E-05  2.8520E-05
  2.4104E-05  5.7794E-04  1.4799E-05  2.9810E-05
  2.5154E-05  6.0131E-04  1.5443E-05  3.1108E-05
  2.6211E-05  6.2477E-04  1.6092E-05  3.2416E-05
  2.7275E-05  6.4832E-04  1.6746E-05  3.3732E-05
  2.8347E-05  6.7196E-04  1.7403E-05  3.5057E-05
  2.9425E-05  6.9569E-04  1.8065E-05  3.6390E-05
  3.0511E-05  7.1951E-04  1.8732E-05  3.7733E-05
  3.1604E-05  7.4344E-04  1.9403E-05  3.9085E-05
  3.2704E-05  7.6746E-04  2.0078E-05  4.0445E-05
  3.3811E-05  7.9159E-04  2.0758E-05  4.1815E-05
  3.4926E-05  8.1581E-04  2.1443E-05  4.3194E-05
  3.6049E-05  8.4015E-04  2.2132E-05  4.4582E-05
  3.7179E-05  8.6459E-04  2.2826E-05  4.5979E-05
  3.8316E-05  8.8913E-04  2.3524E-05  4.7386E-05
  3.9461E-05  9.1379E-04  2.4227E-05  4.8802E-05
  4.0614E-05  9.3856E-04  2.4935E-05  5.0227E-05
  4.1774E-05  9.6345E-04  2.5647E-05  5.1662E-05
  4.2942E-05  9.8844E-04  2.6364E-05  5.3107E-05
  4.4118E-05  1.0136E-03  2.7086E-05  5.4561E-05
  4.5302E-05  1.0388E-03  2.7813E-05  5.6025E-05
  4.6494E-05  1.0641E-03  2.8544E-05  5.7499E-05
  4.7693E-05  1.0896E-03  2.9281E-05  5.8983E-05
  4.8901E-05  1.1152E-03  3.0022E-05  6.0476E-05
  5.0117E-05  1.1409E-03  3.0769E-05  6.1980E-05
  5.1340E-05  1.1668E-03  3.1520E-05  6.3493E-05
  5.2572E-05  1.1927E-03  3.2276E-05  6.5017E-05
  5.3813E-05  1.2188E-03  3.3038E-05  6.6551E-05
  5.5061E-05  1.2451E-03  3.3804E-05  6.8095E-05
  5.6318E-05  1.2714E-03  3.4576E-05  6.9649E-05
  5.7583E-05  1.2979E-03  3.5353E-05  7.1214E-05
  5.8857E-05  1.3245E-03  3.6135E-05  7.2789E-05
  6.0139E-05  1.3513E-03  3.6922E-05  7.4375E-05
  6.1430E-05  1.3782E-03  3.7714E-05  7.5971E-05
  6.2729E-05  1.4052E-03  3.8512E-05  7.7578E-05
  6.4037E-05  1.4324E-03  3.9315E-05  7.9196E-05
  6.5354E-05  1.4597E-03  4.0124E-05  8.0824E-05
  6.6680E-05  1.4871E-03  4.0938E-05  8.2463E-05
  6.8014E-05  1.5147E-03  4.1757E-05  8.4114E-05
  6.9358E-05  1.5424E-03  4.2582E-05  8.5775E-05
  7.0710E-05  1.5703E-03  4.3412E-05  8.7448E-05
  7.2071E-05  1.5983E-03  4.4248E-05  8.9131E-05
  7.3442E-05  1.6264E-03  4.5089E-05  9.0826E-05
  7.4821E-05  1.6548E-03  4.5936E-05  9.2532E-05
  7.6210E-05  1.6832E-03  4.6789E-05  9.4250E-05
  7.7608E-05  1.7118E-03  4.7647E-05  9.5979E-05
  7.9016E-05  1.7406E-03  4.8511E-05  9.7719E-05
  8.0433E-05  1.7695E-03  4.9381E-05  9.9472E-05
  8.1859E-05  1.7985E-03  5.0257E-05  1.0124E-04
  8.3295E-05  1.8278E-03  5.1138E-05  1.0301E-04
  8.4740E-05  1.8571E-03  5.2026E-05  1.0480E-04
  8.6195E-05  1.8867E-03  5.2919E-05  1.0660E-04
  8.7660E-05  1.9163E-03  5.3818E-05  1.0841E-04
  8.9135E-05  1.9462E-03  5.4724E-05  1.1023E-04
  9.0619E-05  1.9762E-03  5.5635E-05  1.1207E-04
  9.2113E-05  2.0063E-03  5.6552E-05  1.1392E-04
  9.3618E-05  2.0367E-03  5.7476E-05  1.1578E-04
  9.5132E-05  2.0672E-03  5.8406E-05  1.1765E-04
  9.6656E-05  2.0978E-03  5.9342E-05  1.1954E-04
  9.8191E-05  2.1286E-03  6.0284E-05  1.2143E-04
  9.9736E-05  2.1596E-03  6.1232E-05  1.2334E-04
  1.0129E-04  2.1908E-03  6.2187E-05  1.2527E-04
  1.0286E-04  2.2221E-03  6.3148E-05  1.2720E-04
  1.0443E-04  2.2536E-03  6.4116E-05  1.2915E-04
  1.0602E-04  2.2853E-03  6.5090E-05  1.3112E-04
  1.0762E-04  2.3171E-03  6.6070E-05  1.3309E-04
  1.0922E-04  2.3491E-03  6.7058E-05  1.3508E-04
  1.1084E-04  2.3813E-03  6.8051E-05  1.3708E-04
  1.1247E-04  2.4137E-03  6.9052E-05  1.3910E-04
  1.1411E-04  2.4462E-03  7.0059E-05  1.4112E-04
  1.1576E-04  2.4789E-03  7.1073E-05  1.4317E-04
  1.1743E-04  2.5118E-03  7.2093E-05  1.4522E-04
  1.1910E-04  2.5449E-03  7.3120E-05  1.4729E-04
  1.2078E-04  2.5782E-03  7.4155E-05  1.4937E-04
  1.2248E-04  2.6116E-03  7.5196E-05  1.5147E-04
  1.2419E-04  2.6453E-03  7.6244E-05  1.5358E-04
  1.2591E-04  2.6791E-03  7.7299E-05  1.5571E-04
  1.2764E-04  2.7131E-03  7.8361E-05  1.5785E-04
  1.2938E-04  2.7473E-03  7.9430E-05  1.6000E-04
  1.3113E-04  2.7817E-03  8.0507E-05  1.6217E-04
  1.3290E-04  2.8163E-03  8.1590E-05  1.6435E-04
  1.3467E-04  2.8510E-03  8.2681E-05  1.6655E-04
  1.3646E-04  2.8860E-03  8.3779E-05  1.6876E-04
  1.3826E-04  2.9211E-03  8.4884E-05  1.7099E-04
  1.4007E-04  2.9565E-03  8.5997E-05  1.7323E-04
  1.4190E-04  2.9921E-03  8.7117E-05  1.7549E-04
  1.4373E-04  3.0278E-03  8.8245E-05  1.7776E-04
  1.4558E-04  3.0637E-03  8.9380E-05  1.8005E-04
  1.4745E-04  3.0999E-03  9.0523E-05  1.8235E-04
  1.4932E-04  3.1362E-03  9.1674E-05  1.8466E-04
  1.5121E-04  3.1728E-03  9.2832E-05  1.8700E-04
  1.5310E-04  3.2096E-03  9.3997E-05  1.8935E-04
  1.5502E-04  3.2465E-03  9.5171E-05  1.9171E-04
  1.5694E-04  3.2837E-03  9.6353E-05  1.9409E-04
  1.5888E-04  3.3211E-03  9.7542E-05  1.9649E-04
  1.6083E-04  3.3587E-03  9.8739E-05  1.9890E-04
  1.6279E-04  3.3965E-03  9.9945E-05  2.0133E-04
  1.6477E-04  3.4345E-03  1.0116E-04  2.0377E-04
  1.6676E-04  3.4727E-03  1.0238E-04  2.0623E-04
  1.6876E-04  3.5111E-03  1.0361E-04  2.0871E-04
  1.7078E-04  3.5498E-03  1.0485E-04  2.1120E-04
  1.7281E-04  3.5887E-03  1.0609E-04  2.1371E-04
  1.7485E-04  3.6278E-03  1.0735E-04  2.1624E-04
  1.7691E-04  3.6671E-03  1.0861E-04  2.1878E-04
  1.7898E-04  3.7066E-03  1.0988E-04  2.2134E-04
  1.8106E-04  3.7464E-03  1.1116E-04  2.2392E-04
  1.8316E-04  3.7864E-03  1.1245E-04  2.2651E-04
  1.8527E-04  3.8266E-03  1.1375E-04  2.2913E-04
  1.8740E-04  3.8670E-03  1.1505E-04  2.3176E-04
  1.8954E-04  3.9077E-03  1.1637E-04  2.3440E-04
  1.9169E-04  3.9486E-03  1.1769E-04  2.3707E-04
  1.9386E-04  3.9897E-03  1.1902E-04  2.3975E-04
  1.9605E-04  4.0311E-03  1.2036E-04  2.4245E-04
  1.9825E-04  4.0727E-03  1.2171E-04  2.4517E-04
  2.0046E-04  4.1145E-03  1.2307E-04  2.4791E-04
  2.0269E-04  4.1566E-03  1.2444E-04  2.5066E-04
  2.0493E-04  4.1989E-03  1.2582E-04  2.5344E-04
  2.0719E-04  4.2414E-03  1.2720E-04  2.5623E-04
  2.0946E-04  4.2842E-03  1.2860E-04  2.5904E-04
  2.1175E-04  4.3272E-03  1.3000E-04  2.6187E-04
  2.1405E-04  4.3705E-03  1.3142E-04  2.6472E-04
  2.1637E-04  4.4140E-03  1.3284E-04  2.6759E-04
  2.1870E-04  4.4578E-03  1.3427E-04  2.7047E-04
  2.2105E-04  4.5018E-03  1.3571E-04  2.7338E-04
  2.2342E-04  4.5460E-03  1.3717E-04  2.7631E-04
  2.2580E-04  4.5906E-03  1.3863E-04  2.7925E-04
  2.2820E-04  4.6353E-03  1.4010E-04  2.8221E-04
  2.3061E-04  4.6803E-03  1.4158E-04  2.8520E-04
  2.3304E-04  4.7256E-03  1.4307E-04  2.8820E-04
  2.3549E-04  4.7711E-03  1.4457E-04  2.9123E-04
  2.3795E-04  4.8169E-03  1.4609E-04  2.9427E-04
  2.4043E-04  4.8630E-03  1.4761E-04  2.9734E-04
  2.4292E-04  4.9093E-03  1.4914E-04  3.0042E-04
  2.4543E-04  4.9559E-03  1.5068E-04  3.0353E-04
  2.4796E-04  5.0027E-03  1.5223E-04  3.0666E-04
  2.5051E-04  5.0498E-03  1.5380E-04  3.0980E-04
  2.5307E-04  5.0972E-03  1.5537E-04  3.1297E-04
  2.5565E-04  5.1449E-03  1.5695E-04  3.1616E-04
  2.5824E-04  5.1928E-03  1.5855E-04  3.1937E-04
  2.6086E-04  5.2410E-03  1.6015E-04  3.2261E-04
  2.6349E-04  5.2894E-03  1.6177E-04  3.2586E-04
  2.6614E-04  5.3382E-03  1.6339E-04  3.2914E-04
  2.6880E-04  5.3872E-03  1.6503E-04  3.3243E-04
  2.7149E-04  5.4365E-03  1.6668E-04  3.3575E-04
  2.7419E-04  5.4860E-03  1.6834E-04  3.3909E-04
  2.7691E-04  5.5359E-03  1.7001E-04  3.4246E-04
  2.7965E-04  5.5860E-03  1.7169E-04  3.4585E-04
  2.8241E-04  5.6365E-03  1.7338E-04  3.4925E-04
  2.8518E-04  5.6872E-03  1.7509E-04  3.5269E-04
  2.8798E-04  5.7382E-03  1.7680E-04  3.5614E-04
  2.9079E-04  5.7895E-03  1.7853E-04  3.5962E-04
  2.9362E-04  5.8411E-03  1.8027E-04  3.6312E-04
  2.9647E-04  5.8929E-03  1.8202E-04  3.6665E-04
  2.9934E-04  5.9451E-03  1.8378E-04  3.7019E-04
  3.0223E-04  5.9976E-03  1.8555E-04  3.7377E-04
  3.0513E-04  6.0504E-03  1.8734E-04  3.7736E-04
  3.0806E-04  6.1034E-03  1.8913E-04  3.8098E-04
  3.1101E-04  6.1568E-03  1.9094E-04  3.8463E-04
  3.1397E-04  6.2105E-03  1.9276E-04  3.8829E-04
  3.1696E-04  6.2644E-03  1.9460E-04  3.9199E-04
  3.1997E-04  6.3187E-03  1.9644E-04  3.9571E-04
  3.2299E-04  6.3733E-03  1.9830E-04  3.9945E-04
  3.2604E-04  6.4282E-03  2.0017E-04  4.0321E-04
  3.2911E-04  6.4835E-03  2.0205E-04  4.0701E-04
  3.3219E-04  6.5390E-03  2.0395E-04  4.1083E-04
  3.3530E-04  6.5948E-03  2.0586E-04  4.1467E-04
  3.3843E-04  6.6510E-03  2.0778E-04  4.1854E-04
  3.4158E-04  6.7075E-03  2.0971E-04  4.2243E-04
  3.4475E-04  6.7643E-03  2.1166E-04  4.2635E-04
  3.4794E-04  6.8214E-03  2.1362E-04  4.3030E-04
  3.5115E-04  6.8789E-03  2.1559E-04  4.3427E-04
  3.5439E-04  6.9366E-03  2.1757E-04  4.3827E-04
  3.5764E-04  6.9948E-03  2.1957E-04  4.4230E-04
  3.6092E-04  7.0532E-03  2.2158E-04  4.4635E-04
  3.6422E-04  7.1120E-03  2.2361E-04  4.5043E-04
  3.6754E-04  7.1711E-03  2.2565E-04  4.5454E-04
  3.7089E-04  7.2305E-03  2.2770E-04  4.5868E-04
  3.7425E-04  7.2903E-03  2.2977E-04  4.6284E-04
  3.7764E-04  7.3504E-03  2.3185E-04  4.6703E-04
  3.8105E-04  7.4108E-03  2.3394E-04  4.7125E-04
  3.8449E-04  7.4716E-03  2.3605E-04  4.7550E-04
  3.8794E-04  7.5328E-03  2.3817E-04  4.7977E-04
  3.9142E-04  7.5943E-03  2.4031E-04  4.8408E-04
  3.9493E-04  7.6561E-03  2.4246E-04  4.8841E-04
  3.9845E-04  7.7183E-03  2.4463E-04  4.9277E-04
  4.0200E-04  7.7808E-03  2.4681E-04  4.9716E-04
  4.0558E-04  7.8437E-03  2.4900E-04  5.0158E-04
  4.0917E-04  7.9070E-03  2.5121E-04  5.0603E-04
  4.1280E-04  7.9706E-03  2.5343E-04  5.1051E-04
  4.1644E-04  8.0346E-03  2.5567E-04  5.1502E-04
  4.2011E-04  8.0989E-03  2.5793E-04  5.1956E-04
  4.2381E-04  8.1636E-03  2.6019E-04  5.2413E-04
  4.2753E-04  8.2287E-03  2.6248E-04  5.2873E-04
  4.3127E-04  8.2941E-03  2.6478E-04  5.3336E-04
  4.3504E-04  8.3599E-03  2.6709E-04  5.3802E-04
  4.3884E-04  8.4261E-03  2.6942E-04  5.4271E-04
  4.4266E-04  8.4926E-03  2.7177E-04  5.4744E-04
  4.4650E-04  8.5595E-03  2.7413E-04  5.5219E-04
  4.5037E-04  8.6268E-03  2.7650E-04  5.5698E-04
  4.5427E-04  8.6945E-03  2.7890E-04  5.6180E-04
  4.5819E-04  8.7626E-03  2.8130E-04  5.6665E-04
  4.6214E-04  8.8310E-03  2.8373E-04  5.7153E-04
  4.6612E-04  8.8998E-03  2.8617E-04  5.7645E-04
  4.7012E-04  8.9691E-03  2.8863E-04  5.8140E-04
  4.7415E-04  9.0387E-03  2.9110E-04  5.8638E-04
  4.7820E-04  9.1087E-03  2.9359E-04  5.9140E-04
  4.8229E-04  9.1791E-03  2.9610E-04  5.9645E-04
  4.8640E-04  9.2499E-03  2.9862E-04  6.0153E-04
  4.9053E-04  9.3210E-03  3.0116E-04  6.0665E-04
  4.9470E-04  9.3926E-03  3.0372E-04  6.1180E-04
  4.9889E-04  9.4646E-03  3.0629E-04  6.1699E-04
  5.0311E-04  9.5370E-03  3.0888E-04  6.2221E-04
  5.0736E-04  9.6098E-03  3.1149E-04  6.2746E-04
  5.1164E-04  9.6830E-03  3.1412E-04  6.3275E-04
  5.1595E-04  9.7567E-03  3.1676E-04  6.3808E-04
  5.2028E-04  9.8307E-03  3.1942E-04  6.4344E-04
  5.2465E-04  9.9051E-03  3.2210E-04  6.4883E-04
  5.2904E-04  9.9800E-03  3.2480E-04  6.5427E-04
  5.3346E-04  1.0055E-02  3.2751E-04  6.5974E-04
  5.3791E-04  1.0131E-02  3.3025E-04  6.6524E-04
  5.4239E-04  1.0207E-02  3.3300E-04  6.7078E-04
  5.4691E-04  1.0284E-02  3.3577E-04  6.7636E-04
  5.5145E-04  1.0361E-02  3.3856E-04  6.8198E-04
  5.5602E-04  1.0438E-02  3.4136E-04  6.8764E-04
  5.6062E-04  1.0516E-02  3.4419E-04  6.9333E-04
  5.6526E-04  1.0594E-02  3.4704E-04  6.9906E-04
  5.6992E-04  1.0673E-02  3.4990E-04  7.0483E-04
  5.7462E-04  1.0752E-02  3.5278E-04  7.1063E-04
  5.7934E-04  1.0832E-02  3.5568E-04  7.1648E-04
  5.8410E-04  1.0912E-02  3.5860E-04  7.2236E-04
  5.8889E-04  1.0992E-02  3.6155E-04  7.2829E-04
  5.9371E-04  1.1073E-02  3.6451E-04  7.3425E-04
  5.9857E-04  1.1155E-02  3.6749E-04  7.4025E-04
  6.0345E-04  1.1236E-02  3.7049E-04  7.4630E-04
  6.0837E-04  1.1319E-02  3.7351E-04  7.5238E-04
  6.1333E-04  1.1402E-02  3.7655E-04  7.5851E-04
  6.1831E-04  1.1485E-02  3.7961E-04  7.6467E-04
  6.2333E-04  1.1568E-02  3.8269E-04  7.7088E-04
  6.2838E-04  1.1653E-02  3.8579E-04  7.7713E-04
  6.3347E-04  1.1737E-02  3.8891E-04  7.8342E-04
  6.3859E-04  1.1822E-02  3.9206E-04  7.8975E-04
  6.4374E-04  1.1908E-02  3.9522E-04  7.9612E-04
  6.4893E-04  1.1994E-02  3.9841E-04  8.0254E-04
  6.5415E-04  1.2080E-02  4.0161E-04  8.0900E-04
  6.5941E-04  1.2167E-02  4.0484E-04  8.1550E-04
  6.6470E-04  1.2255E-02  4.0809E-04  8.2205E-04
  6.7003E-04  1.2343E-02  4.1136E-04  8.2864E-04
  6.7540E-04  1.2431E-02  4.1465E-04  8.3527E-04
  6.8080E-04  1.2520E-02  4.1797E-04  8.4195E-04
  6.8623E-04  1.2609E-02  4.2131E-04  8.4867E-04
  6.9170E-04  1.2699E-02  4.2467E-04  8.5544E-04
  6.9721E-04  1.2790E-02  4.2805E-04  8.6225E-04
  7.0276E-04  1.2881E-02  4.3145E-04  8.6911E-04
  7.0834E-04  1.2972E-02  4.3488E-04  8.7601E-04
  7.1396E-04  1.3064E-02  4.3833E-04  8.8296E-04
  7.1962E-04  1.3156E-02  4.4180E-04  8.8996E-04
  7.2531E-04  1.3249E-02  4.4530E-04  8.9700E-04
  7.3105E-04  1.3343E-02  4.4882E-04  9.0409E-04
  7.3682E-04  1.3437E-02  4.5236E-04  9.1123E-04
  7.4263E-04  1.3531E-02  4.5593E-04  9.1842E-04
  7.4848E-04  1.3626E-02  4.5952E-04  9.2565E-04
  7.5437E-04  1.3721E-02  4.6314E-04  9.3293E-04
  7.6029E-04  1.3817E-02  4.6678E-04  9.4026E-04
  7.6626E-04  1.3914E-02  4.7044E-04  9.4764E-04
  7.7227E-04  1.4011E-02  4.7413E-04  9.5507E-04
  7.7831E-04  1.4108E-02  4.7784E-04  9.6255E-04
  7.8440E-04  1.4207E-02  4.8158E-04  9.7007E-04
  7.9053E-04  1.4305E-02  4.8534E-04  9.7765E-04
  7.9670E-04  1.4404E-02  4.8913E-04  9.8528E-04
  8.0291E-04  1.4504E-02  4.9294E-04  9.9296E-04
  8.0916E-04  1.4604E-02  4.9678E-04  1.0007E-03
  8.1545E-04  1.4705E-02  5.0064E-04  1.0085E-03
  8.2179E-04  1.4806E-02  5.0453E-04  1.0163E-03
  8.2816E-04  1.4908E-02  5.0845E-04  1.0242E-03
  8.3458E-04  1.5011E-02  5.1239E-04  1.0321E-03
  8.4105E-04  1.5114E-02  5.1636E-04  1.0401E-03
  8.4755E-04  1.5217E-02  5.2035E-04  1.0482E-03
  8.5410E-04  1.5321E-02  5.2437E-04  1.0563E-03
  8.6070E-04  1.5426E-02  5.2842E-04  1.0644E-03
  8.6733E-04  1.5531E-02  5.3249E-04  1.0726E-03
  8.7402E-04  1.5637E-02  5.3660E-04  1.0809E-03
  8.8074E-04  1.5744E-02  5.4073E-04  1.0892E-03
  8.8751E-04  1.5851E-02  5.4488E-04  1.0976E-03
  8.9433E-04  1.5958E-02  5.4907E-04  1.1060E-03
  9.0119E-04  1.6066E-02  5.5328E-04  1.1145E-03
  9.0810E-04  1.6175E-02  5.5752E-04  1.1231E-03
  9.1505E-04  1.6284E-02  5.6179E-04  1.1317E-03
  9.2205E-04  1.6394E-02  5.6609E-04  1.1403E-03
  9.2910E-04  1.6504E-02  5.7042E-04  1.1490E-03
  9.3620E-04  1.6615E-02  5.7477E-04  1.1578E-03
  9.4334E-04  1.6727E-02  5.7916E-04  1.1666E-03
  9.5053E-04  1.6839E-02  5.8357E-04  1.1755E-03
  9.5776E-04  1.6952E-02  5.8801E-04  1.1845E-03
  9.6505E-04  1.7065E-02  5.9249E-04  1.1935E-03
  9.7238E-04  1.7179E-02  5.9699E-04  1.2026E-03
  9.7977E-04  1.7294E-02  6.0152E-04  1.2117E-03
  9.8720E-04  1.7409E-02  6.0608E-04  1.2209E-03
  9.9468E-04  1.7525E-02  6.1068E-04  1.2301E-03
  1.0022E-03  1.7641E-02  6.1530E-04  1.2394E-03
  1.0098E-03  1.7758E-02  6.1996E-04  1.2488E-03
  1.0174E-03  1.7876E-02  6.2464E-04  1.2583E-03
  1.0251E-03  1.7994E-02  6.2936E-04  1.2678E-03
  1.0328E-03  1.8113E-02  6.3411E-04  1.2773E-03
  1.0406E-03  1.8233E-02  6.3889E-04  1.2870E-03
  1.0485E-03  1.8353E-02  6.4370E-04  1.2967E-03
  1.0564E-03  1.8474E-02  6.4855E-04  1.3064E-03
  1.0643E-03  1.8595E-02  6.5343E-04  1.3162E-03
  1.0723E-03  1.8717E-02  6.5834E-04  1.3261E-03
  1.0804E-03  1.8840E-02  6.6328E-04  1.3361E-03
  1.0885E-03  1.8963E-02  6.6826E-04  1.3461E-03
  1.0966E-03  1.9087E-02  6.7326E-04  1.3562E-03
  1.1048E-03  1.9212E-02  6.7831E-04  1.3664E-03
  1.1131E-03  1.9337E-02  6.8338E-04  1.3766E-03
  1.1214E-03  1.9463E-02  6.8849E-04  1.3869E-03
  1.1298E-03  1.9590E-02  6.9364E-04  1.3972E-03
  1.1382E-03  1.9717E-02  6.9881E-04  1.4077E-03
  1.1467E-03  1.9845E-02  7.0403E-04  1.4182E-03
  1.1553E-03  1.9973E-02  7.0928E-04  1.4287E-03
  1.1639E-03  2.0103E-02  7.1456E-04  1.4394E-03
  1.1725E-03  2.0232E-02  7.1988E-04  1.4501E-03
  1.1813E-03  2.0363E-02  7.2523E-04  1.4609E-03
  1.1900E-03  2.0494E-02  7.3062E-04  1.4717E-03
  1.1989E-03  2.0626E-02  7.3605E-04  1.4827E-03
  1.2078E-03  2.0759E-02  7.4151E-04  1.4937E-03
  1.2167E-03  2.0892E-02  7.4700E-04  1.5047E-03
  1.2257E-03  2.1026E-02  7.5254E-04  1.5159E-03
  1.2348E-03  2.1161E-02  7.5811E-04  1.5271E-03
  1.2440E-03  2.1296E-02  7.6372E-04  1.5384E-03
  1.2532E-03  2.1432E-02  7.6937E-04  1.5498E-03
  1.2624E-03  2.1568E-02  7.7505E-04  1.5612E-03
  1.2717E-03  2.1706E-02  7.8077E-04  1.5728E-03
  1.2811E-03  2.1844E-02  7.8653E-04  1.5844E-03
  1.2906E-03  2.1983E-02  7.9233E-04  1.5961E-03
  1.3001E-03  2.2122E-02  7.9817E-04  1.6078E-03
  1.3096E-03  2.2262E-02  8.0405E-04  1.6196E-03
  1.3193E-03  2.2403E-02  8.0996E-04  1.6316E-03
  1.3290E-03  2.2545E-02  8.1592E-04  1.6436E-03
  1.3387E-03  2.2687E-02  8.2191E-04  1.6556E-03
  1.3486E-03  2.2830E-02  8.2795E-04  1.6678E-03
  1.3585E-03  2.2974E-02  8.3402E-04  1.6800E-03
  1.3684E-03  2.3118E-02  8.4014E-04  1.6924E-03
  1.3785E-03  2.3264E-02  8.4630E-04  1.7048E-03
  1.3886E-03  2.3409E-02  8.5249E-04  1.7172E-03
  1.3987E-03  2.3556E-02  8.5873E-04  1.7298E-03
  1.4089E-03  2.3703E-02  8.6501E-04  1.7425E-03
  1.4192E-03  2.3852E-02  8.7134E-04  1.7552E-03
  1.4296E-03  2.4000E-02  8.7770E-04  1.7680E-03
  1.4401E-03  2.4150E-02  8.8411E-04  1.7809E-03
  1.4506E-03  2.4300E-02  8.9056E-04  1.7939E-03
  1.4611E-03  2.4451E-02  8.9705E-04  1.8070E-03
  1.4718E-03  2.4603E-02  9.0359E-04  1.8202E-03
  1.4825E-03  2.4756E-02  9.1017E-04  1.8334E-03
  1.4933E-03  2.4909E-02  9.1680E-04  1.8468E-03
  1.5042E-03  2.5063E-02  9.2347E-04  1.8602E-03
  1.5151E-03  2.5218E-02  9.3018E-04  1.8737E-03
  1.5261E-03  2.5373E-02  9.3694E-04  1.8873E-03
  1.5372E-03  2.5529E-02  9.4374E-04  1.9010E-03
  1.5483E-03  2.5686E-02  9.5059E-04  1.9148E-03
  1.5596E-03  2.5844E-02  9.5748E-04  1.9287E-03
  1.5709E-03  2.6003E-02  9.6442E-04  1.9427E-03
  1.5823E-03  2.6162E-02  9.7141E-04  1.9568E-03
  1.5937E-03  2.6322E-02  9.7845E-04  1.9710E-03
  1.6052E-03  2.6483E-02  9.8553E-04  1.9852E-03
  1.6168E-03  2.6645E-02  9.9265E-04  1.9996E-03
  1.6285E-03  2.6807E-02  9.9983E-04  2.0140E-03
  1.6403E-03  2.6970E-02  1.0071E-03  2.0286E-03
  1.6521E-03  2.7134E-02  1.0143E-03  2.0432E-03
  1.6641E-03  2.7299E-02  1.0216E-03  2.0580E-03
  1.6761E-03  2.7464E-02  1.0290E-03  2.0728E-03
  1.6882E-03  2.7631E-02  1.0364E-03  2.0878E-03
  1.7003E-03  2.7798E-02  1.0439E-03  2.1028E-03
  1.7126E-03  2.7966E-02  1.0514E-03  2.1179E-03
  1.7249E-03  2.8134E-02  1.0590E-03  2.1332E-03
  1.7373E-03  2.8304E-02  1.0666E-03  2.1485E-03
  1.7498E-03  2.8474E-02  1.0743E-03  2.1640E-03
  1.7624E-03  2.8645E-02  1.0820E-03  2.1795E-03
  1.7750E-03  2.8817E-02  1.0898E-03  2.1952E-03
  1.7878E-03  2.8990E-02  1.0976E-03  2.2110E-03
  1.8006E-03  2.9163E-02  1.1055E-03  2.2268E-03
  1.8135E-03  2.9337E-02  1.1134E-03  2.2428E-03
  1.8265E-03  2.9512E-02  1.1214E-03  2.2589E-03
  1.8396E-03  2.9688E-02  1.1294E-03  2.2751E-03
  1.8528E-03  2.9865E-02  1.1375E-03  2.2913E-03
  1.8660E-03  3.0042E-02  1.1456E-03  2.3077E-03
  1.8794E-03  3.0221E-02  1.1538E-03  2.3243E-03
  1.8928E-03  3.0400E-02  1.1621E-03  2.3409E-03
  1.9064E-03  3.0580E-02  1.1704E-03  2.3576E-03
  1.9200E-03  3.0760E-02  1.1788E-03  2.3745E-03
  1.9337E-03  3.0942E-02  1.1872E-03  2.3914E-03
  1.9475E-03  3.1124E-02  1.1957E-03  2.4085E-03
  1.9614E-03  3.1307E-02  1.2042E-03  2.4257E-03
  1.9754E-03  3.1491E-02  1.2128E-03  2.4430E-03
  1.9895E-03  3.1676E-02  1.2214E-03  2.4604E-03
  2.0036E-03  3.1862E-02  1.2301E-03  2.4779E-03
  2.0179E-03  3.2048E-02  1.2389E-03  2.4956E-03
  2.0323E-03  3.2235E-02  1.2477E-03  2.5133E-03
  2.0467E-03  3.2423E-02  1.2566E-03  2.5312E-03
  2.0613E-03  3.2612E-02  1.2655E-03  2.5492E-03
  2.0760E-03  3.2802E-02  1.2745E-03  2.5674E-03
  2.0907E-03  3.2993E-02  1.2836E-03  2.5856E-03
  2.1056E-03  3.3184E-02  1.2927E-03  2.6040E-03
  2.1205E-03  3.3376E-02  1.3019E-03  2.6225E-03
  2.1356E-03  3.3570E-02  1.3111E-03  2.6411E-03
  2.1507E-03  3.3763E-02  1.3204E-03  2.6598E-03
  2.1660E-03  3.3958E-02  1.3298E-03  2.6787E-03
  2.1813E-03  3.4154E-02  1.3392E-03  2.6977E-03
  2.1968E-03  3.4350E-02  1.3487E-03  2.7168E-03
  2.2123E-03  3.4547E-02  1.3583E-03  2.7360E-03
  2.2280E-03  3.4746E-02  1.3679E-03  2.7554E-03
  2.2438E-03  3.4945E-02  1.3776E-03  2.7749E-03
  2.2597E-03  3.5144E-02  1.3873E-03  2.7945E-03
  2.2756E-03  3.5345E-02  1.3971E-03  2.8143E-03
  2.2917E-03  3.5546E-02  1.4070E-03  2.8342E-03
  2.3079E-03  3.5749E-02  1.4169E-03  2.8542E-03
  2.3242E-03  3.5952E-02  1.4269E-03  2.8744E-03
  2.3406E-03  3.6156E-02  1.4370E-03  2.8947E-03
  2.3572E-03  3.6361E-02  1.4472E-03  2.9151E-03
  2.3738E-03  3.6566E-02  1.4574E-03  2.9357E-03
  2.3905E-03  3.6773E-02  1.4676E-03  2.9564E-03
  2.4074E-03  3.6980E-02  1.4780E-03  2.9772E-03
  2.4243E-03  3.7188E-02  1.4884E-03  2.9982E-03
  2.4414E-03  3.7397E-02  1.4989E-03  3.0193E-03
  2.4586E-03  3.7607E-02  1.5095E-03  3.0406E-03
  2.4759E-03  3.7818E-02  1.5201E-03  3.0620E-03
  2.4934E-03  3.8030E-02  1.5308E-03  3.0835E-03
  2.5109E-03  3.8242E-02  1.5415E-03  3.1052E-03
  2.5286E-03  3.8455E-02  1.5524E-03  3.1271E-03
  2.5463E-03  3.8669E-02  1.5633E-03  3.1491E-03
  2.5642E-03  3.8884E-02  1.5743E-03  3.1712E-03
  2.5822E-03  3.9100E-02  1.5853E-03  3.1935E-03
  2.6004E-03  3.9317E-02  1.5965E-03  3.2159E-03
  2.6186E-03  3.9534E-02  1.6077E-03  3.2385E-03
  2.6370E-03  3.9752E-02  1.6190E-03  3.2612E-03
  2.6555E-03  3.9971E-02  1.6303E-03  3.2841E-03
  2.6741E-03  4.0191E-02  1.6418E-03  3.3071E-03
  2.6929E-03  4.0412E-02  1.6533E-03  3.3303E-03
  2.7118E-03  4.0634E-02  1.6649E-03  3.3536E-03
  2.7308E-03  4.0856E-02  1.6765E-03  3.3771E-03
  2.7499E-03  4.1080E-02  1.6883E-03  3.4008E-03
  2.7691E-03  4.1304E-02  1.7001E-03  3.4246E-03
  2.7885E-03  4.1529E-02  1.7120E-03  3.4486E-03
  2.8080E-03  4.1754E-02  1.7240E-03  3.4727E-03
  2.8277E-03  4.1981E-02  1.7360E-03  3.4970E-03
  2.8475E-03  4.2209E-02  1.7482E-03  3.5215E-03
  2.8674E-03  4.2437E-02  1.7604E-03  3.5461E-03
  2.8874E-03  4.2666E-02  1.7727E-03  3.5709E-03
  2.9076E-03  4.2896E-02  1.7851E-03  3.5958E-03
  2.9279E-03  4.3127E-02  1.7976E-03  3.6209E-03
  2.9483E-03  4.3358E-02  1.8101E-03  3.6462E-03
  2.9689E-03  4.3590E-02  1.8227E-03  3.6717E-03
  2.9896E-03  4.3824E-02  1.8355E-03  3.6973E-03
  3.0105E-03  4.4058E-02  1.8483E-03  3.7231E-03
  3.0315E-03  4.4292E-02  1.8611E-03  3.7490E-03
  3.0526E-03  4.4528E-02  1.8741E-03  3.7752E-03
  3.0739E-03  4.4764E-02  1.8872E-03  3.8015E-03
  3.0953E-03  4.5001E-02  1.9003E-03  3.8280E-03
  3.1169E-03  4.5239E-02  1.9136E-03  3.8546E-03
  3.1386E-03  4.5478E-02  1.9269E-03  3.8815E-03
  3.1604E-03  4.5718E-02  1.9403E-03  3.9085E-03
  3.1824E-03  4.5958E-02  1.9538E-03  3.9357E-03
  3.2046E-03  4.6199E-02  1.9674E-03  3.9631E-03
  3.2269E-03  4.6441E-02  1.9811E-03  3.9907E-03
  3.2493E-03  4.6684E-02  1.9949E-03  4.0184E-03
  3.2719E-03  4.6927E-02  2.0087E-03  4.0463E-03
  3.2946E-03  4.7172E-02  2.0227E-03  4.0745E-03
  3.3175E-03  4.7417E-02  2.0368E-03  4.1028E-03
  3.3406E-03  4.7663E-02  2.0509E-03  4.1313E-03
  3.3638E-03  4.7909E-02  2.0652E-03  4.1600E-03
  3.3871E-03  4.8156E-02  2.0795E-03  4.1889E-03
  3.4106E-03  4.8404E-02  2.0939E-03  4.2179E-03
  3.4343E-03  4.8653E-02  2.1085E-03  4.2472E-03
  3.4581E-03  4.8903E-02  2.1231E-03  4.2767E-03
  3.4821E-03  4.9153E-02  2.1378E-03  4.3063E-03
  3.5062E-03  4.9404E-02  2.1526E-03  4.3362E-03
  3.5306E-03  4.9656E-02  2.1676E-03  4.3662E-03
  3.5550E-03  4.9908E-02  2.1826E-03  4.3965E-03
  3.5797E-03  5.0162E-02  2.1977E-03  4.4270E-03
  3.6044E-03  5.0415E-02  2.2129E-03  4.4576E-03
  3.6294E-03  5.0670E-02  2.2282E-03  4.4885E-03
  3.6545E-03  5.0925E-02  2.2437E-03  4.5196E-03
  3.6798E-03  5.1181E-02  2.2592E-03  4.5509E-03
  3.7053E-03  5.1438E-02  2.2748E-03  4.5824E-03
  3.7309E-03  5.1696E-02  2.2906E-03  4.6141E-03
  3.7567E-03  5.1954E-02  2.3064E-03  4.6460E-03
  3.7827E-03  5.2212E-02  2.3224E-03  4.6781E-03
  3.8089E-03  5.2472E-02  2.3384E-03  4.7104E-03
  3.8352E-03  5.2732E-02  2.3546E-03  4.7430E-03
  3.8617E-03  5.2993E-02  2.3709E-03  4.7758E-03
  3.8884E-03  5.3254E-02  2.3872E-03  4.8088E-03
  3.9152E-03  5.3516E-02  2.4037E-03  4.8420E-03
  3.9423E-03  5.3779E-02  2.4203E-03  4.8754E-03
  3.9695E-03  5.4042E-02  2.4370E-03  4.9091E-03
  3.9969E-03  5.4306E-02  2.4539E-03  4.9430E-03
  4.0245E-03  5.4570E-02  2.4708E-03  4.9771E-03
  4.0522E-03  5.4836E-02  2.4878E-03  5.0114E-03
  4.0802E-03  5.5101E-02  2.5050E-03  5.0460E-03
  4.1083E-03  5.5368E-02  2.5223E-03  5.0808E-03
  4.1367E-03  5.5635E-02  2.5397E-03  5.1158E-03
  4.1652E-03  5.5902E-02  2.5572E-03  5.1511E-03
  4.1939E-03  5.6170E-02  2.5748E-03  5.1866E-03
  4.2228E-03  5.6439E-02  2.5925E-03  5.2223E-03
  4.2519E-03  5.6708E-02  2.6104E-03  5.2583E-03
  4.2812E-03  5.6977E-02  2.6284E-03  5.2945E-03
  4.3107E-03  5.7248E-02  2.6465E-03  5.3310E-03
  4.3403E-03  5.7518E-02  2.6647E-03  5.3677E-03
  4.3702E-03  5.7790E-02  2.6831E-03  5.4046E-03
  4.4003E-03  5.8061E-02  2.7015E-03  5.4418E-03
  4.4306E-03  5.8334E-02  2.7201E-03  5.4793E-03
  4.4610E-03  5.8606E-02  2.7388E-03  5.5170E-03
  4.4917E-03  5.8879E-02  2.7577E-03  5.5549E-03
  4.5226E-03  5.9153E-02  2.7766E-03  5.5931E-03
  4.5537E-03  5.9427E-02  2.7957E-03  5.6316E-03
  4.5850E-03  5.9702E-02  2.8149E-03  5.6703E-03
  4.6165E-03  5.9977E-02  2.8343E-03  5.7092E-03
  4.6482E-03  6.0252E-02  2.8537E-03  5.7485E-03
  4.6802E-03  6.0528E-02  2.8734E-03  5.7880E-03
  4.7123E-03  6.0804E-02  2.8931E-03  5.8277E-03
  4.7447E-03  6.1080E-02  2.9130E-03  5.8677E-03
  4.7773E-03  6.1357E-02  2.9330E-03  5.9080E-03
  4.8100E-03  6.1634E-02  2.9531E-03  5.9486E-03
  4.8431E-03  6.1912E-02  2.9734E-03  5.9894E-03
  4.8763E-03  6.2190E-02  2.9938E-03  6.0305E-03
  4.9098E-03  6.2468E-02  3.0143E-03  6.0719E-03
  4.9434E-03  6.2747E-02  3.0350E-03  6.1135E-03
  4.9773E-03  6.3026E-02  3.0558E-03  6.1555E-03
  5.0115E-03  6.3305E-02  3.0767E-03  6.1977E-03
  5.0458E-03  6.3584E-02  3.0978E-03  6.2402E-03
  5.0804E-03  6.3864E-02  3.1191E-03  6.2829E-03
  5.1152E-03  6.4143E-02  3.1405E-03  6.3260E-03
  5.1503E-03  6.4424E-02  3.1620E-03  6.3693E-03
  5.1856E-03  6.4704E-02  3.1836E-03  6.4130E-03
  5.2211E-03  6.4984E-02  3.2054E-03  6.4569E-03
  5.2569E-03  6.5265E-02  3.2274E-03  6.5011E-03
  5.2928E-03  6.5546E-02  3.2495E-03  6.5456E-03
  5.3291E-03  6.5827E-02  3.2717E-03  6.5905E-03
  5.3656E-03  6.6108E-02  3.2941E-03  6.6356E-03
  5.4023E-03  6.6389E-02  3.3167E-03  6.6810E-03
  5.4393E-03  6.6670E-02  3.3394E-03  6.7267E-03
  5.4765E-03  6.6951E-02  3.3622E-03  6.7727E-03
  5.5139E-03  6.7233E-02  3.3852E-03  6.8191E-03
  5.5517E-03  6.7514E-02  3.4084E-03  6.8657E-03
  5.5896E-03  6.7796E-02  3.4317E-03  6.9127E-03
  5.6278E-03  6.8077E-02  3.4552E-03  6.9599E-03
  5.6663E-03  6.8359E-02  3.4788E-03  7.0075E-03
  5.7051E-03  6.8640E-02  3.5026E-03  7.0554E-03
  5.7440E-03  6.8921E-02  3.5265E-03  7.1036E-03
  5.7833E-03  6.9203E-02  3.5506E-03  7.1522E-03
  5.8228E-03  6.9484E-02  3.5749E-03  7.2010E-03
  5.8626E-03  6.9765E-02  3.5993E-03  7.2502E-03
  5.9026E-03  7.0046E-02  3.6239E-03  7.2997E-03
  5.9429E-03  7.0327E-02  3.6486E-03  7.3496E-03
  5.9835E-03  7.0607E-02  3.6735E-03  7.3998E-03
  6.0244E-03  7.0888E-02  3.6986E-03  7.4503E-03
  6.0655E-03  7.1168E-02  3.7239E-03  7.5011E-03
  6.1069E-03  7.1448E-02  3.7493E-03  7.5523E-03
  6.1486E-03  7.1728E-02  3.7749E-03  7.6039E-03
  6.1905E-03  7.2007E-02  3.8006E-03  7.6558E-03
  6.2328E-03  7.2286E-02  3.8265E-03  7.7080E-03
  6.2753E-03  7.2565E-02  3.8526E-03  7.7606E-03
  6.3181E-03  7.2844E-02  3.8789E-03  7.8135E-03
  6.3612E-03  7.3122E-02  3.9054E-03  7.8668E-03
  6.4045E-03  7.3399E-02  3.9320E-03  7.9204E-03
  6.4482E-03  7.3677E-02  3.9588E-03  7.9744E-03
  6.4921E-03  7.3954E-02  3.9858E-03  8.0288E-03
  6.5364E-03  7.4230E-02  4.0130E-03  8.0835E-03
  6.5809E-03  7.4506E-02  4.0403E-03  8.1386E-03
  6.6258E-03  7.4781E-02  4.0678E-03  8.1940E-03
  6.6709E-03  7.5056E-02  4.0955E-03  8.2498E-03
  6.7164E-03  7.5331E-02  4.1234E-03  8.3060E-03
  6.7621E-03  7.5604E-02  4.1515E-03  8.3626E-03
  6.8082E-03  7.5877E-02  4.1798E-03  8.4196E-03
  6.8545E-03  7.6150E-02  4.2083E-03  8.4769E-03
  6.9012E-03  7.6422E-02  4.2369E-03  8.5346E-03
  6.9482E-03  7.6693E-02  4.2658E-03  8.5927E-03
  6.9955E-03  7.6963E-02  4.2948E-03  8.6512E-03
  7.0431E-03  7.7233E-02  4.3240E-03  8.7101E-03
  7.0910E-03  7.7501E-02  4.3534E-03  8.7693E-03
  7.1392E-03  7.7769E-02  4.3831E-03  8.8290E-03
  7.1878E-03  7.8037E-02  4.4129E-03  8.8890E-03
  7.2367E-03  7.8303E-02  4.4429E-03  8.9495E-03
  7.2859E-03  7.8568E-02  4.4731E-03  9.0104E-03
  7.3355E-03  7.8833E-02  4.5035E-03  9.0717E-03
  7.3853E-03  7.9096E-02  4.5342E-03  9.1333E-03
  7.4356E-03  7.9359E-02  4.5650E-03  9.1954E-03
  7.4861E-03  7.9620E-02  4.5960E-03  9.2579E-03
  7.5370E-03  7.9880E-02  4.6273E-03  9.3209E-03
  7.5882E-03  8.0140E-02  4.6587E-03  9.3842E-03
  7.6398E-03  8.0398E-02  4.6904E-03  9.4480E-03
  7.6917E-03  8.0655E-02  4.7222E-03  9.5122E-03
  7.7440E-03  8.0911E-02  4.7543E-03  9.5768E-03
  7.7966E-03  8.1165E-02  4.7866E-03  9.6419E-03
  7.8495E-03  8.1419E-02  4.8191E-03  9.7074E-03
  7.9028E-03  8.1671E-02  4.8519E-03  9.7733E-03
  7.9565E-03  8.1921E-02  4.8848E-03  9.8397E-03
  8.0105E-03  8.2171E-02  4.9180E-03  9.9065E-03
  8.0649E-03  8.2418E-02  4.9514E-03  9.9737E-03
  8.1197E-03  8.2665E-02  4.9850E-03  1.0041E-02
  8.1748E-03  8.2910E-02  5.0188E-03  1.0110E-02
  8.2303E-03  8.3153E-02  5.0529E-03  1.0178E-02
  8.2861E-03  8.3395E-02  5.0872E-03  1.0247E-02
  8.3424E-03  8.3636E-02  5.1217E-03  1.0317E-02
  8.3990E-03  8.3875E-02  5.1565E-03  1.0387E-02
  8.4560E-03  8.4112E-02  5.1914E-03  1.0457E-02
  8.5133E-03  8.4347E-02  5.2267E-03  1.0528E-02
  8.5711E-03  8.4581E-02  5.2621E-03  1.0600E-02
  8.6292E-03  8.4812E-02  5.2978E-03  1.0672E-02
  8.6877E-03  8.5042E-02  5.3337E-03  1.0744E-02
  8.7466E-03  8.5271E-02  5.3699E-03  1.0817E-02
  8.8059E-03  8.5497E-02  5.4063E-03  1.0890E-02
  8.8656E-03  8.5721E-02  5.4430E-03  1.0964E-02
  8.9257E-03  8.5943E-02  5.4799E-03  1.1038E-02
  8.9862E-03  8.6164E-02  5.5170E-03  1.1113E-02
  9.0471E-03  8.6382E-02  5.5544E-03  1.1188E-02
  9.1085E-03  8.6598E-02  5.5920E-03  1.1264E-02
  9.1702E-03  8.6812E-02  5.6299E-03  1.1340E-02
  9.2323E-03  8.7024E-02  5.6681E-03  1.1417E-02
  9.2949E-03  8.7233E-02  5.7065E-03  1.1495E-02
  9.3578E-03  8.7440E-02  5.7451E-03  1.1573E-02
  9.4212E-03  8.7645E-02  5.7840E-03  1.1651E-02
  9.4850E-03  8.7848E-02  5.8232E-03  1.1730E-02
  9.5493E-03  8.8048E-02  5.8626E-03  1.1809E-02
  9.6139E-03  8.8245E-02  5.9023E-03  1.1889E-02
  9.6790E-03  8.8440E-02  5.9423E-03  1.1970E-02
  9.7446E-03  8.8632E-02  5.9825E-03  1.2051E-02
  9.8105E-03  8.8822E-02  6.0230E-03  1.2132E-02
  9.8769E-03  8.9009E-02  6.0638E-03  1.2214E-02
  9.9438E-03  8.9194E-02  6.1049E-03  1.2297E-02
  1.0011E-02  8.9375E-02  6.1462E-03  1.2380E-02
  1.0079E-02  8.9554E-02  6.1878E-03  1.2464E-02
  1.0147E-02  8.9730E-02  6.2296E-03  1.2548E-02
  1.0216E-02  8.9903E-02  6.2718E-03  1.2633E-02
  1.0285E-02  9.0073E-02  6.3142E-03  1.2719E-02
  1.0354E-02  9.0240E-02  6.3569E-03  1.2805E-02
  1.0424E-02  9.0404E-02  6.3999E-03  1.2891E-02
  1.0495E-02  9.0565E-02  6.4432E-03  1.2979E-02
  1.0566E-02  9.0723E-02  6.4868E-03  1.3066E-02
  1.0637E-02  9.0877E-02  6.5307E-03  1.3155E-02
  1.0709E-02  9.1028E-02  6.5748E-03  1.3244E-02
  1.0782E-02  9.1176E-02  6.6193E-03  1.3333E-02
  1.0855E-02  9.1320E-02  6.6640E-03  1.3423E-02
  1.0928E-02  9.1461E-02  6.7091E-03  1.3514E-02
  1.1002E-02  9.1599E-02  6.7544E-03  1.3605E-02
  1.1076E-02  9.1733E-02  6.8001E-03  1.3697E-02
  1.1151E-02  9.1863E-02  6.8461E-03  1.3790E-02
  1.1226E-02  9.1989E-02  6.8923E-03  1.3883E-02
  1.1302E-02  9.2112E-02  6.9389E-03  1.3977E-02
  1.1379E-02  9.2231E-02  6.9858E-03  1.4071E-02
  1.1456E-02  9.2346E-02  7.0330E-03  1.4167E-02
  1.1533E-02  9.2458E-02  7.0805E-03  1.4262E-02
  1.1611E-02  9.2565E-02  7.1283E-03  1.4359E-02
  1.1689E-02  9.2668E-02  7.1765E-03  1.4456E-02
  1.1768E-02  9.2767E-02  7.2250E-03  1.4553E-02
  1.1848E-02  9.2862E-02  7.2738E-03  1.4651E-02
  1.1928E-02  9.2953E-02  7.3229E-03  1.4750E-02
  1.2008E-02  9.3040E-02  7.3723E-03  1.4850E-02
  1.2089E-02  9.3122E-02  7.4221E-03  1.4950E-02
  1.2171E-02  9.3200E-02  7.4722E-03  1.5051E-02
  1.2253E-02  9.3273E-02  7.5227E-03  1.5153E-02
  1.2336E-02  9.3342E-02  7.5735E-03  1.5255E-02
  1.2419E-02  9.3406E-02  7.6246E-03  1.5358E-02
  1.2503E-02  9.3466E-02  7.6761E-03  1.5462E-02
  1.2587E-02  9.3521E-02  7.7279E-03  1.5566E-02
  1.2672E-02  9.3571E-02  7.7800E-03  1.5671E-02
  1.2758E-02  9.3617E-02  7.8325E-03  1.5777E-02
  1.2844E-02  9.3657E-02  7.8854E-03  1.5883E-02
  1.2931E-02  9.3692E-02  7.9386E-03  1.5990E-02
  1.3018E-02  9.3723E-02  7.9921E-03  1.6098E-02
  1.3106E-02  9.3748E-02  8.0461E-03  1.6207E-02
  1.3194E-02  9.3768E-02  8.1003E-03  1.6316E-02
  1.3283E-02  9.3783E-02  8.1550E-03  1.6426E-02
  1.3373E-02  9.3793E-02  8.2100E-03  1.6537E-02
  1.3463E-02  9.3797E-02  8.2654E-03  1.6649E-02
  1.3554E-02  9.3796E-02  8.3211E-03  1.6761E-02
  1.3645E-02  9.3790E-02  8.3772E-03  1.6874E-02
  1.3737E-02  9.3778E-02  8.4337E-03  1.6988E-02
  1.3830E-02  9.3760E-02  8.4906E-03  1.7102E-02
  1.3923E-02  9.3736E-02  8.5479E-03  1.7218E-02
  1.4017E-02  9.3707E-02  8.6055E-03  1.7334E-02
  1.4112E-02  9.3672E-02  8.6635E-03  1.7451E-02
  1.4207E-02  9.3631E-02  8.7219E-03  1.7568E-02
  1.4302E-02  9.3584E-02  8.7807E-03  1.7687E-02
  1.4399E-02  9.3531E-02  8.8399E-03  1.7806E-02
  1.4496E-02  9.3472E-02  8.8995E-03  1.7926E-02
  1.4594E-02  9.3406E-02  8.9594E-03  1.8047E-02
  1.4692E-02  9.3335E-02  9.0198E-03  1.8168E-02
  1.4791E-02  9.3257E-02  9.0806E-03  1.8291E-02
  1.4891E-02  9.3172E-02  9.1418E-03  1.8414E-02
  1.4991E-02  9.3082E-02  9.2034E-03  1.8538E-02
  1.5092E-02  9.2984E-02  9.2654E-03  1.8663E-02
  1.5194E-02  9.2880E-02  9.3278E-03  1.8788E-02
  1.5296E-02  9.2770E-02  9.3907E-03  1.8915E-02
  1.5399E-02  9.2652E-02  9.4539E-03  1.9042E-02
  1.5503E-02  9.2528E-02  9.5176E-03  1.9171E-02
  1.5607E-02  9.2397E-02  9.5817E-03  1.9300E-02
  1.5712E-02  9.2259E-02  9.6463E-03  1.9430E-02
  1.5818E-02  9.2113E-02  9.7112E-03  1.9561E-02
  1.5925E-02  9.1961E-02  9.7766E-03  1.9692E-02
  1.6032E-02  9.1802E-02  9.8425E-03  1.9825E-02
  1.6140E-02  9.1635E-02  9.9087E-03  1.9958E-02
  1.6249E-02  9.1461E-02  9.9755E-03  2.0093E-02
  1.6358E-02  9.1279E-02  1.0043E-02  2.0228E-02
  1.6468E-02  9.1090E-02  1.0110E-02  2.0364E-02
  1.6579E-02  9.0894E-02  1.0178E-02  2.0501E-02
  1.6691E-02  9.0690E-02  1.0247E-02  2.0639E-02
  1.6803E-02  9.0478E-02  1.0316E-02  2.0778E-02
  1.6916E-02  9.0258E-02  1.0385E-02  2.0918E-02
  1.7030E-02  9.0031E-02  1.0455E-02  2.1059E-02
  1.7145E-02  8.9795E-02  1.0525E-02  2.1200E-02
  1.7260E-02  8.9552E-02  1.0596E-02  2.1343E-02
  1.7376E-02  8.9300E-02  1.0668E-02  2.1487E-02
  1.7493E-02  8.9041E-02  1.0739E-02  2.1631E-02
  1.7611E-02  8.8773E-02  1.0812E-02  2.1777E-02
  1.7729E-02  8.8497E-02  1.0884E-02  2.1923E-02
  1.7849E-02  8.8212E-02  1.0958E-02  2.2071E-02
  1.7969E-02  8.7919E-02  1.1031E-02  2.2219E-02
  1.8090E-02  8.7618E-02  1.1106E-02  2.2369E-02
  1.8211E-02  8.7308E-02  1.1180E-02  2.2519E-02
  1.8334E-02  8.6990E-02  1.1256E-02  2.2671E-02
  1.8457E-02  8.6662E-02  1.1331E-02  2.2823E-02
  1.8581E-02  8.6326E-02  1.1407E-02  2.2977E-02
  1.8706E-02  8.5981E-02  1.1484E-02  2.3131E-02
  1.8832E-02  8.5628E-02  1.1561E-02  2.3287E-02
  1.8959E-02  8.5265E-02  1.1639E-02  2.3443E-02
  1.9086E-02  8.4893E-02  1.1717E-02  2.3601E-02
  1.9215E-02  8.4512E-02  1.1796E-02  2.3760E-02
  1.9344E-02  8.4122E-02  1.1876E-02  2.3919E-02
  1.9474E-02  8.3722E-02  1.1955E-02  2.4080E-02
  1.9605E-02  8.3313E-02  1.2036E-02  2.4242E-02
  1.9737E-02  8.2895E-02  1.2117E-02  2.4405E-02
  1.9869E-02  8.2468E-02  1.2198E-02  2.4569E-02
  2.0003E-02  8.2030E-02  1.2280E-02  2.4734E-02
  2.0138E-02  8.1584E-02  1.2363E-02  2.4900E-02
  2.0273E-02  8.1127E-02  1.2446E-02  2.5068E-02
  2.0409E-02  8.0661E-02  1.2530E-02  2.5236E-02
  2.0546E-02  8.0185E-02  1.2614E-02  2.5406E-02
  2.0684E-02  7.9699E-02  1.2699E-02  2.5576E-02
  2.0824E-02  7.9204E-02  1.2784E-02  2.5748E-02
  2.0963E-02  7.8698E-02  1.2870E-02  2.5921E-02
  2.1104E-02  7.8182E-02  1.2956E-02  2.6095E-02
  2.1246E-02  7.7657E-02  1.3043E-02  2.6271E-02
  2.1389E-02  7.7121E-02  1.3131E-02  2.6447E-02
  2.1533E-02  7.6575E-02  1.3219E-02  2.6625E-02
  2.1677E-02  7.6018E-02  1.3308E-02  2.6804E-02
  2.1823E-02  7.5451E-02  1.3397E-02  2.6984E-02
  2.1970E-02  7.4874E-02  1.3487E-02  2.7165E-02
  2.2117E-02  7.4287E-02  1.3578E-02  2.7348E-02
  2.2266E-02  7.3689E-02  1.3669E-02  2.7531E-02
  2.2416E-02  7.3080E-02  1.3761E-02  2.7716E-02
  2.2566E-02  7.2461E-02  1.3854E-02  2.7902E-02
  2.2718E-02  7.1831E-02  1.3947E-02  2.8090E-02
  2.2870E-02  7.1191E-02  1.4040E-02  2.8278E-02
  2.3024E-02  7.0540E-02  1.4135E-02  2.8468E-02
  2.3179E-02  6.9877E-02  1.4230E-02  2.8659E-02
  2.3334E-02  6.9205E-02  1.4325E-02  2.8852E-02
  2.3491E-02  6.8521E-02  1.4421E-02  2.9045E-02
  2.3649E-02  6.7826E-02  1.4518E-02  2.9240E-02
  2.3808E-02  6.7121E-02  1.4616E-02  2.9437E-02
  2.3968E-02  6.6404E-02  1.4714E-02  2.9634E-02
  2.4129E-02  6.5676E-02  1.4813E-02  2.9833E-02
  2.4291E-02  6.4938E-02  1.4912E-02  3.0034E-02
  2.4454E-02  6.4188E-02  1.5012E-02  3.0235E-02
  2.4618E-02  6.3427E-02  1.5113E-02  3.0438E-02
  2.4783E-02  6.2655E-02  1.5215E-02  3.0642E-02
  2.4950E-02  6.1871E-02  1.5317E-02  3.0848E-02
  2.5117E-02  6.1077E-02  1.5419E-02  3.1055E-02
  2.5286E-02  6.0271E-02  1.5523E-02  3.1263E-02
  2.5456E-02  5.9454E-02  1.5627E-02  3.1473E-02
  2.5626E-02  5.8625E-02  1.5732E-02  3.1684E-02
  2.5798E-02  5.7785E-02  1.5838E-02  3.1897E-02
  2.5972E-02  5.6934E-02  1.5944E-02  3.2111E-02
  2.6146E-02  5.6071E-02  1.6051E-02  3.2326E-02
  2.6321E-02  5.5197E-02  1.6159E-02  3.2543E-02
  2.6498E-02  5.4312E-02  1.6267E-02  3.2762E-02
  2.6676E-02  5.3415E-02  1.6376E-02  3.2981E-02
  2.6855E-02  5.2507E-02  1.6486E-02  3.3203E-02
  2.7035E-02  5.1587E-02  1.6597E-02  3.3425E-02
  2.7217E-02  5.0655E-02  1.6708E-02  3.3650E-02
  2.7399E-02  4.9713E-02  1.6820E-02  3.3875E-02
  2.7583E-02  4.8759E-02  1.6933E-02  3.4103E-02
  2.7768E-02  4.7793E-02  1.7047E-02  3.4331E-02
  2.7955E-02  4.6816E-02  1.7161E-02  3.4561E-02
  2.8142E-02  4.5827E-02  1.7276E-02  3.4793E-02
  2.8331E-02  4.4827E-02  1.7392E-02  3.5027E-02
  2.8521E-02  4.3816E-02  1.7509E-02  3.5261E-02
  2.8713E-02  4.2793E-02  1.7626E-02  3.5498E-02
  2.8905E-02  4.1758E-02  1.7745E-02  3.5736E-02
  2.9099E-02  4.0712E-02  1.7864E-02  3.5976E-02
  2.9294E-02  3.9655E-02  1.7984E-02  3.6217E-02
  2.9491E-02  3.8587E-02  1.8104E-02  3.6460E-02
  2.9689E-02  3.7507E-02  1.8226E-02  3.6704E-02
  2.9888E-02  3.6415E-02  1.8348E-02  3.6950E-02
  3.0089E-02  3.5313E-02  1.8471E-02  3.7198E-02
  3.0290E-02  3.4199E-02  1.8595E-02  3.7447E-02
  3.0494E-02  3.3074E-02  1.8720E-02  3.7698E-02
  3.0698E-02  3.1938E-02  1.8845E-02  3.7951E-02
  3.0904E-02  3.0791E-02  1.8971E-02  3.8205E-02
  3.1111E-02  2.9632E-02  1.9099E-02  3.8461E-02
  3.1320E-02  2.8463E-02  1.9227E-02  3.8719E-02
  3.1530E-02  2.7282E-02  1.9356E-02  3.8979E-02
  3.1742E-02  2.6091E-02  1.9485E-02  3.9240E-02
  3.1954E-02  2.4889E-02  1.9616E-02  3.9503E-02
  3.2169E-02  2.3675E-02  1.9748E-02  3.9767E-02
  3.2384E-02  2.2451E-02  1.9880E-02  4.0034E-02
  3.2602E-02  2.1217E-02  2.0013E-02  4.0302E-02
  3.2820E-02  1.9972E-02  2.0148E-02  4.0572E-02
  3.3040E-02  1.8716E-02  2.0283E-02  4.0844E-02
  3.3262E-02  1.7450E-02  2.0419E-02  4.1118E-02
  3.3485E-02  1.6173E-02  2.0555E-02  4.1393E-02
  3.3709E-02  1.4886E-02  2.0693E-02  4.1670E-02
  3.3935E-02  1.3589E-02  2.0832E-02  4.1950E-02
  3.4163E-02  1.2282E-02  2.0972E-02  4.2231E-02
  3.4392E-02  1.0964E-02  2.1112E-02  4.2513E-02
  3.4623E-02  9.6370E-03  2.1254E-02  4.2798E-02
  3.4855E-02  8.2999E-03  2.1396E-02  4.3085E-02
  3.5088E-02  6.9531E-03  2.1540E-02  4.3374E-02
  3.5324E-02  5.5967E-03  2.1684E-02  4.3664E-02
  3.5560E-02  4.2308E-03  2.1829E-02  4.3956E-02
  3.5799E-02  2.8555E-03  2.1976E-02  4.4251E-02
  3.6039E-02  1.4709E-03  2.2123E-02  4.4547E-02
  3.6280E-02  7.7236E-05  2.2271E-02  4.4845E-02
  3.6524E-02 -1.3254E-03  2.2420E-02  4.5146E-02
  3.6768E-02 -2.7370E-03  2.2571E-02  4.5448E-02
  3.7015E-02 -4.1572E-03  2.2722E-02  4.5752E-02
  3.7263E-02 -5.5860E-03  2.2874E-02  4.6059E-02
  3.7513E-02 -7.0233E-03  2.3027E-02  4.6367E-02
  3.7764E-02 -8.4688E-03  2.3182E-02  4.6677E-02
  3.8017E-02 -9.9224E-03  2.3337E-02  4.6990E-02
  3.8272E-02 -1.1384E-02  2.3493E-02  4.7305E-02
  3.8529E-02 -1.2853E-02  2.3651E-02  4.7621E-02
  3.8787E-02 -1.4330E-02  2.3809E-02  4.7940E-02
  3.9047E-02 -1.5815E-02  2.3969E-02  4.8261E-02
  3.9308E-02 -1.7306E-02  2.4129E-02  4.8584E-02
  3.9572E-02 -1.8805E-02  2.4291E-02  4.8909E-02
  3.9837E-02 -2.0311E-02  2.4454E-02  4.9236E-02
  4.0104E-02 -2.1823E-02  2.4617E-02  4.9566E-02
  4.0373E-02 -2.3342E-02  2.4782E-02  4.9898E-02
  4.0643E-02 -2.4867E-02  2.4948E-02  5.0232E-02
  4.0915E-02 -2.6398E-02  2.5115E-02  5.0568E-02
  4.1190E-02 -2.7935E-02  2.5284E-02  5.0906E-02
  4.1466E-02 -2.9478E-02  2.5453E-02  5.1247E-02
  4.1743E-02 -3.1026E-02  2.5623E-02  5.1590E-02
  4.2023E-02 -3.2579E-02  2.5795E-02  5.1935E-02
  4.2305E-02 -3.4138E-02  2.5968E-02  5.2282E-02
  4.2588E-02 -3.5701E-02  2.6142E-02  5.2632E-02
  4.2873E-02 -3.7268E-02  2.6317E-02  5.2984E-02
  4.3161E-02 -3.8840E-02  2.6493E-02  5.3339E-02
  4.3450E-02 -4.0415E-02  2.6670E-02  5.3695E-02
  4.3741E-02 -4.1995E-02  2.6849E-02  5.4055E-02
  4.4034E-02 -4.3577E-02  2.7029E-02  5.4416E-02
  4.4329E-02 -4.5163E-02  2.7210E-02  5.4780E-02
  4.4626E-02 -4.6752E-02  2.7392E-02  5.5147E-02
  4.4925E-02 -4.8344E-02  2.7575E-02  5.5515E-02
  4.5226E-02 -4.9938E-02  2.7760E-02  5.5887E-02
  4.5529E-02 -5.1534E-02  2.7946E-02  5.6260E-02
  4.5833E-02 -5.3131E-02  2.8133E-02  5.6637E-02
  4.6140E-02 -5.4731E-02  2.8321E-02  5.7015E-02
  4.6450E-02 -5.6331E-02  2.8511E-02  5.7397E-02
  4.6761E-02 -5.7932E-02  2.8702E-02  5.7780E-02
  4.7074E-02 -5.9534E-02  2.8894E-02  5.8167E-02
  4.7389E-02 -6.1135E-02  2.9087E-02  5.8556E-02
  4.7706E-02 -6.2737E-02  2.9282E-02  5.8947E-02
  4.8026E-02 -6.4339E-02  2.9478E-02  5.9341E-02
  4.8348E-02 -6.5939E-02  2.9676E-02  5.9738E-02
  4.8671E-02 -6.7538E-02  2.9874E-02  6.0137E-02
  4.8997E-02 -6.9136E-02  3.0074E-02  6.0539E-02
  4.9325E-02 -7.0732E-02  3.0275E-02  6.0944E-02
  4.9656E-02 -7.2326E-02  3.0478E-02  6.1351E-02
  4.9988E-02 -7.3918E-02  3.0682E-02  6.1761E-02
  5.0323E-02 -7.5506E-02  3.0887E-02  6.2174E-02
  5.0660E-02 -7.7091E-02  3.1094E-02  6.2590E-02
  5.0999E-02 -7.8673E-02  3.1302E-02  6.3008E-02
  5.1341E-02 -8.0250E-02  3.1512E-02  6.3429E-02
  5.1685E-02 -8.1823E-02  3.1723E-02  6.3853E-02
  5.2031E-02 -8.3391E-02  3.1935E-02  6.4279E-02
  5.2379E-02 -8.4954E-02  3.2149E-02  6.4709E-02
  5.2730E-02 -8.6511E-02  3.2364E-02  6.5141E-02
  5.3083E-02 -8.8062E-02  3.2580E-02  6.5576E-02
  5.3438E-02 -8.9607E-02  3.2798E-02  6.6015E-02
  5.3796E-02 -9.1145E-02  3.3018E-02  6.6456E-02
  5.4156E-02 -9.2676E-02  3.3239E-02  6.6899E-02
  5.4519E-02 -9.4198E-02  3.3461E-02  6.7346E-02
  5.4884E-02 -9.5713E-02  3.3685E-02  6.7796E-02
  5.5251E-02 -9.7219E-02  3.3910E-02  6.8249E-02
  5.5621E-02 -9.8716E-02  3.4137E-02  6.8705E-02
  5.5993E-02 -1.0020E-01  3.4366E-02  6.9164E-02
  5.6368E-02 -1.0168E-01  3.4596E-02  6.9626E-02
  5.6746E-02 -1.0315E-01  3.4827E-02  7.0090E-02
  5.7125E-02 -1.0460E-01  3.5060E-02  7.0558E-02
  5.7508E-02 -1.0605E-01  3.5295E-02  7.1030E-02
  5.7893E-02 -1.0748E-01  3.5531E-02  7.1504E-02
  5.8280E-02 -1.0890E-01  3.5768E-02  7.1981E-02
  5.8670E-02 -1.1031E-01  3.6008E-02  7.2462E-02
  5.9063E-02 -1.1171E-01  3.6248E-02  7.2946E-02
  5.9459E-02 -1.1309E-01  3.6491E-02  7.3433E-02
  5.9857E-02 -1.1446E-01  3.6735E-02  7.3923E-02
  6.0257E-02 -1.1581E-01  3.6981E-02  7.4416E-02
  6.0661E-02 -1.1715E-01  3.7228E-02  7.4913E-02
  6.1067E-02 -1.1847E-01  3.7477E-02  7.5413E-02
  6.1475E-02 -1.1977E-01  3.7728E-02  7.5916E-02
  6.1887E-02 -1.2106E-01  3.7980E-02  7.6423E-02
  6.2301E-02 -1.2233E-01  3.8234E-02  7.6933E-02
  6.2718E-02 -1.2359E-01  3.8490E-02  7.7446E-02
  6.3138E-02 -1.2482E-01  3.8747E-02  7.7963E-02
  6.3560E-02 -1.2604E-01  3.9006E-02  7.8483E-02
  6.3986E-02 -1.2724E-01  3.9267E-02  7.9006E-02
  6.4414E-02 -1.2842E-01  3.9530E-02  7.9534E-02
  6.4845E-02 -1.2958E-01  3.9794E-02  8.0064E-02
  6.5279E-02 -1.3071E-01  4.0060E-02  8.0598E-02
  6.5716E-02 -1.3183E-01  4.0328E-02  8.1136E-02
  6.6156E-02 -1.3292E-01  4.0597E-02  8.1677E-02
  6.6598E-02 -1.3400E-01  4.0869E-02  8.2222E-02
  6.7044E-02 -1.3504E-01  4.1142E-02  8.2770E-02
  6.7493E-02 -1.3607E-01  4.1417E-02  8.3322E-02
  6.7944E-02 -1.3707E-01  4.1694E-02  8.3877E-02
  6.8399E-02 -1.3805E-01  4.1973E-02  8.4437E-02
  6.8857E-02 -1.3900E-01  4.2253E-02  8.5000E-02
  6.9317E-02 -1.3993E-01  4.2536E-02  8.5566E-02
  6.9781E-02 -1.4083E-01  4.2820E-02  8.6137E-02
  7.0248E-02 -1.4170E-01  4.3106E-02  8.6711E-02
  7.0718E-02 -1.4255E-01  4.3395E-02  8.7289E-02
  7.1191E-02 -1.4337E-01  4.3685E-02  8.7871E-02
  7.1668E-02 -1.4416E-01  4.3977E-02  8.8456E-02
  7.2147E-02 -1.4492E-01  4.4271E-02  8.9046E-02
  7.2630E-02 -1.4565E-01  4.4566E-02  8.9639E-02
  7.3116E-02 -1.4636E-01  4.4864E-02  9.0236E-02
  7.3605E-02 -1.4703E-01  4.5164E-02  9.0838E-02
  7.4098E-02 -1.4767E-01  4.5466E-02  9.1443E-02
  7.4593E-02 -1.4828E-01  4.5770E-02  9.2052E-02
  7.5092E-02 -1.4886E-01  4.6076E-02  9.2665E-02
  7.5595E-02 -1.4941E-01  4.6384E-02  9.3283E-02
  7.6101E-02 -1.4992E-01  4.6694E-02  9.3904E-02
  7.6610E-02 -1.5040E-01  4.7006E-02  9.4529E-02
  7.7122E-02 -1.5085E-01  4.7320E-02  9.5159E-02
  7.7638E-02 -1.5126E-01  4.7636E-02  9.5792E-02
  7.8158E-02 -1.5164E-01  4.7954E-02  9.6430E-02
  7.8681E-02 -1.5198E-01  4.8275E-02  9.7072E-02
  7.9207E-02 -1.5228E-01  4.8597E-02  9.7719E-02
  7.9737E-02 -1.5255E-01  4.8922E-02  9.8369E-02
  8.0270E-02 -1.5278E-01  4.9249E-02  9.9024E-02
  8.0807E-02 -1.5298E-01  4.9578E-02  9.9683E-02
  8.1348E-02 -1.5313E-01  4.9909E-02  1.0035E-01
  8.1892E-02 -1.5325E-01  5.0242E-02  1.0101E-01
  8.2440E-02 -1.5333E-01  5.0578E-02  1.0169E-01
  8.2991E-02 -1.5337E-01  5.0916E-02  1.0236E-01
  8.3546E-02 -1.5337E-01  5.1256E-02  1.0304E-01
  8.4105E-02 -1.5333E-01  5.1598E-02  1.0373E-01
  8.4668E-02 -1.5325E-01  5.1943E-02  1.0442E-01
  8.5234E-02 -1.5313E-01  5.2290E-02  1.0511E-01
  8.5804E-02 -1.5297E-01  5.2639E-02  1.0581E-01
  8.6378E-02 -1.5276E-01  5.2991E-02  1.0652E-01
  8.6956E-02 -1.5252E-01  5.3345E-02  1.0723E-01
  8.7538E-02 -1.5223E-01  5.3701E-02  1.0794E-01
  8.8123E-02 -1.5189E-01  5.4059E-02  1.0866E-01
  8.8713E-02 -1.5152E-01  5.4420E-02  1.0938E-01
  8.9306E-02 -1.5110E-01  5.4784E-02  1.1011E-01
  8.9903E-02 -1.5063E-01  5.5150E-02  1.1084E-01
  9.0505E-02 -1.5012E-01  5.5518E-02  1.1157E-01
  9.1110E-02 -1.4957E-01  5.5889E-02  1.1232E-01
  9.1719E-02 -1.4897E-01  5.6262E-02  1.1306E-01
  9.2333E-02 -1.4833E-01  5.6637E-02  1.1381E-01
  9.2950E-02 -1.4764E-01  5.7016E-02  1.1457E-01
  9.3572E-02 -1.4690E-01  5.7396E-02  1.1533E-01
  9.4198E-02 -1.4612E-01  5.7779E-02  1.1610E-01
  9.4828E-02 -1.4529E-01  5.8165E-02  1.1687E-01
  9.5462E-02 -1.4441E-01  5.8553E-02  1.1764E-01
  9.6101E-02 -1.4349E-01  5.8944E-02  1.1842E-01
  9.6743E-02 -1.4252E-01  5.9338E-02  1.1921E-01
  9.7390E-02 -1.4150E-01  5.9734E-02  1.2000E-01
  9.8042E-02 -1.4044E-01  6.0132E-02  1.2080E-01
  9.8697E-02 -1.3932E-01  6.0534E-02  1.2160E-01
  9.9357E-02 -1.3816E-01  6.0938E-02  1.2241E-01
  1.0002E-01 -1.3695E-01  6.1344E-02  1.2322E-01
  1.0069E-01 -1.3569E-01  6.1754E-02  1.2404E-01
  1.0136E-01 -1.3439E-01  6.2166E-02  1.2486E-01
  1.0204E-01 -1.3303E-01  6.2581E-02  1.2569E-01
  1.0272E-01 -1.3163E-01  6.2998E-02  1.2652E-01
  1.0341E-01 -1.3017E-01  6.3419E-02  1.2736E-01
  1.0410E-01 -1.2867E-01  6.3842E-02  1.2821E-01
  1.0480E-01 -1.2712E-01  6.4268E-02  1.2906E-01
  1.0550E-01 -1.2552E-01  6.4697E-02  1.2991E-01
  1.0621E-01 -1.2387E-01  6.5128E-02  1.3077E-01
  1.0692E-01 -1.2218E-01  6.5563E-02  1.3164E-01
  1.0763E-01 -1.2043E-01  6.6000E-02  1.3251E-01
  1.0835E-01 -1.1864E-01  6.6440E-02  1.3339E-01
  1.0907E-01 -1.1679E-01  6.6884E-02  1.3427E-01
  1.0980E-01 -1.1490E-01  6.7330E-02  1.3516E-01
  1.1054E-01 -1.1296E-01  6.7779E-02  1.3606E-01
  1.1128E-01 -1.1097E-01  6.8231E-02  1.3696E-01
  1.1202E-01 -1.0894E-01  6.8686E-02  1.3787E-01
  1.1277E-01 -1.0685E-01  6.9144E-02  1.3878E-01
  1.1352E-01 -1.0472E-01  6.9605E-02  1.3970E-01
  1.1428E-01 -1.0254E-01  7.0069E-02  1.4062E-01
  1.1505E-01 -1.0031E-01  7.0537E-02  1.4155E-01
  1.1582E-01 -9.8037E-02  7.1007E-02  1.4249E-01
  1.1659E-01 -9.5717E-02  7.1480E-02  1.4343E-01
  1.1737E-01 -9.3349E-02  7.1957E-02  1.4438E-01
  1.1816E-01 -9.0936E-02  7.2437E-02  1.4534E-01
  1.1895E-01 -8.8477E-02  7.2920E-02  1.4630E-01
  1.1974E-01 -8.5973E-02  7.3406E-02  1.4727E-01
  1.2054E-01 -8.3424E-02  7.3895E-02  1.4824E-01
  1.2135E-01 -8.0830E-02  7.4388E-02  1.4922E-01
  1.2216E-01 -7.8193E-02  7.4883E-02  1.5021E-01
  1.2298E-01 -7.5511E-02  7.5383E-02  1.5120E-01
  1.2380E-01 -7.2787E-02  7.5885E-02  1.5220E-01
  1.2463E-01 -7.0021E-02  7.6391E-02  1.5320E-01
  1.2546E-01 -6.7212E-02  7.6900E-02  1.5421E-01
  1.2630E-01 -6.4362E-02  7.7412E-02  1.5523E-01
  1.2714E-01 -6.1472E-02  7.7928E-02  1.5626E-01
  1.2799E-01 -5.8541E-02  7.8447E-02  1.5729E-01
  1.2885E-01 -5.5571E-02  7.8970E-02  1.5833E-01
  1.2971E-01 -5.2562E-02  7.9496E-02  1.5937E-01
  1.3058E-01 -4.9515E-02  8.0026E-02  1.6042E-01
  1.3145E-01 -4.6431E-02  8.0559E-02  1.6148E-01
  1.3233E-01 -4.3310E-02  8.1095E-02  1.6255E-01
  1.3321E-01 -4.0154E-02  8.1636E-02  1.6362E-01
  1.3410E-01 -3.6962E-02  8.2179E-02  1.6470E-01
  1.3500E-01 -3.3736E-02  8.2727E-02  1.6578E-01
  1.3590E-01 -3.0478E-02  8.3278E-02  1.6687E-01
  1.3681E-01 -2.7186E-02  8.3832E-02  1.6797E-01
  1.3773E-01 -2.3863E-02  8.4390E-02  1.6908E-01
  1.3865E-01 -2.0510E-02  8.4952E-02  1.7019E-01
  1.3957E-01 -1.7127E-02  8.5518E-02  1.7131E-01
  1.4051E-01 -1.3716E-02  8.6087E-02  1.7244E-01
  1.4145E-01 -1.0277E-02  8.6661E-02  1.7358E-01
  1.4239E-01 -6.8115E-03  8.7237E-02  1.7472E-01
  1.4334E-01 -3.3206E-03  8.7818E-02  1.7587E-01
  1.4430E-01  1.9462E-04  8.8403E-02  1.7703E-01
  1.4527E-01  3.7331E-03  8.8991E-02  1.7819E-01
  1.4624E-01  7.2936E-03  8.9583E-02  1.7936E-01
  1.4721E-01  1.0875E-02  9.0180E-02  1.8054E-01
  1.4820E-01  1.4476E-02  9.0780E-02  1.8173E-01
  1.4919E-01  1.8096E-02  9.1384E-02  1.8292E-01
  1.5019E-01  2.1733E-02  9.1992E-02  1.8412E-01
  1.5119E-01  2.5386E-02  9.2604E-02  1.8533E-01
  1.5220E-01  2.9054E-02  9.3220E-02  1.8655E-01
  1.5322E-01  3.2735E-02  9.3840E-02  1.8777E-01
  1.5424E-01  3.6428E-02  9.4464E-02  1.8900E-01
  1.5527E-01  4.0131E-02  9.5092E-02  1.9024E-01
  1.5631E-01  4.3845E-02  9.5725E-02  1.9149E-01
  1.5736E-01  4.7566E-02  9.6361E-02  1.9275E-01
  1.5841E-01  5.1293E-02  9.7002E-02  1.9401E-01
  1.5947E-01  5.5026E-02  9.7647E-02  1.9528E-01
  1.6053E-01  5.8762E-02  9.8296E-02  1.9656E-01
  1.6161E-01  6.2500E-02  9.8950E-02  1.9785E-01
  1.6269E-01  6.6239E-02  9.9608E-02  1.9914E-01
  1.6377E-01  6.9977E-02  1.0027E-01  2.0045E-01
  1.6487E-01  7.3712E-02  1.0094E-01  2.0176E-01
  1.6597E-01  7.7444E-02  1.0161E-01  2.0308E-01
  1.6708E-01  8.1169E-02  1.0228E-01  2.0441E-01
  1.6820E-01  8.4888E-02  1.0296E-01  2.0574E-01
  1.6932E-01  8.8598E-02  1.0365E-01  2.0709E-01
  1.7045E-01  9.2297E-02  1.0433E-01  2.0844E-01
  1.7159E-01  9.5984E-02  1.0503E-01  2.0980E-01
  1.7274E-01  9.9657E-02  1.0573E-01  2.1117E-01
  1.7389E-01  1.0331E-01  1.0643E-01  2.1255E-01
  1.7505E-01  1.0695E-01  1.0713E-01  2.1394E-01
  1.7622E-01  1.1058E-01  1.0785E-01  2.1533E-01
  1.7740E-01  1.1418E-01  1.0856E-01  2.1674E-01
  1.7859E-01  1.1776E-01  1.0928E-01  2.1815E-01
  1.7978E-01  1.2131E-01  1.1001E-01  2.1957E-01
  1.8098E-01  1.2484E-01  1.1074E-01  2.2100E-01
  1.8219E-01  1.2834E-01  1.1147E-01  2.2244E-01
  1.8341E-01  1.3181E-01  1.1221E-01  2.2389E-01
  1.8464E-01  1.3525E-01  1.1296E-01  2.2535E-01
  1.8587E-01  1.3866E-01  1.1371E-01  2.2681E-01
  1.8711E-01  1.4203E-01  1.1446E-01  2.2829E-01
  1.8836E-01  1.4537E-01  1.1522E-01  2.2977E-01
  1.8962E-01  1.4866E-01  1.1599E-01  2.3126E-01
  1.9089E-01  1.5192E-01  1.1676E-01  2.3276E-01
  1.9217E-01  1.5514E-01  1.1753E-01  2.3428E-01
  1.9345E-01  1.5831E-01  1.1831E-01  2.3580E-01
  1.9474E-01  1.6143E-01  1.1909E-01  2.3733E-01
  1.9604E-01  1.6451E-01  1.1988E-01  2.3886E-01
  1.9735E-01  1.6754E-01  1.2068E-01  2.4041E-01
  1.9867E-01  1.7052E-01  1.2148E-01  2.4197E-01
  2.0000E-01  1.7344E-01  1.2228E-01  2.4354E-01
  2.0134E-01  1.7632E-01  1.2309E-01  2.4511E-01
  2.0268E-01  1.7913E-01  1.2391E-01  2.4670E-01
  2.0404E-01  1.8188E-01  1.2473E-01  2.4830E-01
  2.0540E-01  1.8458E-01  1.2556E-01  2.4990E-01
  2.0677E-01  1.8721E-01  1.2639E-01  2.5152E-01
  2.0816E-01  1.8978E-01  1.2723E-01  2.5314E-01
  2.0955E-01  1.9229E-01  1.2807E-01  2.5477E-01
  2.1095E-01  1.9472E-01  1.2892E-01  2.5642E-01
  2.1236E-01  1.9709E-01  1.2977E-01  2.5807E-01
  2.1378E-01  1.9939E-01  1.3063E-01  2.5973E-01
  2.1520E-01  2.0161E-01  1.3149E-01  2.6141E-01
  2.1664E-01  2.0376E-01  1.3236E-01  2.6309E-01
  2.1809E-01  2.0584E-01  1.3324E-01  2.6478E-01
  2.1955E-01  2.0784E-01  1.3412E-01  2.6649E-01
  2.2102E-01  2.0976E-01  1.3501E-01  2.6820E-01
  2.2249E-01  2.1159E-01  1.3590E-01  2.6993E-01
  2.2398E-01  2.1335E-01  1.3680E-01  2.7166E-01
  2.2548E-01  2.1502E-01  1.3770E-01  2.7340E-01
  2.2698E-01  2.1661E-01  1.3862E-01  2.7516E-01
  2.2850E-01  2.1811E-01  1.3953E-01  2.7692E-01
  2.3003E-01  2.1952E-01  1.4045E-01  2.7870E-01
  2.3156E-01  2.2084E-01  1.4138E-01  2.8048E-01
  2.3311E-01  2.2207E-01  1.4232E-01  2.8228E-01
  2.3467E-01  2.2321E-01  1.4326E-01  2.8408E-01
  2.3624E-01  2.2425E-01  1.4420E-01  2.8590E-01
  2.3782E-01  2.2520E-01  1.4516E-01  2.8772E-01
  2.3940E-01  2.2605E-01  1.4611E-01  2.8956E-01
  2.4100E-01  2.2680E-01  1.4708E-01  2.9141E-01
  2.4262E-01  2.2745E-01  1.4805E-01  2.9327E-01
  2.4424E-01  2.2801E-01  1.4903E-01  2.9514E-01
  2.4587E-01  2.2846E-01  1.5001E-01  2.9702E-01
  2.4751E-01  2.2880E-01  1.5100E-01  2.9891E-01
  2.4917E-01  2.2905E-01  1.5200E-01  3.0081E-01
  2.5083E-01  2.2919E-01  1.5300E-01  3.0272E-01
  2.5251E-01  2.2922E-01  1.5401E-01  3.0464E-01
  2.5419E-01  2.2915E-01  1.5502E-01  3.0657E-01
  2.5589E-01  2.2897E-01  1.5604E-01  3.0852E-01
  2.5760E-01  2.2868E-01  1.5707E-01  3.1047E-01
  2.5932E-01  2.2828E-01  1.5811E-01  3.1244E-01
  2.6106E-01  2.2777E-01  1.5915E-01  3.1442E-01
  2.6280E-01  2.2715E-01  1.6020E-01  3.1640E-01
  2.6456E-01  2.2641E-01  1.6125E-01  3.1840E-01
  2.6632E-01  2.2557E-01  1.6231E-01  3.2041E-01
  2.6810E-01  2.2461E-01  1.6338E-01  3.2244E-01
  2.6990E-01  2.2354E-01  1.6446E-01  3.2447E-01
  2.7170E-01  2.2235E-01  1.6554E-01  3.2651E-01
  2.7351E-01  2.2106E-01  1.6663E-01  3.2857E-01
  2.7534E-01  2.1964E-01  1.6772E-01  3.3063E-01
  2.7718E-01  2.1811E-01  1.6883E-01  3.3271E-01
  2.7903E-01  2.1647E-01  1.6994E-01  3.3480E-01
  2.8090E-01  2.1471E-01  1.7105E-01  3.3690E-01
  2.8278E-01  2.1283E-01  1.7218E-01  3.3901E-01
  2.8466E-01  2.1084E-01  1.7331E-01  3.4113E-01
  2.8657E-01  2.0874E-01  1.7445E-01  3.4326E-01
  2.8848E-01  2.0651E-01  1.7559E-01  3.4541E-01
  2.9041E-01  2.0418E-01  1.7675E-01  3.4756E-01
  2.9235E-01  2.0172E-01  1.7791E-01  3.4973E-01
  2.9430E-01  1.9916E-01  1.7907E-01  3.5191E-01
  2.9627E-01  1.9648E-01  1.8025E-01  3.5410E-01
  2.9825E-01  1.9368E-01  1.8143E-01  3.5630E-01
  3.0024E-01  1.9077E-01  1.8262E-01  3.5852E-01
  3.0225E-01  1.8775E-01  1.8382E-01  3.6074E-01
  3.0427E-01  1.8461E-01  1.8502E-01  3.6298E-01
  3.0630E-01  1.8136E-01  1.8623E-01  3.6522E-01
  3.0835E-01  1.7800E-01  1.8745E-01  3.6748E-01
  3.1041E-01  1.7453E-01  1.8868E-01  3.6975E-01
  3.1248E-01  1.7095E-01  1.8992E-01  3.7204E-01
  3.1457E-01  1.6726E-01  1.9116E-01  3.7433E-01
  3.1667E-01  1.6346E-01  1.9241E-01  3.7664E-01
  3.1879E-01  1.5956E-01  1.9367E-01  3.7895E-01
  3.2092E-01  1.5555E-01  1.9493E-01  3.8128E-01
  3.2306E-01  1.5143E-01  1.9621E-01  3.8362E-01
  3.2522E-01  1.4722E-01  1.9749E-01  3.8597E-01
  3.2739E-01  1.4290E-01  1.9878E-01  3.8833E-01
  3.2958E-01  1.3848E-01  2.0008E-01  3.9071E-01
  3.3178E-01  1.3395E-01  2.0138E-01  3.9309E-01
  3.3400E-01  1.2934E-01  2.0270E-01  3.9549E-01
  3.3623E-01  1.2462E-01  2.0402E-01  3.9790E-01
  3.3848E-01  1.1981E-01  2.0535E-01  4.0032E-01
  3.4074E-01  1.1491E-01  2.0669E-01  4.0275E-01
  3.4301E-01  1.0992E-01  2.0804E-01  4.0519E-01
  3.4531E-01  1.0484E-01  2.0939E-01  4.0765E-01
  3.4761E-01  9.9669E-02  2.1076E-01  4.1011E-01
  3.4994E-01  9.4414E-02  2.1213E-01  4.1259E-01
  3.5227E-01  8.9076E-02  2.1351E-01  4.1508E-01
  3.5463E-01  8.3657E-02  2.1490E-01  4.1758E-01
  3.5700E-01  7.8160E-02  2.1630E-01  4.2009E-01
  3.5938E-01  7.2585E-02  2.1770E-01  4.2261E-01
  3.6178E-01  6.6936E-02  2.1912E-01  4.2515E-01
  3.6420E-01  6.1215E-02  2.2054E-01  4.2769E-01
  3.6663E-01  5.5424E-02  2.2197E-01  4.3025E-01
  3.6908E-01  4.9566E-02  2.2341E-01  4.3281E-01
  3.7155E-01  4.3643E-02  2.2486E-01  4.3539E-01
  3.7403E-01  3.7658E-02  2.2632E-01  4.3798E-01
  3.7653E-01  3.1614E-02  2.2779E-01  4.4058E-01
  3.7905E-01  2.5513E-02  2.2927E-01  4.4319E-01
  3.8158E-01  1.9359E-02  2.3075E-01  4.4582E-01
  3.8413E-01  1.3153E-02  2.3225E-01  4.4845E-01
  3.8669E-01  6.8988E-03  2.3375E-01  4.5109E-01
  3.8928E-01  5.9957E-04  2.3526E-01  4.5375E-01
  3.9188E-01 -5.7420E-03  2.3678E-01  4.5641E-01
  3.9450E-01 -1.2123E-02  2.3831E-01  4.5909E-01
  3.9713E-01 -1.8540E-02  2.3985E-01  4.6177E-01
  3.9978E-01 -2.4990E-02  2.4140E-01  4.6447E-01
  4.0246E-01 -3.1470E-02  2.4296E-01  4.6718E-01
  4.0514E-01 -3.7977E-02  2.4453E-01  4.6989E-01
  4.0785E-01 -4.4507E-02  2.4610E-01  4.7262E-01
  4.1058E-01 -5.1058E-02  2.4769E-01  4.7536E-01
  4.1332E-01 -5.7625E-02  2.4929E-01  4.7811E-01
  4.1608E-01 -6.4206E-02  2.5089E-01  4.8087E-01
  4.1886E-01 -7.0796E-02  2.5250E-01  4.8363E-01
  4.2166E-01 -7.7394E-02  2.5413E-01  4.8641E-01
  4.2447E-01 -8.3995E-02  2.5576E-01  4.8920E-01
  4.2731E-01 -9.0595E-02  2.5741E-01  4.9199E-01
  4.3017E-01 -9.7192E-02  2.5906E-01  4.9480E-01
  4.3304E-01 -1.0378E-01  2.6072E-01  4.9762E-01
  4.3593E-01 -1.1036E-01  2.6239E-01  5.0044E-01
  4.3884E-01 -1.1692E-01  2.6408E-01  5.0327E-01
  4.4178E-01 -1.2347E-01  2.6577E-01  5.0612E-01
  4.4473E-01 -1.2999E-01  2.6747E-01  5.0897E-01
  4.4770E-01 -1.3649E-01  2.6918E-01  5.1183E-01
  4.5069E-01 -1.4296E-01  2.7090E-01  5.1470E-01
  4.5370E-01 -1.4940E-01  2.7263E-01  5.1758E-01
  4.5673E-01 -1.5580E-01  2.7437E-01  5.2046E-01
  4.5978E-01 -1.6216E-01  2.7613E-01  5.2336E-01
  4.6285E-01 -1.6848E-01  2.7789E-01  5.2626E-01
  4.6595E-01 -1.7475E-01  2.7966E-01  5.2917E-01
  4.6906E-01 -1.8097E-01  2.8144E-01  5.3208E-01
  4.7219E-01 -1.8713E-01  2.8323E-01  5.3501E-01
  4.7535E-01 -1.9324E-01  2.8503E-01  5.3794E-01
  4.7852E-01 -1.9928E-01  2.8685E-01  5.4088E-01
  4.8172E-01 -2.0526E-01  2.8867E-01  5.4383E-01
  4.8494E-01 -2.1117E-01  2.9050E-01  5.4678E-01
  4.8818E-01 -2.1701E-01  2.9235E-01  5.4974E-01
  4.9144E-01 -2.2277E-01  2.9420E-01  5.5271E-01
  4.9472E-01 -2.2845E-01  2.9606E-01  5.5568E-01
  4.9803E-01 -2.3404E-01  2.9794E-01  5.5866E-01
  5.0135E-01 -2.3955E-01  2.9982E-01  5.6164E-01
  5.0470E-01 -2.4497E-01  3.0172E-01  5.6463E-01
  5.0807E-01 -2.5030E-01  3.0362E-01  5.6762E-01
  5.1147E-01 -2.5552E-01  3.0554E-01  5.7062E-01
  5.1489E-01 -2.6065E-01  3.0746E-01  5.7363E-01
  5.1832E-01 -2.6567E-01  3.0940E-01  5.7664E-01
  5.2179E-01 -2.7059E-01  3.1135E-01  5.7965E-01
  5.2527E-01 -2.7539E-01  3.1331E-01  5.8267E-01
  5.2878E-01 -2.8008E-01  3.1528E-01  5.8569E-01
  5.3231E-01 -2.8465E-01  3.1725E-01  5.8871E-01
  5.3587E-01 -2.8910E-01  3.1924E-01  5.9174E-01
  5.3945E-01 -2.9342E-01  3.2125E-01  5.9477E-01
  5.4305E-01 -2.9762E-01  3.2326E-01  5.9780E-01
  5.4668E-01 -3.0169E-01  3.2528E-01  6.0084E-01
  5.5033E-01 -3.0563E-01  3.2731E-01  6.0387E-01
  5.5401E-01 -3.0943E-01  3.2936E-01  6.0691E-01
  5.5771E-01 -3.1309E-01  3.3141E-01  6.0995E-01
  5.6144E-01 -3.1661E-01  3.3348E-01  6.1299E-01
  5.6519E-01 -3.1998E-01  3.3555E-01  6.1604E-01
  5.6896E-01 -3.2321E-01  3.3764E-01  6.1908E-01
  5.7276E-01 -3.2628E-01  3.3974E-01  6.2212E-01
  5.7659E-01 -3.2921E-01  3.4184E-01  6.2516E-01
  5.8044E-01 -3.3198E-01  3.4396E-01  6.2820E-01
  5.8432E-01 -3.3459E-01  3.4609E-01  6.3124E-01
  5.8822E-01 -3.3704E-01  3.4823E-01  6.3428E-01
  5.9215E-01 -3.3932E-01  3.5039E-01  6.3731E-01
  5.9611E-01 -3.4145E-01  3.5255E-01  6.4035E-01
  6.0009E-01 -3.4340E-01  3.5472E-01  6.4338E-01
  6.0410E-01 -3.4519E-01  3.5691E-01  6.4640E-01
  6.0813E-01 -3.4681E-01  3.5910E-01  6.4943E-01
  6.1220E-01 -3.4825E-01  3.6131E-01  6.5245E-01
  6.1629E-01 -3.4952E-01  3.6352E-01  6.5546E-01
  6.2040E-01 -3.5061E-01  3.6575E-01  6.5847E-01
  6.2455E-01 -3.5152E-01  3.6799E-01  6.6147E-01
  6.2872E-01 -3.5226E-01  3.7024E-01  6.6447E-01
  6.3292E-01 -3.5281E-01  3.7250E-01  6.6746E-01
  6.3715E-01 -3.5318E-01  3.7477E-01  6.7044E-01
  6.4140E-01 -3.5337E-01  3.7705E-01  6.7342E-01
  6.4569E-01 -3.5337E-01  3.7934E-01  6.7639E-01
  6.5000E-01 -3.5319E-01  3.8165E-01  6.7934E-01
  6.5434E-01 -3.5282E-01  3.8396E-01  6.8229E-01
  6.5871E-01 -3.5226E-01  3.8628E-01  6.8523E-01
  6.6311E-01 -3.5151E-01  3.8862E-01  6.8816E-01
  6.6754E-01 -3.5058E-01  3.9096E-01  6.9108E-01
  6.7200E-01 -3.4945E-01  3.9332E-01  6.9399E-01
  6.7649E-01 -3.4814E-01  3.9569E-01  6.9688E-01
  6.8101E-01 -3.4663E-01  3.9806E-01  6.9976E-01
  6.8556E-01 -3.4494E-01  4.0045E-01  7.0263E-01
  6.9014E-01 -3.4305E-01  4.0285E-01  7.0548E-01
  6.9475E-01 -3.4098E-01  4.0526E-01  7.0832E-01
  6.9939E-01 -3.3871E-01  4.0768E-01  7.1114E-01
  7.0406E-01 -3.3625E-01  4.1011E-01  7.1395E-01
  7.0876E-01 -3.3361E-01  4.1255E-01  7.1674E-01
  7.1350E-01 -3.3077E-01  4.1500E-01  7.1951E-01
  7.1827E-01 -3.2775E-01  4.1746E-01  7.2227E-01
  7.2306E-01 -3.2453E-01  4.1993E-01  7.2500E-01
  7.2789E-01 -3.2113E-01  4.2241E-01  7.2771E-01
  7.3276E-01 -3.1754E-01  4.2490E-01  7.3041E-01
  7.3765E-01 -3.1376E-01  4.2740E-01  7.3308E-01
  7.4258E-01 -3.0980E-01  4.2991E-01  7.3573E-01
  7.4754E-01 -3.0566E-01  4.3243E-01  7.3836E-01
  7.5253E-01 -3.0133E-01  4.3496E-01  7.4096E-01
  7.5756E-01 -2.9682E-01  4.3750E-01  7.4354E-01
  7.6262E-01 -2.9214E-01  4.4005E-01  7.4609E-01
  7.6771E-01 -2.8727E-01  4.4261E-01  7.4862E-01
  7.7284E-01 -2.8222E-01  4.4517E-01  7.5112E-01
  7.7800E-01 -2.7700E-01  4.4775E-01  7.5359E-01
  7.8320E-01 -2.7161E-01  4.5034E-01  7.5603E-01
  7.8843E-01 -2.6605E-01  4.5293E-01  7.5845E-01
  7.9370E-01 -2.6031E-01  4.5554E-01  7.6083E-01
  7.9900E-01 -2.5441E-01  4.5815E-01  7.6318E-01
  8.0434E-01 -2.4834E-01  4.6077E-01  7.6549E-01
  8.0971E-01 -2.4211E-01  4.6340E-01  7.6777E-01
  8.1512E-01 -2.3572E-01  4.6604E-01  7.7002E-01
  8.2056E-01 -2.2917E-01  4.6869E-01  7.7223E-01
  8.2604E-01 -2.2247E-01  4.7135E-01  7.7441E-01
  8.3156E-01 -2.1561E-01  4.7401E-01  7.7654E-01
  8.3712E-01 -2.0860E-01  4.7668E-01  7.7864E-01
  8.4271E-01 -2.0144E-01  4.7936E-01  7.8070E-01
  8.4834E-01 -1.9413E-01  4.8205E-01  7.8271E-01
  8.5400E-01 -1.8669E-01  4.8475E-01  7.8469E-01
  8.5971E-01 -1.7910E-01  4.8745E-01  7.8662E-01
  8.6545E-01 -1.7138E-01  4.9016E-01  7.8850E-01
  8.7123E-01 -1.6353E-01  4.9288E-01  7.9034E-01
  8.7705E-01 -1.5554E-01  4.9560E-01  7.9214E-01
  8.8291E-01 -1.4743E-01  4.9833E-01  7.9388E-01
  8.8881E-01 -1.3919E-01  5.0107E-01  7.9558E-01
  8.9474E-01 -1.3083E-01  5.0381E-01  7.9722E-01
  9.0072E-01 -1.2236E-01  5.0656E-01  7.9882E-01
  9.0674E-01 -1.1377E-01  5.0932E-01  8.0036E-01
  9.1279E-01 -1.0507E-01  5.1208E-01  8.0185E-01
  9.1889E-01 -9.6260E-02  5.1485E-01  8.0328E-01
  9.2503E-01 -8.7351E-02  5.1762E-01  8.0465E-01
  9.3121E-01 -7.8341E-02  5.2040E-01  8.0597E-01
  9.3743E-01 -6.9235E-02  5.2318E-01  8.0722E-01
  9.4369E-01 -6.0037E-02  5.2597E-01  8.0842E-01
  9.4999E-01 -5.0750E-02  5.2876E-01  8.0955E-01
  9.5634E-01 -4.1377E-02  5.3156E-01  8.1063E-01
  9.6273E-01 -3.1924E-02  5.3436E-01  8.1163E-01
  9.6916E-01 -2.2393E-02  5.3716E-01  8.1257E-01
  9.7563E-01 -1.2788E-02  5.3997E-01  8.1344E-01
  9.8215E-01 -3.1135E-03  5.4278E-01  8.1425E-01
  9.8871E-01  6.6271E-03  5.4560E-01  8.1498E-01
  9.9531E-01  1.6430E-02  5.4841E-01  8.1564E-01
  1.0020E+00  2.6291E-02  5.5123E-01  8.1623E-01
  1.0087E+00  3.6206E-02  5.5405E-01  8.1675E-01
  1.0154E+00  4.6171E-02  5.5687E-01  8.1718E-01
  1.0222E+00  5.6183E-02  5.5969E-01  8.1754E-01
  1.0290E+00  6.6237E-02  5.6252E-01  8.1782E-01
  1.0359E+00  7.6330E-02  5.6534E-01  8.1802E-01
  1.0428E+00  8.6458E-02  5.6817E-01  8.1814E-01
  1.0498E+00  9.6616E-02  5.7099E-01  8.1818E-01
  1.0568E+00  1.0680E-01  5.7381E-01  8.1813E-01
  1.0638E+00  1.1701E-01  5.7664E-01  8.1799E-01
  1.0709E+00  1.2723E-01  5.7946E-01  8.1777E-01
  1.0781E+00  1.3747E-01  5.8228E-01  8.1745E-01
  1.0853E+00  1.4773E-01  5.8510E-01  8.1705E-01
  1.0925E+00  1.5798E-01  5.8791E-01  8.1655E-01
  1.0998E+00  1.6825E-01  5.9072E-01  8.1596E-01
  1.1072E+00  1.7851E-01  5.9353E-01  8.1527E-01
  1.1146E+00  1.8876E-01  5.9634E-01  8.1449E-01
  1.1220E+00  1.9901E-01  5.9914E-01  8.1360E-01
  1.1295E+00  2.0924E-01  6.0194E-01  8.1262E-01
  1.1371E+00  2.1946E-01  6.0473E-01  8.1153E-01
  1.1447E+00  2.2966E-01  6.0751E-01  8.1035E-01
  1.1523E+00  2.3984E-01  6.1029E-01  8.0905E-01
  1.1600E+00  2.4998E-01  6.1307E-01  8.0765E-01
  1.1677E+00  2.6010E-01  6.1583E-01  8.0614E-01
  1.1755E+00  2.7018E-01  6.1859E-01  8.0453E-01
  1.1834E+00  2.8022E-01  6.2134E-01  8.0280E-01
  1.1913E+00  2.9022E-01  6.2408E-01  8.0096E-01
  1.1993E+00  3.0018E-01  6.2681E-01  7.9900E-01
  1.2073E+00  3.1008E-01  6.2953E-01  7.9694E-01
  1.2153E+00  3.1994E-01  6.3224E-01  7.9475E-01
  1.2235E+00  3.2973E-01  6.3494E-01  7.9245E-01
  1.2316E+00  3.3947E-01  6.3763E-01  7.9002E-01
  1.2398E+00  3.4914E-01  6.4031E-01  7.8748E-01
  1.2481E+00  3.5875E-01  6.4297E-01  7.8481E-01
  1.2565E+00  3.6829E-01  6.4562E-01  7.8202E-01
  1.2649E+00  3.7776E-01  6.4825E-01  7.7911E-01
  1.2733E+00  3.8715E-01  6.5087E-01  7.7607E-01
  1.2818E+00  3.9646E-01  6.5347E-01  7.7290E-01
  1.2904E+00  4.0569E-01  6.5606E-01  7.6960E-01
  1.2990E+00  4.1483E-01  6.5863E-01  7.6618E-01
  1.3077E+00  4.2389E-01  6.6118E-01  7.6262E-01
  1.3164E+00  4.3285E-01  6.6371E-01  7.5893E-01
  1.3252E+00  4.4172E-01  6.6623E-01  7.5511E-01
  1.3340E+00  4.5050E-01  6.6872E-01  7.5116E-01
  1.3430E+00  4.5917E-01  6.7119E-01  7.4707E-01
  1.3519E+00  4.6775E-01  6.7364E-01  7.4284E-01
  1.3610E+00  4.7622E-01  6.7607E-01  7.3848E-01
  1.3700E+00  4.8458E-01  6.7847E-01  7.3398E-01
  1.3792E+00  4.9283E-01  6.8085E-01  7.2934E-01
  1.3884E+00  5.0097E-01  6.8320E-01  7.2457E-01
  1.3977E+00  5.0900E-01  6.8553E-01  7.1965E-01
  1.4070E+00  5.1691E-01  6.8783E-01  7.1460E-01
  1.4164E+00  5.2470E-01  6.9011E-01  7.0940E-01
  1.4259E+00  5.3237E-01  6.9235E-01  7.0406E-01
  1.4354E+00  5.3992E-01  6.9456E-01  6.9859E-01
  1.4450E+00  5.4735E-01  6.9675E-01  6.9297E-01
  1.4546E+00  5.5464E-01  6.9890E-01  6.8721E-01
  1.4644E+00  5.6181E-01  7.0102E-01  6.8130E-01
  1.4741E+00  5.6884E-01  7.0310E-01  6.7526E-01
  1.4840E+00  5.7575E-01  7.0516E-01  6.6908E-01
  1.4939E+00  5.8252E-01  7.0717E-01  6.6275E-01
  1.5039E+00  5.8915E-01  7.0915E-01  6.5628E-01
  1.5139E+00  5.9565E-01  7.1109E-01  6.4967E-01
  1.5240E+00  6.0201E-01  7.1299E-01  6.4293E-01
  1.5342E+00  6.0822E-01  7.1485E-01  6.3604E-01
  1.5445E+00  6.1430E-01  7.1667E-01  6.2901E-01
  1.5548E+00  6.2023E-01  7.1845E-01  6.2185E-01
  1.5652E+00  6.2602E-01  7.2019E-01  6.1455E-01
  1.5756E+00  6.3166E-01  7.2188E-01  6.0712E-01
  1.5861E+00  6.3716E-01  7.2352E-01  5.9955E-01
  1.5967E+00  6.4251E-01  7.2512E-01  5.9184E-01
  1.6074E+00  6.4771E-01  7.2667E-01  5.8401E-01
  1.6181E+00  6.5276E-01  7.2817E-01  5.7605E-01
  1.6289E+00  6.5766E-01  7.2962E-01  5.6796E-01
  1.6398E+00  6.6242E-01  7.3102E-01  5.5974E-01
  1.6508E+00  6.6701E-01  7.3237E-01  5.5140E-01
  1.6618E+00  6.7146E-01  7.3366E-01  5.4294E-01
  1.6729E+00  6.7576E-01  7.3490E-01  5.3435E-01
  1.6841E+00  6.7990E-01  7.3608E-01  5.2566E-01
  1.6953E+00  6.8388E-01  7.3721E-01  5.1685E-01
  1.7066E+00  6.8772E-01  7.3827E-01  5.0792E-01
  1.7180E+00  6.9140E-01  7.3928E-01  4.9889E-01
  1.7295E+00  6.9492E-01  7.4022E-01  4.8976E-01
  1.7411E+00  6.9829E-01  7.4111E-01  4.8053E-01
  1.7527E+00  7.0150E-01  7.4192E-01  4.7119E-01
  1.7644E+00  7.0456E-01  7.4268E-01  4.6177E-01
  1.7762E+00  7.0747E-01  7.4336E-01  4.5225E-01
  1.7881E+00  7.1022E-01  7.4398E-01  4.4265E-01
  1.8000E+00  7.1281E-01  7.4453E-01  4.3298E-01
  1.8120E+00  7.1525E-01  7.4501E-01  4.2322E-01
  1.8241E+00  7.1753E-01  7.4542E-01  4.1339E-01
  1.8363E+00  7.1966E-01  7.4575E-01  4.0350E-01
  1.8486E+00  7.2164E-01  7.4601E-01  3.9354E-01
  1.8609E+00  7.2346E-01  7.4620E-01  3.8353E-01
  1.8733E+00  7.2513E-01  7.4631E-01  3.7347E-01
  1.8859E+00  7.2665E-01  7.4634E-01  3.6337E-01
  1.8985E+00  7.2801E-01  7.4629E-01  3.5322E-01
  1.9111E+00  7.2923E-01  7.4616E-01  3.4305E-01
  1.9239E+00  7.3029E-01  7.4596E-01  3.3285E-01
  1.9367E+00  7.3120E-01  7.4566E-01  3.2262E-01
  1.9497E+00  7.3196E-01  7.4529E-01  3.1239E-01
  1.9627E+00  7.3257E-01  7.4483E-01  3.0215E-01
  1.9758E+00  7.3304E-01  7.4428E-01  2.9191E-01
  1.9890E+00  7.3335E-01  7.4365E-01  2.8167E-01
  2.0023E+00  7.3352E-01  7.4293E-01  2.7145E-01
  2.0157E+00  7.3355E-01  7.4212E-01  2.6126E-01
  2.0291E+00  7.3343E-01  7.4122E-01  2.5109E-01
  2.0427E+00  7.3317E-01  7.4023E-01  2.4096E-01
  2.0563E+00  7.3276E-01  7.3915E-01  2.3087E-01
  2.0701E+00  7.3222E-01  7.3797E-01  2.2084E-01
  2.0839E+00  7.3153E-01  7.3670E-01  2.1087E-01
  2.0978E+00  7.3071E-01  7.3534E-01  2.0096E-01
  2.1118E+00  7.2975E-01  7.3388E-01  1.9114E-01
  2.1259E+00  7.2865E-01  7.3232E-01  1.8139E-01
  2.1401E+00  7.2742E-01  7.3067E-01  1.7174E-01
  2.1544E+00  7.2605E-01  7.2892E-01  1.6219E-01
  2.1688E+00  7.2455E-01  7.2707E-01  1.5274E-01
  2.1833E+00  7.2292E-01  7.2513E-01  1.4341E-01
  2.1979E+00  7.2117E-01  7.2309E-01  1.3420E-01
  2.2126E+00  7.1928E-01  7.2094E-01  1.2512E-01
  2.2273E+00  7.1727E-01  7.1870E-01  1.1617E-01
  2.2422E+00  7.1513E-01  7.1636E-01  1.0737E-01
  2.2572E+00  7.1288E-01  7.1392E-01  9.8719E-02
  2.2723E+00  7.1050E-01  7.1138E-01  9.0223E-02
  2.2874E+00  7.0800E-01  7.0873E-01  8.1889E-02
  2.3027E+00  7.0538E-01  7.0599E-01  7.3721E-02
  2.3181E+00  7.0265E-01  7.0315E-01  6.5891E-02
  2.3336E+00  6.9980E-01  7.0021E-01  5.8565E-02
  2.3492E+00  6.9684E-01  6.9718E-01  5.1734E-02
  2.3649E+00  6.9377E-01  6.9404E-01  4.5393E-02
  2.3806E+00  6.9060E-01  6.9081E-01  3.9533E-02
  2.3965E+00  6.8731E-01  6.8748E-01  3.4145E-02
  2.4126E+00  6.8392E-01  6.8405E-01  2.9220E-02
  2.4287E+00  6.8043E-01  6.8052E-01  2.4747E-02
  2.4449E+00  6.7684E-01  6.7691E-01  2.0713E-02
  2.4612E+00  6.7315E-01  6.7320E-01  1.7106E-02
  2.4777E+00  6.6936E-01  6.6939E-01  1.3910E-02
  2.4942E+00  6.6547E-01  6.6550E-01  1.1110E-02
  2.5109E+00  6.6150E-01  6.6151E-01  8.6870E-03
  2.5276E+00  6.5743E-01  6.5744E-01  6.6225E-03
  2.5445E+00  6.5328E-01  6.5328E-01  4.8951E-03
  2.5615E+00  6.4904E-01  6.4904E-01  3.4820E-03
  2.5786E+00  6.4471E-01  6.4471E-01  2.3580E-03
  2.5958E+00  6.4030E-01  6.4030E-01  1.4960E-03
  2.6132E+00  6.3581E-01  6.3581E-01  8.6675E-04
  2.6306E+00  6.3125E-01  6.3125E-01  4.3836E-04
  2.6482E+00  6.2661E-01  6.2661E-01  1.7650E-04
  2.6659E+00  6.2189E-01  6.2189E-01  4.4110E-05
  2.6837E+00  6.1710E-01  6.1710E-01  1.2653E-06
  2.7016E+00  6.1225E-01  6.1225E-01  0.0000E+00
  2.7197E+00  6.0733E-01  6.0733E-01  0.0000E+00
  2.7378E+00  6.0234E-01  6.0234E-01  0.0000E+00
  2.7561E+00  5.9729E-01  5.9729E-01  0.0000E+00
  2.7745E+00  5.9218E-01  5.9218E-01  0.0000E+00
  2.7931E+00  5.8701E-01  5.8701E-01  0.0000E+00
  2.8117E+00  5.8179E-01  5.8179E-01  0.0000E+00
  2.8305E+00  5.7651E-01  5.7651E-01  0.0000E+00
  2.8494E+00  5.7118E-01  5.7118E-01  0.0000E+00
  2.8684E+00  5.6580E-01  5.6580E-01  0.0000E+00
  2.8876E+00  5.6038E-01  5.6038E-01  0.0000E+00
  2.9069E+00  5.5491E-01  5.5491E-01  0.0000E+00
  2.9263E+00  5.4940E-01  5.4940E-01  0.0000E+00
  2.9458E+00  5.4384E-01  5.4384E-01  0.0000E+00
  2.9655E+00  5.3825E-01  5.3825E-01  0.0000E+00
  2.9853E+00  5.3263E-01  5.3263E-01  0.0000E+00
  3.0052E+00  5.2697E-01  5.2697E-01  0.0000E+00
  3.0253E+00  5.2128E-01  5.2128E-01  0.0000E+00
  3.0455E+00  5.1556E-01  5.1556E-01  0.0000E+00
  3.0659E+00  5.0981E-01  5.0981E-01  0.0000E+00
  3.0863E+00  5.0403E-01  5.0403E-01  0.0000E+00
  3.1070E+00  4.9824E-01  4.9824E-01  0.0000E+00
  3.1277E+00  4.9242E-01  4.9242E-01  0.0000E+00
  3.1486E+00  4.8659E-01  4.8659E-01  0.0000E+00
  3.1696E+00  4.8074E-01  4.8074E-01  0.0000E+00
  3.1908E+00  4.7487E-01  4.7487E-01  0.0000E+00
  3.2121E+00  4.6899E-01  4.6899E-01  0.0000E+00
  3.2336E+00  4.6310E-01  4.6310E-01  0.0000E+00
  3.2552E+00  4.5720E-01  4.5720E-01  0.0000E+00
  3.2769E+00  4.5130E-01  4.5130E-01  0.0000E+00
  3.2988E+00  4.4539E-01  4.4539E-01  0.0000E+00
  3.3208E+00  4.3948E-01  4.3948E-01  0.0000E+00
  3.3430E+00  4.3357E-01  4.3357E-01  0.0000E+00
  3.3653E+00  4.2766E-01  4.2766E-01  0.0000E+00
  3.3878E+00  4.2175E-01  4.2175E-01  0.0000E+00
  3.4104E+00  4.1585E-01  4.1585E-01  0.0000E+00
  3.4332E+00  4.0996E-01  4.0996E-01  0.0000E+00
  3.4561E+00  4.0407E-01  4.0407E-01  0.0000E+00
  3.4792E+00  3.9820E-01  3.9820E-01  0.0000E+00
  3.5025E+00  3.9234E-01  3.9234E-01  0.0000E+00
  3.5258E+00  3.8649E-01  3.8649E-01  0.0000E+00
  3.5494E+00  3.8066E-01  3.8066E-01  0.0000E+00
  3.5731E+00  3.7484E-01  3.7484E-01  0.0000E+00
  3.5970E+00  3.6905E-01  3.6905E-01  0.0000E+00
  3.6210E+00  3.6327E-01  3.6327E-01  0.0000E+00
  3.6452E+00  3.5752E-01  3.5752E-01  0.0000E+00
  3.6695E+00  3.5179E-01  3.5179E-01  0.0000E+00
  3.6940E+00  3.4609E-01  3.4609E-01  0.0000E+00
  3.7187E+00  3.4041E-01  3.4041E-01  0.0000E+00
  3.7435E+00  3.3477E-01  3.3477E-01  0.0000E+00
  3.7685E+00  3.2915E-01  3.2915E-01  0.0000E+00
