 # l=           1 basis function with energy     3.5000000000000000     
  0.0000E+00  0.0000E+00 -0.0000E+00  0.0000E+00
  8.8912E-07  4.6816E-09 -1.3493E-12 -4.1088E-12
  1.7842E-06  1.5226E-08 -5.4333E-12 -1.6545E-11
  2.6852E-06  3.0425E-08 -1.2307E-11 -3.7476E-11
  3.5923E-06  4.9804E-08 -2.2025E-11 -6.7071E-11
  4.5054E-06  7.3092E-08 -3.4646E-11 -1.0550E-10
  5.4246E-06  1.0010E-07 -5.0225E-11 -1.5294E-10
  6.3499E-06  1.3071E-07 -6.8822E-11 -2.0957E-10
  7.2815E-06  1.6482E-07 -9.0495E-11 -2.7557E-10
  8.2192E-06  2.0236E-07 -1.1530E-10 -3.5112E-10
  9.1632E-06  2.4328E-07 -1.4331E-10 -4.3641E-10
  1.0114E-05  2.8755E-07 -1.7458E-10 -5.3162E-10
  1.1070E-05  3.3513E-07 -2.0917E-10 -6.3696E-10
  1.2033E-05  3.8600E-07 -2.4715E-10 -7.5260E-10
  1.3003E-05  4.4016E-07 -2.8857E-10 -8.7875E-10
  1.3979E-05  4.9758E-07 -3.3352E-10 -1.0156E-09
  1.4961E-05  5.5828E-07 -3.8205E-10 -1.1634E-09
  1.5950E-05  6.2225E-07 -4.3423E-10 -1.3223E-09
  1.6946E-05  6.8950E-07 -4.9013E-10 -1.4925E-09
  1.7948E-05  7.6003E-07 -5.4983E-10 -1.6743E-09
  1.8957E-05  8.3385E-07 -6.1338E-10 -1.8679E-09
  1.9973E-05  9.1099E-07 -6.8088E-10 -2.0734E-09
  2.0995E-05  9.9144E-07 -7.5237E-10 -2.2911E-09
  2.2025E-05  1.0752E-06 -8.2796E-10 -2.5213E-09
  2.3061E-05  1.1624E-06 -9.0770E-10 -2.7641E-09
  2.4104E-05  1.2529E-06 -9.9167E-10 -3.0198E-09
  2.5154E-05  1.3469E-06 -1.0800E-09 -3.2887E-09
  2.6211E-05  1.4443E-06 -1.1726E-09 -3.5709E-09
  2.7275E-05  1.5451E-06 -1.2698E-09 -3.8667E-09
  2.8347E-05  1.6494E-06 -1.3715E-09 -4.1764E-09
  2.9425E-05  1.7572E-06 -1.4778E-09 -4.5002E-09
  3.0511E-05  1.8686E-06 -1.5889E-09 -4.8384E-09
  3.1604E-05  1.9835E-06 -1.7048E-09 -5.1913E-09
  3.2704E-05  2.1021E-06 -1.8255E-09 -5.5590E-09
  3.3811E-05  2.2242E-06 -1.9513E-09 -5.9419E-09
  3.4926E-05  2.3501E-06 -2.0821E-09 -6.3402E-09
  3.6049E-05  2.4796E-06 -2.2180E-09 -6.7543E-09
  3.7179E-05  2.6129E-06 -2.3592E-09 -7.1843E-09
  3.8316E-05  2.7500E-06 -2.5058E-09 -7.6306E-09
  3.9461E-05  2.8909E-06 -2.6578E-09 -8.0935E-09
  4.0614E-05  3.0356E-06 -2.8154E-09 -8.5732E-09
  4.1774E-05  3.1843E-06 -2.9785E-09 -9.0701E-09
  4.2942E-05  3.3369E-06 -3.1474E-09 -9.5844E-09
  4.4118E-05  3.4934E-06 -3.3222E-09 -1.0117E-08
  4.5302E-05  3.6540E-06 -3.5028E-09 -1.0667E-08
  4.6494E-05  3.8187E-06 -3.6895E-09 -1.1235E-08
  4.7693E-05  3.9874E-06 -3.8824E-09 -1.1823E-08
  4.8901E-05  4.1604E-06 -4.0815E-09 -1.2429E-08
  5.0117E-05  4.3375E-06 -4.2870E-09 -1.3055E-08
  5.1340E-05  4.5189E-06 -4.4989E-09 -1.3700E-08
  5.2572E-05  4.7045E-06 -4.7174E-09 -1.4365E-08
  5.3813E-05  4.8945E-06 -4.9426E-09 -1.5051E-08
  5.5061E-05  5.0890E-06 -5.1746E-09 -1.5758E-08
  5.6318E-05  5.2878E-06 -5.4135E-09 -1.6485E-08
  5.7583E-05  5.4912E-06 -5.6595E-09 -1.7234E-08
  5.8857E-05  5.6991E-06 -5.9126E-09 -1.8005E-08
  6.0139E-05  5.9116E-06 -6.1731E-09 -1.8798E-08
  6.1430E-05  6.1287E-06 -6.4409E-09 -1.9614E-08
  6.2729E-05  6.3506E-06 -6.7163E-09 -2.0452E-08
  6.4037E-05  6.5772E-06 -6.9993E-09 -2.1314E-08
  6.5354E-05  6.8087E-06 -7.2901E-09 -2.2200E-08
  6.6680E-05  7.0450E-06 -7.5888E-09 -2.3109E-08
  6.8014E-05  7.2863E-06 -7.8956E-09 -2.4043E-08
  6.9358E-05  7.5326E-06 -8.2106E-09 -2.5003E-08
  7.0710E-05  7.7839E-06 -8.5339E-09 -2.5987E-08
  7.2071E-05  8.0404E-06 -8.8657E-09 -2.6997E-08
  7.3442E-05  8.3020E-06 -9.2060E-09 -2.8034E-08
  7.4821E-05  8.5688E-06 -9.5551E-09 -2.9097E-08
  7.6210E-05  8.8410E-06 -9.9132E-09 -3.0187E-08
  7.7608E-05  9.1186E-06 -1.0280E-08 -3.1305E-08
  7.9016E-05  9.4015E-06 -1.0656E-08 -3.2451E-08
  8.0433E-05  9.6900E-06 -1.1042E-08 -3.3625E-08
  8.1859E-05  9.9840E-06 -1.1437E-08 -3.4828E-08
  8.3295E-05  1.0284E-05 -1.1842E-08 -3.6061E-08
  8.4740E-05  1.0589E-05 -1.2256E-08 -3.7323E-08
  8.6195E-05  1.0900E-05 -1.2681E-08 -3.8616E-08
  8.7660E-05  1.1217E-05 -1.3116E-08 -3.9939E-08
  8.9135E-05  1.1540E-05 -1.3561E-08 -4.1294E-08
  9.0619E-05  1.1869E-05 -1.4016E-08 -4.2681E-08
  9.2113E-05  1.2204E-05 -1.4482E-08 -4.4100E-08
  9.3618E-05  1.2545E-05 -1.4959E-08 -4.5553E-08
  9.5132E-05  1.2892E-05 -1.5447E-08 -4.7038E-08
  9.6656E-05  1.3246E-05 -1.5946E-08 -4.8558E-08
  9.8191E-05  1.3606E-05 -1.6456E-08 -5.0112E-08
  9.9736E-05  1.3972E-05 -1.6978E-08 -5.1701E-08
  1.0129E-04  1.4345E-05 -1.7512E-08 -5.3326E-08
  1.0286E-04  1.4725E-05 -1.8057E-08 -5.4987E-08
  1.0443E-04  1.5111E-05 -1.8615E-08 -5.6685E-08
  1.0602E-04  1.5504E-05 -1.9185E-08 -5.8421E-08
  1.0762E-04  1.5904E-05 -1.9767E-08 -6.0194E-08
  1.0922E-04  1.6310E-05 -2.0362E-08 -6.2007E-08
  1.1084E-04  1.6724E-05 -2.0970E-08 -6.3858E-08
  1.1247E-04  1.7145E-05 -2.1591E-08 -6.5749E-08
  1.1411E-04  1.7573E-05 -2.2226E-08 -6.7681E-08
  1.1576E-04  1.8009E-05 -2.2874E-08 -6.9654E-08
  1.1743E-04  1.8451E-05 -2.3535E-08 -7.1668E-08
  1.1910E-04  1.8902E-05 -2.4211E-08 -7.3726E-08
  1.2078E-04  1.9359E-05 -2.4900E-08 -7.5826E-08
  1.2248E-04  1.9825E-05 -2.5605E-08 -7.7970E-08
  1.2419E-04  2.0298E-05 -2.6323E-08 -8.0159E-08
  1.2591E-04  2.0779E-05 -2.7057E-08 -8.2392E-08
  1.2764E-04  2.1268E-05 -2.7805E-08 -8.4672E-08
  1.2938E-04  2.1765E-05 -2.8569E-08 -8.6999E-08
  1.3113E-04  2.2270E-05 -2.9349E-08 -8.9372E-08
  1.3290E-04  2.2784E-05 -3.0144E-08 -9.1794E-08
  1.3467E-04  2.3306E-05 -3.0956E-08 -9.4265E-08
  1.3646E-04  2.3836E-05 -3.1783E-08 -9.6786E-08
  1.3826E-04  2.4375E-05 -3.2628E-08 -9.9357E-08
  1.4007E-04  2.4922E-05 -3.3489E-08 -1.0198E-07
  1.4190E-04  2.5478E-05 -3.4367E-08 -1.0465E-07
  1.4373E-04  2.6043E-05 -3.5262E-08 -1.0738E-07
  1.4558E-04  2.6618E-05 -3.6175E-08 -1.1016E-07
  1.4745E-04  2.7201E-05 -3.7106E-08 -1.1300E-07
  1.4932E-04  2.7793E-05 -3.8056E-08 -1.1589E-07
  1.5121E-04  2.8395E-05 -3.9023E-08 -1.1883E-07
  1.5310E-04  2.9006E-05 -4.0009E-08 -1.2184E-07
  1.5502E-04  2.9627E-05 -4.1015E-08 -1.2490E-07
  1.5694E-04  3.0258E-05 -4.2039E-08 -1.2802E-07
  1.5888E-04  3.0898E-05 -4.3084E-08 -1.3120E-07
  1.6083E-04  3.1548E-05 -4.4148E-08 -1.3444E-07
  1.6279E-04  3.2208E-05 -4.5232E-08 -1.3774E-07
  1.6477E-04  3.2879E-05 -4.6337E-08 -1.4110E-07
  1.6676E-04  3.3560E-05 -4.7463E-08 -1.4453E-07
  1.6876E-04  3.4251E-05 -4.8610E-08 -1.4803E-07
  1.7078E-04  3.4953E-05 -4.9778E-08 -1.5158E-07
  1.7281E-04  3.5665E-05 -5.0969E-08 -1.5521E-07
  1.7485E-04  3.6388E-05 -5.2181E-08 -1.5890E-07
  1.7691E-04  3.7123E-05 -5.3416E-08 -1.6266E-07
  1.7898E-04  3.7868E-05 -5.4674E-08 -1.6649E-07
  1.8106E-04  3.8625E-05 -5.5955E-08 -1.7039E-07
  1.8316E-04  3.9393E-05 -5.7259E-08 -1.7436E-07
  1.8527E-04  4.0172E-05 -5.8588E-08 -1.7841E-07
  1.8740E-04  4.0964E-05 -5.9940E-08 -1.8253E-07
  1.8954E-04  4.1767E-05 -6.1317E-08 -1.8672E-07
  1.9169E-04  4.2582E-05 -6.2720E-08 -1.9099E-07
  1.9386E-04  4.3409E-05 -6.4147E-08 -1.9534E-07
  1.9605E-04  4.4248E-05 -6.5601E-08 -1.9976E-07
  1.9825E-04  4.5100E-05 -6.7080E-08 -2.0427E-07
  2.0046E-04  4.5964E-05 -6.8586E-08 -2.0886E-07
  2.0269E-04  4.6841E-05 -7.0119E-08 -2.1352E-07
  2.0493E-04  4.7731E-05 -7.1680E-08 -2.1828E-07
  2.0719E-04  4.8635E-05 -7.3268E-08 -2.2311E-07
  2.0946E-04  4.9551E-05 -7.4884E-08 -2.2803E-07
  2.1175E-04  5.0480E-05 -7.6529E-08 -2.3304E-07
  2.1405E-04  5.1424E-05 -7.8203E-08 -2.3814E-07
  2.1637E-04  5.2380E-05 -7.9906E-08 -2.4333E-07
  2.1870E-04  5.3351E-05 -8.1640E-08 -2.4861E-07
  2.2105E-04  5.4336E-05 -8.3403E-08 -2.5398E-07
  2.2342E-04  5.5335E-05 -8.5198E-08 -2.5944E-07
  2.2580E-04  5.6348E-05 -8.7024E-08 -2.6500E-07
  2.2820E-04  5.7376E-05 -8.8881E-08 -2.7066E-07
  2.3061E-04  5.8419E-05 -9.0771E-08 -2.7641E-07
  2.3304E-04  5.9477E-05 -9.2693E-08 -2.8227E-07
  2.3549E-04  6.0550E-05 -9.4649E-08 -2.8822E-07
  2.3795E-04  6.1638E-05 -9.6638E-08 -2.9428E-07
  2.4043E-04  6.2742E-05 -9.8662E-08 -3.0044E-07
  2.4292E-04  6.3861E-05 -1.0072E-07 -3.0671E-07
  2.4543E-04  6.4996E-05 -1.0281E-07 -3.1308E-07
  2.4796E-04  6.6148E-05 -1.0494E-07 -3.1957E-07
  2.5051E-04  6.7316E-05 -1.0711E-07 -3.2616E-07
  2.5307E-04  6.8500E-05 -1.0931E-07 -3.3287E-07
  2.5565E-04  6.9701E-05 -1.1155E-07 -3.3969E-07
  2.5824E-04  7.0919E-05 -1.1383E-07 -3.4662E-07
  2.6086E-04  7.2154E-05 -1.1614E-07 -3.5368E-07
  2.6349E-04  7.3406E-05 -1.1850E-07 -3.6085E-07
  2.6614E-04  7.4676E-05 -1.2089E-07 -3.6814E-07
  2.6880E-04  7.5963E-05 -1.2333E-07 -3.7555E-07
  2.7149E-04  7.7269E-05 -1.2580E-07 -3.8309E-07
  2.7419E-04  7.8593E-05 -1.2832E-07 -3.9075E-07
  2.7691E-04  7.9935E-05 -1.3088E-07 -3.9855E-07
  2.7965E-04  8.1296E-05 -1.3348E-07 -4.0647E-07
  2.8241E-04  8.2676E-05 -1.3612E-07 -4.1452E-07
  2.8518E-04  8.4075E-05 -1.3881E-07 -4.2271E-07
  2.8798E-04  8.5494E-05 -1.4155E-07 -4.3103E-07
  2.9079E-04  8.6932E-05 -1.4432E-07 -4.3949E-07
  2.9362E-04  8.8389E-05 -1.4715E-07 -4.4809E-07
  2.9647E-04  8.9867E-05 -1.5002E-07 -4.5683E-07
  2.9934E-04  9.1366E-05 -1.5294E-07 -4.6572E-07
  3.0223E-04  9.2885E-05 -1.5590E-07 -4.7475E-07
  3.0513E-04  9.4425E-05 -1.5892E-07 -4.8393E-07
  3.0806E-04  9.5986E-05 -1.6198E-07 -4.9326E-07
  3.1101E-04  9.7568E-05 -1.6509E-07 -5.0274E-07
  3.1397E-04  9.9172E-05 -1.6826E-07 -5.1237E-07
  3.1696E-04  1.0080E-04 -1.7147E-07 -5.2216E-07
  3.1997E-04  1.0245E-04 -1.7474E-07 -5.3212E-07
  3.2299E-04  1.0412E-04 -1.7806E-07 -5.4223E-07
  3.2604E-04  1.0581E-04 -1.8144E-07 -5.5250E-07
  3.2911E-04  1.0753E-04 -1.8487E-07 -5.6295E-07
  3.3219E-04  1.0927E-04 -1.8835E-07 -5.7356E-07
  3.3530E-04  1.1103E-04 -1.9189E-07 -5.8434E-07
  3.3843E-04  1.1282E-04 -1.9549E-07 -5.9529E-07
  3.4158E-04  1.1463E-04 -1.9914E-07 -6.0642E-07
  3.4475E-04  1.1646E-04 -2.0286E-07 -6.1773E-07
  3.4794E-04  1.1832E-04 -2.0663E-07 -6.2922E-07
  3.5115E-04  1.2021E-04 -2.1046E-07 -6.4090E-07
  3.5439E-04  1.2212E-04 -2.1436E-07 -6.5276E-07
  3.5764E-04  1.2406E-04 -2.1832E-07 -6.6481E-07
  3.6092E-04  1.2602E-04 -2.2234E-07 -6.7705E-07
  3.6422E-04  1.2801E-04 -2.2642E-07 -6.8949E-07
  3.6754E-04  1.3003E-04 -2.3057E-07 -7.0212E-07
  3.7089E-04  1.3207E-04 -2.3478E-07 -7.1495E-07
  3.7425E-04  1.3414E-04 -2.3906E-07 -7.2799E-07
  3.7764E-04  1.3624E-04 -2.4341E-07 -7.4123E-07
  3.8105E-04  1.3836E-04 -2.4783E-07 -7.5468E-07
  3.8449E-04  1.4052E-04 -2.5232E-07 -7.6835E-07
  3.8794E-04  1.4270E-04 -2.5687E-07 -7.8223E-07
  3.9142E-04  1.4491E-04 -2.6150E-07 -7.9632E-07
  3.9493E-04  1.4715E-04 -2.6621E-07 -8.1064E-07
  3.9845E-04  1.4943E-04 -2.7098E-07 -8.2518E-07
  4.0200E-04  1.5173E-04 -2.7583E-07 -8.3995E-07
  4.0558E-04  1.5406E-04 -2.8076E-07 -8.5496E-07
  4.0917E-04  1.5642E-04 -2.8576E-07 -8.7019E-07
  4.1280E-04  1.5882E-04 -2.9084E-07 -8.8566E-07
  4.1644E-04  1.6124E-04 -2.9600E-07 -9.0138E-07
  4.2011E-04  1.6370E-04 -3.0124E-07 -9.1734E-07
  4.2381E-04  1.6619E-04 -3.0657E-07 -9.3355E-07
  4.2753E-04  1.6872E-04 -3.1197E-07 -9.5000E-07
  4.3127E-04  1.7127E-04 -3.1746E-07 -9.6672E-07
  4.3504E-04  1.7386E-04 -3.2303E-07 -9.8369E-07
  4.3884E-04  1.7649E-04 -3.2869E-07 -1.0009E-06
  4.4266E-04  1.7915E-04 -3.3444E-07 -1.0184E-06
  4.4650E-04  1.8184E-04 -3.4028E-07 -1.0362E-06
  4.5037E-04  1.8457E-04 -3.4620E-07 -1.0542E-06
  4.5427E-04  1.8734E-04 -3.5222E-07 -1.0726E-06
  4.5819E-04  1.9014E-04 -3.5833E-07 -1.0912E-06
  4.6214E-04  1.9298E-04 -3.6453E-07 -1.1101E-06
  4.6612E-04  1.9585E-04 -3.7083E-07 -1.1292E-06
  4.7012E-04  1.9877E-04 -3.7723E-07 -1.1487E-06
  4.7415E-04  2.0172E-04 -3.8372E-07 -1.1685E-06
  4.7820E-04  2.0471E-04 -3.9031E-07 -1.1886E-06
  4.8229E-04  2.0774E-04 -3.9701E-07 -1.2090E-06
  4.8640E-04  2.1081E-04 -4.0380E-07 -1.2296E-06
  4.9053E-04  2.1392E-04 -4.1070E-07 -1.2507E-06
  4.9470E-04  2.1707E-04 -4.1771E-07 -1.2720E-06
  4.9889E-04  2.2026E-04 -4.2482E-07 -1.2936E-06
  5.0311E-04  2.2349E-04 -4.3203E-07 -1.3156E-06
  5.0736E-04  2.2676E-04 -4.3936E-07 -1.3379E-06
  5.1164E-04  2.3008E-04 -4.4680E-07 -1.3606E-06
  5.1595E-04  2.3344E-04 -4.5436E-07 -1.3836E-06
  5.2028E-04  2.3684E-04 -4.6202E-07 -1.4069E-06
  5.2465E-04  2.4029E-04 -4.6981E-07 -1.4306E-06
  5.2904E-04  2.4378E-04 -4.7771E-07 -1.4547E-06
  5.3346E-04  2.4732E-04 -4.8573E-07 -1.4791E-06
  5.3791E-04  2.5090E-04 -4.9387E-07 -1.5039E-06
  5.4239E-04  2.5453E-04 -5.0213E-07 -1.5291E-06
  5.4691E-04  2.5820E-04 -5.1052E-07 -1.5546E-06
  5.5145E-04  2.6193E-04 -5.1903E-07 -1.5805E-06
  5.5602E-04  2.6570E-04 -5.2768E-07 -1.6069E-06
  5.6062E-04  2.6952E-04 -5.3645E-07 -1.6336E-06
  5.6526E-04  2.7339E-04 -5.4535E-07 -1.6607E-06
  5.6992E-04  2.7731E-04 -5.5439E-07 -1.6882E-06
  5.7462E-04  2.8128E-04 -5.6356E-07 -1.7161E-06
  5.7934E-04  2.8530E-04 -5.7287E-07 -1.7445E-06
  5.8410E-04  2.8937E-04 -5.8232E-07 -1.7733E-06
  5.8889E-04  2.9350E-04 -5.9191E-07 -1.8025E-06
  5.9371E-04  2.9768E-04 -6.0164E-07 -1.8321E-06
  5.9857E-04  3.0191E-04 -6.1152E-07 -1.8622E-06
  6.0345E-04  3.0619E-04 -6.2155E-07 -1.8927E-06
  6.0837E-04  3.1054E-04 -6.3172E-07 -1.9237E-06
  6.1333E-04  3.1493E-04 -6.4205E-07 -1.9551E-06
  6.1831E-04  3.1939E-04 -6.5253E-07 -1.9871E-06
  6.2333E-04  3.2390E-04 -6.6317E-07 -2.0194E-06
  6.2838E-04  3.2847E-04 -6.7396E-07 -2.0523E-06
  6.3347E-04  3.3309E-04 -6.8491E-07 -2.0857E-06
  6.3859E-04  3.3778E-04 -6.9603E-07 -2.1195E-06
  6.4374E-04  3.4252E-04 -7.0731E-07 -2.1539E-06
  6.4893E-04  3.4733E-04 -7.1876E-07 -2.1887E-06
  6.5415E-04  3.5220E-04 -7.3037E-07 -2.2241E-06
  6.5941E-04  3.5713E-04 -7.4216E-07 -2.2600E-06
  6.6470E-04  3.6212E-04 -7.5412E-07 -2.2964E-06
  6.7003E-04  3.6718E-04 -7.6626E-07 -2.3334E-06
  6.7540E-04  3.7230E-04 -7.7858E-07 -2.3709E-06
  6.8080E-04  3.7749E-04 -7.9108E-07 -2.4090E-06
  6.8623E-04  3.8274E-04 -8.0376E-07 -2.4476E-06
  6.9170E-04  3.8806E-04 -8.1663E-07 -2.4868E-06
  6.9721E-04  3.9344E-04 -8.2969E-07 -2.5266E-06
  7.0276E-04  3.9890E-04 -8.4294E-07 -2.5669E-06
  7.0834E-04  4.0442E-04 -8.5639E-07 -2.6079E-06
  7.1396E-04  4.1002E-04 -8.7003E-07 -2.6494E-06
  7.1962E-04  4.1569E-04 -8.8388E-07 -2.6915E-06
  7.2531E-04  4.2142E-04 -8.9792E-07 -2.7343E-06
  7.3105E-04  4.2724E-04 -9.1217E-07 -2.7777E-06
  7.3682E-04  4.3312E-04 -9.2663E-07 -2.8218E-06
  7.4263E-04  4.3908E-04 -9.4130E-07 -2.8664E-06
  7.4848E-04  4.4512E-04 -9.5619E-07 -2.9118E-06
  7.5437E-04  4.5123E-04 -9.7129E-07 -2.9577E-06
  7.6029E-04  4.5742E-04 -9.8662E-07 -3.0044E-06
  7.6626E-04  4.6368E-04 -1.0022E-06 -3.0518E-06
  7.7227E-04  4.7003E-04 -1.0179E-06 -3.0998E-06
  7.7831E-04  4.7646E-04 -1.0339E-06 -3.1485E-06
  7.8440E-04  4.8296E-04 -1.0502E-06 -3.1980E-06
  7.9053E-04  4.8956E-04 -1.0666E-06 -3.2481E-06
  7.9670E-04  4.9623E-04 -1.0834E-06 -3.2990E-06
  8.0291E-04  5.0299E-04 -1.1003E-06 -3.3506E-06
  8.0916E-04  5.0983E-04 -1.1175E-06 -3.4030E-06
  8.1545E-04  5.1676E-04 -1.1350E-06 -3.4562E-06
  8.2179E-04  5.2378E-04 -1.1527E-06 -3.5101E-06
  8.2816E-04  5.3088E-04 -1.1706E-06 -3.5648E-06
  8.3458E-04  5.3808E-04 -1.1888E-06 -3.6202E-06
  8.4105E-04  5.4537E-04 -1.2073E-06 -3.6765E-06
  8.4755E-04  5.5274E-04 -1.2261E-06 -3.7336E-06
  8.5410E-04  5.6021E-04 -1.2451E-06 -3.7916E-06
  8.6070E-04  5.6778E-04 -1.2644E-06 -3.8503E-06
  8.6733E-04  5.7544E-04 -1.2840E-06 -3.9099E-06
  8.7402E-04  5.8320E-04 -1.3038E-06 -3.9704E-06
  8.8074E-04  5.9105E-04 -1.3240E-06 -4.0318E-06
  8.8751E-04  5.9900E-04 -1.3444E-06 -4.0940E-06
  8.9433E-04  6.0706E-04 -1.3652E-06 -4.1571E-06
  9.0119E-04  6.1521E-04 -1.3862E-06 -4.2212E-06
  9.0810E-04  6.2347E-04 -1.4075E-06 -4.2861E-06
  9.1505E-04  6.3183E-04 -1.4292E-06 -4.3520E-06
  9.2205E-04  6.4029E-04 -1.4511E-06 -4.4189E-06
  9.2910E-04  6.4887E-04 -1.4734E-06 -4.4867E-06
  9.3620E-04  6.5754E-04 -1.4960E-06 -4.5554E-06
  9.4334E-04  6.6633E-04 -1.5189E-06 -4.6252E-06
  9.5053E-04  6.7523E-04 -1.5421E-06 -4.6960E-06
  9.5776E-04  6.8424E-04 -1.5657E-06 -4.7678E-06
  9.6505E-04  6.9336E-04 -1.5896E-06 -4.8406E-06
  9.7238E-04  7.0260E-04 -1.6138E-06 -4.9144E-06
  9.7977E-04  7.1195E-04 -1.6384E-06 -4.9893E-06
  9.8720E-04  7.2142E-04 -1.6634E-06 -5.0653E-06
  9.9468E-04  7.3101E-04 -1.6887E-06 -5.1424E-06
  1.0022E-03  7.4072E-04 -1.7144E-06 -5.2206E-06
  1.0098E-03  7.5055E-04 -1.7404E-06 -5.2999E-06
  1.0174E-03  7.6050E-04 -1.7668E-06 -5.3803E-06
  1.0251E-03  7.7058E-04 -1.7936E-06 -5.4619E-06
  1.0328E-03  7.8078E-04 -1.8208E-06 -5.5446E-06
  1.0406E-03  7.9111E-04 -1.8484E-06 -5.6285E-06
  1.0485E-03  8.0157E-04 -1.8763E-06 -5.7137E-06
  1.0564E-03  8.1216E-04 -1.9047E-06 -5.8000E-06
  1.0643E-03  8.2288E-04 -1.9334E-06 -5.8876E-06
  1.0723E-03  8.3374E-04 -1.9626E-06 -5.9764E-06
  1.0804E-03  8.4473E-04 -1.9922E-06 -6.0664E-06
  1.0885E-03  8.5586E-04 -2.0222E-06 -6.1578E-06
  1.0966E-03  8.6713E-04 -2.0526E-06 -6.2505E-06
  1.1048E-03  8.7854E-04 -2.0834E-06 -6.3444E-06
  1.1131E-03  8.9009E-04 -2.1147E-06 -6.4397E-06
  1.1214E-03  9.0178E-04 -2.1465E-06 -6.5364E-06
  1.1298E-03  9.1362E-04 -2.1787E-06 -6.6344E-06
  1.1382E-03  9.2561E-04 -2.2113E-06 -6.7339E-06
  1.1467E-03  9.3774E-04 -2.2444E-06 -6.8347E-06
  1.1553E-03  9.5003E-04 -2.2780E-06 -6.9370E-06
  1.1639E-03  9.6247E-04 -2.3121E-06 -7.0407E-06
  1.1725E-03  9.7507E-04 -2.3466E-06 -7.1459E-06
  1.1813E-03  9.8782E-04 -2.3817E-06 -7.2526E-06
  1.1900E-03  1.0007E-03 -2.4172E-06 -7.3608E-06
  1.1989E-03  1.0138E-03 -2.4532E-06 -7.4705E-06
  1.2078E-03  1.0270E-03 -2.4898E-06 -7.5818E-06
  1.2167E-03  1.0404E-03 -2.5268E-06 -7.6946E-06
  1.2257E-03  1.0540E-03 -2.5644E-06 -7.8091E-06
  1.2348E-03  1.0677E-03 -2.6025E-06 -7.9251E-06
  1.2440E-03  1.0816E-03 -2.6412E-06 -8.0429E-06
  1.2532E-03  1.0957E-03 -2.6804E-06 -8.1622E-06
  1.2624E-03  1.1100E-03 -2.7201E-06 -8.2833E-06
  1.2717E-03  1.1244E-03 -2.7605E-06 -8.4060E-06
  1.2811E-03  1.1390E-03 -2.8013E-06 -8.5305E-06
  1.2906E-03  1.1538E-03 -2.8428E-06 -8.6568E-06
  1.3001E-03  1.1688E-03 -2.8848E-06 -8.7848E-06
  1.3096E-03  1.1839E-03 -2.9275E-06 -8.9146E-06
  1.3193E-03  1.1993E-03 -2.9707E-06 -9.0463E-06
  1.3290E-03  1.2148E-03 -3.0146E-06 -9.1798E-06
  1.3387E-03  1.2305E-03 -3.0590E-06 -9.3152E-06
  1.3486E-03  1.2464E-03 -3.1041E-06 -9.4525E-06
  1.3585E-03  1.2626E-03 -3.1498E-06 -9.5917E-06
  1.3684E-03  1.2789E-03 -3.1962E-06 -9.7329E-06
  1.3785E-03  1.2954E-03 -3.2432E-06 -9.8761E-06
  1.3886E-03  1.3121E-03 -3.2909E-06 -1.0021E-05
  1.3987E-03  1.3290E-03 -3.3392E-06 -1.0169E-05
  1.4089E-03  1.3462E-03 -3.3883E-06 -1.0318E-05
  1.4192E-03  1.3635E-03 -3.4380E-06 -1.0469E-05
  1.4296E-03  1.3811E-03 -3.4884E-06 -1.0623E-05
  1.4401E-03  1.3989E-03 -3.5395E-06 -1.0778E-05
  1.4506E-03  1.4169E-03 -3.5913E-06 -1.0936E-05
  1.4611E-03  1.4351E-03 -3.6439E-06 -1.1096E-05
  1.4718E-03  1.4536E-03 -3.6972E-06 -1.1259E-05
  1.4825E-03  1.4722E-03 -3.7513E-06 -1.1423E-05
  1.4933E-03  1.4912E-03 -3.8061E-06 -1.1590E-05
  1.5042E-03  1.5103E-03 -3.8616E-06 -1.1759E-05
  1.5151E-03  1.5297E-03 -3.9180E-06 -1.1931E-05
  1.5261E-03  1.5493E-03 -3.9751E-06 -1.2105E-05
  1.5372E-03  1.5692E-03 -4.0331E-06 -1.2281E-05
  1.5483E-03  1.5893E-03 -4.0918E-06 -1.2460E-05
  1.5596E-03  1.6096E-03 -4.1514E-06 -1.2642E-05
  1.5709E-03  1.6302E-03 -4.2118E-06 -1.2826E-05
  1.5823E-03  1.6511E-03 -4.2730E-06 -1.3012E-05
  1.5937E-03  1.6722E-03 -4.3351E-06 -1.3201E-05
  1.6052E-03  1.6936E-03 -4.3981E-06 -1.3393E-05
  1.6168E-03  1.7152E-03 -4.4620E-06 -1.3587E-05
  1.6285E-03  1.7371E-03 -4.5267E-06 -1.3785E-05
  1.6403E-03  1.7593E-03 -4.5923E-06 -1.3984E-05
  1.6521E-03  1.7817E-03 -4.6589E-06 -1.4187E-05
  1.6641E-03  1.8044E-03 -4.7264E-06 -1.4393E-05
  1.6761E-03  1.8274E-03 -4.7948E-06 -1.4601E-05
  1.6882E-03  1.8507E-03 -4.8642E-06 -1.4812E-05
  1.7003E-03  1.8743E-03 -4.9345E-06 -1.5027E-05
  1.7126E-03  1.8981E-03 -5.0059E-06 -1.5244E-05
  1.7249E-03  1.9223E-03 -5.0782E-06 -1.5464E-05
  1.7373E-03  1.9467E-03 -5.1515E-06 -1.5687E-05
  1.7498E-03  1.9715E-03 -5.2259E-06 -1.5914E-05
  1.7624E-03  1.9965E-03 -5.3013E-06 -1.6143E-05
  1.7750E-03  2.0219E-03 -5.3777E-06 -1.6376E-05
  1.7878E-03  2.0476E-03 -5.4552E-06 -1.6612E-05
  1.8006E-03  2.0736E-03 -5.5338E-06 -1.6851E-05
  1.8135E-03  2.0999E-03 -5.6134E-06 -1.7094E-05
  1.8265E-03  2.1265E-03 -5.6942E-06 -1.7340E-05
  1.8396E-03  2.1534E-03 -5.7761E-06 -1.7589E-05
  1.8528E-03  2.1807E-03 -5.8591E-06 -1.7842E-05
  1.8660E-03  2.2083E-03 -5.9433E-06 -1.8098E-05
  1.8794E-03  2.2363E-03 -6.0287E-06 -1.8358E-05
  1.8928E-03  2.2646E-03 -6.1152E-06 -1.8622E-05
  1.9064E-03  2.2932E-03 -6.2029E-06 -1.8889E-05
  1.9200E-03  2.3222E-03 -6.2919E-06 -1.9160E-05
  1.9337E-03  2.3516E-03 -6.3821E-06 -1.9435E-05
  1.9475E-03  2.3813E-03 -6.4735E-06 -1.9713E-05
  1.9614E-03  2.4114E-03 -6.5662E-06 -1.9995E-05
  1.9754E-03  2.4418E-03 -6.6602E-06 -2.0282E-05
  1.9895E-03  2.4726E-03 -6.7555E-06 -2.0572E-05
  2.0036E-03  2.5038E-03 -6.8521E-06 -2.0866E-05
  2.0179E-03  2.5354E-03 -6.9501E-06 -2.1164E-05
  2.0323E-03  2.5673E-03 -7.0494E-06 -2.1467E-05
  2.0467E-03  2.5997E-03 -7.1501E-06 -2.1773E-05
  2.0613E-03  2.6324E-03 -7.2522E-06 -2.2084E-05
  2.0760E-03  2.6655E-03 -7.3557E-06 -2.2399E-05
  2.0907E-03  2.6991E-03 -7.4606E-06 -2.2719E-05
  2.1056E-03  2.7330E-03 -7.5670E-06 -2.3043E-05
  2.1205E-03  2.7674E-03 -7.6748E-06 -2.3371E-05
  2.1356E-03  2.8022E-03 -7.7842E-06 -2.3704E-05
  2.1507E-03  2.8374E-03 -7.8950E-06 -2.4042E-05
  2.1660E-03  2.8730E-03 -8.0074E-06 -2.4384E-05
  2.1813E-03  2.9091E-03 -8.1213E-06 -2.4731E-05
  2.1968E-03  2.9456E-03 -8.2368E-06 -2.5082E-05
  2.2123E-03  2.9826E-03 -8.3539E-06 -2.5439E-05
  2.2280E-03  3.0200E-03 -8.4726E-06 -2.5801E-05
  2.2438E-03  3.0578E-03 -8.5930E-06 -2.6167E-05
  2.2597E-03  3.0961E-03 -8.7150E-06 -2.6539E-05
  2.2756E-03  3.1349E-03 -8.8387E-06 -2.6915E-05
  2.2917E-03  3.1742E-03 -8.9641E-06 -2.7297E-05
  2.3079E-03  3.2139E-03 -9.0913E-06 -2.7684E-05
  2.3242E-03  3.2541E-03 -9.2202E-06 -2.8077E-05
  2.3406E-03  3.2948E-03 -9.3508E-06 -2.8475E-05
  2.3572E-03  3.3360E-03 -9.4833E-06 -2.8878E-05
  2.3738E-03  3.3777E-03 -9.6176E-06 -2.9287E-05
  2.3905E-03  3.4200E-03 -9.7538E-06 -2.9702E-05
  2.4074E-03  3.4627E-03 -9.8918E-06 -3.0122E-05
  2.4243E-03  3.5059E-03 -1.0032E-05 -3.0548E-05
  2.4414E-03  3.5497E-03 -1.0174E-05 -3.0980E-05
  2.4586E-03  3.5940E-03 -1.0317E-05 -3.1418E-05
  2.4759E-03  3.6388E-03 -1.0463E-05 -3.1862E-05
  2.4934E-03  3.6842E-03 -1.0611E-05 -3.2312E-05
  2.5109E-03  3.7301E-03 -1.0761E-05 -3.2768E-05
  2.5286E-03  3.7766E-03 -1.0913E-05 -3.3231E-05
  2.5463E-03  3.8236E-03 -1.1067E-05 -3.3700E-05
  2.5642E-03  3.8712E-03 -1.1223E-05 -3.4175E-05
  2.5822E-03  3.9194E-03 -1.1381E-05 -3.4657E-05
  2.6004E-03  3.9681E-03 -1.1541E-05 -3.5145E-05
  2.6186E-03  4.0175E-03 -1.1704E-05 -3.5641E-05
  2.6370E-03  4.0674E-03 -1.1869E-05 -3.6143E-05
  2.6555E-03  4.1180E-03 -1.2036E-05 -3.6652E-05
  2.6741E-03  4.1692E-03 -1.2205E-05 -3.7167E-05
  2.6929E-03  4.2209E-03 -1.2377E-05 -3.7690E-05
  2.7118E-03  4.2734E-03 -1.2551E-05 -3.8221E-05
  2.7308E-03  4.3264E-03 -1.2728E-05 -3.8758E-05
  2.7499E-03  4.3801E-03 -1.2907E-05 -3.9303E-05
  2.7691E-03  4.4344E-03 -1.3088E-05 -3.9855E-05
  2.7885E-03  4.4894E-03 -1.3272E-05 -4.0415E-05
  2.8080E-03  4.5450E-03 -1.3458E-05 -4.0983E-05
  2.8277E-03  4.6013E-03 -1.3647E-05 -4.1558E-05
  2.8475E-03  4.6583E-03 -1.3839E-05 -4.2141E-05
  2.8674E-03  4.7160E-03 -1.4033E-05 -4.2733E-05
  2.8874E-03  4.7744E-03 -1.4230E-05 -4.3332E-05
  2.9076E-03  4.8334E-03 -1.4429E-05 -4.3940E-05
  2.9279E-03  4.8932E-03 -1.4632E-05 -4.4556E-05
  2.9483E-03  4.9537E-03 -1.4837E-05 -4.5180E-05
  2.9689E-03  5.0149E-03 -1.5044E-05 -4.5813E-05
  2.9896E-03  5.0769E-03 -1.5255E-05 -4.6454E-05
  3.0105E-03  5.1396E-03 -1.5469E-05 -4.7105E-05
  3.0315E-03  5.2031E-03 -1.5685E-05 -4.7764E-05
  3.0526E-03  5.2673E-03 -1.5905E-05 -4.8432E-05
  3.0739E-03  5.3323E-03 -1.6127E-05 -4.9110E-05
  3.0953E-03  5.3980E-03 -1.6353E-05 -4.9797E-05
  3.1169E-03  5.4646E-03 -1.6581E-05 -5.0493E-05
  3.1386E-03  5.5319E-03 -1.6813E-05 -5.1199E-05
  3.1604E-03  5.6001E-03 -1.7048E-05 -5.1914E-05
  3.1824E-03  5.6691E-03 -1.7286E-05 -5.2639E-05
  3.2046E-03  5.7388E-03 -1.7528E-05 -5.3374E-05
  3.2269E-03  5.8095E-03 -1.7772E-05 -5.4119E-05
  3.2493E-03  5.8810E-03 -1.8020E-05 -5.4875E-05
  3.2719E-03  5.9533E-03 -1.8272E-05 -5.5640E-05
  3.2946E-03  6.0265E-03 -1.8527E-05 -5.6416E-05
  3.3175E-03  6.1005E-03 -1.8785E-05 -5.7203E-05
  3.3406E-03  6.1755E-03 -1.9047E-05 -5.8001E-05
  3.3638E-03  6.2513E-03 -1.9312E-05 -5.8809E-05
  3.3871E-03  6.3281E-03 -1.9581E-05 -5.9629E-05
  3.4106E-03  6.4057E-03 -1.9854E-05 -6.0459E-05
  3.4343E-03  6.4843E-03 -2.0131E-05 -6.1301E-05
  3.4581E-03  6.5638E-03 -2.0411E-05 -6.2155E-05
  3.4821E-03  6.6443E-03 -2.0695E-05 -6.3020E-05
  3.5062E-03  6.7257E-03 -2.0983E-05 -6.3897E-05
  3.5306E-03  6.8081E-03 -2.1275E-05 -6.4786E-05
  3.5550E-03  6.8915E-03 -2.1571E-05 -6.5687E-05
  3.5797E-03  6.9758E-03 -2.1871E-05 -6.6600E-05
  3.6044E-03  7.0612E-03 -2.2175E-05 -6.7526E-05
  3.6294E-03  7.1476E-03 -2.2483E-05 -6.8465E-05
  3.6545E-03  7.2349E-03 -2.2796E-05 -6.9416E-05
  3.6798E-03  7.3234E-03 -2.3112E-05 -7.0380E-05
  3.7053E-03  7.4129E-03 -2.3433E-05 -7.1358E-05
  3.7309E-03  7.5034E-03 -2.3759E-05 -7.2349E-05
  3.7567E-03  7.5950E-03 -2.4088E-05 -7.3353E-05
  3.7827E-03  7.6877E-03 -2.4423E-05 -7.4371E-05
  3.8089E-03  7.7815E-03 -2.4762E-05 -7.5403E-05
  3.8352E-03  7.8764E-03 -2.5105E-05 -7.6449E-05
  3.8617E-03  7.9724E-03 -2.5453E-05 -7.7509E-05
  3.8884E-03  8.0695E-03 -2.5806E-05 -7.8584E-05
  3.9152E-03  8.1678E-03 -2.6164E-05 -7.9673E-05
  3.9423E-03  8.2673E-03 -2.6526E-05 -8.0777E-05
  3.9695E-03  8.3679E-03 -2.6894E-05 -8.1896E-05
  3.9969E-03  8.4697E-03 -2.7267E-05 -8.3031E-05
  4.0245E-03  8.5727E-03 -2.7644E-05 -8.4181E-05
  4.0522E-03  8.6770E-03 -2.8027E-05 -8.5347E-05
  4.0802E-03  8.7824E-03 -2.8415E-05 -8.6528E-05
  4.1083E-03  8.8891E-03 -2.8808E-05 -8.7726E-05
  4.1367E-03  8.9970E-03 -2.9207E-05 -8.8940E-05
  4.1652E-03  9.1063E-03 -2.9611E-05 -9.0170E-05
  4.1939E-03  9.2167E-03 -3.0020E-05 -9.1417E-05
  4.2228E-03  9.3285E-03 -3.0436E-05 -9.2681E-05
  4.2519E-03  9.4416E-03 -3.0856E-05 -9.3963E-05
  4.2812E-03  9.5560E-03 -3.1283E-05 -9.5262E-05
  4.3107E-03  9.6718E-03 -3.1715E-05 -9.6578E-05
  4.3403E-03  9.7889E-03 -3.2154E-05 -9.7912E-05
  4.3702E-03  9.9074E-03 -3.2598E-05 -9.9265E-05
  4.4003E-03  1.0027E-02 -3.3048E-05 -1.0064E-04
  4.4306E-03  1.0149E-02 -3.3504E-05 -1.0203E-04
  4.4610E-03  1.0271E-02 -3.3967E-05 -1.0343E-04
  4.4917E-03  1.0395E-02 -3.4436E-05 -1.0486E-04
  4.5226E-03  1.0521E-02 -3.4911E-05 -1.0631E-04
  4.5537E-03  1.0648E-02 -3.5393E-05 -1.0778E-04
  4.5850E-03  1.0776E-02 -3.5881E-05 -1.0926E-04
  4.6165E-03  1.0906E-02 -3.6376E-05 -1.1077E-04
  4.6482E-03  1.1038E-02 -3.6877E-05 -1.1230E-04
  4.6802E-03  1.1171E-02 -3.7386E-05 -1.1385E-04
  4.7123E-03  1.1306E-02 -3.7901E-05 -1.1541E-04
  4.7447E-03  1.1442E-02 -3.8423E-05 -1.1701E-04
  4.7773E-03  1.1579E-02 -3.8953E-05 -1.1862E-04
  4.8100E-03  1.1719E-02 -3.9489E-05 -1.2025E-04
  4.8431E-03  1.1860E-02 -4.0033E-05 -1.2191E-04
  4.8763E-03  1.2002E-02 -4.0585E-05 -1.2359E-04
  4.9098E-03  1.2146E-02 -4.1144E-05 -1.2529E-04
  4.9434E-03  1.2292E-02 -4.1710E-05 -1.2701E-04
  4.9773E-03  1.2440E-02 -4.2284E-05 -1.2876E-04
  5.0115E-03  1.2589E-02 -4.2866E-05 -1.3053E-04
  5.0458E-03  1.2740E-02 -4.3456E-05 -1.3233E-04
  5.0804E-03  1.2893E-02 -4.4053E-05 -1.3415E-04
  5.1152E-03  1.3047E-02 -4.4659E-05 -1.3599E-04
  5.1503E-03  1.3203E-02 -4.5274E-05 -1.3786E-04
  5.1856E-03  1.3362E-02 -4.5896E-05 -1.3976E-04
  5.2211E-03  1.3521E-02 -4.6527E-05 -1.4168E-04
  5.2569E-03  1.3683E-02 -4.7166E-05 -1.4363E-04
  5.2928E-03  1.3847E-02 -4.7815E-05 -1.4560E-04
  5.3291E-03  1.4012E-02 -4.8472E-05 -1.4760E-04
  5.3656E-03  1.4179E-02 -4.9137E-05 -1.4963E-04
  5.4023E-03  1.4349E-02 -4.9812E-05 -1.5169E-04
  5.4393E-03  1.4520E-02 -5.0496E-05 -1.5377E-04
  5.4765E-03  1.4693E-02 -5.1190E-05 -1.5588E-04
  5.5139E-03  1.4868E-02 -5.1893E-05 -1.5802E-04
  5.5517E-03  1.5045E-02 -5.2605E-05 -1.6019E-04
  5.5896E-03  1.5224E-02 -5.3327E-05 -1.6239E-04
  5.6278E-03  1.5405E-02 -5.4059E-05 -1.6462E-04
  5.6663E-03  1.5589E-02 -5.4800E-05 -1.6688E-04
  5.7051E-03  1.5774E-02 -5.5552E-05 -1.6916E-04
  5.7440E-03  1.5961E-02 -5.6314E-05 -1.7148E-04
  5.7833E-03  1.6151E-02 -5.7086E-05 -1.7384E-04
  5.8228E-03  1.6343E-02 -5.7869E-05 -1.7622E-04
  5.8626E-03  1.6536E-02 -5.8662E-05 -1.7864E-04
  5.9026E-03  1.6732E-02 -5.9466E-05 -1.8108E-04
  5.9429E-03  1.6931E-02 -6.0281E-05 -1.8357E-04
  5.9835E-03  1.7131E-02 -6.1107E-05 -1.8608E-04
  6.0244E-03  1.7334E-02 -6.1945E-05 -1.8863E-04
  6.0655E-03  1.7539E-02 -6.2793E-05 -1.9121E-04
  6.1069E-03  1.7746E-02 -6.3653E-05 -1.9383E-04
  6.1486E-03  1.7956E-02 -6.4525E-05 -1.9649E-04
  6.1905E-03  1.8168E-02 -6.5408E-05 -1.9918E-04
  6.2328E-03  1.8382E-02 -6.6304E-05 -2.0191E-04
  6.2753E-03  1.8599E-02 -6.7212E-05 -2.0467E-04
  6.3181E-03  1.8819E-02 -6.8132E-05 -2.0747E-04
  6.3612E-03  1.9040E-02 -6.9064E-05 -2.1031E-04
  6.4045E-03  1.9265E-02 -7.0009E-05 -2.1319E-04
  6.4482E-03  1.9491E-02 -7.0967E-05 -2.1610E-04
  6.4921E-03  1.9720E-02 -7.1938E-05 -2.1906E-04
  6.5364E-03  1.9952E-02 -7.2921E-05 -2.2206E-04
  6.5809E-03  2.0187E-02 -7.3919E-05 -2.2509E-04
  6.6258E-03  2.0424E-02 -7.4929E-05 -2.2817E-04
  6.6709E-03  2.0663E-02 -7.5954E-05 -2.3129E-04
  6.7164E-03  2.0906E-02 -7.6992E-05 -2.3445E-04
  6.7621E-03  2.1150E-02 -7.8044E-05 -2.3766E-04
  6.8082E-03  2.1398E-02 -7.9111E-05 -2.4090E-04
  6.8545E-03  2.1649E-02 -8.0192E-05 -2.4420E-04
  6.9012E-03  2.1902E-02 -8.1288E-05 -2.4753E-04
  6.9482E-03  2.2158E-02 -8.2398E-05 -2.5091E-04
  6.9955E-03  2.2417E-02 -8.3524E-05 -2.5434E-04
  7.0431E-03  2.2678E-02 -8.4664E-05 -2.5781E-04
  7.0910E-03  2.2943E-02 -8.5821E-05 -2.6134E-04
  7.1392E-03  2.3210E-02 -8.6992E-05 -2.6490E-04
  7.1878E-03  2.3481E-02 -8.8180E-05 -2.6852E-04
  7.2367E-03  2.3754E-02 -8.9384E-05 -2.7219E-04
  7.2859E-03  2.4030E-02 -9.0604E-05 -2.7590E-04
  7.3355E-03  2.4310E-02 -9.1840E-05 -2.7967E-04
  7.3853E-03  2.4592E-02 -9.3093E-05 -2.8348E-04
  7.4356E-03  2.4878E-02 -9.4364E-05 -2.8735E-04
  7.4861E-03  2.5166E-02 -9.5651E-05 -2.9127E-04
  7.5370E-03  2.5458E-02 -9.6956E-05 -2.9524E-04
  7.5882E-03  2.5753E-02 -9.8278E-05 -2.9927E-04
  7.6398E-03  2.6051E-02 -9.9618E-05 -3.0335E-04
  7.6917E-03  2.6353E-02 -1.0098E-04 -3.0749E-04
  7.7440E-03  2.6657E-02 -1.0235E-04 -3.1168E-04
  7.7966E-03  2.6965E-02 -1.0375E-04 -3.1593E-04
  7.8495E-03  2.7277E-02 -1.0516E-04 -3.2024E-04
  7.9028E-03  2.7591E-02 -1.0660E-04 -3.2460E-04
  7.9565E-03  2.7909E-02 -1.0805E-04 -3.2902E-04
  8.0105E-03  2.8231E-02 -1.0952E-04 -3.3351E-04
  8.0649E-03  2.8556E-02 -1.1101E-04 -3.3805E-04
  8.1197E-03  2.8884E-02 -1.1253E-04 -3.4266E-04
  8.1748E-03  2.9216E-02 -1.1406E-04 -3.4732E-04
  8.2303E-03  2.9552E-02 -1.1561E-04 -3.5205E-04
  8.2861E-03  2.9891E-02 -1.1719E-04 -3.5685E-04
  8.3424E-03  3.0233E-02 -1.1878E-04 -3.6171E-04
  8.3990E-03  3.0580E-02 -1.2040E-04 -3.6663E-04
  8.4560E-03  3.0930E-02 -1.2204E-04 -3.7163E-04
  8.5133E-03  3.1283E-02 -1.2370E-04 -3.7668E-04
  8.5711E-03  3.1641E-02 -1.2538E-04 -3.8181E-04
  8.6292E-03  3.2002E-02 -1.2709E-04 -3.8701E-04
  8.6877E-03  3.2367E-02 -1.2882E-04 -3.9227E-04
  8.7466E-03  3.2736E-02 -1.3057E-04 -3.9761E-04
  8.8059E-03  3.3109E-02 -1.3235E-04 -4.0302E-04
  8.8656E-03  3.3486E-02 -1.3415E-04 -4.0851E-04
  8.9257E-03  3.3867E-02 -1.3598E-04 -4.1406E-04
  8.9862E-03  3.4251E-02 -1.3783E-04 -4.1969E-04
  9.0471E-03  3.4640E-02 -1.3970E-04 -4.2540E-04
  9.1085E-03  3.5033E-02 -1.4160E-04 -4.3119E-04
  9.1702E-03  3.5430E-02 -1.4353E-04 -4.3705E-04
  9.2323E-03  3.5831E-02 -1.4548E-04 -4.4299E-04
  9.2949E-03  3.6236E-02 -1.4745E-04 -4.4902E-04
  9.3578E-03  3.6646E-02 -1.4946E-04 -4.5512E-04
  9.4212E-03  3.7060E-02 -1.5149E-04 -4.6131E-04
  9.4850E-03  3.7478E-02 -1.5355E-04 -4.6758E-04
  9.5493E-03  3.7900E-02 -1.5564E-04 -4.7393E-04
  9.6139E-03  3.8327E-02 -1.5775E-04 -4.8037E-04
  9.6790E-03  3.8758E-02 -1.5989E-04 -4.8690E-04
  9.7446E-03  3.9193E-02 -1.6207E-04 -4.9351E-04
  9.8105E-03  3.9633E-02 -1.6427E-04 -5.0022E-04
  9.8769E-03  4.0078E-02 -1.6650E-04 -5.0701E-04
  9.9438E-03  4.0527E-02 -1.6876E-04 -5.1390E-04
  1.0011E-02  4.0980E-02 -1.7105E-04 -5.2088E-04
  1.0079E-02  4.1439E-02 -1.7338E-04 -5.2795E-04
  1.0147E-02  4.1902E-02 -1.7573E-04 -5.3512E-04
  1.0216E-02  4.2369E-02 -1.7812E-04 -5.4238E-04
  1.0285E-02  4.2841E-02 -1.8053E-04 -5.4975E-04
  1.0354E-02  4.3319E-02 -1.8299E-04 -5.5721E-04
  1.0424E-02  4.3801E-02 -1.8547E-04 -5.6477E-04
  1.0495E-02  4.4287E-02 -1.8799E-04 -5.7244E-04
  1.0566E-02  4.4779E-02 -1.9054E-04 -5.8021E-04
  1.0637E-02  4.5276E-02 -1.9312E-04 -5.8808E-04
  1.0709E-02  4.5777E-02 -1.9574E-04 -5.9606E-04
  1.0782E-02  4.6284E-02 -1.9840E-04 -6.0415E-04
  1.0855E-02  4.6795E-02 -2.0109E-04 -6.1235E-04
  1.0928E-02  4.7312E-02 -2.0382E-04 -6.2065E-04
  1.1002E-02  4.7834E-02 -2.0659E-04 -6.2907E-04
  1.1076E-02  4.8361E-02 -2.0939E-04 -6.3760E-04
  1.1151E-02  4.8893E-02 -2.1223E-04 -6.4625E-04
  1.1226E-02  4.9431E-02 -2.1511E-04 -6.5502E-04
  1.1302E-02  4.9974E-02 -2.1802E-04 -6.6390E-04
  1.1379E-02  5.0522E-02 -2.2098E-04 -6.7290E-04
  1.1456E-02  5.1075E-02 -2.2397E-04 -6.8202E-04
  1.1533E-02  5.1634E-02 -2.2701E-04 -6.9127E-04
  1.1611E-02  5.2198E-02 -2.3009E-04 -7.0064E-04
  1.1689E-02  5.2768E-02 -2.3321E-04 -7.1014E-04
  1.1768E-02  5.3344E-02 -2.3637E-04 -7.1976E-04
  1.1848E-02  5.3924E-02 -2.3957E-04 -7.2952E-04
  1.1928E-02  5.4511E-02 -2.4282E-04 -7.3940E-04
  1.2008E-02  5.5103E-02 -2.4611E-04 -7.4942E-04
  1.2089E-02  5.5701E-02 -2.4944E-04 -7.5958E-04
  1.2171E-02  5.6304E-02 -2.5282E-04 -7.6987E-04
  1.2253E-02  5.6914E-02 -2.5625E-04 -7.8030E-04
  1.2336E-02  5.7529E-02 -2.5972E-04 -7.9087E-04
  1.2419E-02  5.8150E-02 -2.6324E-04 -8.0158E-04
  1.2503E-02  5.8777E-02 -2.6680E-04 -8.1244E-04
  1.2587E-02  5.9410E-02 -2.7042E-04 -8.2344E-04
  1.2672E-02  6.0048E-02 -2.7408E-04 -8.3460E-04
  1.2758E-02  6.0693E-02 -2.7779E-04 -8.4590E-04
  1.2844E-02  6.1344E-02 -2.8155E-04 -8.5735E-04
  1.2931E-02  6.2001E-02 -2.8537E-04 -8.6896E-04
  1.3018E-02  6.2664E-02 -2.8923E-04 -8.8073E-04
  1.3106E-02  6.3333E-02 -2.9315E-04 -8.9265E-04
  1.3194E-02  6.4008E-02 -2.9711E-04 -9.0473E-04
  1.3283E-02  6.4690E-02 -3.0114E-04 -9.1698E-04
  1.3373E-02  6.5378E-02 -3.0521E-04 -9.2939E-04
  1.3463E-02  6.6072E-02 -3.0934E-04 -9.4197E-04
  1.3554E-02  6.6773E-02 -3.1353E-04 -9.5472E-04
  1.3645E-02  6.7480E-02 -3.1777E-04 -9.6764E-04
  1.3737E-02  6.8193E-02 -3.2207E-04 -9.8073E-04
  1.3830E-02  6.8913E-02 -3.2643E-04 -9.9400E-04
  1.3923E-02  6.9639E-02 -3.3085E-04 -1.0075E-03
  1.4017E-02  7.0372E-02 -3.3532E-04 -1.0211E-03
  1.4112E-02  7.1112E-02 -3.3986E-04 -1.0349E-03
  1.4207E-02  7.1858E-02 -3.4446E-04 -1.0489E-03
  1.4302E-02  7.2611E-02 -3.4912E-04 -1.0631E-03
  1.4399E-02  7.3370E-02 -3.5384E-04 -1.0775E-03
  1.4496E-02  7.4137E-02 -3.5863E-04 -1.0920E-03
  1.4594E-02  7.4910E-02 -3.6348E-04 -1.1068E-03
  1.4692E-02  7.5689E-02 -3.6839E-04 -1.1218E-03
  1.4791E-02  7.6476E-02 -3.7337E-04 -1.1369E-03
  1.4891E-02  7.7270E-02 -3.7842E-04 -1.1523E-03
  1.4991E-02  7.8070E-02 -3.8354E-04 -1.1679E-03
  1.5092E-02  7.8877E-02 -3.8872E-04 -1.1837E-03
  1.5194E-02  7.9692E-02 -3.9398E-04 -1.1997E-03
  1.5296E-02  8.0513E-02 -3.9930E-04 -1.2159E-03
  1.5399E-02  8.1341E-02 -4.0470E-04 -1.2323E-03
  1.5503E-02  8.2177E-02 -4.1017E-04 -1.2490E-03
  1.5607E-02  8.3020E-02 -4.1572E-04 -1.2659E-03
  1.5712E-02  8.3869E-02 -4.2134E-04 -1.2830E-03
  1.5818E-02  8.4726E-02 -4.2703E-04 -1.3003E-03
  1.5925E-02  8.5590E-02 -4.3280E-04 -1.3179E-03
  1.6032E-02  8.6461E-02 -4.3865E-04 -1.3357E-03
  1.6140E-02  8.7340E-02 -4.4458E-04 -1.3537E-03
  1.6249E-02  8.8226E-02 -4.5058E-04 -1.3720E-03
  1.6358E-02  8.9119E-02 -4.5667E-04 -1.3906E-03
  1.6468E-02  9.0020E-02 -4.6284E-04 -1.4094E-03
  1.6579E-02  9.0927E-02 -4.6909E-04 -1.4284E-03
  1.6691E-02  9.1843E-02 -4.7543E-04 -1.4477E-03
  1.6803E-02  9.2765E-02 -4.8185E-04 -1.4672E-03
  1.6916E-02  9.3696E-02 -4.8836E-04 -1.4871E-03
  1.7030E-02  9.4633E-02 -4.9496E-04 -1.5071E-03
  1.7145E-02  9.5578E-02 -5.0164E-04 -1.5275E-03
  1.7260E-02  9.6531E-02 -5.0841E-04 -1.5481E-03
  1.7376E-02  9.7491E-02 -5.1528E-04 -1.5690E-03
  1.7493E-02  9.8459E-02 -5.2224E-04 -1.5902E-03
  1.7611E-02  9.9434E-02 -5.2929E-04 -1.6117E-03
  1.7729E-02  1.0042E-01 -5.3644E-04 -1.6334E-03
  1.7849E-02  1.0141E-01 -5.4368E-04 -1.6555E-03
  1.7969E-02  1.0241E-01 -5.5102E-04 -1.6778E-03
  1.8090E-02  1.0341E-01 -5.5846E-04 -1.7005E-03
  1.8211E-02  1.0443E-01 -5.6600E-04 -1.7234E-03
  1.8334E-02  1.0545E-01 -5.7364E-04 -1.7467E-03
  1.8457E-02  1.0648E-01 -5.8138E-04 -1.7703E-03
  1.8581E-02  1.0751E-01 -5.8923E-04 -1.7942E-03
  1.8706E-02  1.0856E-01 -5.9718E-04 -1.8184E-03
  1.8832E-02  1.0961E-01 -6.0524E-04 -1.8429E-03
  1.8959E-02  1.1067E-01 -6.1340E-04 -1.8678E-03
  1.9086E-02  1.1174E-01 -6.2168E-04 -1.8930E-03
  1.9215E-02  1.1281E-01 -6.3007E-04 -1.9185E-03
  1.9344E-02  1.1389E-01 -6.3857E-04 -1.9444E-03
  1.9474E-02  1.1499E-01 -6.4719E-04 -1.9707E-03
  1.9605E-02  1.1608E-01 -6.5592E-04 -1.9972E-03
  1.9737E-02  1.1719E-01 -6.6477E-04 -2.0242E-03
  1.9869E-02  1.1831E-01 -6.7374E-04 -2.0515E-03
  2.0003E-02  1.1943E-01 -6.8283E-04 -2.0792E-03
  2.0138E-02  1.2056E-01 -6.9204E-04 -2.1072E-03
  2.0273E-02  1.2169E-01 -7.0137E-04 -2.1356E-03
  2.0409E-02  1.2284E-01 -7.1083E-04 -2.1644E-03
  2.0546E-02  1.2399E-01 -7.2042E-04 -2.1936E-03
  2.0684E-02  1.2515E-01 -7.3014E-04 -2.2232E-03
  2.0824E-02  1.2632E-01 -7.3998E-04 -2.2532E-03
  2.0963E-02  1.2750E-01 -7.4996E-04 -2.2836E-03
  2.1104E-02  1.2868E-01 -7.6007E-04 -2.3144E-03
  2.1246E-02  1.2988E-01 -7.7032E-04 -2.3456E-03
  2.1389E-02  1.3108E-01 -7.8071E-04 -2.3772E-03
  2.1533E-02  1.3228E-01 -7.9124E-04 -2.4092E-03
  2.1677E-02  1.3350E-01 -8.0190E-04 -2.4417E-03
  2.1823E-02  1.3472E-01 -8.1272E-04 -2.4746E-03
  2.1970E-02  1.3595E-01 -8.2367E-04 -2.5080E-03
  2.2117E-02  1.3719E-01 -8.3478E-04 -2.5418E-03
  2.2266E-02  1.3844E-01 -8.4603E-04 -2.5761E-03
  2.2416E-02  1.3969E-01 -8.5743E-04 -2.6108E-03
  2.2566E-02  1.4095E-01 -8.6899E-04 -2.6460E-03
  2.2718E-02  1.4222E-01 -8.8070E-04 -2.6816E-03
  2.2870E-02  1.4349E-01 -8.9257E-04 -2.7178E-03
  2.3024E-02  1.4478E-01 -9.0460E-04 -2.7544E-03
  2.3179E-02  1.4607E-01 -9.1679E-04 -2.7915E-03
  2.3334E-02  1.4736E-01 -9.2915E-04 -2.8291E-03
  2.3491E-02  1.4867E-01 -9.4167E-04 -2.8672E-03
  2.3649E-02  1.4998E-01 -9.5436E-04 -2.9059E-03
  2.3808E-02  1.5130E-01 -9.6722E-04 -2.9450E-03
  2.3968E-02  1.5263E-01 -9.8025E-04 -2.9847E-03
  2.4129E-02  1.5396E-01 -9.9346E-04 -3.0249E-03
  2.4291E-02  1.5530E-01 -1.0068E-03 -3.0657E-03
  2.4454E-02  1.5665E-01 -1.0204E-03 -3.1070E-03
  2.4618E-02  1.5801E-01 -1.0342E-03 -3.1488E-03
  2.4783E-02  1.5937E-01 -1.0481E-03 -3.1912E-03
  2.4950E-02  1.6074E-01 -1.0622E-03 -3.2342E-03
  2.5117E-02  1.6211E-01 -1.0765E-03 -3.2778E-03
  2.5286E-02  1.6350E-01 -1.0910E-03 -3.3219E-03
  2.5456E-02  1.6489E-01 -1.1057E-03 -3.3667E-03
  2.5626E-02  1.6628E-01 -1.1206E-03 -3.4120E-03
  2.5798E-02  1.6768E-01 -1.1357E-03 -3.4579E-03
  2.5972E-02  1.6909E-01 -1.1510E-03 -3.5045E-03
  2.6146E-02  1.7051E-01 -1.1665E-03 -3.5517E-03
  2.6321E-02  1.7193E-01 -1.1822E-03 -3.5995E-03
  2.6498E-02  1.7336E-01 -1.1981E-03 -3.6480E-03
  2.6676E-02  1.7479E-01 -1.2143E-03 -3.6971E-03
  2.6855E-02  1.7623E-01 -1.2306E-03 -3.7469E-03
  2.7035E-02  1.7767E-01 -1.2472E-03 -3.7973E-03
  2.7217E-02  1.7912E-01 -1.2640E-03 -3.8484E-03
  2.7399E-02  1.8058E-01 -1.2810E-03 -3.9003E-03
  2.7583E-02  1.8204E-01 -1.2982E-03 -3.9528E-03
  2.7768E-02  1.8351E-01 -1.3157E-03 -4.0060E-03
  2.7955E-02  1.8499E-01 -1.3334E-03 -4.0599E-03
  2.8142E-02  1.8646E-01 -1.3514E-03 -4.1145E-03
  2.8331E-02  1.8795E-01 -1.3696E-03 -4.1699E-03
  2.8521E-02  1.8944E-01 -1.3880E-03 -4.2260E-03
  2.8713E-02  1.9093E-01 -1.4067E-03 -4.2829E-03
  2.8905E-02  1.9243E-01 -1.4256E-03 -4.3405E-03
  2.9099E-02  1.9393E-01 -1.4448E-03 -4.3990E-03
  2.9294E-02  1.9544E-01 -1.4642E-03 -4.4582E-03
  2.9491E-02  1.9695E-01 -1.4840E-03 -4.5181E-03
  2.9689E-02  1.9847E-01 -1.5039E-03 -4.5789E-03
  2.9888E-02  1.9999E-01 -1.5242E-03 -4.6405E-03
  3.0089E-02  2.0151E-01 -1.5447E-03 -4.7030E-03
  3.0290E-02  2.0304E-01 -1.5655E-03 -4.7663E-03
  3.0494E-02  2.0457E-01 -1.5865E-03 -4.8304E-03
  3.0698E-02  2.0611E-01 -1.6079E-03 -4.8954E-03
  3.0904E-02  2.0765E-01 -1.6295E-03 -4.9612E-03
  3.1111E-02  2.0919E-01 -1.6514E-03 -5.0280E-03
  3.1320E-02  2.1074E-01 -1.6737E-03 -5.0956E-03
  3.1530E-02  2.1228E-01 -1.6962E-03 -5.1641E-03
  3.1742E-02  2.1383E-01 -1.7190E-03 -5.2336E-03
  3.1954E-02  2.1539E-01 -1.7421E-03 -5.3040E-03
  3.2169E-02  2.1694E-01 -1.7655E-03 -5.3753E-03
  3.2384E-02  2.1850E-01 -1.7893E-03 -5.4476E-03
  3.2602E-02  2.2006E-01 -1.8134E-03 -5.5209E-03
  3.2820E-02  2.2162E-01 -1.8378E-03 -5.5951E-03
  3.3040E-02  2.2318E-01 -1.8625E-03 -5.6704E-03
  3.3262E-02  2.2474E-01 -1.8875E-03 -5.7466E-03
  3.3485E-02  2.2631E-01 -1.9129E-03 -5.8239E-03
  3.3709E-02  2.2787E-01 -1.9386E-03 -5.9022E-03
  3.3935E-02  2.2944E-01 -1.9647E-03 -5.9816E-03
  3.4163E-02  2.3100E-01 -1.9911E-03 -6.0620E-03
  3.4392E-02  2.3257E-01 -2.0179E-03 -6.1435E-03
  3.4623E-02  2.3414E-01 -2.0451E-03 -6.2261E-03
  3.4855E-02  2.3570E-01 -2.0726E-03 -6.3098E-03
  3.5088E-02  2.3727E-01 -2.1004E-03 -6.3946E-03
  3.5324E-02  2.3883E-01 -2.1287E-03 -6.4806E-03
  3.5560E-02  2.4039E-01 -2.1573E-03 -6.5677E-03
  3.5799E-02  2.4196E-01 -2.1863E-03 -6.6560E-03
  3.6039E-02  2.4352E-01 -2.2157E-03 -6.7455E-03
  3.6280E-02  2.4507E-01 -2.2455E-03 -6.8362E-03
  3.6524E-02  2.4663E-01 -2.2757E-03 -6.9280E-03
  3.6768E-02  2.4818E-01 -2.3063E-03 -7.0212E-03
  3.7015E-02  2.4974E-01 -2.3373E-03 -7.1155E-03
  3.7263E-02  2.5128E-01 -2.3687E-03 -7.2111E-03
  3.7513E-02  2.5283E-01 -2.4005E-03 -7.3081E-03
  3.7764E-02  2.5437E-01 -2.4328E-03 -7.4063E-03
  3.8017E-02  2.5591E-01 -2.4655E-03 -7.5058E-03
  3.8272E-02  2.5744E-01 -2.4986E-03 -7.6067E-03
  3.8529E-02  2.5897E-01 -2.5322E-03 -7.7089E-03
  3.8787E-02  2.6049E-01 -2.5663E-03 -7.8124E-03
  3.9047E-02  2.6201E-01 -2.6007E-03 -7.9174E-03
  3.9308E-02  2.6352E-01 -2.6357E-03 -8.0238E-03
  3.9572E-02  2.6503E-01 -2.6711E-03 -8.1316E-03
  3.9837E-02  2.6653E-01 -2.7070E-03 -8.2408E-03
  4.0104E-02  2.6803E-01 -2.7434E-03 -8.3516E-03
  4.0373E-02  2.6951E-01 -2.7803E-03 -8.4637E-03
  4.0643E-02  2.7099E-01 -2.8176E-03 -8.5774E-03
  4.0915E-02  2.7247E-01 -2.8555E-03 -8.6927E-03
  4.1190E-02  2.7393E-01 -2.8939E-03 -8.8094E-03
  4.1466E-02  2.7539E-01 -2.9327E-03 -8.9278E-03
  4.1743E-02  2.7684E-01 -2.9721E-03 -9.0477E-03
  4.2023E-02  2.7828E-01 -3.0121E-03 -9.1692E-03
  4.2305E-02  2.7970E-01 -3.0525E-03 -9.2923E-03
  4.2588E-02  2.8112E-01 -3.0935E-03 -9.4171E-03
  4.2873E-02  2.8253E-01 -3.1351E-03 -9.5436E-03
  4.3161E-02  2.8393E-01 -3.1772E-03 -9.6718E-03
  4.3450E-02  2.8532E-01 -3.2199E-03 -9.8016E-03
  4.3741E-02  2.8669E-01 -3.2632E-03 -9.9333E-03
  4.4034E-02  2.8806E-01 -3.3070E-03 -1.0067E-02
  4.4329E-02  2.8941E-01 -3.3514E-03 -1.0202E-02
  4.4626E-02  2.9075E-01 -3.3964E-03 -1.0339E-02
  4.4925E-02  2.9207E-01 -3.4420E-03 -1.0478E-02
  4.5226E-02  2.9339E-01 -3.4883E-03 -1.0618E-02
  4.5529E-02  2.9468E-01 -3.5351E-03 -1.0761E-02
  4.5833E-02  2.9597E-01 -3.5826E-03 -1.0905E-02
  4.6140E-02  2.9724E-01 -3.6307E-03 -1.1052E-02
  4.6450E-02  2.9849E-01 -3.6795E-03 -1.1200E-02
  4.6761E-02  2.9972E-01 -3.7289E-03 -1.1350E-02
  4.7074E-02  3.0095E-01 -3.7790E-03 -1.1503E-02
  4.7389E-02  3.0215E-01 -3.8297E-03 -1.1657E-02
  4.7706E-02  3.0333E-01 -3.8811E-03 -1.1814E-02
  4.8026E-02  3.0450E-01 -3.9332E-03 -1.1972E-02
  4.8348E-02  3.0565E-01 -3.9861E-03 -1.2133E-02
  4.8671E-02  3.0678E-01 -4.0396E-03 -1.2296E-02
  4.8997E-02  3.0790E-01 -4.0938E-03 -1.2461E-02
  4.9325E-02  3.0899E-01 -4.1488E-03 -1.2628E-02
  4.9656E-02  3.1006E-01 -4.2045E-03 -1.2797E-02
  4.9988E-02  3.1111E-01 -4.2609E-03 -1.2969E-02
  5.0323E-02  3.1214E-01 -4.3181E-03 -1.3143E-02
  5.0660E-02  3.1315E-01 -4.3761E-03 -1.3319E-02
  5.0999E-02  3.1413E-01 -4.4348E-03 -1.3498E-02
  5.1341E-02  3.1509E-01 -4.4944E-03 -1.3679E-02
  5.1685E-02  3.1603E-01 -4.5547E-03 -1.3863E-02
  5.2031E-02  3.1695E-01 -4.6158E-03 -1.4049E-02
  5.2379E-02  3.1784E-01 -4.6778E-03 -1.4237E-02
  5.2730E-02  3.1870E-01 -4.7406E-03 -1.4428E-02
  5.3083E-02  3.1954E-01 -4.8042E-03 -1.4622E-02
  5.3438E-02  3.2035E-01 -4.8687E-03 -1.4818E-02
  5.3796E-02  3.2114E-01 -4.9340E-03 -1.5017E-02
  5.4156E-02  3.2189E-01 -5.0002E-03 -1.5218E-02
  5.4519E-02  3.2262E-01 -5.0673E-03 -1.5422E-02
  5.4884E-02  3.2333E-01 -5.1353E-03 -1.5629E-02
  5.5251E-02  3.2400E-01 -5.2042E-03 -1.5839E-02
  5.5621E-02  3.2464E-01 -5.2741E-03 -1.6051E-02
  5.5993E-02  3.2525E-01 -5.3448E-03 -1.6266E-02
  5.6368E-02  3.2583E-01 -5.4165E-03 -1.6484E-02
  5.6746E-02  3.2638E-01 -5.4892E-03 -1.6705E-02
  5.7125E-02  3.2690E-01 -5.5629E-03 -1.6929E-02
  5.7508E-02  3.2739E-01 -5.6375E-03 -1.7156E-02
  5.7893E-02  3.2784E-01 -5.7131E-03 -1.7386E-02
  5.8280E-02  3.2826E-01 -5.7898E-03 -1.7619E-02
  5.8670E-02  3.2864E-01 -5.8674E-03 -1.7856E-02
  5.9063E-02  3.2899E-01 -5.9461E-03 -1.8095E-02
  5.9459E-02  3.2930E-01 -6.0259E-03 -1.8338E-02
  5.9857E-02  3.2957E-01 -6.1067E-03 -1.8583E-02
  6.0257E-02  3.2981E-01 -6.1886E-03 -1.8832E-02
  6.0661E-02  3.3002E-01 -6.2716E-03 -1.9085E-02
  6.1067E-02  3.3018E-01 -6.3558E-03 -1.9341E-02
  6.1475E-02  3.3030E-01 -6.4410E-03 -1.9600E-02
  6.1887E-02  3.3039E-01 -6.5274E-03 -1.9863E-02
  6.2301E-02  3.3043E-01 -6.6149E-03 -2.0129E-02
  6.2718E-02  3.3044E-01 -6.7036E-03 -2.0398E-02
  6.3138E-02  3.3040E-01 -6.7935E-03 -2.0672E-02
  6.3560E-02  3.3032E-01 -6.8846E-03 -2.0949E-02
  6.3986E-02  3.3020E-01 -6.9769E-03 -2.1229E-02
  6.4414E-02  3.3003E-01 -7.0705E-03 -2.1514E-02
  6.4845E-02  3.2983E-01 -7.1653E-03 -2.1802E-02
  6.5279E-02  3.2957E-01 -7.2613E-03 -2.2094E-02
  6.5716E-02  3.2928E-01 -7.3587E-03 -2.2390E-02
  6.6156E-02  3.2893E-01 -7.4573E-03 -2.2690E-02
  6.6598E-02  3.2854E-01 -7.5573E-03 -2.2994E-02
  6.7044E-02  3.2811E-01 -7.6586E-03 -2.3302E-02
  6.7493E-02  3.2762E-01 -7.7613E-03 -2.3614E-02
  6.7944E-02  3.2709E-01 -7.8653E-03 -2.3930E-02
  6.8399E-02  3.2651E-01 -7.9708E-03 -2.4251E-02
  6.8857E-02  3.2588E-01 -8.0776E-03 -2.4575E-02
  6.9317E-02  3.2520E-01 -8.1858E-03 -2.4905E-02
  6.9781E-02  3.2447E-01 -8.2956E-03 -2.5238E-02
  7.0248E-02  3.2369E-01 -8.4067E-03 -2.5576E-02
  7.0718E-02  3.2286E-01 -8.5194E-03 -2.5918E-02
  7.1191E-02  3.2197E-01 -8.6336E-03 -2.6265E-02
  7.1668E-02  3.2103E-01 -8.7493E-03 -2.6617E-02
  7.2147E-02  3.2004E-01 -8.8665E-03 -2.6973E-02
  7.2630E-02  3.1900E-01 -8.9853E-03 -2.7334E-02
  7.3116E-02  3.1790E-01 -9.1057E-03 -2.7700E-02
  7.3605E-02  3.1674E-01 -9.2277E-03 -2.8071E-02
  7.4098E-02  3.1553E-01 -9.3513E-03 -2.8447E-02
  7.4593E-02  3.1426E-01 -9.4766E-03 -2.8827E-02
  7.5092E-02  3.1294E-01 -9.6036E-03 -2.9213E-02
  7.5595E-02  3.1156E-01 -9.7322E-03 -2.9604E-02
  7.6101E-02  3.1012E-01 -9.8626E-03 -3.0000E-02
  7.6610E-02  3.0863E-01 -9.9947E-03 -3.0402E-02
  7.7122E-02  3.0707E-01 -1.0129E-02 -3.0808E-02
  7.7638E-02  3.0545E-01 -1.0264E-02 -3.1221E-02
  7.8158E-02  3.0378E-01 -1.0402E-02 -3.1638E-02
  7.8681E-02  3.0205E-01 -1.0541E-02 -3.2061E-02
  7.9207E-02  3.0025E-01 -1.0682E-02 -3.2490E-02
  7.9737E-02  2.9839E-01 -1.0825E-02 -3.2925E-02
  8.0270E-02  2.9648E-01 -1.0970E-02 -3.3365E-02
  8.0807E-02  2.9449E-01 -1.1117E-02 -3.3811E-02
  8.1348E-02  2.9245E-01 -1.1266E-02 -3.4264E-02
  8.1892E-02  2.9035E-01 -1.1417E-02 -3.4722E-02
  8.2440E-02  2.8818E-01 -1.1570E-02 -3.5186E-02
  8.2991E-02  2.8594E-01 -1.1725E-02 -3.5656E-02
  8.3546E-02  2.8365E-01 -1.1881E-02 -3.6133E-02
  8.4105E-02  2.8128E-01 -1.2041E-02 -3.6616E-02
  8.4668E-02  2.7886E-01 -1.2202E-02 -3.7106E-02
  8.5234E-02  2.7637E-01 -1.2365E-02 -3.7602E-02
  8.5804E-02  2.7381E-01 -1.2531E-02 -3.8104E-02
  8.6378E-02  2.7119E-01 -1.2698E-02 -3.8614E-02
  8.6956E-02  2.6850E-01 -1.2868E-02 -3.9130E-02
  8.7538E-02  2.6574E-01 -1.3040E-02 -3.9652E-02
  8.8123E-02  2.6292E-01 -1.3215E-02 -4.0182E-02
  8.8713E-02  2.6003E-01 -1.3392E-02 -4.0719E-02
  8.9306E-02  2.5707E-01 -1.3571E-02 -4.1263E-02
  8.9903E-02  2.5405E-01 -1.3752E-02 -4.1814E-02
  9.0505E-02  2.5096E-01 -1.3936E-02 -4.2373E-02
  9.1110E-02  2.4780E-01 -1.4123E-02 -4.2939E-02
  9.1719E-02  2.4457E-01 -1.4312E-02 -4.3513E-02
  9.2333E-02  2.4128E-01 -1.4503E-02 -4.4094E-02
  9.2950E-02  2.3791E-01 -1.4697E-02 -4.4682E-02
  9.3572E-02  2.3448E-01 -1.4894E-02 -4.5279E-02
  9.4198E-02  2.3098E-01 -1.5093E-02 -4.5884E-02
  9.4828E-02  2.2741E-01 -1.5295E-02 -4.6496E-02
  9.5462E-02  2.2378E-01 -1.5500E-02 -4.7117E-02
  9.6101E-02  2.2007E-01 -1.5707E-02 -4.7746E-02
  9.6743E-02  2.1630E-01 -1.5917E-02 -4.8383E-02
  9.7390E-02  2.1245E-01 -1.6130E-02 -4.9029E-02
  9.8042E-02  2.0854E-01 -1.6345E-02 -4.9683E-02
  9.8697E-02  2.0456E-01 -1.6564E-02 -5.0346E-02
  9.9357E-02  2.0052E-01 -1.6785E-02 -5.1018E-02
  1.0002E-01  1.9640E-01 -1.7010E-02 -5.1699E-02
  1.0069E-01  1.9222E-01 -1.7237E-02 -5.2389E-02
  1.0136E-01  1.8797E-01 -1.7467E-02 -5.3088E-02
  1.0204E-01  1.8365E-01 -1.7701E-02 -5.3796E-02
  1.0272E-01  1.7926E-01 -1.7937E-02 -5.4513E-02
  1.0341E-01  1.7481E-01 -1.8177E-02 -5.5240E-02
  1.0410E-01  1.7029E-01 -1.8420E-02 -5.5977E-02
  1.0480E-01  1.6570E-01 -1.8666E-02 -5.6723E-02
  1.0550E-01  1.6105E-01 -1.8916E-02 -5.7480E-02
  1.0621E-01  1.5633E-01 -1.9168E-02 -5.8246E-02
  1.0692E-01  1.5154E-01 -1.9424E-02 -5.9022E-02
  1.0763E-01  1.4670E-01 -1.9684E-02 -5.9809E-02
  1.0835E-01  1.4178E-01 -1.9947E-02 -6.0606E-02
  1.0907E-01  1.3680E-01 -2.0213E-02 -6.1414E-02
  1.0980E-01  1.3176E-01 -2.0483E-02 -6.2232E-02
  1.1054E-01  1.2666E-01 -2.0757E-02 -6.3061E-02
  1.1128E-01  1.2149E-01 -2.1034E-02 -6.3901E-02
  1.1202E-01  1.1626E-01 -2.1315E-02 -6.4753E-02
  1.1277E-01  1.1097E-01 -2.1599E-02 -6.5615E-02
  1.1352E-01  1.0562E-01 -2.1888E-02 -6.6489E-02
  1.1428E-01  1.0021E-01 -2.2180E-02 -6.7374E-02
  1.1505E-01  9.4738E-02 -2.2476E-02 -6.8271E-02
  1.1582E-01  8.9209E-02 -2.2776E-02 -6.9180E-02
  1.1659E-01  8.3623E-02 -2.3080E-02 -7.0101E-02
  1.1737E-01  7.7980E-02 -2.3388E-02 -7.1034E-02
  1.1816E-01  7.2281E-02 -2.3700E-02 -7.1980E-02
  1.1895E-01  6.6526E-02 -2.4016E-02 -7.2938E-02
  1.1974E-01  6.0718E-02 -2.4337E-02 -7.3908E-02
  1.2054E-01  5.4857E-02 -2.4661E-02 -7.4891E-02
  1.2135E-01  4.8943E-02 -2.4990E-02 -7.5888E-02
  1.2216E-01  4.2978E-02 -2.5324E-02 -7.6897E-02
  1.2298E-01  3.6963E-02 -2.5662E-02 -7.7920E-02
  1.2380E-01  3.0899E-02 -2.6004E-02 -7.8956E-02
  1.2463E-01  2.4787E-02 -2.6351E-02 -8.0006E-02
  1.2546E-01  1.8629E-02 -2.6702E-02 -8.1069E-02
  1.2630E-01  1.2425E-02 -2.7058E-02 -8.2147E-02
  1.2714E-01  6.1771E-03 -2.7419E-02 -8.3239E-02
  1.2799E-01 -1.1388E-04 -2.7784E-02 -8.4345E-02
  1.2885E-01 -6.4465E-03 -2.8155E-02 -8.5466E-02
  1.2971E-01 -1.2819E-02 -2.8530E-02 -8.6601E-02
  1.3058E-01 -1.9231E-02 -2.8910E-02 -8.7752E-02
  1.3145E-01 -2.5680E-02 -2.9295E-02 -8.8917E-02
  1.3233E-01 -3.2166E-02 -2.9686E-02 -9.0098E-02
  1.3321E-01 -3.8685E-02 -3.0081E-02 -9.1294E-02
  1.3410E-01 -4.5238E-02 -3.0482E-02 -9.2506E-02
  1.3500E-01 -5.1822E-02 -3.0888E-02 -9.3734E-02
  1.3590E-01 -5.8436E-02 -3.1299E-02 -9.4978E-02
  1.3681E-01 -6.5077E-02 -3.1716E-02 -9.6238E-02
  1.3773E-01 -7.1746E-02 -3.2139E-02 -9.7515E-02
  1.3865E-01 -7.8439E-02 -3.2566E-02 -9.8809E-02
  1.3957E-01 -8.5155E-02 -3.3000E-02 -1.0012E-01
  1.4051E-01 -9.1892E-02 -3.3439E-02 -1.0145E-01
  1.4145E-01 -9.8648E-02 -3.3884E-02 -1.0279E-01
  1.4239E-01 -1.0542E-01 -3.4335E-02 -1.0416E-01
  1.4334E-01 -1.1221E-01 -3.4792E-02 -1.0554E-01
  1.4430E-01 -1.1901E-01 -3.5255E-02 -1.0693E-01
  1.4527E-01 -1.2583E-01 -3.5724E-02 -1.0835E-01
  1.4624E-01 -1.3265E-01 -3.6200E-02 -1.0979E-01
  1.4721E-01 -1.3949E-01 -3.6681E-02 -1.1124E-01
  1.4820E-01 -1.4632E-01 -3.7169E-02 -1.1271E-01
  1.4919E-01 -1.5317E-01 -3.7663E-02 -1.1421E-01
  1.5019E-01 -1.6001E-01 -3.8164E-02 -1.1572E-01
  1.5119E-01 -1.6685E-01 -3.8671E-02 -1.1725E-01
  1.5220E-01 -1.7369E-01 -3.9185E-02 -1.1880E-01
  1.5322E-01 -1.8052E-01 -3.9706E-02 -1.2037E-01
  1.5424E-01 -1.8735E-01 -4.0234E-02 -1.2197E-01
  1.5527E-01 -1.9416E-01 -4.0769E-02 -1.2358E-01
  1.5631E-01 -2.0097E-01 -4.1310E-02 -1.2521E-01
  1.5736E-01 -2.0776E-01 -4.1859E-02 -1.2687E-01
  1.5841E-01 -2.1453E-01 -4.2415E-02 -1.2855E-01
  1.5947E-01 -2.2128E-01 -4.2978E-02 -1.3025E-01
  1.6053E-01 -2.2802E-01 -4.3549E-02 -1.3197E-01
  1.6161E-01 -2.3472E-01 -4.4127E-02 -1.3371E-01
  1.6269E-01 -2.4140E-01 -4.4713E-02 -1.3548E-01
  1.6377E-01 -2.4806E-01 -4.5307E-02 -1.3727E-01
  1.6487E-01 -2.5468E-01 -4.5908E-02 -1.3908E-01
  1.6597E-01 -2.6126E-01 -4.6517E-02 -1.4091E-01
  1.6708E-01 -2.6781E-01 -4.7134E-02 -1.4277E-01
  1.6820E-01 -2.7432E-01 -4.7760E-02 -1.4466E-01
  1.6932E-01 -2.8078E-01 -4.8393E-02 -1.4656E-01
  1.7045E-01 -2.8720E-01 -4.9035E-02 -1.4850E-01
  1.7159E-01 -2.9358E-01 -4.9685E-02 -1.5045E-01
  1.7274E-01 -2.9990E-01 -5.0344E-02 -1.5244E-01
  1.7389E-01 -3.0617E-01 -5.1011E-02 -1.5445E-01
  1.7505E-01 -3.1239E-01 -5.1687E-02 -1.5648E-01
  1.7622E-01 -3.1854E-01 -5.2372E-02 -1.5854E-01
  1.7740E-01 -3.2464E-01 -5.3066E-02 -1.6063E-01
  1.7859E-01 -3.3067E-01 -5.3768E-02 -1.6274E-01
  1.7978E-01 -3.3663E-01 -5.4481E-02 -1.6489E-01
  1.8098E-01 -3.4253E-01 -5.5202E-02 -1.6706E-01
  1.8219E-01 -3.4835E-01 -5.5933E-02 -1.6925E-01
  1.8341E-01 -3.5409E-01 -5.6673E-02 -1.7148E-01
  1.8464E-01 -3.5976E-01 -5.7423E-02 -1.7373E-01
  1.8587E-01 -3.6535E-01 -5.8183E-02 -1.7602E-01
  1.8711E-01 -3.7085E-01 -5.8953E-02 -1.7833E-01
  1.8836E-01 -3.7626E-01 -5.9732E-02 -1.8067E-01
  1.8962E-01 -3.8159E-01 -6.0522E-02 -1.8305E-01
  1.9089E-01 -3.8682E-01 -6.1323E-02 -1.8545E-01
  1.9217E-01 -3.9196E-01 -6.2133E-02 -1.8788E-01
  1.9345E-01 -3.9700E-01 -6.2954E-02 -1.9035E-01
  1.9474E-01 -4.0193E-01 -6.3786E-02 -1.9284E-01
  1.9604E-01 -4.0676E-01 -6.4629E-02 -1.9537E-01
  1.9735E-01 -4.1149E-01 -6.5483E-02 -1.9793E-01
  1.9867E-01 -4.1611E-01 -6.6347E-02 -2.0053E-01
  2.0000E-01 -4.2061E-01 -6.7223E-02 -2.0316E-01
  2.0134E-01 -4.2500E-01 -6.8110E-02 -2.0582E-01
  2.0268E-01 -4.2926E-01 -6.9009E-02 -2.0851E-01
  2.0404E-01 -4.3341E-01 -6.9920E-02 -2.1124E-01
  2.0540E-01 -4.3743E-01 -7.0842E-02 -2.1400E-01
  2.0677E-01 -4.4133E-01 -7.1776E-02 -2.1680E-01
  2.0816E-01 -4.4510E-01 -7.2723E-02 -2.1964E-01
  2.0955E-01 -4.4873E-01 -7.3681E-02 -2.2251E-01
  2.1095E-01 -4.5223E-01 -7.4652E-02 -2.2541E-01
  2.1236E-01 -4.5559E-01 -7.5636E-02 -2.2836E-01
  2.1378E-01 -4.5880E-01 -7.6632E-02 -2.3134E-01
  2.1520E-01 -4.6188E-01 -7.7641E-02 -2.3436E-01
  2.1664E-01 -4.6481E-01 -7.8664E-02 -2.3742E-01
  2.1809E-01 -4.6759E-01 -7.9699E-02 -2.4051E-01
  2.1955E-01 -4.7022E-01 -8.0748E-02 -2.4365E-01
  2.2102E-01 -4.7269E-01 -8.1810E-02 -2.4682E-01
  2.2249E-01 -4.7501E-01 -8.2886E-02 -2.5004E-01
  2.2398E-01 -4.7717E-01 -8.3976E-02 -2.5329E-01
  2.2548E-01 -4.7917E-01 -8.5079E-02 -2.5659E-01
  2.2698E-01 -4.8101E-01 -8.6198E-02 -2.5993E-01
  2.2850E-01 -4.8267E-01 -8.7330E-02 -2.6331E-01
  2.3003E-01 -4.8417E-01 -8.8477E-02 -2.6673E-01
  2.3156E-01 -4.8550E-01 -8.9639E-02 -2.7019E-01
  2.3311E-01 -4.8666E-01 -9.0815E-02 -2.7370E-01
  2.3467E-01 -4.8764E-01 -9.2007E-02 -2.7726E-01
  2.3624E-01 -4.8844E-01 -9.3214E-02 -2.8085E-01
  2.3782E-01 -4.8907E-01 -9.4436E-02 -2.8450E-01
  2.3940E-01 -4.8951E-01 -9.5674E-02 -2.8818E-01
  2.4100E-01 -4.8977E-01 -9.6928E-02 -2.9192E-01
  2.4262E-01 -4.8984E-01 -9.8198E-02 -2.9570E-01
  2.4424E-01 -4.8973E-01 -9.9484E-02 -2.9953E-01
  2.4587E-01 -4.8943E-01 -1.0079E-01 -3.0340E-01
  2.4751E-01 -4.8893E-01 -1.0211E-01 -3.0733E-01
  2.4917E-01 -4.8825E-01 -1.0344E-01 -3.1130E-01
  2.5083E-01 -4.8737E-01 -1.0480E-01 -3.1532E-01
  2.5251E-01 -4.8629E-01 -1.0617E-01 -3.1939E-01
  2.5419E-01 -4.8502E-01 -1.0755E-01 -3.2352E-01
  2.5589E-01 -4.8355E-01 -1.0896E-01 -3.2769E-01
  2.5760E-01 -4.8187E-01 -1.1038E-01 -3.3191E-01
  2.5932E-01 -4.8000E-01 -1.1182E-01 -3.3619E-01
  2.6106E-01 -4.7793E-01 -1.1328E-01 -3.4052E-01
  2.6280E-01 -4.7565E-01 -1.1476E-01 -3.4490E-01
  2.6456E-01 -4.7317E-01 -1.1626E-01 -3.4934E-01
  2.6632E-01 -4.7048E-01 -1.1777E-01 -3.5383E-01
  2.6810E-01 -4.6759E-01 -1.1931E-01 -3.5838E-01
  2.6990E-01 -4.6448E-01 -1.2086E-01 -3.6298E-01
  2.7170E-01 -4.6118E-01 -1.2244E-01 -3.6764E-01
  2.7351E-01 -4.5766E-01 -1.2403E-01 -3.7235E-01
  2.7534E-01 -4.5393E-01 -1.2564E-01 -3.7712E-01
  2.7718E-01 -4.5000E-01 -1.2728E-01 -3.8195E-01
  2.7903E-01 -4.4586E-01 -1.2893E-01 -3.8684E-01
  2.8090E-01 -4.4150E-01 -1.3061E-01 -3.9179E-01
  2.8278E-01 -4.3694E-01 -1.3231E-01 -3.9680E-01
  2.8466E-01 -4.3217E-01 -1.3402E-01 -4.0187E-01
  2.8657E-01 -4.2718E-01 -1.3576E-01 -4.0700E-01
  2.8848E-01 -4.2199E-01 -1.3752E-01 -4.1220E-01
  2.9041E-01 -4.1659E-01 -1.3931E-01 -4.1745E-01
  2.9235E-01 -4.1098E-01 -1.4111E-01 -4.2277E-01
  2.9430E-01 -4.0516E-01 -1.4294E-01 -4.2815E-01
  2.9627E-01 -3.9914E-01 -1.4479E-01 -4.3360E-01
  2.9825E-01 -3.9290E-01 -1.4666E-01 -4.3911E-01
  3.0024E-01 -3.8646E-01 -1.4856E-01 -4.4469E-01
  3.0225E-01 -3.7981E-01 -1.5048E-01 -4.5034E-01
  3.0427E-01 -3.7296E-01 -1.5243E-01 -4.5605E-01
  3.0630E-01 -3.6591E-01 -1.5440E-01 -4.6183E-01
  3.0835E-01 -3.5865E-01 -1.5639E-01 -4.6768E-01
  3.1041E-01 -3.5120E-01 -1.5841E-01 -4.7360E-01
  3.1248E-01 -3.4354E-01 -1.6045E-01 -4.7959E-01
  3.1457E-01 -3.3569E-01 -1.6252E-01 -4.8564E-01
  3.1667E-01 -3.2764E-01 -1.6461E-01 -4.9178E-01
  3.1879E-01 -3.1939E-01 -1.6673E-01 -4.9798E-01
  3.2092E-01 -3.1096E-01 -1.6888E-01 -5.0425E-01
  3.2306E-01 -3.0233E-01 -1.7105E-01 -5.1060E-01
  3.2522E-01 -2.9351E-01 -1.7325E-01 -5.1703E-01
  3.2739E-01 -2.8451E-01 -1.7547E-01 -5.2352E-01
  3.2958E-01 -2.7533E-01 -1.7772E-01 -5.3010E-01
  3.3178E-01 -2.6596E-01 -1.8000E-01 -5.3675E-01
  3.3400E-01 -2.5641E-01 -1.8231E-01 -5.4348E-01
  3.3623E-01 -2.4669E-01 -1.8465E-01 -5.5028E-01
  3.3848E-01 -2.3680E-01 -1.8701E-01 -5.5717E-01
  3.4074E-01 -2.2673E-01 -1.8940E-01 -5.6413E-01
  3.4301E-01 -2.1650E-01 -1.9183E-01 -5.7117E-01
  3.4531E-01 -2.0610E-01 -1.9428E-01 -5.7830E-01
  3.4761E-01 -1.9555E-01 -1.9676E-01 -5.8550E-01
  3.4994E-01 -1.8483E-01 -1.9927E-01 -5.9279E-01
  3.5227E-01 -1.7397E-01 -2.0181E-01 -6.0016E-01
  3.5463E-01 -1.6295E-01 -2.0438E-01 -6.0762E-01
  3.5700E-01 -1.5178E-01 -2.0699E-01 -6.1516E-01
  3.5938E-01 -1.4048E-01 -2.0962E-01 -6.2278E-01
  3.6178E-01 -1.2903E-01 -2.1229E-01 -6.3049E-01
  3.6420E-01 -1.1745E-01 -2.1498E-01 -6.3829E-01
  3.6663E-01 -1.0574E-01 -2.1771E-01 -6.4617E-01
  3.6908E-01 -9.3907E-02 -2.2048E-01 -6.5415E-01
  3.7155E-01 -8.1950E-02 -2.2327E-01 -6.6221E-01
  3.7403E-01 -6.9876E-02 -2.2610E-01 -6.7036E-01
  3.7653E-01 -5.7690E-02 -2.2896E-01 -6.7860E-01
  3.7905E-01 -4.5396E-02 -2.3186E-01 -6.8693E-01
  3.8158E-01 -3.2999E-02 -2.3479E-01 -6.9535E-01
  3.8413E-01 -2.0505E-02 -2.3775E-01 -7.0387E-01
  3.8669E-01 -7.9181E-03 -2.4075E-01 -7.1248E-01
  3.8928E-01  4.7564E-03 -2.4379E-01 -7.2118E-01
  3.9188E-01  1.7513E-02 -2.4686E-01 -7.2998E-01
  3.9450E-01  3.0347E-02 -2.4997E-01 -7.3887E-01
  3.9713E-01  4.3252E-02 -2.5311E-01 -7.4786E-01
  3.9978E-01  5.6224E-02 -2.5629E-01 -7.5695E-01
  4.0246E-01  6.9255E-02 -2.5950E-01 -7.6613E-01
  4.0514E-01  8.2341E-02 -2.6276E-01 -7.7541E-01
  4.0785E-01  9.5476E-02 -2.6605E-01 -7.8479E-01
  4.1058E-01  1.0865E-01 -2.6938E-01 -7.9427E-01
  4.1332E-01  1.2187E-01 -2.7275E-01 -8.0385E-01
  4.1608E-01  1.3512E-01 -2.7615E-01 -8.1353E-01
  4.1886E-01  1.4839E-01 -2.7960E-01 -8.2331E-01
  4.2166E-01  1.6167E-01 -2.8308E-01 -8.3319E-01
  4.2447E-01  1.7498E-01 -2.8661E-01 -8.4318E-01
  4.2731E-01  1.8828E-01 -2.9017E-01 -8.5327E-01
  4.3017E-01  2.0159E-01 -2.9378E-01 -8.6346E-01
  4.3304E-01  2.1489E-01 -2.9742E-01 -8.7376E-01
  4.3593E-01  2.2818E-01 -3.0111E-01 -8.8416E-01
  4.3884E-01  2.4144E-01 -3.0484E-01 -8.9467E-01
  4.4178E-01  2.5468E-01 -3.0861E-01 -9.0528E-01
  4.4473E-01  2.6789E-01 -3.1242E-01 -9.1600E-01
  4.4770E-01  2.8106E-01 -3.1628E-01 -9.2683E-01
  4.5069E-01  2.9418E-01 -3.2018E-01 -9.3776E-01
  4.5370E-01  3.0724E-01 -3.2412E-01 -9.4881E-01
  4.5673E-01  3.2025E-01 -3.2810E-01 -9.5996E-01
  4.5978E-01  3.3319E-01 -3.3213E-01 -9.7122E-01
  4.6285E-01  3.4605E-01 -3.3621E-01 -9.8260E-01
  4.6595E-01  3.5883E-01 -3.4033E-01 -9.9408E-01
  4.6906E-01  3.7153E-01 -3.4449E-01 -1.0057E+00
  4.7219E-01  3.8413E-01 -3.4870E-01 -1.0174E+00
  4.7535E-01  3.9663E-01 -3.5295E-01 -1.0292E+00
  4.7852E-01  4.0901E-01 -3.5725E-01 -1.0411E+00
  4.8172E-01  4.2128E-01 -3.6160E-01 -1.0532E+00
  4.8494E-01  4.3343E-01 -3.6599E-01 -1.0653E+00
  4.8818E-01  4.4545E-01 -3.7043E-01 -1.0776E+00
  4.9144E-01  4.5733E-01 -3.7492E-01 -1.0899E+00
  4.9472E-01  4.6907E-01 -3.7946E-01 -1.1024E+00
  4.9803E-01  4.8065E-01 -3.8404E-01 -1.1150E+00
  5.0135E-01  4.9208E-01 -3.8867E-01 -1.1278E+00
  5.0470E-01  5.0334E-01 -3.9335E-01 -1.1406E+00
  5.0807E-01  5.1443E-01 -3.9808E-01 -1.1535E+00
  5.1147E-01  5.2534E-01 -4.0286E-01 -1.1666E+00
  5.1489E-01  5.3607E-01 -4.0769E-01 -1.1798E+00
  5.1832E-01  5.4660E-01 -4.1256E-01 -1.1931E+00
  5.2179E-01  5.5693E-01 -4.1749E-01 -1.2065E+00
  5.2527E-01  5.6706E-01 -4.2247E-01 -1.2200E+00
  5.2878E-01  5.7697E-01 -4.2750E-01 -1.2336E+00
  5.3231E-01  5.8666E-01 -4.3258E-01 -1.2474E+00
  5.3587E-01  5.9613E-01 -4.3771E-01 -1.2612E+00
  5.3945E-01  6.0536E-01 -4.4289E-01 -1.2752E+00
  5.4305E-01  6.1436E-01 -4.4813E-01 -1.2893E+00
  5.4668E-01  6.2310E-01 -4.5341E-01 -1.3035E+00
  5.5033E-01  6.3160E-01 -4.5875E-01 -1.3178E+00
  5.5401E-01  6.3983E-01 -4.6414E-01 -1.3322E+00
  5.5771E-01  6.4780E-01 -4.6958E-01 -1.3468E+00
  5.6144E-01  6.5550E-01 -4.7508E-01 -1.3614E+00
  5.6519E-01  6.6292E-01 -4.8063E-01 -1.3762E+00
  5.6896E-01  6.7005E-01 -4.8623E-01 -1.3910E+00
  5.7276E-01  6.7690E-01 -4.9189E-01 -1.4060E+00
  5.7659E-01  6.8344E-01 -4.9760E-01 -1.4211E+00
  5.8044E-01  6.8969E-01 -5.0336E-01 -1.4363E+00
  5.8432E-01  6.9563E-01 -5.0918E-01 -1.4516E+00
  5.8822E-01  7.0126E-01 -5.1505E-01 -1.4671E+00
  5.9215E-01  7.0657E-01 -5.2097E-01 -1.4826E+00
  5.9611E-01  7.1155E-01 -5.2695E-01 -1.4982E+00
  6.0009E-01  7.1621E-01 -5.3299E-01 -1.5139E+00
  6.0410E-01  7.2053E-01 -5.3907E-01 -1.5298E+00
  6.0813E-01  7.2451E-01 -5.4522E-01 -1.5457E+00
  6.1220E-01  7.2815E-01 -5.5141E-01 -1.5618E+00
  6.1629E-01  7.3144E-01 -5.5767E-01 -1.5779E+00
  6.2040E-01  7.3437E-01 -5.6397E-01 -1.5941E+00
  6.2455E-01  7.3695E-01 -5.7033E-01 -1.6105E+00
  6.2872E-01  7.3917E-01 -5.7675E-01 -1.6269E+00
  6.3292E-01  7.4103E-01 -5.8322E-01 -1.6435E+00
  6.3715E-01  7.4251E-01 -5.8974E-01 -1.6601E+00
  6.4140E-01  7.4362E-01 -5.9632E-01 -1.6768E+00
  6.4569E-01  7.4436E-01 -6.0296E-01 -1.6936E+00
  6.5000E-01  7.4472E-01 -6.0964E-01 -1.7105E+00
  6.5434E-01  7.4469E-01 -6.1638E-01 -1.7275E+00
  6.5871E-01  7.4428E-01 -6.2318E-01 -1.7445E+00
  6.6311E-01  7.4348E-01 -6.3003E-01 -1.7617E+00
  6.6754E-01  7.4229E-01 -6.3693E-01 -1.7789E+00
  6.7200E-01  7.4071E-01 -6.4389E-01 -1.7962E+00
  6.7649E-01  7.3873E-01 -6.5090E-01 -1.8136E+00
  6.8101E-01  7.3635E-01 -6.5796E-01 -1.8310E+00
  6.8556E-01  7.3358E-01 -6.6508E-01 -1.8485E+00
  6.9014E-01  7.3041E-01 -6.7225E-01 -1.8661E+00
  6.9475E-01  7.2683E-01 -6.7947E-01 -1.8837E+00
  6.9939E-01  7.2285E-01 -6.8674E-01 -1.9014E+00
  7.0406E-01  7.1847E-01 -6.9406E-01 -1.9192E+00
  7.0876E-01  7.1369E-01 -7.0144E-01 -1.9370E+00
  7.1350E-01  7.0850E-01 -7.0886E-01 -1.9549E+00
  7.1827E-01  7.0290E-01 -7.1633E-01 -1.9728E+00
  7.2306E-01  6.9690E-01 -7.2386E-01 -1.9908E+00
  7.2789E-01  6.9050E-01 -7.3143E-01 -2.0088E+00
  7.3276E-01  6.8369E-01 -7.3905E-01 -2.0268E+00
  7.3765E-01  6.7648E-01 -7.4672E-01 -2.0449E+00
  7.4258E-01  6.6886E-01 -7.5443E-01 -2.0630E+00
  7.4754E-01  6.6085E-01 -7.6219E-01 -2.0811E+00
  7.5253E-01  6.5243E-01 -7.7000E-01 -2.0993E+00
  7.5756E-01  6.4361E-01 -7.7785E-01 -2.1175E+00
  7.6262E-01  6.3440E-01 -7.8574E-01 -2.1356E+00
  7.6771E-01  6.2479E-01 -7.9368E-01 -2.1538E+00
  7.7284E-01  6.1479E-01 -8.0166E-01 -2.1720E+00
  7.7800E-01  6.0440E-01 -8.0968E-01 -2.1902E+00
  7.8320E-01  5.9362E-01 -8.1774E-01 -2.2084E+00
  7.8843E-01  5.8246E-01 -8.2584E-01 -2.2266E+00
  7.9370E-01  5.7091E-01 -8.3398E-01 -2.2447E+00
  7.9900E-01  5.5899E-01 -8.4215E-01 -2.2629E+00
  8.0434E-01  5.4669E-01 -8.5037E-01 -2.2810E+00
  8.0971E-01  5.3402E-01 -8.5861E-01 -2.2990E+00
  8.1512E-01  5.2098E-01 -8.6689E-01 -2.3171E+00
  8.2056E-01  5.0758E-01 -8.7520E-01 -2.3350E+00
  8.2604E-01  4.9382E-01 -8.8354E-01 -2.3530E+00
  8.3156E-01  4.7971E-01 -8.9191E-01 -2.3708E+00
  8.3712E-01  4.6525E-01 -9.0030E-01 -2.3886E+00
  8.4271E-01  4.5045E-01 -9.0873E-01 -2.4064E+00
  8.4834E-01  4.3531E-01 -9.1717E-01 -2.4240E+00
  8.5400E-01  4.1984E-01 -9.2564E-01 -2.4416E+00
  8.5971E-01  4.0404E-01 -9.3413E-01 -2.4591E+00
  8.6545E-01  3.8792E-01 -9.4264E-01 -2.4765E+00
  8.7123E-01  3.7149E-01 -9.5117E-01 -2.4937E+00
  8.7705E-01  3.5475E-01 -9.5971E-01 -2.5109E+00
  8.8291E-01  3.3770E-01 -9.6827E-01 -2.5279E+00
  8.8881E-01  3.2037E-01 -9.7683E-01 -2.5448E+00
  8.9474E-01  3.0275E-01 -9.8541E-01 -2.5615E+00
  9.0072E-01  2.8485E-01 -9.9399E-01 -2.5781E+00
  9.0674E-01  2.6668E-01 -1.0026E+00 -2.5946E+00
  9.1279E-01  2.4824E-01 -1.0112E+00 -2.6109E+00
  9.1889E-01  2.2955E-01 -1.0198E+00 -2.6270E+00
  9.2503E-01  2.1061E-01 -1.0283E+00 -2.6429E+00
  9.3121E-01  1.9143E-01 -1.0369E+00 -2.6586E+00
  9.3743E-01  1.7202E-01 -1.0455E+00 -2.6741E+00
  9.4369E-01  1.5239E-01 -1.0541E+00 -2.6895E+00
  9.4999E-01  1.3255E-01 -1.0626E+00 -2.7045E+00
  9.5634E-01  1.1250E-01 -1.0711E+00 -2.7194E+00
  9.6273E-01  9.2261E-02 -1.0796E+00 -2.7340E+00
  9.6916E-01  7.1834E-02 -1.0881E+00 -2.7484E+00
  9.7563E-01  5.1233E-02 -1.0966E+00 -2.7625E+00
  9.8215E-01  3.0466E-02 -1.1050E+00 -2.7763E+00
  9.8871E-01  9.5442E-03 -1.1134E+00 -2.7898E+00
  9.9531E-01 -1.1522E-02 -1.1218E+00 -2.8031E+00
  1.0020E+00 -3.2724E-02 -1.1301E+00 -2.8160E+00
  1.0087E+00 -5.4049E-02 -1.1384E+00 -2.8286E+00
  1.0154E+00 -7.5487E-02 -1.1466E+00 -2.8409E+00
  1.0222E+00 -9.7027E-02 -1.1548E+00 -2.8529E+00
  1.0290E+00 -1.1866E-01 -1.1629E+00 -2.8645E+00
  1.0359E+00 -1.4037E-01 -1.1710E+00 -2.8757E+00
  1.0428E+00 -1.6215E-01 -1.1790E+00 -2.8866E+00
  1.0498E+00 -1.8398E-01 -1.1869E+00 -2.8970E+00
  1.0568E+00 -2.0586E-01 -1.1948E+00 -2.9071E+00
  1.0638E+00 -2.2778E-01 -1.2026E+00 -2.9168E+00
  1.0709E+00 -2.4971E-01 -1.2103E+00 -2.9260E+00
  1.0781E+00 -2.7166E-01 -1.2179E+00 -2.9348E+00
  1.0853E+00 -2.9360E-01 -1.2255E+00 -2.9431E+00
  1.0925E+00 -3.1553E-01 -1.2329E+00 -2.9510E+00
  1.0998E+00 -3.3743E-01 -1.2402E+00 -2.9584E+00
  1.1072E+00 -3.5928E-01 -1.2475E+00 -2.9653E+00
  1.1146E+00 -3.8109E-01 -1.2546E+00 -2.9717E+00
  1.1220E+00 -4.0283E-01 -1.2616E+00 -2.9776E+00
  1.1295E+00 -4.2448E-01 -1.2685E+00 -2.9830E+00
  1.1371E+00 -4.4605E-01 -1.2752E+00 -2.9878E+00
  1.1447E+00 -4.6751E-01 -1.2818E+00 -2.9921E+00
  1.1523E+00 -4.8885E-01 -1.2883E+00 -2.9958E+00
  1.1600E+00 -5.1006E-01 -1.2947E+00 -2.9990E+00
  1.1677E+00 -5.3113E-01 -1.3008E+00 -3.0015E+00
  1.1755E+00 -5.5203E-01 -1.3069E+00 -3.0034E+00
  1.1834E+00 -5.7276E-01 -1.3127E+00 -3.0047E+00
  1.1913E+00 -5.9331E-01 -1.3184E+00 -3.0054E+00
  1.1993E+00 -6.1366E-01 -1.3240E+00 -3.0055E+00
  1.2073E+00 -6.3379E-01 -1.3293E+00 -3.0049E+00
  1.2153E+00 -6.5369E-01 -1.3344E+00 -3.0036E+00
  1.2235E+00 -6.7335E-01 -1.3394E+00 -3.0016E+00
  1.2316E+00 -6.9276E-01 -1.3441E+00 -2.9990E+00
  1.2398E+00 -7.1190E-01 -1.3487E+00 -2.9956E+00
  1.2481E+00 -7.3075E-01 -1.3530E+00 -2.9916E+00
  1.2565E+00 -7.4930E-01 -1.3571E+00 -2.9868E+00
  1.2649E+00 -7.6754E-01 -1.3609E+00 -2.9812E+00
  1.2733E+00 -7.8546E-01 -1.3646E+00 -2.9749E+00
  1.2818E+00 -8.0304E-01 -1.3679E+00 -2.9679E+00
  1.2904E+00 -8.2026E-01 -1.3710E+00 -2.9601E+00
  1.2990E+00 -8.3711E-01 -1.3739E+00 -2.9515E+00
  1.3077E+00 -8.5358E-01 -1.3765E+00 -2.9421E+00
  1.3164E+00 -8.6966E-01 -1.3788E+00 -2.9319E+00
  1.3252E+00 -8.8532E-01 -1.3808E+00 -2.9208E+00
  1.3340E+00 -9.0056E-01 -1.3825E+00 -2.9090E+00
  1.3430E+00 -9.1536E-01 -1.3839E+00 -2.8964E+00
  1.3519E+00 -9.2971E-01 -1.3850E+00 -2.8829E+00
  1.3610E+00 -9.4359E-01 -1.3858E+00 -2.8685E+00
  1.3700E+00 -9.5699E-01 -1.3862E+00 -2.8534E+00
  1.3792E+00 -9.6990E-01 -1.3863E+00 -2.8373E+00
  1.3884E+00 -9.8230E-01 -1.3861E+00 -2.8204E+00
  1.3977E+00 -9.9418E-01 -1.3855E+00 -2.8026E+00
  1.4070E+00 -1.0055E+00 -1.3846E+00 -2.7840E+00
  1.4164E+00 -1.0163E+00 -1.3832E+00 -2.7645E+00
  1.4259E+00 -1.0266E+00 -1.3815E+00 -2.7441E+00
  1.4354E+00 -1.0362E+00 -1.3794E+00 -2.7229E+00
  1.4450E+00 -1.0453E+00 -1.3769E+00 -2.7007E+00
  1.4546E+00 -1.0538E+00 -1.3740E+00 -2.6777E+00
  1.4644E+00 -1.0617E+00 -1.3707E+00 -2.6538E+00
  1.4741E+00 -1.0689E+00 -1.3669E+00 -2.6290E+00
  1.4840E+00 -1.0755E+00 -1.3627E+00 -2.6034E+00
  1.4939E+00 -1.0815E+00 -1.3581E+00 -2.5768E+00
  1.5039E+00 -1.0868E+00 -1.3530E+00 -2.5494E+00
  1.5139E+00 -1.0914E+00 -1.3474E+00 -2.5212E+00
  1.5240E+00 -1.0954E+00 -1.3414E+00 -2.4921E+00
  1.5342E+00 -1.0986E+00 -1.3349E+00 -2.4621E+00
  1.5445E+00 -1.1012E+00 -1.3279E+00 -2.4313E+00
  1.5548E+00 -1.1030E+00 -1.3204E+00 -2.3997E+00
  1.5652E+00 -1.1041E+00 -1.3124E+00 -2.3672E+00
  1.5756E+00 -1.1045E+00 -1.3039E+00 -2.3340E+00
  1.5861E+00 -1.1041E+00 -1.2948E+00 -2.2999E+00
  1.5967E+00 -1.1030E+00 -1.2852E+00 -2.2651E+00
  1.6074E+00 -1.1012E+00 -1.2751E+00 -2.2295E+00
  1.6181E+00 -1.0985E+00 -1.2645E+00 -2.1931E+00
  1.6289E+00 -1.0951E+00 -1.2533E+00 -2.1560E+00
  1.6398E+00 -1.0909E+00 -1.2415E+00 -2.1182E+00
  1.6508E+00 -1.0859E+00 -1.2292E+00 -2.0798E+00
  1.6618E+00 -1.0801E+00 -1.2162E+00 -2.0406E+00
  1.6729E+00 -1.0735E+00 -1.2027E+00 -2.0009E+00
  1.6841E+00 -1.0661E+00 -1.1887E+00 -1.9605E+00
  1.6953E+00 -1.0579E+00 -1.1740E+00 -1.9195E+00
  1.7066E+00 -1.0489E+00 -1.1587E+00 -1.8780E+00
  1.7180E+00 -1.0390E+00 -1.1428E+00 -1.8359E+00
  1.7295E+00 -1.0283E+00 -1.1263E+00 -1.7934E+00
  1.7411E+00 -1.0168E+00 -1.1092E+00 -1.7504E+00
  1.7527E+00 -1.0045E+00 -1.0914E+00 -1.7069E+00
  1.7644E+00 -9.9128E-01 -1.0731E+00 -1.6631E+00
  1.7762E+00 -9.7727E-01 -1.0541E+00 -1.6189E+00
  1.7881E+00 -9.6242E-01 -1.0344E+00 -1.5744E+00
  1.8000E+00 -9.4674E-01 -1.0142E+00 -1.5296E+00
  1.8120E+00 -9.3022E-01 -9.9330E-01 -1.4846E+00
  1.8241E+00 -9.1288E-01 -9.7177E-01 -1.4394E+00
  1.8363E+00 -8.9471E-01 -9.4960E-01 -1.3941E+00
  1.8486E+00 -8.7571E-01 -9.2679E-01 -1.3487E+00
  1.8609E+00 -8.5589E-01 -9.0335E-01 -1.3032E+00
  1.8733E+00 -8.3525E-01 -8.7927E-01 -1.2578E+00
  1.8859E+00 -8.1381E-01 -8.5456E-01 -1.2123E+00
  1.8985E+00 -7.9156E-01 -8.2921E-01 -1.1670E+00
  1.9111E+00 -7.6852E-01 -8.0324E-01 -1.1219E+00
  1.9239E+00 -7.4469E-01 -7.7664E-01 -1.0769E+00
  1.9367E+00 -7.2008E-01 -7.4942E-01 -1.0322E+00
  1.9497E+00 -6.9470E-01 -7.2159E-01 -9.8784E-01
  1.9627E+00 -6.6857E-01 -6.9315E-01 -9.4384E-01
  1.9758E+00 -6.4169E-01 -6.6411E-01 -9.0027E-01
  1.9890E+00 -6.1409E-01 -6.3448E-01 -8.5719E-01
  2.0023E+00 -5.8576E-01 -6.0427E-01 -8.1465E-01
  2.0157E+00 -5.5674E-01 -5.7349E-01 -7.7271E-01
  2.0291E+00 -5.2703E-01 -5.4214E-01 -7.3143E-01
  2.0427E+00 -4.9665E-01 -5.1025E-01 -6.9086E-01
  2.0563E+00 -4.6563E-01 -4.7782E-01 -6.5107E-01
  2.0701E+00 -4.3398E-01 -4.4488E-01 -6.1211E-01
  2.0839E+00 -4.0172E-01 -4.1143E-01 -5.7403E-01
  2.0978E+00 -3.6888E-01 -3.7750E-01 -5.3689E-01
  2.1118E+00 -3.3547E-01 -3.4309E-01 -5.0075E-01
  2.1259E+00 -3.0153E-01 -3.0824E-01 -4.6566E-01
  2.1401E+00 -2.6707E-01 -2.7296E-01 -4.3166E-01
  2.1544E+00 -2.3213E-01 -2.3727E-01 -3.9882E-01
  2.1688E+00 -1.9674E-01 -2.0120E-01 -3.6718E-01
  2.1833E+00 -1.6091E-01 -1.6477E-01 -3.3678E-01
  2.1979E+00 -1.2469E-01 -1.2801E-01 -3.0768E-01
  2.2126E+00 -8.8102E-02 -9.0939E-02 -2.7991E-01
  2.2273E+00 -5.1182E-02 -5.3594E-02 -2.5351E-01
  2.2422E+00 -1.3964E-02 -1.6000E-02 -2.2852E-01
  2.2572E+00  2.3516E-02  2.1809E-02 -2.0497E-01
  2.2723E+00  6.1223E-02  5.9802E-02 -1.8289E-01
  2.2874E+00  9.9117E-02  9.7945E-02 -1.6231E-01
  2.3027E+00  1.3716E-01  1.3620E-01 -1.4325E-01
  2.3181E+00  1.7531E-01  1.7454E-01 -1.2568E-01
  2.3336E+00  2.1353E-01  2.1291E-01 -1.0955E-01
  2.3492E+00  2.5178E-01  2.5128E-01 -9.4809E-02
  2.3649E+00  2.9000E-01  2.8961E-01 -8.1412E-02
  2.3806E+00  3.2816E-01  3.2786E-01 -6.9310E-02
  2.3965E+00  3.6621E-01  3.6598E-01 -5.8451E-02
  2.4126E+00  4.0410E-01  4.0393E-01 -4.8777E-02
  2.4287E+00  4.4179E-01  4.4166E-01 -4.0230E-02
  2.4449E+00  4.7922E-01  4.7913E-01 -3.2748E-02
  2.4612E+00  5.1635E-01  5.1628E-01 -2.6266E-02
  2.4777E+00  5.5312E-01  5.5307E-01 -2.0715E-02
  2.4942E+00  5.8948E-01  5.8945E-01 -1.6026E-02
  2.5109E+00  6.2538E-01  6.2536E-01 -1.2126E-02
  2.5276E+00  6.6076E-01  6.6075E-01 -8.9419E-03
  2.5445E+00  6.9557E-01  6.9557E-01 -6.3984E-03
  2.5615E+00  7.2976E-01  7.2976E-01 -4.4202E-03
  2.5786E+00  7.6327E-01  7.6327E-01 -2.9315E-03
  2.5958E+00  7.9604E-01  7.9604E-01 -1.8577E-03
  2.6132E+00  8.2802E-01  8.2802E-01 -1.1255E-03
  2.6306E+00  8.5915E-01  8.5915E-01 -6.6422E-04
  2.6482E+00  8.8936E-01  8.8936E-01 -4.0690E-04
  2.6659E+00  9.1862E-01  9.1862E-01 -2.9129E-04
  2.6837E+00  9.4685E-01  9.4685E-01 -2.6140E-04
  2.7016E+00  9.7399E-01  9.7399E-01  0.0000E+00
  2.7197E+00  1.0000E+00  1.0000E+00  0.0000E+00
  2.7378E+00  1.0248E+00  1.0248E+00  0.0000E+00
  2.7561E+00  1.0484E+00  1.0484E+00  0.0000E+00
  2.7745E+00  1.0706E+00  1.0706E+00  0.0000E+00
  2.7931E+00  1.0915E+00  1.0915E+00  0.0000E+00
  2.8117E+00  1.1109E+00  1.1109E+00  0.0000E+00
  2.8305E+00  1.1289E+00  1.1289E+00  0.0000E+00
  2.8494E+00  1.1454E+00  1.1454E+00  0.0000E+00
  2.8684E+00  1.1602E+00  1.1602E+00  0.0000E+00
  2.8876E+00  1.1735E+00  1.1735E+00  0.0000E+00
  2.9069E+00  1.1850E+00  1.1850E+00  0.0000E+00
  2.9263E+00  1.1948E+00  1.1948E+00  0.0000E+00
  2.9458E+00  1.2028E+00  1.2028E+00  0.0000E+00
  2.9655E+00  1.2090E+00  1.2090E+00  0.0000E+00
  2.9853E+00  1.2133E+00  1.2133E+00  0.0000E+00
  3.0052E+00  1.2158E+00  1.2158E+00  0.0000E+00
  3.0253E+00  1.2162E+00  1.2162E+00  0.0000E+00
  3.0455E+00  1.2147E+00  1.2147E+00  0.0000E+00
  3.0659E+00  1.2112E+00  1.2112E+00  0.0000E+00
  3.0863E+00  1.2056E+00  1.2056E+00  0.0000E+00
  3.1070E+00  1.1979E+00  1.1979E+00  0.0000E+00
  3.1277E+00  1.1881E+00  1.1881E+00  0.0000E+00
  3.1486E+00  1.1762E+00  1.1762E+00  0.0000E+00
  3.1696E+00  1.1622E+00  1.1622E+00  0.0000E+00
  3.1908E+00  1.1460E+00  1.1460E+00  0.0000E+00
  3.2121E+00  1.1277E+00  1.1277E+00  0.0000E+00
  3.2336E+00  1.1072E+00  1.1072E+00  0.0000E+00
  3.2552E+00  1.0845E+00  1.0845E+00  0.0000E+00
  3.2769E+00  1.0597E+00  1.0597E+00  0.0000E+00
  3.2988E+00  1.0327E+00  1.0327E+00  0.0000E+00
  3.3208E+00  1.0035E+00  1.0035E+00  0.0000E+00
  3.3430E+00  9.7229E-01  9.7229E-01  0.0000E+00
  3.3653E+00  9.3894E-01  9.3894E-01  0.0000E+00
  3.3878E+00  9.0352E-01  9.0352E-01  0.0000E+00
  3.4104E+00  8.6607E-01  8.6607E-01  0.0000E+00
  3.4332E+00  8.2663E-01  8.2663E-01  0.0000E+00
  3.4561E+00  7.8524E-01  7.8524E-01  0.0000E+00
  3.4792E+00  7.4196E-01  7.4196E-01  0.0000E+00
  3.5025E+00  6.9684E-01  6.9684E-01  0.0000E+00
  3.5258E+00  6.4995E-01  6.4995E-01  0.0000E+00
  3.5494E+00  6.0137E-01  6.0137E-01  0.0000E+00
  3.5731E+00  5.5116E-01  5.5116E-01  0.0000E+00
  3.5970E+00  4.9941E-01  4.9941E-01  0.0000E+00
  3.6210E+00  4.4621E-01  4.4621E-01  0.0000E+00
  3.6452E+00  3.9166E-01  3.9166E-01  0.0000E+00
  3.6695E+00  3.3586E-01  3.3586E-01  0.0000E+00
  3.6940E+00  2.7891E-01  2.7891E-01  0.0000E+00
  3.7187E+00  2.2094E-01  2.2094E-01  0.0000E+00
  3.7435E+00  1.6206E-01  1.6206E-01  0.0000E+00
  3.7685E+00  1.0241E-01  1.0241E-01  0.0000E+00
