 # l=           0 basis function with energy   -0.77875014271222709     
  0.0000E+00  0.0000E+00  0.0000E+00  0.0000E+00
  8.8912E-07  2.6798E-05  5.4587E-07 -3.3755E-06
  1.7842E-06  5.1251E-05  1.0954E-06 -6.7736E-06
  2.6852E-06  7.4987E-05  1.6486E-06 -1.0194E-05
  3.5923E-06  9.8320E-05  2.2054E-06 -1.3638E-05
  4.5054E-06  1.2139E-04  2.7660E-06 -1.7105E-05
  5.4246E-06  1.4429E-04  3.3304E-06 -2.0594E-05
  6.3499E-06  1.6707E-04  3.8985E-06 -2.4107E-05
  7.2815E-06  1.8977E-04  4.4704E-06 -2.7644E-05
  8.2192E-06  2.1242E-04  5.0461E-06 -3.1204E-05
  9.1632E-06  2.3504E-04  5.6257E-06 -3.4788E-05
  1.0114E-05  2.5764E-04  6.2091E-06 -3.8396E-05
  1.1070E-05  2.8025E-04  6.7965E-06 -4.2028E-05
  1.2033E-05  3.0286E-04  7.3877E-06 -4.5684E-05
  1.3003E-05  3.2551E-04  7.9829E-06 -4.9364E-05
  1.3979E-05  3.4818E-04  8.5821E-06 -5.3070E-05
  1.4961E-05  3.7089E-04  9.1853E-06 -5.6800E-05
  1.5950E-05  3.9365E-04  9.7925E-06 -6.0554E-05
  1.6946E-05  4.1645E-04  1.0404E-05 -6.4334E-05
  1.7948E-05  4.3932E-04  1.1019E-05 -6.8140E-05
  1.8957E-05  4.6224E-04  1.1639E-05 -7.1970E-05
  1.9973E-05  4.8524E-04  1.2262E-05 -7.5826E-05
  2.0995E-05  5.0830E-04  1.2890E-05 -7.9708E-05
  2.2025E-05  5.3143E-04  1.3522E-05 -8.3616E-05
  2.3061E-05  5.5464E-04  1.4158E-05 -8.7550E-05
  2.4104E-05  5.7794E-04  1.4799E-05 -9.1510E-05
  2.5154E-05  6.0131E-04  1.5443E-05 -9.5497E-05
  2.6211E-05  6.2477E-04  1.6092E-05 -9.9510E-05
  2.7275E-05  6.4832E-04  1.6746E-05 -1.0355E-04
  2.8347E-05  6.7196E-04  1.7403E-05 -1.0762E-04
  2.9425E-05  6.9569E-04  1.8065E-05 -1.1171E-04
  3.0511E-05  7.1951E-04  1.8732E-05 -1.1583E-04
  3.1604E-05  7.4344E-04  1.9403E-05 -1.1998E-04
  3.2704E-05  7.6746E-04  2.0078E-05 -1.2416E-04
  3.3811E-05  7.9159E-04  2.0758E-05 -1.2836E-04
  3.4926E-05  8.1581E-04  2.1443E-05 -1.3260E-04
  3.6049E-05  8.4015E-04  2.2132E-05 -1.3686E-04
  3.7179E-05  8.6459E-04  2.2826E-05 -1.4115E-04
  3.8316E-05  8.8913E-04  2.3524E-05 -1.4547E-04
  3.9461E-05  9.1379E-04  2.4227E-05 -1.4981E-04
  4.0614E-05  9.3856E-04  2.4935E-05 -1.5419E-04
  4.1774E-05  9.6345E-04  2.5647E-05 -1.5859E-04
  4.2942E-05  9.8844E-04  2.6364E-05 -1.6303E-04
  4.4118E-05  1.0136E-03  2.7086E-05 -1.6749E-04
  4.5302E-05  1.0388E-03  2.7813E-05 -1.7199E-04
  4.6494E-05  1.0641E-03  2.8544E-05 -1.7651E-04
  4.7693E-05  1.0896E-03  2.9281E-05 -1.8107E-04
  4.8901E-05  1.1152E-03  3.0022E-05 -1.8565E-04
  5.0117E-05  1.1409E-03  3.0769E-05 -1.9027E-04
  5.1340E-05  1.1668E-03  3.1520E-05 -1.9491E-04
  5.2572E-05  1.1927E-03  3.2276E-05 -1.9959E-04
  5.3813E-05  1.2188E-03  3.3038E-05 -2.0430E-04
  5.5061E-05  1.2451E-03  3.3804E-05 -2.0904E-04
  5.6318E-05  1.2714E-03  3.4576E-05 -2.1381E-04
  5.7583E-05  1.2979E-03  3.5353E-05 -2.1861E-04
  5.8857E-05  1.3245E-03  3.6135E-05 -2.2345E-04
  6.0139E-05  1.3513E-03  3.6922E-05 -2.2832E-04
  6.1430E-05  1.3782E-03  3.7714E-05 -2.3322E-04
  6.2729E-05  1.4052E-03  3.8512E-05 -2.3815E-04
  6.4037E-05  1.4324E-03  3.9315E-05 -2.4312E-04
  6.5354E-05  1.4597E-03  4.0124E-05 -2.4811E-04
  6.6680E-05  1.4871E-03  4.0938E-05 -2.5315E-04
  6.8014E-05  1.5147E-03  4.1757E-05 -2.5821E-04
  6.9358E-05  1.5424E-03  4.2582E-05 -2.6331E-04
  7.0710E-05  1.5703E-03  4.3412E-05 -2.6845E-04
  7.2071E-05  1.5983E-03  4.4248E-05 -2.7362E-04
  7.3442E-05  1.6264E-03  4.5089E-05 -2.7882E-04
  7.4821E-05  1.6548E-03  4.5936E-05 -2.8406E-04
  7.6210E-05  1.6832E-03  4.6789E-05 -2.8933E-04
  7.7608E-05  1.7118E-03  4.7647E-05 -2.9464E-04
  7.9016E-05  1.7406E-03  4.8511E-05 -2.9998E-04
  8.0433E-05  1.7695E-03  4.9381E-05 -3.0536E-04
  8.1859E-05  1.7985E-03  5.0257E-05 -3.1077E-04
  8.3295E-05  1.8278E-03  5.1138E-05 -3.1623E-04
  8.4740E-05  1.8571E-03  5.2026E-05 -3.2171E-04
  8.6195E-05  1.8867E-03  5.2919E-05 -3.2724E-04
  8.7660E-05  1.9163E-03  5.3818E-05 -3.3280E-04
  8.9135E-05  1.9462E-03  5.4724E-05 -3.3840E-04
  9.0619E-05  1.9762E-03  5.5635E-05 -3.4403E-04
  9.2113E-05  2.0063E-03  5.6552E-05 -3.4970E-04
  9.3618E-05  2.0367E-03  5.7476E-05 -3.5542E-04
  9.5132E-05  2.0672E-03  5.8406E-05 -3.6117E-04
  9.6656E-05  2.0978E-03  5.9342E-05 -3.6695E-04
  9.8191E-05  2.1286E-03  6.0284E-05 -3.7278E-04
  9.9736E-05  2.1596E-03  6.1232E-05 -3.7864E-04
  1.0129E-04  2.1908E-03  6.2187E-05 -3.8455E-04
  1.0286E-04  2.2221E-03  6.3148E-05 -3.9049E-04
  1.0443E-04  2.2536E-03  6.4116E-05 -3.9648E-04
  1.0602E-04  2.2853E-03  6.5090E-05 -4.0250E-04
  1.0762E-04  2.3171E-03  6.6070E-05 -4.0856E-04
  1.0922E-04  2.3491E-03  6.7058E-05 -4.1467E-04
  1.1084E-04  2.3813E-03  6.8051E-05 -4.2081E-04
  1.1247E-04  2.4137E-03  6.9052E-05 -4.2700E-04
  1.1411E-04  2.4462E-03  7.0059E-05 -4.3323E-04
  1.1576E-04  2.4789E-03  7.1073E-05 -4.3949E-04
  1.1743E-04  2.5118E-03  7.2093E-05 -4.4580E-04
  1.1910E-04  2.5449E-03  7.3120E-05 -4.5216E-04
  1.2078E-04  2.5782E-03  7.4155E-05 -4.5855E-04
  1.2248E-04  2.6116E-03  7.5196E-05 -4.6499E-04
  1.2419E-04  2.6453E-03  7.6244E-05 -4.7147E-04
  1.2591E-04  2.6791E-03  7.7299E-05 -4.7800E-04
  1.2764E-04  2.7131E-03  7.8361E-05 -4.8456E-04
  1.2938E-04  2.7473E-03  7.9430E-05 -4.9118E-04
  1.3113E-04  2.7817E-03  8.0507E-05 -4.9783E-04
  1.3290E-04  2.8163E-03  8.1590E-05 -5.0453E-04
  1.3467E-04  2.8510E-03  8.2681E-05 -5.1128E-04
  1.3646E-04  2.8860E-03  8.3779E-05 -5.1807E-04
  1.3826E-04  2.9211E-03  8.4884E-05 -5.2490E-04
  1.4007E-04  2.9565E-03  8.5997E-05 -5.3178E-04
  1.4190E-04  2.9921E-03  8.7117E-05 -5.3871E-04
  1.4373E-04  3.0278E-03  8.8245E-05 -5.4568E-04
  1.4558E-04  3.0637E-03  8.9380E-05 -5.5270E-04
  1.4745E-04  3.0999E-03  9.0523E-05 -5.5977E-04
  1.4932E-04  3.1362E-03  9.1674E-05 -5.6689E-04
  1.5121E-04  3.1728E-03  9.2832E-05 -5.7405E-04
  1.5310E-04  3.2096E-03  9.3997E-05 -5.8126E-04
  1.5502E-04  3.2465E-03  9.5171E-05 -5.8851E-04
  1.5694E-04  3.2837E-03  9.6353E-05 -5.9582E-04
  1.5888E-04  3.3211E-03  9.7542E-05 -6.0317E-04
  1.6083E-04  3.3587E-03  9.8739E-05 -6.1058E-04
  1.6279E-04  3.3965E-03  9.9945E-05 -6.1803E-04
  1.6477E-04  3.4345E-03  1.0116E-04 -6.2553E-04
  1.6676E-04  3.4727E-03  1.0238E-04 -6.3309E-04
  1.6876E-04  3.5111E-03  1.0361E-04 -6.4069E-04
  1.7078E-04  3.5498E-03  1.0485E-04 -6.4835E-04
  1.7281E-04  3.5887E-03  1.0609E-04 -6.5605E-04
  1.7485E-04  3.6278E-03  1.0735E-04 -6.6381E-04
  1.7691E-04  3.6671E-03  1.0861E-04 -6.7162E-04
  1.7898E-04  3.7066E-03  1.0988E-04 -6.7948E-04
  1.8106E-04  3.7464E-03  1.1116E-04 -6.8739E-04
  1.8316E-04  3.7864E-03  1.1245E-04 -6.9536E-04
  1.8527E-04  3.8266E-03  1.1375E-04 -7.0338E-04
  1.8740E-04  3.8670E-03  1.1505E-04 -7.1145E-04
  1.8954E-04  3.9077E-03  1.1637E-04 -7.1958E-04
  1.9169E-04  3.9486E-03  1.1769E-04 -7.2776E-04
  1.9386E-04  3.9897E-03  1.1902E-04 -7.3600E-04
  1.9605E-04  4.0311E-03  1.2036E-04 -7.4429E-04
  1.9825E-04  4.0727E-03  1.2171E-04 -7.5263E-04
  2.0046E-04  4.1145E-03  1.2307E-04 -7.6103E-04
  2.0269E-04  4.1566E-03  1.2444E-04 -7.6949E-04
  2.0493E-04  4.1989E-03  1.2582E-04 -7.7801E-04
  2.0719E-04  4.2414E-03  1.2720E-04 -7.8658E-04
  2.0946E-04  4.2842E-03  1.2860E-04 -7.9521E-04
  2.1175E-04  4.3272E-03  1.3000E-04 -8.0389E-04
  2.1405E-04  4.3705E-03  1.3142E-04 -8.1264E-04
  2.1637E-04  4.4140E-03  1.3284E-04 -8.2144E-04
  2.1870E-04  4.4578E-03  1.3427E-04 -8.3030E-04
  2.2105E-04  4.5018E-03  1.3571E-04 -8.3922E-04
  2.2342E-04  4.5460E-03  1.3717E-04 -8.4820E-04
  2.2580E-04  4.5906E-03  1.3863E-04 -8.5725E-04
  2.2820E-04  4.6353E-03  1.4010E-04 -8.6635E-04
  2.3061E-04  4.6803E-03  1.4158E-04 -8.7551E-04
  2.3304E-04  4.7256E-03  1.4307E-04 -8.8473E-04
  2.3549E-04  4.7711E-03  1.4457E-04 -8.9401E-04
  2.3795E-04  4.8169E-03  1.4609E-04 -9.0336E-04
  2.4043E-04  4.8630E-03  1.4761E-04 -9.1277E-04
  2.4292E-04  4.9093E-03  1.4914E-04 -9.2224E-04
  2.4543E-04  4.9559E-03  1.5068E-04 -9.3178E-04
  2.4796E-04  5.0027E-03  1.5223E-04 -9.4137E-04
  2.5051E-04  5.0498E-03  1.5380E-04 -9.5104E-04
  2.5307E-04  5.0972E-03  1.5537E-04 -9.6076E-04
  2.5565E-04  5.1449E-03  1.5695E-04 -9.7056E-04
  2.5824E-04  5.1928E-03  1.5855E-04 -9.8041E-04
  2.6086E-04  5.2410E-03  1.6015E-04 -9.9034E-04
  2.6349E-04  5.2894E-03  1.6177E-04 -1.0003E-03
  2.6614E-04  5.3382E-03  1.6339E-04 -1.0104E-03
  2.6880E-04  5.3872E-03  1.6503E-04 -1.0205E-03
  2.7149E-04  5.4365E-03  1.6668E-04 -1.0307E-03
  2.7419E-04  5.4860E-03  1.6834E-04 -1.0410E-03
  2.7691E-04  5.5359E-03  1.7001E-04 -1.0513E-03
  2.7965E-04  5.5860E-03  1.7169E-04 -1.0617E-03
  2.8241E-04  5.6365E-03  1.7338E-04 -1.0721E-03
  2.8518E-04  5.6872E-03  1.7509E-04 -1.0827E-03
  2.8798E-04  5.7382E-03  1.7680E-04 -1.0933E-03
  2.9079E-04  5.7895E-03  1.7853E-04 -1.1040E-03
  2.9362E-04  5.8411E-03  1.8027E-04 -1.1147E-03
  2.9647E-04  5.8929E-03  1.8202E-04 -1.1255E-03
  2.9934E-04  5.9451E-03  1.8378E-04 -1.1364E-03
  3.0223E-04  5.9976E-03  1.8555E-04 -1.1474E-03
  3.0513E-04  6.0504E-03  1.8734E-04 -1.1584E-03
  3.0806E-04  6.1034E-03  1.8913E-04 -1.1695E-03
  3.1101E-04  6.1568E-03  1.9094E-04 -1.1807E-03
  3.1397E-04  6.2105E-03  1.9276E-04 -1.1920E-03
  3.1696E-04  6.2644E-03  1.9460E-04 -1.2033E-03
  3.1997E-04  6.3187E-03  1.9644E-04 -1.2147E-03
  3.2299E-04  6.3733E-03  1.9830E-04 -1.2262E-03
  3.2604E-04  6.4282E-03  2.0017E-04 -1.2378E-03
  3.2911E-04  6.4835E-03  2.0205E-04 -1.2494E-03
  3.3219E-04  6.5390E-03  2.0395E-04 -1.2612E-03
  3.3530E-04  6.5948E-03  2.0586E-04 -1.2730E-03
  3.3843E-04  6.6510E-03  2.0778E-04 -1.2848E-03
  3.4158E-04  6.7075E-03  2.0971E-04 -1.2968E-03
  3.4475E-04  6.7643E-03  2.1166E-04 -1.3088E-03
  3.4794E-04  6.8214E-03  2.1362E-04 -1.3209E-03
  3.5115E-04  6.8789E-03  2.1559E-04 -1.3331E-03
  3.5439E-04  6.9366E-03  2.1757E-04 -1.3454E-03
  3.5764E-04  6.9948E-03  2.1957E-04 -1.3578E-03
  3.6092E-04  7.0532E-03  2.2158E-04 -1.3702E-03
  3.6422E-04  7.1120E-03  2.2361E-04 -1.3827E-03
  3.6754E-04  7.1711E-03  2.2565E-04 -1.3954E-03
  3.7089E-04  7.2305E-03  2.2770E-04 -1.4081E-03
  3.7425E-04  7.2903E-03  2.2977E-04 -1.4208E-03
  3.7764E-04  7.3504E-03  2.3185E-04 -1.4337E-03
  3.8105E-04  7.4108E-03  2.3394E-04 -1.4466E-03
  3.8449E-04  7.4716E-03  2.3605E-04 -1.4597E-03
  3.8794E-04  7.5328E-03  2.3817E-04 -1.4728E-03
  3.9142E-04  7.5943E-03  2.4031E-04 -1.4860E-03
  3.9493E-04  7.6561E-03  2.4246E-04 -1.4993E-03
  3.9845E-04  7.7183E-03  2.4463E-04 -1.5127E-03
  4.0200E-04  7.7808E-03  2.4681E-04 -1.5262E-03
  4.0558E-04  7.8437E-03  2.4900E-04 -1.5398E-03
  4.0917E-04  7.9070E-03  2.5121E-04 -1.5534E-03
  4.1280E-04  7.9706E-03  2.5343E-04 -1.5672E-03
  4.1644E-04  8.0346E-03  2.5567E-04 -1.5810E-03
  4.2011E-04  8.0989E-03  2.5793E-04 -1.5949E-03
  4.2381E-04  8.1636E-03  2.6019E-04 -1.6090E-03
  4.2753E-04  8.2287E-03  2.6248E-04 -1.6231E-03
  4.3127E-04  8.2941E-03  2.6478E-04 -1.6373E-03
  4.3504E-04  8.3599E-03  2.6709E-04 -1.6516E-03
  4.3884E-04  8.4261E-03  2.6942E-04 -1.6660E-03
  4.4266E-04  8.4926E-03  2.7177E-04 -1.6805E-03
  4.4650E-04  8.5595E-03  2.7413E-04 -1.6951E-03
  4.5037E-04  8.6268E-03  2.7650E-04 -1.7098E-03
  4.5427E-04  8.6945E-03  2.7890E-04 -1.7246E-03
  4.5819E-04  8.7626E-03  2.8130E-04 -1.7395E-03
  4.6214E-04  8.8310E-03  2.8373E-04 -1.7545E-03
  4.6612E-04  8.8998E-03  2.8617E-04 -1.7696E-03
  4.7012E-04  8.9691E-03  2.8863E-04 -1.7848E-03
  4.7415E-04  9.0387E-03  2.9110E-04 -1.8001E-03
  4.7820E-04  9.1087E-03  2.9359E-04 -1.8155E-03
  4.8229E-04  9.1791E-03  2.9610E-04 -1.8310E-03
  4.8640E-04  9.2499E-03  2.9862E-04 -1.8466E-03
  4.9053E-04  9.3210E-03  3.0116E-04 -1.8623E-03
  4.9470E-04  9.3926E-03  3.0372E-04 -1.8781E-03
  4.9889E-04  9.4646E-03  3.0629E-04 -1.8940E-03
  5.0311E-04  9.5370E-03  3.0888E-04 -1.9101E-03
  5.0736E-04  9.6098E-03  3.1149E-04 -1.9262E-03
  5.1164E-04  9.6830E-03  3.1412E-04 -1.9424E-03
  5.1595E-04  9.7567E-03  3.1676E-04 -1.9588E-03
  5.2028E-04  9.8307E-03  3.1942E-04 -1.9752E-03
  5.2465E-04  9.9051E-03  3.2210E-04 -1.9918E-03
  5.2904E-04  9.9800E-03  3.2480E-04 -2.0085E-03
  5.3346E-04  1.0055E-02  3.2751E-04 -2.0253E-03
  5.3791E-04  1.0131E-02  3.3025E-04 -2.0422E-03
  5.4239E-04  1.0207E-02  3.3300E-04 -2.0592E-03
  5.4691E-04  1.0284E-02  3.3577E-04 -2.0763E-03
  5.5145E-04  1.0361E-02  3.3856E-04 -2.0936E-03
  5.5602E-04  1.0438E-02  3.4136E-04 -2.1109E-03
  5.6062E-04  1.0516E-02  3.4419E-04 -2.1284E-03
  5.6526E-04  1.0594E-02  3.4704E-04 -2.1460E-03
  5.6992E-04  1.0673E-02  3.4990E-04 -2.1637E-03
  5.7462E-04  1.0752E-02  3.5278E-04 -2.1815E-03
  5.7934E-04  1.0832E-02  3.5568E-04 -2.1995E-03
  5.8410E-04  1.0912E-02  3.5860E-04 -2.2175E-03
  5.8889E-04  1.0992E-02  3.6155E-04 -2.2357E-03
  5.9371E-04  1.1073E-02  3.6451E-04 -2.2540E-03
  5.9857E-04  1.1155E-02  3.6749E-04 -2.2724E-03
  6.0345E-04  1.1236E-02  3.7049E-04 -2.2910E-03
  6.0837E-04  1.1319E-02  3.7351E-04 -2.3097E-03
  6.1333E-04  1.1402E-02  3.7655E-04 -2.3285E-03
  6.1831E-04  1.1485E-02  3.7961E-04 -2.3474E-03
  6.2333E-04  1.1568E-02  3.8269E-04 -2.3664E-03
  6.2838E-04  1.1653E-02  3.8579E-04 -2.3856E-03
  6.3347E-04  1.1737E-02  3.8891E-04 -2.4049E-03
  6.3859E-04  1.1822E-02  3.9206E-04 -2.4244E-03
  6.4374E-04  1.1908E-02  3.9522E-04 -2.4439E-03
  6.4893E-04  1.1994E-02  3.9841E-04 -2.4636E-03
  6.5415E-04  1.2080E-02  4.0161E-04 -2.4835E-03
  6.5941E-04  1.2167E-02  4.0484E-04 -2.5034E-03
  6.6470E-04  1.2255E-02  4.0809E-04 -2.5235E-03
  6.7003E-04  1.2343E-02  4.1136E-04 -2.5438E-03
  6.7540E-04  1.2431E-02  4.1465E-04 -2.5641E-03
  6.8080E-04  1.2520E-02  4.1797E-04 -2.5846E-03
  6.8623E-04  1.2609E-02  4.2131E-04 -2.6053E-03
  6.9170E-04  1.2699E-02  4.2467E-04 -2.6260E-03
  6.9721E-04  1.2790E-02  4.2805E-04 -2.6469E-03
  7.0276E-04  1.2881E-02  4.3145E-04 -2.6680E-03
  7.0834E-04  1.2972E-02  4.3488E-04 -2.6892E-03
  7.1396E-04  1.3064E-02  4.3833E-04 -2.7105E-03
  7.1962E-04  1.3156E-02  4.4180E-04 -2.7320E-03
  7.2531E-04  1.3249E-02  4.4530E-04 -2.7536E-03
  7.3105E-04  1.3343E-02  4.4882E-04 -2.7754E-03
  7.3682E-04  1.3437E-02  4.5236E-04 -2.7973E-03
  7.4263E-04  1.3531E-02  4.5593E-04 -2.8194E-03
  7.4848E-04  1.3626E-02  4.5952E-04 -2.8416E-03
  7.5437E-04  1.3721E-02  4.6314E-04 -2.8639E-03
  7.6029E-04  1.3817E-02  4.6678E-04 -2.8864E-03
  7.6626E-04  1.3914E-02  4.7044E-04 -2.9091E-03
  7.7227E-04  1.4011E-02  4.7413E-04 -2.9319E-03
  7.7831E-04  1.4108E-02  4.7784E-04 -2.9548E-03
  7.8440E-04  1.4207E-02  4.8158E-04 -2.9779E-03
  7.9053E-04  1.4305E-02  4.8534E-04 -3.0012E-03
  7.9670E-04  1.4404E-02  4.8913E-04 -3.0246E-03
  8.0291E-04  1.4504E-02  4.9294E-04 -3.0482E-03
  8.0916E-04  1.4604E-02  4.9678E-04 -3.0719E-03
  8.1545E-04  1.4705E-02  5.0064E-04 -3.0958E-03
  8.2179E-04  1.4806E-02  5.0453E-04 -3.1199E-03
  8.2816E-04  1.4908E-02  5.0845E-04 -3.1441E-03
  8.3458E-04  1.5011E-02  5.1239E-04 -3.1685E-03
  8.4105E-04  1.5114E-02  5.1636E-04 -3.1930E-03
  8.4755E-04  1.5217E-02  5.2035E-04 -3.2177E-03
  8.5410E-04  1.5321E-02  5.2437E-04 -3.2426E-03
  8.6070E-04  1.5426E-02  5.2842E-04 -3.2676E-03
  8.6733E-04  1.5531E-02  5.3249E-04 -3.2928E-03
  8.7402E-04  1.5637E-02  5.3660E-04 -3.3182E-03
  8.8074E-04  1.5744E-02  5.4073E-04 -3.3437E-03
  8.8751E-04  1.5851E-02  5.4488E-04 -3.3694E-03
  8.9433E-04  1.5958E-02  5.4907E-04 -3.3953E-03
  9.0119E-04  1.6066E-02  5.5328E-04 -3.4213E-03
  9.0810E-04  1.6175E-02  5.5752E-04 -3.4476E-03
  9.1505E-04  1.6284E-02  5.6179E-04 -3.4740E-03
  9.2205E-04  1.6394E-02  5.6609E-04 -3.5005E-03
  9.2910E-04  1.6504E-02  5.7042E-04 -3.5273E-03
  9.3620E-04  1.6615E-02  5.7477E-04 -3.5542E-03
  9.4334E-04  1.6727E-02  5.7916E-04 -3.5813E-03
  9.5053E-04  1.6839E-02  5.8357E-04 -3.6086E-03
  9.5776E-04  1.6952E-02  5.8801E-04 -3.6361E-03
  9.6505E-04  1.7065E-02  5.9249E-04 -3.6638E-03
  9.7238E-04  1.7179E-02  5.9699E-04 -3.6916E-03
  9.7977E-04  1.7294E-02  6.0152E-04 -3.7196E-03
  9.8720E-04  1.7409E-02  6.0608E-04 -3.7479E-03
  9.9468E-04  1.7525E-02  6.1068E-04 -3.7763E-03
  1.0022E-03  1.7641E-02  6.1530E-04 -3.8049E-03
  1.0098E-03  1.7758E-02  6.1996E-04 -3.8337E-03
  1.0174E-03  1.7876E-02  6.2464E-04 -3.8626E-03
  1.0251E-03  1.7994E-02  6.2936E-04 -3.8918E-03
  1.0328E-03  1.8113E-02  6.3411E-04 -3.9212E-03
  1.0406E-03  1.8233E-02  6.3889E-04 -3.9507E-03
  1.0485E-03  1.8353E-02  6.4370E-04 -3.9805E-03
  1.0564E-03  1.8474E-02  6.4855E-04 -4.0105E-03
  1.0643E-03  1.8595E-02  6.5343E-04 -4.0406E-03
  1.0723E-03  1.8717E-02  6.5834E-04 -4.0710E-03
  1.0804E-03  1.8840E-02  6.6328E-04 -4.1015E-03
  1.0885E-03  1.8963E-02  6.6826E-04 -4.1323E-03
  1.0966E-03  1.9087E-02  6.7326E-04 -4.1633E-03
  1.1048E-03  1.9212E-02  6.7831E-04 -4.1945E-03
  1.1131E-03  1.9337E-02  6.8338E-04 -4.2259E-03
  1.1214E-03  1.9463E-02  6.8849E-04 -4.2575E-03
  1.1298E-03  1.9590E-02  6.9364E-04 -4.2893E-03
  1.1382E-03  1.9717E-02  6.9881E-04 -4.3213E-03
  1.1467E-03  1.9845E-02  7.0403E-04 -4.3535E-03
  1.1553E-03  1.9973E-02  7.0928E-04 -4.3860E-03
  1.1639E-03  2.0103E-02  7.1456E-04 -4.4186E-03
  1.1725E-03  2.0232E-02  7.1988E-04 -4.4515E-03
  1.1813E-03  2.0363E-02  7.2523E-04 -4.4846E-03
  1.1900E-03  2.0494E-02  7.3062E-04 -4.5180E-03
  1.1989E-03  2.0626E-02  7.3605E-04 -4.5515E-03
  1.2078E-03  2.0759E-02  7.4151E-04 -4.5853E-03
  1.2167E-03  2.0892E-02  7.4700E-04 -4.6193E-03
  1.2257E-03  2.1026E-02  7.5254E-04 -4.6535E-03
  1.2348E-03  2.1161E-02  7.5811E-04 -4.6880E-03
  1.2440E-03  2.1296E-02  7.6372E-04 -4.7226E-03
  1.2532E-03  2.1432E-02  7.6937E-04 -4.7576E-03
  1.2624E-03  2.1568E-02  7.7505E-04 -4.7927E-03
  1.2717E-03  2.1706E-02  7.8077E-04 -4.8281E-03
  1.2811E-03  2.1844E-02  7.8653E-04 -4.8637E-03
  1.2906E-03  2.1983E-02  7.9233E-04 -4.8996E-03
  1.3001E-03  2.2122E-02  7.9817E-04 -4.9357E-03
  1.3096E-03  2.2262E-02  8.0405E-04 -4.9720E-03
  1.3193E-03  2.2403E-02  8.0996E-04 -5.0086E-03
  1.3290E-03  2.2545E-02  8.1592E-04 -5.0454E-03
  1.3387E-03  2.2687E-02  8.2191E-04 -5.0825E-03
  1.3486E-03  2.2830E-02  8.2795E-04 -5.1198E-03
  1.3585E-03  2.2974E-02  8.3402E-04 -5.1574E-03
  1.3684E-03  2.3118E-02  8.4014E-04 -5.1952E-03
  1.3785E-03  2.3264E-02  8.4630E-04 -5.2333E-03
  1.3886E-03  2.3409E-02  8.5249E-04 -5.2716E-03
  1.3987E-03  2.3556E-02  8.5873E-04 -5.3102E-03
  1.4089E-03  2.3703E-02  8.6501E-04 -5.3490E-03
  1.4192E-03  2.3852E-02  8.7134E-04 -5.3881E-03
  1.4296E-03  2.4000E-02  8.7770E-04 -5.4275E-03
  1.4401E-03  2.4150E-02  8.8411E-04 -5.4671E-03
  1.4506E-03  2.4300E-02  8.9056E-04 -5.5070E-03
  1.4611E-03  2.4451E-02  8.9705E-04 -5.5471E-03
  1.4718E-03  2.4603E-02  9.0359E-04 -5.5876E-03
  1.4825E-03  2.4756E-02  9.1017E-04 -5.6283E-03
  1.4933E-03  2.4909E-02  9.1680E-04 -5.6692E-03
  1.5042E-03  2.5063E-02  9.2347E-04 -5.7105E-03
  1.5151E-03  2.5218E-02  9.3018E-04 -5.7520E-03
  1.5261E-03  2.5373E-02  9.3694E-04 -5.7938E-03
  1.5372E-03  2.5529E-02  9.4374E-04 -5.8358E-03
  1.5483E-03  2.5686E-02  9.5059E-04 -5.8782E-03
  1.5596E-03  2.5844E-02  9.5748E-04 -5.9208E-03
  1.5709E-03  2.6003E-02  9.6442E-04 -5.9637E-03
  1.5823E-03  2.6162E-02  9.7141E-04 -6.0069E-03
  1.5937E-03  2.6322E-02  9.7845E-04 -6.0504E-03
  1.6052E-03  2.6483E-02  9.8553E-04 -6.0942E-03
  1.6168E-03  2.6645E-02  9.9265E-04 -6.1383E-03
  1.6285E-03  2.6807E-02  9.9983E-04 -6.1827E-03
  1.6403E-03  2.6970E-02  1.0071E-03 -6.2273E-03
  1.6521E-03  2.7134E-02  1.0143E-03 -6.2723E-03
  1.6641E-03  2.7299E-02  1.0216E-03 -6.3176E-03
  1.6761E-03  2.7464E-02  1.0290E-03 -6.3631E-03
  1.6882E-03  2.7631E-02  1.0364E-03 -6.4090E-03
  1.7003E-03  2.7798E-02  1.0439E-03 -6.4552E-03
  1.7126E-03  2.7966E-02  1.0514E-03 -6.5017E-03
  1.7249E-03  2.8134E-02  1.0590E-03 -6.5485E-03
  1.7373E-03  2.8304E-02  1.0666E-03 -6.5956E-03
  1.7498E-03  2.8474E-02  1.0743E-03 -6.6430E-03
  1.7624E-03  2.8645E-02  1.0820E-03 -6.6907E-03
  1.7750E-03  2.8817E-02  1.0898E-03 -6.7388E-03
  1.7878E-03  2.8990E-02  1.0976E-03 -6.7872E-03
  1.8006E-03  2.9163E-02  1.1055E-03 -6.8359E-03
  1.8135E-03  2.9337E-02  1.1134E-03 -6.8849E-03
  1.8265E-03  2.9512E-02  1.1214E-03 -6.9343E-03
  1.8396E-03  2.9688E-02  1.1294E-03 -6.9840E-03
  1.8528E-03  2.9865E-02  1.1375E-03 -7.0340E-03
  1.8660E-03  3.0042E-02  1.1456E-03 -7.0843E-03
  1.8794E-03  3.0221E-02  1.1538E-03 -7.1350E-03
  1.8928E-03  3.0400E-02  1.1621E-03 -7.1860E-03
  1.9064E-03  3.0580E-02  1.1704E-03 -7.2374E-03
  1.9200E-03  3.0760E-02  1.1788E-03 -7.2891E-03
  1.9337E-03  3.0942E-02  1.1872E-03 -7.3412E-03
  1.9475E-03  3.1124E-02  1.1957E-03 -7.3936E-03
  1.9614E-03  3.1307E-02  1.2042E-03 -7.4463E-03
  1.9754E-03  3.1491E-02  1.2128E-03 -7.4994E-03
  1.9895E-03  3.1676E-02  1.2214E-03 -7.5529E-03
  2.0036E-03  3.1862E-02  1.2301E-03 -7.6067E-03
  2.0179E-03  3.2048E-02  1.2389E-03 -7.6609E-03
  2.0323E-03  3.2235E-02  1.2477E-03 -7.7154E-03
  2.0467E-03  3.2423E-02  1.2566E-03 -7.7703E-03
  2.0613E-03  3.2612E-02  1.2655E-03 -7.8256E-03
  2.0760E-03  3.2802E-02  1.2745E-03 -7.8813E-03
  2.0907E-03  3.2993E-02  1.2836E-03 -7.9373E-03
  2.1056E-03  3.3184E-02  1.2927E-03 -7.9937E-03
  2.1205E-03  3.3376E-02  1.3019E-03 -8.0504E-03
  2.1356E-03  3.3570E-02  1.3111E-03 -8.1076E-03
  2.1507E-03  3.3763E-02  1.3204E-03 -8.1651E-03
  2.1660E-03  3.3958E-02  1.3298E-03 -8.2230E-03
  2.1813E-03  3.4154E-02  1.3392E-03 -8.2813E-03
  2.1968E-03  3.4350E-02  1.3487E-03 -8.3400E-03
  2.2123E-03  3.4547E-02  1.3583E-03 -8.3990E-03
  2.2280E-03  3.4746E-02  1.3679E-03 -8.4585E-03
  2.2438E-03  3.4945E-02  1.3776E-03 -8.5184E-03
  2.2597E-03  3.5144E-02  1.3873E-03 -8.5786E-03
  2.2756E-03  3.5345E-02  1.3971E-03 -8.6393E-03
  2.2917E-03  3.5546E-02  1.4070E-03 -8.7004E-03
  2.3079E-03  3.5749E-02  1.4169E-03 -8.7619E-03
  2.3242E-03  3.5952E-02  1.4269E-03 -8.8238E-03
  2.3406E-03  3.6156E-02  1.4370E-03 -8.8861E-03
  2.3572E-03  3.6361E-02  1.4472E-03 -8.9488E-03
  2.3738E-03  3.6566E-02  1.4574E-03 -9.0119E-03
  2.3905E-03  3.6773E-02  1.4676E-03 -9.0755E-03
  2.4074E-03  3.6980E-02  1.4780E-03 -9.1395E-03
  2.4243E-03  3.7188E-02  1.4884E-03 -9.2039E-03
  2.4414E-03  3.7397E-02  1.4989E-03 -9.2687E-03
  2.4586E-03  3.7607E-02  1.5095E-03 -9.3340E-03
  2.4759E-03  3.7818E-02  1.5201E-03 -9.3997E-03
  2.4934E-03  3.8030E-02  1.5308E-03 -9.4659E-03
  2.5109E-03  3.8242E-02  1.5415E-03 -9.5325E-03
  2.5286E-03  3.8455E-02  1.5524E-03 -9.5995E-03
  2.5463E-03  3.8669E-02  1.5633E-03 -9.6670E-03
  2.5642E-03  3.8884E-02  1.5743E-03 -9.7349E-03
  2.5822E-03  3.9100E-02  1.5853E-03 -9.8033E-03
  2.6004E-03  3.9317E-02  1.5965E-03 -9.8722E-03
  2.6186E-03  3.9534E-02  1.6077E-03 -9.9415E-03
  2.6370E-03  3.9752E-02  1.6190E-03 -1.0011E-02
  2.6555E-03  3.9971E-02  1.6303E-03 -1.0081E-02
  2.6741E-03  4.0191E-02  1.6418E-03 -1.0152E-02
  2.6929E-03  4.0412E-02  1.6533E-03 -1.0223E-02
  2.7118E-03  4.0634E-02  1.6649E-03 -1.0295E-02
  2.7308E-03  4.0856E-02  1.6765E-03 -1.0367E-02
  2.7499E-03  4.1080E-02  1.6883E-03 -1.0440E-02
  2.7691E-03  4.1304E-02  1.7001E-03 -1.0513E-02
  2.7885E-03  4.1529E-02  1.7120E-03 -1.0586E-02
  2.8080E-03  4.1754E-02  1.7240E-03 -1.0661E-02
  2.8277E-03  4.1981E-02  1.7360E-03 -1.0735E-02
  2.8475E-03  4.2209E-02  1.7482E-03 -1.0810E-02
  2.8674E-03  4.2437E-02  1.7604E-03 -1.0886E-02
  2.8874E-03  4.2666E-02  1.7727E-03 -1.0962E-02
  2.9076E-03  4.2896E-02  1.7851E-03 -1.1038E-02
  2.9279E-03  4.3127E-02  1.7976E-03 -1.1115E-02
  2.9483E-03  4.3358E-02  1.8101E-03 -1.1193E-02
  2.9689E-03  4.3590E-02  1.8227E-03 -1.1271E-02
  2.9896E-03  4.3824E-02  1.8355E-03 -1.1350E-02
  3.0105E-03  4.4058E-02  1.8483E-03 -1.1429E-02
  3.0315E-03  4.4292E-02  1.8611E-03 -1.1509E-02
  3.0526E-03  4.4528E-02  1.8741E-03 -1.1589E-02
  3.0739E-03  4.4764E-02  1.8872E-03 -1.1670E-02
  3.0953E-03  4.5001E-02  1.9003E-03 -1.1751E-02
  3.1169E-03  4.5239E-02  1.9136E-03 -1.1833E-02
  3.1386E-03  4.5478E-02  1.9269E-03 -1.1915E-02
  3.1604E-03  4.5718E-02  1.9403E-03 -1.1998E-02
  3.1824E-03  4.5958E-02  1.9538E-03 -1.2082E-02
  3.2046E-03  4.6199E-02  1.9674E-03 -1.2166E-02
  3.2269E-03  4.6441E-02  1.9811E-03 -1.2250E-02
  3.2493E-03  4.6684E-02  1.9949E-03 -1.2336E-02
  3.2719E-03  4.6927E-02  2.0087E-03 -1.2421E-02
  3.2946E-03  4.7172E-02  2.0227E-03 -1.2508E-02
  3.3175E-03  4.7417E-02  2.0368E-03 -1.2595E-02
  3.3406E-03  4.7663E-02  2.0509E-03 -1.2682E-02
  3.3638E-03  4.7909E-02  2.0652E-03 -1.2770E-02
  3.3871E-03  4.8156E-02  2.0795E-03 -1.2859E-02
  3.4106E-03  4.8404E-02  2.0939E-03 -1.2948E-02
  3.4343E-03  4.8653E-02  2.1085E-03 -1.3038E-02
  3.4581E-03  4.8903E-02  2.1231E-03 -1.3128E-02
  3.4821E-03  4.9153E-02  2.1378E-03 -1.3219E-02
  3.5062E-03  4.9404E-02  2.1526E-03 -1.3311E-02
  3.5306E-03  4.9656E-02  2.1676E-03 -1.3403E-02
  3.5550E-03  4.9908E-02  2.1826E-03 -1.3496E-02
  3.5797E-03  5.0162E-02  2.1977E-03 -1.3590E-02
  3.6044E-03  5.0415E-02  2.2129E-03 -1.3684E-02
  3.6294E-03  5.0670E-02  2.2282E-03 -1.3779E-02
  3.6545E-03  5.0925E-02  2.2437E-03 -1.3874E-02
  3.6798E-03  5.1181E-02  2.2592E-03 -1.3970E-02
  3.7053E-03  5.1438E-02  2.2748E-03 -1.4067E-02
  3.7309E-03  5.1696E-02  2.2906E-03 -1.4164E-02
  3.7567E-03  5.1954E-02  2.3064E-03 -1.4262E-02
  3.7827E-03  5.2212E-02  2.3224E-03 -1.4361E-02
  3.8089E-03  5.2472E-02  2.3384E-03 -1.4460E-02
  3.8352E-03  5.2732E-02  2.3546E-03 -1.4560E-02
  3.8617E-03  5.2993E-02  2.3709E-03 -1.4661E-02
  3.8884E-03  5.3254E-02  2.3872E-03 -1.4762E-02
  3.9152E-03  5.3516E-02  2.4037E-03 -1.4864E-02
  3.9423E-03  5.3779E-02  2.4203E-03 -1.4966E-02
  3.9695E-03  5.4042E-02  2.4370E-03 -1.5070E-02
  3.9969E-03  5.4306E-02  2.4539E-03 -1.5174E-02
  4.0245E-03  5.4570E-02  2.4708E-03 -1.5279E-02
  4.0522E-03  5.4836E-02  2.4878E-03 -1.5384E-02
  4.0802E-03  5.5101E-02  2.5050E-03 -1.5490E-02
  4.1083E-03  5.5368E-02  2.5223E-03 -1.5597E-02
  4.1367E-03  5.5635E-02  2.5397E-03 -1.5704E-02
  4.1652E-03  5.5902E-02  2.5572E-03 -1.5813E-02
  4.1939E-03  5.6170E-02  2.5748E-03 -1.5922E-02
  4.2228E-03  5.6439E-02  2.5925E-03 -1.6031E-02
  4.2519E-03  5.6708E-02  2.6104E-03 -1.6142E-02
  4.2812E-03  5.6977E-02  2.6284E-03 -1.6253E-02
  4.3107E-03  5.7248E-02  2.6465E-03 -1.6365E-02
  4.3403E-03  5.7518E-02  2.6647E-03 -1.6478E-02
  4.3702E-03  5.7790E-02  2.6831E-03 -1.6591E-02
  4.4003E-03  5.8061E-02  2.7015E-03 -1.6705E-02
  4.4306E-03  5.8334E-02  2.7201E-03 -1.6820E-02
  4.4610E-03  5.8606E-02  2.7388E-03 -1.6936E-02
  4.4917E-03  5.8879E-02  2.7577E-03 -1.7052E-02
  4.5226E-03  5.9153E-02  2.7766E-03 -1.7169E-02
  4.5537E-03  5.9427E-02  2.7957E-03 -1.7288E-02
  4.5850E-03  5.9702E-02  2.8149E-03 -1.7406E-02
  4.6165E-03  5.9977E-02  2.8343E-03 -1.7526E-02
  4.6482E-03  6.0252E-02  2.8537E-03 -1.7646E-02
  4.6802E-03  6.0528E-02  2.8734E-03 -1.7768E-02
  4.7123E-03  6.0804E-02  2.8931E-03 -1.7890E-02
  4.7447E-03  6.1080E-02  2.9130E-03 -1.8012E-02
  4.7773E-03  6.1357E-02  2.9330E-03 -1.8136E-02
  4.8100E-03  6.1634E-02  2.9531E-03 -1.8261E-02
  4.8431E-03  6.1912E-02  2.9734E-03 -1.8386E-02
  4.8763E-03  6.2190E-02  2.9938E-03 -1.8512E-02
  4.9098E-03  6.2468E-02  3.0143E-03 -1.8639E-02
  4.9434E-03  6.2747E-02  3.0350E-03 -1.8767E-02
  4.9773E-03  6.3026E-02  3.0558E-03 -1.8896E-02
  5.0115E-03  6.3305E-02  3.0767E-03 -1.9025E-02
  5.0458E-03  6.3584E-02  3.0978E-03 -1.9156E-02
  5.0804E-03  6.3864E-02  3.1191E-03 -1.9287E-02
  5.1152E-03  6.4143E-02  3.1405E-03 -1.9419E-02
  5.1503E-03  6.4424E-02  3.1620E-03 -1.9552E-02
  5.1856E-03  6.4704E-02  3.1836E-03 -1.9686E-02
  5.2211E-03  6.4984E-02  3.2054E-03 -1.9821E-02
  5.2569E-03  6.5265E-02  3.2274E-03 -1.9957E-02
  5.2928E-03  6.5546E-02  3.2495E-03 -2.0093E-02
  5.3291E-03  6.5827E-02  3.2717E-03 -2.0231E-02
  5.3656E-03  6.6108E-02  3.2941E-03 -2.0369E-02
  5.4023E-03  6.6389E-02  3.3167E-03 -2.0509E-02
  5.4393E-03  6.6670E-02  3.3394E-03 -2.0649E-02
  5.4765E-03  6.6951E-02  3.3622E-03 -2.0790E-02
  5.5139E-03  6.7233E-02  3.3852E-03 -2.0933E-02
  5.5517E-03  6.7514E-02  3.4084E-03 -2.1076E-02
  5.5896E-03  6.7796E-02  3.4317E-03 -2.1220E-02
  5.6278E-03  6.8077E-02  3.4552E-03 -2.1365E-02
  5.6663E-03  6.8359E-02  3.4788E-03 -2.1511E-02
  5.7051E-03  6.8640E-02  3.5026E-03 -2.1658E-02
  5.7440E-03  6.8921E-02  3.5265E-03 -2.1806E-02
  5.7833E-03  6.9203E-02  3.5506E-03 -2.1955E-02
  5.8228E-03  6.9484E-02  3.5749E-03 -2.2105E-02
  5.8626E-03  6.9765E-02  3.5993E-03 -2.2256E-02
  5.9026E-03  7.0046E-02  3.6239E-03 -2.2408E-02
  5.9429E-03  7.0327E-02  3.6486E-03 -2.2561E-02
  5.9835E-03  7.0607E-02  3.6735E-03 -2.2715E-02
  6.0244E-03  7.0888E-02  3.6986E-03 -2.2870E-02
  6.0655E-03  7.1168E-02  3.7239E-03 -2.3026E-02
  6.1069E-03  7.1448E-02  3.7493E-03 -2.3184E-02
  6.1486E-03  7.1728E-02  3.7749E-03 -2.3342E-02
  6.1905E-03  7.2007E-02  3.8006E-03 -2.3501E-02
  6.2328E-03  7.2286E-02  3.8265E-03 -2.3661E-02
  6.2753E-03  7.2565E-02  3.8526E-03 -2.3823E-02
  6.3181E-03  7.2844E-02  3.8789E-03 -2.3985E-02
  6.3612E-03  7.3122E-02  3.9054E-03 -2.4149E-02
  6.4045E-03  7.3399E-02  3.9320E-03 -2.4313E-02
  6.4482E-03  7.3677E-02  3.9588E-03 -2.4479E-02
  6.4921E-03  7.3954E-02  3.9858E-03 -2.4646E-02
  6.5364E-03  7.4230E-02  4.0130E-03 -2.4814E-02
  6.5809E-03  7.4506E-02  4.0403E-03 -2.4983E-02
  6.6258E-03  7.4781E-02  4.0678E-03 -2.5153E-02
  6.6709E-03  7.5056E-02  4.0955E-03 -2.5325E-02
  6.7164E-03  7.5331E-02  4.1234E-03 -2.5497E-02
  6.7621E-03  7.5604E-02  4.1515E-03 -2.5671E-02
  6.8082E-03  7.5877E-02  4.1798E-03 -2.5845E-02
  6.8545E-03  7.6150E-02  4.2083E-03 -2.6021E-02
  6.9012E-03  7.6422E-02  4.2369E-03 -2.6199E-02
  6.9482E-03  7.6693E-02  4.2658E-03 -2.6377E-02
  6.9955E-03  7.6963E-02  4.2948E-03 -2.6556E-02
  7.0431E-03  7.7233E-02  4.3240E-03 -2.6737E-02
  7.0910E-03  7.7501E-02  4.3534E-03 -2.6919E-02
  7.1392E-03  7.7769E-02  4.3831E-03 -2.7102E-02
  7.1878E-03  7.8037E-02  4.4129E-03 -2.7287E-02
  7.2367E-03  7.8303E-02  4.4429E-03 -2.7472E-02
  7.2859E-03  7.8568E-02  4.4731E-03 -2.7659E-02
  7.3355E-03  7.8833E-02  4.5035E-03 -2.7847E-02
  7.3853E-03  7.9096E-02  4.5342E-03 -2.8036E-02
  7.4356E-03  7.9359E-02  4.5650E-03 -2.8227E-02
  7.4861E-03  7.9620E-02  4.5960E-03 -2.8419E-02
  7.5370E-03  7.9880E-02  4.6273E-03 -2.8612E-02
  7.5882E-03  8.0140E-02  4.6587E-03 -2.8806E-02
  7.6398E-03  8.0398E-02  4.6904E-03 -2.9002E-02
  7.6917E-03  8.0655E-02  4.7222E-03 -2.9199E-02
  7.7440E-03  8.0911E-02  4.7543E-03 -2.9398E-02
  7.7966E-03  8.1165E-02  4.7866E-03 -2.9597E-02
  7.8495E-03  8.1419E-02  4.8191E-03 -2.9798E-02
  7.9028E-03  8.1671E-02  4.8519E-03 -3.0001E-02
  7.9565E-03  8.1921E-02  4.8848E-03 -3.0204E-02
  8.0105E-03  8.2171E-02  4.9180E-03 -3.0409E-02
  8.0649E-03  8.2418E-02  4.9514E-03 -3.0616E-02
  8.1197E-03  8.2665E-02  4.9850E-03 -3.0824E-02
  8.1748E-03  8.2910E-02  5.0188E-03 -3.1033E-02
  8.2303E-03  8.3153E-02  5.0529E-03 -3.1243E-02
  8.2861E-03  8.3395E-02  5.0872E-03 -3.1455E-02
  8.3424E-03  8.3636E-02  5.1217E-03 -3.1669E-02
  8.3990E-03  8.3875E-02  5.1565E-03 -3.1884E-02
  8.4560E-03  8.4112E-02  5.1914E-03 -3.2100E-02
  8.5133E-03  8.4347E-02  5.2267E-03 -3.2318E-02
  8.5711E-03  8.4581E-02  5.2621E-03 -3.2537E-02
  8.6292E-03  8.4812E-02  5.2978E-03 -3.2757E-02
  8.6877E-03  8.5042E-02  5.3337E-03 -3.2980E-02
  8.7466E-03  8.5271E-02  5.3699E-03 -3.3203E-02
  8.8059E-03  8.5497E-02  5.4063E-03 -3.3428E-02
  8.8656E-03  8.5721E-02  5.4430E-03 -3.3655E-02
  8.9257E-03  8.5943E-02  5.4799E-03 -3.3883E-02
  8.9862E-03  8.6164E-02  5.5170E-03 -3.4113E-02
  9.0471E-03  8.6382E-02  5.5544E-03 -3.4344E-02
  9.1085E-03  8.6598E-02  5.5920E-03 -3.4576E-02
  9.1702E-03  8.6812E-02  5.6299E-03 -3.4811E-02
  9.2323E-03  8.7024E-02  5.6681E-03 -3.5046E-02
  9.2949E-03  8.7233E-02  5.7065E-03 -3.5284E-02
  9.3578E-03  8.7440E-02  5.7451E-03 -3.5523E-02
  9.4212E-03  8.7645E-02  5.7840E-03 -3.5763E-02
  9.4850E-03  8.7848E-02  5.8232E-03 -3.6006E-02
  9.5493E-03  8.8048E-02  5.8626E-03 -3.6249E-02
  9.6139E-03  8.8245E-02  5.9023E-03 -3.6495E-02
  9.6790E-03  8.8440E-02  5.9423E-03 -3.6742E-02
  9.7446E-03  8.8632E-02  5.9825E-03 -3.6991E-02
  9.8105E-03  8.8822E-02  6.0230E-03 -3.7241E-02
  9.8769E-03  8.9009E-02  6.0638E-03 -3.7493E-02
  9.9438E-03  8.9194E-02  6.1049E-03 -3.7747E-02
  1.0011E-02  8.9375E-02  6.1462E-03 -3.8002E-02
  1.0079E-02  8.9554E-02  6.1878E-03 -3.8259E-02
  1.0147E-02  8.9730E-02  6.2296E-03 -3.8518E-02
  1.0216E-02  8.9903E-02  6.2718E-03 -3.8779E-02
  1.0285E-02  9.0073E-02  6.3142E-03 -3.9041E-02
  1.0354E-02  9.0240E-02  6.3569E-03 -3.9305E-02
  1.0424E-02  9.0404E-02  6.3999E-03 -3.9571E-02
  1.0495E-02  9.0565E-02  6.4432E-03 -3.9838E-02
  1.0566E-02  9.0723E-02  6.4868E-03 -4.0108E-02
  1.0637E-02  9.0877E-02  6.5307E-03 -4.0379E-02
  1.0709E-02  9.1028E-02  6.5748E-03 -4.0652E-02
  1.0782E-02  9.1176E-02  6.6193E-03 -4.0927E-02
  1.0855E-02  9.1320E-02  6.6640E-03 -4.1203E-02
  1.0928E-02  9.1461E-02  6.7091E-03 -4.1482E-02
  1.1002E-02  9.1599E-02  6.7544E-03 -4.1762E-02
  1.1076E-02  9.1733E-02  6.8001E-03 -4.2044E-02
  1.1151E-02  9.1863E-02  6.8461E-03 -4.2328E-02
  1.1226E-02  9.1989E-02  6.8923E-03 -4.2614E-02
  1.1302E-02  9.2112E-02  6.9389E-03 -4.2902E-02
  1.1379E-02  9.2231E-02  6.9858E-03 -4.3192E-02
  1.1456E-02  9.2346E-02  7.0330E-03 -4.3484E-02
  1.1533E-02  9.2458E-02  7.0805E-03 -4.3777E-02
  1.1611E-02  9.2565E-02  7.1283E-03 -4.4073E-02
  1.1689E-02  9.2668E-02  7.1765E-03 -4.4371E-02
  1.1768E-02  9.2767E-02  7.2250E-03 -4.4670E-02
  1.1848E-02  9.2862E-02  7.2738E-03 -4.4972E-02
  1.1928E-02  9.2953E-02  7.3229E-03 -4.5275E-02
  1.2008E-02  9.3040E-02  7.3723E-03 -4.5581E-02
  1.2089E-02  9.3122E-02  7.4221E-03 -4.5889E-02
  1.2171E-02  9.3200E-02  7.4722E-03 -4.6199E-02
  1.2253E-02  9.3273E-02  7.5227E-03 -4.6510E-02
  1.2336E-02  9.3342E-02  7.5735E-03 -4.6824E-02
  1.2419E-02  9.3406E-02  7.6246E-03 -4.7140E-02
  1.2503E-02  9.3466E-02  7.6761E-03 -4.7458E-02
  1.2587E-02  9.3521E-02  7.7279E-03 -4.7779E-02
  1.2672E-02  9.3571E-02  7.7800E-03 -4.8101E-02
  1.2758E-02  9.3617E-02  7.8325E-03 -4.8425E-02
  1.2844E-02  9.3657E-02  7.8854E-03 -4.8752E-02
  1.2931E-02  9.3692E-02  7.9386E-03 -4.9081E-02
  1.3018E-02  9.3723E-02  7.9921E-03 -4.9412E-02
  1.3106E-02  9.3748E-02  8.0461E-03 -4.9745E-02
  1.3194E-02  9.3768E-02  8.1003E-03 -5.0081E-02
  1.3283E-02  9.3783E-02  8.1550E-03 -5.0418E-02
  1.3373E-02  9.3793E-02  8.2100E-03 -5.0758E-02
  1.3463E-02  9.3797E-02  8.2654E-03 -5.1100E-02
  1.3554E-02  9.3796E-02  8.3211E-03 -5.1445E-02
  1.3645E-02  9.3790E-02  8.3772E-03 -5.1792E-02
  1.3737E-02  9.3778E-02  8.4337E-03 -5.2141E-02
  1.3830E-02  9.3760E-02  8.4906E-03 -5.2492E-02
  1.3923E-02  9.3736E-02  8.5479E-03 -5.2846E-02
  1.4017E-02  9.3707E-02  8.6055E-03 -5.3202E-02
  1.4112E-02  9.3672E-02  8.6635E-03 -5.3561E-02
  1.4207E-02  9.3631E-02  8.7219E-03 -5.3922E-02
  1.4302E-02  9.3584E-02  8.7807E-03 -5.4285E-02
  1.4399E-02  9.3531E-02  8.8399E-03 -5.4651E-02
  1.4496E-02  9.3472E-02  8.8995E-03 -5.5019E-02
  1.4594E-02  9.3406E-02  8.9594E-03 -5.5389E-02
  1.4692E-02  9.3335E-02  9.0198E-03 -5.5763E-02
  1.4791E-02  9.3257E-02  9.0806E-03 -5.6138E-02
  1.4891E-02  9.3172E-02  9.1418E-03 -5.6516E-02
  1.4991E-02  9.3082E-02  9.2034E-03 -5.6897E-02
  1.5092E-02  9.2984E-02  9.2654E-03 -5.7280E-02
  1.5194E-02  9.2880E-02  9.3278E-03 -5.7666E-02
  1.5296E-02  9.2770E-02  9.3907E-03 -5.8054E-02
  1.5399E-02  9.2652E-02  9.4539E-03 -5.8445E-02
  1.5503E-02  9.2528E-02  9.5176E-03 -5.8838E-02
  1.5607E-02  9.2397E-02  9.5817E-03 -5.9234E-02
  1.5712E-02  9.2259E-02  9.6463E-03 -5.9633E-02
  1.5818E-02  9.2113E-02  9.7112E-03 -6.0035E-02
  1.5925E-02  9.1961E-02  9.7766E-03 -6.0439E-02
  1.6032E-02  9.1802E-02  9.8425E-03 -6.0845E-02
  1.6140E-02  9.1635E-02  9.9087E-03 -6.1255E-02
  1.6249E-02  9.1461E-02  9.9755E-03 -6.1667E-02
  1.6358E-02  9.1279E-02  1.0043E-02 -6.2082E-02
  1.6468E-02  9.1090E-02  1.0110E-02 -6.2500E-02
  1.6579E-02  9.0894E-02  1.0178E-02 -6.2920E-02
  1.6691E-02  9.0690E-02  1.0247E-02 -6.3344E-02
  1.6803E-02  9.0478E-02  1.0316E-02 -6.3770E-02
  1.6916E-02  9.0258E-02  1.0385E-02 -6.4199E-02
  1.7030E-02  9.0031E-02  1.0455E-02 -6.4631E-02
  1.7145E-02  8.9795E-02  1.0525E-02 -6.5065E-02
  1.7260E-02  8.9552E-02  1.0596E-02 -6.5503E-02
  1.7376E-02  8.9300E-02  1.0668E-02 -6.5943E-02
  1.7493E-02  8.9041E-02  1.0739E-02 -6.6387E-02
  1.7611E-02  8.8773E-02  1.0812E-02 -6.6833E-02
  1.7729E-02  8.8497E-02  1.0884E-02 -6.7283E-02
  1.7849E-02  8.8212E-02  1.0958E-02 -6.7735E-02
  1.7969E-02  8.7919E-02  1.1031E-02 -6.8190E-02
  1.8090E-02  8.7618E-02  1.1106E-02 -6.8649E-02
  1.8211E-02  8.7308E-02  1.1180E-02 -6.9110E-02
  1.8334E-02  8.6990E-02  1.1256E-02 -6.9575E-02
  1.8457E-02  8.6662E-02  1.1331E-02 -7.0042E-02
  1.8581E-02  8.6326E-02  1.1407E-02 -7.0513E-02
  1.8706E-02  8.5981E-02  1.1484E-02 -7.0987E-02
  1.8832E-02  8.5628E-02  1.1561E-02 -7.1464E-02
  1.8959E-02  8.5265E-02  1.1639E-02 -7.1944E-02
  1.9086E-02  8.4893E-02  1.1717E-02 -7.2428E-02
  1.9215E-02  8.4512E-02  1.1796E-02 -7.2914E-02
  1.9344E-02  8.4122E-02  1.1876E-02 -7.3404E-02
  1.9474E-02  8.3722E-02  1.1955E-02 -7.3897E-02
  1.9605E-02  8.3313E-02  1.2036E-02 -7.4394E-02
  1.9737E-02  8.2895E-02  1.2117E-02 -7.4894E-02
  1.9869E-02  8.2468E-02  1.2198E-02 -7.5397E-02
  2.0003E-02  8.2030E-02  1.2280E-02 -7.5903E-02
  2.0138E-02  8.1584E-02  1.2363E-02 -7.6413E-02
  2.0273E-02  8.1127E-02  1.2446E-02 -7.6926E-02
  2.0409E-02  8.0661E-02  1.2530E-02 -7.7443E-02
  2.0546E-02  8.0185E-02  1.2614E-02 -7.7963E-02
  2.0684E-02  7.9699E-02  1.2699E-02 -7.8486E-02
  2.0824E-02  7.9204E-02  1.2784E-02 -7.9013E-02
  2.0963E-02  7.8698E-02  1.2870E-02 -7.9544E-02
  2.1104E-02  7.8182E-02  1.2956E-02 -8.0078E-02
  2.1246E-02  7.7657E-02  1.3043E-02 -8.0615E-02
  2.1389E-02  7.7121E-02  1.3131E-02 -8.1157E-02
  2.1533E-02  7.6575E-02  1.3219E-02 -8.1701E-02
  2.1677E-02  7.6018E-02  1.3308E-02 -8.2250E-02
  2.1823E-02  7.5451E-02  1.3397E-02 -8.2802E-02
  2.1970E-02  7.4874E-02  1.3487E-02 -8.3357E-02
  2.2117E-02  7.4287E-02  1.3578E-02 -8.3917E-02
  2.2266E-02  7.3689E-02  1.3669E-02 -8.4480E-02
  2.2416E-02  7.3080E-02  1.3761E-02 -8.5047E-02
  2.2566E-02  7.2461E-02  1.3854E-02 -8.5618E-02
  2.2718E-02  7.1831E-02  1.3947E-02 -8.6192E-02
  2.2870E-02  7.1191E-02  1.4040E-02 -8.6770E-02
  2.3024E-02  7.0540E-02  1.4135E-02 -8.7352E-02
  2.3179E-02  6.9877E-02  1.4230E-02 -8.7938E-02
  2.3334E-02  6.9205E-02  1.4325E-02 -8.8528E-02
  2.3491E-02  6.8521E-02  1.4421E-02 -8.9122E-02
  2.3649E-02  6.7826E-02  1.4518E-02 -8.9720E-02
  2.3808E-02  6.7121E-02  1.4616E-02 -9.0322E-02
  2.3968E-02  6.6404E-02  1.4714E-02 -9.0927E-02
  2.4129E-02  6.5676E-02  1.4813E-02 -9.1537E-02
  2.4291E-02  6.4938E-02  1.4912E-02 -9.2151E-02
  2.4454E-02  6.4188E-02  1.5012E-02 -9.2769E-02
  2.4618E-02  6.3427E-02  1.5113E-02 -9.3391E-02
  2.4783E-02  6.2655E-02  1.5215E-02 -9.4017E-02
  2.4950E-02  6.1871E-02  1.5317E-02 -9.4647E-02
  2.5117E-02  6.1077E-02  1.5419E-02 -9.5282E-02
  2.5286E-02  6.0271E-02  1.5523E-02 -9.5920E-02
  2.5456E-02  5.9454E-02  1.5627E-02 -9.6563E-02
  2.5626E-02  5.8625E-02  1.5732E-02 -9.7211E-02
  2.5798E-02  5.7785E-02  1.5838E-02 -9.7862E-02
  2.5972E-02  5.6934E-02  1.5944E-02 -9.8518E-02
  2.6146E-02  5.6071E-02  1.6051E-02 -9.9178E-02
  2.6321E-02  5.5197E-02  1.6159E-02 -9.9843E-02
  2.6498E-02  5.4312E-02  1.6267E-02 -1.0051E-01
  2.6676E-02  5.3415E-02  1.6376E-02 -1.0119E-01
  2.6855E-02  5.2507E-02  1.6486E-02 -1.0186E-01
  2.7035E-02  5.1587E-02  1.6597E-02 -1.0255E-01
  2.7217E-02  5.0655E-02  1.6708E-02 -1.0323E-01
  2.7399E-02  4.9713E-02  1.6820E-02 -1.0392E-01
  2.7583E-02  4.8759E-02  1.6933E-02 -1.0462E-01
  2.7768E-02  4.7793E-02  1.7047E-02 -1.0532E-01
  2.7955E-02  4.6816E-02  1.7161E-02 -1.0603E-01
  2.8142E-02  4.5827E-02  1.7276E-02 -1.0674E-01
  2.8331E-02  4.4827E-02  1.7392E-02 -1.0745E-01
  2.8521E-02  4.3816E-02  1.7509E-02 -1.0817E-01
  2.8713E-02  4.2793E-02  1.7626E-02 -1.0890E-01
  2.8905E-02  4.1758E-02  1.7745E-02 -1.0962E-01
  2.9099E-02  4.0712E-02  1.7864E-02 -1.1036E-01
  2.9294E-02  3.9655E-02  1.7984E-02 -1.1110E-01
  2.9491E-02  3.8587E-02  1.8104E-02 -1.1184E-01
  2.9689E-02  3.7507E-02  1.8226E-02 -1.1259E-01
  2.9888E-02  3.6415E-02  1.8348E-02 -1.1334E-01
  3.0089E-02  3.5313E-02  1.8471E-02 -1.1410E-01
  3.0290E-02  3.4199E-02  1.8595E-02 -1.1487E-01
  3.0494E-02  3.3074E-02  1.8720E-02 -1.1563E-01
  3.0698E-02  3.1938E-02  1.8845E-02 -1.1641E-01
  3.0904E-02  3.0791E-02  1.8971E-02 -1.1719E-01
  3.1111E-02  2.9632E-02  1.9099E-02 -1.1797E-01
  3.1320E-02  2.8463E-02  1.9227E-02 -1.1876E-01
  3.1530E-02  2.7282E-02  1.9356E-02 -1.1956E-01
  3.1742E-02  2.6091E-02  1.9485E-02 -1.2036E-01
  3.1954E-02  2.4889E-02  1.9616E-02 -1.2116E-01
  3.2169E-02  2.3675E-02  1.9748E-02 -1.2197E-01
  3.2384E-02  2.2451E-02  1.9880E-02 -1.2279E-01
  3.2602E-02  2.1217E-02  2.0013E-02 -1.2361E-01
  3.2820E-02  1.9972E-02  2.0148E-02 -1.2443E-01
  3.3040E-02  1.8716E-02  2.0283E-02 -1.2527E-01
  3.3262E-02  1.7450E-02  2.0419E-02 -1.2610E-01
  3.3485E-02  1.6173E-02  2.0555E-02 -1.2695E-01
  3.3709E-02  1.4886E-02  2.0693E-02 -1.2780E-01
  3.3935E-02  1.3589E-02  2.0832E-02 -1.2865E-01
  3.4163E-02  1.2282E-02  2.0972E-02 -1.2951E-01
  3.4392E-02  1.0964E-02  2.1112E-02 -1.3038E-01
  3.4623E-02  9.6370E-03  2.1254E-02 -1.3125E-01
  3.4855E-02  8.2999E-03  2.1396E-02 -1.3213E-01
  3.5088E-02  6.9531E-03  2.1540E-02 -1.3301E-01
  3.5324E-02  5.5967E-03  2.1684E-02 -1.3390E-01
  3.5560E-02  4.2308E-03  2.1829E-02 -1.3479E-01
  3.5799E-02  2.8555E-03  2.1976E-02 -1.3569E-01
  3.6039E-02  1.4709E-03  2.2123E-02 -1.3660E-01
  3.6280E-02  7.7236E-05  2.2271E-02 -1.3751E-01
  3.6524E-02 -1.3254E-03  2.2420E-02 -1.3843E-01
  3.6768E-02 -2.7370E-03  2.2571E-02 -1.3936E-01
  3.7015E-02 -4.1572E-03  2.2722E-02 -1.4029E-01
  3.7263E-02 -5.5860E-03  2.2874E-02 -1.4122E-01
  3.7513E-02 -7.0233E-03  2.3027E-02 -1.4217E-01
  3.7764E-02 -8.4688E-03  2.3182E-02 -1.4312E-01
  3.8017E-02 -9.9224E-03  2.3337E-02 -1.4407E-01
  3.8272E-02 -1.1384E-02  2.3493E-02 -1.4503E-01
  3.8529E-02 -1.2853E-02  2.3651E-02 -1.4600E-01
  3.8787E-02 -1.4330E-02  2.3809E-02 -1.4698E-01
  3.9047E-02 -1.5815E-02  2.3969E-02 -1.4796E-01
  3.9308E-02 -1.7306E-02  2.4129E-02 -1.4895E-01
  3.9572E-02 -1.8805E-02  2.4291E-02 -1.4994E-01
  3.9837E-02 -2.0311E-02  2.4454E-02 -1.5094E-01
  4.0104E-02 -2.1823E-02  2.4617E-02 -1.5195E-01
  4.0373E-02 -2.3342E-02  2.4782E-02 -1.5296E-01
  4.0643E-02 -2.4867E-02  2.4948E-02 -1.5398E-01
  4.0915E-02 -2.6398E-02  2.5115E-02 -1.5501E-01
  4.1190E-02 -2.7935E-02  2.5284E-02 -1.5605E-01
  4.1466E-02 -2.9478E-02  2.5453E-02 -1.5709E-01
  4.1743E-02 -3.1026E-02  2.5623E-02 -1.5814E-01
  4.2023E-02 -3.2579E-02  2.5795E-02 -1.5919E-01
  4.2305E-02 -3.4138E-02  2.5968E-02 -1.6025E-01
  4.2588E-02 -3.5701E-02  2.6142E-02 -1.6132E-01
  4.2873E-02 -3.7268E-02  2.6317E-02 -1.6240E-01
  4.3161E-02 -3.8840E-02  2.6493E-02 -1.6348E-01
  4.3450E-02 -4.0415E-02  2.6670E-02 -1.6457E-01
  4.3741E-02 -4.1995E-02  2.6849E-02 -1.6567E-01
  4.4034E-02 -4.3577E-02  2.7029E-02 -1.6677E-01
  4.4329E-02 -4.5163E-02  2.7210E-02 -1.6788E-01
  4.4626E-02 -4.6752E-02  2.7392E-02 -1.6900E-01
  4.4925E-02 -4.8344E-02  2.7575E-02 -1.7013E-01
  4.5226E-02 -4.9938E-02  2.7760E-02 -1.7126E-01
  4.5529E-02 -5.1534E-02  2.7946E-02 -1.7240E-01
  4.5833E-02 -5.3131E-02  2.8133E-02 -1.7355E-01
  4.6140E-02 -5.4731E-02  2.8321E-02 -1.7471E-01
  4.6450E-02 -5.6331E-02  2.8511E-02 -1.7587E-01
  4.6761E-02 -5.7932E-02  2.8702E-02 -1.7704E-01
  4.7074E-02 -5.9534E-02  2.8894E-02 -1.7822E-01
  4.7389E-02 -6.1135E-02  2.9087E-02 -1.7941E-01
  4.7706E-02 -6.2737E-02  2.9282E-02 -1.8061E-01
  4.8026E-02 -6.4339E-02  2.9478E-02 -1.8181E-01
  4.8348E-02 -6.5939E-02  2.9676E-02 -1.8302E-01
  4.8671E-02 -6.7538E-02  2.9874E-02 -1.8424E-01
  4.8997E-02 -6.9136E-02  3.0074E-02 -1.8546E-01
  4.9325E-02 -7.0732E-02  3.0275E-02 -1.8670E-01
  4.9656E-02 -7.2326E-02  3.0478E-02 -1.8794E-01
  4.9988E-02 -7.3918E-02  3.0682E-02 -1.8919E-01
  5.0323E-02 -7.5506E-02  3.0887E-02 -1.9045E-01
  5.0660E-02 -7.7091E-02  3.1094E-02 -1.9172E-01
  5.0999E-02 -7.8673E-02  3.1302E-02 -1.9299E-01
  5.1341E-02 -8.0250E-02  3.1512E-02 -1.9428E-01
  5.1685E-02 -8.1823E-02  3.1723E-02 -1.9557E-01
  5.2031E-02 -8.3391E-02  3.1935E-02 -1.9687E-01
  5.2379E-02 -8.4954E-02  3.2149E-02 -1.9818E-01
  5.2730E-02 -8.6511E-02  3.2364E-02 -1.9950E-01
  5.3083E-02 -8.8062E-02  3.2580E-02 -2.0082E-01
  5.3438E-02 -8.9607E-02  3.2798E-02 -2.0216E-01
  5.3796E-02 -9.1145E-02  3.3018E-02 -2.0350E-01
  5.4156E-02 -9.2676E-02  3.3239E-02 -2.0486E-01
  5.4519E-02 -9.4198E-02  3.3461E-02 -2.0622E-01
  5.4884E-02 -9.5713E-02  3.3685E-02 -2.0759E-01
  5.5251E-02 -9.7219E-02  3.3910E-02 -2.0897E-01
  5.5621E-02 -9.8716E-02  3.4137E-02 -2.1035E-01
  5.5993E-02 -1.0020E-01  3.4366E-02 -2.1175E-01
  5.6368E-02 -1.0168E-01  3.4596E-02 -2.1316E-01
  5.6746E-02 -1.0315E-01  3.4827E-02 -2.1457E-01
  5.7125E-02 -1.0460E-01  3.5060E-02 -2.1600E-01
  5.7508E-02 -1.0605E-01  3.5295E-02 -2.1743E-01
  5.7893E-02 -1.0748E-01  3.5531E-02 -2.1888E-01
  5.8280E-02 -1.0890E-01  3.5768E-02 -2.2033E-01
  5.8670E-02 -1.1031E-01  3.6008E-02 -2.2179E-01
  5.9063E-02 -1.1171E-01  3.6248E-02 -2.2326E-01
  5.9459E-02 -1.1309E-01  3.6491E-02 -2.2475E-01
  5.9857E-02 -1.1446E-01  3.6735E-02 -2.2624E-01
  6.0257E-02 -1.1581E-01  3.6981E-02 -2.2774E-01
  6.0661E-02 -1.1715E-01  3.7228E-02 -2.2925E-01
  6.1067E-02 -1.1847E-01  3.7477E-02 -2.3077E-01
  6.1475E-02 -1.1977E-01  3.7728E-02 -2.3230E-01
  6.1887E-02 -1.2106E-01  3.7980E-02 -2.3384E-01
  6.2301E-02 -1.2233E-01  3.8234E-02 -2.3539E-01
  6.2718E-02 -1.2359E-01  3.8490E-02 -2.3695E-01
  6.3138E-02 -1.2482E-01  3.8747E-02 -2.3852E-01
  6.3560E-02 -1.2604E-01  3.9006E-02 -2.4010E-01
  6.3986E-02 -1.2724E-01  3.9267E-02 -2.4169E-01
  6.4414E-02 -1.2842E-01  3.9530E-02 -2.4329E-01
  6.4845E-02 -1.2958E-01  3.9794E-02 -2.4490E-01
  6.5279E-02 -1.3071E-01  4.0060E-02 -2.4652E-01
  6.5716E-02 -1.3183E-01  4.0328E-02 -2.4815E-01
  6.6156E-02 -1.3292E-01  4.0597E-02 -2.4980E-01
  6.6598E-02 -1.3400E-01  4.0869E-02 -2.5145E-01
  6.7044E-02 -1.3504E-01  4.1142E-02 -2.5311E-01
  6.7493E-02 -1.3607E-01  4.1417E-02 -2.5479E-01
  6.7944E-02 -1.3707E-01  4.1694E-02 -2.5648E-01
  6.8399E-02 -1.3805E-01  4.1973E-02 -2.5817E-01
  6.8857E-02 -1.3900E-01  4.2253E-02 -2.5988E-01
  6.9317E-02 -1.3993E-01  4.2536E-02 -2.6160E-01
  6.9781E-02 -1.4083E-01  4.2820E-02 -2.6333E-01
  7.0248E-02 -1.4170E-01  4.3106E-02 -2.6507E-01
  7.0718E-02 -1.4255E-01  4.3395E-02 -2.6682E-01
  7.1191E-02 -1.4337E-01  4.3685E-02 -2.6858E-01
  7.1668E-02 -1.4416E-01  4.3977E-02 -2.7036E-01
  7.2147E-02 -1.4492E-01  4.4271E-02 -2.7214E-01
  7.2630E-02 -1.4565E-01  4.4566E-02 -2.7394E-01
  7.3116E-02 -1.4636E-01  4.4864E-02 -2.7575E-01
  7.3605E-02 -1.4703E-01  4.5164E-02 -2.7757E-01
  7.4098E-02 -1.4767E-01  4.5466E-02 -2.7940E-01
  7.4593E-02 -1.4828E-01  4.5770E-02 -2.8124E-01
  7.5092E-02 -1.4886E-01  4.6076E-02 -2.8310E-01
  7.5595E-02 -1.4941E-01  4.6384E-02 -2.8497E-01
  7.6101E-02 -1.4992E-01  4.6694E-02 -2.8684E-01
  7.6610E-02 -1.5040E-01  4.7006E-02 -2.8874E-01
  7.7122E-02 -1.5085E-01  4.7320E-02 -2.9064E-01
  7.7638E-02 -1.5126E-01  4.7636E-02 -2.9255E-01
  7.8158E-02 -1.5164E-01  4.7954E-02 -2.9448E-01
  7.8681E-02 -1.5198E-01  4.8275E-02 -2.9642E-01
  7.9207E-02 -1.5228E-01  4.8597E-02 -2.9837E-01
  7.9737E-02 -1.5255E-01  4.8922E-02 -3.0034E-01
  8.0270E-02 -1.5278E-01  4.9249E-02 -3.0232E-01
  8.0807E-02 -1.5298E-01  4.9578E-02 -3.0431E-01
  8.1348E-02 -1.5313E-01  4.9909E-02 -3.0631E-01
  8.1892E-02 -1.5325E-01  5.0242E-02 -3.0832E-01
  8.2440E-02 -1.5333E-01  5.0578E-02 -3.1035E-01
  8.2991E-02 -1.5337E-01  5.0916E-02 -3.1239E-01
  8.3546E-02 -1.5337E-01  5.1256E-02 -3.1444E-01
  8.4105E-02 -1.5333E-01  5.1598E-02 -3.1651E-01
  8.4668E-02 -1.5325E-01  5.1943E-02 -3.1859E-01
  8.5234E-02 -1.5313E-01  5.2290E-02 -3.2068E-01
  8.5804E-02 -1.5297E-01  5.2639E-02 -3.2279E-01
  8.6378E-02 -1.5276E-01  5.2991E-02 -3.2491E-01
  8.6956E-02 -1.5252E-01  5.3345E-02 -3.2704E-01
  8.7538E-02 -1.5223E-01  5.3701E-02 -3.2919E-01
  8.8123E-02 -1.5189E-01  5.4059E-02 -3.3135E-01
  8.8713E-02 -1.5152E-01  5.4420E-02 -3.3352E-01
  8.9306E-02 -1.5110E-01  5.4784E-02 -3.3571E-01
  8.9903E-02 -1.5063E-01  5.5150E-02 -3.3791E-01
  9.0505E-02 -1.5012E-01  5.5518E-02 -3.4012E-01
  9.1110E-02 -1.4957E-01  5.5889E-02 -3.4235E-01
  9.1719E-02 -1.4897E-01  5.6262E-02 -3.4459E-01
  9.2333E-02 -1.4833E-01  5.6637E-02 -3.4685E-01
  9.2950E-02 -1.4764E-01  5.7016E-02 -3.4912E-01
  9.3572E-02 -1.4690E-01  5.7396E-02 -3.5140E-01
  9.4198E-02 -1.4612E-01  5.7779E-02 -3.5370E-01
  9.4828E-02 -1.4529E-01  5.8165E-02 -3.5601E-01
  9.5462E-02 -1.4441E-01  5.8553E-02 -3.5834E-01
  9.6101E-02 -1.4349E-01  5.8944E-02 -3.6068E-01
  9.6743E-02 -1.4252E-01  5.9338E-02 -3.6304E-01
  9.7390E-02 -1.4150E-01  5.9734E-02 -3.6541E-01
  9.8042E-02 -1.4044E-01  6.0132E-02 -3.6779E-01
  9.8697E-02 -1.3932E-01  6.0534E-02 -3.7019E-01
  9.9357E-02 -1.3816E-01  6.0938E-02 -3.7261E-01
  1.0002E-01 -1.3695E-01  6.1344E-02 -3.7504E-01
  1.0069E-01 -1.3569E-01  6.1754E-02 -3.7748E-01
  1.0136E-01 -1.3439E-01  6.2166E-02 -3.7994E-01
  1.0204E-01 -1.3303E-01  6.2581E-02 -3.8242E-01
  1.0272E-01 -1.3163E-01  6.2998E-02 -3.8491E-01
  1.0341E-01 -1.3017E-01  6.3419E-02 -3.8742E-01
  1.0410E-01 -1.2867E-01  6.3842E-02 -3.8994E-01
  1.0480E-01 -1.2712E-01  6.4268E-02 -3.9247E-01
  1.0550E-01 -1.2552E-01  6.4697E-02 -3.9502E-01
  1.0621E-01 -1.2387E-01  6.5128E-02 -3.9759E-01
  1.0692E-01 -1.2218E-01  6.5563E-02 -4.0018E-01
  1.0763E-01 -1.2043E-01  6.6000E-02 -4.0277E-01
  1.0835E-01 -1.1864E-01  6.6440E-02 -4.0539E-01
  1.0907E-01 -1.1679E-01  6.6884E-02 -4.0802E-01
  1.0980E-01 -1.1490E-01  6.7330E-02 -4.1067E-01
  1.1054E-01 -1.1296E-01  6.7779E-02 -4.1333E-01
  1.1128E-01 -1.1097E-01  6.8231E-02 -4.1601E-01
  1.1202E-01 -1.0894E-01  6.8686E-02 -4.1870E-01
  1.1277E-01 -1.0685E-01  6.9144E-02 -4.2141E-01
  1.1352E-01 -1.0472E-01  6.9605E-02 -4.2414E-01
  1.1428E-01 -1.0254E-01  7.0069E-02 -4.2688E-01
  1.1505E-01 -1.0031E-01  7.0537E-02 -4.2964E-01
  1.1582E-01 -9.8037E-02  7.1007E-02 -4.3242E-01
  1.1659E-01 -9.5717E-02  7.1480E-02 -4.3522E-01
  1.1737E-01 -9.3349E-02  7.1957E-02 -4.3803E-01
  1.1816E-01 -9.0936E-02  7.2437E-02 -4.4085E-01
  1.1895E-01 -8.8477E-02  7.2920E-02 -4.4370E-01
  1.1974E-01 -8.5973E-02  7.3406E-02 -4.4656E-01
  1.2054E-01 -8.3424E-02  7.3895E-02 -4.4943E-01
  1.2135E-01 -8.0830E-02  7.4388E-02 -4.5233E-01
  1.2216E-01 -7.8193E-02  7.4883E-02 -4.5524E-01
  1.2298E-01 -7.5511E-02  7.5383E-02 -4.5817E-01
  1.2380E-01 -7.2787E-02  7.5885E-02 -4.6112E-01
  1.2463E-01 -7.0021E-02  7.6391E-02 -4.6408E-01
  1.2546E-01 -6.7212E-02  7.6900E-02 -4.6706E-01
  1.2630E-01 -6.4362E-02  7.7412E-02 -4.7006E-01
  1.2714E-01 -6.1472E-02  7.7928E-02 -4.7308E-01
  1.2799E-01 -5.8541E-02  7.8447E-02 -4.7611E-01
  1.2885E-01 -5.5571E-02  7.8970E-02 -4.7916E-01
  1.2971E-01 -5.2562E-02  7.9496E-02 -4.8223E-01
  1.3058E-01 -4.9515E-02  8.0026E-02 -4.8532E-01
  1.3145E-01 -4.6431E-02  8.0559E-02 -4.8842E-01
  1.3233E-01 -4.3310E-02  8.1095E-02 -4.9154E-01
  1.3321E-01 -4.0154E-02  8.1636E-02 -4.9469E-01
  1.3410E-01 -3.6962E-02  8.2179E-02 -4.9784E-01
  1.3500E-01 -3.3736E-02  8.2727E-02 -5.0102E-01
  1.3590E-01 -3.0478E-02  8.3278E-02 -5.0422E-01
  1.3681E-01 -2.7186E-02  8.3832E-02 -5.0743E-01
  1.3773E-01 -2.3863E-02  8.4390E-02 -5.1066E-01
  1.3865E-01 -2.0510E-02  8.4952E-02 -5.1391E-01
  1.3957E-01 -1.7127E-02  8.5518E-02 -5.1718E-01
  1.4051E-01 -1.3716E-02  8.6087E-02 -5.2047E-01
  1.4145E-01 -1.0277E-02  8.6661E-02 -5.2377E-01
  1.4239E-01 -6.8115E-03  8.7237E-02 -5.2710E-01
  1.4334E-01 -3.3206E-03  8.7818E-02 -5.3044E-01
  1.4430E-01  1.9462E-04  8.8403E-02 -5.3380E-01
  1.4527E-01  3.7331E-03  8.8991E-02 -5.3718E-01
  1.4624E-01  7.2936E-03  8.9583E-02 -5.4058E-01
  1.4721E-01  1.0875E-02  9.0180E-02 -5.4400E-01
  1.4820E-01  1.4476E-02  9.0780E-02 -5.4743E-01
  1.4919E-01  1.8096E-02  9.1384E-02 -5.5089E-01
  1.5019E-01  2.1733E-02  9.1992E-02 -5.5436E-01
  1.5119E-01  2.5386E-02  9.2604E-02 -5.5786E-01
  1.5220E-01  2.9054E-02  9.3220E-02 -5.6137E-01
  1.5322E-01  3.2735E-02  9.3840E-02 -5.6490E-01
  1.5424E-01  3.6428E-02  9.4464E-02 -5.6845E-01
  1.5527E-01  4.0131E-02  9.5092E-02 -5.7202E-01
  1.5631E-01  4.3845E-02  9.5725E-02 -5.7561E-01
  1.5736E-01  4.7566E-02  9.6361E-02 -5.7922E-01
  1.5841E-01  5.1293E-02  9.7002E-02 -5.8285E-01
  1.5947E-01  5.5026E-02  9.7647E-02 -5.8650E-01
  1.6053E-01  5.8762E-02  9.8296E-02 -5.9017E-01
  1.6161E-01  6.2500E-02  9.8950E-02 -5.9385E-01
  1.6269E-01  6.6239E-02  9.9608E-02 -5.9756E-01
  1.6377E-01  6.9977E-02  1.0027E-01 -6.0128E-01
  1.6487E-01  7.3712E-02  1.0094E-01 -6.0503E-01
  1.6597E-01  7.7444E-02  1.0161E-01 -6.0879E-01
  1.6708E-01  8.1169E-02  1.0228E-01 -6.1258E-01
  1.6820E-01  8.4888E-02  1.0296E-01 -6.1638E-01
  1.6932E-01  8.8598E-02  1.0365E-01 -6.2021E-01
  1.7045E-01  9.2297E-02  1.0433E-01 -6.2405E-01
  1.7159E-01  9.5984E-02  1.0503E-01 -6.2791E-01
  1.7274E-01  9.9657E-02  1.0573E-01 -6.3179E-01
  1.7389E-01  1.0331E-01  1.0643E-01 -6.3570E-01
  1.7505E-01  1.0695E-01  1.0713E-01 -6.3962E-01
  1.7622E-01  1.1058E-01  1.0785E-01 -6.4356E-01
  1.7740E-01  1.1418E-01  1.0856E-01 -6.4752E-01
  1.7859E-01  1.1776E-01  1.0928E-01 -6.5150E-01
  1.7978E-01  1.2131E-01  1.1001E-01 -6.5550E-01
  1.8098E-01  1.2484E-01  1.1074E-01 -6.5952E-01
  1.8219E-01  1.2834E-01  1.1147E-01 -6.6356E-01
  1.8341E-01  1.3181E-01  1.1221E-01 -6.6762E-01
  1.8464E-01  1.3525E-01  1.1296E-01 -6.7170E-01
  1.8587E-01  1.3866E-01  1.1371E-01 -6.7580E-01
  1.8711E-01  1.4203E-01  1.1446E-01 -6.7992E-01
  1.8836E-01  1.4537E-01  1.1522E-01 -6.8405E-01
  1.8962E-01  1.4866E-01  1.1599E-01 -6.8821E-01
  1.9089E-01  1.5192E-01  1.1676E-01 -6.9239E-01
  1.9217E-01  1.5514E-01  1.1753E-01 -6.9658E-01
  1.9345E-01  1.5831E-01  1.1831E-01 -7.0080E-01
  1.9474E-01  1.6143E-01  1.1909E-01 -7.0504E-01
  1.9604E-01  1.6451E-01  1.1988E-01 -7.0929E-01
  1.9735E-01  1.6754E-01  1.2068E-01 -7.1356E-01
  1.9867E-01  1.7052E-01  1.2148E-01 -7.1786E-01
  2.0000E-01  1.7344E-01  1.2228E-01 -7.2217E-01
  2.0134E-01  1.7632E-01  1.2309E-01 -7.2650E-01
  2.0268E-01  1.7913E-01  1.2391E-01 -7.3085E-01
  2.0404E-01  1.8188E-01  1.2473E-01 -7.3522E-01
  2.0540E-01  1.8458E-01  1.2556E-01 -7.3961E-01
  2.0677E-01  1.8721E-01  1.2639E-01 -7.4402E-01
  2.0816E-01  1.8978E-01  1.2723E-01 -7.4845E-01
  2.0955E-01  1.9229E-01  1.2807E-01 -7.5289E-01
  2.1095E-01  1.9472E-01  1.2892E-01 -7.5736E-01
  2.1236E-01  1.9709E-01  1.2977E-01 -7.6184E-01
  2.1378E-01  1.9939E-01  1.3063E-01 -7.6634E-01
  2.1520E-01  2.0161E-01  1.3149E-01 -7.7086E-01
  2.1664E-01  2.0376E-01  1.3236E-01 -7.7540E-01
  2.1809E-01  2.0584E-01  1.3324E-01 -7.7996E-01
  2.1955E-01  2.0784E-01  1.3412E-01 -7.8453E-01
  2.2102E-01  2.0976E-01  1.3501E-01 -7.8912E-01
  2.2249E-01  2.1159E-01  1.3590E-01 -7.9373E-01
  2.2398E-01  2.1335E-01  1.3680E-01 -7.9836E-01
  2.2548E-01  2.1502E-01  1.3770E-01 -8.0301E-01
  2.2698E-01  2.1661E-01  1.3862E-01 -8.0767E-01
  2.2850E-01  2.1811E-01  1.3953E-01 -8.1235E-01
  2.3003E-01  2.1952E-01  1.4045E-01 -8.1705E-01
  2.3156E-01  2.2084E-01  1.4138E-01 -8.2176E-01
  2.3311E-01  2.2207E-01  1.4232E-01 -8.2649E-01
  2.3467E-01  2.2321E-01  1.4326E-01 -8.3124E-01
  2.3624E-01  2.2425E-01  1.4420E-01 -8.3600E-01
  2.3782E-01  2.2520E-01  1.4516E-01 -8.4078E-01
  2.3940E-01  2.2605E-01  1.4611E-01 -8.4558E-01
  2.4100E-01  2.2680E-01  1.4708E-01 -8.5039E-01
  2.4262E-01  2.2745E-01  1.4805E-01 -8.5522E-01
  2.4424E-01  2.2801E-01  1.4903E-01 -8.6006E-01
  2.4587E-01  2.2846E-01  1.5001E-01 -8.6492E-01
  2.4751E-01  2.2880E-01  1.5100E-01 -8.6980E-01
  2.4917E-01  2.2905E-01  1.5200E-01 -8.7468E-01
  2.5083E-01  2.2919E-01  1.5300E-01 -8.7959E-01
  2.5251E-01  2.2922E-01  1.5401E-01 -8.8451E-01
  2.5419E-01  2.2915E-01  1.5502E-01 -8.8944E-01
  2.5589E-01  2.2897E-01  1.5604E-01 -8.9438E-01
  2.5760E-01  2.2868E-01  1.5707E-01 -8.9934E-01
  2.5932E-01  2.2828E-01  1.5811E-01 -9.0431E-01
  2.6106E-01  2.2777E-01  1.5915E-01 -9.0930E-01
  2.6280E-01  2.2715E-01  1.6020E-01 -9.1429E-01
  2.6456E-01  2.2641E-01  1.6125E-01 -9.1930E-01
  2.6632E-01  2.2557E-01  1.6231E-01 -9.2432E-01
  2.6810E-01  2.2461E-01  1.6338E-01 -9.2936E-01
  2.6990E-01  2.2354E-01  1.6446E-01 -9.3440E-01
  2.7170E-01  2.2235E-01  1.6554E-01 -9.3946E-01
  2.7351E-01  2.2106E-01  1.6663E-01 -9.4452E-01
  2.7534E-01  2.1964E-01  1.6772E-01 -9.4960E-01
  2.7718E-01  2.1811E-01  1.6883E-01 -9.5469E-01
  2.7903E-01  2.1647E-01  1.6994E-01 -9.5978E-01
  2.8090E-01  2.1471E-01  1.7105E-01 -9.6489E-01
  2.8278E-01  2.1283E-01  1.7218E-01 -9.7000E-01
  2.8466E-01  2.1084E-01  1.7331E-01 -9.7512E-01
  2.8657E-01  2.0874E-01  1.7445E-01 -9.8025E-01
  2.8848E-01  2.0651E-01  1.7559E-01 -9.8539E-01
  2.9041E-01  2.0418E-01  1.7675E-01 -9.9053E-01
  2.9235E-01  2.0172E-01  1.7791E-01 -9.9568E-01
  2.9430E-01  1.9916E-01  1.7907E-01 -1.0008E+00
  2.9627E-01  1.9648E-01  1.8025E-01 -1.0060E+00
  2.9825E-01  1.9368E-01  1.8143E-01 -1.0112E+00
  3.0024E-01  1.9077E-01  1.8262E-01 -1.0163E+00
  3.0225E-01  1.8775E-01  1.8382E-01 -1.0215E+00
  3.0427E-01  1.8461E-01  1.8502E-01 -1.0267E+00
  3.0630E-01  1.8136E-01  1.8623E-01 -1.0319E+00
  3.0835E-01  1.7800E-01  1.8745E-01 -1.0370E+00
  3.1041E-01  1.7453E-01  1.8868E-01 -1.0422E+00
  3.1248E-01  1.7095E-01  1.8992E-01 -1.0474E+00
  3.1457E-01  1.6726E-01  1.9116E-01 -1.0526E+00
  3.1667E-01  1.6346E-01  1.9241E-01 -1.0578E+00
  3.1879E-01  1.5956E-01  1.9367E-01 -1.0630E+00
  3.2092E-01  1.5555E-01  1.9493E-01 -1.0682E+00
  3.2306E-01  1.5143E-01  1.9621E-01 -1.0733E+00
  3.2522E-01  1.4722E-01  1.9749E-01 -1.0785E+00
  3.2739E-01  1.4290E-01  1.9878E-01 -1.0837E+00
  3.2958E-01  1.3848E-01  2.0008E-01 -1.0889E+00
  3.3178E-01  1.3395E-01  2.0138E-01 -1.0940E+00
  3.3400E-01  1.2934E-01  2.0270E-01 -1.0992E+00
  3.3623E-01  1.2462E-01  2.0402E-01 -1.1043E+00
  3.3848E-01  1.1981E-01  2.0535E-01 -1.1095E+00
  3.4074E-01  1.1491E-01  2.0669E-01 -1.1146E+00
  3.4301E-01  1.0992E-01  2.0804E-01 -1.1197E+00
  3.4531E-01  1.0484E-01  2.0939E-01 -1.1248E+00
  3.4761E-01  9.9669E-02  2.1076E-01 -1.1299E+00
  3.4994E-01  9.4414E-02  2.1213E-01 -1.1350E+00
  3.5227E-01  8.9076E-02  2.1351E-01 -1.1401E+00
  3.5463E-01  8.3657E-02  2.1490E-01 -1.1452E+00
  3.5700E-01  7.8160E-02  2.1630E-01 -1.1502E+00
  3.5938E-01  7.2585E-02  2.1770E-01 -1.1553E+00
  3.6178E-01  6.6936E-02  2.1912E-01 -1.1603E+00
  3.6420E-01  6.1215E-02  2.2054E-01 -1.1653E+00
  3.6663E-01  5.5424E-02  2.2197E-01 -1.1703E+00
  3.6908E-01  4.9566E-02  2.2341E-01 -1.1752E+00
  3.7155E-01  4.3643E-02  2.2486E-01 -1.1802E+00
  3.7403E-01  3.7658E-02  2.2632E-01 -1.1851E+00
  3.7653E-01  3.1614E-02  2.2779E-01 -1.1900E+00
  3.7905E-01  2.5513E-02  2.2927E-01 -1.1949E+00
  3.8158E-01  1.9359E-02  2.3075E-01 -1.1997E+00
  3.8413E-01  1.3153E-02  2.3225E-01 -1.2046E+00
  3.8669E-01  6.8988E-03  2.3375E-01 -1.2093E+00
  3.8928E-01  5.9957E-04  2.3526E-01 -1.2141E+00
  3.9188E-01 -5.7420E-03  2.3678E-01 -1.2188E+00
  3.9450E-01 -1.2123E-02  2.3831E-01 -1.2235E+00
  3.9713E-01 -1.8540E-02  2.3985E-01 -1.2282E+00
  3.9978E-01 -2.4990E-02  2.4140E-01 -1.2328E+00
  4.0246E-01 -3.1470E-02  2.4296E-01 -1.2374E+00
  4.0514E-01 -3.7977E-02  2.4453E-01 -1.2420E+00
  4.0785E-01 -4.4507E-02  2.4610E-01 -1.2465E+00
  4.1058E-01 -5.1058E-02  2.4769E-01 -1.2510E+00
  4.1332E-01 -5.7625E-02  2.4929E-01 -1.2555E+00
  4.1608E-01 -6.4206E-02  2.5089E-01 -1.2599E+00
  4.1886E-01 -7.0796E-02  2.5250E-01 -1.2642E+00
  4.2166E-01 -7.7394E-02  2.5413E-01 -1.2685E+00
  4.2447E-01 -8.3995E-02  2.5576E-01 -1.2728E+00
  4.2731E-01 -9.0595E-02  2.5741E-01 -1.2770E+00
  4.3017E-01 -9.7192E-02  2.5906E-01 -1.2812E+00
  4.3304E-01 -1.0378E-01  2.6072E-01 -1.2853E+00
  4.3593E-01 -1.1036E-01  2.6239E-01 -1.2893E+00
  4.3884E-01 -1.1692E-01  2.6408E-01 -1.2933E+00
  4.4178E-01 -1.2347E-01  2.6577E-01 -1.2972E+00
  4.4473E-01 -1.2999E-01  2.6747E-01 -1.3011E+00
  4.4770E-01 -1.3649E-01  2.6918E-01 -1.3049E+00
  4.5069E-01 -1.4296E-01  2.7090E-01 -1.3087E+00
  4.5370E-01 -1.4940E-01  2.7263E-01 -1.3124E+00
  4.5673E-01 -1.5580E-01  2.7437E-01 -1.3160E+00
  4.5978E-01 -1.6216E-01  2.7613E-01 -1.3195E+00
  4.6285E-01 -1.6848E-01  2.7789E-01 -1.3230E+00
  4.6595E-01 -1.7475E-01  2.7966E-01 -1.3264E+00
  4.6906E-01 -1.8097E-01  2.8144E-01 -1.3298E+00
  4.7219E-01 -1.8713E-01  2.8323E-01 -1.3330E+00
  4.7535E-01 -1.9324E-01  2.8503E-01 -1.3362E+00
  4.7852E-01 -1.9928E-01  2.8685E-01 -1.3393E+00
  4.8172E-01 -2.0526E-01  2.8867E-01 -1.3423E+00
  4.8494E-01 -2.1117E-01  2.9050E-01 -1.3452E+00
  4.8818E-01 -2.1701E-01  2.9235E-01 -1.3480E+00
  4.9144E-01 -2.2277E-01  2.9420E-01 -1.3508E+00
  4.9472E-01 -2.2845E-01  2.9606E-01 -1.3534E+00
  4.9803E-01 -2.3404E-01  2.9794E-01 -1.3560E+00
  5.0135E-01 -2.3955E-01  2.9982E-01 -1.3584E+00
  5.0470E-01 -2.4497E-01  3.0172E-01 -1.3607E+00
  5.0807E-01 -2.5030E-01  3.0362E-01 -1.3630E+00
  5.1147E-01 -2.5552E-01  3.0554E-01 -1.3651E+00
  5.1489E-01 -2.6065E-01  3.0746E-01 -1.3672E+00
  5.1832E-01 -2.6567E-01  3.0940E-01 -1.3691E+00
  5.2179E-01 -2.7059E-01  3.1135E-01 -1.3709E+00
  5.2527E-01 -2.7539E-01  3.1331E-01 -1.3726E+00
  5.2878E-01 -2.8008E-01  3.1528E-01 -1.3741E+00
  5.3231E-01 -2.8465E-01  3.1725E-01 -1.3756E+00
  5.3587E-01 -2.8910E-01  3.1924E-01 -1.3769E+00
  5.3945E-01 -2.9342E-01  3.2125E-01 -1.3781E+00
  5.4305E-01 -2.9762E-01  3.2326E-01 -1.3791E+00
  5.4668E-01 -3.0169E-01  3.2528E-01 -1.3801E+00
  5.5033E-01 -3.0563E-01  3.2731E-01 -1.3809E+00
  5.5401E-01 -3.0943E-01  3.2936E-01 -1.3815E+00
  5.5771E-01 -3.1309E-01  3.3141E-01 -1.3820E+00
  5.6144E-01 -3.1661E-01  3.3348E-01 -1.3824E+00
  5.6519E-01 -3.1998E-01  3.3555E-01 -1.3826E+00
  5.6896E-01 -3.2321E-01  3.3764E-01 -1.3826E+00
  5.7276E-01 -3.2628E-01  3.3974E-01 -1.3825E+00
  5.7659E-01 -3.2921E-01  3.4184E-01 -1.3823E+00
  5.8044E-01 -3.3198E-01  3.4396E-01 -1.3819E+00
  5.8432E-01 -3.3459E-01  3.4609E-01 -1.3813E+00
  5.8822E-01 -3.3704E-01  3.4823E-01 -1.3805E+00
  5.9215E-01 -3.3932E-01  3.5039E-01 -1.3796E+00
  5.9611E-01 -3.4145E-01  3.5255E-01 -1.3785E+00
  6.0009E-01 -3.4340E-01  3.5472E-01 -1.3772E+00
  6.0410E-01 -3.4519E-01  3.5691E-01 -1.3757E+00
  6.0813E-01 -3.4681E-01  3.5910E-01 -1.3741E+00
  6.1220E-01 -3.4825E-01  3.6131E-01 -1.3722E+00
  6.1629E-01 -3.4952E-01  3.6352E-01 -1.3702E+00
  6.2040E-01 -3.5061E-01  3.6575E-01 -1.3680E+00
  6.2455E-01 -3.5152E-01  3.6799E-01 -1.3655E+00
  6.2872E-01 -3.5226E-01  3.7024E-01 -1.3629E+00
  6.3292E-01 -3.5281E-01  3.7250E-01 -1.3600E+00
  6.3715E-01 -3.5318E-01  3.7477E-01 -1.3570E+00
  6.4140E-01 -3.5337E-01  3.7705E-01 -1.3537E+00
  6.4569E-01 -3.5337E-01  3.7934E-01 -1.3502E+00
  6.5000E-01 -3.5319E-01  3.8165E-01 -1.3465E+00
  6.5434E-01 -3.5282E-01  3.8396E-01 -1.3425E+00
  6.5871E-01 -3.5226E-01  3.8628E-01 -1.3383E+00
  6.6311E-01 -3.5151E-01  3.8862E-01 -1.3339E+00
  6.6754E-01 -3.5058E-01  3.9096E-01 -1.3292E+00
  6.7200E-01 -3.4945E-01  3.9332E-01 -1.3243E+00
  6.7649E-01 -3.4814E-01  3.9569E-01 -1.3192E+00
  6.8101E-01 -3.4663E-01  3.9806E-01 -1.3137E+00
  6.8556E-01 -3.4494E-01  4.0045E-01 -1.3081E+00
  6.9014E-01 -3.4305E-01  4.0285E-01 -1.3022E+00
  6.9475E-01 -3.4098E-01  4.0526E-01 -1.2960E+00
  6.9939E-01 -3.3871E-01  4.0768E-01 -1.2895E+00
  7.0406E-01 -3.3625E-01  4.1011E-01 -1.2828E+00
  7.0876E-01 -3.3361E-01  4.1255E-01 -1.2758E+00
  7.1350E-01 -3.3077E-01  4.1500E-01 -1.2685E+00
  7.1827E-01 -3.2775E-01  4.1746E-01 -1.2609E+00
  7.2306E-01 -3.2453E-01  4.1993E-01 -1.2530E+00
  7.2789E-01 -3.2113E-01  4.2241E-01 -1.2449E+00
  7.3276E-01 -3.1754E-01  4.2490E-01 -1.2364E+00
  7.3765E-01 -3.1376E-01  4.2740E-01 -1.2276E+00
  7.4258E-01 -3.0980E-01  4.2991E-01 -1.2186E+00
  7.4754E-01 -3.0566E-01  4.3243E-01 -1.2092E+00
  7.5253E-01 -3.0133E-01  4.3496E-01 -1.1995E+00
  7.5756E-01 -2.9682E-01  4.3750E-01 -1.1895E+00
  7.6262E-01 -2.9214E-01  4.4005E-01 -1.1792E+00
  7.6771E-01 -2.8727E-01  4.4261E-01 -1.1685E+00
  7.7284E-01 -2.8222E-01  4.4517E-01 -1.1575E+00
  7.7800E-01 -2.7700E-01  4.4775E-01 -1.1462E+00
  7.8320E-01 -2.7161E-01  4.5034E-01 -1.1345E+00
  7.8843E-01 -2.6605E-01  4.5293E-01 -1.1225E+00
  7.9370E-01 -2.6031E-01  4.5554E-01 -1.1101E+00
  7.9900E-01 -2.5441E-01  4.5815E-01 -1.0974E+00
  8.0434E-01 -2.4834E-01  4.6077E-01 -1.0843E+00
  8.0971E-01 -2.4211E-01  4.6340E-01 -1.0709E+00
  8.1512E-01 -2.3572E-01  4.6604E-01 -1.0571E+00
  8.2056E-01 -2.2917E-01  4.6869E-01 -1.0430E+00
  8.2604E-01 -2.2247E-01  4.7135E-01 -1.0284E+00
  8.3156E-01 -2.1561E-01  4.7401E-01 -1.0135E+00
  8.3712E-01 -2.0860E-01  4.7668E-01 -9.9827E-01
  8.4271E-01 -2.0144E-01  4.7936E-01 -9.8261E-01
  8.4834E-01 -1.9413E-01  4.8205E-01 -9.6657E-01
  8.5400E-01 -1.8669E-01  4.8475E-01 -9.5015E-01
  8.5971E-01 -1.7910E-01  4.8745E-01 -9.3333E-01
  8.6545E-01 -1.7138E-01  4.9016E-01 -9.1612E-01
  8.7123E-01 -1.6353E-01  4.9288E-01 -8.9851E-01
  8.7705E-01 -1.5554E-01  4.9560E-01 -8.8051E-01
  8.8291E-01 -1.4743E-01  4.9833E-01 -8.6210E-01
  8.8881E-01 -1.3919E-01  5.0107E-01 -8.4329E-01
  8.9474E-01 -1.3083E-01  5.0381E-01 -8.2407E-01
  9.0072E-01 -1.2236E-01  5.0656E-01 -8.0444E-01
  9.0674E-01 -1.1377E-01  5.0932E-01 -7.8440E-01
  9.1279E-01 -1.0507E-01  5.1208E-01 -7.6395E-01
  9.1889E-01 -9.6260E-02  5.1485E-01 -7.4309E-01
  9.2503E-01 -8.7351E-02  5.1762E-01 -7.2180E-01
  9.3121E-01 -7.8341E-02  5.2040E-01 -7.0010E-01
  9.3743E-01 -6.9235E-02  5.2318E-01 -6.7798E-01
  9.4369E-01 -6.0037E-02  5.2597E-01 -6.5544E-01
  9.4999E-01 -5.0750E-02  5.2876E-01 -6.3248E-01
  9.5634E-01 -4.1377E-02  5.3156E-01 -6.0909E-01
  9.6273E-01 -3.1924E-02  5.3436E-01 -5.8529E-01
  9.6916E-01 -2.2393E-02  5.3716E-01 -5.6106E-01
  9.7563E-01 -1.2788E-02  5.3997E-01 -5.3640E-01
  9.8215E-01 -3.1135E-03  5.4278E-01 -5.1133E-01
  9.8871E-01  6.6271E-03  5.4560E-01 -4.8583E-01
  9.9531E-01  1.6430E-02  5.4841E-01 -4.5991E-01
  1.0020E+00  2.6291E-02  5.5123E-01 -4.3358E-01
  1.0087E+00  3.6206E-02  5.5405E-01 -4.0682E-01
  1.0154E+00  4.6171E-02  5.5687E-01 -3.7964E-01
  1.0222E+00  5.6183E-02  5.5969E-01 -3.5206E-01
  1.0290E+00  6.6237E-02  5.6252E-01 -3.2405E-01
  1.0359E+00  7.6330E-02  5.6534E-01 -2.9564E-01
  1.0428E+00  8.6458E-02  5.6817E-01 -2.6682E-01
  1.0498E+00  9.6616E-02  5.7099E-01 -2.3760E-01
  1.0568E+00  1.0680E-01  5.7381E-01 -2.0797E-01
  1.0638E+00  1.1701E-01  5.7664E-01 -1.7795E-01
  1.0709E+00  1.2723E-01  5.7946E-01 -1.4754E-01
  1.0781E+00  1.3747E-01  5.8228E-01 -1.1674E-01
  1.0853E+00  1.4773E-01  5.8510E-01 -8.5560E-02
  1.0925E+00  1.5798E-01  5.8791E-01 -5.4002E-02
  1.0998E+00  1.6825E-01  5.9072E-01 -2.2075E-02
  1.1072E+00  1.7851E-01  5.9353E-01  1.0216E-02
  1.1146E+00  1.8876E-01  5.9634E-01  4.2864E-02
  1.1220E+00  1.9901E-01  5.9914E-01  7.5861E-02
  1.1295E+00  2.0924E-01  6.0194E-01  1.0920E-01
  1.1371E+00  2.1946E-01  6.0473E-01  1.4287E-01
  1.1447E+00  2.2966E-01  6.0751E-01  1.7686E-01
  1.1523E+00  2.3984E-01  6.1029E-01  2.1117E-01
  1.1600E+00  2.4998E-01  6.1307E-01  2.4578E-01
  1.1677E+00  2.6010E-01  6.1583E-01  2.8069E-01
  1.1755E+00  2.7018E-01  6.1859E-01  3.1588E-01
  1.1834E+00  2.8022E-01  6.2134E-01  3.5134E-01
  1.1913E+00  2.9022E-01  6.2408E-01  3.8705E-01
  1.1993E+00  3.0018E-01  6.2681E-01  4.2302E-01
  1.2073E+00  3.1008E-01  6.2953E-01  4.5921E-01
  1.2153E+00  3.1994E-01  6.3224E-01  4.9562E-01
  1.2235E+00  3.2973E-01  6.3494E-01  5.3224E-01
  1.2316E+00  3.3947E-01  6.3763E-01  5.6904E-01
  1.2398E+00  3.4914E-01  6.4031E-01  6.0602E-01
  1.2481E+00  3.5875E-01  6.4297E-01  6.4315E-01
  1.2565E+00  3.6829E-01  6.4562E-01  6.8042E-01
  1.2649E+00  3.7776E-01  6.4825E-01  7.1781E-01
  1.2733E+00  3.8715E-01  6.5087E-01  7.5530E-01
  1.2818E+00  3.9646E-01  6.5347E-01  7.9287E-01
  1.2904E+00  4.0569E-01  6.5606E-01  8.3050E-01
  1.2990E+00  4.1483E-01  6.5863E-01  8.6818E-01
  1.3077E+00  4.2389E-01  6.6118E-01  9.0587E-01
  1.3164E+00  4.3285E-01  6.6371E-01  9.4356E-01
  1.3252E+00  4.4172E-01  6.6623E-01  9.8122E-01
  1.3340E+00  4.5050E-01  6.6872E-01  1.0188E+00
  1.3430E+00  4.5917E-01  6.7119E-01  1.0564E+00
  1.3519E+00  4.6775E-01  6.7364E-01  1.0938E+00
  1.3610E+00  4.7622E-01  6.7607E-01  1.1311E+00
  1.3700E+00  4.8458E-01  6.7847E-01  1.1683E+00
  1.3792E+00  4.9283E-01  6.8085E-01  1.2053E+00
  1.3884E+00  5.0097E-01  6.8320E-01  1.2420E+00
  1.3977E+00  5.0900E-01  6.8553E-01  1.2786E+00
  1.4070E+00  5.1691E-01  6.8783E-01  1.3148E+00
  1.4164E+00  5.2470E-01  6.9011E-01  1.3508E+00
  1.4259E+00  5.3237E-01  6.9235E-01  1.3864E+00
  1.4354E+00  5.3992E-01  6.9456E-01  1.4217E+00
  1.4450E+00  5.4735E-01  6.9675E-01  1.4566E+00
  1.4546E+00  5.5464E-01  6.9890E-01  1.4910E+00
  1.4644E+00  5.6181E-01  7.0102E-01  1.5250E+00
  1.4741E+00  5.6884E-01  7.0310E-01  1.5585E+00
  1.4840E+00  5.7575E-01  7.0516E-01  1.5915E+00
  1.4939E+00  5.8252E-01  7.0717E-01  1.6239E+00
  1.5039E+00  5.8915E-01  7.0915E-01  1.6557E+00
  1.5139E+00  5.9565E-01  7.1109E-01  1.6868E+00
  1.5240E+00  6.0201E-01  7.1299E-01  1.7173E+00
  1.5342E+00  6.0822E-01  7.1485E-01  1.7470E+00
  1.5445E+00  6.1430E-01  7.1667E-01  1.7760E+00
  1.5548E+00  6.2023E-01  7.1845E-01  1.8042E+00
  1.5652E+00  6.2602E-01  7.2019E-01  1.8315E+00
  1.5756E+00  6.3166E-01  7.2188E-01  1.8580E+00
  1.5861E+00  6.3716E-01  7.2352E-01  1.8835E+00
  1.5967E+00  6.4251E-01  7.2512E-01  1.9081E+00
  1.6074E+00  6.4771E-01  7.2667E-01  1.9317E+00
  1.6181E+00  6.5276E-01  7.2817E-01  1.9542E+00
  1.6289E+00  6.5766E-01  7.2962E-01  1.9756E+00
  1.6398E+00  6.6242E-01  7.3102E-01  1.9959E+00
  1.6508E+00  6.6701E-01  7.3237E-01  2.0151E+00
  1.6618E+00  6.7146E-01  7.3366E-01  2.0330E+00
  1.6729E+00  6.7576E-01  7.3490E-01  2.0496E+00
  1.6841E+00  6.7990E-01  7.3608E-01  2.0650E+00
  1.6953E+00  6.8388E-01  7.3721E-01  2.0790E+00
  1.7066E+00  6.8772E-01  7.3827E-01  2.0916E+00
  1.7180E+00  6.9140E-01  7.3928E-01  2.1028E+00
  1.7295E+00  6.9492E-01  7.4022E-01  2.1125E+00
  1.7411E+00  6.9829E-01  7.4111E-01  2.1206E+00
  1.7527E+00  7.0150E-01  7.4192E-01  2.1273E+00
  1.7644E+00  7.0456E-01  7.4268E-01  2.1323E+00
  1.7762E+00  7.0747E-01  7.4336E-01  2.1357E+00
  1.7881E+00  7.1022E-01  7.4398E-01  2.1374E+00
  1.8000E+00  7.1281E-01  7.4453E-01  2.1374E+00
  1.8120E+00  7.1525E-01  7.4501E-01  2.1356E+00
  1.8241E+00  7.1753E-01  7.4542E-01  2.1320E+00
  1.8363E+00  7.1966E-01  7.4575E-01  2.1266E+00
  1.8486E+00  7.2164E-01  7.4601E-01  2.1194E+00
  1.8609E+00  7.2346E-01  7.4620E-01  2.1102E+00
  1.8733E+00  7.2513E-01  7.4631E-01  2.0991E+00
  1.8859E+00  7.2665E-01  7.4634E-01  2.0860E+00
  1.8985E+00  7.2801E-01  7.4629E-01  2.0710E+00
  1.9111E+00  7.2923E-01  7.4616E-01  2.0539E+00
  1.9239E+00  7.3029E-01  7.4596E-01  2.0348E+00
  1.9367E+00  7.3120E-01  7.4566E-01  2.0136E+00
  1.9497E+00  7.3196E-01  7.4529E-01  1.9903E+00
  1.9627E+00  7.3257E-01  7.4483E-01  1.9649E+00
  1.9758E+00  7.3304E-01  7.4428E-01  1.9373E+00
  1.9890E+00  7.3335E-01  7.4365E-01  1.9076E+00
  2.0023E+00  7.3352E-01  7.4293E-01  1.8758E+00
  2.0157E+00  7.3355E-01  7.4212E-01  1.8418E+00
  2.0291E+00  7.3343E-01  7.4122E-01  1.8055E+00
  2.0427E+00  7.3317E-01  7.4023E-01  1.7671E+00
  2.0563E+00  7.3276E-01  7.3915E-01  1.7265E+00
  2.0701E+00  7.3222E-01  7.3797E-01  1.6837E+00
  2.0839E+00  7.3153E-01  7.3670E-01  1.6387E+00
  2.0978E+00  7.3071E-01  7.3534E-01  1.5915E+00
  2.1118E+00  7.2975E-01  7.3388E-01  1.5421E+00
  2.1259E+00  7.2865E-01  7.3232E-01  1.4906E+00
  2.1401E+00  7.2742E-01  7.3067E-01  1.4369E+00
  2.1544E+00  7.2605E-01  7.2892E-01  1.3810E+00
  2.1688E+00  7.2455E-01  7.2707E-01  1.3230E+00
  2.1833E+00  7.2292E-01  7.2513E-01  1.2629E+00
  2.1979E+00  7.2117E-01  7.2309E-01  1.2007E+00
  2.2126E+00  7.1928E-01  7.2094E-01  1.1364E+00
  2.2273E+00  7.1727E-01  7.1870E-01  1.0701E+00
  2.2422E+00  7.1513E-01  7.1636E-01  1.0018E+00
  2.2572E+00  7.1288E-01  7.1392E-01  9.3157E-01
  2.2723E+00  7.1050E-01  7.1138E-01  8.5937E-01
  2.2874E+00  7.0800E-01  7.0873E-01  7.8527E-01
  2.3027E+00  7.0538E-01  7.0599E-01  7.0931E-01
  2.3181E+00  7.0265E-01  7.0315E-01  6.3478E-01
  2.3336E+00  6.9980E-01  7.0021E-01  5.6492E-01
  2.3492E+00  6.9684E-01  6.9718E-01  4.9968E-01
  2.3649E+00  6.9377E-01  6.9404E-01  4.3900E-01
  2.3806E+00  6.9060E-01  6.9081E-01  3.8282E-01
  2.3965E+00  6.8731E-01  6.8748E-01  3.3108E-01
  2.4126E+00  6.8392E-01  6.8405E-01  2.8369E-01
  2.4287E+00  6.8043E-01  6.8052E-01  2.4056E-01
  2.4449E+00  6.7684E-01  6.7691E-01  2.0159E-01
  2.4612E+00  6.7315E-01  6.7320E-01  1.6667E-01
  2.4777E+00  6.6936E-01  6.6939E-01  1.3567E-01
  2.4942E+00  6.6547E-01  6.6550E-01  1.0844E-01
  2.5109E+00  6.6150E-01  6.6151E-01  8.4834E-02
  2.5276E+00  6.5743E-01  6.5744E-01  6.4673E-02
  2.5445E+00  6.5328E-01  6.5328E-01  4.7766E-02
  2.5615E+00  6.4904E-01  6.4904E-01  3.3901E-02
  2.5786E+00  6.4471E-01  6.4471E-01  2.2846E-02
  2.5958E+00  6.4030E-01  6.4030E-01  1.4348E-02
  2.6132E+00  6.3581E-01  6.3581E-01  8.1278E-03
  2.6306E+00  6.3125E-01  6.3125E-01  3.8819E-03
  2.6482E+00  6.2661E-01  6.2661E-01  1.2791E-03
  2.6659E+00  6.2189E-01  6.2189E-01 -4.1156E-05
  2.6837E+00  6.1710E-01  6.1710E-01 -4.7061E-04
  2.7016E+00  6.1225E-01  6.1225E-01  0.0000E+00
  2.7197E+00  6.0733E-01  6.0733E-01  0.0000E+00
  2.7378E+00  6.0234E-01  6.0234E-01  0.0000E+00
  2.7561E+00  5.9729E-01  5.9729E-01  0.0000E+00
  2.7745E+00  5.9218E-01  5.9218E-01  0.0000E+00
  2.7931E+00  5.8701E-01  5.8701E-01  0.0000E+00
  2.8117E+00  5.8179E-01  5.8179E-01  0.0000E+00
  2.8305E+00  5.7651E-01  5.7651E-01  0.0000E+00
  2.8494E+00  5.7118E-01  5.7118E-01  0.0000E+00
  2.8684E+00  5.6580E-01  5.6580E-01  0.0000E+00
  2.8876E+00  5.6038E-01  5.6038E-01  0.0000E+00
  2.9069E+00  5.5491E-01  5.5491E-01  0.0000E+00
  2.9263E+00  5.4940E-01  5.4940E-01  0.0000E+00
  2.9458E+00  5.4384E-01  5.4384E-01  0.0000E+00
  2.9655E+00  5.3825E-01  5.3825E-01  0.0000E+00
  2.9853E+00  5.3263E-01  5.3263E-01  0.0000E+00
  3.0052E+00  5.2697E-01  5.2697E-01  0.0000E+00
  3.0253E+00  5.2128E-01  5.2128E-01  0.0000E+00
  3.0455E+00  5.1556E-01  5.1556E-01  0.0000E+00
  3.0659E+00  5.0981E-01  5.0981E-01  0.0000E+00
  3.0863E+00  5.0403E-01  5.0403E-01  0.0000E+00
  3.1070E+00  4.9824E-01  4.9824E-01  0.0000E+00
  3.1277E+00  4.9242E-01  4.9242E-01  0.0000E+00
  3.1486E+00  4.8659E-01  4.8659E-01  0.0000E+00
  3.1696E+00  4.8074E-01  4.8074E-01  0.0000E+00
  3.1908E+00  4.7487E-01  4.7487E-01  0.0000E+00
  3.2121E+00  4.6899E-01  4.6899E-01  0.0000E+00
  3.2336E+00  4.6310E-01  4.6310E-01  0.0000E+00
  3.2552E+00  4.5720E-01  4.5720E-01  0.0000E+00
  3.2769E+00  4.5130E-01  4.5130E-01  0.0000E+00
  3.2988E+00  4.4539E-01  4.4539E-01  0.0000E+00
  3.3208E+00  4.3948E-01  4.3948E-01  0.0000E+00
  3.3430E+00  4.3357E-01  4.3357E-01  0.0000E+00
  3.3653E+00  4.2766E-01  4.2766E-01  0.0000E+00
  3.3878E+00  4.2175E-01  4.2175E-01  0.0000E+00
  3.4104E+00  4.1585E-01  4.1585E-01  0.0000E+00
  3.4332E+00  4.0996E-01  4.0996E-01  0.0000E+00
  3.4561E+00  4.0407E-01  4.0407E-01  0.0000E+00
  3.4792E+00  3.9820E-01  3.9820E-01  0.0000E+00
  3.5025E+00  3.9234E-01  3.9234E-01  0.0000E+00
  3.5258E+00  3.8649E-01  3.8649E-01  0.0000E+00
  3.5494E+00  3.8066E-01  3.8066E-01  0.0000E+00
  3.5731E+00  3.7484E-01  3.7484E-01  0.0000E+00
  3.5970E+00  3.6905E-01  3.6905E-01  0.0000E+00
  3.6210E+00  3.6327E-01  3.6327E-01  0.0000E+00
  3.6452E+00  3.5752E-01  3.5752E-01  0.0000E+00
  3.6695E+00  3.5179E-01  3.5179E-01  0.0000E+00
  3.6940E+00  3.4609E-01  3.4609E-01  0.0000E+00
  3.7187E+00  3.4041E-01  3.4041E-01  0.0000E+00
  3.7435E+00  3.3477E-01  3.3477E-01  0.0000E+00
  3.7685E+00  3.2915E-01  3.2915E-01  0.0000E+00
