 # l=           0 basis function with energy     3.0000000000000000     
  0.0000E+00 -0.0000E+00 -0.0000E+00  0.0000E+00
  8.8912E-07 -4.7067E-05 -2.2409E-06 -2.3107E-06
  1.7842E-06 -9.0015E-05 -4.4967E-06 -4.6367E-06
  2.6852E-06 -1.3170E-04 -6.7677E-06 -6.9783E-06
  3.5923E-06 -1.7268E-04 -9.0537E-06 -9.3356E-06
  4.5054E-06 -2.1321E-04 -1.1355E-05 -1.1709E-05
  5.4246E-06 -2.5343E-04 -1.3672E-05 -1.4097E-05
  6.3499E-06 -2.9344E-04 -1.6004E-05 -1.6502E-05
  7.2815E-06 -3.3331E-04 -1.8352E-05 -1.8923E-05
  8.2192E-06 -3.7309E-04 -2.0715E-05 -2.1360E-05
  9.1632E-06 -4.1281E-04 -2.3094E-05 -2.3813E-05
  1.0114E-05 -4.5251E-04 -2.5490E-05 -2.6283E-05
  1.1070E-05 -4.9221E-04 -2.7901E-05 -2.8769E-05
  1.2033E-05 -5.3194E-04 -3.0328E-05 -3.1272E-05
  1.3003E-05 -5.7170E-04 -3.2771E-05 -3.3792E-05
  1.3979E-05 -6.1153E-04 -3.5231E-05 -3.6328E-05
  1.4961E-05 -6.5141E-04 -3.7707E-05 -3.8881E-05
  1.5950E-05 -6.9138E-04 -4.0200E-05 -4.1452E-05
  1.6946E-05 -7.3144E-04 -4.2709E-05 -4.4039E-05
  1.7948E-05 -7.7160E-04 -4.5236E-05 -4.6644E-05
  1.8957E-05 -8.1187E-04 -4.7779E-05 -4.9266E-05
  1.9973E-05 -8.5225E-04 -5.0339E-05 -5.1906E-05
  2.0995E-05 -8.9275E-04 -5.2916E-05 -5.4563E-05
  2.2025E-05 -9.3339E-04 -5.5510E-05 -5.7238E-05
  2.3061E-05 -9.7416E-04 -5.8122E-05 -5.9931E-05
  2.4104E-05 -1.0151E-03 -6.0751E-05 -6.2642E-05
  2.5154E-05 -1.0561E-03 -6.3397E-05 -6.5371E-05
  2.6211E-05 -1.0973E-03 -6.6062E-05 -6.8118E-05
  2.7275E-05 -1.1387E-03 -6.8744E-05 -7.0884E-05
  2.8347E-05 -1.1802E-03 -7.1444E-05 -7.3668E-05
  2.9425E-05 -1.2219E-03 -7.4162E-05 -7.6470E-05
  3.0511E-05 -1.2637E-03 -7.6898E-05 -7.9292E-05
  3.1604E-05 -1.3057E-03 -7.9652E-05 -8.2132E-05
  3.2704E-05 -1.3479E-03 -8.2425E-05 -8.4991E-05
  3.3811E-05 -1.3903E-03 -8.5217E-05 -8.7869E-05
  3.4926E-05 -1.4329E-03 -8.8027E-05 -9.0767E-05
  3.6049E-05 -1.4756E-03 -9.0855E-05 -9.3684E-05
  3.7179E-05 -1.5185E-03 -9.3703E-05 -9.6620E-05
  3.8316E-05 -1.5616E-03 -9.6570E-05 -9.9576E-05
  3.9461E-05 -1.6049E-03 -9.9456E-05 -1.0255E-04
  4.0614E-05 -1.6485E-03 -1.0236E-04 -1.0555E-04
  4.1774E-05 -1.6922E-03 -1.0529E-04 -1.0856E-04
  4.2942E-05 -1.7361E-03 -1.0823E-04 -1.1160E-04
  4.4118E-05 -1.7802E-03 -1.1119E-04 -1.1465E-04
  4.5302E-05 -1.8245E-03 -1.1418E-04 -1.1773E-04
  4.6494E-05 -1.8690E-03 -1.1718E-04 -1.2083E-04
  4.7693E-05 -1.9138E-03 -1.2020E-04 -1.2395E-04
  4.8901E-05 -1.9587E-03 -1.2325E-04 -1.2708E-04
  5.0117E-05 -2.0039E-03 -1.2631E-04 -1.3024E-04
  5.1340E-05 -2.0493E-03 -1.2940E-04 -1.3342E-04
  5.2572E-05 -2.0949E-03 -1.3250E-04 -1.3663E-04
  5.3813E-05 -2.1407E-03 -1.3563E-04 -1.3985E-04
  5.5061E-05 -2.1868E-03 -1.3877E-04 -1.4309E-04
  5.6318E-05 -2.2331E-03 -1.4194E-04 -1.4636E-04
  5.7583E-05 -2.2796E-03 -1.4513E-04 -1.4965E-04
  5.8857E-05 -2.3263E-03 -1.4834E-04 -1.5296E-04
  6.0139E-05 -2.3733E-03 -1.5157E-04 -1.5629E-04
  6.1430E-05 -2.4206E-03 -1.5482E-04 -1.5964E-04
  6.2729E-05 -2.4680E-03 -1.5810E-04 -1.6302E-04
  6.4037E-05 -2.5157E-03 -1.6140E-04 -1.6642E-04
  6.5354E-05 -2.5637E-03 -1.6472E-04 -1.6984E-04
  6.6680E-05 -2.6119E-03 -1.6806E-04 -1.7329E-04
  6.8014E-05 -2.6603E-03 -1.7142E-04 -1.7676E-04
  6.9358E-05 -2.7090E-03 -1.7481E-04 -1.8025E-04
  7.0710E-05 -2.7580E-03 -1.7821E-04 -1.8376E-04
  7.2071E-05 -2.8072E-03 -1.8164E-04 -1.8730E-04
  7.3442E-05 -2.8566E-03 -1.8510E-04 -1.9086E-04
  7.4821E-05 -2.9063E-03 -1.8858E-04 -1.9445E-04
  7.6210E-05 -2.9563E-03 -1.9208E-04 -1.9806E-04
  7.7608E-05 -3.0066E-03 -1.9560E-04 -2.0169E-04
  7.9016E-05 -3.0571E-03 -1.9915E-04 -2.0535E-04
  8.0433E-05 -3.1078E-03 -2.0272E-04 -2.0903E-04
  8.1859E-05 -3.1589E-03 -2.0631E-04 -2.1274E-04
  8.3295E-05 -3.2102E-03 -2.0993E-04 -2.1647E-04
  8.4740E-05 -3.2618E-03 -2.1357E-04 -2.2022E-04
  8.6195E-05 -3.3136E-03 -2.1724E-04 -2.2400E-04
  8.7660E-05 -3.3658E-03 -2.2093E-04 -2.2781E-04
  8.9135E-05 -3.4182E-03 -2.2465E-04 -2.3164E-04
  9.0619E-05 -3.4709E-03 -2.2839E-04 -2.3550E-04
  9.2113E-05 -3.5239E-03 -2.3216E-04 -2.3938E-04
  9.3618E-05 -3.5771E-03 -2.3595E-04 -2.4329E-04
  9.5132E-05 -3.6307E-03 -2.3977E-04 -2.4723E-04
  9.6656E-05 -3.6845E-03 -2.4361E-04 -2.5119E-04
  9.8191E-05 -3.7386E-03 -2.4748E-04 -2.5518E-04
  9.9736E-05 -3.7931E-03 -2.5137E-04 -2.5919E-04
  1.0129E-04 -3.8478E-03 -2.5529E-04 -2.6324E-04
  1.0286E-04 -3.9028E-03 -2.5923E-04 -2.6730E-04
  1.0443E-04 -3.9581E-03 -2.6321E-04 -2.7140E-04
  1.0602E-04 -4.0137E-03 -2.6721E-04 -2.7552E-04
  1.0762E-04 -4.0697E-03 -2.7123E-04 -2.7967E-04
  1.0922E-04 -4.1259E-03 -2.7528E-04 -2.8385E-04
  1.1084E-04 -4.1824E-03 -2.7936E-04 -2.8806E-04
  1.1247E-04 -4.2393E-03 -2.8347E-04 -2.9229E-04
  1.1411E-04 -4.2964E-03 -2.8760E-04 -2.9656E-04
  1.1576E-04 -4.3539E-03 -2.9177E-04 -3.0085E-04
  1.1743E-04 -4.4117E-03 -2.9595E-04 -3.0517E-04
  1.1910E-04 -4.4698E-03 -3.0017E-04 -3.0952E-04
  1.2078E-04 -4.5282E-03 -3.0442E-04 -3.1389E-04
  1.2248E-04 -4.5870E-03 -3.0869E-04 -3.1830E-04
  1.2419E-04 -4.6461E-03 -3.1299E-04 -3.2274E-04
  1.2591E-04 -4.7055E-03 -3.1733E-04 -3.2720E-04
  1.2764E-04 -4.7652E-03 -3.2169E-04 -3.3170E-04
  1.2938E-04 -4.8252E-03 -3.2608E-04 -3.3623E-04
  1.3113E-04 -4.8856E-03 -3.3049E-04 -3.4078E-04
  1.3290E-04 -4.9464E-03 -3.3494E-04 -3.4537E-04
  1.3467E-04 -5.0074E-03 -3.3942E-04 -3.4999E-04
  1.3646E-04 -5.0688E-03 -3.4393E-04 -3.5463E-04
  1.3826E-04 -5.1306E-03 -3.4847E-04 -3.5931E-04
  1.4007E-04 -5.1927E-03 -3.5303E-04 -3.6402E-04
  1.4190E-04 -5.2551E-03 -3.5763E-04 -3.6877E-04
  1.4373E-04 -5.3179E-03 -3.6226E-04 -3.7354E-04
  1.4558E-04 -5.3810E-03 -3.6692E-04 -3.7834E-04
  1.4745E-04 -5.4445E-03 -3.7161E-04 -3.8318E-04
  1.4932E-04 -5.5084E-03 -3.7634E-04 -3.8805E-04
  1.5121E-04 -5.5726E-03 -3.8109E-04 -3.9295E-04
  1.5310E-04 -5.6371E-03 -3.8588E-04 -3.9789E-04
  1.5502E-04 -5.7021E-03 -3.9069E-04 -4.0286E-04
  1.5694E-04 -5.7673E-03 -3.9554E-04 -4.0786E-04
  1.5888E-04 -5.8330E-03 -4.0043E-04 -4.1289E-04
  1.6083E-04 -5.8990E-03 -4.0534E-04 -4.1796E-04
  1.6279E-04 -5.9654E-03 -4.1029E-04 -4.2306E-04
  1.6477E-04 -6.0322E-03 -4.1527E-04 -4.2820E-04
  1.6676E-04 -6.0993E-03 -4.2029E-04 -4.3337E-04
  1.6876E-04 -6.1668E-03 -4.2533E-04 -4.3857E-04
  1.7078E-04 -6.2347E-03 -4.3042E-04 -4.4381E-04
  1.7281E-04 -6.3030E-03 -4.3553E-04 -4.4909E-04
  1.7485E-04 -6.3717E-03 -4.4068E-04 -4.5440E-04
  1.7691E-04 -6.4407E-03 -4.4586E-04 -4.5974E-04
  1.7898E-04 -6.5102E-03 -4.5108E-04 -4.6513E-04
  1.8106E-04 -6.5800E-03 -4.5634E-04 -4.7054E-04
  1.8316E-04 -6.6502E-03 -4.6163E-04 -4.7600E-04
  1.8527E-04 -6.7208E-03 -4.6695E-04 -4.8149E-04
  1.8740E-04 -6.7919E-03 -4.7231E-04 -4.8701E-04
  1.8954E-04 -6.8633E-03 -4.7770E-04 -4.9258E-04
  1.9169E-04 -6.9351E-03 -4.8314E-04 -4.9818E-04
  1.9386E-04 -7.0073E-03 -4.8860E-04 -5.0381E-04
  1.9605E-04 -7.0800E-03 -4.9411E-04 -5.0949E-04
  1.9825E-04 -7.1530E-03 -4.9965E-04 -5.1520E-04
  2.0046E-04 -7.2265E-03 -5.0523E-04 -5.2095E-04
  2.0269E-04 -7.3004E-03 -5.1084E-04 -5.2674E-04
  2.0493E-04 -7.3747E-03 -5.1649E-04 -5.3257E-04
  2.0719E-04 -7.4494E-03 -5.2218E-04 -5.3844E-04
  2.0946E-04 -7.5246E-03 -5.2791E-04 -5.4435E-04
  2.1175E-04 -7.6001E-03 -5.3368E-04 -5.5029E-04
  2.1405E-04 -7.6761E-03 -5.3948E-04 -5.5628E-04
  2.1637E-04 -7.7526E-03 -5.4533E-04 -5.6230E-04
  2.1870E-04 -7.8294E-03 -5.5121E-04 -5.6837E-04
  2.2105E-04 -7.9067E-03 -5.5713E-04 -5.7448E-04
  2.2342E-04 -7.9845E-03 -5.6309E-04 -5.8062E-04
  2.2580E-04 -8.0626E-03 -5.6910E-04 -5.8681E-04
  2.2820E-04 -8.1413E-03 -5.7514E-04 -5.9304E-04
  2.3061E-04 -8.2203E-03 -5.8122E-04 -5.9931E-04
  2.3304E-04 -8.2999E-03 -5.8734E-04 -6.0563E-04
  2.3549E-04 -8.3798E-03 -5.9351E-04 -6.1198E-04
  2.3795E-04 -8.4603E-03 -5.9971E-04 -6.1838E-04
  2.4043E-04 -8.5411E-03 -6.0596E-04 -6.2482E-04
  2.4292E-04 -8.6225E-03 -6.1224E-04 -6.3130E-04
  2.4543E-04 -8.7043E-03 -6.1857E-04 -6.3783E-04
  2.4796E-04 -8.7866E-03 -6.2495E-04 -6.4440E-04
  2.5051E-04 -8.8693E-03 -6.3136E-04 -6.5102E-04
  2.5307E-04 -8.9525E-03 -6.3782E-04 -6.5768E-04
  2.5565E-04 -9.0362E-03 -6.4432E-04 -6.6438E-04
  2.5824E-04 -9.1204E-03 -6.5086E-04 -6.7113E-04
  2.6086E-04 -9.2050E-03 -6.5745E-04 -6.7792E-04
  2.6349E-04 -9.2901E-03 -6.6408E-04 -6.8476E-04
  2.6614E-04 -9.3757E-03 -6.7076E-04 -6.9164E-04
  2.6880E-04 -9.4618E-03 -6.7748E-04 -6.9857E-04
  2.7149E-04 -9.5484E-03 -6.8425E-04 -7.0555E-04
  2.7419E-04 -9.6355E-03 -6.9106E-04 -7.1257E-04
  2.7691E-04 -9.7230E-03 -6.9791E-04 -7.1964E-04
  2.7965E-04 -9.8111E-03 -7.0481E-04 -7.2676E-04
  2.8241E-04 -9.8997E-03 -7.1176E-04 -7.3392E-04
  2.8518E-04 -9.9887E-03 -7.1876E-04 -7.4113E-04
  2.8798E-04 -1.0078E-02 -7.2580E-04 -7.4839E-04
  2.9079E-04 -1.0168E-02 -7.3289E-04 -7.5570E-04
  2.9362E-04 -1.0259E-02 -7.4002E-04 -7.6306E-04
  2.9647E-04 -1.0350E-02 -7.4721E-04 -7.7047E-04
  2.9934E-04 -1.0442E-02 -7.5444E-04 -7.7792E-04
  3.0223E-04 -1.0534E-02 -7.6172E-04 -7.8543E-04
  3.0513E-04 -1.0627E-02 -7.6904E-04 -7.9299E-04
  3.0806E-04 -1.0720E-02 -7.7642E-04 -8.0059E-04
  3.1101E-04 -1.0814E-02 -7.8385E-04 -8.0825E-04
  3.1397E-04 -1.0908E-02 -7.9132E-04 -8.1596E-04
  3.1696E-04 -1.1003E-02 -7.9885E-04 -8.2372E-04
  3.1997E-04 -1.1098E-02 -8.0643E-04 -8.3153E-04
  3.2299E-04 -1.1194E-02 -8.1405E-04 -8.3939E-04
  3.2604E-04 -1.1290E-02 -8.2173E-04 -8.4731E-04
  3.2911E-04 -1.1387E-02 -8.2946E-04 -8.5528E-04
  3.3219E-04 -1.1485E-02 -8.3724E-04 -8.6330E-04
  3.3530E-04 -1.1583E-02 -8.4507E-04 -8.7138E-04
  3.3843E-04 -1.1682E-02 -8.5296E-04 -8.7951E-04
  3.4158E-04 -1.1781E-02 -8.6089E-04 -8.8769E-04
  3.4475E-04 -1.1880E-02 -8.6888E-04 -8.9593E-04
  3.4794E-04 -1.1981E-02 -8.7693E-04 -9.0423E-04
  3.5115E-04 -1.2082E-02 -8.8503E-04 -9.1258E-04
  3.5439E-04 -1.2183E-02 -8.9318E-04 -9.2098E-04
  3.5764E-04 -1.2285E-02 -9.0138E-04 -9.2944E-04
  3.6092E-04 -1.2388E-02 -9.0964E-04 -9.3796E-04
  3.6422E-04 -1.2491E-02 -9.1796E-04 -9.4654E-04
  3.6754E-04 -1.2595E-02 -9.2633E-04 -9.5517E-04
  3.7089E-04 -1.2699E-02 -9.3476E-04 -9.6386E-04
  3.7425E-04 -1.2804E-02 -9.4324E-04 -9.7261E-04
  3.7764E-04 -1.2910E-02 -9.5178E-04 -9.8141E-04
  3.8105E-04 -1.3016E-02 -9.6038E-04 -9.9028E-04
  3.8449E-04 -1.3123E-02 -9.6904E-04 -9.9920E-04
  3.8794E-04 -1.3230E-02 -9.7775E-04 -1.0082E-03
  3.9142E-04 -1.3338E-02 -9.8652E-04 -1.0172E-03
  3.9493E-04 -1.3447E-02 -9.9535E-04 -1.0263E-03
  3.9845E-04 -1.3556E-02 -1.0042E-03 -1.0355E-03
  4.0200E-04 -1.3666E-02 -1.0132E-03 -1.0447E-03
  4.0558E-04 -1.3776E-02 -1.0222E-03 -1.0540E-03
  4.0917E-04 -1.3887E-02 -1.0313E-03 -1.0634E-03
  4.1280E-04 -1.3999E-02 -1.0404E-03 -1.0728E-03
  4.1644E-04 -1.4112E-02 -1.0496E-03 -1.0823E-03
  4.2011E-04 -1.4225E-02 -1.0588E-03 -1.0918E-03
  4.2381E-04 -1.4338E-02 -1.0681E-03 -1.1014E-03
  4.2753E-04 -1.4452E-02 -1.0775E-03 -1.1111E-03
  4.3127E-04 -1.4567E-02 -1.0870E-03 -1.1208E-03
  4.3504E-04 -1.4683E-02 -1.0965E-03 -1.1306E-03
  4.3884E-04 -1.4799E-02 -1.1060E-03 -1.1404E-03
  4.4266E-04 -1.4916E-02 -1.1156E-03 -1.1504E-03
  4.4650E-04 -1.5034E-02 -1.1253E-03 -1.1604E-03
  4.5037E-04 -1.5152E-02 -1.1351E-03 -1.1704E-03
  4.5427E-04 -1.5271E-02 -1.1449E-03 -1.1806E-03
  4.5819E-04 -1.5390E-02 -1.1548E-03 -1.1908E-03
  4.6214E-04 -1.5510E-02 -1.1648E-03 -1.2010E-03
  4.6612E-04 -1.5631E-02 -1.1748E-03 -1.2113E-03
  4.7012E-04 -1.5753E-02 -1.1849E-03 -1.2217E-03
  4.7415E-04 -1.5875E-02 -1.1950E-03 -1.2322E-03
  4.7820E-04 -1.5998E-02 -1.2052E-03 -1.2428E-03
  4.8229E-04 -1.6122E-02 -1.2155E-03 -1.2534E-03
  4.8640E-04 -1.6246E-02 -1.2259E-03 -1.2641E-03
  4.9053E-04 -1.6371E-02 -1.2363E-03 -1.2748E-03
  4.9470E-04 -1.6497E-02 -1.2468E-03 -1.2856E-03
  4.9889E-04 -1.6623E-02 -1.2574E-03 -1.2965E-03
  5.0311E-04 -1.6750E-02 -1.2680E-03 -1.3075E-03
  5.0736E-04 -1.6878E-02 -1.2787E-03 -1.3185E-03
  5.1164E-04 -1.7007E-02 -1.2895E-03 -1.3297E-03
  5.1595E-04 -1.7136E-02 -1.3004E-03 -1.3408E-03
  5.2028E-04 -1.7266E-02 -1.3113E-03 -1.3521E-03
  5.2465E-04 -1.7397E-02 -1.3223E-03 -1.3635E-03
  5.2904E-04 -1.7528E-02 -1.3334E-03 -1.3749E-03
  5.3346E-04 -1.7661E-02 -1.3445E-03 -1.3864E-03
  5.3791E-04 -1.7794E-02 -1.3557E-03 -1.3979E-03
  5.4239E-04 -1.7927E-02 -1.3670E-03 -1.4096E-03
  5.4691E-04 -1.8062E-02 -1.3784E-03 -1.4213E-03
  5.5145E-04 -1.8197E-02 -1.3898E-03 -1.4331E-03
  5.5602E-04 -1.8333E-02 -1.4014E-03 -1.4450E-03
  5.6062E-04 -1.8470E-02 -1.4130E-03 -1.4569E-03
  5.6526E-04 -1.8607E-02 -1.4246E-03 -1.4690E-03
  5.6992E-04 -1.8746E-02 -1.4364E-03 -1.4811E-03
  5.7462E-04 -1.8885E-02 -1.4482E-03 -1.4933E-03
  5.7934E-04 -1.9024E-02 -1.4601E-03 -1.5056E-03
  5.8410E-04 -1.9165E-02 -1.4721E-03 -1.5180E-03
  5.8889E-04 -1.9306E-02 -1.4842E-03 -1.5304E-03
  5.9371E-04 -1.9448E-02 -1.4964E-03 -1.5429E-03
  5.9857E-04 -1.9591E-02 -1.5086E-03 -1.5556E-03
  6.0345E-04 -1.9735E-02 -1.5209E-03 -1.5683E-03
  6.0837E-04 -1.9880E-02 -1.5333E-03 -1.5810E-03
  6.1333E-04 -2.0025E-02 -1.5458E-03 -1.5939E-03
  6.1831E-04 -2.0171E-02 -1.5584E-03 -1.6069E-03
  6.2333E-04 -2.0318E-02 -1.5710E-03 -1.6199E-03
  6.2838E-04 -2.0466E-02 -1.5837E-03 -1.6330E-03
  6.3347E-04 -2.0615E-02 -1.5966E-03 -1.6463E-03
  6.3859E-04 -2.0764E-02 -1.6095E-03 -1.6596E-03
  6.4374E-04 -2.0914E-02 -1.6225E-03 -1.6730E-03
  6.4893E-04 -2.1065E-02 -1.6355E-03 -1.6864E-03
  6.5415E-04 -2.1217E-02 -1.6487E-03 -1.7000E-03
  6.5941E-04 -2.1370E-02 -1.6619E-03 -1.7137E-03
  6.6470E-04 -2.1524E-02 -1.6753E-03 -1.7274E-03
  6.7003E-04 -2.1678E-02 -1.6887E-03 -1.7413E-03
  6.7540E-04 -2.1833E-02 -1.7022E-03 -1.7552E-03
  6.8080E-04 -2.1990E-02 -1.7158E-03 -1.7693E-03
  6.8623E-04 -2.2147E-02 -1.7295E-03 -1.7834E-03
  6.9170E-04 -2.2305E-02 -1.7433E-03 -1.7976E-03
  6.9721E-04 -2.2463E-02 -1.7572E-03 -1.8119E-03
  7.0276E-04 -2.2623E-02 -1.7712E-03 -1.8263E-03
  7.0834E-04 -2.2783E-02 -1.7853E-03 -1.8408E-03
  7.1396E-04 -2.2945E-02 -1.7994E-03 -1.8554E-03
  7.1962E-04 -2.3107E-02 -1.8137E-03 -1.8701E-03
  7.2531E-04 -2.3270E-02 -1.8280E-03 -1.8849E-03
  7.3105E-04 -2.3434E-02 -1.8425E-03 -1.8998E-03
  7.3682E-04 -2.3599E-02 -1.8570E-03 -1.9148E-03
  7.4263E-04 -2.3765E-02 -1.8717E-03 -1.9299E-03
  7.4848E-04 -2.3932E-02 -1.8864E-03 -1.9451E-03
  7.5437E-04 -2.4100E-02 -1.9013E-03 -1.9604E-03
  7.6029E-04 -2.4268E-02 -1.9162E-03 -1.9759E-03
  7.6626E-04 -2.4438E-02 -1.9312E-03 -1.9914E-03
  7.7227E-04 -2.4608E-02 -1.9464E-03 -2.0070E-03
  7.7831E-04 -2.4779E-02 -1.9616E-03 -2.0227E-03
  7.8440E-04 -2.4952E-02 -1.9770E-03 -2.0385E-03
  7.9053E-04 -2.5125E-02 -1.9924E-03 -2.0544E-03
  7.9670E-04 -2.5299E-02 -2.0080E-03 -2.0705E-03
  8.0291E-04 -2.5474E-02 -2.0236E-03 -2.0866E-03
  8.0916E-04 -2.5650E-02 -2.0394E-03 -2.1028E-03
  8.1545E-04 -2.5827E-02 -2.0552E-03 -2.1192E-03
  8.2179E-04 -2.6005E-02 -2.0712E-03 -2.1357E-03
  8.2816E-04 -2.6184E-02 -2.0873E-03 -2.1522E-03
  8.3458E-04 -2.6364E-02 -2.1034E-03 -2.1689E-03
  8.4105E-04 -2.6545E-02 -2.1197E-03 -2.1857E-03
  8.4755E-04 -2.6727E-02 -2.1361E-03 -2.2026E-03
  8.5410E-04 -2.6910E-02 -2.1526E-03 -2.2196E-03
  8.6070E-04 -2.7094E-02 -2.1693E-03 -2.2368E-03
  8.6733E-04 -2.7279E-02 -2.1860E-03 -2.2540E-03
  8.7402E-04 -2.7464E-02 -2.2028E-03 -2.2714E-03
  8.8074E-04 -2.7651E-02 -2.2198E-03 -2.2889E-03
  8.8751E-04 -2.7839E-02 -2.2368E-03 -2.3065E-03
  8.9433E-04 -2.8028E-02 -2.2540E-03 -2.3242E-03
  9.0119E-04 -2.8218E-02 -2.2713E-03 -2.3420E-03
  9.0810E-04 -2.8409E-02 -2.2887E-03 -2.3600E-03
  9.1505E-04 -2.8600E-02 -2.3063E-03 -2.3780E-03
  9.2205E-04 -2.8793E-02 -2.3239E-03 -2.3962E-03
  9.2910E-04 -2.8987E-02 -2.3417E-03 -2.4146E-03
  9.3620E-04 -2.9182E-02 -2.3595E-03 -2.4330E-03
  9.4334E-04 -2.9378E-02 -2.3775E-03 -2.4515E-03
  9.5053E-04 -2.9575E-02 -2.3957E-03 -2.4702E-03
  9.5776E-04 -2.9773E-02 -2.4139E-03 -2.4890E-03
  9.6505E-04 -2.9973E-02 -2.4323E-03 -2.5080E-03
  9.7238E-04 -3.0173E-02 -2.4507E-03 -2.5270E-03
  9.7977E-04 -3.0374E-02 -2.4694E-03 -2.5462E-03
  9.8720E-04 -3.0576E-02 -2.4881E-03 -2.5655E-03
  9.9468E-04 -3.0780E-02 -2.5069E-03 -2.5850E-03
  1.0022E-03 -3.0984E-02 -2.5259E-03 -2.6046E-03
  1.0098E-03 -3.1190E-02 -2.5450E-03 -2.6243E-03
  1.0174E-03 -3.1397E-02 -2.5643E-03 -2.6441E-03
  1.0251E-03 -3.1604E-02 -2.5836E-03 -2.6641E-03
  1.0328E-03 -3.1813E-02 -2.6031E-03 -2.6842E-03
  1.0406E-03 -3.2023E-02 -2.6228E-03 -2.7044E-03
  1.0485E-03 -3.2234E-02 -2.6425E-03 -2.7248E-03
  1.0564E-03 -3.2446E-02 -2.6624E-03 -2.7453E-03
  1.0643E-03 -3.2660E-02 -2.6824E-03 -2.7659E-03
  1.0723E-03 -3.2874E-02 -2.7026E-03 -2.7867E-03
  1.0804E-03 -3.3089E-02 -2.7229E-03 -2.8076E-03
  1.0885E-03 -3.3306E-02 -2.7433E-03 -2.8287E-03
  1.0966E-03 -3.3524E-02 -2.7639E-03 -2.8499E-03
  1.1048E-03 -3.3743E-02 -2.7846E-03 -2.8713E-03
  1.1131E-03 -3.3963E-02 -2.8054E-03 -2.8927E-03
  1.1214E-03 -3.4184E-02 -2.8264E-03 -2.9144E-03
  1.1298E-03 -3.4406E-02 -2.8475E-03 -2.9361E-03
  1.1382E-03 -3.4630E-02 -2.8688E-03 -2.9581E-03
  1.1467E-03 -3.4854E-02 -2.8902E-03 -2.9801E-03
  1.1553E-03 -3.5080E-02 -2.9117E-03 -3.0023E-03
  1.1639E-03 -3.5307E-02 -2.9334E-03 -3.0247E-03
  1.1725E-03 -3.5535E-02 -2.9552E-03 -3.0472E-03
  1.1813E-03 -3.5764E-02 -2.9772E-03 -3.0699E-03
  1.1900E-03 -3.5995E-02 -2.9993E-03 -3.0927E-03
  1.1989E-03 -3.6227E-02 -3.0216E-03 -3.1157E-03
  1.2078E-03 -3.6459E-02 -3.0440E-03 -3.1388E-03
  1.2167E-03 -3.6694E-02 -3.0666E-03 -3.1621E-03
  1.2257E-03 -3.6929E-02 -3.0893E-03 -3.1855E-03
  1.2348E-03 -3.7165E-02 -3.1122E-03 -3.2091E-03
  1.2440E-03 -3.7403E-02 -3.1352E-03 -3.2328E-03
  1.2532E-03 -3.7642E-02 -3.1584E-03 -3.2567E-03
  1.2624E-03 -3.7882E-02 -3.1817E-03 -3.2808E-03
  1.2717E-03 -3.8123E-02 -3.2052E-03 -3.3050E-03
  1.2811E-03 -3.8366E-02 -3.2289E-03 -3.3294E-03
  1.2906E-03 -3.8609E-02 -3.2527E-03 -3.3539E-03
  1.3001E-03 -3.8854E-02 -3.2766E-03 -3.3786E-03
  1.3096E-03 -3.9100E-02 -3.3008E-03 -3.4035E-03
  1.3193E-03 -3.9348E-02 -3.3250E-03 -3.4285E-03
  1.3290E-03 -3.9597E-02 -3.3495E-03 -3.4538E-03
  1.3387E-03 -3.9847E-02 -3.3741E-03 -3.4791E-03
  1.3486E-03 -4.0098E-02 -3.3989E-03 -3.5047E-03
  1.3585E-03 -4.0350E-02 -3.4238E-03 -3.5304E-03
  1.3684E-03 -4.0604E-02 -3.4489E-03 -3.5563E-03
  1.3785E-03 -4.0859E-02 -3.4742E-03 -3.5823E-03
  1.3886E-03 -4.1115E-02 -3.4996E-03 -3.6086E-03
  1.3987E-03 -4.1373E-02 -3.5253E-03 -3.6350E-03
  1.4089E-03 -4.1631E-02 -3.5510E-03 -3.6616E-03
  1.4192E-03 -4.1892E-02 -3.5770E-03 -3.6883E-03
  1.4296E-03 -4.2153E-02 -3.6031E-03 -3.7153E-03
  1.4401E-03 -4.2416E-02 -3.6294E-03 -3.7424E-03
  1.4506E-03 -4.2680E-02 -3.6559E-03 -3.7697E-03
  1.4611E-03 -4.2945E-02 -3.6826E-03 -3.7972E-03
  1.4718E-03 -4.3211E-02 -3.7094E-03 -3.8249E-03
  1.4825E-03 -4.3479E-02 -3.7364E-03 -3.8527E-03
  1.4933E-03 -4.3748E-02 -3.7636E-03 -3.8808E-03
  1.5042E-03 -4.4019E-02 -3.7910E-03 -3.9090E-03
  1.5151E-03 -4.4291E-02 -3.8185E-03 -3.9374E-03
  1.5261E-03 -4.4564E-02 -3.8463E-03 -3.9660E-03
  1.5372E-03 -4.4838E-02 -3.8742E-03 -3.9948E-03
  1.5483E-03 -4.5114E-02 -3.9023E-03 -4.0238E-03
  1.5596E-03 -4.5391E-02 -3.9306E-03 -4.0530E-03
  1.5709E-03 -4.5670E-02 -3.9591E-03 -4.0824E-03
  1.5823E-03 -4.5950E-02 -3.9878E-03 -4.1120E-03
  1.5937E-03 -4.6231E-02 -4.0167E-03 -4.1417E-03
  1.6052E-03 -4.6513E-02 -4.0458E-03 -4.1717E-03
  1.6168E-03 -4.6797E-02 -4.0750E-03 -4.2019E-03
  1.6285E-03 -4.7082E-02 -4.1045E-03 -4.2322E-03
  1.6403E-03 -4.7369E-02 -4.1341E-03 -4.2628E-03
  1.6521E-03 -4.7657E-02 -4.1640E-03 -4.2936E-03
  1.6641E-03 -4.7946E-02 -4.1940E-03 -4.3246E-03
  1.6761E-03 -4.8237E-02 -4.2243E-03 -4.3558E-03
  1.6882E-03 -4.8529E-02 -4.2547E-03 -4.3872E-03
  1.7003E-03 -4.8823E-02 -4.2854E-03 -4.4188E-03
  1.7126E-03 -4.9117E-02 -4.3162E-03 -4.4506E-03
  1.7249E-03 -4.9414E-02 -4.3473E-03 -4.4826E-03
  1.7373E-03 -4.9711E-02 -4.3786E-03 -4.5149E-03
  1.7498E-03 -5.0010E-02 -4.4101E-03 -4.5474E-03
  1.7624E-03 -5.0311E-02 -4.4418E-03 -4.5800E-03
  1.7750E-03 -5.0612E-02 -4.4737E-03 -4.6129E-03
  1.7878E-03 -5.0916E-02 -4.5058E-03 -4.6461E-03
  1.8006E-03 -5.1220E-02 -4.5381E-03 -4.6794E-03
  1.8135E-03 -5.1526E-02 -4.5707E-03 -4.7130E-03
  1.8265E-03 -5.1834E-02 -4.6034E-03 -4.7467E-03
  1.8396E-03 -5.2142E-02 -4.6364E-03 -4.7808E-03
  1.8528E-03 -5.2453E-02 -4.6696E-03 -4.8150E-03
  1.8660E-03 -5.2764E-02 -4.7031E-03 -4.8495E-03
  1.8794E-03 -5.3078E-02 -4.7367E-03 -4.8842E-03
  1.8928E-03 -5.3392E-02 -4.7706E-03 -4.9191E-03
  1.9064E-03 -5.3708E-02 -4.8047E-03 -4.9543E-03
  1.9200E-03 -5.4025E-02 -4.8390E-03 -4.9897E-03
  1.9337E-03 -5.4344E-02 -4.8736E-03 -5.0253E-03
  1.9475E-03 -5.4664E-02 -4.9084E-03 -5.0612E-03
  1.9614E-03 -5.4986E-02 -4.9434E-03 -5.0973E-03
  1.9754E-03 -5.5309E-02 -4.9786E-03 -5.1336E-03
  1.9895E-03 -5.5634E-02 -5.0141E-03 -5.1702E-03
  2.0036E-03 -5.5960E-02 -5.0499E-03 -5.2071E-03
  2.0179E-03 -5.6287E-02 -5.0858E-03 -5.2442E-03
  2.0323E-03 -5.6616E-02 -5.1220E-03 -5.2815E-03
  2.0467E-03 -5.6947E-02 -5.1585E-03 -5.3191E-03
  2.0613E-03 -5.7278E-02 -5.1952E-03 -5.3569E-03
  2.0760E-03 -5.7612E-02 -5.2321E-03 -5.3950E-03
  2.0907E-03 -5.7946E-02 -5.2693E-03 -5.4333E-03
  2.1056E-03 -5.8283E-02 -5.3067E-03 -5.4719E-03
  2.1205E-03 -5.8620E-02 -5.3444E-03 -5.5108E-03
  2.1356E-03 -5.8959E-02 -5.3824E-03 -5.5499E-03
  2.1507E-03 -5.9300E-02 -5.4205E-03 -5.5893E-03
  2.1660E-03 -5.9642E-02 -5.4590E-03 -5.6289E-03
  2.1813E-03 -5.9986E-02 -5.4977E-03 -5.6688E-03
  2.1968E-03 -6.0331E-02 -5.5366E-03 -5.7090E-03
  2.2123E-03 -6.0677E-02 -5.5759E-03 -5.7494E-03
  2.2280E-03 -6.1025E-02 -5.6153E-03 -5.7901E-03
  2.2438E-03 -6.1374E-02 -5.6551E-03 -5.8311E-03
  2.2597E-03 -6.1725E-02 -5.6951E-03 -5.8724E-03
  2.2756E-03 -6.2078E-02 -5.7354E-03 -5.9139E-03
  2.2917E-03 -6.2431E-02 -5.7759E-03 -5.9557E-03
  2.3079E-03 -6.2787E-02 -5.8167E-03 -5.9978E-03
  2.3242E-03 -6.3143E-02 -5.8578E-03 -6.0402E-03
  2.3406E-03 -6.3502E-02 -5.8992E-03 -6.0828E-03
  2.3572E-03 -6.3861E-02 -5.9408E-03 -6.1257E-03
  2.3738E-03 -6.4223E-02 -5.9827E-03 -6.1690E-03
  2.3905E-03 -6.4585E-02 -6.0249E-03 -6.2125E-03
  2.4074E-03 -6.4949E-02 -6.0674E-03 -6.2563E-03
  2.4243E-03 -6.5315E-02 -6.1102E-03 -6.3004E-03
  2.4414E-03 -6.5682E-02 -6.1532E-03 -6.3448E-03
  2.4586E-03 -6.6051E-02 -6.1966E-03 -6.3894E-03
  2.4759E-03 -6.6421E-02 -6.2402E-03 -6.4344E-03
  2.4934E-03 -6.6793E-02 -6.2841E-03 -6.4797E-03
  2.5109E-03 -6.7166E-02 -6.3283E-03 -6.5253E-03
  2.5286E-03 -6.7540E-02 -6.3728E-03 -6.5712E-03
  2.5463E-03 -6.7916E-02 -6.4176E-03 -6.6174E-03
  2.5642E-03 -6.8294E-02 -6.4627E-03 -6.6639E-03
  2.5822E-03 -6.8673E-02 -6.5081E-03 -6.7107E-03
  2.6004E-03 -6.9053E-02 -6.5538E-03 -6.7578E-03
  2.6186E-03 -6.9435E-02 -6.5998E-03 -6.8053E-03
  2.6370E-03 -6.9818E-02 -6.6462E-03 -6.8530E-03
  2.6555E-03 -7.0203E-02 -6.6928E-03 -6.9011E-03
  2.6741E-03 -7.0589E-02 -6.7397E-03 -6.9495E-03
  2.6929E-03 -7.0977E-02 -6.7870E-03 -6.9982E-03
  2.7118E-03 -7.1366E-02 -6.8345E-03 -7.0473E-03
  2.7308E-03 -7.1757E-02 -6.8824E-03 -7.0967E-03
  2.7499E-03 -7.2149E-02 -6.9306E-03 -7.1464E-03
  2.7691E-03 -7.2543E-02 -6.9792E-03 -7.1964E-03
  2.7885E-03 -7.2938E-02 -7.0280E-03 -7.2468E-03
  2.8080E-03 -7.3334E-02 -7.0772E-03 -7.2975E-03
  2.8277E-03 -7.3732E-02 -7.1267E-03 -7.3485E-03
  2.8475E-03 -7.4132E-02 -7.1765E-03 -7.3999E-03
  2.8674E-03 -7.4533E-02 -7.2267E-03 -7.4517E-03
  2.8874E-03 -7.4935E-02 -7.2772E-03 -7.5037E-03
  2.9076E-03 -7.5339E-02 -7.3281E-03 -7.5562E-03
  2.9279E-03 -7.5744E-02 -7.3792E-03 -7.6089E-03
  2.9483E-03 -7.6151E-02 -7.4308E-03 -7.6621E-03
  2.9689E-03 -7.6559E-02 -7.4826E-03 -7.7155E-03
  2.9896E-03 -7.6968E-02 -7.5348E-03 -7.7694E-03
  3.0105E-03 -7.7379E-02 -7.5874E-03 -7.8236E-03
  3.0315E-03 -7.7792E-02 -7.6403E-03 -7.8781E-03
  3.0526E-03 -7.8205E-02 -7.6936E-03 -7.9331E-03
  3.0739E-03 -7.8621E-02 -7.7472E-03 -7.9884E-03
  3.0953E-03 -7.9037E-02 -7.8012E-03 -8.0440E-03
  3.1169E-03 -7.9455E-02 -7.8555E-03 -8.1001E-03
  3.1386E-03 -7.9874E-02 -7.9102E-03 -8.1565E-03
  3.1604E-03 -8.0295E-02 -7.9653E-03 -8.2132E-03
  3.1824E-03 -8.0717E-02 -8.0208E-03 -8.2704E-03
  3.2046E-03 -8.1141E-02 -8.0766E-03 -8.3279E-03
  3.2269E-03 -8.1566E-02 -8.1327E-03 -8.3859E-03
  3.2493E-03 -8.1992E-02 -8.1893E-03 -8.4442E-03
  3.2719E-03 -8.2420E-02 -8.2462E-03 -8.5029E-03
  3.2946E-03 -8.2849E-02 -8.3035E-03 -8.5620E-03
  3.3175E-03 -8.3279E-02 -8.3612E-03 -8.6215E-03
  3.3406E-03 -8.3711E-02 -8.4193E-03 -8.6814E-03
  3.3638E-03 -8.4144E-02 -8.4778E-03 -8.7417E-03
  3.3871E-03 -8.4578E-02 -8.5367E-03 -8.8024E-03
  3.4106E-03 -8.5014E-02 -8.5959E-03 -8.8635E-03
  3.4343E-03 -8.5451E-02 -8.6556E-03 -8.9250E-03
  3.4581E-03 -8.5889E-02 -8.7156E-03 -8.9869E-03
  3.4821E-03 -8.6328E-02 -8.7761E-03 -9.0492E-03
  3.5062E-03 -8.6769E-02 -8.8369E-03 -9.1120E-03
  3.5306E-03 -8.7211E-02 -8.8982E-03 -9.1751E-03
  3.5550E-03 -8.7655E-02 -8.9598E-03 -9.2387E-03
  3.5797E-03 -8.8099E-02 -9.0219E-03 -9.3027E-03
  3.6044E-03 -8.8545E-02 -9.0844E-03 -9.3672E-03
  3.6294E-03 -8.8993E-02 -9.1473E-03 -9.4320E-03
  3.6545E-03 -8.9441E-02 -9.2107E-03 -9.4973E-03
  3.6798E-03 -8.9891E-02 -9.2744E-03 -9.5631E-03
  3.7053E-03 -9.0341E-02 -9.3386E-03 -9.6292E-03
  3.7309E-03 -9.0793E-02 -9.4032E-03 -9.6959E-03
  3.7567E-03 -9.1247E-02 -9.4682E-03 -9.7629E-03
  3.7827E-03 -9.1701E-02 -9.5337E-03 -9.8304E-03
  3.8089E-03 -9.2157E-02 -9.5996E-03 -9.8984E-03
  3.8352E-03 -9.2613E-02 -9.6660E-03 -9.9668E-03
  3.8617E-03 -9.3071E-02 -9.7328E-03 -1.0036E-02
  3.8884E-03 -9.3530E-02 -9.8000E-03 -1.0105E-02
  3.9152E-03 -9.3991E-02 -9.8677E-03 -1.0175E-02
  3.9423E-03 -9.4452E-02 -9.9358E-03 -1.0245E-02
  3.9695E-03 -9.4914E-02 -1.0004E-02 -1.0316E-02
  3.9969E-03 -9.5378E-02 -1.0074E-02 -1.0387E-02
  4.0245E-03 -9.5842E-02 -1.0143E-02 -1.0459E-02
  4.0522E-03 -9.6308E-02 -1.0213E-02 -1.0531E-02
  4.0802E-03 -9.6775E-02 -1.0283E-02 -1.0603E-02
  4.1083E-03 -9.7242E-02 -1.0354E-02 -1.0677E-02
  4.1367E-03 -9.7711E-02 -1.0426E-02 -1.0750E-02
  4.1652E-03 -9.8181E-02 -1.0498E-02 -1.0824E-02
  4.1939E-03 -9.8652E-02 -1.0570E-02 -1.0899E-02
  4.2228E-03 -9.9123E-02 -1.0643E-02 -1.0974E-02
  4.2519E-03 -9.9596E-02 -1.0716E-02 -1.1050E-02
  4.2812E-03 -1.0007E-01 -1.0790E-02 -1.1126E-02
  4.3107E-03 -1.0054E-01 -1.0864E-02 -1.1202E-02
  4.3403E-03 -1.0102E-01 -1.0939E-02 -1.1279E-02
  4.3702E-03 -1.0150E-01 -1.1014E-02 -1.1357E-02
  4.4003E-03 -1.0197E-01 -1.1090E-02 -1.1435E-02
  4.4306E-03 -1.0245E-01 -1.1166E-02 -1.1514E-02
  4.4610E-03 -1.0293E-01 -1.1243E-02 -1.1593E-02
  4.4917E-03 -1.0341E-01 -1.1321E-02 -1.1673E-02
  4.5226E-03 -1.0389E-01 -1.1398E-02 -1.1753E-02
  4.5537E-03 -1.0437E-01 -1.1477E-02 -1.1834E-02
  4.5850E-03 -1.0485E-01 -1.1556E-02 -1.1915E-02
  4.6165E-03 -1.0534E-01 -1.1635E-02 -1.1997E-02
  4.6482E-03 -1.0582E-01 -1.1715E-02 -1.2080E-02
  4.6802E-03 -1.0630E-01 -1.1796E-02 -1.2163E-02
  4.7123E-03 -1.0679E-01 -1.1877E-02 -1.2246E-02
  4.7447E-03 -1.0727E-01 -1.1958E-02 -1.2330E-02
  4.7773E-03 -1.0776E-01 -1.2040E-02 -1.2415E-02
  4.8100E-03 -1.0825E-01 -1.2123E-02 -1.2500E-02
  4.8431E-03 -1.0874E-01 -1.2206E-02 -1.2586E-02
  4.8763E-03 -1.0922E-01 -1.2290E-02 -1.2672E-02
  4.9098E-03 -1.0971E-01 -1.2374E-02 -1.2759E-02
  4.9434E-03 -1.1020E-01 -1.2459E-02 -1.2847E-02
  4.9773E-03 -1.1069E-01 -1.2544E-02 -1.2935E-02
  5.0115E-03 -1.1118E-01 -1.2631E-02 -1.3024E-02
  5.0458E-03 -1.1167E-01 -1.2717E-02 -1.3113E-02
  5.0804E-03 -1.1216E-01 -1.2804E-02 -1.3203E-02
  5.1152E-03 -1.1265E-01 -1.2892E-02 -1.3293E-02
  5.1503E-03 -1.1315E-01 -1.2980E-02 -1.3384E-02
  5.1856E-03 -1.1364E-01 -1.3069E-02 -1.3476E-02
  5.2211E-03 -1.1413E-01 -1.3159E-02 -1.3568E-02
  5.2569E-03 -1.1462E-01 -1.3249E-02 -1.3661E-02
  5.2928E-03 -1.1512E-01 -1.3340E-02 -1.3755E-02
  5.3291E-03 -1.1561E-01 -1.3431E-02 -1.3849E-02
  5.3656E-03 -1.1610E-01 -1.3523E-02 -1.3944E-02
  5.4023E-03 -1.1660E-01 -1.3615E-02 -1.4039E-02
  5.4393E-03 -1.1709E-01 -1.3709E-02 -1.4135E-02
  5.4765E-03 -1.1758E-01 -1.3802E-02 -1.4232E-02
  5.5139E-03 -1.1808E-01 -1.3897E-02 -1.4329E-02
  5.5517E-03 -1.1857E-01 -1.3992E-02 -1.4427E-02
  5.5896E-03 -1.1907E-01 -1.4088E-02 -1.4526E-02
  5.6278E-03 -1.1956E-01 -1.4184E-02 -1.4625E-02
  5.6663E-03 -1.2006E-01 -1.4281E-02 -1.4725E-02
  5.7051E-03 -1.2055E-01 -1.4379E-02 -1.4826E-02
  5.7440E-03 -1.2104E-01 -1.4477E-02 -1.4927E-02
  5.7833E-03 -1.2154E-01 -1.4576E-02 -1.5029E-02
  5.8228E-03 -1.2203E-01 -1.4675E-02 -1.5132E-02
  5.8626E-03 -1.2253E-01 -1.4776E-02 -1.5235E-02
  5.9026E-03 -1.2302E-01 -1.4876E-02 -1.5339E-02
  5.9429E-03 -1.2351E-01 -1.4978E-02 -1.5444E-02
  5.9835E-03 -1.2400E-01 -1.5080E-02 -1.5549E-02
  6.0244E-03 -1.2450E-01 -1.5183E-02 -1.5656E-02
  6.0655E-03 -1.2499E-01 -1.5287E-02 -1.5762E-02
  6.1069E-03 -1.2548E-01 -1.5391E-02 -1.5870E-02
  6.1486E-03 -1.2597E-01 -1.5496E-02 -1.5978E-02
  6.1905E-03 -1.2646E-01 -1.5602E-02 -1.6087E-02
  6.2328E-03 -1.2695E-01 -1.5708E-02 -1.6197E-02
  6.2753E-03 -1.2744E-01 -1.5816E-02 -1.6308E-02
  6.3181E-03 -1.2793E-01 -1.5923E-02 -1.6419E-02
  6.3612E-03 -1.2842E-01 -1.6032E-02 -1.6531E-02
  6.4045E-03 -1.2891E-01 -1.6141E-02 -1.6643E-02
  6.4482E-03 -1.2939E-01 -1.6251E-02 -1.6757E-02
  6.4921E-03 -1.2988E-01 -1.6362E-02 -1.6871E-02
  6.5364E-03 -1.3037E-01 -1.6474E-02 -1.6986E-02
  6.5809E-03 -1.3085E-01 -1.6586E-02 -1.7102E-02
  6.6258E-03 -1.3133E-01 -1.6699E-02 -1.7218E-02
  6.6709E-03 -1.3182E-01 -1.6813E-02 -1.7336E-02
  6.7164E-03 -1.3230E-01 -1.6927E-02 -1.7454E-02
  6.7621E-03 -1.3278E-01 -1.7043E-02 -1.7573E-02
  6.8082E-03 -1.3326E-01 -1.7159E-02 -1.7692E-02
  6.8545E-03 -1.3374E-01 -1.7275E-02 -1.7813E-02
  6.9012E-03 -1.3421E-01 -1.7393E-02 -1.7934E-02
  6.9482E-03 -1.3469E-01 -1.7511E-02 -1.8056E-02
  6.9955E-03 -1.3517E-01 -1.7631E-02 -1.8179E-02
  7.0431E-03 -1.3564E-01 -1.7751E-02 -1.8303E-02
  7.0910E-03 -1.3611E-01 -1.7871E-02 -1.8427E-02
  7.1392E-03 -1.3658E-01 -1.7993E-02 -1.8553E-02
  7.1878E-03 -1.3705E-01 -1.8115E-02 -1.8679E-02
  7.2367E-03 -1.3752E-01 -1.8239E-02 -1.8806E-02
  7.2859E-03 -1.3798E-01 -1.8363E-02 -1.8934E-02
  7.3355E-03 -1.3845E-01 -1.8488E-02 -1.9062E-02
  7.3853E-03 -1.3891E-01 -1.8613E-02 -1.9192E-02
  7.4356E-03 -1.3937E-01 -1.8740E-02 -1.9323E-02
  7.4861E-03 -1.3983E-01 -1.8867E-02 -1.9454E-02
  7.5370E-03 -1.4029E-01 -1.8995E-02 -1.9586E-02
  7.5882E-03 -1.4074E-01 -1.9125E-02 -1.9719E-02
  7.6398E-03 -1.4120E-01 -1.9254E-02 -1.9853E-02
  7.6917E-03 -1.4165E-01 -1.9385E-02 -1.9988E-02
  7.7440E-03 -1.4210E-01 -1.9517E-02 -2.0124E-02
  7.7966E-03 -1.4254E-01 -1.9650E-02 -2.0261E-02
  7.8495E-03 -1.4299E-01 -1.9783E-02 -2.0398E-02
  7.9028E-03 -1.4343E-01 -1.9917E-02 -2.0537E-02
  7.9565E-03 -1.4387E-01 -2.0053E-02 -2.0676E-02
  8.0105E-03 -1.4431E-01 -2.0189E-02 -2.0817E-02
  8.0649E-03 -1.4474E-01 -2.0326E-02 -2.0958E-02
  8.1197E-03 -1.4518E-01 -2.0464E-02 -2.1100E-02
  8.1748E-03 -1.4561E-01 -2.0603E-02 -2.1243E-02
  8.2303E-03 -1.4603E-01 -2.0743E-02 -2.1388E-02
  8.2861E-03 -1.4646E-01 -2.0883E-02 -2.1533E-02
  8.3424E-03 -1.4688E-01 -2.1025E-02 -2.1679E-02
  8.3990E-03 -1.4730E-01 -2.1168E-02 -2.1826E-02
  8.4560E-03 -1.4772E-01 -2.1311E-02 -2.1974E-02
  8.5133E-03 -1.4813E-01 -2.1456E-02 -2.2123E-02
  8.5711E-03 -1.4854E-01 -2.1601E-02 -2.2273E-02
  8.6292E-03 -1.4895E-01 -2.1748E-02 -2.2424E-02
  8.6877E-03 -1.4935E-01 -2.1895E-02 -2.2576E-02
  8.7466E-03 -1.4975E-01 -2.2044E-02 -2.2729E-02
  8.8059E-03 -1.5015E-01 -2.2193E-02 -2.2883E-02
  8.8656E-03 -1.5054E-01 -2.2344E-02 -2.3038E-02
  8.9257E-03 -1.5093E-01 -2.2495E-02 -2.3195E-02
  8.9862E-03 -1.5132E-01 -2.2648E-02 -2.3352E-02
  9.0471E-03 -1.5170E-01 -2.2801E-02 -2.3510E-02
  9.1085E-03 -1.5208E-01 -2.2956E-02 -2.3669E-02
  9.1702E-03 -1.5246E-01 -2.3111E-02 -2.3830E-02
  9.2323E-03 -1.5283E-01 -2.3268E-02 -2.3991E-02
  9.2949E-03 -1.5319E-01 -2.3425E-02 -2.4154E-02
  9.3578E-03 -1.5356E-01 -2.3584E-02 -2.4317E-02
  9.4212E-03 -1.5392E-01 -2.3744E-02 -2.4482E-02
  9.4850E-03 -1.5427E-01 -2.3905E-02 -2.4648E-02
  9.5493E-03 -1.5462E-01 -2.4067E-02 -2.4815E-02
  9.6139E-03 -1.5497E-01 -2.4230E-02 -2.4983E-02
  9.6790E-03 -1.5531E-01 -2.4394E-02 -2.5152E-02
  9.7446E-03 -1.5565E-01 -2.4559E-02 -2.5322E-02
  9.8105E-03 -1.5598E-01 -2.4725E-02 -2.5493E-02
  9.8769E-03 -1.5631E-01 -2.4892E-02 -2.5666E-02
  9.9438E-03 -1.5664E-01 -2.5061E-02 -2.5840E-02
  1.0011E-02 -1.5695E-01 -2.5230E-02 -2.6014E-02
  1.0079E-02 -1.5727E-01 -2.5401E-02 -2.6190E-02
  1.0147E-02 -1.5758E-01 -2.5573E-02 -2.6368E-02
  1.0216E-02 -1.5788E-01 -2.5746E-02 -2.6546E-02
  1.0285E-02 -1.5818E-01 -2.5920E-02 -2.6726E-02
  1.0354E-02 -1.5847E-01 -2.6096E-02 -2.6906E-02
  1.0424E-02 -1.5876E-01 -2.6272E-02 -2.7088E-02
  1.0495E-02 -1.5904E-01 -2.6450E-02 -2.7271E-02
  1.0566E-02 -1.5932E-01 -2.6629E-02 -2.7456E-02
  1.0637E-02 -1.5959E-01 -2.6809E-02 -2.7642E-02
  1.0709E-02 -1.5985E-01 -2.6990E-02 -2.7828E-02
  1.0782E-02 -1.6011E-01 -2.7172E-02 -2.8017E-02
  1.0855E-02 -1.6037E-01 -2.7356E-02 -2.8206E-02
  1.0928E-02 -1.6061E-01 -2.7541E-02 -2.8397E-02
  1.1002E-02 -1.6085E-01 -2.7727E-02 -2.8588E-02
  1.1076E-02 -1.6109E-01 -2.7915E-02 -2.8782E-02
  1.1151E-02 -1.6132E-01 -2.8103E-02 -2.8976E-02
  1.1226E-02 -1.6154E-01 -2.8293E-02 -2.9172E-02
  1.1302E-02 -1.6175E-01 -2.8484E-02 -2.9369E-02
  1.1379E-02 -1.6196E-01 -2.8677E-02 -2.9567E-02
  1.1456E-02 -1.6216E-01 -2.8871E-02 -2.9767E-02
  1.1533E-02 -1.6236E-01 -2.9066E-02 -2.9968E-02
  1.1611E-02 -1.6255E-01 -2.9262E-02 -3.0171E-02
  1.1689E-02 -1.6273E-01 -2.9460E-02 -3.0374E-02
  1.1768E-02 -1.6290E-01 -2.9659E-02 -3.0579E-02
  1.1848E-02 -1.6307E-01 -2.9859E-02 -3.0786E-02
  1.1928E-02 -1.6323E-01 -3.0060E-02 -3.0994E-02
  1.2008E-02 -1.6338E-01 -3.0263E-02 -3.1203E-02
  1.2089E-02 -1.6352E-01 -3.0468E-02 -3.1414E-02
  1.2171E-02 -1.6366E-01 -3.0674E-02 -3.1626E-02
  1.2253E-02 -1.6379E-01 -3.0881E-02 -3.1839E-02
  1.2336E-02 -1.6391E-01 -3.1089E-02 -3.2054E-02
  1.2419E-02 -1.6402E-01 -3.1299E-02 -3.2270E-02
  1.2503E-02 -1.6413E-01 -3.1510E-02 -3.2488E-02
  1.2587E-02 -1.6422E-01 -3.1723E-02 -3.2707E-02
  1.2672E-02 -1.6431E-01 -3.1937E-02 -3.2928E-02
  1.2758E-02 -1.6439E-01 -3.2152E-02 -3.3150E-02
  1.2844E-02 -1.6446E-01 -3.2369E-02 -3.3374E-02
  1.2931E-02 -1.6452E-01 -3.2588E-02 -3.3599E-02
  1.3018E-02 -1.6457E-01 -3.2808E-02 -3.3826E-02
  1.3106E-02 -1.6462E-01 -3.3029E-02 -3.4054E-02
  1.3194E-02 -1.6465E-01 -3.3252E-02 -3.4284E-02
  1.3283E-02 -1.6468E-01 -3.3476E-02 -3.4515E-02
  1.3373E-02 -1.6470E-01 -3.3702E-02 -3.4747E-02
  1.3463E-02 -1.6470E-01 -3.3929E-02 -3.4982E-02
  1.3554E-02 -1.6470E-01 -3.4158E-02 -3.5218E-02
  1.3645E-02 -1.6469E-01 -3.4388E-02 -3.5455E-02
  1.3737E-02 -1.6467E-01 -3.4620E-02 -3.5694E-02
  1.3830E-02 -1.6463E-01 -3.4854E-02 -3.5935E-02
  1.3923E-02 -1.6459E-01 -3.5088E-02 -3.6177E-02
  1.4017E-02 -1.6454E-01 -3.5325E-02 -3.6421E-02
  1.4112E-02 -1.6448E-01 -3.5563E-02 -3.6666E-02
  1.4207E-02 -1.6440E-01 -3.5803E-02 -3.6913E-02
  1.4302E-02 -1.6432E-01 -3.6044E-02 -3.7162E-02
  1.4399E-02 -1.6423E-01 -3.6287E-02 -3.7412E-02
  1.4496E-02 -1.6412E-01 -3.6532E-02 -3.7664E-02
  1.4594E-02 -1.6401E-01 -3.6778E-02 -3.7918E-02
  1.4692E-02 -1.6388E-01 -3.7026E-02 -3.8174E-02
  1.4791E-02 -1.6374E-01 -3.7275E-02 -3.8431E-02
  1.4891E-02 -1.6360E-01 -3.7526E-02 -3.8690E-02
  1.4991E-02 -1.6343E-01 -3.7779E-02 -3.8950E-02
  1.5092E-02 -1.6326E-01 -3.8034E-02 -3.9213E-02
  1.5194E-02 -1.6308E-01 -3.8290E-02 -3.9477E-02
  1.5296E-02 -1.6288E-01 -3.8548E-02 -3.9743E-02
  1.5399E-02 -1.6268E-01 -3.8807E-02 -4.0010E-02
  1.5503E-02 -1.6246E-01 -3.9069E-02 -4.0280E-02
  1.5607E-02 -1.6223E-01 -3.9332E-02 -4.0551E-02
  1.5712E-02 -1.6198E-01 -3.9597E-02 -4.0824E-02
  1.5818E-02 -1.6173E-01 -3.9863E-02 -4.1099E-02
  1.5925E-02 -1.6146E-01 -4.0132E-02 -4.1375E-02
  1.6032E-02 -1.6118E-01 -4.0402E-02 -4.1654E-02
  1.6140E-02 -1.6089E-01 -4.0674E-02 -4.1934E-02
  1.6249E-02 -1.6058E-01 -4.0948E-02 -4.2216E-02
  1.6358E-02 -1.6026E-01 -4.1224E-02 -4.2500E-02
  1.6468E-02 -1.5993E-01 -4.1501E-02 -4.2786E-02
  1.6579E-02 -1.5958E-01 -4.1780E-02 -4.3074E-02
  1.6691E-02 -1.5922E-01 -4.2062E-02 -4.3364E-02
  1.6803E-02 -1.5885E-01 -4.2345E-02 -4.3656E-02
  1.6916E-02 -1.5846E-01 -4.2630E-02 -4.3950E-02
  1.7030E-02 -1.5806E-01 -4.2917E-02 -4.4245E-02
  1.7145E-02 -1.5765E-01 -4.3205E-02 -4.4543E-02
  1.7260E-02 -1.5722E-01 -4.3496E-02 -4.4843E-02
  1.7376E-02 -1.5678E-01 -4.3789E-02 -4.5144E-02
  1.7493E-02 -1.5632E-01 -4.4083E-02 -4.5448E-02
  1.7611E-02 -1.5585E-01 -4.4380E-02 -4.5754E-02
  1.7729E-02 -1.5536E-01 -4.4679E-02 -4.6061E-02
  1.7849E-02 -1.5486E-01 -4.4979E-02 -4.6371E-02
  1.7969E-02 -1.5435E-01 -4.5282E-02 -4.6683E-02
  1.8090E-02 -1.5382E-01 -4.5586E-02 -4.6997E-02
  1.8211E-02 -1.5327E-01 -4.5893E-02 -4.7313E-02
  1.8334E-02 -1.5271E-01 -4.6202E-02 -4.7631E-02
  1.8457E-02 -1.5214E-01 -4.6512E-02 -4.7951E-02
  1.8581E-02 -1.5154E-01 -4.6825E-02 -4.8273E-02
  1.8706E-02 -1.5094E-01 -4.7140E-02 -4.8598E-02
  1.8832E-02 -1.5031E-01 -4.7457E-02 -4.8925E-02
  1.8959E-02 -1.4968E-01 -4.7776E-02 -4.9253E-02
  1.9086E-02 -1.4902E-01 -4.8097E-02 -4.9584E-02
  1.9215E-02 -1.4835E-01 -4.8421E-02 -4.9918E-02
  1.9344E-02 -1.4767E-01 -4.8746E-02 -5.0253E-02
  1.9474E-02 -1.4696E-01 -4.9074E-02 -5.0591E-02
  1.9605E-02 -1.4624E-01 -4.9404E-02 -5.0931E-02
  1.9737E-02 -1.4551E-01 -4.9736E-02 -5.1273E-02
  1.9869E-02 -1.4476E-01 -5.0070E-02 -5.1617E-02
  2.0003E-02 -1.4399E-01 -5.0407E-02 -5.1964E-02
  2.0138E-02 -1.4320E-01 -5.0745E-02 -5.2313E-02
  2.0273E-02 -1.4240E-01 -5.1086E-02 -5.2665E-02
  2.0409E-02 -1.4158E-01 -5.1430E-02 -5.3018E-02
  2.0546E-02 -1.4074E-01 -5.1775E-02 -5.3375E-02
  2.0684E-02 -1.3989E-01 -5.2123E-02 -5.3733E-02
  2.0824E-02 -1.3902E-01 -5.2474E-02 -5.4094E-02
  2.0963E-02 -1.3813E-01 -5.2826E-02 -5.4457E-02
  2.1104E-02 -1.3722E-01 -5.3181E-02 -5.4823E-02
  2.1246E-02 -1.3630E-01 -5.3538E-02 -5.5191E-02
  2.1389E-02 -1.3535E-01 -5.3898E-02 -5.5562E-02
  2.1533E-02 -1.3439E-01 -5.4260E-02 -5.5935E-02
  2.1677E-02 -1.3341E-01 -5.4625E-02 -5.6310E-02
  2.1823E-02 -1.3242E-01 -5.4992E-02 -5.6688E-02
  2.1970E-02 -1.3140E-01 -5.5361E-02 -5.7069E-02
  2.2117E-02 -1.3037E-01 -5.5733E-02 -5.7452E-02
  2.2266E-02 -1.2932E-01 -5.6107E-02 -5.7838E-02
  2.2416E-02 -1.2825E-01 -5.6484E-02 -5.8226E-02
  2.2566E-02 -1.2716E-01 -5.6863E-02 -5.8617E-02
  2.2718E-02 -1.2605E-01 -5.7245E-02 -5.9010E-02
  2.2870E-02 -1.2493E-01 -5.7629E-02 -5.9406E-02
  2.3024E-02 -1.2378E-01 -5.8016E-02 -5.9805E-02
  2.3179E-02 -1.2262E-01 -5.8406E-02 -6.0206E-02
  2.3334E-02 -1.2143E-01 -5.8798E-02 -6.0610E-02
  2.3491E-02 -1.2023E-01 -5.9193E-02 -6.1017E-02
  2.3649E-02 -1.1901E-01 -5.9590E-02 -6.1426E-02
  2.3808E-02 -1.1777E-01 -5.9990E-02 -6.1838E-02
  2.3968E-02 -1.1651E-01 -6.0393E-02 -6.2253E-02
  2.4129E-02 -1.1523E-01 -6.0798E-02 -6.2671E-02
  2.4291E-02 -1.1393E-01 -6.1207E-02 -6.3091E-02
  2.4454E-02 -1.1261E-01 -6.1617E-02 -6.3514E-02
  2.4618E-02 -1.1127E-01 -6.2031E-02 -6.3940E-02
  2.4783E-02 -1.0992E-01 -6.2447E-02 -6.4369E-02
  2.4950E-02 -1.0854E-01 -6.2866E-02 -6.4801E-02
  2.5117E-02 -1.0714E-01 -6.3288E-02 -6.5235E-02
  2.5286E-02 -1.0573E-01 -6.3713E-02 -6.5673E-02
  2.5456E-02 -1.0429E-01 -6.4140E-02 -6.6113E-02
  2.5626E-02 -1.0283E-01 -6.4571E-02 -6.6556E-02
  2.5798E-02 -1.0136E-01 -6.5004E-02 -6.7003E-02
  2.5972E-02 -9.9859E-02 -6.5440E-02 -6.7452E-02
  2.6146E-02 -9.8342E-02 -6.5879E-02 -6.7904E-02
  2.6321E-02 -9.6805E-02 -6.6321E-02 -6.8359E-02
  2.6498E-02 -9.5249E-02 -6.6766E-02 -6.8818E-02
  2.6676E-02 -9.3672E-02 -6.7214E-02 -6.9279E-02
  2.6855E-02 -9.2075E-02 -6.7665E-02 -6.9743E-02
  2.7035E-02 -9.0458E-02 -6.8119E-02 -7.0211E-02
  2.7217E-02 -8.8821E-02 -6.8576E-02 -7.0681E-02
  2.7399E-02 -8.7164E-02 -6.9036E-02 -7.1155E-02
  2.7583E-02 -8.5486E-02 -6.9499E-02 -7.1632E-02
  2.7768E-02 -8.3789E-02 -6.9965E-02 -7.2112E-02
  2.7955E-02 -8.2071E-02 -7.0434E-02 -7.2595E-02
  2.8142E-02 -8.0333E-02 -7.0907E-02 -7.3081E-02
  2.8331E-02 -7.8575E-02 -7.1382E-02 -7.3571E-02
  2.8521E-02 -7.6797E-02 -7.1861E-02 -7.4064E-02
  2.8713E-02 -7.4998E-02 -7.2343E-02 -7.4560E-02
  2.8905E-02 -7.3180E-02 -7.2828E-02 -7.5060E-02
  2.9099E-02 -7.1342E-02 -7.3316E-02 -7.5562E-02
  2.9294E-02 -6.9483E-02 -7.3808E-02 -7.6068E-02
  2.9491E-02 -6.7605E-02 -7.4302E-02 -7.6578E-02
  2.9689E-02 -6.5707E-02 -7.4801E-02 -7.7091E-02
  2.9888E-02 -6.3789E-02 -7.5302E-02 -7.7607E-02
  3.0089E-02 -6.1851E-02 -7.5807E-02 -7.8127E-02
  3.0290E-02 -5.9893E-02 -7.6315E-02 -7.8650E-02
  3.0494E-02 -5.7915E-02 -7.6827E-02 -7.9177E-02
  3.0698E-02 -5.5918E-02 -7.7341E-02 -7.9707E-02
  3.0904E-02 -5.3902E-02 -7.7860E-02 -8.0241E-02
  3.1111E-02 -5.1866E-02 -7.8382E-02 -8.0778E-02
  3.1320E-02 -4.9810E-02 -7.8907E-02 -8.1319E-02
  3.1530E-02 -4.7735E-02 -7.9436E-02 -8.1863E-02
  3.1742E-02 -4.5641E-02 -7.9968E-02 -8.2411E-02
  3.1954E-02 -4.3528E-02 -8.0504E-02 -8.2963E-02
  3.2169E-02 -4.1396E-02 -8.1044E-02 -8.3518E-02
  3.2384E-02 -3.9244E-02 -8.1587E-02 -8.4077E-02
  3.2602E-02 -3.7074E-02 -8.2133E-02 -8.4639E-02
  3.2820E-02 -3.4886E-02 -8.2684E-02 -8.5206E-02
  3.3040E-02 -3.2679E-02 -8.3238E-02 -8.5776E-02
  3.3262E-02 -3.0453E-02 -8.3795E-02 -8.6350E-02
  3.3485E-02 -2.8210E-02 -8.4357E-02 -8.6928E-02
  3.3709E-02 -2.5948E-02 -8.4922E-02 -8.7509E-02
  3.3935E-02 -2.3668E-02 -8.5491E-02 -8.8095E-02
  3.4163E-02 -2.1370E-02 -8.6063E-02 -8.8684E-02
  3.4392E-02 -1.9055E-02 -8.6640E-02 -8.9277E-02
  3.4623E-02 -1.6723E-02 -8.7220E-02 -8.9875E-02
  3.4855E-02 -1.4373E-02 -8.7804E-02 -9.0476E-02
  3.5088E-02 -1.2006E-02 -8.8392E-02 -9.1081E-02
  3.5324E-02 -9.6223E-03 -8.8985E-02 -9.1690E-02
  3.5560E-02 -7.2219E-03 -8.9580E-02 -9.2303E-02
  3.5799E-02 -4.8050E-03 -9.0180E-02 -9.2921E-02
  3.6039E-02 -2.3719E-03 -9.0784E-02 -9.3542E-02
  3.6280E-02  7.7187E-05 -9.1392E-02 -9.4167E-02
  3.6524E-02  2.5421E-03 -9.2004E-02 -9.4797E-02
  3.6768E-02  5.0225E-03 -9.2620E-02 -9.5431E-02
  3.7015E-02  7.5182E-03 -9.3240E-02 -9.6069E-02
  3.7263E-02  1.0029E-02 -9.3865E-02 -9.6711E-02
  3.7513E-02  1.2554E-02 -9.4493E-02 -9.7358E-02
  3.7764E-02  1.5094E-02 -9.5126E-02 -9.8008E-02
  3.8017E-02  1.7649E-02 -9.5763E-02 -9.8663E-02
  3.8272E-02  2.0217E-02 -9.6404E-02 -9.9323E-02
  3.8529E-02  2.2799E-02 -9.7049E-02 -9.9987E-02
  3.8787E-02  2.5394E-02 -9.7699E-02 -1.0065E-01
  3.9047E-02  2.8002E-02 -9.8353E-02 -1.0133E-01
  3.9308E-02  3.0623E-02 -9.9011E-02 -1.0200E-01
  3.9572E-02  3.3256E-02 -9.9674E-02 -1.0269E-01
  3.9837E-02  3.5901E-02 -1.0034E-01 -1.0337E-01
  4.0104E-02  3.8559E-02 -1.0101E-01 -1.0406E-01
  4.0373E-02  4.1227E-02 -1.0169E-01 -1.0476E-01
  4.0643E-02  4.3906E-02 -1.0237E-01 -1.0546E-01
  4.0915E-02  4.6596E-02 -1.0305E-01 -1.0616E-01
  4.1190E-02  4.9297E-02 -1.0374E-01 -1.0687E-01
  4.1466E-02  5.2007E-02 -1.0444E-01 -1.0758E-01
  4.1743E-02  5.4726E-02 -1.0514E-01 -1.0830E-01
  4.2023E-02  5.7455E-02 -1.0584E-01 -1.0903E-01
  4.2305E-02  6.0192E-02 -1.0655E-01 -1.0975E-01
  4.2588E-02  6.2938E-02 -1.0726E-01 -1.1049E-01
  4.2873E-02  6.5691E-02 -1.0798E-01 -1.1122E-01
  4.3161E-02  6.8452E-02 -1.0870E-01 -1.1197E-01
  4.3450E-02  7.1220E-02 -1.0943E-01 -1.1271E-01
  4.3741E-02  7.3994E-02 -1.1016E-01 -1.1347E-01
  4.4034E-02  7.6774E-02 -1.1090E-01 -1.1422E-01
  4.4329E-02  7.9560E-02 -1.1164E-01 -1.1499E-01
  4.4626E-02  8.2351E-02 -1.1239E-01 -1.1575E-01
  4.4925E-02  8.5146E-02 -1.1314E-01 -1.1653E-01
  4.5226E-02  8.7945E-02 -1.1389E-01 -1.1730E-01
  4.5529E-02  9.0748E-02 -1.1465E-01 -1.1809E-01
  4.5833E-02  9.3554E-02 -1.1542E-01 -1.1887E-01
  4.6140E-02  9.6362E-02 -1.1619E-01 -1.1967E-01
  4.6450E-02  9.9172E-02 -1.1697E-01 -1.2047E-01
  4.6761E-02  1.0198E-01 -1.1775E-01 -1.2127E-01
  4.7074E-02  1.0480E-01 -1.1854E-01 -1.2208E-01
  4.7389E-02  1.0761E-01 -1.1933E-01 -1.2289E-01
  4.7706E-02  1.1042E-01 -1.2013E-01 -1.2371E-01
  4.8026E-02  1.1323E-01 -1.2093E-01 -1.2454E-01
  4.8348E-02  1.1604E-01 -1.2174E-01 -1.2537E-01
  4.8671E-02  1.1885E-01 -1.2256E-01 -1.2620E-01
  4.8997E-02  1.2166E-01 -1.2337E-01 -1.2704E-01
  4.9325E-02  1.2446E-01 -1.2420E-01 -1.2789E-01
  4.9656E-02  1.2726E-01 -1.2503E-01 -1.2874E-01
  4.9988E-02  1.3005E-01 -1.2587E-01 -1.2960E-01
  5.0323E-02  1.3284E-01 -1.2671E-01 -1.3046E-01
  5.0660E-02  1.3562E-01 -1.2755E-01 -1.3133E-01
  5.0999E-02  1.3840E-01 -1.2841E-01 -1.3221E-01
  5.1341E-02  1.4117E-01 -1.2926E-01 -1.3309E-01
  5.1685E-02  1.4393E-01 -1.3013E-01 -1.3398E-01
  5.2031E-02  1.4668E-01 -1.3100E-01 -1.3487E-01
  5.2379E-02  1.4942E-01 -1.3187E-01 -1.3577E-01
  5.2730E-02  1.5215E-01 -1.3275E-01 -1.3667E-01
  5.3083E-02  1.5488E-01 -1.3364E-01 -1.3758E-01
  5.3438E-02  1.5759E-01 -1.3453E-01 -1.3850E-01
  5.3796E-02  1.6028E-01 -1.3543E-01 -1.3942E-01
  5.4156E-02  1.6297E-01 -1.3634E-01 -1.4035E-01
  5.4519E-02  1.6564E-01 -1.3725E-01 -1.4128E-01
  5.4884E-02  1.6830E-01 -1.3816E-01 -1.4222E-01
  5.5251E-02  1.7094E-01 -1.3909E-01 -1.4317E-01
  5.5621E-02  1.7357E-01 -1.4002E-01 -1.4412E-01
  5.5993E-02  1.7618E-01 -1.4095E-01 -1.4508E-01
  5.6368E-02  1.7877E-01 -1.4189E-01 -1.4605E-01
  5.6746E-02  1.8134E-01 -1.4284E-01 -1.4702E-01
  5.7125E-02  1.8389E-01 -1.4379E-01 -1.4800E-01
  5.7508E-02  1.8643E-01 -1.4475E-01 -1.4898E-01
  5.7893E-02  1.8894E-01 -1.4572E-01 -1.4997E-01
  5.8280E-02  1.9143E-01 -1.4669E-01 -1.5097E-01
  5.8670E-02  1.9390E-01 -1.4767E-01 -1.5197E-01
  5.9063E-02  1.9635E-01 -1.4866E-01 -1.5298E-01
  5.9459E-02  1.9877E-01 -1.4965E-01 -1.5400E-01
  5.9857E-02  2.0116E-01 -1.5065E-01 -1.5502E-01
  6.0257E-02  2.0353E-01 -1.5165E-01 -1.5606E-01
  6.0661E-02  2.0588E-01 -1.5267E-01 -1.5709E-01
  6.1067E-02  2.0819E-01 -1.5369E-01 -1.5814E-01
  6.1475E-02  2.1048E-01 -1.5471E-01 -1.5919E-01
  6.1887E-02  2.1274E-01 -1.5574E-01 -1.6025E-01
  6.2301E-02  2.1496E-01 -1.5678E-01 -1.6131E-01
  6.2718E-02  2.1716E-01 -1.5783E-01 -1.6238E-01
  6.3138E-02  2.1932E-01 -1.5888E-01 -1.6346E-01
  6.3560E-02  2.2145E-01 -1.5994E-01 -1.6455E-01
  6.3986E-02  2.2355E-01 -1.6101E-01 -1.6564E-01
  6.4414E-02  2.2561E-01 -1.6208E-01 -1.6674E-01
  6.4845E-02  2.2764E-01 -1.6316E-01 -1.6784E-01
  6.5279E-02  2.2963E-01 -1.6425E-01 -1.6896E-01
  6.5716E-02  2.3158E-01 -1.6535E-01 -1.7008E-01
  6.6156E-02  2.3349E-01 -1.6645E-01 -1.7121E-01
  6.6598E-02  2.3537E-01 -1.6756E-01 -1.7235E-01
  6.7044E-02  2.3720E-01 -1.6868E-01 -1.7349E-01
  6.7493E-02  2.3899E-01 -1.6980E-01 -1.7464E-01
  6.7944E-02  2.4074E-01 -1.7094E-01 -1.7580E-01
  6.8399E-02  2.4245E-01 -1.7208E-01 -1.7696E-01
  6.8857E-02  2.4411E-01 -1.7322E-01 -1.7814E-01
  6.9317E-02  2.4573E-01 -1.7438E-01 -1.7932E-01
  6.9781E-02  2.4730E-01 -1.7554E-01 -1.8051E-01
  7.0248E-02  2.4883E-01 -1.7671E-01 -1.8170E-01
  7.0718E-02  2.5030E-01 -1.7789E-01 -1.8291E-01
  7.1191E-02  2.5173E-01 -1.7907E-01 -1.8412E-01
  7.1668E-02  2.5311E-01 -1.8027E-01 -1.8534E-01
  7.2147E-02  2.5443E-01 -1.8147E-01 -1.8657E-01
  7.2630E-02  2.5571E-01 -1.8268E-01 -1.8780E-01
  7.3116E-02  2.5693E-01 -1.8389E-01 -1.8905E-01
  7.3605E-02  2.5810E-01 -1.8512E-01 -1.9030E-01
  7.4098E-02  2.5921E-01 -1.8635E-01 -1.9156E-01
  7.4593E-02  2.6027E-01 -1.8759E-01 -1.9283E-01
  7.5092E-02  2.6128E-01 -1.8884E-01 -1.9410E-01
  7.5595E-02  2.6222E-01 -1.9010E-01 -1.9539E-01
  7.6101E-02  2.6311E-01 -1.9137E-01 -1.9668E-01
  7.6610E-02  2.6394E-01 -1.9264E-01 -1.9798E-01
  7.7122E-02  2.6471E-01 -1.9392E-01 -1.9929E-01
  7.7638E-02  2.6541E-01 -1.9522E-01 -2.0061E-01
  7.8158E-02  2.6606E-01 -1.9652E-01 -2.0194E-01
  7.8681E-02  2.6664E-01 -1.9782E-01 -2.0327E-01
  7.9207E-02  2.6716E-01 -1.9914E-01 -2.0461E-01
  7.9737E-02  2.6762E-01 -2.0047E-01 -2.0597E-01
  8.0270E-02  2.6801E-01 -2.0180E-01 -2.0733E-01
  8.0807E-02  2.6833E-01 -2.0314E-01 -2.0870E-01
  8.1348E-02  2.6859E-01 -2.0450E-01 -2.1008E-01
  8.1892E-02  2.6878E-01 -2.0586E-01 -2.1146E-01
  8.2440E-02  2.6890E-01 -2.0723E-01 -2.1286E-01
  8.2991E-02  2.6895E-01 -2.0861E-01 -2.1426E-01
  8.3546E-02  2.6894E-01 -2.0999E-01 -2.1568E-01
  8.4105E-02  2.6885E-01 -2.1139E-01 -2.1710E-01
  8.4668E-02  2.6869E-01 -2.1280E-01 -2.1853E-01
  8.5234E-02  2.6845E-01 -2.1421E-01 -2.1998E-01
  8.5804E-02  2.6815E-01 -2.1564E-01 -2.2143E-01
  8.6378E-02  2.6777E-01 -2.1707E-01 -2.2289E-01
  8.6956E-02  2.6731E-01 -2.1851E-01 -2.2436E-01
  8.7538E-02  2.6678E-01 -2.1997E-01 -2.2584E-01
  8.8123E-02  2.6618E-01 -2.2143E-01 -2.2732E-01
  8.8713E-02  2.6549E-01 -2.2290E-01 -2.2882E-01
  8.9306E-02  2.6473E-01 -2.2438E-01 -2.3033E-01
  8.9903E-02  2.6390E-01 -2.2588E-01 -2.3185E-01
  9.0505E-02  2.6298E-01 -2.2738E-01 -2.3337E-01
  9.1110E-02  2.6199E-01 -2.2889E-01 -2.3491E-01
  9.1719E-02  2.6091E-01 -2.3041E-01 -2.3645E-01
  9.2333E-02  2.5976E-01 -2.3194E-01 -2.3801E-01
  9.2950E-02  2.5852E-01 -2.3348E-01 -2.3958E-01
  9.3572E-02  2.5720E-01 -2.3503E-01 -2.4115E-01
  9.4198E-02  2.5580E-01 -2.3659E-01 -2.4274E-01
  9.4828E-02  2.5432E-01 -2.3816E-01 -2.4433E-01
  9.5462E-02  2.5276E-01 -2.3974E-01 -2.4594E-01
  9.6101E-02  2.5111E-01 -2.4134E-01 -2.4755E-01
  9.6743E-02  2.4938E-01 -2.4294E-01 -2.4918E-01
  9.7390E-02  2.4757E-01 -2.4455E-01 -2.5082E-01
  9.8042E-02  2.4567E-01 -2.4617E-01 -2.5246E-01
  9.8697E-02  2.4369E-01 -2.4781E-01 -2.5412E-01
  9.9357E-02  2.4162E-01 -2.4945E-01 -2.5579E-01
  1.0002E-01  2.3947E-01 -2.5111E-01 -2.5747E-01
  1.0069E-01  2.3723E-01 -2.5277E-01 -2.5915E-01
  1.0136E-01  2.3491E-01 -2.5445E-01 -2.6085E-01
  1.0204E-01  2.3250E-01 -2.5614E-01 -2.6256E-01
  1.0272E-01  2.3000E-01 -2.5784E-01 -2.6428E-01
  1.0341E-01  2.2742E-01 -2.5955E-01 -2.6601E-01
  1.0410E-01  2.2476E-01 -2.6127E-01 -2.6776E-01
  1.0480E-01  2.2200E-01 -2.6300E-01 -2.6951E-01
  1.0550E-01  2.1916E-01 -2.6474E-01 -2.7127E-01
  1.0621E-01  2.1624E-01 -2.6650E-01 -2.7305E-01
  1.0692E-01  2.1323E-01 -2.6827E-01 -2.7483E-01
  1.0763E-01  2.1013E-01 -2.7004E-01 -2.7663E-01
  1.0835E-01  2.0695E-01 -2.7183E-01 -2.7844E-01
  1.0907E-01  2.0368E-01 -2.7363E-01 -2.8026E-01
  1.0980E-01  2.0033E-01 -2.7545E-01 -2.8209E-01
  1.1054E-01  1.9689E-01 -2.7727E-01 -2.8393E-01
  1.1128E-01  1.9337E-01 -2.7911E-01 -2.8579E-01
  1.1202E-01  1.8976E-01 -2.8096E-01 -2.8765E-01
  1.1277E-01  1.8607E-01 -2.8282E-01 -2.8953E-01
  1.1352E-01  1.8229E-01 -2.8469E-01 -2.9142E-01
  1.1428E-01  1.7843E-01 -2.8657E-01 -2.9332E-01
  1.1505E-01  1.7449E-01 -2.8847E-01 -2.9523E-01
  1.1582E-01  1.7046E-01 -2.9038E-01 -2.9715E-01
  1.1659E-01  1.6635E-01 -2.9230E-01 -2.9909E-01
  1.1737E-01  1.6217E-01 -2.9423E-01 -3.0103E-01
  1.1816E-01  1.5790E-01 -2.9618E-01 -3.0299E-01
  1.1895E-01  1.5354E-01 -2.9814E-01 -3.0497E-01
  1.1974E-01  1.4912E-01 -3.0011E-01 -3.0695E-01
  1.2054E-01  1.4461E-01 -3.0209E-01 -3.0894E-01
  1.2135E-01  1.4002E-01 -3.0409E-01 -3.1095E-01
  1.2216E-01  1.3536E-01 -3.0610E-01 -3.1297E-01
  1.2298E-01  1.3062E-01 -3.0812E-01 -3.1500E-01
  1.2380E-01  1.2580E-01 -3.1015E-01 -3.1705E-01
  1.2463E-01  1.2091E-01 -3.1220E-01 -3.1910E-01
  1.2546E-01  1.1595E-01 -3.1426E-01 -3.2117E-01
  1.2630E-01  1.1091E-01 -3.1634E-01 -3.2326E-01
  1.2714E-01  1.0580E-01 -3.1843E-01 -3.2535E-01
  1.2799E-01  1.0063E-01 -3.2053E-01 -3.2746E-01
  1.2885E-01  9.5381E-02 -3.2265E-01 -3.2958E-01
  1.2971E-01  9.0067E-02 -3.2477E-01 -3.3171E-01
  1.3058E-01  8.4686E-02 -3.2692E-01 -3.3385E-01
  1.3145E-01  7.9240E-02 -3.2907E-01 -3.3601E-01
  1.3233E-01  7.3731E-02 -3.3124E-01 -3.3818E-01
  1.3321E-01  6.8159E-02 -3.3343E-01 -3.4037E-01
  1.3410E-01  6.2526E-02 -3.3562E-01 -3.4257E-01
  1.3500E-01  5.6833E-02 -3.3784E-01 -3.4478E-01
  1.3590E-01  5.1083E-02 -3.4006E-01 -3.4700E-01
  1.3681E-01  4.5276E-02 -3.4230E-01 -3.4924E-01
  1.3773E-01  3.9415E-02 -3.4456E-01 -3.5149E-01
  1.3865E-01  3.3500E-02 -3.4683E-01 -3.5375E-01
  1.3957E-01  2.7535E-02 -3.4911E-01 -3.5603E-01
  1.4051E-01  2.1519E-02 -3.5141E-01 -3.5832E-01
  1.4145E-01  1.5457E-02 -3.5372E-01 -3.6062E-01
  1.4239E-01  9.3478E-03 -3.5605E-01 -3.6294E-01
  1.4334E-01  3.1952E-03 -3.5839E-01 -3.6527E-01
  1.4430E-01 -2.9994E-03 -3.6075E-01 -3.6761E-01
  1.4527E-01 -9.2339E-03 -3.6312E-01 -3.6997E-01
  1.4624E-01 -1.5506E-02 -3.6551E-01 -3.7234E-01
  1.4721E-01 -2.1815E-02 -3.6791E-01 -3.7473E-01
  1.4820E-01 -2.8156E-02 -3.7032E-01 -3.7713E-01
  1.4919E-01 -3.4530E-02 -3.7276E-01 -3.7954E-01
  1.5019E-01 -4.0933E-02 -3.7520E-01 -3.8197E-01
  1.5119E-01 -4.7362E-02 -3.7767E-01 -3.8441E-01
  1.5220E-01 -5.3817E-02 -3.8015E-01 -3.8687E-01
  1.5322E-01 -6.0293E-02 -3.8264E-01 -3.8934E-01
  1.5424E-01 -6.6790E-02 -3.8515E-01 -3.9182E-01
  1.5527E-01 -7.3304E-02 -3.8768E-01 -3.9432E-01
  1.5631E-01 -7.9834E-02 -3.9022E-01 -3.9683E-01
  1.5736E-01 -8.6375E-02 -3.9278E-01 -3.9936E-01
  1.5841E-01 -9.2927E-02 -3.9535E-01 -4.0190E-01
  1.5947E-01 -9.9486E-02 -3.9794E-01 -4.0445E-01
  1.6053E-01 -1.0605E-01 -4.0055E-01 -4.0702E-01
  1.6161E-01 -1.1262E-01 -4.0317E-01 -4.0961E-01
  1.6269E-01 -1.1918E-01 -4.0581E-01 -4.1221E-01
  1.6377E-01 -1.2574E-01 -4.0847E-01 -4.1482E-01
  1.6487E-01 -1.3230E-01 -4.1114E-01 -4.1745E-01
  1.6597E-01 -1.3885E-01 -4.1383E-01 -4.2009E-01
  1.6708E-01 -1.4538E-01 -4.1653E-01 -4.2275E-01
  1.6820E-01 -1.5190E-01 -4.1926E-01 -4.2542E-01
  1.6932E-01 -1.5841E-01 -4.2200E-01 -4.2811E-01
  1.7045E-01 -1.6489E-01 -4.2475E-01 -4.3081E-01
  1.7159E-01 -1.7135E-01 -4.2753E-01 -4.3353E-01
  1.7274E-01 -1.7778E-01 -4.3032E-01 -4.3626E-01
  1.7389E-01 -1.8419E-01 -4.3313E-01 -4.3900E-01
  1.7505E-01 -1.9056E-01 -4.3595E-01 -4.4176E-01
  1.7622E-01 -1.9690E-01 -4.3880E-01 -4.4454E-01
  1.7740E-01 -2.0319E-01 -4.4166E-01 -4.4733E-01
  1.7859E-01 -2.0945E-01 -4.4453E-01 -4.5014E-01
  1.7978E-01 -2.1566E-01 -4.4743E-01 -4.5296E-01
  1.8098E-01 -2.2183E-01 -4.5035E-01 -4.5580E-01
  1.8219E-01 -2.2794E-01 -4.5328E-01 -4.5865E-01
  1.8341E-01 -2.3400E-01 -4.5623E-01 -4.6152E-01
  1.8464E-01 -2.4000E-01 -4.5920E-01 -4.6440E-01
  1.8587E-01 -2.4594E-01 -4.6218E-01 -4.6730E-01
  1.8711E-01 -2.5181E-01 -4.6519E-01 -4.7021E-01
  1.8836E-01 -2.5762E-01 -4.6821E-01 -4.7314E-01
  1.8962E-01 -2.6336E-01 -4.7125E-01 -4.7608E-01
  1.9089E-01 -2.6903E-01 -4.7431E-01 -4.7904E-01
  1.9217E-01 -2.7462E-01 -4.7739E-01 -4.8201E-01
  1.9345E-01 -2.8013E-01 -4.8049E-01 -4.8500E-01
  1.9474E-01 -2.8555E-01 -4.8360E-01 -4.8801E-01
  1.9604E-01 -2.9089E-01 -4.8674E-01 -4.9103E-01
  1.9735E-01 -2.9614E-01 -4.8989E-01 -4.9406E-01
  1.9867E-01 -3.0130E-01 -4.9306E-01 -4.9711E-01
  2.0000E-01 -3.0636E-01 -4.9626E-01 -5.0018E-01
  2.0134E-01 -3.1132E-01 -4.9947E-01 -5.0326E-01
  2.0268E-01 -3.1617E-01 -5.0270E-01 -5.0636E-01
  2.0404E-01 -3.2093E-01 -5.0595E-01 -5.0947E-01
  2.0540E-01 -3.2557E-01 -5.0922E-01 -5.1260E-01
  2.0677E-01 -3.3010E-01 -5.1251E-01 -5.1574E-01
  2.0816E-01 -3.3452E-01 -5.1582E-01 -5.1890E-01
  2.0955E-01 -3.3881E-01 -5.1915E-01 -5.2208E-01
  2.1095E-01 -3.4299E-01 -5.2250E-01 -5.2527E-01
  2.1236E-01 -3.4704E-01 -5.2586E-01 -5.2847E-01
  2.1378E-01 -3.5096E-01 -5.2925E-01 -5.3169E-01
  2.1520E-01 -3.5475E-01 -5.3266E-01 -5.3493E-01
  2.1664E-01 -3.5841E-01 -5.3609E-01 -5.3818E-01
  2.1809E-01 -3.6193E-01 -5.3954E-01 -5.4144E-01
  2.1955E-01 -3.6531E-01 -5.4301E-01 -5.4472E-01
  2.2102E-01 -3.6855E-01 -5.4650E-01 -5.4802E-01
  2.2249E-01 -3.7164E-01 -5.5001E-01 -5.5133E-01
  2.2398E-01 -3.7458E-01 -5.5354E-01 -5.5466E-01
  2.2548E-01 -3.7737E-01 -5.5709E-01 -5.5800E-01
  2.2698E-01 -3.8001E-01 -5.6067E-01 -5.6136E-01
  2.2850E-01 -3.8249E-01 -5.6426E-01 -5.6473E-01
  2.3003E-01 -3.8481E-01 -5.6787E-01 -5.6812E-01
  2.3156E-01 -3.8697E-01 -5.7151E-01 -5.7152E-01
  2.3311E-01 -3.8897E-01 -5.7517E-01 -5.7494E-01
  2.3467E-01 -3.9080E-01 -5.7884E-01 -5.7837E-01
  2.3624E-01 -3.9246E-01 -5.8254E-01 -5.8182E-01
  2.3782E-01 -3.9394E-01 -5.8626E-01 -5.8528E-01
  2.3940E-01 -3.9526E-01 -5.9001E-01 -5.8876E-01
  2.4100E-01 -3.9639E-01 -5.9377E-01 -5.9225E-01
  2.4262E-01 -3.9735E-01 -5.9755E-01 -5.9575E-01
  2.4424E-01 -3.9813E-01 -6.0136E-01 -5.9927E-01
  2.4587E-01 -3.9872E-01 -6.0519E-01 -6.0281E-01
  2.4751E-01 -3.9913E-01 -6.0904E-01 -6.0636E-01
  2.4917E-01 -3.9935E-01 -6.1291E-01 -6.0992E-01
  2.5083E-01 -3.9938E-01 -6.1680E-01 -6.1350E-01
  2.5251E-01 -3.9923E-01 -6.2072E-01 -6.1709E-01
  2.5419E-01 -3.9888E-01 -6.2466E-01 -6.2069E-01
  2.5589E-01 -3.9834E-01 -6.2862E-01 -6.2431E-01
  2.5760E-01 -3.9760E-01 -6.3260E-01 -6.2795E-01
  2.5932E-01 -3.9667E-01 -6.3660E-01 -6.3160E-01
  2.6106E-01 -3.9553E-01 -6.4063E-01 -6.3526E-01
  2.6280E-01 -3.9420E-01 -6.4468E-01 -6.3893E-01
  2.6456E-01 -3.9267E-01 -6.4875E-01 -6.4262E-01
  2.6632E-01 -3.9094E-01 -6.5284E-01 -6.4632E-01
  2.6810E-01 -3.8901E-01 -6.5696E-01 -6.5003E-01
  2.6990E-01 -3.8687E-01 -6.6110E-01 -6.5376E-01
  2.7170E-01 -3.8453E-01 -6.6526E-01 -6.5750E-01
  2.7351E-01 -3.8199E-01 -6.6944E-01 -6.6125E-01
  2.7534E-01 -3.7924E-01 -6.7365E-01 -6.6502E-01
  2.7718E-01 -3.7628E-01 -6.7788E-01 -6.6879E-01
  2.7903E-01 -3.7312E-01 -6.8213E-01 -6.7258E-01
  2.8090E-01 -3.6975E-01 -6.8641E-01 -6.7638E-01
  2.8278E-01 -3.6618E-01 -6.9070E-01 -6.8020E-01
  2.8466E-01 -3.6240E-01 -6.9502E-01 -6.8402E-01
  2.8657E-01 -3.5842E-01 -6.9937E-01 -6.8786E-01
  2.8848E-01 -3.5423E-01 -7.0374E-01 -6.9171E-01
  2.9041E-01 -3.4983E-01 -7.0813E-01 -6.9557E-01
  2.9235E-01 -3.4523E-01 -7.1254E-01 -6.9944E-01
  2.9430E-01 -3.4042E-01 -7.1698E-01 -7.0332E-01
  2.9627E-01 -3.3541E-01 -7.2144E-01 -7.0721E-01
  2.9825E-01 -3.3020E-01 -7.2592E-01 -7.1111E-01
  3.0024E-01 -3.2479E-01 -7.3042E-01 -7.1502E-01
  3.0225E-01 -3.1917E-01 -7.3495E-01 -7.1894E-01
  3.0427E-01 -3.1336E-01 -7.3951E-01 -7.2287E-01
  3.0630E-01 -3.0734E-01 -7.4408E-01 -7.2681E-01
  3.0835E-01 -3.0113E-01 -7.4868E-01 -7.3076E-01
  3.1041E-01 -2.9473E-01 -7.5330E-01 -7.3472E-01
  3.1248E-01 -2.8813E-01 -7.5795E-01 -7.3869E-01
  3.1457E-01 -2.8133E-01 -7.6262E-01 -7.4266E-01
  3.1667E-01 -2.7435E-01 -7.6731E-01 -7.4664E-01
  3.1879E-01 -2.6718E-01 -7.7203E-01 -7.5064E-01
  3.2092E-01 -2.5982E-01 -7.7677E-01 -7.5463E-01
  3.2306E-01 -2.5228E-01 -7.8153E-01 -7.5864E-01
  3.2522E-01 -2.4456E-01 -7.8631E-01 -7.6265E-01
  3.2739E-01 -2.3666E-01 -7.9112E-01 -7.6667E-01
  3.2958E-01 -2.2858E-01 -7.9596E-01 -7.7069E-01
  3.3178E-01 -2.2033E-01 -8.0081E-01 -7.7472E-01
  3.3400E-01 -2.1191E-01 -8.0569E-01 -7.7876E-01
  3.3623E-01 -2.0333E-01 -8.1059E-01 -7.8280E-01
  3.3848E-01 -1.9458E-01 -8.1552E-01 -7.8684E-01
  3.4074E-01 -1.8566E-01 -8.2047E-01 -7.9089E-01
  3.4301E-01 -1.7659E-01 -8.2544E-01 -7.9494E-01
  3.4531E-01 -1.6737E-01 -8.3043E-01 -7.9900E-01
  3.4761E-01 -1.5800E-01 -8.3545E-01 -8.0306E-01
  3.4994E-01 -1.4848E-01 -8.4049E-01 -8.0712E-01
  3.5227E-01 -1.3881E-01 -8.4556E-01 -8.1118E-01
  3.5463E-01 -1.2901E-01 -8.5064E-01 -8.1525E-01
  3.5700E-01 -1.1908E-01 -8.5575E-01 -8.1932E-01
  3.5938E-01 -1.0901E-01 -8.6088E-01 -8.2339E-01
  3.6178E-01 -9.8823E-02 -8.6604E-01 -8.2745E-01
  3.6420E-01 -8.8512E-02 -8.7122E-01 -8.3152E-01
  3.6663E-01 -7.8084E-02 -8.7642E-01 -8.3559E-01
  3.6908E-01 -6.7545E-02 -8.8164E-01 -8.3966E-01
  3.7155E-01 -5.6900E-02 -8.8688E-01 -8.4372E-01
  3.7403E-01 -4.6152E-02 -8.9215E-01 -8.4778E-01
  3.7653E-01 -3.5308E-02 -8.9744E-01 -8.5184E-01
  3.7905E-01 -2.4373E-02 -9.0275E-01 -8.5590E-01
  3.8158E-01 -1.3351E-02 -9.0809E-01 -8.5995E-01
  3.8413E-01 -2.2492E-03 -9.1344E-01 -8.6400E-01
  3.8669E-01  8.9284E-03 -9.1882E-01 -8.6804E-01
  3.8928E-01  2.0175E-02 -9.2422E-01 -8.7208E-01
  3.9188E-01  3.1487E-02 -9.2964E-01 -8.7611E-01
  3.9450E-01  4.2856E-02 -9.3508E-01 -8.8013E-01
  3.9713E-01  5.4277E-02 -9.4054E-01 -8.8415E-01
  3.9978E-01  6.5745E-02 -9.4603E-01 -8.8816E-01
  4.0246E-01  7.7253E-02 -9.5153E-01 -8.9215E-01
  4.0514E-01  8.8795E-02 -9.5706E-01 -8.9614E-01
  4.0785E-01  1.0037E-01 -9.6260E-01 -9.0012E-01
  4.1058E-01  1.1196E-01 -9.6817E-01 -9.0409E-01
  4.1332E-01  1.2356E-01 -9.7376E-01 -9.0805E-01
  4.1608E-01  1.3518E-01 -9.7936E-01 -9.1199E-01
  4.1886E-01  1.4680E-01 -9.8499E-01 -9.1592E-01
  4.2166E-01  1.5841E-01 -9.9064E-01 -9.1984E-01
  4.2447E-01  1.7002E-01 -9.9630E-01 -9.2374E-01
  4.2731E-01  1.8160E-01 -1.0020E+00 -9.2762E-01
  4.3017E-01  1.9316E-01 -1.0077E+00 -9.3149E-01
  4.3304E-01  2.0470E-01 -1.0134E+00 -9.3534E-01
  4.3593E-01  2.1619E-01 -1.0192E+00 -9.3917E-01
  4.3884E-01  2.2764E-01 -1.0249E+00 -9.4299E-01
  4.4178E-01  2.3903E-01 -1.0307E+00 -9.4678E-01
  4.4473E-01  2.5037E-01 -1.0365E+00 -9.5055E-01
  4.4770E-01  2.6165E-01 -1.0423E+00 -9.5430E-01
  4.5069E-01  2.7285E-01 -1.0481E+00 -9.5803E-01
  4.5370E-01  2.8397E-01 -1.0540E+00 -9.6173E-01
  4.5673E-01  2.9500E-01 -1.0598E+00 -9.6541E-01
  4.5978E-01  3.0595E-01 -1.0657E+00 -9.6906E-01
  4.6285E-01  3.1679E-01 -1.0716E+00 -9.7269E-01
  4.6595E-01  3.2752E-01 -1.0775E+00 -9.7629E-01
  4.6906E-01  3.3814E-01 -1.0834E+00 -9.7985E-01
  4.7219E-01  3.4864E-01 -1.0894E+00 -9.8339E-01
  4.7535E-01  3.5901E-01 -1.0953E+00 -9.8690E-01
  4.7852E-01  3.6925E-01 -1.1013E+00 -9.9037E-01
  4.8172E-01  3.7934E-01 -1.1073E+00 -9.9382E-01
  4.8494E-01  3.8929E-01 -1.1133E+00 -9.9722E-01
  4.8818E-01  3.9908E-01 -1.1193E+00 -1.0006E+00
  4.9144E-01  4.0870E-01 -1.1253E+00 -1.0039E+00
  4.9472E-01  4.1816E-01 -1.1313E+00 -1.0072E+00
  4.9803E-01  4.2744E-01 -1.1374E+00 -1.0105E+00
  5.0135E-01  4.3653E-01 -1.1434E+00 -1.0137E+00
  5.0470E-01  4.4544E-01 -1.1495E+00 -1.0169E+00
  5.0807E-01  4.5415E-01 -1.1556E+00 -1.0200E+00
  5.1147E-01  4.6266E-01 -1.1617E+00 -1.0231E+00
  5.1489E-01  4.7095E-01 -1.1678E+00 -1.0261E+00
  5.1832E-01  4.7903E-01 -1.1739E+00 -1.0291E+00
  5.2179E-01  4.8689E-01 -1.1800E+00 -1.0320E+00
  5.2527E-01  4.9452E-01 -1.1861E+00 -1.0349E+00
  5.2878E-01  5.0192E-01 -1.1922E+00 -1.0378E+00
  5.3231E-01  5.0907E-01 -1.1983E+00 -1.0406E+00
  5.3587E-01  5.1598E-01 -1.2045E+00 -1.0433E+00
  5.3945E-01  5.2263E-01 -1.2106E+00 -1.0460E+00
  5.4305E-01  5.2903E-01 -1.2168E+00 -1.0486E+00
  5.4668E-01  5.3516E-01 -1.2229E+00 -1.0511E+00
  5.5033E-01  5.4102E-01 -1.2291E+00 -1.0536E+00
  5.5401E-01  5.4660E-01 -1.2352E+00 -1.0561E+00
  5.5771E-01  5.5190E-01 -1.2414E+00 -1.0584E+00
  5.6144E-01  5.5692E-01 -1.2475E+00 -1.0607E+00
  5.6519E-01  5.6164E-01 -1.2537E+00 -1.0630E+00
  5.6896E-01  5.6607E-01 -1.2598E+00 -1.0651E+00
  5.7276E-01  5.7019E-01 -1.2660E+00 -1.0672E+00
  5.7659E-01  5.7401E-01 -1.2721E+00 -1.0693E+00
  5.8044E-01  5.7752E-01 -1.2783E+00 -1.0712E+00
  5.8432E-01  5.8071E-01 -1.2844E+00 -1.0731E+00
  5.8822E-01  5.8358E-01 -1.2906E+00 -1.0749E+00
  5.9215E-01  5.8612E-01 -1.2967E+00 -1.0766E+00
  5.9611E-01  5.8834E-01 -1.3028E+00 -1.0782E+00
  6.0009E-01  5.9022E-01 -1.3090E+00 -1.0798E+00
  6.0410E-01  5.9177E-01 -1.3151E+00 -1.0812E+00
  6.0813E-01  5.9298E-01 -1.3212E+00 -1.0826E+00
  6.1220E-01  5.9385E-01 -1.3273E+00 -1.0839E+00
  6.1629E-01  5.9437E-01 -1.3334E+00 -1.0851E+00
  6.2040E-01  5.9454E-01 -1.3394E+00 -1.0862E+00
  6.2455E-01  5.9435E-01 -1.3455E+00 -1.0872E+00
  6.2872E-01  5.9382E-01 -1.3515E+00 -1.0881E+00
  6.3292E-01  5.9293E-01 -1.3576E+00 -1.0889E+00
  6.3715E-01  5.9168E-01 -1.3636E+00 -1.0896E+00
  6.4140E-01  5.9007E-01 -1.3696E+00 -1.0902E+00
  6.4569E-01  5.8809E-01 -1.3756E+00 -1.0907E+00
  6.5000E-01  5.8576E-01 -1.3815E+00 -1.0911E+00
  6.5434E-01  5.8306E-01 -1.3875E+00 -1.0913E+00
  6.5871E-01  5.7999E-01 -1.3934E+00 -1.0915E+00
  6.6311E-01  5.7656E-01 -1.3993E+00 -1.0915E+00
  6.6754E-01  5.7275E-01 -1.4051E+00 -1.0915E+00
  6.7200E-01  5.6859E-01 -1.4110E+00 -1.0913E+00
  6.7649E-01  5.6405E-01 -1.4168E+00 -1.0910E+00
  6.8101E-01  5.5914E-01 -1.4226E+00 -1.0905E+00
  6.8556E-01  5.5387E-01 -1.4283E+00 -1.0900E+00
  6.9014E-01  5.4823E-01 -1.4340E+00 -1.0893E+00
  6.9475E-01  5.4223E-01 -1.4397E+00 -1.0885E+00
  6.9939E-01  5.3586E-01 -1.4454E+00 -1.0875E+00
  7.0406E-01  5.2913E-01 -1.4510E+00 -1.0864E+00
  7.0876E-01  5.2203E-01 -1.4566E+00 -1.0852E+00
  7.1350E-01  5.1458E-01 -1.4621E+00 -1.0838E+00
  7.1827E-01  5.0676E-01 -1.4676E+00 -1.0823E+00
  7.2306E-01  4.9859E-01 -1.4731E+00 -1.0806E+00
  7.2789E-01  4.9007E-01 -1.4785E+00 -1.0788E+00
  7.3276E-01  4.8119E-01 -1.4839E+00 -1.0769E+00
  7.3765E-01  4.7196E-01 -1.4892E+00 -1.0748E+00
  7.4258E-01  4.6239E-01 -1.4945E+00 -1.0725E+00
  7.4754E-01  4.5248E-01 -1.4997E+00 -1.0701E+00
  7.5253E-01  4.4223E-01 -1.5049E+00 -1.0675E+00
  7.5756E-01  4.3165E-01 -1.5100E+00 -1.0648E+00
  7.6262E-01  4.2073E-01 -1.5151E+00 -1.0618E+00
  7.6771E-01  4.0949E-01 -1.5201E+00 -1.0588E+00
  7.7284E-01  3.9793E-01 -1.5250E+00 -1.0555E+00
  7.7800E-01  3.8605E-01 -1.5299E+00 -1.0521E+00
  7.8320E-01  3.7386E-01 -1.5347E+00 -1.0485E+00
  7.8843E-01  3.6136E-01 -1.5395E+00 -1.0447E+00
  7.9370E-01  3.4856E-01 -1.5442E+00 -1.0408E+00
  7.9900E-01  3.3547E-01 -1.5488E+00 -1.0366E+00
  8.0434E-01  3.2208E-01 -1.5533E+00 -1.0323E+00
  8.0971E-01  3.0841E-01 -1.5578E+00 -1.0278E+00
  8.1512E-01  2.9447E-01 -1.5622E+00 -1.0231E+00
  8.2056E-01  2.8025E-01 -1.5665E+00 -1.0182E+00
  8.2604E-01  2.6578E-01 -1.5707E+00 -1.0131E+00
  8.3156E-01  2.5104E-01 -1.5749E+00 -1.0079E+00
  8.3712E-01  2.3605E-01 -1.5789E+00 -1.0024E+00
  8.4271E-01  2.2082E-01 -1.5829E+00 -9.9669E-01
  8.4834E-01  2.0536E-01 -1.5868E+00 -9.9081E-01
  8.5400E-01  1.8967E-01 -1.5906E+00 -9.8472E-01
  8.5971E-01  1.7376E-01 -1.5943E+00 -9.7842E-01
  8.6545E-01  1.5764E-01 -1.5979E+00 -9.7191E-01
  8.7123E-01  1.4131E-01 -1.6014E+00 -9.6519E-01
  8.7705E-01  1.2479E-01 -1.6048E+00 -9.5825E-01
  8.8291E-01  1.0809E-01 -1.6081E+00 -9.5109E-01
  8.8881E-01  9.1209E-02 -1.6113E+00 -9.4372E-01
  8.9474E-01  7.4160E-02 -1.6143E+00 -9.3613E-01
  9.0072E-01  5.6952E-02 -1.6173E+00 -9.2831E-01
  9.0674E-01  3.9595E-02 -1.6201E+00 -9.2027E-01
  9.1279E-01  2.2098E-02 -1.6229E+00 -9.1201E-01
  9.1889E-01  4.4715E-03 -1.6255E+00 -9.0351E-01
  9.2503E-01 -1.3276E-02 -1.6279E+00 -8.9479E-01
  9.3121E-01 -3.1134E-02 -1.6303E+00 -8.8583E-01
  9.3743E-01 -4.9092E-02 -1.6325E+00 -8.7664E-01
  9.4369E-01 -6.7140E-02 -1.6346E+00 -8.6722E-01
  9.4999E-01 -8.5268E-02 -1.6365E+00 -8.5756E-01
  9.5634E-01 -1.0347E-01 -1.6383E+00 -8.4767E-01
  9.6273E-01 -1.2172E-01 -1.6400E+00 -8.3753E-01
  9.6916E-01 -1.4003E-01 -1.6415E+00 -8.2716E-01
  9.7563E-01 -1.5837E-01 -1.6429E+00 -8.1655E-01
  9.8215E-01 -1.7673E-01 -1.6441E+00 -8.0570E-01
  9.8871E-01 -1.9512E-01 -1.6451E+00 -7.9461E-01
  9.9531E-01 -2.1350E-01 -1.6460E+00 -7.8327E-01
  1.0020E+00 -2.3188E-01 -1.6468E+00 -7.7169E-01
  1.0087E+00 -2.5025E-01 -1.6473E+00 -7.5987E-01
  1.0154E+00 -2.6858E-01 -1.6477E+00 -7.4780E-01
  1.0222E+00 -2.8687E-01 -1.6479E+00 -7.3549E-01
  1.0290E+00 -3.0510E-01 -1.6480E+00 -7.2294E-01
  1.0359E+00 -3.2328E-01 -1.6479E+00 -7.1014E-01
  1.0428E+00 -3.4137E-01 -1.6475E+00 -6.9710E-01
  1.0498E+00 -3.5938E-01 -1.6470E+00 -6.8382E-01
  1.0568E+00 -3.7729E-01 -1.6463E+00 -6.7030E-01
  1.0638E+00 -3.9509E-01 -1.6454E+00 -6.5653E-01
  1.0709E+00 -4.1277E-01 -1.6443E+00 -6.4252E-01
  1.0781E+00 -4.3031E-01 -1.6430E+00 -6.2828E-01
  1.0853E+00 -4.4770E-01 -1.6415E+00 -6.1380E-01
  1.0925E+00 -4.6493E-01 -1.6398E+00 -5.9908E-01
  1.0998E+00 -4.8199E-01 -1.6379E+00 -5.8412E-01
  1.1072E+00 -4.9887E-01 -1.6358E+00 -5.6893E-01
  1.1146E+00 -5.1556E-01 -1.6334E+00 -5.5352E-01
  1.1220E+00 -5.3204E-01 -1.6308E+00 -5.3787E-01
  1.1295E+00 -5.4830E-01 -1.6280E+00 -5.2200E-01
  1.1371E+00 -5.6433E-01 -1.6249E+00 -5.0590E-01
  1.1447E+00 -5.8011E-01 -1.6216E+00 -4.8959E-01
  1.1523E+00 -5.9564E-01 -1.6181E+00 -4.7305E-01
  1.1600E+00 -6.1091E-01 -1.6143E+00 -4.5631E-01
  1.1677E+00 -6.2590E-01 -1.6103E+00 -4.3935E-01
  1.1755E+00 -6.4059E-01 -1.6060E+00 -4.2219E-01
  1.1834E+00 -6.5499E-01 -1.6015E+00 -4.0483E-01
  1.1913E+00 -6.6907E-01 -1.5967E+00 -3.8727E-01
  1.1993E+00 -6.8283E-01 -1.5916E+00 -3.6952E-01
  1.2073E+00 -6.9625E-01 -1.5863E+00 -3.5158E-01
  1.2153E+00 -7.0933E-01 -1.5807E+00 -3.3347E-01
  1.2235E+00 -7.2204E-01 -1.5748E+00 -3.1517E-01
  1.2316E+00 -7.3438E-01 -1.5687E+00 -2.9671E-01
  1.2398E+00 -7.4635E-01 -1.5622E+00 -2.7808E-01
  1.2481E+00 -7.5792E-01 -1.5555E+00 -2.5930E-01
  1.2565E+00 -7.6908E-01 -1.5485E+00 -2.4037E-01
  1.2649E+00 -7.7984E-01 -1.5411E+00 -2.2129E-01
  1.2733E+00 -7.9016E-01 -1.5335E+00 -2.0208E-01
  1.2818E+00 -8.0006E-01 -1.5256E+00 -1.8274E-01
  1.2904E+00 -8.0950E-01 -1.5174E+00 -1.6329E-01
  1.2990E+00 -8.1849E-01 -1.5088E+00 -1.4372E-01
  1.3077E+00 -8.2702E-01 -1.4999E+00 -1.2406E-01
  1.3164E+00 -8.3507E-01 -1.4908E+00 -1.0430E-01
  1.3252E+00 -8.4263E-01 -1.4813E+00 -8.4464E-02
  1.3340E+00 -8.4970E-01 -1.4714E+00 -6.4554E-02
  1.3430E+00 -8.5626E-01 -1.4613E+00 -4.4584E-02
  1.3519E+00 -8.6231E-01 -1.4508E+00 -2.4564E-02
  1.3610E+00 -8.6783E-01 -1.4399E+00 -4.5054E-03
  1.3700E+00 -8.7283E-01 -1.4287E+00  1.5580E-02
  1.3792E+00 -8.7729E-01 -1.4172E+00  3.5681E-02
  1.3884E+00 -8.8119E-01 -1.4054E+00  5.5785E-02
  1.3977E+00 -8.8455E-01 -1.3931E+00  7.5878E-02
  1.4070E+00 -8.8733E-01 -1.3806E+00  9.5948E-02
  1.4164E+00 -8.8955E-01 -1.3676E+00  1.1598E-01
  1.4259E+00 -8.9119E-01 -1.3543E+00  1.3596E-01
  1.4354E+00 -8.9224E-01 -1.3407E+00  1.5588E-01
  1.4450E+00 -8.9271E-01 -1.3267E+00  1.7571E-01
  1.4546E+00 -8.9257E-01 -1.3123E+00  1.9546E-01
  1.4644E+00 -8.9183E-01 -1.2975E+00  2.1509E-01
  1.4741E+00 -8.9048E-01 -1.2824E+00  2.3459E-01
  1.4840E+00 -8.8852E-01 -1.2669E+00  2.5395E-01
  1.4939E+00 -8.8593E-01 -1.2510E+00  2.7315E-01
  1.5039E+00 -8.8272E-01 -1.2347E+00  2.9217E-01
  1.5139E+00 -8.7888E-01 -1.2181E+00  3.1100E-01
  1.5240E+00 -8.7441E-01 -1.2011E+00  3.2962E-01
  1.5342E+00 -8.6930E-01 -1.1836E+00  3.4801E-01
  1.5445E+00 -8.6355E-01 -1.1658E+00  3.6615E-01
  1.5548E+00 -8.5716E-01 -1.1477E+00  3.8402E-01
  1.5652E+00 -8.5013E-01 -1.1291E+00  4.0161E-01
  1.5756E+00 -8.4245E-01 -1.1102E+00  4.1889E-01
  1.5861E+00 -8.3412E-01 -1.0908E+00  4.3585E-01
  1.5967E+00 -8.2514E-01 -1.0711E+00  4.5246E-01
  1.6074E+00 -8.1551E-01 -1.0510E+00  4.6870E-01
  1.6181E+00 -8.0523E-01 -1.0305E+00  4.8456E-01
  1.6289E+00 -7.9430E-01 -1.0096E+00  5.0002E-01
  1.6398E+00 -7.8272E-01 -9.8831E-01  5.1505E-01
  1.6508E+00 -7.7050E-01 -9.6665E-01  5.2962E-01
  1.6618E+00 -7.5762E-01 -9.4461E-01  5.4373E-01
  1.6729E+00 -7.4411E-01 -9.2219E-01  5.5735E-01
  1.6841E+00 -7.2996E-01 -8.9939E-01  5.7046E-01
  1.6953E+00 -7.1516E-01 -8.7622E-01  5.8303E-01
  1.7066E+00 -6.9974E-01 -8.5267E-01  5.9505E-01
  1.7180E+00 -6.8368E-01 -8.2875E-01  6.0649E-01
  1.7295E+00 -6.6701E-01 -8.0446E-01  6.1733E-01
  1.7411E+00 -6.4971E-01 -7.7982E-01  6.2756E-01
  1.7527E+00 -6.3180E-01 -7.5481E-01  6.3714E-01
  1.7644E+00 -6.1329E-01 -7.2945E-01  6.4606E-01
  1.7762E+00 -5.9418E-01 -7.0374E-01  6.5429E-01
  1.7881E+00 -5.7449E-01 -6.7769E-01  6.6182E-01
  1.8000E+00 -5.5421E-01 -6.5129E-01  6.6862E-01
  1.8120E+00 -5.3336E-01 -6.2457E-01  6.7468E-01
  1.8241E+00 -5.1195E-01 -5.9753E-01  6.7997E-01
  1.8363E+00 -4.8999E-01 -5.7017E-01  6.8447E-01
  1.8486E+00 -4.6749E-01 -5.4250E-01  6.8817E-01
  1.8609E+00 -4.4447E-01 -5.1452E-01  6.9104E-01
  1.8733E+00 -4.2093E-01 -4.8626E-01  6.9306E-01
  1.8859E+00 -3.9689E-01 -4.5771E-01  6.9422E-01
  1.8985E+00 -3.7236E-01 -4.2890E-01  6.9451E-01
  1.9111E+00 -3.4736E-01 -3.9982E-01  6.9389E-01
  1.9239E+00 -3.2191E-01 -3.7048E-01  6.9236E-01
  1.9367E+00 -2.9601E-01 -3.4091E-01  6.8990E-01
  1.9497E+00 -2.6970E-01 -3.1112E-01  6.8649E-01
  1.9627E+00 -2.4298E-01 -2.8111E-01  6.8213E-01
  1.9758E+00 -2.1587E-01 -2.5089E-01  6.7679E-01
  1.9890E+00 -1.8840E-01 -2.2049E-01  6.7047E-01
  2.0023E+00 -1.6058E-01 -1.8992E-01  6.6316E-01
  2.0157E+00 -1.3243E-01 -1.5920E-01  6.5483E-01
  2.0291E+00 -1.0398E-01 -1.2833E-01  6.4550E-01
  2.0427E+00 -7.5246E-02 -9.7336E-02  6.3513E-01
  2.0563E+00 -4.6254E-02 -6.6238E-02  6.2374E-01
  2.0701E+00 -1.7026E-02 -3.5052E-02  6.1130E-01
  2.0839E+00  1.2411E-02 -3.7961E-03  5.9783E-01
  2.0978E+00  4.2034E-02  2.7509E-02  5.8331E-01
  2.1118E+00  7.1817E-02  5.8845E-02  5.6774E-01
  2.1259E+00  1.0173E-01  9.0189E-02  5.5112E-01
  2.1401E+00  1.3175E-01  1.2152E-01  5.3345E-01
  2.1544E+00  1.6185E-01  1.5281E-01  5.1473E-01
  2.1688E+00  1.9199E-01  1.8405E-01  4.9496E-01
  2.1833E+00  2.2215E-01  2.1520E-01  4.7416E-01
  2.1979E+00  2.5230E-01  2.4625E-01  4.5232E-01
  2.2126E+00  2.8240E-01  2.7716E-01  4.2944E-01
  2.2273E+00  3.1243E-01  3.0792E-01  4.0555E-01
  2.2422E+00  3.4235E-01  3.3849E-01  3.8065E-01
  2.2572E+00  3.7213E-01  3.6884E-01  3.5474E-01
  2.2723E+00  4.0173E-01  3.9896E-01  3.2784E-01
  2.2874E+00  4.3112E-01  4.2880E-01  2.9996E-01
  2.3027E+00  4.6027E-01  4.5834E-01  2.7112E-01
  2.3181E+00  4.8914E-01  4.8755E-01  2.4269E-01
  2.3336E+00  5.1770E-01  5.1640E-01  2.1603E-01
  2.3492E+00  5.4590E-01  5.4485E-01  1.9113E-01
  2.3649E+00  5.7371E-01  5.7287E-01  1.6796E-01
  2.3806E+00  6.0110E-01  6.0044E-01  1.4650E-01
  2.3965E+00  6.2803E-01  6.2751E-01  1.2673E-01
  2.4126E+00  6.5445E-01  6.5405E-01  1.0862E-01
  2.4287E+00  6.8033E-01  6.8003E-01  9.2128E-02
  2.4449E+00  7.0563E-01  7.0541E-01  7.7222E-02
  2.4612E+00  7.3032E-01  7.3016E-01  6.3859E-02
  2.4777E+00  7.5435E-01  7.5424E-01  5.1990E-02
  2.4942E+00  7.7768E-01  7.7760E-01  4.1562E-02
  2.5109E+00  8.0028E-01  8.0023E-01  3.2517E-02
  2.5276E+00  8.2210E-01  8.2207E-01  2.4790E-02
  2.5445E+00  8.4311E-01  8.4309E-01  1.8306E-02
  2.5615E+00  8.6327E-01  8.6326E-01  1.2987E-02
  2.5786E+00  8.8253E-01  8.8253E-01  8.7440E-03
  2.5958E+00  9.0087E-01  9.0086E-01  5.4808E-03
  2.6132E+00  9.1823E-01  9.1823E-01  3.0912E-03
  2.6306E+00  9.3459E-01  9.3459E-01  1.4592E-03
  2.6482E+00  9.4991E-01  9.4991E-01  4.5825E-04
  2.6659E+00  9.6415E-01  9.6415E-01 -4.9774E-05
  2.6837E+00  9.7726E-01  9.7726E-01 -2.1518E-04
  2.7016E+00  9.8923E-01  9.8923E-01  0.0000E+00
  2.7197E+00  1.0000E+00  1.0000E+00  0.0000E+00
  2.7378E+00  1.0096E+00  1.0096E+00  0.0000E+00
  2.7561E+00  1.0178E+00  1.0178E+00  0.0000E+00
  2.7745E+00  1.0249E+00  1.0249E+00  0.0000E+00
  2.7931E+00  1.0305E+00  1.0305E+00  0.0000E+00
  2.8117E+00  1.0349E+00  1.0349E+00  0.0000E+00
  2.8305E+00  1.0378E+00  1.0378E+00  0.0000E+00
  2.8494E+00  1.0394E+00  1.0394E+00  0.0000E+00
  2.8684E+00  1.0395E+00  1.0395E+00  0.0000E+00
  2.8876E+00  1.0382E+00  1.0382E+00  0.0000E+00
  2.9069E+00  1.0354E+00  1.0354E+00  0.0000E+00
  2.9263E+00  1.0310E+00  1.0310E+00  0.0000E+00
  2.9458E+00  1.0252E+00  1.0252E+00  0.0000E+00
  2.9655E+00  1.0178E+00  1.0178E+00  0.0000E+00
  2.9853E+00  1.0089E+00  1.0089E+00  0.0000E+00
  3.0052E+00  9.9843E-01  9.9843E-01  0.0000E+00
  3.0253E+00  9.8638E-01  9.8638E-01  0.0000E+00
  3.0455E+00  9.7274E-01  9.7274E-01  0.0000E+00
  3.0659E+00  9.5752E-01  9.5752E-01  0.0000E+00
  3.0863E+00  9.4071E-01  9.4071E-01  0.0000E+00
  3.1070E+00  9.2232E-01  9.2232E-01  0.0000E+00
  3.1277E+00  9.0233E-01  9.0233E-01  0.0000E+00
  3.1486E+00  8.8077E-01  8.8077E-01  0.0000E+00
  3.1696E+00  8.5764E-01  8.5764E-01  0.0000E+00
  3.1908E+00  8.3295E-01  8.3295E-01  0.0000E+00
  3.2121E+00  8.0672E-01  8.0672E-01  0.0000E+00
  3.2336E+00  7.7896E-01  7.7896E-01  0.0000E+00
  3.2552E+00  7.4970E-01  7.4970E-01  0.0000E+00
  3.2769E+00  7.1897E-01  7.1897E-01  0.0000E+00
  3.2988E+00  6.8679E-01  6.8679E-01  0.0000E+00
  3.3208E+00  6.5320E-01  6.5320E-01  0.0000E+00
  3.3430E+00  6.1823E-01  6.1823E-01  0.0000E+00
  3.3653E+00  5.8192E-01  5.8192E-01  0.0000E+00
  3.3878E+00  5.4432E-01  5.4432E-01  0.0000E+00
  3.4104E+00  5.0548E-01  5.0548E-01  0.0000E+00
  3.4332E+00  4.6546E-01  4.6546E-01  0.0000E+00
  3.4561E+00  4.2429E-01  4.2429E-01  0.0000E+00
  3.4792E+00  3.8205E-01  3.8205E-01  0.0000E+00
  3.5025E+00  3.3881E-01  3.3881E-01  0.0000E+00
  3.5258E+00  2.9462E-01  2.9462E-01  0.0000E+00
  3.5494E+00  2.4956E-01  2.4956E-01  0.0000E+00
  3.5731E+00  2.0372E-01  2.0372E-01  0.0000E+00
  3.5970E+00  1.5716E-01  1.5716E-01  0.0000E+00
  3.6210E+00  1.0997E-01  1.0997E-01  0.0000E+00
  3.6452E+00  6.2247E-02  6.2247E-02  0.0000E+00
  3.6695E+00  1.4075E-02  1.4075E-02  0.0000E+00
  3.6940E+00 -3.4447E-02 -3.4447E-02  0.0000E+00
  3.7187E+00 -8.3220E-02 -8.3220E-02  0.0000E+00
  3.7435E+00 -1.3214E-01 -1.3214E-01  0.0000E+00
  3.7685E+00 -1.8111E-01 -1.8111E-01  0.0000E+00
