 # l=           2 basis function with energy     0.0000000000000000     
  0.0000E+00  0.0000E+00  0.0000E+00  0.0000E+00
  8.8912E-07  9.6933E-15  7.9686E-21  1.6704E-18
  1.7842E-06  6.0142E-14  6.4390E-20  1.3498E-17
  2.6852E-06  1.7558E-13  2.1950E-19  4.6013E-17
  3.5923E-06  3.7649E-13  5.2554E-19  1.1017E-16
  4.5054E-06  6.8167E-13  1.0368E-18  2.1734E-16
  5.4246E-06  1.1090E-12  1.8097E-18  3.7935E-16
  6.3499E-06  1.6760E-12  2.9028E-18  6.0848E-16
  7.2815E-06  2.3995E-12  4.3768E-18  9.1748E-16
  8.2192E-06  3.2966E-12  6.2950E-18  1.3196E-15
  9.1632E-06  4.3840E-12  8.7227E-18  1.8285E-15
  1.0114E-05  5.6786E-12  1.1728E-17  2.4584E-15
  1.1070E-05  7.1974E-12  1.5381E-17  3.2241E-15
  1.2033E-05  8.9574E-12  1.9754E-17  4.1409E-15
  1.3003E-05  1.0976E-11  2.4923E-17  5.2245E-15
  1.3979E-05  1.3270E-11  3.0967E-17  6.4915E-15
  1.4961E-05  1.5858E-11  3.7967E-17  7.9586E-15
  1.5950E-05  1.8758E-11  4.6005E-17  9.6436E-15
  1.6946E-05  2.1987E-11  5.5169E-17  1.1565E-14
  1.7948E-05  2.5565E-11  6.5549E-17  1.3740E-14
  1.8957E-05  2.9510E-11  7.7237E-17  1.6191E-14
  1.9973E-05  3.3841E-11  9.0329E-17  1.8935E-14
  2.0995E-05  3.8578E-11  1.0492E-16  2.1994E-14
  2.2025E-05  4.3741E-11  1.2113E-16  2.5391E-14
  2.3061E-05  4.9351E-11  1.3904E-16  2.9146E-14
  2.4104E-05  5.5427E-11  1.5877E-16  3.3282E-14
  2.5154E-05  6.1992E-11  1.8044E-16  3.7824E-14
  2.6211E-05  6.9066E-11  2.0416E-16  4.2796E-14
  2.7275E-05  7.6672E-11  2.3005E-16  4.8223E-14
  2.8347E-05  8.4832E-11  2.5823E-16  5.4132E-14
  2.9425E-05  9.3570E-11  2.8884E-16  6.0548E-14
  3.0511E-05  1.0291E-10  3.2201E-16  6.7500E-14
  3.1604E-05  1.1287E-10  3.5786E-16  7.5016E-14
  3.2704E-05  1.2349E-10  3.9655E-16  8.3127E-14
  3.3811E-05  1.3477E-10  4.3822E-16  9.1861E-14
  3.4926E-05  1.4676E-10  4.8302E-16  1.0125E-13
  3.6049E-05  1.5947E-10  5.3110E-16  1.1133E-13
  3.7179E-05  1.7294E-10  5.8262E-16  1.2213E-13
  3.8316E-05  1.8719E-10  6.3774E-16  1.3369E-13
  3.9461E-05  2.0225E-10  6.9664E-16  1.4603E-13
  4.0614E-05  2.1814E-10  7.5949E-16  1.5921E-13
  4.1774E-05  2.3490E-10  8.2647E-16  1.7325E-13
  4.2942E-05  2.5256E-10  8.9775E-16  1.8819E-13
  4.4118E-05  2.7114E-10  9.7354E-16  2.0408E-13
  4.5302E-05  2.9068E-10  1.0540E-15  2.2095E-13
  4.6494E-05  3.1121E-10  1.1394E-15  2.3885E-13
  4.7693E-05  3.3276E-10  1.2299E-15  2.5782E-13
  4.8901E-05  3.5537E-10  1.3257E-15  2.7790E-13
  5.0117E-05  3.7908E-10  1.4271E-15  2.9915E-13
  5.1340E-05  4.0390E-10  1.5342E-15  3.2160E-13
  5.2572E-05  4.2989E-10  1.6473E-15  3.4531E-13
  5.3813E-05  4.5707E-10  1.7667E-15  3.7033E-13
  5.5061E-05  4.8549E-10  1.8925E-15  3.9671E-13
  5.6318E-05  5.1518E-10  2.0251E-15  4.2451E-13
  5.7583E-05  5.4619E-10  2.1647E-15  4.5376E-13
  5.8857E-05  5.7855E-10  2.3115E-15  4.8455E-13
  6.0139E-05  6.1230E-10  2.4659E-15  5.1691E-13
  6.1430E-05  6.4748E-10  2.6281E-15  5.5091E-13
  6.2729E-05  6.8414E-10  2.7984E-15  5.8661E-13
  6.4037E-05  7.2232E-10  2.9772E-15  6.2408E-13
  6.5354E-05  7.6207E-10  3.1646E-15  6.6338E-13
  6.6680E-05  8.0343E-10  3.3611E-15  7.0457E-13
  6.8014E-05  8.4644E-10  3.5670E-15  7.4772E-13
  6.9358E-05  8.9116E-10  3.7826E-15  7.9291E-13
  7.0710E-05  9.3764E-10  4.0082E-15  8.4020E-13
  7.2071E-05  9.8591E-10  4.2441E-15  8.8967E-13
  7.3442E-05  1.0360E-09  4.4909E-15  9.4139E-13
  7.4821E-05  1.0881E-09  4.7488E-15  9.9545E-13
  7.6210E-05  1.1421E-09  5.0181E-15  1.0519E-12
  7.7608E-05  1.1981E-09  5.2994E-15  1.1109E-12
  7.9016E-05  1.2562E-09  5.5930E-15  1.1724E-12
  8.0433E-05  1.3164E-09  5.8993E-15  1.2366E-12
  8.1859E-05  1.3788E-09  6.2187E-15  1.3036E-12
  8.3295E-05  1.4434E-09  6.5517E-15  1.3734E-12
  8.4740E-05  1.5103E-09  6.8988E-15  1.4461E-12
  8.6195E-05  1.5796E-09  7.2603E-15  1.5219E-12
  8.7660E-05  1.6514E-09  7.6367E-15  1.6008E-12
  8.9135E-05  1.7256E-09  8.0286E-15  1.6830E-12
  9.0619E-05  1.8024E-09  8.4365E-15  1.7685E-12
  9.2113E-05  1.8818E-09  8.8607E-15  1.8574E-12
  9.3618E-05  1.9639E-09  9.3020E-15  1.9499E-12
  9.5132E-05  2.0487E-09  9.7607E-15  2.0461E-12
  9.6656E-05  2.1365E-09  1.0238E-14  2.1460E-12
  9.8191E-05  2.2271E-09  1.0733E-14  2.2499E-12
  9.9736E-05  2.3207E-09  1.1248E-14  2.3577E-12
  1.0129E-04  2.4173E-09  1.1782E-14  2.4698E-12
  1.0286E-04  2.5171E-09  1.2337E-14  2.5861E-12
  1.0443E-04  2.6202E-09  1.2913E-14  2.7068E-12
  1.0602E-04  2.7265E-09  1.3510E-14  2.8320E-12
  1.0762E-04  2.8362E-09  1.4130E-14  2.9620E-12
  1.0922E-04  2.9494E-09  1.4773E-14  3.0967E-12
  1.1084E-04  3.0662E-09  1.5439E-14  3.2364E-12
  1.1247E-04  3.1866E-09  1.6130E-14  3.3813E-12
  1.1411E-04  3.3107E-09  1.6846E-14  3.5314E-12
  1.1576E-04  3.4387E-09  1.7588E-14  3.6869E-12
  1.1743E-04  3.5705E-09  1.8357E-14  3.8480E-12
  1.1910E-04  3.7065E-09  1.9153E-14  4.0149E-12
  1.2078E-04  3.8465E-09  1.9977E-14  4.1877E-12
  1.2248E-04  3.9908E-09  2.0830E-14  4.3665E-12
  1.2419E-04  4.1394E-09  2.1714E-14  4.5517E-12
  1.2591E-04  4.2924E-09  2.2628E-14  4.7433E-12
  1.2764E-04  4.4499E-09  2.3573E-14  4.9415E-12
  1.2938E-04  4.6121E-09  2.4551E-14  5.1465E-12
  1.3113E-04  4.7791E-09  2.5563E-14  5.3586E-12
  1.3290E-04  4.9509E-09  2.6609E-14  5.5779E-12
  1.3467E-04  5.1278E-09  2.7691E-14  5.8046E-12
  1.3646E-04  5.3097E-09  2.8809E-14  6.0390E-12
  1.3826E-04  5.4969E-09  2.9964E-14  6.2812E-12
  1.4007E-04  5.6895E-09  3.1158E-14  6.5314E-12
  1.4190E-04  5.8875E-09  3.2392E-14  6.7900E-12
  1.4373E-04  6.0911E-09  3.3666E-14  7.0571E-12
  1.4558E-04  6.3005E-09  3.4982E-14  7.3330E-12
  1.4745E-04  6.5158E-09  3.6341E-14  7.6179E-12
  1.4932E-04  6.7371E-09  3.7744E-14  7.9120E-12
  1.5121E-04  6.9646E-09  3.9193E-14  8.2157E-12
  1.5310E-04  7.1984E-09  4.0688E-14  8.5291E-12
  1.5502E-04  7.4386E-09  4.2231E-14  8.8526E-12
  1.5694E-04  7.6854E-09  4.3824E-14  9.1864E-12
  1.5888E-04  7.9390E-09  4.5467E-14  9.5309E-12
  1.6083E-04  8.1995E-09  4.7162E-14  9.8861E-12
  1.6279E-04  8.4671E-09  4.8910E-14  1.0253E-11
  1.6477E-04  8.7420E-09  5.0713E-14  1.0631E-11
  1.6676E-04  9.0242E-09  5.2572E-14  1.1020E-11
  1.6876E-04  9.3140E-09  5.4489E-14  1.1422E-11
  1.7078E-04  9.6115E-09  5.6466E-14  1.1837E-11
  1.7281E-04  9.9170E-09  5.8503E-14  1.2264E-11
  1.7485E-04  1.0231E-08  6.0603E-14  1.2704E-11
  1.7691E-04  1.0552E-08  6.2767E-14  1.3157E-11
  1.7898E-04  1.0883E-08  6.4997E-14  1.3625E-11
  1.8106E-04  1.1222E-08  6.7294E-14  1.4106E-11
  1.8316E-04  1.1570E-08  6.9661E-14  1.4603E-11
  1.8527E-04  1.1927E-08  7.2099E-14  1.5114E-11
  1.8740E-04  1.2293E-08  7.4611E-14  1.5640E-11
  1.8954E-04  1.2669E-08  7.7197E-14  1.6182E-11
  1.9169E-04  1.3054E-08  7.9860E-14  1.6740E-11
  1.9386E-04  1.3449E-08  8.2602E-14  1.7315E-11
  1.9605E-04  1.3855E-08  8.5425E-14  1.7907E-11
  1.9825E-04  1.4271E-08  8.8331E-14  1.8516E-11
  2.0046E-04  1.4697E-08  9.1323E-14  1.9143E-11
  2.0269E-04  1.5134E-08  9.4402E-14  1.9789E-11
  2.0493E-04  1.5583E-08  9.7570E-14  2.0453E-11
  2.0719E-04  1.6042E-08  1.0083E-13  2.1136E-11
  2.0946E-04  1.6513E-08  1.0419E-13  2.1840E-11
  2.1175E-04  1.6996E-08  1.0764E-13  2.2563E-11
  2.1405E-04  1.7491E-08  1.1119E-13  2.3308E-11
  2.1637E-04  1.7999E-08  1.1484E-13  2.4073E-11
  2.1870E-04  1.8519E-08  1.1860E-13  2.4861E-11
  2.2105E-04  1.9052E-08  1.2246E-13  2.5671E-11
  2.2342E-04  1.9598E-08  1.2644E-13  2.6504E-11
  2.2580E-04  2.0157E-08  1.3052E-13  2.7360E-11
  2.2820E-04  2.0731E-08  1.3472E-13  2.8241E-11
  2.3061E-04  2.1318E-08  1.3904E-13  2.9146E-11
  2.3304E-04  2.1920E-08  1.4348E-13  3.0077E-11
  2.3549E-04  2.2536E-08  1.4805E-13  3.1034E-11
  2.3795E-04  2.3168E-08  1.5274E-13  3.2017E-11
  2.4043E-04  2.3815E-08  1.5756E-13  3.3028E-11
  2.4292E-04  2.4477E-08  1.6252E-13  3.4067E-11
  2.4543E-04  2.5156E-08  1.6761E-13  3.5135E-11
  2.4796E-04  2.5850E-08  1.7284E-13  3.6232E-11
  2.5051E-04  2.6562E-08  1.7822E-13  3.7359E-11
  2.5307E-04  2.7290E-08  1.8375E-13  3.8517E-11
  2.5565E-04  2.8036E-08  1.8942E-13  3.9707E-11
  2.5824E-04  2.8800E-08  1.9525E-13  4.0929E-11
  2.6086E-04  2.9582E-08  2.0124E-13  4.2184E-11
  2.6349E-04  3.0383E-08  2.0739E-13  4.3474E-11
  2.6614E-04  3.1202E-08  2.1371E-13  4.4798E-11
  2.6880E-04  3.2041E-08  2.2020E-13  4.6158E-11
  2.7149E-04  3.2900E-08  2.2686E-13  4.7555E-11
  2.7419E-04  3.3778E-08  2.3370E-13  4.8989E-11
  2.7691E-04  3.4678E-08  2.4073E-13  5.0462E-11
  2.7965E-04  3.5599E-08  2.4794E-13  5.1974E-11
  2.8241E-04  3.6541E-08  2.5535E-13  5.3526E-11
  2.8518E-04  3.7505E-08  2.6295E-13  5.5120E-11
  2.8798E-04  3.8491E-08  2.7075E-13  5.6756E-11
  2.9079E-04  3.9501E-08  2.7876E-13  5.8435E-11
  2.9362E-04  4.0534E-08  2.8698E-13  6.0158E-11
  2.9647E-04  4.1591E-08  2.9542E-13  6.1927E-11
  2.9934E-04  4.2672E-08  3.0408E-13  6.3742E-11
  3.0223E-04  4.3778E-08  3.1297E-13  6.5605E-11
  3.0513E-04  4.4910E-08  3.2209E-13  6.7517E-11
  3.0806E-04  4.6068E-08  3.3145E-13  6.9479E-11
  3.1101E-04  4.7252E-08  3.4105E-13  7.1492E-11
  3.1397E-04  4.8464E-08  3.5090E-13  7.3557E-11
  3.1696E-04  4.9703E-08  3.6101E-13  7.5675E-11
  3.1997E-04  5.0970E-08  3.7138E-13  7.7849E-11
  3.2299E-04  5.2266E-08  3.8201E-13  8.0079E-11
  3.2604E-04  5.3592E-08  3.9293E-13  8.2366E-11
  3.2911E-04  5.4948E-08  4.0412E-13  8.4712E-11
  3.3219E-04  5.6334E-08  4.1560E-13  8.7118E-11
  3.3530E-04  5.7752E-08  4.2737E-13  8.9586E-11
  3.3843E-04  5.9202E-08  4.3944E-13  9.2117E-11
  3.4158E-04  6.0684E-08  4.5183E-13  9.4713E-11
  3.4475E-04  6.2200E-08  4.6453E-13  9.7375E-11
  3.4794E-04  6.3750E-08  4.7755E-13  1.0010E-10
  3.5115E-04  6.5334E-08  4.9090E-13  1.0290E-10
  3.5439E-04  6.6955E-08  5.0459E-13  1.0577E-10
  3.5764E-04  6.8611E-08  5.1862E-13  1.0872E-10
  3.6092E-04  7.0304E-08  5.3301E-13  1.1173E-10
  3.6422E-04  7.2035E-08  5.4777E-13  1.1482E-10
  3.6754E-04  7.3805E-08  5.6289E-13  1.1799E-10
  3.7089E-04  7.5614E-08  5.7839E-13  1.2124E-10
  3.7425E-04  7.7463E-08  5.9429E-13  1.2458E-10
  3.7764E-04  7.9353E-08  6.1057E-13  1.2799E-10
  3.8105E-04  8.1284E-08  6.2727E-13  1.3149E-10
  3.8449E-04  8.3259E-08  6.4438E-13  1.3508E-10
  3.8794E-04  8.5277E-08  6.6192E-13  1.3875E-10
  3.9142E-04  8.7339E-08  6.7989E-13  1.4252E-10
  3.9493E-04  8.9447E-08  6.9831E-13  1.4638E-10
  3.9845E-04  9.1601E-08  7.1719E-13  1.5034E-10
  4.0200E-04  9.3803E-08  7.3653E-13  1.5439E-10
  4.0558E-04  9.6052E-08  7.5635E-13  1.5855E-10
  4.0917E-04  9.8351E-08  7.7666E-13  1.6280E-10
  4.1280E-04  1.0070E-07  7.9747E-13  1.6717E-10
  4.1644E-04  1.0310E-07  8.1878E-13  1.7164E-10
  4.2011E-04  1.0555E-07  8.4062E-13  1.7621E-10
  4.2381E-04  1.0806E-07  8.6300E-13  1.8090E-10
  4.2753E-04  1.1062E-07  8.8592E-13  1.8571E-10
  4.3127E-04  1.1323E-07  9.0940E-13  1.9063E-10
  4.3504E-04  1.1591E-07  9.3346E-13  1.9567E-10
  4.3884E-04  1.1864E-07  9.5810E-13  2.0084E-10
  4.4266E-04  1.2143E-07  9.8334E-13  2.0613E-10
  4.4650E-04  1.2428E-07  1.0092E-12  2.1155E-10
  4.5037E-04  1.2719E-07  1.0357E-12  2.1710E-10
  4.5427E-04  1.3016E-07  1.0628E-12  2.2278E-10
  4.5819E-04  1.3320E-07  1.0906E-12  2.2860E-10
  4.6214E-04  1.3630E-07  1.1190E-12  2.3457E-10
  4.6612E-04  1.3947E-07  1.1481E-12  2.4067E-10
  4.7012E-04  1.4271E-07  1.1780E-12  2.4693E-10
  4.7415E-04  1.4602E-07  1.2085E-12  2.5333E-10
  4.7820E-04  1.4940E-07  1.2398E-12  2.5988E-10
  4.8229E-04  1.5285E-07  1.2718E-12  2.6660E-10
  4.8640E-04  1.5637E-07  1.3046E-12  2.7347E-10
  4.9053E-04  1.5997E-07  1.3382E-12  2.8051E-10
  4.9470E-04  1.6365E-07  1.3726E-12  2.8772E-10
  4.9889E-04  1.6740E-07  1.4078E-12  2.9510E-10
  5.0311E-04  1.7124E-07  1.4438E-12  3.0265E-10
  5.0736E-04  1.7515E-07  1.4807E-12  3.1038E-10
  5.1164E-04  1.7915E-07  1.5184E-12  3.1830E-10
  5.1595E-04  1.8324E-07  1.5571E-12  3.2640E-10
  5.2028E-04  1.8741E-07  1.5967E-12  3.3470E-10
  5.2465E-04  1.9167E-07  1.6372E-12  3.4319E-10
  5.2904E-04  1.9601E-07  1.6787E-12  3.5189E-10
  5.3346E-04  2.0045E-07  1.7211E-12  3.6079E-10
  5.3791E-04  2.0499E-07  1.7646E-12  3.6989E-10
  5.4239E-04  2.0962E-07  1.8090E-12  3.7922E-10
  5.4691E-04  2.1435E-07  1.8546E-12  3.8876E-10
  5.5145E-04  2.1917E-07  1.9012E-12  3.9852E-10
  5.5602E-04  2.2410E-07  1.9488E-12  4.0852E-10
  5.6062E-04  2.2913E-07  1.9976E-12  4.1875E-10
  5.6526E-04  2.3427E-07  2.0476E-12  4.2922E-10
  5.6992E-04  2.3951E-07  2.0987E-12  4.3993E-10
  5.7462E-04  2.4487E-07  2.1510E-12  4.5089E-10
  5.7934E-04  2.5034E-07  2.2045E-12  4.6211E-10
  5.8410E-04  2.5592E-07  2.2593E-12  4.7359E-10
  5.8889E-04  2.6162E-07  2.3153E-12  4.8534E-10
  5.9371E-04  2.6743E-07  2.3727E-12  4.9736E-10
  5.9857E-04  2.7337E-07  2.4313E-12  5.0966E-10
  6.0345E-04  2.7943E-07  2.4914E-12  5.2224E-10
  6.0837E-04  2.8562E-07  2.5528E-12  5.3512E-10
  6.1333E-04  2.9194E-07  2.6156E-12  5.4830E-10
  6.1831E-04  2.9839E-07  2.6799E-12  5.6177E-10
  6.2333E-04  3.0497E-07  2.7457E-12  5.7556E-10
  6.2838E-04  3.1169E-07  2.8130E-12  5.8967E-10
  6.3347E-04  3.1855E-07  2.8819E-12  6.0411E-10
  6.3859E-04  3.2555E-07  2.9523E-12  6.1887E-10
  6.4374E-04  3.3270E-07  3.0244E-12  6.3398E-10
  6.4893E-04  3.3999E-07  3.0981E-12  6.4943E-10
  6.5415E-04  3.4744E-07  3.1735E-12  6.6524E-10
  6.5941E-04  3.5504E-07  3.2507E-12  6.8141E-10
  6.6470E-04  3.6279E-07  3.3296E-12  6.9795E-10
  6.7003E-04  3.7071E-07  3.4103E-12  7.1487E-10
  6.7540E-04  3.7879E-07  3.4929E-12  7.3218E-10
  6.8080E-04  3.8704E-07  3.5773E-12  7.4988E-10
  6.8623E-04  3.9545E-07  3.6637E-12  7.6799E-10
  6.9170E-04  4.0404E-07  3.7520E-12  7.8651E-10
  6.9721E-04  4.1281E-07  3.8424E-12  8.0545E-10
  7.0276E-04  4.2175E-07  3.9348E-12  8.2482E-10
  7.0834E-04  4.3088E-07  4.0293E-12  8.4463E-10
  7.1396E-04  4.4020E-07  4.1260E-12  8.6490E-10
  7.1962E-04  4.4971E-07  4.2249E-12  8.8562E-10
  7.2531E-04  4.5941E-07  4.3260E-12  9.0682E-10
  7.3105E-04  4.6932E-07  4.4294E-12  9.2849E-10
  7.3682E-04  4.7942E-07  4.5351E-12  9.5065E-10
  7.4263E-04  4.8973E-07  4.6432E-12  9.7332E-10
  7.4848E-04  5.0026E-07  4.7538E-12  9.9650E-10
  7.5437E-04  5.1100E-07  4.8669E-12  1.0202E-09
  7.6029E-04  5.2195E-07  4.9825E-12  1.0444E-09
  7.6626E-04  5.3314E-07  5.1007E-12  1.0692E-09
  7.7227E-04  5.4455E-07  5.2216E-12  1.0946E-09
  7.7831E-04  5.5619E-07  5.3452E-12  1.1205E-09
  7.8440E-04  5.6807E-07  5.4716E-12  1.1470E-09
  7.9053E-04  5.8019E-07  5.6009E-12  1.1741E-09
  7.9670E-04  5.9256E-07  5.7330E-12  1.2018E-09
  8.0291E-04  6.0518E-07  5.8681E-12  1.2301E-09
  8.0916E-04  6.1806E-07  6.0063E-12  1.2590E-09
  8.1545E-04  6.3120E-07  6.1475E-12  1.2887E-09
  8.2179E-04  6.4460E-07  6.2919E-12  1.3189E-09
  8.2816E-04  6.5828E-07  6.4395E-12  1.3499E-09
  8.3458E-04  6.7223E-07  6.5905E-12  1.3815E-09
  8.4105E-04  6.8647E-07  6.7448E-12  1.4138E-09
  8.4755E-04  7.0100E-07  6.9025E-12  1.4469E-09
  8.5410E-04  7.1582E-07  7.0638E-12  1.4807E-09
  8.6070E-04  7.3095E-07  7.2286E-12  1.5153E-09
  8.6733E-04  7.4637E-07  7.3971E-12  1.5506E-09
  8.7402E-04  7.6211E-07  7.5694E-12  1.5867E-09
  8.8074E-04  7.7817E-07  7.7455E-12  1.6236E-09
  8.8751E-04  7.9456E-07  7.9255E-12  1.6614E-09
  8.9433E-04  8.1127E-07  8.1096E-12  1.6999E-09
  9.0119E-04  8.2832E-07  8.2977E-12  1.7394E-09
  9.0810E-04  8.4572E-07  8.4900E-12  1.7797E-09
  9.1505E-04  8.6347E-07  8.6865E-12  1.8209E-09
  9.2205E-04  8.8157E-07  8.8874E-12  1.8630E-09
  9.2910E-04  9.0004E-07  9.0927E-12  1.9060E-09
  9.3620E-04  9.1888E-07  9.3026E-12  1.9500E-09
  9.4334E-04  9.3811E-07  9.5171E-12  1.9950E-09
  9.5053E-04  9.5771E-07  9.7364E-12  2.0410E-09
  9.5776E-04  9.7772E-07  9.9605E-12  2.0879E-09
  9.6505E-04  9.9812E-07  1.0190E-11  2.1359E-09
  9.7238E-04  1.0189E-06  1.0424E-11  2.1850E-09
  9.7977E-04  1.0402E-06  1.0663E-11  2.2352E-09
  9.8720E-04  1.0618E-06  1.0907E-11  2.2864E-09
  9.9468E-04  1.0839E-06  1.1157E-11  2.3388E-09
  1.0022E-03  1.1065E-06  1.1413E-11  2.3923E-09
  1.0098E-03  1.1295E-06  1.1674E-11  2.4471E-09
  1.0174E-03  1.1529E-06  1.1940E-11  2.5030E-09
  1.0251E-03  1.1768E-06  1.2213E-11  2.5601E-09
  1.0328E-03  1.2012E-06  1.2492E-11  2.6185E-09
  1.0406E-03  1.2261E-06  1.2776E-11  2.6782E-09
  1.0485E-03  1.2515E-06  1.3067E-11  2.7392E-09
  1.0564E-03  1.2774E-06  1.3364E-11  2.8015E-09
  1.0643E-03  1.3038E-06  1.3668E-11  2.8652E-09
  1.0723E-03  1.3308E-06  1.3979E-11  2.9302E-09
  1.0804E-03  1.3583E-06  1.4296E-11  2.9967E-09
  1.0885E-03  1.3863E-06  1.4620E-11  3.0647E-09
  1.0966E-03  1.4149E-06  1.4951E-11  3.1341E-09
  1.1048E-03  1.4440E-06  1.5290E-11  3.2050E-09
  1.1131E-03  1.4738E-06  1.5636E-11  3.2775E-09
  1.1214E-03  1.5041E-06  1.5989E-11  3.3516E-09
  1.1298E-03  1.5351E-06  1.6350E-11  3.4273E-09
  1.1382E-03  1.5666E-06  1.6719E-11  3.5046E-09
  1.1467E-03  1.5988E-06  1.7096E-11  3.5837E-09
  1.1553E-03  1.6317E-06  1.7481E-11  3.6644E-09
  1.1639E-03  1.6651E-06  1.7875E-11  3.7469E-09
  1.1725E-03  1.6993E-06  1.8277E-11  3.8312E-09
  1.1813E-03  1.7341E-06  1.8687E-11  3.9173E-09
  1.1900E-03  1.7697E-06  1.9107E-11  4.0053E-09
  1.1989E-03  1.8059E-06  1.9536E-11  4.0952E-09
  1.2078E-03  1.8428E-06  1.9974E-11  4.1870E-09
  1.2167E-03  1.8805E-06  2.0422E-11  4.2808E-09
  1.2257E-03  1.9190E-06  2.0879E-11  4.3767E-09
  1.2348E-03  1.9582E-06  2.1346E-11  4.4746E-09
  1.2440E-03  1.9981E-06  2.1824E-11  4.5747E-09
  1.2532E-03  2.0389E-06  2.2311E-11  4.6769E-09
  1.2624E-03  2.0805E-06  2.2809E-11  4.7813E-09
  1.2717E-03  2.1229E-06  2.3318E-11  4.8880E-09
  1.2811E-03  2.1662E-06  2.3838E-11  4.9970E-09
  1.2906E-03  2.2103E-06  2.4369E-11  5.1083E-09
  1.3001E-03  2.2553E-06  2.4912E-11  5.2221E-09
  1.3096E-03  2.3011E-06  2.5466E-11  5.3383E-09
  1.3193E-03  2.3479E-06  2.6033E-11  5.4570E-09
  1.3290E-03  2.3956E-06  2.6611E-11  5.5782E-09
  1.3387E-03  2.4443E-06  2.7202E-11  5.7021E-09
  1.3486E-03  2.4939E-06  2.7806E-11  5.8286E-09
  1.3585E-03  2.5445E-06  2.8422E-11  5.9579E-09
  1.3684E-03  2.5961E-06  2.9052E-11  6.0899E-09
  1.3785E-03  2.6487E-06  2.9695E-11  6.2248E-09
  1.3886E-03  2.7024E-06  3.0353E-11  6.3626E-09
  1.3987E-03  2.7571E-06  3.1024E-11  6.5033E-09
  1.4089E-03  2.8129E-06  3.1710E-11  6.6470E-09
  1.4192E-03  2.8698E-06  3.2410E-11  6.7939E-09
  1.4296E-03  2.9279E-06  3.3126E-11  6.9438E-09
  1.4401E-03  2.9871E-06  3.3856E-11  7.0970E-09
  1.4506E-03  3.0474E-06  3.4603E-11  7.2535E-09
  1.4611E-03  3.1090E-06  3.5365E-11  7.4133E-09
  1.4718E-03  3.1717E-06  3.6144E-11  7.5766E-09
  1.4825E-03  3.2357E-06  3.6940E-11  7.7433E-09
  1.4933E-03  3.3010E-06  3.7752E-11  7.9136E-09
  1.5042E-03  3.3675E-06  3.8582E-11  8.0876E-09
  1.5151E-03  3.4354E-06  3.9430E-11  8.2653E-09
  1.5261E-03  3.5046E-06  4.0295E-11  8.4467E-09
  1.5372E-03  3.5751E-06  4.1179E-11  8.6321E-09
  1.5483E-03  3.6471E-06  4.2082E-11  8.8214E-09
  1.5596E-03  3.7204E-06  4.3005E-11  9.0147E-09
  1.5709E-03  3.7953E-06  4.3947E-11  9.2122E-09
  1.5823E-03  3.8715E-06  4.4909E-11  9.4138E-09
  1.5937E-03  3.9493E-06  4.5891E-11  9.6198E-09
  1.6052E-03  4.0287E-06  4.6895E-11  9.8302E-09
  1.6168E-03  4.1095E-06  4.7920E-11  1.0045E-08
  1.6285E-03  4.1920E-06  4.8967E-11  1.0264E-08
  1.6403E-03  4.2761E-06  5.0036E-11  1.0488E-08
  1.6521E-03  4.3618E-06  5.1127E-11  1.0717E-08
  1.6641E-03  4.4493E-06  5.2242E-11  1.0951E-08
  1.6761E-03  4.5384E-06  5.3381E-11  1.1190E-08
  1.6882E-03  4.6293E-06  5.4544E-11  1.1433E-08
  1.7003E-03  4.7220E-06  5.5731E-11  1.1682E-08
  1.7126E-03  4.8165E-06  5.6944E-11  1.1937E-08
  1.7249E-03  4.9129E-06  5.8182E-11  1.2196E-08
  1.7373E-03  5.0112E-06  5.9447E-11  1.2461E-08
  1.7498E-03  5.1114E-06  6.0739E-11  1.2732E-08
  1.7624E-03  5.2135E-06  6.2058E-11  1.3009E-08
  1.7750E-03  5.3177E-06  6.3405E-11  1.3291E-08
  1.7878E-03  5.4239E-06  6.4780E-11  1.3579E-08
  1.8006E-03  5.5322E-06  6.6185E-11  1.3874E-08
  1.8135E-03  5.6426E-06  6.7619E-11  1.4174E-08
  1.8265E-03  5.7551E-06  6.9084E-11  1.4481E-08
  1.8396E-03  5.8699E-06  7.0580E-11  1.4795E-08
  1.8528E-03  5.9869E-06  7.2107E-11  1.5115E-08
  1.8660E-03  6.1063E-06  7.3667E-11  1.5442E-08
  1.8794E-03  6.2279E-06  7.5259E-11  1.5776E-08
  1.8928E-03  6.3520E-06  7.6886E-11  1.6117E-08
  1.9064E-03  6.4785E-06  7.8546E-11  1.6465E-08
  1.9200E-03  6.6074E-06  8.0242E-11  1.6820E-08
  1.9337E-03  6.7389E-06  8.1974E-11  1.7183E-08
  1.9475E-03  6.8729E-06  8.3742E-11  1.7554E-08
  1.9614E-03  7.0096E-06  8.5547E-11  1.7932E-08
  1.9754E-03  7.1489E-06  8.7390E-11  1.8319E-08
  1.9895E-03  7.2910E-06  8.9273E-11  1.8713E-08
  2.0036E-03  7.4359E-06  9.1195E-11  1.9116E-08
  2.0179E-03  7.5836E-06  9.3157E-11  1.9528E-08
  2.0323E-03  7.7341E-06  9.5161E-11  1.9948E-08
  2.0467E-03  7.8876E-06  9.7207E-11  2.0377E-08
  2.0613E-03  8.0442E-06  9.9296E-11  2.0814E-08
  2.0760E-03  8.2037E-06  1.0143E-10  2.1262E-08
  2.0907E-03  8.3664E-06  1.0361E-10  2.1718E-08
  2.1056E-03  8.5323E-06  1.0583E-10  2.2184E-08
  2.1205E-03  8.7014E-06  1.0810E-10  2.2660E-08
  2.1356E-03  8.8738E-06  1.1042E-10  2.3146E-08
  2.1507E-03  9.0496E-06  1.1279E-10  2.3642E-08
  2.1660E-03  9.2288E-06  1.1520E-10  2.4149E-08
  2.1813E-03  9.4115E-06  1.1767E-10  2.4666E-08
  2.1968E-03  9.5978E-06  1.2019E-10  2.5194E-08
  2.2123E-03  9.7877E-06  1.2276E-10  2.5733E-08
  2.2280E-03  9.9813E-06  1.2539E-10  2.6284E-08
  2.2438E-03  1.0179E-05  1.2807E-10  2.6846E-08
  2.2597E-03  1.0380E-05  1.3081E-10  2.7420E-08
  2.2756E-03  1.0585E-05  1.3360E-10  2.8006E-08
  2.2917E-03  1.0794E-05  1.3646E-10  2.8604E-08
  2.3079E-03  1.1007E-05  1.3937E-10  2.9215E-08
  2.3242E-03  1.1225E-05  1.4234E-10  2.9838E-08
  2.3406E-03  1.1446E-05  1.4538E-10  3.0475E-08
  2.3572E-03  1.1672E-05  1.4848E-10  3.1124E-08
  2.3738E-03  1.1903E-05  1.5165E-10  3.1788E-08
  2.3905E-03  1.2138E-05  1.5488E-10  3.2465E-08
  2.4074E-03  1.2377E-05  1.5818E-10  3.3157E-08
  2.4243E-03  1.2621E-05  1.6155E-10  3.3863E-08
  2.4414E-03  1.2870E-05  1.6498E-10  3.4584E-08
  2.4586E-03  1.3123E-05  1.6849E-10  3.5320E-08
  2.4759E-03  1.3382E-05  1.7208E-10  3.6071E-08
  2.4934E-03  1.3646E-05  1.7574E-10  3.6838E-08
  2.5109E-03  1.3914E-05  1.7947E-10  3.7621E-08
  2.5286E-03  1.4188E-05  1.8329E-10  3.8420E-08
  2.5463E-03  1.4468E-05  1.8718E-10  3.9236E-08
  2.5642E-03  1.4752E-05  1.9115E-10  4.0069E-08
  2.5822E-03  1.5043E-05  1.9521E-10  4.0920E-08
  2.6004E-03  1.5338E-05  1.9935E-10  4.1788E-08
  2.6186E-03  1.5640E-05  2.0358E-10  4.2674E-08
  2.6370E-03  1.5948E-05  2.0790E-10  4.3579E-08
  2.6555E-03  1.6261E-05  2.1230E-10  4.4503E-08
  2.6741E-03  1.6581E-05  2.1680E-10  4.5445E-08
  2.6929E-03  1.6906E-05  2.2139E-10  4.6408E-08
  2.7118E-03  1.7238E-05  2.2608E-10  4.7391E-08
  2.7308E-03  1.7577E-05  2.3087E-10  4.8394E-08
  2.7499E-03  1.7922E-05  2.3575E-10  4.9418E-08
  2.7691E-03  1.8274E-05  2.4074E-10  5.0463E-08
  2.7885E-03  1.8632E-05  2.4583E-10  5.1530E-08
  2.8080E-03  1.8998E-05  2.5103E-10  5.2620E-08
  2.8277E-03  1.9371E-05  2.5633E-10  5.3732E-08
  2.8475E-03  1.9751E-05  2.6175E-10  5.4867E-08
  2.8674E-03  2.0138E-05  2.6728E-10  5.6026E-08
  2.8874E-03  2.0533E-05  2.7292E-10  5.7208E-08
  2.9076E-03  2.0935E-05  2.7868E-10  5.8416E-08
  2.9279E-03  2.1345E-05  2.8456E-10  5.9649E-08
  2.9483E-03  2.1763E-05  2.9056E-10  6.0907E-08
  2.9689E-03  2.2190E-05  2.9669E-10  6.2191E-08
  2.9896E-03  2.2624E-05  3.0294E-10  6.3502E-08
  3.0105E-03  2.3067E-05  3.0933E-10  6.4840E-08
  3.0315E-03  2.3518E-05  3.1585E-10  6.6206E-08
  3.0526E-03  2.3979E-05  3.2250E-10  6.7601E-08
  3.0739E-03  2.4448E-05  3.2929E-10  6.9024E-08
  3.0953E-03  2.4926E-05  3.3622E-10  7.0477E-08
  3.1169E-03  2.5413E-05  3.4330E-10  7.1960E-08
  3.1386E-03  2.5910E-05  3.5052E-10  7.3474E-08
  3.1604E-03  2.6417E-05  3.5789E-10  7.5019E-08
  3.1824E-03  2.6933E-05  3.6541E-10  7.6597E-08
  3.2046E-03  2.7459E-05  3.7310E-10  7.8207E-08
  3.2269E-03  2.7996E-05  3.8094E-10  7.9850E-08
  3.2493E-03  2.8543E-05  3.8894E-10  8.1528E-08
  3.2719E-03  2.9100E-05  3.9711E-10  8.3240E-08
  3.2946E-03  2.9668E-05  4.0545E-10  8.4988E-08
  3.3175E-03  3.0247E-05  4.1396E-10  8.6772E-08
  3.3406E-03  3.0838E-05  4.2264E-10  8.8593E-08
  3.3638E-03  3.1439E-05  4.3151E-10  9.0451E-08
  3.3871E-03  3.2053E-05  4.4056E-10  9.2348E-08
  3.4106E-03  3.2678E-05  4.4980E-10  9.4285E-08
  3.4343E-03  3.3315E-05  4.5923E-10  9.6261E-08
  3.4581E-03  3.3965E-05  4.6885E-10  9.8278E-08
  3.4821E-03  3.4627E-05  4.7868E-10  1.0034E-07
  3.5062E-03  3.5302E-05  4.8870E-10  1.0244E-07
  3.5306E-03  3.5989E-05  4.9894E-10  1.0458E-07
  3.5550E-03  3.6690E-05  5.0938E-10  1.0677E-07
  3.5797E-03  3.7405E-05  5.2004E-10  1.0901E-07
  3.6044E-03  3.8133E-05  5.3093E-10  1.1129E-07
  3.6294E-03  3.8876E-05  5.4203E-10  1.1362E-07
  3.6545E-03  3.9633E-05  5.5337E-10  1.1599E-07
  3.6798E-03  4.0404E-05  5.6494E-10  1.1842E-07
  3.7053E-03  4.1190E-05  5.7675E-10  1.2090E-07
  3.7309E-03  4.1991E-05  5.8881E-10  1.2342E-07
  3.7567E-03  4.2808E-05  6.0111E-10  1.2600E-07
  3.7827E-03  4.3640E-05  6.1367E-10  1.2863E-07
  3.8089E-03  4.4489E-05  6.2648E-10  1.3132E-07
  3.8352E-03  4.5354E-05  6.3957E-10  1.3406E-07
  3.8617E-03  4.6235E-05  6.5292E-10  1.3686E-07
  3.8884E-03  4.7133E-05  6.6654E-10  1.3972E-07
  3.9152E-03  4.8049E-05  6.8045E-10  1.4263E-07
  3.9423E-03  4.8982E-05  6.9465E-10  1.4561E-07
  3.9695E-03  4.9933E-05  7.0913E-10  1.4864E-07
  3.9969E-03  5.0903E-05  7.2392E-10  1.5174E-07
  4.0245E-03  5.1891E-05  7.3901E-10  1.5491E-07
  4.0522E-03  5.2898E-05  7.5442E-10  1.5813E-07
  4.0802E-03  5.3924E-05  7.7014E-10  1.6143E-07
  4.1083E-03  5.4971E-05  7.8618E-10  1.6479E-07
  4.1367E-03  5.6037E-05  8.0256E-10  1.6823E-07
  4.1652E-03  5.7123E-05  8.1927E-10  1.7173E-07
  4.1939E-03  5.8231E-05  8.3632E-10  1.7530E-07
  4.2228E-03  5.9360E-05  8.5373E-10  1.7895E-07
  4.2519E-03  6.0510E-05  8.7150E-10  1.8268E-07
  4.2812E-03  6.1683E-05  8.8963E-10  1.8648E-07
  4.3107E-03  6.2878E-05  9.0814E-10  1.9036E-07
  4.3403E-03  6.4095E-05  9.2703E-10  1.9432E-07
  4.3702E-03  6.5337E-05  9.4630E-10  1.9836E-07
  4.4003E-03  6.6602E-05  9.6598E-10  2.0248E-07
  4.4306E-03  6.7891E-05  9.8605E-10  2.0669E-07
  4.4610E-03  6.9205E-05  1.0065E-09  2.1098E-07
  4.4917E-03  7.0544E-05  1.0275E-09  2.1537E-07
  4.5226E-03  7.1909E-05  1.0488E-09  2.1984E-07
  4.5537E-03  7.3299E-05  1.0706E-09  2.2440E-07
  4.5850E-03  7.4717E-05  1.0928E-09  2.2906E-07
  4.6165E-03  7.6161E-05  1.1155E-09  2.3382E-07
  4.6482E-03  7.7634E-05  1.1387E-09  2.3867E-07
  4.6802E-03  7.9134E-05  1.1623E-09  2.4363E-07
  4.7123E-03  8.0663E-05  1.1864E-09  2.4868E-07
  4.7447E-03  8.2221E-05  1.2110E-09  2.5384E-07
  4.7773E-03  8.3809E-05  1.2361E-09  2.5910E-07
  4.8100E-03  8.5428E-05  1.2618E-09  2.6448E-07
  4.8431E-03  8.7077E-05  1.2879E-09  2.6996E-07
  4.8763E-03  8.8758E-05  1.3146E-09  2.7555E-07
  4.9098E-03  9.0471E-05  1.3419E-09  2.8127E-07
  4.9434E-03  9.2216E-05  1.3697E-09  2.8709E-07
  4.9773E-03  9.3995E-05  1.3980E-09  2.9304E-07
  5.0115E-03  9.5808E-05  1.4270E-09  2.9911E-07
  5.0458E-03  9.7655E-05  1.4566E-09  3.0531E-07
  5.0804E-03  9.9538E-05  1.4867E-09  3.1163E-07
  5.1152E-03  1.0146E-04  1.5175E-09  3.1808E-07
  5.1503E-03  1.0341E-04  1.5489E-09  3.2466E-07
  5.1856E-03  1.0540E-04  1.5810E-09  3.3138E-07
  5.2211E-03  1.0743E-04  1.6137E-09  3.3824E-07
  5.2569E-03  1.0950E-04  1.6471E-09  3.4524E-07
  5.2928E-03  1.1161E-04  1.6811E-09  3.5238E-07
  5.3291E-03  1.1376E-04  1.7159E-09  3.5966E-07
  5.3656E-03  1.1595E-04  1.7514E-09  3.6710E-07
  5.4023E-03  1.1818E-04  1.7876E-09  3.7469E-07
  5.4393E-03  1.2045E-04  1.8246E-09  3.8243E-07
  5.4765E-03  1.2277E-04  1.8623E-09  3.9034E-07
  5.5139E-03  1.2513E-04  1.9007E-09  3.9840E-07
  5.5517E-03  1.2754E-04  1.9400E-09  4.0664E-07
  5.5896E-03  1.2999E-04  1.9801E-09  4.1504E-07
  5.6278E-03  1.3249E-04  2.0210E-09  4.2361E-07
  5.6663E-03  1.3503E-04  2.0627E-09  4.3235E-07
  5.7051E-03  1.3762E-04  2.1053E-09  4.4128E-07
  5.7440E-03  1.4027E-04  2.1488E-09  4.5039E-07
  5.7833E-03  1.4296E-04  2.1931E-09  4.5969E-07
  5.8228E-03  1.4570E-04  2.2384E-09  4.6917E-07
  5.8626E-03  1.4850E-04  2.2846E-09  4.7886E-07
  5.9026E-03  1.5135E-04  2.3317E-09  4.8873E-07
  5.9429E-03  1.5425E-04  2.3798E-09  4.9882E-07
  5.9835E-03  1.5721E-04  2.4289E-09  5.0910E-07
  6.0244E-03  1.6022E-04  2.4790E-09  5.1960E-07
  6.0655E-03  1.6330E-04  2.5301E-09  5.3032E-07
  6.1069E-03  1.6643E-04  2.5823E-09  5.4125E-07
  6.1486E-03  1.6961E-04  2.6355E-09  5.5241E-07
  6.1905E-03  1.7286E-04  2.6898E-09  5.6379E-07
  6.2328E-03  1.7617E-04  2.7453E-09  5.7541E-07
  6.2753E-03  1.7955E-04  2.8018E-09  5.8726E-07
  6.3181E-03  1.8298E-04  2.8596E-09  5.9936E-07
  6.3612E-03  1.8648E-04  2.9185E-09  6.1171E-07
  6.4045E-03  1.9005E-04  2.9786E-09  6.2431E-07
  6.4482E-03  1.9369E-04  3.0399E-09  6.3716E-07
  6.4921E-03  1.9739E-04  3.1025E-09  6.5028E-07
  6.5364E-03  2.0116E-04  3.1664E-09  6.6367E-07
  6.5809E-03  2.0501E-04  3.2316E-09  6.7733E-07
  6.6258E-03  2.0893E-04  3.2981E-09  6.9127E-07
  6.6709E-03  2.1292E-04  3.3660E-09  7.0549E-07
  6.7164E-03  2.1698E-04  3.4352E-09  7.2001E-07
  6.7621E-03  2.2113E-04  3.5059E-09  7.3482E-07
  6.8082E-03  2.2535E-04  3.5780E-09  7.4993E-07
  6.8545E-03  2.2965E-04  3.6516E-09  7.6536E-07
  6.9012E-03  2.3403E-04  3.7267E-09  7.8110E-07
  6.9482E-03  2.3849E-04  3.8034E-09  7.9716E-07
  6.9955E-03  2.4304E-04  3.8816E-09  8.1355E-07
  7.0431E-03  2.4767E-04  3.9614E-09  8.3027E-07
  7.0910E-03  2.5239E-04  4.0428E-09  8.4734E-07
  7.1392E-03  2.5720E-04  4.1259E-09  8.6475E-07
  7.1878E-03  2.6210E-04  4.2107E-09  8.8252E-07
  7.2367E-03  2.6709E-04  4.2972E-09  9.0065E-07
  7.2859E-03  2.7218E-04  4.3855E-09  9.1915E-07
  7.3355E-03  2.7736E-04  4.4756E-09  9.3803E-07
  7.3853E-03  2.8264E-04  4.5675E-09  9.5730E-07
  7.4356E-03  2.8801E-04  4.6613E-09  9.7696E-07
  7.4861E-03  2.9349E-04  4.7570E-09  9.9702E-07
  7.5370E-03  2.9907E-04  4.8547E-09  1.0175E-06
  7.5882E-03  3.0476E-04  4.9544E-09  1.0384E-06
  7.6398E-03  3.1055E-04  5.0561E-09  1.0597E-06
  7.6917E-03  3.1645E-04  5.1599E-09  1.0814E-06
  7.7440E-03  3.2246E-04  5.2657E-09  1.1036E-06
  7.7966E-03  3.2858E-04  5.3738E-09  1.1263E-06
  7.8495E-03  3.3481E-04  5.4841E-09  1.1494E-06
  7.9028E-03  3.4117E-04  5.5966E-09  1.1730E-06
  7.9565E-03  3.4764E-04  5.7114E-09  1.1970E-06
  8.0105E-03  3.5423E-04  5.8286E-09  1.2216E-06
  8.0649E-03  3.6095E-04  5.9481E-09  1.2466E-06
  8.1197E-03  3.6779E-04  6.0701E-09  1.2722E-06
  8.1748E-03  3.7476E-04  6.1945E-09  1.2983E-06
  8.2303E-03  3.8185E-04  6.3216E-09  1.3249E-06
  8.2861E-03  3.8909E-04  6.4511E-09  1.3520E-06
  8.3424E-03  3.9645E-04  6.5834E-09  1.3798E-06
  8.3990E-03  4.0395E-04  6.7183E-09  1.4080E-06
  8.4560E-03  4.1159E-04  6.8560E-09  1.4369E-06
  8.5133E-03  4.1938E-04  6.9965E-09  1.4663E-06
  8.5711E-03  4.2731E-04  7.1399E-09  1.4964E-06
  8.6292E-03  4.3538E-04  7.2862E-09  1.5270E-06
  8.6877E-03  4.4361E-04  7.4354E-09  1.5583E-06
  8.7466E-03  4.5199E-04  7.5877E-09  1.5902E-06
  8.8059E-03  4.6052E-04  7.7431E-09  1.6228E-06
  8.8656E-03  4.6922E-04  7.9017E-09  1.6560E-06
  8.9257E-03  4.7807E-04  8.0635E-09  1.6899E-06
  8.9862E-03  4.8709E-04  8.2286E-09  1.7245E-06
  9.0471E-03  4.9627E-04  8.3971E-09  1.7598E-06
  9.1085E-03  5.0563E-04  8.5690E-09  1.7958E-06
  9.1702E-03  5.1516E-04  8.7444E-09  1.8326E-06
  9.2323E-03  5.2486E-04  8.9234E-09  1.8701E-06
  9.2949E-03  5.3474E-04  9.1060E-09  1.9084E-06
  9.3578E-03  5.4481E-04  9.2924E-09  1.9474E-06
  9.4212E-03  5.5506E-04  9.4825E-09  1.9872E-06
  9.4850E-03  5.6551E-04  9.6765E-09  2.0279E-06
  9.5493E-03  5.7614E-04  9.8745E-09  2.0694E-06
  9.6139E-03  5.8697E-04  1.0076E-08  2.1117E-06
  9.6790E-03  5.9800E-04  1.0283E-08  2.1549E-06
  9.7446E-03  6.0924E-04  1.0493E-08  2.1989E-06
  9.8105E-03  6.2068E-04  1.0707E-08  2.2439E-06
  9.8769E-03  6.3233E-04  1.0926E-08  2.2898E-06
  9.9438E-03  6.4419E-04  1.1150E-08  2.3366E-06
  1.0011E-02  6.5628E-04  1.1378E-08  2.3844E-06
  1.0079E-02  6.6858E-04  1.1610E-08  2.4331E-06
  1.0147E-02  6.8112E-04  1.1848E-08  2.4828E-06
  1.0216E-02  6.9388E-04  1.2090E-08  2.5336E-06
  1.0285E-02  7.0688E-04  1.2337E-08  2.5853E-06
  1.0354E-02  7.2011E-04  1.2589E-08  2.6382E-06
  1.0424E-02  7.3359E-04  1.2846E-08  2.6921E-06
  1.0495E-02  7.4732E-04  1.3109E-08  2.7471E-06
  1.0566E-02  7.6129E-04  1.3377E-08  2.8032E-06
  1.0637E-02  7.7552E-04  1.3650E-08  2.8604E-06
  1.0709E-02  7.9002E-04  1.3929E-08  2.9188E-06
  1.0782E-02  8.0477E-04  1.4213E-08  2.9785E-06
  1.0855E-02  8.1980E-04  1.4504E-08  3.0393E-06
  1.0928E-02  8.3510E-04  1.4800E-08  3.1013E-06
  1.1002E-02  8.5068E-04  1.5102E-08  3.1647E-06
  1.1076E-02  8.6655E-04  1.5411E-08  3.2293E-06
  1.1151E-02  8.8271E-04  1.5725E-08  3.2952E-06
  1.1226E-02  8.9915E-04  1.6046E-08  3.3624E-06
  1.1302E-02  9.1590E-04  1.6374E-08  3.4311E-06
  1.1379E-02  9.3296E-04  1.6708E-08  3.5011E-06
  1.1456E-02  9.5032E-04  1.7049E-08  3.5725E-06
  1.1533E-02  9.6800E-04  1.7397E-08  3.6454E-06
  1.1611E-02  9.8600E-04  1.7752E-08  3.7198E-06
  1.1689E-02  1.0043E-03  1.8114E-08  3.7957E-06
  1.1768E-02  1.0230E-03  1.8484E-08  3.8732E-06
  1.1848E-02  1.0420E-03  1.8861E-08  3.9522E-06
  1.1928E-02  1.0613E-03  1.9246E-08  4.0328E-06
  1.2008E-02  1.0810E-03  1.9639E-08  4.1150E-06
  1.2089E-02  1.1011E-03  2.0039E-08  4.1990E-06
  1.2171E-02  1.1215E-03  2.0448E-08  4.2846E-06
  1.2253E-02  1.1423E-03  2.0865E-08  4.3720E-06
  1.2336E-02  1.1634E-03  2.1291E-08  4.4611E-06
  1.2419E-02  1.1850E-03  2.1725E-08  4.5521E-06
  1.2503E-02  1.2069E-03  2.2168E-08  4.6449E-06
  1.2587E-02  1.2292E-03  2.2620E-08  4.7395E-06
  1.2672E-02  1.2519E-03  2.3081E-08  4.8362E-06
  1.2758E-02  1.2751E-03  2.3552E-08  4.9347E-06
  1.2844E-02  1.2986E-03  2.4032E-08  5.0353E-06
  1.2931E-02  1.3226E-03  2.4522E-08  5.1379E-06
  1.3018E-02  1.3470E-03  2.5022E-08  5.2426E-06
  1.3106E-02  1.3719E-03  2.5532E-08  5.3495E-06
  1.3194E-02  1.3971E-03  2.6052E-08  5.4585E-06
  1.3283E-02  1.4229E-03  2.6583E-08  5.5697E-06
  1.3373E-02  1.4491E-03  2.7125E-08  5.6831E-06
  1.3463E-02  1.4758E-03  2.7678E-08  5.7989E-06
  1.3554E-02  1.5029E-03  2.8242E-08  5.9170E-06
  1.3645E-02  1.5306E-03  2.8817E-08  6.0376E-06
  1.3737E-02  1.5587E-03  2.9404E-08  6.1605E-06
  1.3830E-02  1.5873E-03  3.0004E-08  6.2860E-06
  1.3923E-02  1.6165E-03  3.0615E-08  6.4140E-06
  1.4017E-02  1.6461E-03  3.1238E-08  6.5446E-06
  1.4112E-02  1.6763E-03  3.1875E-08  6.6779E-06
  1.4207E-02  1.7070E-03  3.2524E-08  6.8138E-06
  1.4302E-02  1.7383E-03  3.3186E-08  6.9526E-06
  1.4399E-02  1.7702E-03  3.3862E-08  7.0941E-06
  1.4496E-02  1.8026E-03  3.4552E-08  7.2385E-06
  1.4594E-02  1.8355E-03  3.5256E-08  7.3859E-06
  1.4692E-02  1.8691E-03  3.5973E-08  7.5362E-06
  1.4791E-02  1.9032E-03  3.6706E-08  7.6896E-06
  1.4891E-02  1.9380E-03  3.7453E-08  7.8461E-06
  1.4991E-02  1.9734E-03  3.8216E-08  8.0058E-06
  1.5092E-02  2.0094E-03  3.8994E-08  8.1687E-06
  1.5194E-02  2.0460E-03  3.9788E-08  8.3349E-06
  1.5296E-02  2.0833E-03  4.0598E-08  8.5045E-06
  1.5399E-02  2.1212E-03  4.1424E-08  8.6775E-06
  1.5503E-02  2.1598E-03  4.2267E-08  8.8541E-06
  1.5607E-02  2.1991E-03  4.3127E-08  9.0342E-06
  1.5712E-02  2.2391E-03  4.4005E-08  9.2180E-06
  1.5818E-02  2.2798E-03  4.4901E-08  9.4055E-06
  1.5925E-02  2.3212E-03  4.5814E-08  9.5968E-06
  1.6032E-02  2.3633E-03  4.6747E-08  9.7920E-06
  1.6140E-02  2.4062E-03  4.7698E-08  9.9911E-06
  1.6249E-02  2.4498E-03  4.8668E-08  1.0194E-05
  1.6358E-02  2.4941E-03  4.9658E-08  1.0402E-05
  1.6468E-02  2.5393E-03  5.0669E-08  1.0613E-05
  1.6579E-02  2.5852E-03  5.1700E-08  1.0829E-05
  1.6691E-02  2.6320E-03  5.2751E-08  1.1049E-05
  1.6803E-02  2.6795E-03  5.3824E-08  1.1274E-05
  1.6916E-02  2.7279E-03  5.4919E-08  1.1503E-05
  1.7030E-02  2.7771E-03  5.6036E-08  1.1737E-05
  1.7145E-02  2.8272E-03  5.7176E-08  1.1975E-05
  1.7260E-02  2.8782E-03  5.8339E-08  1.2219E-05
  1.7376E-02  2.9300E-03  5.9525E-08  1.2467E-05
  1.7493E-02  2.9827E-03  6.0736E-08  1.2720E-05
  1.7611E-02  3.0364E-03  6.1971E-08  1.2979E-05
  1.7729E-02  3.0910E-03  6.3231E-08  1.3243E-05
  1.7849E-02  3.1465E-03  6.4517E-08  1.3512E-05
  1.7969E-02  3.2030E-03  6.5828E-08  1.3786E-05
  1.8090E-02  3.2604E-03  6.7167E-08  1.4067E-05
  1.8211E-02  3.3189E-03  6.8532E-08  1.4352E-05
  1.8334E-02  3.3783E-03  6.9926E-08  1.4644E-05
  1.8457E-02  3.4388E-03  7.1347E-08  1.4941E-05
  1.8581E-02  3.5003E-03  7.2798E-08  1.5245E-05
  1.8706E-02  3.5629E-03  7.4277E-08  1.5555E-05
  1.8832E-02  3.6265E-03  7.5787E-08  1.5871E-05
  1.8959E-02  3.6912E-03  7.7328E-08  1.6193E-05
  1.9086E-02  3.7571E-03  7.8899E-08  1.6522E-05
  1.9215E-02  3.8241E-03  8.0503E-08  1.6858E-05
  1.9344E-02  3.8922E-03  8.2139E-08  1.7200E-05
  1.9474E-02  3.9614E-03  8.3808E-08  1.7549E-05
  1.9605E-02  4.0319E-03  8.5512E-08  1.7906E-05
  1.9737E-02  4.1035E-03  8.7249E-08  1.8269E-05
  1.9869E-02  4.1764E-03  8.9022E-08  1.8640E-05
  2.0003E-02  4.2505E-03  9.0831E-08  1.9019E-05
  2.0138E-02  4.3259E-03  9.2677E-08  1.9405E-05
  2.0273E-02  4.4025E-03  9.4560E-08  1.9799E-05
  2.0409E-02  4.4805E-03  9.6481E-08  2.0201E-05
  2.0546E-02  4.5597E-03  9.8441E-08  2.0611E-05
  2.0684E-02  4.6403E-03  1.0044E-07  2.1029E-05
  2.0824E-02  4.7223E-03  1.0248E-07  2.1456E-05
  2.0963E-02  4.8056E-03  1.0456E-07  2.1892E-05
  2.1104E-02  4.8903E-03  1.0669E-07  2.2336E-05
  2.1246E-02  4.9765E-03  1.0886E-07  2.2789E-05
  2.1389E-02  5.0641E-03  1.1107E-07  2.3252E-05
  2.1533E-02  5.1532E-03  1.1332E-07  2.3724E-05
  2.1677E-02  5.2437E-03  1.1562E-07  2.4205E-05
  2.1823E-02  5.3358E-03  1.1797E-07  2.4696E-05
  2.1970E-02  5.4294E-03  1.2037E-07  2.5197E-05
  2.2117E-02  5.5246E-03  1.2281E-07  2.5709E-05
  2.2266E-02  5.6214E-03  1.2531E-07  2.6230E-05
  2.2416E-02  5.7198E-03  1.2785E-07  2.6763E-05
  2.2566E-02  5.8198E-03  1.3045E-07  2.7305E-05
  2.2718E-02  5.9214E-03  1.3310E-07  2.7859E-05
  2.2870E-02  6.0248E-03  1.3580E-07  2.8425E-05
  2.3024E-02  6.1299E-03  1.3856E-07  2.9001E-05
  2.3179E-02  6.2367E-03  1.4137E-07  2.9590E-05
  2.3334E-02  6.3452E-03  1.4424E-07  3.0190E-05
  2.3491E-02  6.4556E-03  1.4717E-07  3.0802E-05
  2.3649E-02  6.5678E-03  1.5016E-07  3.1427E-05
  2.3808E-02  6.6818E-03  1.5321E-07  3.2064E-05
  2.3968E-02  6.7977E-03  1.5632E-07  3.2715E-05
  2.4129E-02  6.9155E-03  1.5949E-07  3.3378E-05
  2.4291E-02  7.0352E-03  1.6273E-07  3.4055E-05
  2.4454E-02  7.1569E-03  1.6604E-07  3.4746E-05
  2.4618E-02  7.2805E-03  1.6941E-07  3.5450E-05
  2.4783E-02  7.4062E-03  1.7285E-07  3.6169E-05
  2.4950E-02  7.5339E-03  1.7635E-07  3.6902E-05
  2.5117E-02  7.6637E-03  1.7993E-07  3.7651E-05
  2.5286E-02  7.7956E-03  1.8359E-07  3.8414E-05
  2.5456E-02  7.9297E-03  1.8731E-07  3.9193E-05
  2.5626E-02  8.0659E-03  1.9112E-07  3.9987E-05
  2.5798E-02  8.2043E-03  1.9500E-07  4.0798E-05
  2.5972E-02  8.3449E-03  1.9895E-07  4.1625E-05
  2.6146E-02  8.4879E-03  2.0299E-07  4.2469E-05
  2.6321E-02  8.6331E-03  2.0711E-07  4.3330E-05
  2.6498E-02  8.7806E-03  2.1132E-07  4.4208E-05
  2.6676E-02  8.9305E-03  2.1560E-07  4.5104E-05
  2.6855E-02  9.0828E-03  2.1998E-07  4.6018E-05
  2.7035E-02  9.2376E-03  2.2445E-07  4.6951E-05
  2.7217E-02  9.3948E-03  2.2900E-07  4.7903E-05
  2.7399E-02  9.5545E-03  2.3365E-07  4.8873E-05
  2.7583E-02  9.7167E-03  2.3839E-07  4.9864E-05
  2.7768E-02  9.8816E-03  2.4323E-07  5.0874E-05
  2.7955E-02  1.0049E-02  2.4816E-07  5.1905E-05
  2.8142E-02  1.0219E-02  2.5320E-07  5.2957E-05
  2.8331E-02  1.0392E-02  2.5834E-07  5.4030E-05
  2.8521E-02  1.0567E-02  2.6358E-07  5.5125E-05
  2.8713E-02  1.0746E-02  2.6893E-07  5.6242E-05
  2.8905E-02  1.0927E-02  2.7439E-07  5.7381E-05
  2.9099E-02  1.1111E-02  2.7996E-07  5.8544E-05
  2.9294E-02  1.1297E-02  2.8564E-07  5.9730E-05
  2.9491E-02  1.1487E-02  2.9143E-07  6.0940E-05
  2.9689E-02  1.1680E-02  2.9735E-07  6.2175E-05
  2.9888E-02  1.1875E-02  3.0338E-07  6.3434E-05
  3.0089E-02  1.2074E-02  3.0954E-07  6.4719E-05
  3.0290E-02  1.2276E-02  3.1582E-07  6.6030E-05
  3.0494E-02  1.2481E-02  3.2223E-07  6.7368E-05
  3.0698E-02  1.2689E-02  3.2877E-07  6.8732E-05
  3.0904E-02  1.2900E-02  3.3544E-07  7.0124E-05
  3.1111E-02  1.3115E-02  3.4224E-07  7.1545E-05
  3.1320E-02  1.3332E-02  3.4919E-07  7.2994E-05
  3.1530E-02  1.3554E-02  3.5627E-07  7.4472E-05
  3.1742E-02  1.3778E-02  3.6350E-07  7.5980E-05
  3.1954E-02  1.4006E-02  3.7088E-07  7.7519E-05
  3.2169E-02  1.4238E-02  3.7840E-07  7.9089E-05
  3.2384E-02  1.4473E-02  3.8608E-07  8.0690E-05
  3.2602E-02  1.4711E-02  3.9391E-07  8.2324E-05
  3.2820E-02  1.4953E-02  4.0191E-07  8.3991E-05
  3.3040E-02  1.5199E-02  4.1006E-07  8.5692E-05
  3.3262E-02  1.5449E-02  4.1838E-07  8.7427E-05
  3.3485E-02  1.5702E-02  4.2687E-07  8.9197E-05
  3.3709E-02  1.5959E-02  4.3553E-07  9.1003E-05
  3.3935E-02  1.6220E-02  4.4437E-07  9.2845E-05
  3.4163E-02  1.6485E-02  4.5338E-07  9.4725E-05
  3.4392E-02  1.6753E-02  4.6258E-07  9.6643E-05
  3.4623E-02  1.7026E-02  4.7197E-07  9.8599E-05
  3.4855E-02  1.7303E-02  4.8155E-07  1.0060E-04
  3.5088E-02  1.7584E-02  4.9132E-07  1.0263E-04
  3.5324E-02  1.7869E-02  5.0129E-07  1.0471E-04
  3.5560E-02  1.8158E-02  5.1146E-07  1.0683E-04
  3.5799E-02  1.8452E-02  5.2183E-07  1.0899E-04
  3.6039E-02  1.8750E-02  5.3242E-07  1.1120E-04
  3.6280E-02  1.9052E-02  5.4323E-07  1.1345E-04
  3.6524E-02  1.9359E-02  5.5425E-07  1.1574E-04
  3.6768E-02  1.9670E-02  5.6549E-07  1.1809E-04
  3.7015E-02  1.9986E-02  5.7697E-07  1.2048E-04
  3.7263E-02  2.0306E-02  5.8868E-07  1.2291E-04
  3.7513E-02  2.0631E-02  6.0062E-07  1.2540E-04
  3.7764E-02  2.0960E-02  6.1281E-07  1.2794E-04
  3.8017E-02  2.1294E-02  6.2524E-07  1.3053E-04
  3.8272E-02  2.1633E-02  6.3793E-07  1.3317E-04
  3.8529E-02  2.1977E-02  6.5088E-07  1.3586E-04
  3.8787E-02  2.2326E-02  6.6408E-07  1.3861E-04
  3.9047E-02  2.2680E-02  6.7756E-07  1.4142E-04
  3.9308E-02  2.3039E-02  6.9131E-07  1.4428E-04
  3.9572E-02  2.3403E-02  7.0534E-07  1.4720E-04
  3.9837E-02  2.3772E-02  7.1965E-07  1.5018E-04
  4.0104E-02  2.4146E-02  7.3425E-07  1.5321E-04
  4.0373E-02  2.4526E-02  7.4915E-07  1.5631E-04
  4.0643E-02  2.4911E-02  7.6436E-07  1.5948E-04
  4.0915E-02  2.5301E-02  7.7987E-07  1.6270E-04
  4.1190E-02  2.5697E-02  7.9570E-07  1.6599E-04
  4.1466E-02  2.6098E-02  8.1185E-07  1.6935E-04
  4.1743E-02  2.6504E-02  8.2832E-07  1.7278E-04
  4.2023E-02  2.6917E-02  8.4513E-07  1.7627E-04
  4.2305E-02  2.7335E-02  8.6229E-07  1.7984E-04
  4.2588E-02  2.7758E-02  8.7979E-07  1.8348E-04
  4.2873E-02  2.8188E-02  8.9765E-07  1.8719E-04
  4.3161E-02  2.8623E-02  9.1587E-07  1.9097E-04
  4.3450E-02  2.9065E-02  9.3446E-07  1.9484E-04
  4.3741E-02  2.9512E-02  9.5342E-07  1.9878E-04
  4.4034E-02  2.9965E-02  9.7278E-07  2.0280E-04
  4.4329E-02  3.0425E-02  9.9252E-07  2.0690E-04
  4.4626E-02  3.0891E-02  1.0127E-06  2.1108E-04
  4.4925E-02  3.1362E-02  1.0332E-06  2.1535E-04
  4.5226E-02  3.1841E-02  1.0542E-06  2.1971E-04
  4.5529E-02  3.2325E-02  1.0756E-06  2.2415E-04
  4.5833E-02  3.2816E-02  1.0974E-06  2.2868E-04
  4.6140E-02  3.3313E-02  1.1197E-06  2.3331E-04
  4.6450E-02  3.3817E-02  1.1425E-06  2.3802E-04
  4.6761E-02  3.4328E-02  1.1657E-06  2.4284E-04
  4.7074E-02  3.4845E-02  1.1893E-06  2.4775E-04
  4.7389E-02  3.5369E-02  1.2135E-06  2.5275E-04
  4.7706E-02  3.5900E-02  1.2381E-06  2.5786E-04
  4.8026E-02  3.6438E-02  1.2632E-06  2.6308E-04
  4.8348E-02  3.6982E-02  1.2889E-06  2.6840E-04
  4.8671E-02  3.7534E-02  1.3151E-06  2.7382E-04
  4.8997E-02  3.8092E-02  1.3418E-06  2.7936E-04
  4.9325E-02  3.8658E-02  1.3690E-06  2.8501E-04
  4.9656E-02  3.9231E-02  1.3968E-06  2.9077E-04
  4.9988E-02  3.9811E-02  1.4252E-06  2.9665E-04
  5.0323E-02  4.0398E-02  1.4542E-06  3.0264E-04
  5.0660E-02  4.0993E-02  1.4837E-06  3.0876E-04
  5.0999E-02  4.1595E-02  1.5138E-06  3.1500E-04
  5.1341E-02  4.2205E-02  1.5446E-06  3.2137E-04
  5.1685E-02  4.2822E-02  1.5760E-06  3.2786E-04
  5.2031E-02  4.3447E-02  1.6080E-06  3.3449E-04
  5.2379E-02  4.4079E-02  1.6406E-06  3.4125E-04
  5.2730E-02  4.4719E-02  1.6740E-06  3.4815E-04
  5.3083E-02  4.5367E-02  1.7080E-06  3.5518E-04
  5.3438E-02  4.6023E-02  1.7427E-06  3.6236E-04
  5.3796E-02  4.6686E-02  1.7781E-06  3.6969E-04
  5.4156E-02  4.7358E-02  1.8142E-06  3.7716E-04
  5.4519E-02  4.8038E-02  1.8511E-06  3.8478E-04
  5.4884E-02  4.8726E-02  1.8887E-06  3.9255E-04
  5.5251E-02  4.9421E-02  1.9271E-06  4.0049E-04
  5.5621E-02  5.0125E-02  1.9663E-06  4.0858E-04
  5.5993E-02  5.0838E-02  2.0062E-06  4.1684E-04
  5.6368E-02  5.1558E-02  2.0470E-06  4.2526E-04
  5.6746E-02  5.2287E-02  2.0886E-06  4.3385E-04
  5.7125E-02  5.3025E-02  2.1311E-06  4.4262E-04
  5.7508E-02  5.3770E-02  2.1744E-06  4.5156E-04
  5.7893E-02  5.4525E-02  2.2186E-06  4.6068E-04
  5.8280E-02  5.5288E-02  2.2638E-06  4.6999E-04
  5.8670E-02  5.6059E-02  2.3098E-06  4.7949E-04
  5.9063E-02  5.6839E-02  2.3568E-06  4.8917E-04
  5.9459E-02  5.7628E-02  2.4047E-06  4.9905E-04
  5.9857E-02  5.8426E-02  2.4536E-06  5.0914E-04
  6.0257E-02  5.9233E-02  2.5035E-06  5.1942E-04
  6.0661E-02  6.0048E-02  2.5544E-06  5.2991E-04
  6.1067E-02  6.0872E-02  2.6064E-06  5.4062E-04
  6.1475E-02  6.1705E-02  2.6594E-06  5.5154E-04
  6.1887E-02  6.2548E-02  2.7135E-06  5.6268E-04
  6.2301E-02  6.3399E-02  2.7687E-06  5.7405E-04
  6.2718E-02  6.4259E-02  2.8251E-06  5.8564E-04
  6.3138E-02  6.5129E-02  2.8826E-06  5.9747E-04
  6.3560E-02  6.6007E-02  2.9412E-06  6.0954E-04
  6.3986E-02  6.6895E-02  3.0011E-06  6.2185E-04
  6.4414E-02  6.7792E-02  3.0622E-06  6.3441E-04
  6.4845E-02  6.8698E-02  3.1245E-06  6.4722E-04
  6.5279E-02  6.9614E-02  3.1881E-06  6.6029E-04
  6.5716E-02  7.0539E-02  3.2530E-06  6.7362E-04
  6.6156E-02  7.1473E-02  3.3192E-06  6.8723E-04
  6.6598E-02  7.2416E-02  3.3868E-06  7.0110E-04
  6.7044E-02  7.3369E-02  3.4558E-06  7.1526E-04
  6.7493E-02  7.4332E-02  3.5262E-06  7.2970E-04
  6.7944E-02  7.5304E-02  3.5980E-06  7.4444E-04
  6.8399E-02  7.6285E-02  3.6713E-06  7.5947E-04
  6.8857E-02  7.7276E-02  3.7461E-06  7.7481E-04
  6.9317E-02  7.8276E-02  3.8224E-06  7.9045E-04
  6.9781E-02  7.9286E-02  3.9003E-06  8.0641E-04
  7.0248E-02  8.0305E-02  3.9798E-06  8.2269E-04
  7.0718E-02  8.1334E-02  4.0609E-06  8.3930E-04
  7.1191E-02  8.2373E-02  4.1436E-06  8.5624E-04
  7.1668E-02  8.3421E-02  4.2281E-06  8.7353E-04
  7.2147E-02  8.4478E-02  4.3143E-06  8.9116E-04
  7.2630E-02  8.5546E-02  4.4022E-06  9.0916E-04
  7.3116E-02  8.6622E-02  4.4920E-06  9.2751E-04
  7.3605E-02  8.7709E-02  4.5836E-06  9.4623E-04
  7.4098E-02  8.8805E-02  4.6771E-06  9.6533E-04
  7.4593E-02  8.9910E-02  4.7725E-06  9.8482E-04
  7.5092E-02  9.1025E-02  4.8698E-06  1.0047E-03
  7.5595E-02  9.2150E-02  4.9692E-06  1.0250E-03
  7.6101E-02  9.3284E-02  5.0706E-06  1.0457E-03
  7.6610E-02  9.4427E-02  5.1740E-06  1.0668E-03
  7.7122E-02  9.5580E-02  5.2796E-06  1.0883E-03
  7.7638E-02  9.6743E-02  5.3874E-06  1.1103E-03
  7.8158E-02  9.7915E-02  5.4973E-06  1.1327E-03
  7.8681E-02  9.9096E-02  5.6096E-06  1.1555E-03
  7.9207E-02  1.0029E-01  5.7241E-06  1.1788E-03
  7.9737E-02  1.0149E-01  5.8410E-06  1.2026E-03
  8.0270E-02  1.0270E-01  5.9603E-06  1.2269E-03
  8.0807E-02  1.0391E-01  6.0820E-06  1.2517E-03
  8.1348E-02  1.0514E-01  6.2063E-06  1.2769E-03
  8.1892E-02  1.0638E-01  6.3331E-06  1.3027E-03
  8.2440E-02  1.0762E-01  6.4625E-06  1.3290E-03
  8.2991E-02  1.0888E-01  6.5945E-06  1.3558E-03
  8.3546E-02  1.1014E-01  6.7293E-06  1.3831E-03
  8.4105E-02  1.1142E-01  6.8669E-06  1.4110E-03
  8.4668E-02  1.1270E-01  7.0073E-06  1.4395E-03
  8.5234E-02  1.1399E-01  7.1506E-06  1.4685E-03
  8.5804E-02  1.1529E-01  7.2968E-06  1.4982E-03
  8.6378E-02  1.1660E-01  7.4461E-06  1.5284E-03
  8.6956E-02  1.1791E-01  7.5984E-06  1.5592E-03
  8.7538E-02  1.1924E-01  7.7538E-06  1.5907E-03
  8.8123E-02  1.2057E-01  7.9125E-06  1.6228E-03
  8.8713E-02  1.2191E-01  8.0745E-06  1.6555E-03
  8.9306E-02  1.2326E-01  8.2397E-06  1.6889E-03
  8.9903E-02  1.2462E-01  8.4084E-06  1.7229E-03
  9.0505E-02  1.2598E-01  8.5806E-06  1.7577E-03
  9.1110E-02  1.2736E-01  8.7564E-06  1.7931E-03
  9.1719E-02  1.2874E-01  8.9357E-06  1.8293E-03
  9.2333E-02  1.3013E-01  9.1188E-06  1.8662E-03
  9.2950E-02  1.3152E-01  9.3056E-06  1.9038E-03
  9.3572E-02  1.3293E-01  9.4963E-06  1.9422E-03
  9.4198E-02  1.3434E-01  9.6910E-06  1.9814E-03
  9.4828E-02  1.3576E-01  9.8897E-06  2.0213E-03
  9.5462E-02  1.3718E-01  1.0092E-05  2.0621E-03
  9.6101E-02  1.3861E-01  1.0299E-05  2.1037E-03
  9.6743E-02  1.4005E-01  1.0511E-05  2.1461E-03
  9.7390E-02  1.4149E-01  1.0726E-05  2.1894E-03
  9.8042E-02  1.4295E-01  1.0947E-05  2.2335E-03
  9.8697E-02  1.4440E-01  1.1171E-05  2.2785E-03
  9.9357E-02  1.4587E-01  1.1401E-05  2.3245E-03
  1.0002E-01  1.4733E-01  1.1635E-05  2.3713E-03
  1.0069E-01  1.4881E-01  1.1874E-05  2.4191E-03
  1.0136E-01  1.5029E-01  1.2117E-05  2.4679E-03
  1.0204E-01  1.5177E-01  1.2366E-05  2.5176E-03
  1.0272E-01  1.5326E-01  1.2621E-05  2.5684E-03
  1.0341E-01  1.5476E-01  1.2880E-05  2.6201E-03
  1.0410E-01  1.5626E-01  1.3145E-05  2.6729E-03
  1.0480E-01  1.5776E-01  1.3415E-05  2.7268E-03
  1.0550E-01  1.5927E-01  1.3691E-05  2.7818E-03
  1.0621E-01  1.6078E-01  1.3973E-05  2.8378E-03
  1.0692E-01  1.6230E-01  1.4260E-05  2.8950E-03
  1.0763E-01  1.6382E-01  1.4554E-05  2.9533E-03
  1.0835E-01  1.6534E-01  1.4853E-05  3.0129E-03
  1.0907E-01  1.6686E-01  1.5159E-05  3.0736E-03
  1.0980E-01  1.6839E-01  1.5472E-05  3.1355E-03
  1.1054E-01  1.6992E-01  1.5790E-05  3.1987E-03
  1.1128E-01  1.7145E-01  1.6116E-05  3.2631E-03
  1.1202E-01  1.7299E-01  1.6448E-05  3.3288E-03
  1.1277E-01  1.7452E-01  1.6787E-05  3.3959E-03
  1.1352E-01  1.7606E-01  1.7133E-05  3.4643E-03
  1.1428E-01  1.7759E-01  1.7487E-05  3.5341E-03
  1.1505E-01  1.7913E-01  1.7847E-05  3.6053E-03
  1.1582E-01  1.8067E-01  1.8216E-05  3.6779E-03
  1.1659E-01  1.8221E-01  1.8592E-05  3.7520E-03
  1.1737E-01  1.8375E-01  1.8976E-05  3.8275E-03
  1.1816E-01  1.8529E-01  1.9368E-05  3.9046E-03
  1.1895E-01  1.8682E-01  1.9768E-05  3.9833E-03
  1.1974E-01  1.8836E-01  2.0177E-05  4.0635E-03
  1.2054E-01  1.8989E-01  2.0594E-05  4.1453E-03
  1.2135E-01  1.9142E-01  2.1020E-05  4.2288E-03
  1.2216E-01  1.9295E-01  2.1454E-05  4.3139E-03
  1.2298E-01  1.9448E-01  2.1898E-05  4.4008E-03
  1.2380E-01  1.9600E-01  2.2352E-05  4.4894E-03
  1.2463E-01  1.9752E-01  2.2814E-05  4.5797E-03
  1.2546E-01  1.9904E-01  2.3287E-05  4.6719E-03
  1.2630E-01  2.0055E-01  2.3770E-05  4.7660E-03
  1.2714E-01  2.0206E-01  2.4262E-05  4.8619E-03
  1.2799E-01  2.0356E-01  2.4765E-05  4.9598E-03
  1.2885E-01  2.0506E-01  2.5279E-05  5.0596E-03
  1.2971E-01  2.0655E-01  2.5803E-05  5.1614E-03
  1.3058E-01  2.0804E-01  2.6339E-05  5.2653E-03
  1.3145E-01  2.0951E-01  2.6885E-05  5.3713E-03
  1.3233E-01  2.1099E-01  2.7444E-05  5.4794E-03
  1.3321E-01  2.1245E-01  2.8014E-05  5.5896E-03
  1.3410E-01  2.1390E-01  2.8596E-05  5.7021E-03
  1.3500E-01  2.1535E-01  2.9190E-05  5.8168E-03
  1.3590E-01  2.1679E-01  2.9797E-05  5.9338E-03
  1.3681E-01  2.1822E-01  3.0417E-05  6.0532E-03
  1.3773E-01  2.1964E-01  3.1050E-05  6.1750E-03
  1.3865E-01  2.2104E-01  3.1697E-05  6.2992E-03
  1.3957E-01  2.2244E-01  3.2357E-05  6.4259E-03
  1.4051E-01  2.2383E-01  3.3031E-05  6.5551E-03
  1.4145E-01  2.2520E-01  3.3720E-05  6.6870E-03
  1.4239E-01  2.2656E-01  3.4423E-05  6.8215E-03
  1.4334E-01  2.2791E-01  3.5141E-05  6.9586E-03
  1.4430E-01  2.2925E-01  3.5874E-05  7.0986E-03
  1.4527E-01  2.3057E-01  3.6623E-05  7.2413E-03
  1.4624E-01  2.3187E-01  3.7388E-05  7.3869E-03
  1.4721E-01  2.3317E-01  3.8169E-05  7.5354E-03
  1.4820E-01  2.3444E-01  3.8967E-05  7.6869E-03
  1.4919E-01  2.3570E-01  3.9781E-05  7.8414E-03
  1.5019E-01  2.3695E-01  4.0614E-05  7.9990E-03
  1.5119E-01  2.3818E-01  4.1464E-05  8.1598E-03
  1.5220E-01  2.3938E-01  4.2332E-05  8.3238E-03
  1.5322E-01  2.4058E-01  4.3218E-05  8.4911E-03
  1.5424E-01  2.4175E-01  4.4124E-05  8.6617E-03
  1.5527E-01  2.4290E-01  4.5049E-05  8.8358E-03
  1.5631E-01  2.4403E-01  4.5994E-05  9.0133E-03
  1.5736E-01  2.4515E-01  4.6959E-05  9.1944E-03
  1.5841E-01  2.4624E-01  4.7945E-05  9.3791E-03
  1.5947E-01  2.4731E-01  4.8952E-05  9.5675E-03
  1.6053E-01  2.4836E-01  4.9981E-05  9.7597E-03
  1.6161E-01  2.4938E-01  5.1032E-05  9.9558E-03
  1.6269E-01  2.5038E-01  5.2105E-05  1.0156E-02
  1.6377E-01  2.5136E-01  5.3202E-05  1.0360E-02
  1.6487E-01  2.5231E-01  5.4322E-05  1.0568E-02
  1.6597E-01  2.5324E-01  5.5467E-05  1.0780E-02
  1.6708E-01  2.5414E-01  5.6636E-05  1.0996E-02
  1.6820E-01  2.5502E-01  5.7830E-05  1.1217E-02
  1.6932E-01  2.5587E-01  5.9050E-05  1.1442E-02
  1.7045E-01  2.5669E-01  6.0297E-05  1.1672E-02
  1.7159E-01  2.5748E-01  6.1571E-05  1.1906E-02
  1.7274E-01  2.5824E-01  6.2872E-05  1.2145E-02
  1.7389E-01  2.5897E-01  6.4201E-05  1.2389E-02
  1.7505E-01  2.5968E-01  6.5560E-05  1.2638E-02
  1.7622E-01  2.6035E-01  6.6947E-05  1.2891E-02
  1.7740E-01  2.6099E-01  6.8365E-05  1.3150E-02
  1.7859E-01  2.6160E-01  6.9814E-05  1.3414E-02
  1.7978E-01  2.6218E-01  7.1295E-05  1.3683E-02
  1.8098E-01  2.6272E-01  7.2807E-05  1.3957E-02
  1.8219E-01  2.6323E-01  7.4353E-05  1.4237E-02
  1.8341E-01  2.6370E-01  7.5932E-05  1.4523E-02
  1.8464E-01  2.6414E-01  7.7546E-05  1.4814E-02
  1.8587E-01  2.6454E-01  7.9196E-05  1.5111E-02
  1.8711E-01  2.6491E-01  8.0881E-05  1.5414E-02
  1.8836E-01  2.6524E-01  8.2603E-05  1.5723E-02
  1.8962E-01  2.6553E-01  8.4363E-05  1.6038E-02
  1.9089E-01  2.6579E-01  8.6162E-05  1.6359E-02
  1.9217E-01  2.6600E-01  8.8000E-05  1.6687E-02
  1.9345E-01  2.6617E-01  8.9879E-05  1.7022E-02
  1.9474E-01  2.6631E-01  9.1799E-05  1.7363E-02
  1.9604E-01  2.6640E-01  9.3762E-05  1.7711E-02
  1.9735E-01  2.6645E-01  9.5767E-05  1.8065E-02
  1.9867E-01  2.6646E-01  9.7817E-05  1.8427E-02
  2.0000E-01  2.6643E-01  9.9912E-05  1.8796E-02
  2.0134E-01  2.6635E-01  1.0205E-04  1.9173E-02
  2.0268E-01  2.6623E-01  1.0424E-04  1.9557E-02
  2.0404E-01  2.6607E-01  1.0648E-04  1.9948E-02
  2.0540E-01  2.6586E-01  1.0877E-04  2.0348E-02
  2.0677E-01  2.6560E-01  1.1111E-04  2.0755E-02
  2.0816E-01  2.6530E-01  1.1350E-04  2.1170E-02
  2.0955E-01  2.6495E-01  1.1594E-04  2.1594E-02
  2.1095E-01  2.6455E-01  1.1844E-04  2.2026E-02
  2.1236E-01  2.6411E-01  1.2099E-04  2.2467E-02
  2.1378E-01  2.6361E-01  1.2360E-04  2.2916E-02
  2.1520E-01  2.6307E-01  1.2627E-04  2.3374E-02
  2.1664E-01  2.6248E-01  1.2900E-04  2.3842E-02
  2.1809E-01  2.6184E-01  1.3179E-04  2.4319E-02
  2.1955E-01  2.6114E-01  1.3464E-04  2.4805E-02
  2.2102E-01  2.6040E-01  1.3755E-04  2.5301E-02
  2.2249E-01  2.5960E-01  1.4053E-04  2.5807E-02
  2.2398E-01  2.5875E-01  1.4358E-04  2.6322E-02
  2.2548E-01  2.5785E-01  1.4670E-04  2.6849E-02
  2.2698E-01  2.5689E-01  1.4989E-04  2.7385E-02
  2.2850E-01  2.5589E-01  1.5315E-04  2.7932E-02
  2.3003E-01  2.5482E-01  1.5648E-04  2.8490E-02
  2.3156E-01  2.5370E-01  1.5989E-04  2.9059E-02
  2.3311E-01  2.5253E-01  1.6337E-04  2.9639E-02
  2.3467E-01  2.5130E-01  1.6694E-04  3.0231E-02
  2.3624E-01  2.5002E-01  1.7058E-04  3.0835E-02
  2.3782E-01  2.4867E-01  1.7431E-04  3.1450E-02
  2.3940E-01  2.4728E-01  1.7812E-04  3.2078E-02
  2.4100E-01  2.4582E-01  1.8202E-04  3.2718E-02
  2.4262E-01  2.4431E-01  1.8601E-04  3.3371E-02
  2.4424E-01  2.4274E-01  1.9009E-04  3.4036E-02
  2.4587E-01  2.4111E-01  1.9426E-04  3.4715E-02
  2.4751E-01  2.3942E-01  1.9853E-04  3.5408E-02
  2.4917E-01  2.3767E-01  2.0290E-04  3.6114E-02
  2.5083E-01  2.3586E-01  2.0736E-04  3.6833E-02
  2.5251E-01  2.3400E-01  2.1193E-04  3.7568E-02
  2.5419E-01  2.3207E-01  2.1661E-04  3.8316E-02
  2.5589E-01  2.3009E-01  2.2139E-04  3.9080E-02
  2.5760E-01  2.2804E-01  2.2628E-04  3.9858E-02
  2.5932E-01  2.2593E-01  2.3128E-04  4.0652E-02
  2.6106E-01  2.2377E-01  2.3640E-04  4.1462E-02
  2.6280E-01  2.2154E-01  2.4164E-04  4.2287E-02
  2.6456E-01  2.1925E-01  2.4700E-04  4.3129E-02
  2.6632E-01  2.1690E-01  2.5249E-04  4.3987E-02
  2.6810E-01  2.1448E-01  2.5810E-04  4.4863E-02
  2.6990E-01  2.1201E-01  2.6384E-04  4.5755E-02
  2.7170E-01  2.0947E-01  2.6971E-04  4.6665E-02
  2.7351E-01  2.0688E-01  2.7573E-04  4.7593E-02
  2.7534E-01  2.0422E-01  2.8188E-04  4.8539E-02
  2.7718E-01  2.0150E-01  2.8818E-04  4.9504E-02
  2.7903E-01  1.9871E-01  2.9462E-04  5.0488E-02
  2.8090E-01  1.9587E-01  3.0122E-04  5.1491E-02
  2.8278E-01  1.9296E-01  3.0797E-04  5.2514E-02
  2.8466E-01  1.8999E-01  3.1488E-04  5.3557E-02
  2.8657E-01  1.8696E-01  3.2195E-04  5.4621E-02
  2.8848E-01  1.8387E-01  3.2918E-04  5.5705E-02
  2.9041E-01  1.8072E-01  3.3659E-04  5.6811E-02
  2.9235E-01  1.7750E-01  3.4418E-04  5.7938E-02
  2.9430E-01  1.7423E-01  3.5194E-04  5.9087E-02
  2.9627E-01  1.7089E-01  3.5989E-04  6.0259E-02
  2.9825E-01  1.6749E-01  3.6802E-04  6.1454E-02
  3.0024E-01  1.6403E-01  3.7635E-04  6.2672E-02
  3.0225E-01  1.6051E-01  3.8488E-04  6.3915E-02
  3.0427E-01  1.5693E-01  3.9361E-04  6.5181E-02
  3.0630E-01  1.5329E-01  4.0254E-04  6.6472E-02
  3.0835E-01  1.4959E-01  4.1170E-04  6.7789E-02
  3.1041E-01  1.4583E-01  4.2107E-04  6.9131E-02
  3.1248E-01  1.4201E-01  4.3066E-04  7.0499E-02
  3.1457E-01  1.3814E-01  4.4049E-04  7.1894E-02
  3.1667E-01  1.3420E-01  4.5055E-04  7.3316E-02
  3.1879E-01  1.3021E-01  4.6085E-04  7.4766E-02
  3.2092E-01  1.2616E-01  4.7140E-04  7.6244E-02
  3.2306E-01  1.2205E-01  4.8221E-04  7.7751E-02
  3.2522E-01  1.1789E-01  4.9327E-04  7.9288E-02
  3.2739E-01  1.1367E-01  5.0461E-04  8.0854E-02
  3.2958E-01  1.0939E-01  5.1622E-04  8.2451E-02
  3.3178E-01  1.0506E-01  5.2811E-04  8.4079E-02
  3.3400E-01  1.0067E-01  5.4029E-04  8.5738E-02
  3.3623E-01  9.6236E-02  5.5276E-04  8.7430E-02
  3.3848E-01  9.1744E-02  5.6554E-04  8.9154E-02
  3.4074E-01  8.7201E-02  5.7864E-04  9.0912E-02
  3.4301E-01  8.2605E-02  5.9205E-04  9.2704E-02
  3.4531E-01  7.7959E-02  6.0579E-04  9.4530E-02
  3.4761E-01  7.3262E-02  6.1986E-04  9.6392E-02
  3.4994E-01  6.8516E-02  6.3428E-04  9.8290E-02
  3.5227E-01  6.3721E-02  6.4906E-04  1.0023E-01
  3.5463E-01  5.8879E-02  6.6420E-04  1.0220E-01
  3.5700E-01  5.3989E-02  6.7971E-04  1.0421E-01
  3.5938E-01  4.9054E-02  6.9561E-04  1.0626E-01
  3.6178E-01  4.4073E-02  7.1189E-04  1.0835E-01
  3.6420E-01  3.9048E-02  7.2859E-04  1.1047E-01
  3.6663E-01  3.3979E-02  7.4569E-04  1.1264E-01
  3.6908E-01  2.8868E-02  7.6322E-04  1.1486E-01
  3.7155E-01  2.3716E-02  7.8119E-04  1.1711E-01
  3.7403E-01  1.8523E-02  7.9960E-04  1.1941E-01
  3.7653E-01  1.3291E-02  8.1847E-04  1.2175E-01
  3.7905E-01  8.0208E-03  8.3781E-04  1.2414E-01
  3.8158E-01  2.7132E-03  8.5764E-04  1.2657E-01
  3.8413E-01 -2.6304E-03  8.7796E-04  1.2905E-01
  3.8669E-01 -8.0089E-03  8.9879E-04  1.3157E-01
  3.8928E-01 -1.3421E-02  9.2015E-04  1.3415E-01
  3.9188E-01 -1.8866E-02  9.4204E-04  1.3677E-01
  3.9450E-01 -2.4343E-02  9.6448E-04  1.3945E-01
  3.9713E-01 -2.9849E-02  9.8749E-04  1.4217E-01
  3.9978E-01 -3.5384E-02  1.0111E-03  1.4495E-01
  4.0246E-01 -4.0947E-02  1.0353E-03  1.4778E-01
  4.0514E-01 -4.6537E-02  1.0601E-03  1.5066E-01
  4.0785E-01 -5.2151E-02  1.0855E-03  1.5360E-01
  4.1058E-01 -5.7789E-02  1.1116E-03  1.5660E-01
  4.1332E-01 -6.3449E-02  1.1383E-03  1.5965E-01
  4.1608E-01 -6.9131E-02  1.1657E-03  1.6276E-01
  4.1886E-01 -7.4832E-02  1.1938E-03  1.6593E-01
  4.2166E-01 -8.0550E-02  1.2227E-03  1.6915E-01
  4.2447E-01 -8.6286E-02  1.2522E-03  1.7244E-01
  4.2731E-01 -9.2037E-02  1.2826E-03  1.7580E-01
  4.3017E-01 -9.7802E-02  1.3137E-03  1.7921E-01
  4.3304E-01 -1.0358E-01  1.3456E-03  1.8269E-01
  4.3593E-01 -1.0937E-01  1.3783E-03  1.8624E-01
  4.3884E-01 -1.1516E-01  1.4119E-03  1.8985E-01
  4.4178E-01 -1.2097E-01  1.4463E-03  1.9353E-01
  4.4473E-01 -1.2678E-01  1.4816E-03  1.9728E-01
  4.4770E-01 -1.3259E-01  1.5179E-03  2.0110E-01
  4.5069E-01 -1.3841E-01  1.5551E-03  2.0499E-01
  4.5370E-01 -1.4423E-01  1.5932E-03  2.0895E-01
  4.5673E-01 -1.5005E-01  1.6323E-03  2.1299E-01
  4.5978E-01 -1.5587E-01  1.6725E-03  2.1710E-01
  4.6285E-01 -1.6168E-01  1.7137E-03  2.2129E-01
  4.6595E-01 -1.6749E-01  1.7559E-03  2.2556E-01
  4.6906E-01 -1.7329E-01  1.7993E-03  2.2991E-01
  4.7219E-01 -1.7909E-01  1.8438E-03  2.3434E-01
  4.7535E-01 -1.8487E-01  1.8895E-03  2.3885E-01
  4.7852E-01 -1.9064E-01  1.9363E-03  2.4345E-01
  4.8172E-01 -1.9640E-01  1.9844E-03  2.4813E-01
  4.8494E-01 -2.0215E-01  2.0338E-03  2.5289E-01
  4.8818E-01 -2.0787E-01  2.0844E-03  2.5775E-01
  4.9144E-01 -2.1358E-01  2.1364E-03  2.6269E-01
  4.9472E-01 -2.1927E-01  2.1898E-03  2.6773E-01
  4.9803E-01 -2.2493E-01  2.2445E-03  2.7285E-01
  5.0135E-01 -2.3058E-01  2.3007E-03  2.7807E-01
  5.0470E-01 -2.3619E-01  2.3584E-03  2.8339E-01
  5.0807E-01 -2.4178E-01  2.4177E-03  2.8881E-01
  5.1147E-01 -2.4734E-01  2.4785E-03  2.9432E-01
  5.1489E-01 -2.5287E-01  2.5409E-03  2.9994E-01
  5.1832E-01 -2.5837E-01  2.6049E-03  3.0565E-01
  5.2179E-01 -2.6383E-01  2.6707E-03  3.1148E-01
  5.2527E-01 -2.6926E-01  2.7382E-03  3.1740E-01
  5.2878E-01 -2.7465E-01  2.8076E-03  3.2344E-01
  5.3231E-01 -2.8000E-01  2.8787E-03  3.2958E-01
  5.3587E-01 -2.8531E-01  2.9518E-03  3.3584E-01
  5.3945E-01 -2.9058E-01  3.0269E-03  3.4220E-01
  5.4305E-01 -2.9580E-01  3.1039E-03  3.4869E-01
  5.4668E-01 -3.0097E-01  3.1830E-03  3.5528E-01
  5.5033E-01 -3.0610E-01  3.2643E-03  3.6200E-01
  5.5401E-01 -3.1118E-01  3.3477E-03  3.6884E-01
  5.5771E-01 -3.1620E-01  3.4334E-03  3.7580E-01
  5.6144E-01 -3.2118E-01  3.5213E-03  3.8288E-01
  5.6519E-01 -3.2609E-01  3.6117E-03  3.9009E-01
  5.6896E-01 -3.3095E-01  3.7045E-03  3.9743E-01
  5.7276E-01 -3.3575E-01  3.7998E-03  4.0490E-01
  5.7659E-01 -3.4049E-01  3.8976E-03  4.1250E-01
  5.8044E-01 -3.4517E-01  3.9982E-03  4.2024E-01
  5.8432E-01 -3.4978E-01  4.1014E-03  4.2811E-01
  5.8822E-01 -3.5433E-01  4.2074E-03  4.3612E-01
  5.9215E-01 -3.5881E-01  4.3164E-03  4.4427E-01
  5.9611E-01 -3.6322E-01  4.4282E-03  4.5256E-01
  6.0009E-01 -3.6757E-01  4.5432E-03  4.6100E-01
  6.0410E-01 -3.7183E-01  4.6612E-03  4.6958E-01
  6.0813E-01 -3.7603E-01  4.7825E-03  4.7831E-01
  6.1220E-01 -3.8015E-01  4.9070E-03  4.8720E-01
  6.1629E-01 -3.8419E-01  5.0350E-03  4.9623E-01
  6.2040E-01 -3.8815E-01  5.1665E-03  5.0543E-01
  6.2455E-01 -3.9203E-01  5.3015E-03  5.1478E-01
  6.2872E-01 -3.9583E-01  5.4403E-03  5.2429E-01
  6.3292E-01 -3.9955E-01  5.5828E-03  5.3396E-01
  6.3715E-01 -4.0318E-01  5.7293E-03  5.4380E-01
  6.4140E-01 -4.0673E-01  5.8797E-03  5.5381E-01
  6.4569E-01 -4.1019E-01  6.0343E-03  5.6398E-01
  6.5000E-01 -4.1356E-01  6.1931E-03  5.7433E-01
  6.5434E-01 -4.1683E-01  6.3563E-03  5.8485E-01
  6.5871E-01 -4.2002E-01  6.5240E-03  5.9555E-01
  6.6311E-01 -4.2312E-01  6.6963E-03  6.0643E-01
  6.6754E-01 -4.2611E-01  6.8733E-03  6.1748E-01
  6.7200E-01 -4.2902E-01  7.0552E-03  6.2873E-01
  6.7649E-01 -4.3183E-01  7.2421E-03  6.4015E-01
  6.8101E-01 -4.3454E-01  7.4341E-03  6.5177E-01
  6.8556E-01 -4.3715E-01  7.6315E-03  6.6357E-01
  6.9014E-01 -4.3965E-01  7.8343E-03  6.7557E-01
  6.9475E-01 -4.4206E-01  8.0427E-03  6.8777E-01
  6.9939E-01 -4.4437E-01  8.2568E-03  7.0016E-01
  7.0406E-01 -4.4657E-01  8.4769E-03  7.1276E-01
  7.0876E-01 -4.4867E-01  8.7030E-03  7.2555E-01
  7.1350E-01 -4.5066E-01  8.9354E-03  7.3855E-01
  7.1827E-01 -4.5255E-01  9.1743E-03  7.5176E-01
  7.2306E-01 -4.5433E-01  9.4197E-03  7.6518E-01
  7.2789E-01 -4.5600E-01  9.6719E-03  7.7881E-01
  7.3276E-01 -4.5756E-01  9.9311E-03  7.9266E-01
  7.3765E-01 -4.5902E-01  1.0198E-02  8.0672E-01
  7.4258E-01 -4.6036E-01  1.0471E-02  8.2100E-01
  7.4754E-01 -4.6159E-01  1.0753E-02  8.3551E-01
  7.5253E-01 -4.6271E-01  1.1042E-02  8.5023E-01
  7.5756E-01 -4.6372E-01  1.1339E-02  8.6519E-01
  7.6262E-01 -4.6461E-01  1.1644E-02  8.8037E-01
  7.6771E-01 -4.6539E-01  1.1958E-02  8.9578E-01
  7.7284E-01 -4.6606E-01  1.2281E-02  9.1143E-01
  7.7800E-01 -4.6661E-01  1.2612E-02  9.2731E-01
  7.8320E-01 -4.6704E-01  1.2953E-02  9.4343E-01
  7.8843E-01 -4.6736E-01  1.3303E-02  9.5978E-01
  7.9370E-01 -4.6757E-01  1.3663E-02  9.7638E-01
  7.9900E-01 -4.6766E-01  1.4033E-02  9.9322E-01
  8.0434E-01 -4.6763E-01  1.4413E-02  1.0103E+00
  8.0971E-01 -4.6748E-01  1.4804E-02  1.0276E+00
  8.1512E-01 -4.6722E-01  1.5205E-02  1.0452E+00
  8.2056E-01 -4.6684E-01  1.5618E-02  1.0631E+00
  8.2604E-01 -4.6634E-01  1.6042E-02  1.0811E+00
  8.3156E-01 -4.6573E-01  1.6478E-02  1.0995E+00
  8.3712E-01 -4.6499E-01  1.6925E-02  1.1181E+00
  8.4271E-01 -4.6414E-01  1.7386E-02  1.1369E+00
  8.4834E-01 -4.6317E-01  1.7859E-02  1.1560E+00
  8.5400E-01 -4.6209E-01  1.8345E-02  1.1754E+00
  8.5971E-01 -4.6088E-01  1.8845E-02  1.1950E+00
  8.6545E-01 -4.5956E-01  1.9358E-02  1.2149E+00
  8.7123E-01 -4.5812E-01  1.9886E-02  1.2350E+00
  8.7705E-01 -4.5656E-01  2.0428E-02  1.2554E+00
  8.8291E-01 -4.5488E-01  2.0985E-02  1.2761E+00
  8.8881E-01 -4.5309E-01  2.1558E-02  1.2971E+00
  8.9474E-01 -4.5118E-01  2.2146E-02  1.3183E+00
  9.0072E-01 -4.4915E-01  2.2751E-02  1.3397E+00
  9.0674E-01 -4.4700E-01  2.3372E-02  1.3615E+00
  9.1279E-01 -4.4474E-01  2.4010E-02  1.3835E+00
  9.1889E-01 -4.4236E-01  2.4666E-02  1.4057E+00
  9.2503E-01 -4.3987E-01  2.5340E-02  1.4283E+00
  9.3121E-01 -4.3726E-01  2.6033E-02  1.4511E+00
  9.3743E-01 -4.3454E-01  2.6745E-02  1.4741E+00
  9.4369E-01 -4.3170E-01  2.7476E-02  1.4974E+00
  9.4999E-01 -4.2875E-01  2.8227E-02  1.5210E+00
  9.5634E-01 -4.2568E-01  2.8999E-02  1.5449E+00
  9.6273E-01 -4.2250E-01  2.9792E-02  1.5690E+00
  9.6916E-01 -4.1921E-01  3.0606E-02  1.5933E+00
  9.7563E-01 -4.1580E-01  3.1443E-02  1.6179E+00
  9.8215E-01 -4.1229E-01  3.2303E-02  1.6428E+00
  9.8871E-01 -4.0866E-01  3.3186E-02  1.6679E+00
  9.9531E-01 -4.0493E-01  3.4094E-02  1.6933E+00
  1.0020E+00 -4.0108E-01  3.5026E-02  1.7189E+00
  1.0087E+00 -3.9712E-01  3.5983E-02  1.7447E+00
  1.0154E+00 -3.9306E-01  3.6966E-02  1.7708E+00
  1.0222E+00 -3.8889E-01  3.7976E-02  1.7971E+00
  1.0290E+00 -3.8461E-01  3.9014E-02  1.8237E+00
  1.0359E+00 -3.8022E-01  4.0079E-02  1.8505E+00
  1.0428E+00 -3.7573E-01  4.1173E-02  1.8775E+00
  1.0498E+00 -3.7114E-01  4.2297E-02  1.9047E+00
  1.0568E+00 -3.6644E-01  4.3451E-02  1.9321E+00
  1.0638E+00 -3.6164E-01  4.4636E-02  1.9597E+00
  1.0709E+00 -3.5673E-01  4.5853E-02  1.9875E+00
  1.0781E+00 -3.5172E-01  4.7102E-02  2.0156E+00
  1.0853E+00 -3.4661E-01  4.8385E-02  2.0437E+00
  1.0925E+00 -3.4141E-01  4.9702E-02  2.0721E+00
  1.0998E+00 -3.3610E-01  5.1054E-02  2.1007E+00
  1.1072E+00 -3.3069E-01  5.2442E-02  2.1294E+00
  1.1146E+00 -3.2519E-01  5.3867E-02  2.1582E+00
  1.1220E+00 -3.1959E-01  5.5330E-02  2.1872E+00
  1.1295E+00 -3.1389E-01  5.6831E-02  2.2163E+00
  1.1371E+00 -3.0810E-01  5.8372E-02  2.2455E+00
  1.1447E+00 -3.0221E-01  5.9954E-02  2.2749E+00
  1.1523E+00 -2.9623E-01  6.1577E-02  2.3043E+00
  1.1600E+00 -2.9016E-01  6.3243E-02  2.3339E+00
  1.1677E+00 -2.8400E-01  6.4952E-02  2.3635E+00
  1.1755E+00 -2.7775E-01  6.6706E-02  2.3931E+00
  1.1834E+00 -2.7140E-01  6.8506E-02  2.4228E+00
  1.1913E+00 -2.6497E-01  7.0352E-02  2.4526E+00
  1.1993E+00 -2.5845E-01  7.2246E-02  2.4823E+00
  1.2073E+00 -2.5184E-01  7.4190E-02  2.5121E+00
  1.2153E+00 -2.4515E-01  7.6183E-02  2.5418E+00
  1.2235E+00 -2.3837E-01  7.8227E-02  2.5715E+00
  1.2316E+00 -2.3151E-01  8.0324E-02  2.6011E+00
  1.2398E+00 -2.2456E-01  8.2474E-02  2.6307E+00
  1.2481E+00 -2.1753E-01  8.4679E-02  2.6602E+00
  1.2565E+00 -2.1042E-01  8.6939E-02  2.6896E+00
  1.2649E+00 -2.0323E-01  8.9258E-02  2.7188E+00
  1.2733E+00 -1.9596E-01  9.1634E-02  2.7479E+00
  1.2818E+00 -1.8860E-01  9.4070E-02  2.7768E+00
  1.2904E+00 -1.8118E-01  9.6568E-02  2.8056E+00
  1.2990E+00 -1.7367E-01  9.9127E-02  2.8341E+00
  1.3077E+00 -1.6609E-01  1.0175E-01  2.8623E+00
  1.3164E+00 -1.5843E-01  1.0444E-01  2.8903E+00
  1.3252E+00 -1.5070E-01  1.0719E-01  2.9180E+00
  1.3340E+00 -1.4289E-01  1.1002E-01  2.9453E+00
  1.3430E+00 -1.3501E-01  1.1291E-01  2.9723E+00
  1.3519E+00 -1.2706E-01  1.1587E-01  2.9990E+00
  1.3610E+00 -1.1904E-01  1.1890E-01  3.0252E+00
  1.3700E+00 -1.1095E-01  1.2201E-01  3.0509E+00
  1.3792E+00 -1.0279E-01  1.2519E-01  3.0762E+00
  1.3884E+00 -9.4555E-02  1.2845E-01  3.1010E+00
  1.3977E+00 -8.6257E-02  1.3178E-01  3.1253E+00
  1.4070E+00 -7.7891E-02  1.3520E-01  3.1490E+00
  1.4164E+00 -6.9460E-02  1.3870E-01  3.1720E+00
  1.4259E+00 -6.0962E-02  1.4227E-01  3.1945E+00
  1.4354E+00 -5.2400E-02  1.4593E-01  3.2162E+00
  1.4450E+00 -4.3774E-02  1.4968E-01  3.2373E+00
  1.4546E+00 -3.5085E-02  1.5351E-01  3.2575E+00
  1.4644E+00 -2.6334E-02  1.5744E-01  3.2770E+00
  1.4741E+00 -1.7520E-02  1.6145E-01  3.2957E+00
  1.4840E+00 -8.6459E-03  1.6555E-01  3.3135E+00
  1.4939E+00  2.8880E-04  1.6974E-01  3.3304E+00
  1.5039E+00  9.2831E-03  1.7403E-01  3.3463E+00
  1.5139E+00  1.8336E-02  1.7842E-01  3.3612E+00
  1.5240E+00  2.7448E-02  1.8290E-01  3.3751E+00
  1.5342E+00  3.6617E-02  1.8748E-01  3.3879E+00
  1.5445E+00  4.5843E-02  1.9216E-01  3.3996E+00
  1.5548E+00  5.5126E-02  1.9695E-01  3.4101E+00
  1.5652E+00  6.4464E-02  2.0183E-01  3.4194E+00
  1.5756E+00  7.3858E-02  2.0682E-01  3.4275E+00
  1.5861E+00  8.3306E-02  2.1192E-01  3.4342E+00
  1.5967E+00  9.2808E-02  2.1712E-01  3.4396E+00
  1.6074E+00  1.0236E-01  2.2244E-01  3.4436E+00
  1.6181E+00  1.1197E-01  2.2786E-01  3.4462E+00
  1.6289E+00  1.2163E-01  2.3340E-01  3.4472E+00
  1.6398E+00  1.3134E-01  2.3905E-01  3.4468E+00
  1.6508E+00  1.4111E-01  2.4481E-01  3.4448E+00
  1.6618E+00  1.5092E-01  2.5069E-01  3.4411E+00
  1.6729E+00  1.6079E-01  2.5668E-01  3.4358E+00
  1.6841E+00  1.7070E-01  2.6280E-01  3.4288E+00
  1.6953E+00  1.8067E-01  2.6903E-01  3.4201E+00
  1.7066E+00  1.9068E-01  2.7538E-01  3.4095E+00
  1.7180E+00  2.0074E-01  2.8185E-01  3.3972E+00
  1.7295E+00  2.1085E-01  2.8845E-01  3.3829E+00
  1.7411E+00  2.2101E-01  2.9517E-01  3.3668E+00
  1.7527E+00  2.3122E-01  3.0201E-01  3.3487E+00
  1.7644E+00  2.4147E-01  3.0898E-01  3.3286E+00
  1.7762E+00  2.5177E-01  3.1607E-01  3.3065E+00
  1.7881E+00  2.6211E-01  3.2329E-01  3.2824E+00
  1.8000E+00  2.7250E-01  3.3064E-01  3.2562E+00
  1.8120E+00  2.8294E-01  3.3811E-01  3.2279E+00
  1.8241E+00  2.9342E-01  3.4571E-01  3.1974E+00
  1.8363E+00  3.0395E-01  3.5344E-01  3.1649E+00
  1.8486E+00  3.1452E-01  3.6130E-01  3.1301E+00
  1.8609E+00  3.2514E-01  3.6929E-01  3.0932E+00
  1.8733E+00  3.3580E-01  3.7741E-01  3.0541E+00
  1.8859E+00  3.4651E-01  3.8566E-01  3.0128E+00
  1.8985E+00  3.5726E-01  3.9403E-01  2.9693E+00
  1.9111E+00  3.6805E-01  4.0254E-01  2.9236E+00
  1.9239E+00  3.7889E-01  4.1117E-01  2.8758E+00
  1.9367E+00  3.8977E-01  4.1993E-01  2.8257E+00
  1.9497E+00  4.0069E-01  4.2882E-01  2.7735E+00
  1.9627E+00  4.1165E-01  4.3784E-01  2.7191E+00
  1.9758E+00  4.2266E-01  4.4698E-01  2.6626E+00
  1.9890E+00  4.3371E-01  4.5625E-01  2.6041E+00
  2.0023E+00  4.4480E-01  4.6565E-01  2.5434E+00
  2.0157E+00  4.5594E-01  4.7517E-01  2.4808E+00
  2.0291E+00  4.6712E-01  4.8481E-01  2.4163E+00
  2.0427E+00  4.7833E-01  4.9457E-01  2.3498E+00
  2.0563E+00  4.8959E-01  5.0446E-01  2.2815E+00
  2.0701E+00  5.0090E-01  5.1446E-01  2.2115E+00
  2.0839E+00  5.1224E-01  5.2458E-01  2.1398E+00
  2.0978E+00  5.2363E-01  5.3482E-01  2.0665E+00
  2.1118E+00  5.3505E-01  5.4517E-01  1.9917E+00
  2.1259E+00  5.4652E-01  5.5563E-01  1.9156E+00
  2.1401E+00  5.5803E-01  5.6620E-01  1.8381E+00
  2.1544E+00  5.6958E-01  5.7688E-01  1.7595E+00
  2.1688E+00  5.8117E-01  5.8767E-01  1.6798E+00
  2.1833E+00  5.9280E-01  5.9856E-01  1.5993E+00
  2.1979E+00  6.0448E-01  6.0955E-01  1.5179E+00
  2.2126E+00  6.1619E-01  6.2064E-01  1.4360E+00
  2.2273E+00  6.2795E-01  6.3183E-01  1.3536E+00
  2.2422E+00  6.3974E-01  6.4311E-01  1.2708E+00
  2.2572E+00  6.5158E-01  6.5448E-01  1.1880E+00
  2.2723E+00  6.6346E-01  6.6594E-01  1.1051E+00
  2.2874E+00  6.7538E-01  6.7749E-01  1.0224E+00
  2.3027E+00  6.8734E-01  6.8912E-01  9.4015E-01
  2.3181E+00  6.9934E-01  7.0083E-01  8.5928E-01
  2.3336E+00  7.1139E-01  7.1261E-01  7.8095E-01
  2.3492E+00  7.2347E-01  7.2448E-01  7.0539E-01
  2.3649E+00  7.3560E-01  7.3641E-01  6.3282E-01
  2.3806E+00  7.4776E-01  7.4841E-01  5.6348E-01
  2.3965E+00  7.5997E-01  7.6049E-01  4.9757E-01
  2.4126E+00  7.7222E-01  7.7262E-01  4.3530E-01
  2.4287E+00  7.8451E-01  7.8482E-01  3.7687E-01
  2.4449E+00  7.9685E-01  7.9707E-01  3.2244E-01
  2.4612E+00  8.0922E-01  8.0939E-01  2.7218E-01
  2.4777E+00  8.2164E-01  8.2176E-01  2.2622E-01
  2.4942E+00  8.3410E-01  8.3418E-01  1.8465E-01
  2.5109E+00  8.4660E-01  8.4666E-01  1.4754E-01
  2.5276E+00  8.5915E-01  8.5918E-01  1.1492E-01
  2.5445E+00  8.7173E-01  8.7176E-01  8.6780E-02
  2.5615E+00  8.8436E-01  8.8438E-01  6.3038E-02
  2.5786E+00  8.9704E-01  8.9704E-01  4.3573E-02
  2.5958E+00  9.0975E-01  9.0976E-01  2.8188E-02
  2.6132E+00  9.2251E-01  9.2252E-01  1.6614E-02
  2.6306E+00  9.3532E-01  9.3532E-01  8.4963E-03
  2.6482E+00  9.4817E-01  9.4817E-01  3.3840E-03
  2.6659E+00  9.6106E-01  9.6106E-01  7.2139E-04
  2.6837E+00  9.7399E-01  9.7399E-01 -1.6646E-04
  2.7016E+00  9.8697E-01  9.8697E-01  0.0000E+00
  2.7197E+00  1.0000E+00  1.0000E+00  0.0000E+00
  2.7378E+00  1.0131E+00  1.0131E+00  0.0000E+00
  2.7561E+00  1.0262E+00  1.0262E+00  0.0000E+00
  2.7745E+00  1.0394E+00  1.0394E+00  0.0000E+00
  2.7931E+00  1.0526E+00  1.0526E+00  0.0000E+00
  2.8117E+00  1.0658E+00  1.0658E+00  0.0000E+00
  2.8305E+00  1.0791E+00  1.0791E+00  0.0000E+00
  2.8494E+00  1.0925E+00  1.0925E+00  0.0000E+00
  2.8684E+00  1.1059E+00  1.1059E+00  0.0000E+00
  2.8876E+00  1.1193E+00  1.1193E+00  0.0000E+00
  2.9069E+00  1.1328E+00  1.1328E+00  0.0000E+00
  2.9263E+00  1.1463E+00  1.1463E+00  0.0000E+00
  2.9458E+00  1.1599E+00  1.1599E+00  0.0000E+00
  2.9655E+00  1.1736E+00  1.1736E+00  0.0000E+00
  2.9853E+00  1.1873E+00  1.1873E+00  0.0000E+00
  3.0052E+00  1.2010E+00  1.2010E+00  0.0000E+00
  3.0253E+00  1.2148E+00  1.2148E+00  0.0000E+00
  3.0455E+00  1.2286E+00  1.2286E+00  0.0000E+00
  3.0659E+00  1.2425E+00  1.2425E+00  0.0000E+00
  3.0863E+00  1.2565E+00  1.2565E+00  0.0000E+00
  3.1070E+00  1.2705E+00  1.2705E+00  0.0000E+00
  3.1277E+00  1.2845E+00  1.2845E+00  0.0000E+00
  3.1486E+00  1.2987E+00  1.2987E+00  0.0000E+00
  3.1696E+00  1.3128E+00  1.3128E+00  0.0000E+00
  3.1908E+00  1.3270E+00  1.3270E+00  0.0000E+00
  3.2121E+00  1.3413E+00  1.3413E+00  0.0000E+00
  3.2336E+00  1.3556E+00  1.3556E+00  0.0000E+00
  3.2552E+00  1.3700E+00  1.3700E+00  0.0000E+00
  3.2769E+00  1.3845E+00  1.3845E+00  0.0000E+00
  3.2988E+00  1.3990E+00  1.3990E+00  0.0000E+00
  3.3208E+00  1.4135E+00  1.4135E+00  0.0000E+00
  3.3430E+00  1.4282E+00  1.4282E+00  0.0000E+00
  3.3653E+00  1.4429E+00  1.4429E+00  0.0000E+00
  3.3878E+00  1.4576E+00  1.4576E+00  0.0000E+00
  3.4104E+00  1.4724E+00  1.4724E+00  0.0000E+00
  3.4332E+00  1.4873E+00  1.4873E+00  0.0000E+00
  3.4561E+00  1.5022E+00  1.5022E+00  0.0000E+00
  3.4792E+00  1.5172E+00  1.5172E+00  0.0000E+00
  3.5025E+00  1.5323E+00  1.5323E+00  0.0000E+00
  3.5258E+00  1.5474E+00  1.5474E+00  0.0000E+00
  3.5494E+00  1.5626E+00  1.5626E+00  0.0000E+00
  3.5731E+00  1.5779E+00  1.5779E+00  0.0000E+00
  3.5970E+00  1.5932E+00  1.5932E+00  0.0000E+00
  3.6210E+00  1.6086E+00  1.6086E+00  0.0000E+00
  3.6452E+00  1.6241E+00  1.6241E+00  0.0000E+00
  3.6695E+00  1.6397E+00  1.6397E+00  0.0000E+00
  3.6940E+00  1.6553E+00  1.6553E+00  0.0000E+00
  3.7187E+00  1.6710E+00  1.6710E+00  0.0000E+00
  3.7435E+00  1.6868E+00  1.6868E+00  0.0000E+00
  3.7685E+00  1.7027E+00  1.7027E+00  0.0000E+00
