 # l=           0 energy=  -5.0000000000000000     
  0.0000E+00 -0.0000E+00  0.0000E+00  0.0000E+00
  8.8912E-07 -6.6623E-08  6.3660E-06  7.9465E-06
  1.7842E-06 -1.3369E-07  1.2178E-05  1.5198E-05
  2.6852E-06 -2.0121E-07  1.7821E-05  2.2236E-05
  3.5923E-06 -2.6917E-07  2.3368E-05  2.9155E-05
  4.5054E-06 -3.3759E-07  2.8854E-05  3.5997E-05
  5.4246E-06 -4.0647E-07  3.4300E-05  4.2787E-05
  6.3499E-06 -4.7581E-07  3.9718E-05  4.9543E-05
  7.2815E-06 -5.4561E-07  4.5117E-05  5.6274E-05
  8.2192E-06 -6.1588E-07  5.0503E-05  6.2990E-05
  9.1632E-06 -6.8661E-07  5.5883E-05  6.9697E-05
  1.0114E-05 -7.5782E-07  6.1260E-05  7.6400E-05
  1.1070E-05 -8.2951E-07  6.6637E-05  8.3103E-05
  1.2033E-05 -9.0167E-07  7.2018E-05  8.9810E-05
  1.3003E-05 -9.7431E-07  7.7404E-05  9.6524E-05
  1.3979E-05 -1.0474E-06  8.2798E-05  1.0325E-04
  1.4961E-05 -1.1211E-06  8.8201E-05  1.0998E-04
  1.5950E-05 -1.1952E-06  9.3616E-05  1.1673E-04
  1.6946E-05 -1.2698E-06  9.9042E-05  1.2349E-04
  1.7948E-05 -1.3449E-06  1.0448E-04  1.3027E-04
  1.8957E-05 -1.4205E-06  1.0994E-04  1.3707E-04
  1.9973E-05 -1.4966E-06  1.1541E-04  1.4389E-04
  2.0995E-05 -1.5732E-06  1.2090E-04  1.5073E-04
  2.2025E-05 -1.6503E-06  1.2640E-04  1.5759E-04
  2.3061E-05 -1.7280E-06  1.3192E-04  1.6447E-04
  2.4104E-05 -1.8062E-06  1.3747E-04  1.7138E-04
  2.5154E-05 -1.8848E-06  1.4303E-04  1.7831E-04
  2.6211E-05 -1.9640E-06  1.4861E-04  1.8527E-04
  2.7275E-05 -2.0438E-06  1.5422E-04  1.9225E-04
  2.8347E-05 -2.1241E-06  1.5984E-04  1.9926E-04
  2.9425E-05 -2.2049E-06  1.6549E-04  2.0630E-04
  3.0511E-05 -2.2862E-06  1.7116E-04  2.1336E-04
  3.1604E-05 -2.3681E-06  1.7685E-04  2.2046E-04
  3.2704E-05 -2.4506E-06  1.8257E-04  2.2758E-04
  3.3811E-05 -2.5335E-06  1.8831E-04  2.3473E-04
  3.4926E-05 -2.6171E-06  1.9408E-04  2.4192E-04
  3.6049E-05 -2.7012E-06  1.9987E-04  2.4913E-04
  3.7179E-05 -2.7858E-06  2.0569E-04  2.5638E-04
  3.8316E-05 -2.8711E-06  2.1153E-04  2.6366E-04
  3.9461E-05 -2.9569E-06  2.1740E-04  2.7097E-04
  4.0614E-05 -3.0432E-06  2.2330E-04  2.7832E-04
  4.1774E-05 -3.1302E-06  2.2922E-04  2.8569E-04
  4.2942E-05 -3.2177E-06  2.3517E-04  2.9311E-04
  4.4118E-05 -3.3058E-06  2.4115E-04  3.0055E-04
  4.5302E-05 -3.3945E-06  2.4716E-04  3.0804E-04
  4.6494E-05 -3.4838E-06  2.5319E-04  3.1555E-04
  4.7693E-05 -3.5737E-06  2.5925E-04  3.2311E-04
  4.8901E-05 -3.6642E-06  2.6535E-04  3.3070E-04
  5.0117E-05 -3.7553E-06  2.7147E-04  3.3832E-04
  5.1340E-05 -3.8470E-06  2.7762E-04  3.4599E-04
  5.2572E-05 -3.9393E-06  2.8380E-04  3.5369E-04
  5.3813E-05 -4.0323E-06  2.9002E-04  3.6143E-04
  5.5061E-05 -4.1258E-06  2.9626E-04  3.6920E-04
  5.6318E-05 -4.2200E-06  3.0254E-04  3.7702E-04
  5.7583E-05 -4.3148E-06  3.0884E-04  3.8487E-04
  5.8857E-05 -4.4102E-06  3.1518E-04  3.9277E-04
  6.0139E-05 -4.5063E-06  3.2155E-04  4.0070E-04
  6.1430E-05 -4.6030E-06  3.2795E-04  4.0867E-04
  6.2729E-05 -4.7004E-06  3.3438E-04  4.1669E-04
  6.4037E-05 -4.7984E-06  3.4085E-04  4.2474E-04
  6.5354E-05 -4.8971E-06  3.4735E-04  4.3284E-04
  6.6680E-05 -4.9964E-06  3.5389E-04  4.4098E-04
  6.8014E-05 -5.0964E-06  3.6045E-04  4.4916E-04
  6.9358E-05 -5.1971E-06  3.6705E-04  4.5738E-04
  7.0710E-05 -5.2984E-06  3.7369E-04  4.6564E-04
  7.2071E-05 -5.4004E-06  3.8036E-04  4.7395E-04
  7.3442E-05 -5.5031E-06  3.8706E-04  4.8230E-04
  7.4821E-05 -5.6065E-06  3.9381E-04  4.9069E-04
  7.6210E-05 -5.7105E-06  4.0058E-04  4.9913E-04
  7.7608E-05 -5.8153E-06  4.0739E-04  5.0761E-04
  7.9016E-05 -5.9208E-06  4.1424E-04  5.1614E-04
  8.0433E-05 -6.0269E-06  4.2112E-04  5.2471E-04
  8.1859E-05 -6.1338E-06  4.2804E-04  5.3333E-04
  8.3295E-05 -6.2414E-06  4.3500E-04  5.4199E-04
  8.4740E-05 -6.3497E-06  4.4199E-04  5.5070E-04
  8.6195E-05 -6.4587E-06  4.4902E-04  5.5946E-04
  8.7660E-05 -6.5685E-06  4.5609E-04  5.6826E-04
  8.9135E-05 -6.6790E-06  4.6320E-04  5.7711E-04
  9.0619E-05 -6.7902E-06  4.7034E-04  5.8601E-04
  9.2113E-05 -6.9022E-06  4.7753E-04  5.9495E-04
  9.3618E-05 -7.0149E-06  4.8475E-04  6.0394E-04
  9.5132E-05 -7.1284E-06  4.9201E-04  6.1298E-04
  9.6656E-05 -7.2426E-06  4.9931E-04  6.2207E-04
  9.8191E-05 -7.3576E-06  5.0665E-04  6.3121E-04
  9.9736E-05 -7.4734E-06  5.1403E-04  6.4040E-04
  1.0129E-04 -7.5899E-06  5.2145E-04  6.4964E-04
  1.0286E-04 -7.7072E-06  5.2891E-04  6.5893E-04
  1.0443E-04 -7.8253E-06  5.3641E-04  6.6827E-04
  1.0602E-04 -7.9442E-06  5.4395E-04  6.7766E-04
  1.0762E-04 -8.0639E-06  5.5154E-04  6.8710E-04
  1.0922E-04 -8.1843E-06  5.5916E-04  6.9660E-04
  1.1084E-04 -8.3056E-06  5.6683E-04  7.0614E-04
  1.1247E-04 -8.4277E-06  5.7453E-04  7.1574E-04
  1.1411E-04 -8.5506E-06  5.8229E-04  7.2539E-04
  1.1576E-04 -8.6744E-06  5.9008E-04  7.3509E-04
  1.1743E-04 -8.7989E-06  5.9792E-04  7.4485E-04
  1.1910E-04 -8.9243E-06  6.0579E-04  7.5466E-04
  1.2078E-04 -9.0505E-06  6.1372E-04  7.6452E-04
  1.2248E-04 -9.1776E-06  6.2168E-04  7.7444E-04
  1.2419E-04 -9.3055E-06  6.2970E-04  7.8442E-04
  1.2591E-04 -9.4343E-06  6.3775E-04  7.9444E-04
  1.2764E-04 -9.5639E-06  6.4585E-04  8.0453E-04
  1.2938E-04 -9.6944E-06  6.5400E-04  8.1467E-04
  1.3113E-04 -9.8258E-06  6.6219E-04  8.2487E-04
  1.3290E-04 -9.9580E-06  6.7042E-04  8.3512E-04
  1.3467E-04 -1.0091E-05  6.7870E-04  8.4543E-04
  1.3646E-04 -1.0225E-05  6.8703E-04  8.5580E-04
  1.3826E-04 -1.0360E-05  6.9541E-04  8.6622E-04
  1.4007E-04 -1.0496E-05  7.0383E-04  8.7670E-04
  1.4190E-04 -1.0633E-05  7.1229E-04  8.8725E-04
  1.4373E-04 -1.0770E-05  7.2081E-04  8.9785E-04
  1.4558E-04 -1.0909E-05  7.2937E-04  9.0851E-04
  1.4745E-04 -1.1048E-05  7.3798E-04  9.1923E-04
  1.4932E-04 -1.1189E-05  7.4664E-04  9.3000E-04
  1.5121E-04 -1.1330E-05  7.5535E-04  9.4084E-04
  1.5310E-04 -1.1472E-05  7.6411E-04  9.5174E-04
  1.5502E-04 -1.1616E-05  7.7291E-04  9.6271E-04
  1.5694E-04 -1.1760E-05  7.8177E-04  9.7373E-04
  1.5888E-04 -1.1905E-05  7.9067E-04  9.8481E-04
  1.6083E-04 -1.2051E-05  7.9963E-04  9.9596E-04
  1.6279E-04 -1.2198E-05  8.0863E-04  1.0072E-03
  1.6477E-04 -1.2346E-05  8.1769E-04  1.0184E-03
  1.6676E-04 -1.2495E-05  8.2679E-04  1.0298E-03
  1.6876E-04 -1.2645E-05  8.3595E-04  1.0412E-03
  1.7078E-04 -1.2797E-05  8.4516E-04  1.0526E-03
  1.7281E-04 -1.2949E-05  8.5442E-04  1.0642E-03
  1.7485E-04 -1.3102E-05  8.6374E-04  1.0758E-03
  1.7691E-04 -1.3256E-05  8.7310E-04  1.0874E-03
  1.7898E-04 -1.3411E-05  8.8252E-04  1.0991E-03
  1.8106E-04 -1.3567E-05  8.9199E-04  1.1109E-03
  1.8316E-04 -1.3724E-05  9.0152E-04  1.1228E-03
  1.8527E-04 -1.3883E-05  9.1110E-04  1.1347E-03
  1.8740E-04 -1.4042E-05  9.2073E-04  1.1467E-03
  1.8954E-04 -1.4202E-05  9.3042E-04  1.1588E-03
  1.9169E-04 -1.4364E-05  9.4017E-04  1.1709E-03
  1.9386E-04 -1.4526E-05  9.4996E-04  1.1831E-03
  1.9605E-04 -1.4690E-05  9.5982E-04  1.1953E-03
  1.9825E-04 -1.4855E-05  9.6973E-04  1.2077E-03
  2.0046E-04 -1.5021E-05  9.7969E-04  1.2201E-03
  2.0269E-04 -1.5188E-05  9.8972E-04  1.2326E-03
  2.0493E-04 -1.5356E-05  9.9980E-04  1.2451E-03
  2.0719E-04 -1.5525E-05  1.0099E-03  1.2577E-03
  2.0946E-04 -1.5695E-05  1.0201E-03  1.2704E-03
  2.1175E-04 -1.5867E-05  1.0304E-03  1.2832E-03
  2.1405E-04 -1.6039E-05  1.0407E-03  1.2960E-03
  2.1637E-04 -1.6213E-05  1.0511E-03  1.3089E-03
  2.1870E-04 -1.6388E-05  1.0615E-03  1.3219E-03
  2.2105E-04 -1.6564E-05  1.0720E-03  1.3349E-03
  2.2342E-04 -1.6741E-05  1.0825E-03  1.3481E-03
  2.2580E-04 -1.6920E-05  1.0931E-03  1.3613E-03
  2.2820E-04 -1.7099E-05  1.1038E-03  1.3745E-03
  2.3061E-04 -1.7280E-05  1.1145E-03  1.3879E-03
  2.3304E-04 -1.7462E-05  1.1253E-03  1.4013E-03
  2.3549E-04 -1.7645E-05  1.1362E-03  1.4148E-03
  2.3795E-04 -1.7830E-05  1.1471E-03  1.4284E-03
  2.4043E-04 -1.8015E-05  1.1580E-03  1.4420E-03
  2.4292E-04 -1.8202E-05  1.1691E-03  1.4558E-03
  2.4543E-04 -1.8391E-05  1.1802E-03  1.4696E-03
  2.4796E-04 -1.8580E-05  1.1913E-03  1.4835E-03
  2.5051E-04 -1.8771E-05  1.2026E-03  1.4975E-03
  2.5307E-04 -1.8963E-05  1.2139E-03  1.5115E-03
  2.5565E-04 -1.9156E-05  1.2252E-03  1.5256E-03
  2.5824E-04 -1.9351E-05  1.2366E-03  1.5398E-03
  2.6086E-04 -1.9546E-05  1.2481E-03  1.5541E-03
  2.6349E-04 -1.9744E-05  1.2597E-03  1.5685E-03
  2.6614E-04 -1.9942E-05  1.2713E-03  1.5829E-03
  2.6880E-04 -2.0142E-05  1.2830E-03  1.5975E-03
  2.7149E-04 -2.0343E-05  1.2947E-03  1.6121E-03
  2.7419E-04 -2.0546E-05  1.3065E-03  1.6268E-03
  2.7691E-04 -2.0749E-05  1.3184E-03  1.6416E-03
  2.7965E-04 -2.0955E-05  1.3304E-03  1.6565E-03
  2.8241E-04 -2.1161E-05  1.3424E-03  1.6714E-03
  2.8518E-04 -2.1369E-05  1.3545E-03  1.6864E-03
  2.8798E-04 -2.1578E-05  1.3666E-03  1.7016E-03
  2.9079E-04 -2.1789E-05  1.3788E-03  1.7168E-03
  2.9362E-04 -2.2001E-05  1.3911E-03  1.7321E-03
  2.9647E-04 -2.2215E-05  1.4035E-03  1.7475E-03
  2.9934E-04 -2.2430E-05  1.4159E-03  1.7629E-03
  3.0223E-04 -2.2646E-05  1.4284E-03  1.7785E-03
  3.0513E-04 -2.2864E-05  1.4410E-03  1.7941E-03
  3.0806E-04 -2.3083E-05  1.4537E-03  1.8099E-03
  3.1101E-04 -2.3304E-05  1.4664E-03  1.8257E-03
  3.1397E-04 -2.3527E-05  1.4792E-03  1.8416E-03
  3.1696E-04 -2.3750E-05  1.4920E-03  1.8576E-03
  3.1997E-04 -2.3976E-05  1.5050E-03  1.8737E-03
  3.2299E-04 -2.4202E-05  1.5180E-03  1.8899E-03
  3.2604E-04 -2.4431E-05  1.5311E-03  1.9062E-03
  3.2911E-04 -2.4660E-05  1.5442E-03  1.9226E-03
  3.3219E-04 -2.4892E-05  1.5575E-03  1.9390E-03
  3.3530E-04 -2.5124E-05  1.5708E-03  1.9556E-03
  3.3843E-04 -2.5359E-05  1.5842E-03  1.9723E-03
  3.4158E-04 -2.5595E-05  1.5976E-03  1.9890E-03
  3.4475E-04 -2.5832E-05  1.6112E-03  2.0058E-03
  3.4794E-04 -2.6072E-05  1.6248E-03  2.0228E-03
  3.5115E-04 -2.6312E-05  1.6385E-03  2.0398E-03
  3.5439E-04 -2.6555E-05  1.6523E-03  2.0570E-03
  3.5764E-04 -2.6799E-05  1.6661E-03  2.0742E-03
  3.6092E-04 -2.7044E-05  1.6800E-03  2.0915E-03
  3.6422E-04 -2.7292E-05  1.6940E-03  2.1089E-03
  3.6754E-04 -2.7540E-05  1.7081E-03  2.1265E-03
  3.7089E-04 -2.7791E-05  1.7223E-03  2.1441E-03
  3.7425E-04 -2.8043E-05  1.7366E-03  2.1618E-03
  3.7764E-04 -2.8297E-05  1.7509E-03  2.1796E-03
  3.8105E-04 -2.8553E-05  1.7653E-03  2.1976E-03
  3.8449E-04 -2.8810E-05  1.7798E-03  2.2156E-03
  3.8794E-04 -2.9069E-05  1.7944E-03  2.2337E-03
  3.9142E-04 -2.9330E-05  1.8090E-03  2.2520E-03
  3.9493E-04 -2.9592E-05  1.8238E-03  2.2703E-03
  3.9845E-04 -2.9857E-05  1.8386E-03  2.2887E-03
  4.0200E-04 -3.0123E-05  1.8535E-03  2.3073E-03
  4.0558E-04 -3.0390E-05  1.8685E-03  2.3259E-03
  4.0917E-04 -3.0660E-05  1.8836E-03  2.3447E-03
  4.1280E-04 -3.0931E-05  1.8987E-03  2.3636E-03
  4.1644E-04 -3.1205E-05  1.9140E-03  2.3825E-03
  4.2011E-04 -3.1480E-05  1.9293E-03  2.4016E-03
  4.2381E-04 -3.1757E-05  1.9448E-03  2.4208E-03
  4.2753E-04 -3.2035E-05  1.9603E-03  2.4401E-03
  4.3127E-04 -3.2316E-05  1.9759E-03  2.4595E-03
  4.3504E-04 -3.2598E-05  1.9915E-03  2.4790E-03
  4.3884E-04 -3.2883E-05  2.0073E-03  2.4986E-03
  4.4266E-04 -3.3169E-05  2.0232E-03  2.5184E-03
  4.4650E-04 -3.3457E-05  2.0391E-03  2.5382E-03
  4.5037E-04 -3.3747E-05  2.0552E-03  2.5582E-03
  4.5427E-04 -3.4039E-05  2.0713E-03  2.5782E-03
  4.5819E-04 -3.4333E-05  2.0876E-03  2.5984E-03
  4.6214E-04 -3.4629E-05  2.1039E-03  2.6187E-03
  4.6612E-04 -3.4927E-05  2.1203E-03  2.6391E-03
  4.7012E-04 -3.5227E-05  2.1368E-03  2.6596E-03
  4.7415E-04 -3.5529E-05  2.1534E-03  2.6803E-03
  4.7820E-04 -3.5832E-05  2.1701E-03  2.7010E-03
  4.8229E-04 -3.6138E-05  2.1869E-03  2.7219E-03
  4.8640E-04 -3.6446E-05  2.2037E-03  2.7429E-03
  4.9053E-04 -3.6756E-05  2.2207E-03  2.7640E-03
  4.9470E-04 -3.7069E-05  2.2378E-03  2.7852E-03
  4.9889E-04 -3.7383E-05  2.2550E-03  2.8066E-03
  5.0311E-04 -3.7699E-05  2.2722E-03  2.8281E-03
  5.0736E-04 -3.8017E-05  2.2896E-03  2.8497E-03
  5.1164E-04 -3.8338E-05  2.3070E-03  2.8714E-03
  5.1595E-04 -3.8661E-05  2.3246E-03  2.8932E-03
  5.2028E-04 -3.8985E-05  2.3422E-03  2.9151E-03
  5.2465E-04 -3.9312E-05  2.3600E-03  2.9372E-03
  5.2904E-04 -3.9642E-05  2.3779E-03  2.9594E-03
  5.3346E-04 -3.9973E-05  2.3958E-03  2.9818E-03
  5.3791E-04 -4.0307E-05  2.4139E-03  3.0042E-03
  5.4239E-04 -4.0642E-05  2.4320E-03  3.0268E-03
  5.4691E-04 -4.0980E-05  2.4503E-03  3.0495E-03
  5.5145E-04 -4.1321E-05  2.4686E-03  3.0723E-03
  5.5602E-04 -4.1663E-05  2.4871E-03  3.0953E-03
  5.6062E-04 -4.2008E-05  2.5057E-03  3.1184E-03
  5.6526E-04 -4.2355E-05  2.5243E-03  3.1416E-03
  5.6992E-04 -4.2705E-05  2.5431E-03  3.1649E-03
  5.7462E-04 -4.3057E-05  2.5620E-03  3.1884E-03
  5.7934E-04 -4.3411E-05  2.5810E-03  3.2120E-03
  5.8410E-04 -4.3767E-05  2.6001E-03  3.2357E-03
  5.8889E-04 -4.4126E-05  2.6193E-03  3.2596E-03
  5.9371E-04 -4.4488E-05  2.6386E-03  3.2836E-03
  5.9857E-04 -4.4851E-05  2.6580E-03  3.3077E-03
  6.0345E-04 -4.5218E-05  2.6775E-03  3.3320E-03
  6.0837E-04 -4.5586E-05  2.6971E-03  3.3564E-03
  6.1333E-04 -4.5957E-05  2.7169E-03  3.3810E-03
  6.1831E-04 -4.6331E-05  2.7367E-03  3.4056E-03
  6.2333E-04 -4.6707E-05  2.7567E-03  3.4304E-03
  6.2838E-04 -4.7085E-05  2.7767E-03  3.4554E-03
  6.3347E-04 -4.7467E-05  2.7969E-03  3.4805E-03
  6.3859E-04 -4.7850E-05  2.8172E-03  3.5057E-03
  6.4374E-04 -4.8236E-05  2.8376E-03  3.5311E-03
  6.4893E-04 -4.8625E-05  2.8581E-03  3.5566E-03
  6.5415E-04 -4.9017E-05  2.8788E-03  3.5822E-03
  6.5941E-04 -4.9411E-05  2.8995E-03  3.6080E-03
  6.6470E-04 -4.9807E-05  2.9204E-03  3.6340E-03
  6.7003E-04 -5.0206E-05  2.9413E-03  3.6600E-03
  6.7540E-04 -5.0608E-05  2.9624E-03  3.6863E-03
  6.8080E-04 -5.1013E-05  2.9836E-03  3.7126E-03
  6.8623E-04 -5.1420E-05  3.0050E-03  3.7391E-03
  6.9170E-04 -5.1830E-05  3.0264E-03  3.7658E-03
  6.9721E-04 -5.2243E-05  3.0480E-03  3.7926E-03
  7.0276E-04 -5.2659E-05  3.0697E-03  3.8196E-03
  7.0834E-04 -5.3077E-05  3.0915E-03  3.8467E-03
  7.1396E-04 -5.3498E-05  3.1134E-03  3.8739E-03
  7.1962E-04 -5.3922E-05  3.1354E-03  3.9013E-03
  7.2531E-04 -5.4349E-05  3.1576E-03  3.9289E-03
  7.3105E-04 -5.4778E-05  3.1799E-03  3.9566E-03
  7.3682E-04 -5.5211E-05  3.2023E-03  3.9844E-03
  7.4263E-04 -5.5646E-05  3.2248E-03  4.0124E-03
  7.4848E-04 -5.6084E-05  3.2475E-03  4.0406E-03
  7.5437E-04 -5.6526E-05  3.2702E-03  4.0689E-03
  7.6029E-04 -5.6970E-05  3.2931E-03  4.0973E-03
  7.6626E-04 -5.7417E-05  3.3162E-03  4.1260E-03
  7.7227E-04 -5.7867E-05  3.3393E-03  4.1547E-03
  7.7831E-04 -5.8320E-05  3.3626E-03  4.1837E-03
  7.8440E-04 -5.8776E-05  3.3860E-03  4.2128E-03
  7.9053E-04 -5.9235E-05  3.4095E-03  4.2420E-03
  7.9670E-04 -5.9698E-05  3.4332E-03  4.2714E-03
  8.0291E-04 -6.0163E-05  3.4570E-03  4.3010E-03
  8.0916E-04 -6.0631E-05  3.4809E-03  4.3307E-03
  8.1545E-04 -6.1103E-05  3.5050E-03  4.3606E-03
  8.2179E-04 -6.1578E-05  3.5291E-03  4.3907E-03
  8.2816E-04 -6.2055E-05  3.5534E-03  4.4209E-03
  8.3458E-04 -6.2537E-05  3.5779E-03  4.4512E-03
  8.4105E-04 -6.3021E-05  3.6025E-03  4.4818E-03
  8.4755E-04 -6.3508E-05  3.6272E-03  4.5125E-03
  8.5410E-04 -6.3999E-05  3.6520E-03  4.5434E-03
  8.6070E-04 -6.4493E-05  3.6770E-03  4.5744E-03
  8.6733E-04 -6.4990E-05  3.7021E-03  4.6056E-03
  8.7402E-04 -6.5491E-05  3.7273E-03  4.6370E-03
  8.8074E-04 -6.5995E-05  3.7527E-03  4.6685E-03
  8.8751E-04 -6.6503E-05  3.7782E-03  4.7002E-03
  8.9433E-04 -6.7013E-05  3.8039E-03  4.7321E-03
  9.0119E-04 -6.7527E-05  3.8297E-03  4.7642E-03
  9.0810E-04 -6.8045E-05  3.8556E-03  4.7964E-03
  9.1505E-04 -6.8566E-05  3.8817E-03  4.8288E-03
  9.2205E-04 -6.9091E-05  3.9079E-03  4.8614E-03
  9.2910E-04 -6.9619E-05  3.9343E-03  4.8941E-03
  9.3620E-04 -7.0150E-05  3.9608E-03  4.9270E-03
  9.4334E-04 -7.0685E-05  3.9874E-03  4.9601E-03
  9.5053E-04 -7.1224E-05  4.0142E-03  4.9934E-03
  9.5776E-04 -7.1766E-05  4.0411E-03  5.0268E-03
  9.6505E-04 -7.2312E-05  4.0682E-03  5.0605E-03
  9.7238E-04 -7.2862E-05  4.0954E-03  5.0943E-03
  9.7977E-04 -7.3415E-05  4.1227E-03  5.1283E-03
  9.8720E-04 -7.3972E-05  4.1502E-03  5.1624E-03
  9.9468E-04 -7.4533E-05  4.1779E-03  5.1968E-03
  1.0022E-03 -7.5097E-05  4.2056E-03  5.2313E-03
  1.0098E-03 -7.5665E-05  4.2336E-03  5.2660E-03
  1.0174E-03 -7.6237E-05  4.2617E-03  5.3009E-03
  1.0251E-03 -7.6813E-05  4.2899E-03  5.3360E-03
  1.0328E-03 -7.7393E-05  4.3183E-03  5.3712E-03
  1.0406E-03 -7.7976E-05  4.3468E-03  5.4067E-03
  1.0485E-03 -7.8564E-05  4.3755E-03  5.4423E-03
  1.0564E-03 -7.9155E-05  4.4043E-03  5.4781E-03
  1.0643E-03 -7.9750E-05  4.4333E-03  5.5141E-03
  1.0723E-03 -8.0349E-05  4.4625E-03  5.5503E-03
  1.0804E-03 -8.0953E-05  4.4917E-03  5.5867E-03
  1.0885E-03 -8.1560E-05  4.5212E-03  5.6233E-03
  1.0966E-03 -8.2171E-05  4.5508E-03  5.6601E-03
  1.1048E-03 -8.2787E-05  4.5805E-03  5.6970E-03
  1.1131E-03 -8.3406E-05  4.6104E-03  5.7342E-03
  1.1214E-03 -8.4030E-05  4.6405E-03  5.7715E-03
  1.1298E-03 -8.4658E-05  4.6707E-03  5.8090E-03
  1.1382E-03 -8.5290E-05  4.7011E-03  5.8468E-03
  1.1467E-03 -8.5926E-05  4.7316E-03  5.8847E-03
  1.1553E-03 -8.6567E-05  4.7623E-03  5.9228E-03
  1.1639E-03 -8.7211E-05  4.7932E-03  5.9611E-03
  1.1725E-03 -8.7860E-05  4.8242E-03  5.9997E-03
  1.1813E-03 -8.8514E-05  4.8554E-03  6.0384E-03
  1.1900E-03 -8.9172E-05  4.8867E-03  6.0773E-03
  1.1989E-03 -8.9834E-05  4.9182E-03  6.1164E-03
  1.2078E-03 -9.0500E-05  4.9498E-03  6.1557E-03
  1.2167E-03 -9.1171E-05  4.9816E-03  6.1952E-03
  1.2257E-03 -9.1847E-05  5.0136E-03  6.2349E-03
  1.2348E-03 -9.2527E-05  5.0458E-03  6.2749E-03
  1.2440E-03 -9.3211E-05  5.0781E-03  6.3150E-03
  1.2532E-03 -9.3901E-05  5.1106E-03  6.3553E-03
  1.2624E-03 -9.4594E-05  5.1432E-03  6.3958E-03
  1.2717E-03 -9.5293E-05  5.1760E-03  6.4366E-03
  1.2811E-03 -9.5996E-05  5.2090E-03  6.4775E-03
  1.2906E-03 -9.6704E-05  5.2421E-03  6.5187E-03
  1.3001E-03 -9.7416E-05  5.2754E-03  6.5600E-03
  1.3096E-03 -9.8133E-05  5.3089E-03  6.6016E-03
  1.3193E-03 -9.8855E-05  5.3425E-03  6.6434E-03
  1.3290E-03 -9.9582E-05  5.3764E-03  6.6854E-03
  1.3387E-03 -1.0031E-04  5.4103E-03  6.7276E-03
  1.3486E-03 -1.0105E-04  5.4445E-03  6.7700E-03
  1.3585E-03 -1.0179E-04  5.4788E-03  6.8126E-03
  1.3684E-03 -1.0254E-04  5.5133E-03  6.8555E-03
  1.3785E-03 -1.0329E-04  5.5480E-03  6.8985E-03
  1.3886E-03 -1.0405E-04  5.5829E-03  6.9418E-03
  1.3987E-03 -1.0481E-04  5.6179E-03  6.9853E-03
  1.4089E-03 -1.0557E-04  5.6531E-03  7.0290E-03
  1.4192E-03 -1.0635E-04  5.6884E-03  7.0729E-03
  1.4296E-03 -1.0712E-04  5.7240E-03  7.1170E-03
  1.4401E-03 -1.0790E-04  5.7597E-03  7.1613E-03
  1.4506E-03 -1.0869E-04  5.7956E-03  7.2059E-03
  1.4611E-03 -1.0948E-04  5.8317E-03  7.2507E-03
  1.4718E-03 -1.1028E-04  5.8679E-03  7.2957E-03
  1.4825E-03 -1.1109E-04  5.9044E-03  7.3409E-03
  1.4933E-03 -1.1189E-04  5.9410E-03  7.3864E-03
  1.5042E-03 -1.1271E-04  5.9778E-03  7.4321E-03
  1.5151E-03 -1.1353E-04  6.0148E-03  7.4780E-03
  1.5261E-03 -1.1435E-04  6.0519E-03  7.5241E-03
  1.5372E-03 -1.1518E-04  6.0892E-03  7.5704E-03
  1.5483E-03 -1.1602E-04  6.1268E-03  7.6170E-03
  1.5596E-03 -1.1686E-04  6.1645E-03  7.6638E-03
  1.5709E-03 -1.1771E-04  6.2023E-03  7.7108E-03
  1.5823E-03 -1.1856E-04  6.2404E-03  7.7580E-03
  1.5937E-03 -1.1942E-04  6.2787E-03  7.8055E-03
  1.6052E-03 -1.2028E-04  6.3171E-03  7.8532E-03
  1.6168E-03 -1.2115E-04  6.3557E-03  7.9011E-03
  1.6285E-03 -1.2203E-04  6.3945E-03  7.9493E-03
  1.6403E-03 -1.2291E-04  6.4335E-03  7.9977E-03
  1.6521E-03 -1.2380E-04  6.4727E-03  8.0463E-03
  1.6641E-03 -1.2469E-04  6.5120E-03  8.0952E-03
  1.6761E-03 -1.2559E-04  6.5516E-03  8.1442E-03
  1.6882E-03 -1.2650E-04  6.5913E-03  8.1936E-03
  1.7003E-03 -1.2741E-04  6.6313E-03  8.2431E-03
  1.7126E-03 -1.2832E-04  6.6714E-03  8.2929E-03
  1.7249E-03 -1.2925E-04  6.7117E-03  8.3429E-03
  1.7373E-03 -1.3018E-04  6.7522E-03  8.3932E-03
  1.7498E-03 -1.3111E-04  6.7929E-03  8.4436E-03
  1.7624E-03 -1.3206E-04  6.8338E-03  8.4944E-03
  1.7750E-03 -1.3300E-04  6.8748E-03  8.5453E-03
  1.7878E-03 -1.3396E-04  6.9161E-03  8.5965E-03
  1.8006E-03 -1.3492E-04  6.9575E-03  8.6479E-03
  1.8135E-03 -1.3589E-04  6.9992E-03  8.6996E-03
  1.8265E-03 -1.3686E-04  7.0410E-03  8.7515E-03
  1.8396E-03 -1.3784E-04  7.0830E-03  8.8037E-03
  1.8528E-03 -1.3883E-04  7.1253E-03  8.8560E-03
  1.8660E-03 -1.3982E-04  7.1677E-03  8.9087E-03
  1.8794E-03 -1.4082E-04  7.2103E-03  8.9615E-03
  1.8928E-03 -1.4183E-04  7.2531E-03  9.0146E-03
  1.9064E-03 -1.4285E-04  7.2961E-03  9.0680E-03
  1.9200E-03 -1.4387E-04  7.3393E-03  9.1216E-03
  1.9337E-03 -1.4489E-04  7.3827E-03  9.1754E-03
  1.9475E-03 -1.4593E-04  7.4263E-03  9.2295E-03
  1.9614E-03 -1.4697E-04  7.4701E-03  9.2838E-03
  1.9754E-03 -1.4802E-04  7.5141E-03  9.3383E-03
  1.9895E-03 -1.4907E-04  7.5583E-03  9.3931E-03
  2.0036E-03 -1.5013E-04  7.6027E-03  9.4482E-03
  2.0179E-03 -1.5120E-04  7.6472E-03  9.5035E-03
  2.0323E-03 -1.5228E-04  7.6920E-03  9.5590E-03
  2.0467E-03 -1.5336E-04  7.7370E-03  9.6148E-03
  2.0613E-03 -1.5446E-04  7.7822E-03  9.6708E-03
  2.0760E-03 -1.5555E-04  7.8276E-03  9.7271E-03
  2.0907E-03 -1.5666E-04  7.8731E-03  9.7836E-03
  2.1056E-03 -1.5777E-04  7.9189E-03  9.8404E-03
  2.1205E-03 -1.5889E-04  7.9649E-03  9.8974E-03
  2.1356E-03 -1.6002E-04  8.0111E-03  9.9547E-03
  2.1507E-03 -1.6116E-04  8.0574E-03  1.0012E-02
  2.1660E-03 -1.6230E-04  8.1040E-03  1.0070E-02
  2.1813E-03 -1.6345E-04  8.1508E-03  1.0128E-02
  2.1968E-03 -1.6461E-04  8.1978E-03  1.0186E-02
  2.2123E-03 -1.6577E-04  8.2450E-03  1.0245E-02
  2.2280E-03 -1.6695E-04  8.2924E-03  1.0303E-02
  2.2438E-03 -1.6813E-04  8.3399E-03  1.0362E-02
  2.2597E-03 -1.6932E-04  8.3877E-03  1.0422E-02
  2.2756E-03 -1.7052E-04  8.4357E-03  1.0481E-02
  2.2917E-03 -1.7172E-04  8.4839E-03  1.0541E-02
  2.3079E-03 -1.7293E-04  8.5323E-03  1.0601E-02
  2.3242E-03 -1.7416E-04  8.5809E-03  1.0661E-02
  2.3406E-03 -1.7539E-04  8.6297E-03  1.0722E-02
  2.3572E-03 -1.7662E-04  8.6787E-03  1.0782E-02
  2.3738E-03 -1.7787E-04  8.7279E-03  1.0843E-02
  2.3905E-03 -1.7912E-04  8.7773E-03  1.0905E-02
  2.4074E-03 -1.8039E-04  8.8270E-03  1.0966E-02
  2.4243E-03 -1.8166E-04  8.8768E-03  1.1028E-02
  2.4414E-03 -1.8294E-04  8.9268E-03  1.1090E-02
  2.4586E-03 -1.8423E-04  8.9770E-03  1.1152E-02
  2.4759E-03 -1.8552E-04  9.0274E-03  1.1215E-02
  2.4934E-03 -1.8683E-04  9.0781E-03  1.1277E-02
  2.5109E-03 -1.8814E-04  9.1289E-03  1.1340E-02
  2.5286E-03 -1.8947E-04  9.1800E-03  1.1403E-02
  2.5463E-03 -1.9080E-04  9.2312E-03  1.1467E-02
  2.5642E-03 -1.9214E-04  9.2826E-03  1.1531E-02
  2.5822E-03 -1.9349E-04  9.3343E-03  1.1595E-02
  2.6004E-03 -1.9485E-04  9.3861E-03  1.1659E-02
  2.6186E-03 -1.9622E-04  9.4382E-03  1.1723E-02
  2.6370E-03 -1.9759E-04  9.4904E-03  1.1788E-02
  2.6555E-03 -1.9898E-04  9.5429E-03  1.1853E-02
  2.6741E-03 -2.0037E-04  9.5955E-03  1.1918E-02
  2.6929E-03 -2.0178E-04  9.6484E-03  1.1984E-02
  2.7118E-03 -2.0319E-04  9.7015E-03  1.2050E-02
  2.7308E-03 -2.0462E-04  9.7547E-03  1.2116E-02
  2.7499E-03 -2.0605E-04  9.8082E-03  1.2182E-02
  2.7691E-03 -2.0749E-04  9.8619E-03  1.2248E-02
  2.7885E-03 -2.0895E-04  9.9157E-03  1.2315E-02
  2.8080E-03 -2.1041E-04  9.9698E-03  1.2382E-02
  2.8277E-03 -2.1188E-04  1.0024E-02  1.2449E-02
  2.8475E-03 -2.1336E-04  1.0079E-02  1.2517E-02
  2.8674E-03 -2.1485E-04  1.0133E-02  1.2584E-02
  2.8874E-03 -2.1635E-04  1.0188E-02  1.2652E-02
  2.9076E-03 -2.1787E-04  1.0243E-02  1.2720E-02
  2.9279E-03 -2.1939E-04  1.0298E-02  1.2789E-02
  2.9483E-03 -2.2092E-04  1.0354E-02  1.2857E-02
  2.9689E-03 -2.2246E-04  1.0410E-02  1.2926E-02
  2.9896E-03 -2.2401E-04  1.0465E-02  1.2995E-02
  3.0105E-03 -2.2558E-04  1.0521E-02  1.3065E-02
  3.0315E-03 -2.2715E-04  1.0578E-02  1.3134E-02
  3.0526E-03 -2.2873E-04  1.0634E-02  1.3204E-02
  3.0739E-03 -2.3033E-04  1.0691E-02  1.3274E-02
  3.0953E-03 -2.3193E-04  1.0748E-02  1.3345E-02
  3.1169E-03 -2.3355E-04  1.0805E-02  1.3415E-02
  3.1386E-03 -2.3517E-04  1.0862E-02  1.3486E-02
  3.1604E-03 -2.3681E-04  1.0919E-02  1.3557E-02
  3.1824E-03 -2.3846E-04  1.0977E-02  1.3629E-02
  3.2046E-03 -2.4012E-04  1.1035E-02  1.3700E-02
  3.2269E-03 -2.4179E-04  1.1093E-02  1.3772E-02
  3.2493E-03 -2.4347E-04  1.1151E-02  1.3844E-02
  3.2719E-03 -2.4516E-04  1.1209E-02  1.3916E-02
  3.2946E-03 -2.4687E-04  1.1268E-02  1.3988E-02
  3.3175E-03 -2.4858E-04  1.1326E-02  1.4061E-02
  3.3406E-03 -2.5031E-04  1.1385E-02  1.4134E-02
  3.3638E-03 -2.5205E-04  1.1444E-02  1.4207E-02
  3.3871E-03 -2.5380E-04  1.1504E-02  1.4280E-02
  3.4106E-03 -2.5556E-04  1.1563E-02  1.4354E-02
  3.4343E-03 -2.5733E-04  1.1623E-02  1.4428E-02
  3.4581E-03 -2.5912E-04  1.1683E-02  1.4502E-02
  3.4821E-03 -2.6091E-04  1.1743E-02  1.4576E-02
  3.5062E-03 -2.6272E-04  1.1803E-02  1.4650E-02
  3.5306E-03 -2.6454E-04  1.1863E-02  1.4725E-02
  3.5550E-03 -2.6638E-04  1.1924E-02  1.4800E-02
  3.5797E-03 -2.6822E-04  1.1985E-02  1.4875E-02
  3.6044E-03 -2.7008E-04  1.2046E-02  1.4950E-02
  3.6294E-03 -2.7195E-04  1.2107E-02  1.5026E-02
  3.6545E-03 -2.7383E-04  1.2168E-02  1.5102E-02
  3.6798E-03 -2.7573E-04  1.2229E-02  1.5178E-02
  3.7053E-03 -2.7764E-04  1.2291E-02  1.5254E-02
  3.7309E-03 -2.7956E-04  1.2353E-02  1.5330E-02
  3.7567E-03 -2.8149E-04  1.2415E-02  1.5407E-02
  3.7827E-03 -2.8344E-04  1.2477E-02  1.5483E-02
  3.8089E-03 -2.8540E-04  1.2539E-02  1.5560E-02
  3.8352E-03 -2.8737E-04  1.2601E-02  1.5637E-02
  3.8617E-03 -2.8936E-04  1.2664E-02  1.5715E-02
  3.8884E-03 -2.9136E-04  1.2727E-02  1.5792E-02
  3.9152E-03 -2.9337E-04  1.2790E-02  1.5870E-02
  3.9423E-03 -2.9539E-04  1.2853E-02  1.5948E-02
  3.9695E-03 -2.9743E-04  1.2916E-02  1.6026E-02
  3.9969E-03 -2.9949E-04  1.2979E-02  1.6104E-02
  4.0245E-03 -3.0155E-04  1.3043E-02  1.6183E-02
  4.0522E-03 -3.0363E-04  1.3106E-02  1.6261E-02
  4.0802E-03 -3.0573E-04  1.3170E-02  1.6340E-02
  4.1083E-03 -3.0784E-04  1.3234E-02  1.6419E-02
  4.1367E-03 -3.0996E-04  1.3298E-02  1.6498E-02
  4.1652E-03 -3.1210E-04  1.3362E-02  1.6577E-02
  4.1939E-03 -3.1425E-04  1.3427E-02  1.6657E-02
  4.2228E-03 -3.1641E-04  1.3491E-02  1.6737E-02
  4.2519E-03 -3.1859E-04  1.3556E-02  1.6816E-02
  4.2812E-03 -3.2079E-04  1.3621E-02  1.6896E-02
  4.3107E-03 -3.2299E-04  1.3686E-02  1.6977E-02
  4.3403E-03 -3.2522E-04  1.3751E-02  1.7057E-02
  4.3702E-03 -3.2746E-04  1.3816E-02  1.7137E-02
  4.4003E-03 -3.2971E-04  1.3881E-02  1.7218E-02
  4.4306E-03 -3.3198E-04  1.3947E-02  1.7299E-02
  4.4610E-03 -3.3426E-04  1.4012E-02  1.7379E-02
  4.4917E-03 -3.3656E-04  1.4078E-02  1.7460E-02
  4.5226E-03 -3.3888E-04  1.4144E-02  1.7542E-02
  4.5537E-03 -3.4120E-04  1.4210E-02  1.7623E-02
  4.5850E-03 -3.4355E-04  1.4276E-02  1.7704E-02
  4.6165E-03 -3.4591E-04  1.4342E-02  1.7786E-02
  4.6482E-03 -3.4829E-04  1.4408E-02  1.7868E-02
  4.6802E-03 -3.5068E-04  1.4474E-02  1.7949E-02
  4.7123E-03 -3.5309E-04  1.4541E-02  1.8031E-02
  4.7447E-03 -3.5551E-04  1.4607E-02  1.8113E-02
  4.7773E-03 -3.5795E-04  1.4674E-02  1.8195E-02
  4.8100E-03 -3.6041E-04  1.4741E-02  1.8278E-02
  4.8431E-03 -3.6288E-04  1.4807E-02  1.8360E-02
  4.8763E-03 -3.6537E-04  1.4874E-02  1.8442E-02
  4.9098E-03 -3.6788E-04  1.4941E-02  1.8525E-02
  4.9434E-03 -3.7040E-04  1.5008E-02  1.8607E-02
  4.9773E-03 -3.7295E-04  1.5075E-02  1.8690E-02
  5.0115E-03 -3.7550E-04  1.5143E-02  1.8773E-02
  5.0458E-03 -3.7808E-04  1.5210E-02  1.8856E-02
  5.0804E-03 -3.8067E-04  1.5277E-02  1.8939E-02
  5.1152E-03 -3.8328E-04  1.5345E-02  1.9022E-02
  5.1503E-03 -3.8590E-04  1.5412E-02  1.9105E-02
  5.1856E-03 -3.8855E-04  1.5480E-02  1.9188E-02
  5.2211E-03 -3.9121E-04  1.5547E-02  1.9271E-02
  5.2569E-03 -3.9389E-04  1.5615E-02  1.9354E-02
  5.2928E-03 -3.9658E-04  1.5682E-02  1.9438E-02
  5.3291E-03 -3.9930E-04  1.5750E-02  1.9521E-02
  5.3656E-03 -4.0203E-04  1.5818E-02  1.9604E-02
  5.4023E-03 -4.0478E-04  1.5886E-02  1.9688E-02
  5.4393E-03 -4.0755E-04  1.5953E-02  1.9771E-02
  5.4765E-03 -4.1034E-04  1.6021E-02  1.9854E-02
  5.5139E-03 -4.1315E-04  1.6089E-02  1.9938E-02
  5.5517E-03 -4.1597E-04  1.6157E-02  2.0021E-02
  5.5896E-03 -4.1882E-04  1.6225E-02  2.0105E-02
  5.6278E-03 -4.2168E-04  1.6293E-02  2.0188E-02
  5.6663E-03 -4.2457E-04  1.6361E-02  2.0272E-02
  5.7051E-03 -4.2747E-04  1.6429E-02  2.0355E-02
  5.7440E-03 -4.3039E-04  1.6497E-02  2.0439E-02
  5.7833E-03 -4.3333E-04  1.6564E-02  2.0522E-02
  5.8228E-03 -4.3629E-04  1.6632E-02  2.0606E-02
  5.8626E-03 -4.3927E-04  1.6700E-02  2.0689E-02
  5.9026E-03 -4.4227E-04  1.6768E-02  2.0772E-02
  5.9429E-03 -4.4529E-04  1.6836E-02  2.0856E-02
  5.9835E-03 -4.4833E-04  1.6904E-02  2.0939E-02
  6.0244E-03 -4.5139E-04  1.6971E-02  2.1022E-02
  6.0655E-03 -4.5447E-04  1.7039E-02  2.1105E-02
  6.1069E-03 -4.5757E-04  1.7107E-02  2.1188E-02
  6.1486E-03 -4.6070E-04  1.7174E-02  2.1271E-02
  6.1905E-03 -4.6384E-04  1.7242E-02  2.1354E-02
  6.2328E-03 -4.6700E-04  1.7310E-02  2.1437E-02
  6.2753E-03 -4.7019E-04  1.7377E-02  2.1519E-02
  6.3181E-03 -4.7339E-04  1.7444E-02  2.1602E-02
  6.3612E-03 -4.7662E-04  1.7512E-02  2.1685E-02
  6.4045E-03 -4.7987E-04  1.7579E-02  2.1767E-02
  6.4482E-03 -4.8314E-04  1.7646E-02  2.1849E-02
  6.4921E-03 -4.8644E-04  1.7713E-02  2.1931E-02
  6.5364E-03 -4.8975E-04  1.7780E-02  2.2013E-02
  6.5809E-03 -4.9309E-04  1.7847E-02  2.2095E-02
  6.6258E-03 -4.9645E-04  1.7913E-02  2.2177E-02
  6.6709E-03 -4.9983E-04  1.7980E-02  2.2258E-02
  6.7164E-03 -5.0323E-04  1.8047E-02  2.2340E-02
  6.7621E-03 -5.0666E-04  1.8113E-02  2.2421E-02
  6.8082E-03 -5.1011E-04  1.8179E-02  2.2502E-02
  6.8545E-03 -5.1358E-04  1.8245E-02  2.2583E-02
  6.9012E-03 -5.1708E-04  1.8311E-02  2.2663E-02
  6.9482E-03 -5.2060E-04  1.8377E-02  2.2744E-02
  6.9955E-03 -5.2414E-04  1.8443E-02  2.2824E-02
  7.0431E-03 -5.2771E-04  1.8508E-02  2.2904E-02
  7.0910E-03 -5.3130E-04  1.8573E-02  2.2984E-02
  7.1392E-03 -5.3491E-04  1.8638E-02  2.3063E-02
  7.1878E-03 -5.3855E-04  1.8703E-02  2.3142E-02
  7.2367E-03 -5.4221E-04  1.8768E-02  2.3221E-02
  7.2859E-03 -5.4590E-04  1.8832E-02  2.3300E-02
  7.3355E-03 -5.4961E-04  1.8897E-02  2.3379E-02
  7.3853E-03 -5.5335E-04  1.8961E-02  2.3457E-02
  7.4356E-03 -5.5711E-04  1.9025E-02  2.3535E-02
  7.4861E-03 -5.6090E-04  1.9088E-02  2.3612E-02
  7.5370E-03 -5.6471E-04  1.9152E-02  2.3689E-02
  7.5882E-03 -5.6855E-04  1.9215E-02  2.3766E-02
  7.6398E-03 -5.7241E-04  1.9278E-02  2.3843E-02
  7.6917E-03 -5.7630E-04  1.9340E-02  2.3919E-02
  7.7440E-03 -5.8021E-04  1.9403E-02  2.3995E-02
  7.7966E-03 -5.8416E-04  1.9465E-02  2.4071E-02
  7.8495E-03 -5.8812E-04  1.9526E-02  2.4146E-02
  7.9028E-03 -5.9212E-04  1.9588E-02  2.4221E-02
  7.9565E-03 -5.9614E-04  1.9649E-02  2.4295E-02
  8.0105E-03 -6.0018E-04  1.9710E-02  2.4369E-02
  8.0649E-03 -6.0426E-04  1.9771E-02  2.4442E-02
  8.1197E-03 -6.0836E-04  1.9831E-02  2.4516E-02
  8.1748E-03 -6.1249E-04  1.9891E-02  2.4588E-02
  8.2303E-03 -6.1665E-04  1.9950E-02  2.4660E-02
  8.2861E-03 -6.2083E-04  2.0010E-02  2.4732E-02
  8.3424E-03 -6.2504E-04  2.0068E-02  2.4804E-02
  8.3990E-03 -6.2928E-04  2.0127E-02  2.4874E-02
  8.4560E-03 -6.3355E-04  2.0185E-02  2.4945E-02
  8.5133E-03 -6.3785E-04  2.0243E-02  2.5015E-02
  8.5711E-03 -6.4217E-04  2.0300E-02  2.5084E-02
  8.6292E-03 -6.4653E-04  2.0357E-02  2.5153E-02
  8.6877E-03 -6.5091E-04  2.0413E-02  2.5221E-02
  8.7466E-03 -6.5532E-04  2.0469E-02  2.5289E-02
  8.8059E-03 -6.5977E-04  2.0525E-02  2.5356E-02
  8.8656E-03 -6.6424E-04  2.0580E-02  2.5422E-02
  8.9257E-03 -6.6874E-04  2.0635E-02  2.5488E-02
  8.9862E-03 -6.7327E-04  2.0689E-02  2.5554E-02
  9.0471E-03 -6.7783E-04  2.0743E-02  2.5618E-02
  9.1085E-03 -6.8243E-04  2.0796E-02  2.5683E-02
  9.1702E-03 -6.8705E-04  2.0849E-02  2.5746E-02
  9.2323E-03 -6.9170E-04  2.0901E-02  2.5809E-02
  9.2949E-03 -6.9639E-04  2.0953E-02  2.5871E-02
  9.3578E-03 -7.0110E-04  2.1004E-02  2.5932E-02
  9.4212E-03 -7.0585E-04  2.1055E-02  2.5993E-02
  9.4850E-03 -7.1063E-04  2.1105E-02  2.6053E-02
  9.5493E-03 -7.1544E-04  2.1155E-02  2.6113E-02
  9.6139E-03 -7.2029E-04  2.1204E-02  2.6171E-02
  9.6790E-03 -7.2516E-04  2.1252E-02  2.6229E-02
  9.7446E-03 -7.3007E-04  2.1300E-02  2.6286E-02
  9.8105E-03 -7.3501E-04  2.1348E-02  2.6343E-02
  9.8769E-03 -7.3999E-04  2.1394E-02  2.6398E-02
  9.9438E-03 -7.4499E-04  2.1440E-02  2.6453E-02
  1.0011E-02 -7.5003E-04  2.1486E-02  2.6507E-02
  1.0079E-02 -7.5511E-04  2.1530E-02  2.6560E-02
  1.0147E-02 -7.6022E-04  2.1574E-02  2.6612E-02
  1.0216E-02 -7.6536E-04  2.1618E-02  2.6664E-02
  1.0285E-02 -7.7054E-04  2.1660E-02  2.6714E-02
  1.0354E-02 -7.7575E-04  2.1703E-02  2.6764E-02
  1.0424E-02 -7.8099E-04  2.1744E-02  2.6812E-02
  1.0495E-02 -7.8627E-04  2.1784E-02  2.6860E-02
  1.0566E-02 -7.9159E-04  2.1824E-02  2.6907E-02
  1.0637E-02 -7.9694E-04  2.1863E-02  2.6953E-02
  1.0709E-02 -8.0233E-04  2.1902E-02  2.6998E-02
  1.0782E-02 -8.0775E-04  2.1939E-02  2.7041E-02
  1.0855E-02 -8.1321E-04  2.1976E-02  2.7084E-02
  1.0928E-02 -8.1871E-04  2.2012E-02  2.7126E-02
  1.1002E-02 -8.2424E-04  2.2047E-02  2.7167E-02
  1.1076E-02 -8.2981E-04  2.2081E-02  2.7207E-02
  1.1151E-02 -8.3541E-04  2.2115E-02  2.7245E-02
  1.1226E-02 -8.4106E-04  2.2148E-02  2.7283E-02
  1.1302E-02 -8.4674E-04  2.2179E-02  2.7320E-02
  1.1379E-02 -8.5246E-04  2.2210E-02  2.7355E-02
  1.1456E-02 -8.5822E-04  2.2240E-02  2.7389E-02
  1.1533E-02 -8.6401E-04  2.2270E-02  2.7422E-02
  1.1611E-02 -8.6985E-04  2.2298E-02  2.7454E-02
  1.1689E-02 -8.7572E-04  2.2325E-02  2.7485E-02
  1.1768E-02 -8.8163E-04  2.2351E-02  2.7514E-02
  1.1848E-02 -8.8759E-04  2.2377E-02  2.7543E-02
  1.1928E-02 -8.9358E-04  2.2401E-02  2.7570E-02
  1.2008E-02 -8.9961E-04  2.2424E-02  2.7595E-02
  1.2089E-02 -9.0568E-04  2.2447E-02  2.7620E-02
  1.2171E-02 -9.1180E-04  2.2468E-02  2.7643E-02
  1.2253E-02 -9.1795E-04  2.2489E-02  2.7665E-02
  1.2336E-02 -9.2414E-04  2.2508E-02  2.7685E-02
  1.2419E-02 -9.3038E-04  2.2526E-02  2.7705E-02
  1.2503E-02 -9.3666E-04  2.2543E-02  2.7722E-02
  1.2587E-02 -9.4298E-04  2.2559E-02  2.7739E-02
  1.2672E-02 -9.4934E-04  2.2574E-02  2.7754E-02
  1.2758E-02 -9.5574E-04  2.2588E-02  2.7767E-02
  1.2844E-02 -9.6219E-04  2.2601E-02  2.7779E-02
  1.2931E-02 -9.6868E-04  2.2612E-02  2.7790E-02
  1.3018E-02 -9.7521E-04  2.2623E-02  2.7799E-02
  1.3106E-02 -9.8179E-04  2.2632E-02  2.7807E-02
  1.3194E-02 -9.8841E-04  2.2640E-02  2.7813E-02
  1.3283E-02 -9.9507E-04  2.2647E-02  2.7817E-02
  1.3373E-02 -1.0018E-03  2.2652E-02  2.7820E-02
  1.3463E-02 -1.0085E-03  2.2657E-02  2.7822E-02
  1.3554E-02 -1.0153E-03  2.2660E-02  2.7821E-02
  1.3645E-02 -1.0222E-03  2.2662E-02  2.7820E-02
  1.3737E-02 -1.0291E-03  2.2662E-02  2.7816E-02
  1.3830E-02 -1.0360E-03  2.2661E-02  2.7811E-02
  1.3923E-02 -1.0430E-03  2.2659E-02  2.7804E-02
  1.4017E-02 -1.0500E-03  2.2656E-02  2.7795E-02
  1.4112E-02 -1.0571E-03  2.2651E-02  2.7785E-02
  1.4207E-02 -1.0642E-03  2.2645E-02  2.7773E-02
  1.4302E-02 -1.0714E-03  2.2637E-02  2.7759E-02
  1.4399E-02 -1.0786E-03  2.2628E-02  2.7744E-02
  1.4496E-02 -1.0859E-03  2.2617E-02  2.7726E-02
  1.4594E-02 -1.0932E-03  2.2606E-02  2.7707E-02
  1.4692E-02 -1.1005E-03  2.2592E-02  2.7686E-02
  1.4791E-02 -1.1080E-03  2.2578E-02  2.7663E-02
  1.4891E-02 -1.1154E-03  2.2561E-02  2.7638E-02
  1.4991E-02 -1.1229E-03  2.2543E-02  2.7611E-02
  1.5092E-02 -1.1305E-03  2.2524E-02  2.7582E-02
  1.5194E-02 -1.1381E-03  2.2503E-02  2.7552E-02
  1.5296E-02 -1.1458E-03  2.2481E-02  2.7519E-02
  1.5399E-02 -1.1535E-03  2.2457E-02  2.7484E-02
  1.5503E-02 -1.1612E-03  2.2431E-02  2.7448E-02
  1.5607E-02 -1.1691E-03  2.2404E-02  2.7409E-02
  1.5712E-02 -1.1769E-03  2.2375E-02  2.7368E-02
  1.5818E-02 -1.1848E-03  2.2345E-02  2.7325E-02
  1.5925E-02 -1.1928E-03  2.2313E-02  2.7280E-02
  1.6032E-02 -1.2008E-03  2.2279E-02  2.7233E-02
  1.6140E-02 -1.2089E-03  2.2244E-02  2.7184E-02
  1.6249E-02 -1.2171E-03  2.2207E-02  2.7132E-02
  1.6358E-02 -1.2252E-03  2.2168E-02  2.7079E-02
  1.6468E-02 -1.2335E-03  2.2127E-02  2.7023E-02
  1.6579E-02 -1.2418E-03  2.2085E-02  2.6965E-02
  1.6691E-02 -1.2501E-03  2.2040E-02  2.6904E-02
  1.6803E-02 -1.2585E-03  2.1995E-02  2.6842E-02
  1.6916E-02 -1.2670E-03  2.1947E-02  2.6777E-02
  1.7030E-02 -1.2755E-03  2.1897E-02  2.6709E-02
  1.7145E-02 -1.2841E-03  2.1846E-02  2.6640E-02
  1.7260E-02 -1.2927E-03  2.1792E-02  2.6568E-02
  1.7376E-02 -1.3014E-03  2.1737E-02  2.6493E-02
  1.7493E-02 -1.3102E-03  2.1680E-02  2.6416E-02
  1.7611E-02 -1.3190E-03  2.1621E-02  2.6337E-02
  1.7729E-02 -1.3279E-03  2.1560E-02  2.6255E-02
  1.7849E-02 -1.3368E-03  2.1498E-02  2.6171E-02
  1.7969E-02 -1.3458E-03  2.1433E-02  2.6085E-02
  1.8090E-02 -1.3548E-03  2.1366E-02  2.5995E-02
  1.8211E-02 -1.3639E-03  2.1297E-02  2.5904E-02
  1.8334E-02 -1.3731E-03  2.1226E-02  2.5809E-02
  1.8457E-02 -1.3823E-03  2.1154E-02  2.5713E-02
  1.8581E-02 -1.3916E-03  2.1079E-02  2.5613E-02
  1.8706E-02 -1.4010E-03  2.1002E-02  2.5511E-02
  1.8832E-02 -1.4104E-03  2.0923E-02  2.5406E-02
  1.8959E-02 -1.4199E-03  2.0842E-02  2.5299E-02
  1.9086E-02 -1.4294E-03  2.0759E-02  2.5189E-02
  1.9215E-02 -1.4390E-03  2.0673E-02  2.5076E-02
  1.9344E-02 -1.4487E-03  2.0586E-02  2.4960E-02
  1.9474E-02 -1.4584E-03  2.0496E-02  2.4842E-02
  1.9605E-02 -1.4682E-03  2.0404E-02  2.4721E-02
  1.9737E-02 -1.4781E-03  2.0310E-02  2.4597E-02
  1.9869E-02 -1.4880E-03  2.0214E-02  2.4471E-02
  2.0003E-02 -1.4980E-03  2.0116E-02  2.4341E-02
  2.0138E-02 -1.5080E-03  2.0015E-02  2.4209E-02
  2.0273E-02 -1.5182E-03  1.9912E-02  2.4074E-02
  2.0409E-02 -1.5283E-03  1.9807E-02  2.3936E-02
  2.0546E-02 -1.5386E-03  1.9700E-02  2.3795E-02
  2.0684E-02 -1.5489E-03  1.9590E-02  2.3651E-02
  2.0824E-02 -1.5593E-03  1.9478E-02  2.3504E-02
  2.0963E-02 -1.5698E-03  1.9364E-02  2.3355E-02
  2.1104E-02 -1.5803E-03  1.9247E-02  2.3202E-02
  2.1246E-02 -1.5909E-03  1.9128E-02  2.3046E-02
  2.1389E-02 -1.6016E-03  1.9006E-02  2.2888E-02
  2.1533E-02 -1.6124E-03  1.8883E-02  2.2726E-02
  2.1677E-02 -1.6232E-03  1.8756E-02  2.2561E-02
  2.1823E-02 -1.6341E-03  1.8628E-02  2.2393E-02
  2.1970E-02 -1.6451E-03  1.8497E-02  2.2222E-02
  2.2117E-02 -1.6561E-03  1.8363E-02  2.2048E-02
  2.2266E-02 -1.6672E-03  1.8228E-02  2.1871E-02
  2.2416E-02 -1.6784E-03  1.8089E-02  2.1691E-02
  2.2566E-02 -1.6896E-03  1.7948E-02  2.1508E-02
  2.2718E-02 -1.7010E-03  1.7805E-02  2.1321E-02
  2.2870E-02 -1.7124E-03  1.7659E-02  2.1132E-02
  2.3024E-02 -1.7239E-03  1.7511E-02  2.0939E-02
  2.3179E-02 -1.7354E-03  1.7360E-02  2.0743E-02
  2.3334E-02 -1.7471E-03  1.7207E-02  2.0543E-02
  2.3491E-02 -1.7588E-03  1.7051E-02  2.0341E-02
  2.3649E-02 -1.7706E-03  1.6893E-02  2.0135E-02
  2.3808E-02 -1.7825E-03  1.6732E-02  1.9926E-02
  2.3968E-02 -1.7944E-03  1.6569E-02  1.9714E-02
  2.4129E-02 -1.8064E-03  1.6402E-02  1.9498E-02
  2.4291E-02 -1.8185E-03  1.6234E-02  1.9280E-02
  2.4454E-02 -1.8307E-03  1.6063E-02  1.9057E-02
  2.4618E-02 -1.8430E-03  1.5889E-02  1.8832E-02
  2.4783E-02 -1.8554E-03  1.5712E-02  1.8603E-02
  2.4950E-02 -1.8678E-03  1.5533E-02  1.8371E-02
  2.5117E-02 -1.8803E-03  1.5352E-02  1.8136E-02
  2.5286E-02 -1.8929E-03  1.5167E-02  1.7897E-02
  2.5456E-02 -1.9056E-03  1.4981E-02  1.7655E-02
  2.5626E-02 -1.9184E-03  1.4791E-02  1.7410E-02
  2.5798E-02 -1.9312E-03  1.4599E-02  1.7161E-02
  2.5972E-02 -1.9442E-03  1.4404E-02  1.6909E-02
  2.6146E-02 -1.9572E-03  1.4207E-02  1.6653E-02
  2.6321E-02 -1.9703E-03  1.4006E-02  1.6394E-02
  2.6498E-02 -1.9835E-03  1.3804E-02  1.6132E-02
  2.6676E-02 -1.9968E-03  1.3598E-02  1.5866E-02
  2.6855E-02 -2.0102E-03  1.3390E-02  1.5597E-02
  2.7035E-02 -2.0236E-03  1.3179E-02  1.5325E-02
  2.7217E-02 -2.0372E-03  1.2966E-02  1.5049E-02
  2.7399E-02 -2.0508E-03  1.2750E-02  1.4770E-02
  2.7583E-02 -2.0645E-03  1.2531E-02  1.4487E-02
  2.7768E-02 -2.0784E-03  1.2310E-02  1.4201E-02
  2.7955E-02 -2.0923E-03  1.2086E-02  1.3912E-02
  2.8142E-02 -2.1063E-03  1.1859E-02  1.3619E-02
  2.8331E-02 -2.1204E-03  1.1629E-02  1.3322E-02
  2.8521E-02 -2.1346E-03  1.1397E-02  1.3023E-02
  2.8713E-02 -2.1489E-03  1.1163E-02  1.2720E-02
  2.8905E-02 -2.1633E-03  1.0925E-02  1.2413E-02
  2.9099E-02 -2.1777E-03  1.0685E-02  1.2103E-02
  2.9294E-02 -2.1923E-03  1.0442E-02  1.1790E-02
  2.9491E-02 -2.2070E-03  1.0197E-02  1.1474E-02
  2.9689E-02 -2.2217E-03  9.9490E-03  1.1154E-02
  2.9888E-02 -2.2366E-03  9.6984E-03  1.0830E-02
  3.0089E-02 -2.2516E-03  9.4452E-03  1.0504E-02
  3.0290E-02 -2.2666E-03  9.1893E-03  1.0174E-02
  3.0494E-02 -2.2818E-03  8.9309E-03  9.8406E-03
  3.0698E-02 -2.2971E-03  8.6699E-03  9.5039E-03
  3.0904E-02 -2.3124E-03  8.4062E-03  9.1640E-03
  3.1111E-02 -2.3279E-03  8.1400E-03  8.8208E-03
  3.1320E-02 -2.3435E-03  7.8712E-03  8.4743E-03
  3.1530E-02 -2.3591E-03  7.5999E-03  8.1245E-03
  3.1742E-02 -2.3749E-03  7.3261E-03  7.7715E-03
  3.1954E-02 -2.3908E-03  7.0497E-03  7.4153E-03
  3.2169E-02 -2.4068E-03  6.7708E-03  7.0559E-03
  3.2384E-02 -2.4229E-03  6.4894E-03  6.6932E-03
  3.2602E-02 -2.4391E-03  6.2055E-03  6.3274E-03
  3.2820E-02 -2.4554E-03  5.9192E-03  5.9584E-03
  3.3040E-02 -2.4718E-03  5.6304E-03  5.5863E-03
  3.3262E-02 -2.4883E-03  5.3392E-03  5.2111E-03
  3.3485E-02 -2.5049E-03  5.0456E-03  4.8329E-03
  3.3709E-02 -2.5217E-03  4.7496E-03  4.4515E-03
  3.3935E-02 -2.5385E-03  4.4512E-03  4.0671E-03
  3.4163E-02 -2.5555E-03  4.1505E-03  3.6798E-03
  3.4392E-02 -2.5726E-03  3.8475E-03  3.2894E-03
  3.4623E-02 -2.5897E-03  3.5422E-03  2.8961E-03
  3.4855E-02 -2.6070E-03  3.2346E-03  2.4999E-03
  3.5088E-02 -2.6245E-03  2.9248E-03  2.1007E-03
  3.5324E-02 -2.6420E-03  2.6127E-03  1.6988E-03
  3.5560E-02 -2.6596E-03  2.2985E-03  1.2940E-03
  3.5799E-02 -2.6774E-03  1.9821E-03  8.8643E-04
  3.6039E-02 -2.6953E-03  1.6635E-03  4.7611E-04
  3.6280E-02 -2.7133E-03  1.3429E-03  6.3085E-05
  3.6524E-02 -2.7314E-03  1.0201E-03 -3.5261E-04
  3.6768E-02 -2.7496E-03  6.9537E-04 -7.7094E-04
  3.7015E-02 -2.7680E-03  3.6859E-04 -1.1919E-03
  3.7263E-02 -2.7865E-03  3.9847E-05 -1.6153E-03
  3.7513E-02 -2.8051E-03 -2.9084E-04 -2.0413E-03
  3.7764E-02 -2.8238E-03 -6.2342E-04 -2.4697E-03
  3.8017E-02 -2.8426E-03 -9.5787E-04 -2.9005E-03
  3.8272E-02 -2.8616E-03 -1.2941E-03 -3.3337E-03
  3.8529E-02 -2.8807E-03 -1.6322E-03 -3.7693E-03
  3.8787E-02 -2.8999E-03 -1.9720E-03 -4.2070E-03
  3.9047E-02 -2.9193E-03 -2.3135E-03 -4.6470E-03
  3.9308E-02 -2.9387E-03 -2.6567E-03 -5.0892E-03
  3.9572E-02 -2.9583E-03 -3.0015E-03 -5.5334E-03
  3.9837E-02 -2.9781E-03 -3.3478E-03 -5.9797E-03
  4.0104E-02 -2.9979E-03 -3.6957E-03 -6.4280E-03
  4.0373E-02 -3.0179E-03 -4.0451E-03 -6.8782E-03
  4.0643E-02 -3.0380E-03 -4.3959E-03 -7.3303E-03
  4.0915E-02 -3.0583E-03 -4.7480E-03 -7.7842E-03
  4.1190E-02 -3.0787E-03 -5.1015E-03 -8.2399E-03
  4.1466E-02 -3.0992E-03 -5.4563E-03 -8.6972E-03
  4.1743E-02 -3.1199E-03 -5.8123E-03 -9.1562E-03
  4.2023E-02 -3.1407E-03 -6.1695E-03 -9.6166E-03
  4.2305E-02 -3.1616E-03 -6.5278E-03 -1.0079E-02
  4.2588E-02 -3.1827E-03 -6.8872E-03 -1.0542E-02
  4.2873E-02 -3.2039E-03 -7.2475E-03 -1.1007E-02
  4.3161E-02 -3.2252E-03 -7.6088E-03 -1.1473E-02
  4.3450E-02 -3.2467E-03 -7.9710E-03 -1.1940E-02
  4.3741E-02 -3.2683E-03 -8.3340E-03 -1.2408E-02
  4.4034E-02 -3.2901E-03 -8.6977E-03 -1.2878E-02
  4.4329E-02 -3.3120E-03 -9.0622E-03 -1.3348E-02
  4.4626E-02 -3.3341E-03 -9.4273E-03 -1.3819E-02
  4.4925E-02 -3.3563E-03 -9.7929E-03 -1.4291E-02
  4.5226E-02 -3.3786E-03 -1.0159E-02 -1.4764E-02
  4.5529E-02 -3.4011E-03 -1.0526E-02 -1.5237E-02
  4.5833E-02 -3.4237E-03 -1.0893E-02 -1.5711E-02
  4.6140E-02 -3.4465E-03 -1.1260E-02 -1.6185E-02
  4.6450E-02 -3.4695E-03 -1.1627E-02 -1.6660E-02
  4.6761E-02 -3.4926E-03 -1.1995E-02 -1.7134E-02
  4.7074E-02 -3.5158E-03 -1.2362E-02 -1.7609E-02
  4.7389E-02 -3.5392E-03 -1.2730E-02 -1.8085E-02
  4.7706E-02 -3.5627E-03 -1.3098E-02 -1.8560E-02
  4.8026E-02 -3.5864E-03 -1.3465E-02 -1.9035E-02
  4.8348E-02 -3.6103E-03 -1.3832E-02 -1.9509E-02
  4.8671E-02 -3.6343E-03 -1.4199E-02 -1.9984E-02
  4.8997E-02 -3.6585E-03 -1.4565E-02 -2.0458E-02
  4.9325E-02 -3.6828E-03 -1.4931E-02 -2.0932E-02
  4.9656E-02 -3.7073E-03 -1.5297E-02 -2.1404E-02
  4.9988E-02 -3.7319E-03 -1.5661E-02 -2.1877E-02
  5.0323E-02 -3.7567E-03 -1.6025E-02 -2.2348E-02
  5.0660E-02 -3.7817E-03 -1.6388E-02 -2.2818E-02
  5.0999E-02 -3.8068E-03 -1.6750E-02 -2.3287E-02
  5.1341E-02 -3.8321E-03 -1.7112E-02 -2.3756E-02
  5.1685E-02 -3.8576E-03 -1.7472E-02 -2.4222E-02
  5.2031E-02 -3.8832E-03 -1.7830E-02 -2.4688E-02
  5.2379E-02 -3.9090E-03 -1.8188E-02 -2.5152E-02
  5.2730E-02 -3.9349E-03 -1.8544E-02 -2.5614E-02
  5.3083E-02 -3.9611E-03 -1.8899E-02 -2.6074E-02
  5.3438E-02 -3.9874E-03 -1.9252E-02 -2.6533E-02
  5.3796E-02 -4.0138E-03 -1.9603E-02 -2.6989E-02
  5.4156E-02 -4.0405E-03 -1.9953E-02 -2.7444E-02
  5.4519E-02 -4.0673E-03 -2.0301E-02 -2.7896E-02
  5.4884E-02 -4.0943E-03 -2.0646E-02 -2.8346E-02
  5.5251E-02 -4.1214E-03 -2.0990E-02 -2.8793E-02
  5.5621E-02 -4.1488E-03 -2.1331E-02 -2.9237E-02
  5.5993E-02 -4.1763E-03 -2.1670E-02 -2.9679E-02
  5.6368E-02 -4.2040E-03 -2.2007E-02 -3.0118E-02
  5.6746E-02 -4.2319E-03 -2.2341E-02 -3.0554E-02
  5.7125E-02 -4.2599E-03 -2.2673E-02 -3.0987E-02
  5.7508E-02 -4.2882E-03 -2.3002E-02 -3.1416E-02
  5.7893E-02 -4.3166E-03 -2.3328E-02 -3.1842E-02
  5.8280E-02 -4.3452E-03 -2.3651E-02 -3.2264E-02
  5.8670E-02 -4.3740E-03 -2.3971E-02 -3.2682E-02
  5.9063E-02 -4.4030E-03 -2.4288E-02 -3.3097E-02
  5.9459E-02 -4.4321E-03 -2.4601E-02 -3.3508E-02
  5.9857E-02 -4.4615E-03 -2.4911E-02 -3.3914E-02
  6.0257E-02 -4.4910E-03 -2.5218E-02 -3.4316E-02
  6.0661E-02 -4.5208E-03 -2.5521E-02 -3.4714E-02
  6.1067E-02 -4.5507E-03 -2.5820E-02 -3.5107E-02
  6.1475E-02 -4.5808E-03 -2.6116E-02 -3.5495E-02
  6.1887E-02 -4.6111E-03 -2.6407E-02 -3.5879E-02
  6.2301E-02 -4.6416E-03 -2.6694E-02 -3.6257E-02
  6.2718E-02 -4.6723E-03 -2.6977E-02 -3.6630E-02
  6.3138E-02 -4.7032E-03 -2.7256E-02 -3.6998E-02
  6.3560E-02 -4.7343E-03 -2.7530E-02 -3.7360E-02
  6.3986E-02 -4.7656E-03 -2.7799E-02 -3.7717E-02
  6.4414E-02 -4.7972E-03 -2.8064E-02 -3.8068E-02
  6.4845E-02 -4.8289E-03 -2.8324E-02 -3.8413E-02
  6.5279E-02 -4.8608E-03 -2.8579E-02 -3.8752E-02
  6.5716E-02 -4.8929E-03 -2.8829E-02 -3.9084E-02
  6.6156E-02 -4.9252E-03 -2.9074E-02 -3.9410E-02
  6.6598E-02 -4.9577E-03 -2.9313E-02 -3.9730E-02
  6.7044E-02 -4.9905E-03 -2.9547E-02 -4.0042E-02
  6.7493E-02 -5.0234E-03 -2.9775E-02 -4.0348E-02
  6.7944E-02 -5.0566E-03 -2.9998E-02 -4.0647E-02
  6.8399E-02 -5.0899E-03 -3.0215E-02 -4.0939E-02
  6.8857E-02 -5.1235E-03 -3.0426E-02 -4.1223E-02
  6.9317E-02 -5.1573E-03 -3.0630E-02 -4.1500E-02
  6.9781E-02 -5.1913E-03 -3.0829E-02 -4.1769E-02
  7.0248E-02 -5.2256E-03 -3.1021E-02 -4.2030E-02
  7.0718E-02 -5.2600E-03 -3.1206E-02 -4.2283E-02
  7.1191E-02 -5.2947E-03 -3.1385E-02 -4.2528E-02
  7.1668E-02 -5.3296E-03 -3.1558E-02 -4.2765E-02
  7.2147E-02 -5.3647E-03 -3.1723E-02 -4.2993E-02
  7.2630E-02 -5.4000E-03 -3.1882E-02 -4.3213E-02
  7.3116E-02 -5.4356E-03 -3.2033E-02 -4.3424E-02
  7.3605E-02 -5.4714E-03 -3.2177E-02 -4.3625E-02
  7.4098E-02 -5.5074E-03 -3.2314E-02 -4.3818E-02
  7.4593E-02 -5.5436E-03 -3.2443E-02 -4.4002E-02
  7.5092E-02 -5.5801E-03 -3.2565E-02 -4.4176E-02
  7.5595E-02 -5.6168E-03 -3.2679E-02 -4.4341E-02
  7.6101E-02 -5.6537E-03 -3.2785E-02 -4.4496E-02
  7.6610E-02 -5.6909E-03 -3.2884E-02 -4.4641E-02
  7.7122E-02 -5.7283E-03 -3.2974E-02 -4.4776E-02
  7.7638E-02 -5.7660E-03 -3.3056E-02 -4.4901E-02
  7.8158E-02 -5.8038E-03 -3.3129E-02 -4.5015E-02
  7.8681E-02 -5.8420E-03 -3.3194E-02 -4.5119E-02
  7.9207E-02 -5.8803E-03 -3.3251E-02 -4.5213E-02
  7.9737E-02 -5.9189E-03 -3.3299E-02 -4.5296E-02
  8.0270E-02 -5.9578E-03 -3.3338E-02 -4.5368E-02
  8.0807E-02 -5.9968E-03 -3.3368E-02 -4.5429E-02
  8.1348E-02 -6.0362E-03 -3.3389E-02 -4.5478E-02
  8.1892E-02 -6.0758E-03 -3.3402E-02 -4.5517E-02
  8.2440E-02 -6.1156E-03 -3.3404E-02 -4.5544E-02
  8.2991E-02 -6.1557E-03 -3.3398E-02 -4.5559E-02
  8.3546E-02 -6.1960E-03 -3.3382E-02 -4.5563E-02
  8.4105E-02 -6.2366E-03 -3.3356E-02 -4.5554E-02
  8.4668E-02 -6.2774E-03 -3.3321E-02 -4.5534E-02
  8.5234E-02 -6.3185E-03 -3.3276E-02 -4.5502E-02
  8.5804E-02 -6.3598E-03 -3.3221E-02 -4.5457E-02
  8.6378E-02 -6.4014E-03 -3.3157E-02 -4.5400E-02
  8.6956E-02 -6.4433E-03 -3.3082E-02 -4.5331E-02
  8.7538E-02 -6.4854E-03 -3.2997E-02 -4.5249E-02
  8.8123E-02 -6.5278E-03 -3.2901E-02 -4.5155E-02
  8.8713E-02 -6.5704E-03 -3.2796E-02 -4.5047E-02
  8.9306E-02 -6.6134E-03 -3.2680E-02 -4.4927E-02
  8.9903E-02 -6.6565E-03 -3.2553E-02 -4.4793E-02
  9.0505E-02 -6.7000E-03 -3.2416E-02 -4.4647E-02
  9.1110E-02 -6.7437E-03 -3.2268E-02 -4.4487E-02
  9.1719E-02 -6.7877E-03 -3.2110E-02 -4.4314E-02
  9.2333E-02 -6.8319E-03 -3.1940E-02 -4.4127E-02
  9.2950E-02 -6.8764E-03 -3.1760E-02 -4.3927E-02
  9.3572E-02 -6.9212E-03 -3.1569E-02 -4.3714E-02
  9.4198E-02 -6.9663E-03 -3.1366E-02 -4.3486E-02
  9.4828E-02 -7.0117E-03 -3.1153E-02 -4.3245E-02
  9.5462E-02 -7.0573E-03 -3.0928E-02 -4.2990E-02
  9.6101E-02 -7.1032E-03 -3.0693E-02 -4.2721E-02
  9.6743E-02 -7.1494E-03 -3.0446E-02 -4.2438E-02
  9.7390E-02 -7.1959E-03 -3.0187E-02 -4.2142E-02
  9.8042E-02 -7.2426E-03 -2.9917E-02 -4.1831E-02
  9.8697E-02 -7.2896E-03 -2.9636E-02 -4.1505E-02
  9.9357E-02 -7.3370E-03 -2.9343E-02 -4.1166E-02
  1.0002E-01 -7.3846E-03 -2.9039E-02 -4.0812E-02
  1.0069E-01 -7.4325E-03 -2.8724E-02 -4.0444E-02
  1.0136E-01 -7.4807E-03 -2.8396E-02 -4.0062E-02
  1.0204E-01 -7.5292E-03 -2.8057E-02 -3.9666E-02
  1.0272E-01 -7.5779E-03 -2.7707E-02 -3.9255E-02
  1.0341E-01 -7.6270E-03 -2.7345E-02 -3.8829E-02
  1.0410E-01 -7.6764E-03 -2.6971E-02 -3.8389E-02
  1.0480E-01 -7.7260E-03 -2.6586E-02 -3.7935E-02
  1.0550E-01 -7.7760E-03 -2.6189E-02 -3.7466E-02
  1.0621E-01 -7.8262E-03 -2.5780E-02 -3.6983E-02
  1.0692E-01 -7.8768E-03 -2.5359E-02 -3.6486E-02
  1.0763E-01 -7.9276E-03 -2.4927E-02 -3.5974E-02
  1.0835E-01 -7.9788E-03 -2.4484E-02 -3.5447E-02
  1.0907E-01 -8.0303E-03 -2.4028E-02 -3.4906E-02
  1.0980E-01 -8.0820E-03 -2.3562E-02 -3.4351E-02
  1.1054E-01 -8.1341E-03 -2.3083E-02 -3.3782E-02
  1.1128E-01 -8.1865E-03 -2.2593E-02 -3.3198E-02
  1.1202E-01 -8.2392E-03 -2.2091E-02 -3.2600E-02
  1.1277E-01 -8.2922E-03 -2.1578E-02 -3.1987E-02
  1.1352E-01 -8.3455E-03 -2.1054E-02 -3.1361E-02
  1.1428E-01 -8.3992E-03 -2.0518E-02 -3.0721E-02
  1.1505E-01 -8.4531E-03 -1.9971E-02 -3.0066E-02
  1.1582E-01 -8.5074E-03 -1.9413E-02 -2.9398E-02
  1.1659E-01 -8.5620E-03 -1.8843E-02 -2.8715E-02
  1.1737E-01 -8.6169E-03 -1.8262E-02 -2.8019E-02
  1.1816E-01 -8.6721E-03 -1.7670E-02 -2.7310E-02
  1.1895E-01 -8.7276E-03 -1.7068E-02 -2.6587E-02
  1.1974E-01 -8.7835E-03 -1.6454E-02 -2.5850E-02
  1.2054E-01 -8.8397E-03 -1.5830E-02 -2.5100E-02
  1.2135E-01 -8.8962E-03 -1.5194E-02 -2.4337E-02
  1.2216E-01 -8.9530E-03 -1.4549E-02 -2.3561E-02
  1.2298E-01 -9.0102E-03 -1.3893E-02 -2.2772E-02
  1.2380E-01 -9.0677E-03 -1.3226E-02 -2.1970E-02
  1.2463E-01 -9.1255E-03 -1.2549E-02 -2.1155E-02
  1.2546E-01 -9.1836E-03 -1.1862E-02 -2.0328E-02
  1.2630E-01 -9.2421E-03 -1.1166E-02 -1.9489E-02
  1.2714E-01 -9.3009E-03 -1.0459E-02 -1.8638E-02
  1.2799E-01 -9.3600E-03 -9.7424E-03 -1.7774E-02
  1.2885E-01 -9.4195E-03 -9.0165E-03 -1.6899E-02
  1.2971E-01 -9.4793E-03 -8.2811E-03 -1.6013E-02
  1.3058E-01 -9.5395E-03 -7.5365E-03 -1.5115E-02
  1.3145E-01 -9.6000E-03 -6.7829E-03 -1.4206E-02
  1.3233E-01 -9.6608E-03 -6.0203E-03 -1.3286E-02
  1.3321E-01 -9.7219E-03 -5.2491E-03 -1.2355E-02
  1.3410E-01 -9.7834E-03 -4.4693E-03 -1.1414E-02
  1.3500E-01 -9.8453E-03 -3.6812E-03 -1.0462E-02
  1.3590E-01 -9.9075E-03 -2.8850E-03 -9.5012E-03
  1.3681E-01 -9.9700E-03 -2.0808E-03 -8.5302E-03
  1.3773E-01 -1.0033E-02 -1.2689E-03 -7.5498E-03
  1.3865E-01 -1.0096E-02 -4.4955E-04 -6.5602E-03
  1.3957E-01 -1.0160E-02  3.7713E-04 -5.5618E-03
  1.4051E-01 -1.0224E-02  1.2109E-03 -4.5547E-03
  1.4145E-01 -1.0288E-02  2.0514E-03 -3.5394E-03
  1.4239E-01 -1.0352E-02  2.8986E-03 -2.5161E-03
  1.4334E-01 -1.0417E-02  3.7521E-03 -1.4851E-03
  1.4430E-01 -1.0483E-02  4.6116E-03 -4.4667E-04
  1.4527E-01 -1.0548E-02  5.4771E-03  5.9876E-04
  1.4624E-01 -1.0614E-02  6.3480E-03  1.6509E-03
  1.4721E-01 -1.0681E-02  7.2243E-03  2.7094E-03
  1.4820E-01 -1.0747E-02  8.1056E-03  3.7740E-03
  1.4919E-01 -1.0814E-02  8.9917E-03  4.8442E-03
  1.5019E-01 -1.0882E-02  9.8822E-03  5.9197E-03
  1.5119E-01 -1.0949E-02  1.0777E-02  7.0002E-03
  1.5220E-01 -1.1017E-02  1.1675E-02  8.0852E-03
  1.5322E-01 -1.1086E-02  1.2578E-02  9.1744E-03
  1.5424E-01 -1.1155E-02  1.3483E-02  1.0267E-02
  1.5527E-01 -1.1224E-02  1.4391E-02  1.1364E-02
  1.5631E-01 -1.1293E-02  1.5302E-02  1.2463E-02
  1.5736E-01 -1.1363E-02  1.6216E-02  1.3565E-02
  1.5841E-01 -1.1433E-02  1.7131E-02  1.4670E-02
  1.5947E-01 -1.1504E-02  1.8048E-02  1.5776E-02
  1.6053E-01 -1.1575E-02  1.8966E-02  1.6883E-02
  1.6161E-01 -1.1646E-02  1.9885E-02  1.7991E-02
  1.6269E-01 -1.1718E-02  2.0805E-02  1.9100E-02
  1.6377E-01 -1.1790E-02  2.1725E-02  2.0209E-02
  1.6487E-01 -1.1862E-02  2.2645E-02  2.1317E-02
  1.6597E-01 -1.1935E-02  2.3565E-02  2.2425E-02
  1.6708E-01 -1.2008E-02  2.4484E-02  2.3531E-02
  1.6820E-01 -1.2081E-02  2.5401E-02  2.4635E-02
  1.6932E-01 -1.2155E-02  2.6318E-02  2.5737E-02
  1.7045E-01 -1.2229E-02  2.7232E-02  2.6836E-02
  1.7159E-01 -1.2304E-02  2.8144E-02  2.7932E-02
  1.7274E-01 -1.2378E-02  2.9053E-02  2.9025E-02
  1.7389E-01 -1.2454E-02  2.9959E-02  3.0113E-02
  1.7505E-01 -1.2529E-02  3.0861E-02  3.1196E-02
  1.7622E-01 -1.2605E-02  3.1760E-02  3.2275E-02
  1.7740E-01 -1.2681E-02  3.2655E-02  3.3347E-02
  1.7859E-01 -1.2758E-02  3.3545E-02  3.4413E-02
  1.7978E-01 -1.2835E-02  3.4429E-02  3.5473E-02
  1.8098E-01 -1.2912E-02  3.5309E-02  3.6526E-02
  1.8219E-01 -1.2989E-02  3.6182E-02  3.7570E-02
  1.8341E-01 -1.3067E-02  3.7049E-02  3.8607E-02
  1.8464E-01 -1.3146E-02  3.7910E-02  3.9635E-02
  1.8587E-01 -1.3224E-02  3.8763E-02  4.0653E-02
  1.8711E-01 -1.3303E-02  3.9609E-02  4.1662E-02
  1.8836E-01 -1.3383E-02  4.0447E-02  4.2660E-02
  1.8962E-01 -1.3462E-02  4.1276E-02  4.3647E-02
  1.9089E-01 -1.3542E-02  4.2097E-02  4.4624E-02
  1.9217E-01 -1.3622E-02  4.2909E-02  4.5588E-02
  1.9345E-01 -1.3703E-02  4.3711E-02  4.6540E-02
  1.9474E-01 -1.3784E-02  4.4503E-02  4.7478E-02
  1.9604E-01 -1.3865E-02  4.5284E-02  4.8404E-02
  1.9735E-01 -1.3947E-02  4.6055E-02  4.9315E-02
  1.9867E-01 -1.4029E-02  4.6814E-02  5.0212E-02
  2.0000E-01 -1.4111E-02  4.7562E-02  5.1093E-02
  2.0134E-01 -1.4194E-02  4.8297E-02  5.1959E-02
  2.0268E-01 -1.4277E-02  4.9020E-02  5.2809E-02
  2.0404E-01 -1.4360E-02  4.9730E-02  5.3642E-02
  2.0540E-01 -1.4443E-02  5.0427E-02  5.4458E-02
  2.0677E-01 -1.4527E-02  5.1109E-02  5.5257E-02
  2.0816E-01 -1.4612E-02  5.1778E-02  5.6037E-02
  2.0955E-01 -1.4696E-02  5.2432E-02  5.6798E-02
  2.1095E-01 -1.4781E-02  5.3071E-02  5.7541E-02
  2.1236E-01 -1.4866E-02  5.3695E-02  5.8263E-02
  2.1378E-01 -1.4951E-02  5.4302E-02  5.8965E-02
  2.1520E-01 -1.5037E-02  5.4894E-02  5.9647E-02
  2.1664E-01 -1.5123E-02  5.5469E-02  6.0307E-02
  2.1809E-01 -1.5209E-02  5.6027E-02  6.0945E-02
  2.1955E-01 -1.5295E-02  5.6567E-02  6.1562E-02
  2.2102E-01 -1.5382E-02  5.7090E-02  6.2155E-02
  2.2249E-01 -1.5469E-02  5.7595E-02  6.2726E-02
  2.2398E-01 -1.5557E-02  5.8081E-02  6.3272E-02
  2.2548E-01 -1.5644E-02  5.8548E-02  6.3795E-02
  2.2698E-01 -1.5732E-02  5.8996E-02  6.4293E-02
  2.2850E-01 -1.5820E-02  5.9424E-02  6.4766E-02
  2.3003E-01 -1.5909E-02  5.9833E-02  6.5214E-02
  2.3156E-01 -1.5997E-02  6.0221E-02  6.5636E-02
  2.3311E-01 -1.6086E-02  6.0588E-02  6.6031E-02
  2.3467E-01 -1.6175E-02  6.0935E-02  6.6400E-02
  2.3624E-01 -1.6264E-02  6.1260E-02  6.6742E-02
  2.3782E-01 -1.6354E-02  6.1564E-02  6.7056E-02
  2.3940E-01 -1.6444E-02  6.1845E-02  6.7343E-02
  2.4100E-01 -1.6534E-02  6.2105E-02  6.7601E-02
  2.4262E-01 -1.6624E-02  6.2342E-02  6.7830E-02
  2.4424E-01 -1.6714E-02  6.2556E-02  6.8030E-02
  2.4587E-01 -1.6805E-02  6.2747E-02  6.8202E-02
  2.4751E-01 -1.6895E-02  6.2915E-02  6.8343E-02
  2.4917E-01 -1.6986E-02  6.3059E-02  6.8454E-02
  2.5083E-01 -1.7077E-02  6.3180E-02  6.8536E-02
  2.5251E-01 -1.7169E-02  6.3276E-02  6.8586E-02
  2.5419E-01 -1.7260E-02  6.3348E-02  6.8606E-02
  2.5589E-01 -1.7352E-02  6.3395E-02  6.8594E-02
  2.5760E-01 -1.7443E-02  6.3418E-02  6.8551E-02
  2.5932E-01 -1.7535E-02  6.3415E-02  6.8476E-02
  2.6106E-01 -1.7627E-02  6.3388E-02  6.8370E-02
  2.6280E-01 -1.7719E-02  6.3335E-02  6.8231E-02
  2.6456E-01 -1.7811E-02  6.3256E-02  6.8060E-02
  2.6632E-01 -1.7904E-02  6.3152E-02  6.7856E-02
  2.6810E-01 -1.7996E-02  6.3022E-02  6.7620E-02
  2.6990E-01 -1.8088E-02  6.2867E-02  6.7351E-02
  2.7170E-01 -1.8181E-02  6.2685E-02  6.7049E-02
  2.7351E-01 -1.8274E-02  6.2477E-02  6.6713E-02
  2.7534E-01 -1.8366E-02  6.2242E-02  6.6344E-02
  2.7718E-01 -1.8459E-02  6.1981E-02  6.5942E-02
  2.7903E-01 -1.8551E-02  6.1694E-02  6.5507E-02
  2.8090E-01 -1.8644E-02  6.1381E-02  6.5038E-02
  2.8278E-01 -1.8737E-02  6.1040E-02  6.4535E-02
  2.8466E-01 -1.8830E-02  6.0674E-02  6.3999E-02
  2.8657E-01 -1.8922E-02  6.0280E-02  6.3429E-02
  2.8848E-01 -1.9015E-02  5.9860E-02  6.2825E-02
  2.9041E-01 -1.9107E-02  5.9413E-02  6.2188E-02
  2.9235E-01 -1.9200E-02  5.8940E-02  6.1517E-02
  2.9430E-01 -1.9292E-02  5.8440E-02  6.0812E-02
  2.9627E-01 -1.9385E-02  5.7914E-02  6.0075E-02
  2.9825E-01 -1.9477E-02  5.7361E-02  5.9303E-02
  3.0024E-01 -1.9569E-02  5.6782E-02  5.8499E-02
  3.0225E-01 -1.9661E-02  5.6176E-02  5.7661E-02
  3.0427E-01 -1.9753E-02  5.5545E-02  5.6790E-02
  3.0630E-01 -1.9845E-02  5.4887E-02  5.5886E-02
  3.0835E-01 -1.9936E-02  5.4203E-02  5.4950E-02
  3.1041E-01 -2.0028E-02  5.3493E-02  5.3981E-02
  3.1248E-01 -2.0119E-02  5.2758E-02  5.2980E-02
  3.1457E-01 -2.0210E-02  5.1997E-02  5.1946E-02
  3.1667E-01 -2.0300E-02  5.1211E-02  5.0881E-02
  3.1879E-01 -2.0391E-02  5.0400E-02  4.9785E-02
  3.2092E-01 -2.0481E-02  4.9564E-02  4.8657E-02
  3.2306E-01 -2.0571E-02  4.8704E-02  4.7498E-02
  3.2522E-01 -2.0660E-02  4.7819E-02  4.6308E-02
  3.2739E-01 -2.0749E-02  4.6909E-02  4.5088E-02
  3.2958E-01 -2.0838E-02  4.5976E-02  4.3839E-02
  3.3178E-01 -2.0927E-02  4.5020E-02  4.2560E-02
  3.3400E-01 -2.1015E-02  4.4040E-02  4.1251E-02
  3.3623E-01 -2.1102E-02  4.3037E-02  3.9914E-02
  3.3848E-01 -2.1189E-02  4.2011E-02  3.8549E-02
  3.4074E-01 -2.1276E-02  4.0964E-02  3.7155E-02
  3.4301E-01 -2.1362E-02  3.9894E-02  3.5735E-02
  3.4531E-01 -2.1448E-02  3.8803E-02  3.4288E-02
  3.4761E-01 -2.1533E-02  3.7690E-02  3.2814E-02
  3.4994E-01 -2.1617E-02  3.6557E-02  3.1314E-02
  3.5227E-01 -2.1701E-02  3.5404E-02  2.9789E-02
  3.5463E-01 -2.1785E-02  3.4230E-02  2.8240E-02
  3.5700E-01 -2.1868E-02  3.3037E-02  2.6666E-02
  3.5938E-01 -2.1950E-02  3.1826E-02  2.5069E-02
  3.6178E-01 -2.2031E-02  3.0595E-02  2.3449E-02
  3.6420E-01 -2.2112E-02  2.9347E-02  2.1806E-02
  3.6663E-01 -2.2191E-02  2.8081E-02  2.0142E-02
  3.6908E-01 -2.2271E-02  2.6798E-02  1.8457E-02
  3.7155E-01 -2.2349E-02  2.5498E-02  1.6752E-02
  3.7403E-01 -2.2426E-02  2.4183E-02  1.5027E-02
  3.7653E-01 -2.2503E-02  2.2852E-02  1.3283E-02
  3.7905E-01 -2.2579E-02  2.1506E-02  1.1521E-02
  3.8158E-01 -2.2653E-02  2.0146E-02  9.7416E-03
  3.8413E-01 -2.2727E-02  1.8772E-02  7.9455E-03
  3.8669E-01 -2.2800E-02  1.7385E-02  6.1336E-03
  3.8928E-01 -2.2871E-02  1.5986E-02  4.3066E-03
  3.9188E-01 -2.2942E-02  1.4574E-02  2.4652E-03
  3.9450E-01 -2.3012E-02  1.3151E-02  6.1043E-04
  3.9713E-01 -2.3080E-02  1.1718E-02 -1.2571E-03
  3.9978E-01 -2.3147E-02  1.0274E-02 -3.1364E-03
  4.0246E-01 -2.3213E-02  8.8212E-03 -5.0267E-03
  4.0514E-01 -2.3278E-02  7.3595E-03 -6.9271E-03
  4.0785E-01 -2.3341E-02  5.8898E-03 -8.8367E-03
  4.1058E-01 -2.3403E-02  4.4127E-03 -1.0755E-02
  4.1332E-01 -2.3464E-02  2.9288E-03 -1.2680E-02
  4.1608E-01 -2.3523E-02  1.4389E-03 -1.4612E-02
  4.1886E-01 -2.3581E-02 -5.6273E-05 -1.6550E-02
  4.2166E-01 -2.3637E-02 -1.5561E-03 -1.8493E-02
  4.2447E-01 -2.3692E-02 -3.0598E-03 -2.0439E-02
  4.2731E-01 -2.3745E-02 -4.5668E-03 -2.2388E-02
  4.3017E-01 -2.3796E-02 -6.0762E-03 -2.4339E-02
  4.3304E-01 -2.3846E-02 -7.5873E-03 -2.6292E-02
  4.3593E-01 -2.3894E-02 -9.0995E-03 -2.8244E-02
  4.3884E-01 -2.3940E-02 -1.0612E-02 -3.0195E-02
  4.4178E-01 -2.3985E-02 -1.2124E-02 -3.2145E-02
  4.4473E-01 -2.4027E-02 -1.3635E-02 -3.4091E-02
  4.4770E-01 -2.4067E-02 -1.5144E-02 -3.6034E-02
  4.5069E-01 -2.4106E-02 -1.6650E-02 -3.7972E-02
  4.5370E-01 -2.4142E-02 -1.8153E-02 -3.9904E-02
  4.5673E-01 -2.4177E-02 -1.9652E-02 -4.1830E-02
  4.5978E-01 -2.4209E-02 -2.1145E-02 -4.3748E-02
  4.6285E-01 -2.4238E-02 -2.2633E-02 -4.5657E-02
  4.6595E-01 -2.4266E-02 -2.4115E-02 -4.7557E-02
  4.6906E-01 -2.4291E-02 -2.5590E-02 -4.9446E-02
  4.7219E-01 -2.4314E-02 -2.7056E-02 -5.1323E-02
  4.7535E-01 -2.4334E-02 -2.8514E-02 -5.3187E-02
  4.7852E-01 -2.4352E-02 -2.9963E-02 -5.5039E-02
  4.8172E-01 -2.4367E-02 -3.1401E-02 -5.6875E-02
  4.8494E-01 -2.4380E-02 -3.2829E-02 -5.8696E-02
  4.8818E-01 -2.4389E-02 -3.4245E-02 -6.0501E-02
  4.9144E-01 -2.4396E-02 -3.5648E-02 -6.2288E-02
  4.9472E-01 -2.4400E-02 -3.7039E-02 -6.4057E-02
  4.9803E-01 -2.4401E-02 -3.8416E-02 -6.5806E-02
  5.0135E-01 -2.4399E-02 -3.9778E-02 -6.7536E-02
  5.0470E-01 -2.4394E-02 -4.1125E-02 -6.9244E-02
  5.0807E-01 -2.4386E-02 -4.2456E-02 -7.0930E-02
  5.1147E-01 -2.4374E-02 -4.3771E-02 -7.2593E-02
  5.1489E-01 -2.4360E-02 -4.5068E-02 -7.4232E-02
  5.1832E-01 -2.4341E-02 -4.6347E-02 -7.5846E-02
  5.2179E-01 -2.4320E-02 -4.7607E-02 -7.7434E-02
  5.2527E-01 -2.4294E-02 -4.8848E-02 -7.8996E-02
  5.2878E-01 -2.4265E-02 -5.0070E-02 -8.0530E-02
  5.3231E-01 -2.4233E-02 -5.1270E-02 -8.2037E-02
  5.3587E-01 -2.4196E-02 -5.2449E-02 -8.3513E-02
  5.3945E-01 -2.4156E-02 -5.3606E-02 -8.4960E-02
  5.4305E-01 -2.4111E-02 -5.4740E-02 -8.6376E-02
  5.4668E-01 -2.4063E-02 -5.5852E-02 -8.7761E-02
  5.5033E-01 -2.4010E-02 -5.6939E-02 -8.9112E-02
  5.5401E-01 -2.3953E-02 -5.8002E-02 -9.0431E-02
  5.5771E-01 -2.3892E-02 -5.9039E-02 -9.1716E-02
  5.6144E-01 -2.3826E-02 -6.0052E-02 -9.2965E-02
  5.6519E-01 -2.3755E-02 -6.1037E-02 -9.4179E-02
  5.6896E-01 -2.3680E-02 -6.1997E-02 -9.5357E-02
  5.7276E-01 -2.3600E-02 -6.2928E-02 -9.6498E-02
  5.7659E-01 -2.3515E-02 -6.3832E-02 -9.7602E-02
  5.8044E-01 -2.3425E-02 -6.4708E-02 -9.8666E-02
  5.8432E-01 -2.3330E-02 -6.5554E-02 -9.9692E-02
  5.8822E-01 -2.3230E-02 -6.6371E-02 -1.0068E-01
  5.9215E-01 -2.3125E-02 -6.7158E-02 -1.0162E-01
  5.9611E-01 -2.3014E-02 -6.7915E-02 -1.0253E-01
  6.0009E-01 -2.2897E-02 -6.8641E-02 -1.0339E-01
  6.0410E-01 -2.2775E-02 -6.9336E-02 -1.0421E-01
  6.0813E-01 -2.2647E-02 -6.9998E-02 -1.0499E-01
  6.1220E-01 -2.2514E-02 -7.0629E-02 -1.0573E-01
  6.1629E-01 -2.2374E-02 -7.1228E-02 -1.0642E-01
  6.2040E-01 -2.2228E-02 -7.1793E-02 -1.0707E-01
  6.2455E-01 -2.2075E-02 -7.2325E-02 -1.0767E-01
  6.2872E-01 -2.1917E-02 -7.2824E-02 -1.0823E-01
  6.3292E-01 -2.1751E-02 -7.3288E-02 -1.0874E-01
  6.3715E-01 -2.1579E-02 -7.3719E-02 -1.0921E-01
  6.4140E-01 -2.1400E-02 -7.4115E-02 -1.0963E-01
  6.4569E-01 -2.1215E-02 -7.4476E-02 -1.1001E-01
  6.5000E-01 -2.1022E-02 -7.4802E-02 -1.1033E-01
  6.5434E-01 -2.0822E-02 -7.5093E-02 -1.1062E-01
  6.5871E-01 -2.0614E-02 -7.5349E-02 -1.1085E-01
  6.6311E-01 -2.0399E-02 -7.5568E-02 -1.1104E-01
  6.6754E-01 -2.0176E-02 -7.5752E-02 -1.1117E-01
  6.7200E-01 -1.9946E-02 -7.5900E-02 -1.1126E-01
  6.7649E-01 -1.9707E-02 -7.6012E-02 -1.1131E-01
  6.8101E-01 -1.9460E-02 -7.6087E-02 -1.1130E-01
  6.8556E-01 -1.9205E-02 -7.6126E-02 -1.1125E-01
  6.9014E-01 -1.8942E-02 -7.6129E-02 -1.1115E-01
  6.9475E-01 -1.8670E-02 -7.6095E-02 -1.1100E-01
  6.9939E-01 -1.8389E-02 -7.6024E-02 -1.1080E-01
  7.0406E-01 -1.8099E-02 -7.5916E-02 -1.1055E-01
  7.0876E-01 -1.7800E-02 -7.5772E-02 -1.1025E-01
  7.1350E-01 -1.7492E-02 -7.5591E-02 -1.0991E-01
  7.1827E-01 -1.7174E-02 -7.5373E-02 -1.0952E-01
  7.2306E-01 -1.6847E-02 -7.5119E-02 -1.0908E-01
  7.2789E-01 -1.6510E-02 -7.4828E-02 -1.0859E-01
  7.3276E-01 -1.6163E-02 -7.4500E-02 -1.0805E-01
  7.3765E-01 -1.5805E-02 -7.4135E-02 -1.0747E-01
  7.4258E-01 -1.5437E-02 -7.3735E-02 -1.0683E-01
  7.4754E-01 -1.5059E-02 -7.3297E-02 -1.0615E-01
  7.5253E-01 -1.4670E-02 -7.2823E-02 -1.0543E-01
  7.5756E-01 -1.4270E-02 -7.2314E-02 -1.0465E-01
  7.6262E-01 -1.3859E-02 -7.1768E-02 -1.0383E-01
  7.6771E-01 -1.3436E-02 -7.1186E-02 -1.0296E-01
  7.7284E-01 -1.3002E-02 -7.0568E-02 -1.0205E-01
  7.7800E-01 -1.2556E-02 -6.9915E-02 -1.0109E-01
  7.8320E-01 -1.2098E-02 -6.9226E-02 -1.0008E-01
  7.8843E-01 -1.1628E-02 -6.8503E-02 -9.9033E-02
  7.9370E-01 -1.1145E-02 -6.7744E-02 -9.7938E-02
  7.9900E-01 -1.0650E-02 -6.6950E-02 -9.6799E-02
  8.0434E-01 -1.0142E-02 -6.6122E-02 -9.5615E-02
  8.0971E-01 -9.6208E-03 -6.5260E-02 -9.4388E-02
  8.1512E-01 -9.0864E-03 -6.4363E-02 -9.3118E-02
  8.2056E-01 -8.5385E-03 -6.3433E-02 -9.1806E-02
  8.2604E-01 -7.9768E-03 -6.2469E-02 -9.0451E-02
  8.3156E-01 -7.4011E-03 -6.1472E-02 -8.9055E-02
  8.3712E-01 -6.8112E-03 -6.0442E-02 -8.7617E-02
  8.4271E-01 -6.2068E-03 -5.9379E-02 -8.6139E-02
  8.4834E-01 -5.5876E-03 -5.8284E-02 -8.4620E-02
  8.5400E-01 -4.9535E-03 -5.7157E-02 -8.3063E-02
  8.5971E-01 -4.3042E-03 -5.5998E-02 -8.1466E-02
  8.6545E-01 -3.6394E-03 -5.4807E-02 -7.9831E-02
  8.7123E-01 -2.9589E-03 -5.3585E-02 -7.8157E-02
  8.7705E-01 -2.2624E-03 -5.2333E-02 -7.6447E-02
  8.8291E-01 -1.5496E-03 -5.1049E-02 -7.4700E-02
  8.8881E-01 -8.2035E-04 -4.9736E-02 -7.2917E-02
  8.9474E-01 -7.4268E-05 -4.8392E-02 -7.1098E-02
  9.0072E-01  6.8888E-04 -4.7019E-02 -6.9245E-02
  9.0674E-01  1.4694E-03 -4.5617E-02 -6.7357E-02
  9.1279E-01  2.2675E-03 -4.4185E-02 -6.5435E-02
  9.1889E-01  3.0835E-03 -4.2725E-02 -6.3481E-02
  9.2503E-01  3.9177E-03 -4.1237E-02 -6.1494E-02
  9.3121E-01  4.7704E-03 -3.9720E-02 -5.9475E-02
  9.3743E-01  5.6419E-03 -3.8176E-02 -5.7425E-02
  9.4369E-01  6.5324E-03 -3.6604E-02 -5.5345E-02
  9.4999E-01  7.4423E-03 -3.5006E-02 -5.3235E-02
  9.5634E-01  8.3720E-03 -3.3380E-02 -5.1095E-02
  9.6273E-01  9.3216E-03 -3.1728E-02 -4.8927E-02
  9.6916E-01  1.0291E-02 -3.0050E-02 -4.6731E-02
  9.7563E-01  1.1282E-02 -2.8345E-02 -4.4507E-02
  9.8215E-01  1.2294E-02 -2.6615E-02 -4.2257E-02
  9.8871E-01  1.3326E-02 -2.4860E-02 -3.9980E-02
  9.9531E-01  1.4381E-02 -2.3079E-02 -3.7678E-02
  1.0020E+00  1.5457E-02 -2.1274E-02 -3.5351E-02
  1.0087E+00  1.6555E-02 -1.9444E-02 -3.2999E-02
  1.0154E+00  1.7677E-02 -1.7589E-02 -3.0624E-02
  1.0222E+00  1.8821E-02 -1.5710E-02 -2.8225E-02
  1.0290E+00  1.9988E-02 -1.3807E-02 -2.5804E-02
  1.0359E+00  2.1179E-02 -1.1880E-02 -2.3360E-02
  1.0428E+00  2.2395E-02 -9.9296E-03 -2.0895E-02
  1.0498E+00  2.3634E-02 -7.9555E-03 -1.8408E-02
  1.0568E+00  2.4898E-02 -5.9582E-03 -1.5901E-02
  1.0638E+00  2.6188E-02 -3.9376E-03 -1.3373E-02
  1.0709E+00  2.7503E-02 -1.8939E-03 -1.0826E-02
  1.0781E+00  2.8844E-02  1.7279E-04 -8.2602E-03
  1.0853E+00  3.0211E-02  2.2624E-03 -5.6752E-03
  1.0925E+00  3.1605E-02  4.3747E-03 -3.0718E-03
  1.0998E+00  3.3026E-02  6.5099E-03 -4.5042E-04
  1.1072E+00  3.4475E-02  8.6678E-03  2.1885E-03
  1.1146E+00  3.5951E-02  1.0848E-02  4.8447E-03
  1.1220E+00  3.7456E-02  1.3052E-02  7.5178E-03
  1.1295E+00  3.8990E-02  1.5278E-02  1.0207E-02
  1.1371E+00  4.0553E-02  1.7526E-02  1.2913E-02
  1.1447E+00  4.2145E-02  1.9798E-02  1.5635E-02
  1.1523E+00  4.3768E-02  2.2092E-02  1.8373E-02
  1.1600E+00  4.5421E-02  2.4410E-02  2.1126E-02
  1.1677E+00  4.7106E-02  2.6750E-02  2.3895E-02
  1.1755E+00  4.8822E-02  2.9114E-02  2.6679E-02
  1.1834E+00  5.0570E-02  3.1501E-02  2.9478E-02
  1.1913E+00  5.2350E-02  3.3911E-02  3.2291E-02
  1.1993E+00  5.4164E-02  3.6346E-02  3.5120E-02
  1.2073E+00  5.6011E-02  3.8804E-02  3.7964E-02
  1.2153E+00  5.7892E-02  4.1287E-02  4.0822E-02
  1.2235E+00  5.9808E-02  4.3795E-02  4.3695E-02
  1.2316E+00  6.1759E-02  4.6327E-02  4.6583E-02
  1.2398E+00  6.3746E-02  4.8885E-02  4.9486E-02
  1.2481E+00  6.5769E-02  5.1468E-02  5.2405E-02
  1.2565E+00  6.7829E-02  5.4077E-02  5.5338E-02
  1.2649E+00  6.9927E-02  5.6713E-02  5.8287E-02
  1.2733E+00  7.2063E-02  5.9376E-02  6.1252E-02
  1.2818E+00  7.4237E-02  6.2066E-02  6.4233E-02
  1.2904E+00  7.6451E-02  6.4784E-02  6.7230E-02
  1.2990E+00  7.8705E-02  6.7530E-02  7.0244E-02
  1.3077E+00  8.1000E-02  7.0306E-02  7.3275E-02
  1.3164E+00  8.3337E-02  7.3111E-02  7.6323E-02
  1.3252E+00  8.5716E-02  7.5947E-02  7.9390E-02
  1.3340E+00  8.8137E-02  7.8814E-02  8.2476E-02
  1.3430E+00  9.0603E-02  8.1712E-02  8.5580E-02
  1.3519E+00  9.3113E-02  8.4643E-02  8.8705E-02
  1.3610E+00  9.5668E-02  8.7608E-02  9.1850E-02
  1.3700E+00  9.8270E-02  9.0607E-02  9.5017E-02
  1.3792E+00  1.0092E-01  9.3640E-02  9.8206E-02
  1.3884E+00  1.0362E-01  9.6710E-02  1.0142E-01
  1.3977E+00  1.0636E-01  9.9817E-02  1.0465E-01
  1.4070E+00  1.0916E-01  1.0296E-01  1.0791E-01
  1.4164E+00  1.1200E-01  1.0615E-01  1.1120E-01
  1.4259E+00  1.1490E-01  1.0937E-01  1.1452E-01
  1.4354E+00  1.1785E-01  1.1264E-01  1.1786E-01
  1.4450E+00  1.2086E-01  1.1594E-01  1.2123E-01
  1.4546E+00  1.2392E-01  1.1930E-01  1.2463E-01
  1.4644E+00  1.2704E-01  1.2269E-01  1.2807E-01
  1.4741E+00  1.3021E-01  1.2614E-01  1.3154E-01
  1.4840E+00  1.3344E-01  1.2963E-01  1.3504E-01
  1.4939E+00  1.3674E-01  1.3317E-01  1.3858E-01
  1.5039E+00  1.4009E-01  1.3676E-01  1.4216E-01
  1.5139E+00  1.4351E-01  1.4041E-01  1.4578E-01
  1.5240E+00  1.4700E-01  1.4410E-01  1.4945E-01
  1.5342E+00  1.5055E-01  1.4786E-01  1.5315E-01
  1.5445E+00  1.5416E-01  1.5167E-01  1.5691E-01
  1.5548E+00  1.5785E-01  1.5555E-01  1.6071E-01
  1.5652E+00  1.6161E-01  1.5948E-01  1.6456E-01
  1.5756E+00  1.6544E-01  1.6348E-01  1.6847E-01
  1.5861E+00  1.6935E-01  1.6754E-01  1.7243E-01
  1.5967E+00  1.7333E-01  1.7168E-01  1.7645E-01
  1.6074E+00  1.7740E-01  1.7588E-01  1.8053E-01
  1.6181E+00  1.8154E-01  1.8016E-01  1.8467E-01
  1.6289E+00  1.8577E-01  1.8451E-01  1.8888E-01
  1.6398E+00  1.9008E-01  1.8894E-01  1.9316E-01
  1.6508E+00  1.9449E-01  1.9346E-01  1.9751E-01
  1.6618E+00  1.9898E-01  1.9805E-01  2.0194E-01
  1.6729E+00  2.0357E-01  2.0274E-01  2.0645E-01
  1.6841E+00  2.0825E-01  2.0751E-01  2.1104E-01
  1.6953E+00  2.1304E-01  2.1238E-01  2.1571E-01
  1.7066E+00  2.1793E-01  2.1734E-01  2.2048E-01
  1.7180E+00  2.2292E-01  2.2241E-01  2.2534E-01
  1.7295E+00  2.2802E-01  2.2757E-01  2.3030E-01
  1.7411E+00  2.3324E-01  2.3285E-01  2.3537E-01
  1.7527E+00  2.3858E-01  2.3824E-01  2.4054E-01
  1.7644E+00  2.4403E-01  2.4374E-01  2.4583E-01
  1.7762E+00  2.4961E-01  2.4937E-01  2.5123E-01
  1.7881E+00  2.5532E-01  2.5512E-01  2.5675E-01
  1.8000E+00  2.6117E-01  2.6100E-01  2.6241E-01
  1.8120E+00  2.6715E-01  2.6702E-01  2.6820E-01
  1.8241E+00  2.7328E-01  2.7318E-01  2.7412E-01
  1.8363E+00  2.7956E-01  2.7948E-01  2.8020E-01
  1.8486E+00  2.8599E-01  2.8593E-01  2.8642E-01
  1.8609E+00  2.9258E-01  2.9254E-01  2.9281E-01
  1.8733E+00  2.9934E-01  2.9932E-01  2.9936E-01
  1.8859E+00  3.0627E-01  3.0627E-01  3.0608E-01
  1.8985E+00  3.1338E-01  3.1339E-01  3.1299E-01
  1.9111E+00  3.2068E-01  3.2070E-01  3.2008E-01
  1.9239E+00  3.2817E-01  3.2820E-01  3.2737E-01
  1.9367E+00  3.3587E-01  3.3590E-01  3.3487E-01
  1.9497E+00  3.4377E-01  3.4381E-01  3.4258E-01
  1.9627E+00  3.5190E-01  3.5194E-01  3.5051E-01
  1.9758E+00  3.6025E-01  3.6030E-01  3.5868E-01
  1.9890E+00  3.6884E-01  3.6889E-01  3.6709E-01
  2.0023E+00  3.7767E-01  3.7772E-01  3.7576E-01
  2.0157E+00  3.8677E-01  3.8682E-01  3.8469E-01
  2.0291E+00  3.9613E-01  3.9618E-01  3.9390E-01
  2.0427E+00  4.0577E-01  4.0582E-01  4.0340E-01
  2.0563E+00  4.1571E-01  4.1575E-01  4.1320E-01
  2.0701E+00  4.2595E-01  4.2599E-01  4.2332E-01
  2.0839E+00  4.3650E-01  4.3654E-01  4.3376E-01
  2.0978E+00  4.4739E-01  4.4743E-01  4.4455E-01
  2.1118E+00  4.5863E-01  4.5866E-01  4.5570E-01
  2.1259E+00  4.7023E-01  4.7026E-01  4.6722E-01
  2.1401E+00  4.8221E-01  4.8224E-01  4.7914E-01
  2.1544E+00  4.9458E-01  4.9461E-01  4.9146E-01
  2.1688E+00  5.0737E-01  5.0739E-01  5.0421E-01
  2.1833E+00  5.2059E-01  5.2061E-01  5.1741E-01
  2.1979E+00  5.3427E-01  5.3429E-01  5.3108E-01
  2.2126E+00  5.4842E-01  5.4844E-01  5.4523E-01
  2.2273E+00  5.6307E-01  5.6308E-01  5.5989E-01
  2.2422E+00  5.7823E-01  5.7825E-01  5.7508E-01
  2.2572E+00  5.9395E-01  5.9396E-01  5.9083E-01
  2.2723E+00  6.1023E-01  6.1024E-01  6.0717E-01
  2.2874E+00  6.2711E-01  6.2712E-01  6.2411E-01
  2.3027E+00  6.4462E-01  6.4462E-01  6.4169E-01
  2.3181E+00  6.6278E-01  6.6279E-01  6.5993E-01
  2.3336E+00  6.8164E-01  6.8164E-01  6.7888E-01
  2.3492E+00  7.0122E-01  7.0122E-01  6.9855E-01
  2.3649E+00  7.2155E-01  7.2155E-01  7.1899E-01
  2.3806E+00  7.4268E-01  7.4268E-01  7.4022E-01
  2.3965E+00  7.6464E-01  7.6464E-01  7.6230E-01
  2.4126E+00  7.8748E-01  7.8748E-01  7.8525E-01
  2.4287E+00  8.1123E-01  8.1123E-01  8.0912E-01
  2.4449E+00  8.3594E-01  8.3594E-01  8.3395E-01
  2.4612E+00  8.6165E-01  8.6165E-01  8.5980E-01
  2.4777E+00  8.8843E-01  8.8843E-01  8.8670E-01
  2.4942E+00  9.1631E-01  9.1631E-01  9.1471E-01
  2.5109E+00  9.4535E-01  9.4535E-01  9.4388E-01
  2.5276E+00  9.7561E-01  9.7561E-01  9.7428E-01
  2.5445E+00  1.0072E+00  1.0072E+00  1.0060E+00
  2.5615E+00  1.0400E+00  1.0400E+00  1.0390E+00
  2.5786E+00  1.0743E+00  1.0743E+00  1.0734E+00
  2.5958E+00  1.1101E+00  1.1101E+00  1.1093E+00
  2.6132E+00  1.1474E+00  1.1474E+00  1.1468E+00
  2.6306E+00  1.1864E+00  1.1864E+00  1.1859E+00
  2.6482E+00  1.2271E+00  1.2271E+00  1.2267E+00
  2.6659E+00  1.2696E+00  1.2696E+00  1.2693E+00
  2.6837E+00  1.3140E+00  1.3140E+00  1.3138E+00
  2.7016E+00  1.3603E+00  1.3603E+00  1.3603E+00
  2.7197E+00  1.4088E+00  1.4088E+00  1.4089E+00
  2.7378E+00  1.4595E+00  1.4595E+00  1.4598E+00
  2.7561E+00  1.5125E+00  1.5125E+00  1.5129E+00
  2.7745E+00  1.5679E+00  1.5679E+00  1.5685E+00
  2.7931E+00  1.6260E+00  1.6260E+00  1.6266E+00
  2.8117E+00  1.6867E+00  1.6867E+00  1.6875E+00
  2.8305E+00  1.7503E+00  1.7503E+00  1.7512E+00
  2.8494E+00  1.8168E+00  1.8168E+00  1.8180E+00
  2.8684E+00  1.8866E+00  1.8866E+00  1.8879E+00
  2.8876E+00  1.9597E+00  1.9597E+00  1.9611E+00
